"district","hour","cleduc1","cleduc2","cleduc3","cleduc4"
"001","4am",1.6668704,3.265349,27.16167,67.90611
"002","4am",2.5432118,13.648895,33.71369,50.0942
"003","4am",2.2736804,14.435022,28.9153,54.37599
"004","4am",1.6152719,14.470219,30.43161,53.48289
"005","4am",2.8875399,14.392621,20.88186,61.83798
"006","4am",4.8261187,23.166814,29.10106,42.906
"007","4am",6.0000326,37.228742,26.00732,30.76391
"008","4am",8.7851458,21.108795,31.63796,38.4681
"009","4am",5.0981542,16.668621,31.09731,47.13592
"010","4am",9.8764545,27.675113,17.87857,44.56986
"011","4am",6.1795451,25.234349,28.05438,40.53172
"012","4am",18.5862169,54.572475,12.72206,14.11925
"013","4am",2.1736562,24.884536,29.49478,43.44703
"014","4am",6.0837939,22.969828,40.55869,30.38769
"015","4am",14.1573322,43.858074,23.89152,18.09308
"016","4am",5.596561,23.554313,22.80156,48.04757
"017","4am",1.7224008,25.355006,37.26341,35.65919
"018","4am",2.6322663,19.686428,35.99075,41.69055
"019","4am",11.2756719,32.098886,24.97286,31.65259
"020","4am",3.911608,37.869428,32.32967,25.8893
"021","4am",10.5599437,33.600999,31.1086,24.73045
"022","4am",1.9996994,34.944652,33.26538,29.79026
"023","4am",3.4379363,31.746753,28.63446,36.18085
"024","4am",4.426878,14.52026,34.04941,47.00345
"025","4am",13.6433046,30.131197,32.69457,23.53093
"026","4am",2.7489435,32.348612,28.73022,36.17223
"027","4am",20.2199719,55.732157,13.99376,10.05411
"028","4am",2.2352495,41.110344,26.6272,30.02721
"029","4am",3.4954503,29.373616,30.17682,36.95411
"030","4am",5.7730408,22.528034,25.12635,46.57258
"031","4am",2.4010495,41.200287,24.90316,31.4955
"032","4am",2.1110973,30.173557,30.01716,37.69818
"033","4am",5.5839061,32.352795,29.77668,32.28662
"034","4am",3.115735,23.430964,27.90265,45.55065
"035","4am",0.6382212,37.481123,29.94918,31.93148
"036","4am",4.5077439,27.069272,22.23684,46.18614
"037","4am",1.2753188,34.561081,21.97128,42.19232
"038","4am",9.1735453,43.552847,31.41591,15.8577
"039","4am",6.5055952,27.63331,30.52834,35.33275
"040","4am",15.301817,25.663911,29.03425,30.00002
"041","4am",11.3737515,40.025395,28.29117,20.30969
"042","4am",6.5628498,48.73992,28.31837,16.37886
"043","4am",14.935162,27.843813,33.83173,23.3893
"044","4am",3.1125408,35.195783,30.7143,30.97738
"045","4am",6.0281411,29.559122,28.53331,35.87942
"046","4am",2.6708741,29.30177,28.86429,39.16307
"047","4am",3.3976712,14.974014,31.5604,50.06792
"048","4am",2.5850326,19.836255,19.1945,58.38422
"049","4am",4.9712712,43.896461,32.01653,19.11574
"050","4am",10.7681753,30.799044,39.29068,19.1421
"051","4am",5.4806677,37.775653,31.08308,25.6606
"052","4am",3.4751237,27.621584,30.75757,38.14572
"053","4am",11.9731948,39.97272,31.31668,16.73741
"054","4am",11.8616422,51.941243,24.19203,12.00509
"055","4am",3.6698397,34.11616,24.58463,37.62937
"056","4am",7.4544142,33.949363,31.88641,26.70981
"057","4am",10.9956906,42.963661,23.13175,22.90889
"058","4am",11.815937,26.684998,30.43289,31.06617
"059","4am",9.5521809,23.166135,31.75121,35.53047
"060","4am",5.8449514,34.693779,30.09783,29.36344
"061","4am",8.1470396,37.986359,33.15804,20.70856
"062","4am",3.6285505,34.547668,38.58702,23.23676
"063","4am",8.0392799,41.658548,26.56145,23.74073
"064","4am",9.823119,26.229712,33.88387,30.0633
"065","4am",8.7047459,32.980159,31.40278,26.91231
"066","4am",2.6528714,41.962973,28.70012,26.68404
"001","5am",1.66687,3.265349,27.16167,67.90611
"002","5am",2.476773,14.848036,32.83296,49.84223
"003","5am",2.27368,14.435022,28.9153,54.37599
"004","5am",1.624542,14.553269,30.60627,53.21592
"005","5am",2.933727,13.823068,20.41611,62.8271
"006","5am",4.797907,22.133236,31.02854,42.04032
"007","5am",5.726808,36.779469,26.02402,31.4697
"008","5am",8.925393,21.44578,31.33445,38.29437
"009","5am",5.131459,16.777511,31.30045,46.79058
"010","5am",9.876455,27.675113,17.87857,44.56986
"011","5am",6.263446,25.724151,26.93037,41.08203
"012","5am",18.357463,53.170863,14.5262,13.94547
"013","5am",2.165477,24.790895,29.76009,43.28354
"014","5am",5.970246,22.541119,41.6681,29.82054
"015","5am",14.230989,45.091941,22.48986,18.18721
"016","5am",5.527085,24.503316,22.5185,47.4511
"017","5am",1.760729,24.80659,36.97998,36.4527
"018","5am",2.588867,19.030137,37.37781,41.00319
"019","5am",11.233335,33.133444,24.87909,30.75413
"020","5am",3.952013,37.744123,32.14714,26.15672
"021","5am",10.667585,33.015847,31.33403,24.98254
"022","5am",1.999699,34.944652,33.26538,29.79026
"023","5am",3.473123,32.071672,27.90406,36.55115
"024","5am",4.330312,15.14069,34.55086,45.97814
"025","5am",13.520944,32.638906,31.29045,22.5497
"026","5am",3.463914,31.633641,28.73022,36.17223
"027","5am",20.707294,54.665256,14.33102,10.29643
"028","5am",2.256865,41.507893,25.86336,30.37188
"029","5am",3.428714,29.02931,31.29341,36.24857
"030","5am",5.771508,22.52205,25.72541,45.98103
"031","5am",2.392521,41.818415,24.40543,31.38363
"032","5am",2.116446,29.644405,30.44545,37.7937
"033","5am",5.543231,32.117126,30.28822,32.05143
"034","5am",3.158049,22.391089,28.28159,46.16927
"035","5am",2.062437,37.592525,29.20596,31.13907
"036","5am",4.535692,26.617101,22.37471,46.4725
"037","5am",1.260065,34.397656,21.70848,42.6338
"038","5am",9.064859,42.866163,32.39916,15.66982
"039","5am",6.543103,27.216081,30.70435,35.53646
"040","5am",15.480543,25.963668,28.20536,30.35042
"041","5am",11.316978,39.825602,28.14995,20.70747
"042","5am",6.635901,49.66414,28.01717,15.68279
"043","5am",15.371581,27.137704,34.11639,23.37433
"044","5am",3.213272,35.944193,28.86263,31.9799
"045","5am",6.028141,29.559122,28.53331,35.87942
"046","5am",2.652986,29.943546,28.5027,38.90077
"047","5am",3.429713,15.115228,31.85803,49.59703
"048","5am",2.617306,18.835419,19.43414,59.11314
"049","5am",4.918763,44.816924,31.35048,18.91383
"050","5am",10.90542,30.499072,39.20944,19.38607
"051","5am",5.445663,38.173073,30.88455,25.49671
"052","5am",3.430471,28.551589,30.36236,37.65558
"053","5am",12.215676,38.757048,31.9509,17.07637
"054","5am",11.953832,51.567728,24.38005,12.09839
"055","5am",3.66984,34.11616,24.58463,37.62937
"056","5am",7.427751,33.827934,32.13004,26.61428
"057","5am",10.619146,43.670413,23.51227,22.19817
"058","5am",11.815937,26.684998,30.43289,31.06617
"059","5am",9.618505,23.326986,31.41185,35.64265
"060","5am",5.983153,34.377182,29.58194,30.05773
"061","5am",7.275744,37.89734,33.3132,21.51372
"062","5am",3.628551,34.547668,38.58702,23.23676
"063","5am",8.098597,41.228082,26.75743,23.91589
"064","5am",9.823119,26.229712,33.88387,30.0633
"065","5am",8.59456,32.607571,32.22622,26.57165
"066","5am",2.609526,42.911236,28.23119,26.24805
"001","6am",0.6615622,3.838681,25.68394,69.81582
"002","6am",2.4427857,15.275551,33.30198,48.97968
"003","6am",2.2518507,15.422598,29.43027,52.89528
"004","6am",2.3447692,16.409813,28.9056,52.33982
"005","6am",2.9132371,14.324481,20.01371,62.74857
"006","6am",4.5974231,22.035065,32.88818,40.47934
"007","6am",5.4582458,37.654297,24.29609,32.59137
"008","6am",10.5201498,20.940021,29.28637,39.25346
"009","6am",5.250964,17.721242,28.74579,48.282
"010","6am",9.723364,28.606403,17.54074,44.1295
"011","6am",6.3773953,25.585719,26.81388,41.223
"012","6am",18.4419618,52.82964,13.27379,15.45461
"013","6am",2.1136624,25.678375,28.99886,43.2091
"014","6am",5.4321782,22.279207,41.47126,30.81736
"015","6am",12.904777,46.397189,22.33382,18.36422
"016","6am",5.7012428,20.087149,22.77579,51.43582
"017","6am",1.6011293,25.551637,36.10697,36.74027
"018","6am",2.2883007,21.884094,39.84078,35.98683
"019","6am",11.7018998,32.423744,23.60164,32.27271
"020","6am",4.1972081,37.325208,30.88284,27.59475
"021","6am",10.9357373,32.271604,31.83082,24.96184
"022","6am",2.0899696,32.65568,34.1193,31.13505
"023","6am",3.5395254,33.158616,29.34682,33.95504
"024","6am",4.0673765,16.220615,33.98884,45.72316
"025","6am",14.2200684,32.455582,34.51048,18.81387
"026","6am",3.9838461,30.6459,29.03941,36.33085
"027","6am",21.8860721,54.681131,14.10742,9.32538
"028","6am",2.3305816,42.806245,24.16323,30.69994
"029","6am",2.9159357,33.136532,30.50614,33.44139
"030","6am",5.2429919,25.258559,26.20451,43.29394
"031","6am",2.4765442,39.607585,27.00541,30.91046
"032","6am",2.0516381,32.070855,30.64578,35.23172
"033","6am",5.8426594,31.344825,30.68635,32.12616
"034","6am",2.5856826,23.32633,27.84252,46.24546
"035","6am",3.6227853,37.455752,27.29683,31.62463
"036","6am",4.7234855,27.048327,22.70489,45.52329
"037","6am",1.2468167,33.697949,24.02181,41.03342
"038","6am",8.9677158,43.22995,33.09379,14.70854
"039","6am",6.4914507,28.6242,30.46197,34.42238
"040","6am",15.7118702,26.039183,27.44499,30.80395
"041","6am",10.8722278,39.341058,29.70671,20.08
"042","6am",6.630022,49.25223,27.38169,16.73606
"043","6am",15.5689324,27.62911,33.87417,22.92779
"044","6am",3.17745,36.241414,27.0526,33.52853
"045","6am",6.1942376,29.726275,27.11647,36.96302
"046","6am",2.6534524,31.903714,26.34398,39.09885
"047","6am",3.5794805,16.544224,28.19375,51.68255
"048","6am",2.6664738,19.189251,18.52727,59.617
"049","6am",4.1614045,45.318728,32.25496,18.26491
"050","6am",9.9969027,31.255907,38.28711,20.46008
"051","6am",4.6108131,38.202248,30.53709,26.64985
"052","6am",3.6592793,24.997161,31.1764,40.16716
"053","6am",13.2151212,35.252743,34.46202,17.07012
"054","6am",12.3072262,49.889963,25.34675,12.45606
"055","6am",4.0330286,32.614383,23.82924,39.52334
"056","6am",7.5439052,35.775826,31.28644,25.39383
"057","6am",11.900899,41.848372,22.3721,23.87863
"058","6am",13.1272241,24.966907,33.00551,28.90036
"059","6am",10.8075789,22.133719,30.10207,36.95663
"060","6am",6.6930113,32.917378,31.13657,29.25304
"061","6am",8.1334286,36.782604,32.50813,22.57584
"062","6am",4.0398953,31.057606,41.45722,23.44528
"063","6am",8.7880601,39.794298,27.18936,24.22828
"064","6am",10.4951899,26.532222,30.85244,32.12014
"065","6am",8.9083282,32.866376,30.68357,27.54173
"066","6am",2.8035409,43.8568,26.71692,26.62274
"001","7am",0.6408677,7.242188,27.26346,64.85349
"002","7am",3.2230145,18.194149,32.60349,45.97935
"003","7am",2.1100727,17.028447,30.70346,50.15802
"004","7am",2.1609394,15.48917,33.22895,49.12094
"005","7am",3.8722948,17.31973,24.20791,54.60006
"006","7am",4.4898317,23.210747,34.87029,37.42913
"007","7am",6.0111843,39.379847,25.40304,29.20592
"008","7am",11.8229753,24.009598,31.71034,32.45709
"009","7am",6.0069198,18.662582,30.75127,44.57923
"010","7am",10.8319007,28.545748,18.46769,42.15466
"011","7am",6.8717023,30.250854,20.53091,42.34653
"012","7am",17.5576994,49.630156,14.64867,18.16347
"013","7am",2.1369179,26.13572,29.847,41.88036
"014","7am",7.7297825,25.493472,40.07658,26.70016
"015","7am",13.8770538,48.055761,19.05157,19.01561
"016","7am",5.2450185,22.4706,23.91646,48.36792
"017","7am",1.5411826,27.677219,34.9524,35.8292
"018","7am",3.0211567,26.893992,37.87986,32.20499
"019","7am",12.4182244,37.24474,20.85188,29.48516
"020","7am",4.8192201,34.973294,33.39138,26.8161
"021","7am",10.095456,34.142354,27.28843,28.47376
"022","7am",2.3099641,35.268772,32.35398,30.06728
"023","7am",3.4814874,27.632462,30.13891,38.74714
"024","7am",5.188967,19.111618,34.67734,41.02207
"025","7am",10.9688387,28.199346,37.68009,23.15173
"026","7am",3.7555723,30.481442,29.81674,35.94624
"027","7am",19.4167131,50.260939,16.68402,13.63833
"028","7am",1.7557087,37.904871,26.85803,33.48139
"029","7am",1.8769292,27.863637,32.8224,37.43703
"030","7am",4.5810129,24.139238,25.93759,45.34216
"031","7am",3.4925107,44.440347,24.26829,27.79885
"032","7am",2.1340055,35.812204,34.91266,27.14114
"033","7am",9.5738839,33.279623,26.94797,30.19852
"034","7am",2.8179739,24.099684,29.85532,43.22702
"035","7am",3.0188091,45.428331,24.9116,26.64126
"036","7am",5.9350747,29.925594,22.19061,41.94872
"037","7am",1.1964057,38.976709,22.14997,37.67692
"038","7am",7.525099,43.331528,32.47265,16.67072
"039","7am",7.7399073,31.243701,26.95166,34.06474
"040","7am",17.383545,24.329541,26.79313,31.49379
"041","7am",12.939613,38.304804,27.28825,21.46733
"042","7am",6.6503982,47.44515,30.0678,15.83665
"043","7am",15.1745245,34.545941,27.91925,22.36029
"044","7am",3.5595474,38.216793,25.97727,32.24639
"045","7am",7.7124965,34.59007,25.00653,32.6909
"046","7am",2.4274091,29.943135,27.62601,40.00344
"047","7am",3.7378267,15.08761,25.72916,55.4454
"048","7am",3.1277161,19.757929,21.64582,55.46853
"049","7am",3.8128762,48.316558,31.68539,16.18517
"050","7am",12.5988977,35.221348,34.03978,18.13997
"051","7am",5.340073,41.192282,25.72326,27.74439
"052","7am",4.3601649,28.668122,34.42859,32.54312
"053","7am",16.1957489,39.251525,27.35211,17.20062
"054","7am",12.6602483,49.210446,25.34858,12.78073
"055","7am",3.9689591,36.420688,20.9282,38.68215
"056","7am",8.2896314,37.873845,33.41477,20.42176
"057","7am",15.7951736,51.690207,14.75105,17.76357
"058","7am",16.3146353,27.143511,34.59478,21.94707
"059","7am",11.3543611,25.289662,33.5448,29.81118
"060","7am",6.4801601,34.130334,29.37646,30.01305
"061","7am",8.5002679,40.515101,31.10133,19.8833
"062","7am",6.0622988,35.288058,36.49732,22.15233
"063","7am",10.886952,43.174146,26.9157,19.0232
"064","7am",12.2924708,27.441326,30.1835,30.08271
"065","7am",11.3197492,34.071599,26.96758,27.64107
"066","7am",4.6578875,45.63211,28.06145,21.64855
"001","8am",2.133672,12.25544,28.58545,57.02544
"002","8am",3.554408,16.28413,35.8328,44.32866
"003","8am",1.689578,18.57459,36.73202,43.00381
"004","8am",1.643585,18.65323,34.33126,45.37192
"005","8am",4.041669,21.23164,25.4122,49.31449
"006","8am",5.443675,21.11242,38.72034,34.72356
"007","8am",6.190012,38.54814,27.80527,27.45658
"008","8am",11.824521,25.4776,30.99598,31.70189
"009","8am",5.847088,21.93523,29.03969,43.17799
"010","8am",12.097574,34.06743,20.10192,33.73308
"011","8am",8.77885,32.70408,22.51858,35.99849
"012","8am",17.18691,45.5592,12.46267,24.79122
"013","8am",2.893034,24.99481,32.63684,39.47531
"014","8am",6.891191,30.48828,35.81428,26.80625
"015","8am",12.84635,48.3706,19.51331,19.26974
"016","8am",4.62377,29.10988,28.64164,37.62471
"017","8am",4.309555,26.61949,29.06605,40.0049
"018","8am",2.868354,27.28825,37.68834,32.15506
"019","8am",12.098183,38.96475,24.14999,24.78708
"020","8am",5.449544,34.3237,36.35065,23.87611
"021","8am",9.942467,39.73535,30.75967,19.56251
"022","8am",1.963628,40.27424,35.40445,22.35768
"023","8am",2.891851,21.50332,29.03665,46.56818
"024","8am",3.940708,17.39956,34.46076,44.19897
"025","8am",7.140277,19.85284,39.90128,33.1056
"026","8am",4.182353,29.86066,28.3627,37.59429
"027","8am",15.65732,42.33705,21.7528,20.25282
"028","8am",1.561461,27.03752,28.28522,43.1158
"029","8am",1.231163,22.39327,29.35001,47.02556
"030","8am",3.108941,18.63008,23.19767,55.06331
"031","8am",4.240919,44.00308,23.89375,27.86225
"032","8am",2.878489,32.3621,36.38648,28.37292
"033","8am",14.873675,33.13891,29.3777,22.60971
"034","8am",2.640153,29.48304,28.30838,39.56842
"035","8am",3.129371,51.6946,24.34036,20.83567
"036","8am",7.358742,28.43303,24.51908,39.68915
"037","8am",1.290594,37.51159,26.36087,34.83694
"038","8am",6.403532,40.66147,29.87749,23.05752
"039","8am",8.737198,34.53931,28.61865,28.10484
"040","8am",21.326515,24.52672,31.74214,22.40463
"041","8am",13.204483,43.99886,23.21828,19.57838
"042","8am",7.046008,44.11441,30.64406,18.19552
"043","8am",15.307256,37.25515,26.12794,21.30965
"044","8am",2.826439,39.30259,35.14287,22.7281
"045","8am",11.034932,38.70984,20.64333,29.6119
"046","8am",1.668687,24.38495,32.83016,41.1162
"047","8am",4.23591,16.94711,24.69342,54.12357
"048","8am",4.207227,25.65072,22.19845,47.94361
"049","8am",4.435023,47.74209,30.31889,17.504
"050","8am",13.722519,36.74909,31.70799,17.82041
"051","8am",5.756459,44.56245,26.3816,23.29948
"052","8am",5.140871,31.25712,35.06392,28.53809
"053","8am",16.616848,42.32558,25.12071,15.93687
"054","8am",11.345226,48.6347,25.57358,14.44649
"055","8am",5.837372,49.25487,17.76575,27.14201
"056","8am",8.548668,42.89718,32.1483,16.40584
"057","8am",10.158036,53.60274,15.04503,21.19419
"058","8am",21.693888,34.84316,26.36175,17.1012
"059","8am",13.788233,28.66827,33.96153,23.58196
"060","8am",7.752886,39.05502,31.01863,22.17346
"061","8am",10.582756,45.90356,28.25782,15.25586
"062","8am",6.117428,36.59252,36.71584,20.57421
"063","8am",12.99697,47.7622,23.69304,15.5478
"064","8am",12.738179,27.60552,29.1405,30.5158
"065","8am",13.33471,36.90363,30.70702,19.05464
"066","8am",5.036762,47.34286,22.47364,25.14674
"001","9am",4.087849,16.73956,23.79931,55.37328
"002","9am",3.544819,15.14646,40.75408,40.55464
"003","9am",1.897201,18.80126,38.10191,41.19963
"004","9am",2.553582,20.77988,32.83399,43.83254
"005","9am",2.776317,24.76294,27.27483,45.18591
"006","9am",4.311058,23.63748,36.18016,35.87131
"007","9am",5.87914,40.25927,26.48731,27.37428
"008","9am",12.016759,26.45135,27.55979,33.9721
"009","9am",6.243828,24.85698,30.07266,38.82653
"010","9am",12.636689,30.79453,21.57703,34.99175
"011","9am",10.075107,34.24777,21.55037,34.12676
"012","9am",15.005806,42.61511,13.34916,29.02993
"013","9am",2.456113,23.47348,32.39286,41.67754
"014","9am",7.347933,28.00359,33.25477,31.39371
"015","9am",13.630339,46.89615,22.14421,17.3293
"016","9am",3.20691,35.07069,25.89935,35.82305
"017","9am",4.1585,28.49416,29.17725,38.1701
"018","9am",3.730181,23.49335,37.18113,35.59534
"019","9am",12.218362,39.52068,23.16125,25.09971
"020","9am",5.701193,33.84558,34.87264,25.58058
"021","9am",9.500511,38.56596,28.7212,23.21233
"022","9am",2.04141,38.85219,38.03652,21.06988
"023","9am",2.514061,19.04019,28.1062,50.33954
"024","9am",3.652816,16.57104,32.04589,47.73025
"025","9am",5.787935,18.53289,40.68758,34.99159
"026","9am",3.798641,31.35694,23.53535,41.30906
"027","9am",14.863024,40.74756,25.33542,19.054
"028","9am",1.107945,23.59758,28.22117,47.0733
"029","9am",1.848391,20.26895,26.67638,51.20627
"030","9am",3.287809,16.62793,24.71259,55.37167
"031","9am",3.832833,45.17543,25.93963,25.05211
"032","9am",1.260043,30.90084,35.49927,32.33985
"033","9am",15.106288,38.81224,30.37505,15.70642
"034","9am",1.455297,26.04243,30.26489,42.23738
"035","9am",3.184845,49.77067,22.8916,24.15288
"036","9am",7.302777,29.61693,27.08442,35.99588
"037","9am",2.306183,34.07405,29.37284,34.24693
"038","9am",6.596205,43.43612,26.81606,23.15162
"039","9am",11.002398,35.15745,23.54519,30.29496
"040","9am",21.319892,22.57236,34.3945,21.71325
"041","9am",13.545002,39.0335,25.81545,21.60605
"042","9am",7.34621,41.44681,32.13186,19.07512
"043","9am",17.430441,34.36936,25.20315,22.99704
"044","9am",4.513046,41.47822,29.42351,24.58523
"045","9am",12.053634,38.64714,23.17464,26.12459
"046","9am",1.526223,23.20615,32.25404,43.01359
"047","9am",4.565815,22.03889,19.89509,53.5002
"048","9am",4.287518,23.60011,28.43965,43.67273
"049","9am",5.550906,46.15759,29.39901,18.89249
"050","9am",12.646434,41.44763,29.50934,16.39659
"051","9am",4.001251,46.22101,28.52053,21.2572
"052","9am",5.434074,35.52825,31.05262,27.98505
"053","9am",17.62466,39.5718,26.33898,16.46456
"054","9am",12.436221,46.16243,26.01035,15.391
"055","9am",4.905803,49.00108,20.75378,25.33934
"056","9am",7.229014,43.11335,32.31055,17.34709
"057","9am",8.343628,55.93556,16.87744,18.84337
"058","9am",22.998416,35.40858,23.46345,18.12955
"059","9am",13.881647,31.58754,30.15512,24.37569
"060","9am",8.475448,34.26138,33.90953,23.35364
"061","9am",7.927783,48.10693,30.8709,13.09439
"062","9am",7.836942,36.5425,33.88137,21.73918
"063","9am",13.723253,47.29518,27.52472,11.45684
"064","9am",12.382227,26.57198,27.66498,33.38081
"065","9am",13.927951,36.89002,30.68312,18.49891
"066","9am",4.383237,48.10926,23.71601,23.79149
"001","10am",2.4633298,17.41793,25.95224,54.1665
"002","10am",3.4173759,16.30313,39.7741,40.5054
"003","10am",2.1212898,20.44848,36.89501,40.53523
"004","10am",4.7229841,23.19829,33.72961,38.34912
"005","10am",2.9063614,23.02547,28.38385,45.68431
"006","10am",4.7223865,23.47263,39.25579,32.54919
"007","10am",3.5333477,43.68849,25.59237,27.1858
"008","10am",12.3656142,25.17895,27.59392,34.86152
"009","10am",6.698968,29.12941,25.93009,38.24153
"010","10am",12.9291064,33.08333,22.56746,31.42011
"011","10am",7.5912683,33.66324,24.7594,33.98609
"012","10am",12.5825579,44.3548,15.18953,27.87312
"013","10am",1.9111464,25.32832,31.79807,40.96246
"014","10am",5.5828252,33.06933,28.27215,33.07569
"015","10am",13.0850182,48.78581,22.97098,15.15819
"016","10am",4.8593337,31.16421,26.09128,37.88518
"017","10am",3.5601769,30.09049,32.83696,33.51237
"018","10am",2.8127718,25.72772,36.42,35.0395
"019","10am",13.9032788,40.44108,20.84322,24.81242
"020","10am",5.8116636,32.54859,36.76287,24.87687
"021","10am",8.7106499,40.70273,26.18346,24.40316
"022","10am",2.1567072,41.08257,37.76707,18.99365
"023","10am",2.5186908,19.46637,27.70124,50.3137
"024","10am",3.057065,17.55787,31.36664,48.01843
"025","10am",6.0337967,19.15177,40.84448,33.96995
"026","10am",3.2211386,27.39691,27.17421,42.20774
"027","10am",15.9590202,38.76129,27.15466,18.12503
"028","10am",0.8604126,22.85046,28.58771,47.70142
"029","10am",1.700349,19.90158,27.19445,51.20362
"030","10am",3.2798293,16.12978,24.11602,56.47437
"031","10am",3.584416,45.23861,27.02606,24.15091
"032","10am",1.8665534,30.84084,33.22527,34.06734
"033","10am",13.9804274,32.66964,34.32695,19.02298
"034","10am",2.0633187,29.34864,30.24997,38.33806
"035","10am",3.689464,51.89922,22.88242,21.5289
"036","10am",7.8309182,30.80904,26.66853,34.69151
"037","10am",2.9654572,32.11171,30.1133,34.80954
"038","10am",6.7022384,48.27491,23.63803,21.38482
"039","10am",11.4929681,33.8713,25.6659,28.96983
"040","10am",21.6090773,26.65809,33.79714,17.93569
"041","10am",12.9681599,39.81514,25.06441,22.1523
"042","10am",6.1384934,39.84485,32.36385,21.65281
"043","10am",18.3012817,37.12126,21.49141,23.08605
"044","10am",4.2580388,39.54532,29.52213,26.67451
"045","10am",13.0453594,39.57116,25.08135,22.30213
"046","10am",2.7221886,22.56,29.08037,45.63745
"047","10am",3.9817124,20.84753,20.49389,54.67687
"048","10am",5.497476,26.12531,22.5071,45.87011
"049","10am",5.0012833,46.74413,28.98906,19.26552
"050","10am",15.0685011,41.14948,27.7067,16.07532
"051","10am",5.0230459,43.39065,28.99138,22.59492
"052","10am",4.9592199,29.41949,33.53647,32.08481
"053","10am",17.5591804,41.1263,25.69689,15.61762
"054","10am",11.33654,47.03022,24.07582,17.55742
"055","10am",6.7471962,52.90738,18.64114,21.70428
"056","10am",10.0979539,39.03313,32.28069,18.58822
"057","10am",10.8549567,49.91141,18.79273,20.44091
"058","10am",24.471202,38.69812,19.48585,17.34482
"059","10am",13.4340326,31.2525,30.72291,24.59055
"060","10am",10.6432425,36.55864,32.72477,20.07335
"061","10am",8.2458389,46.98183,31.19138,13.58095
"062","10am",7.9547731,34.94641,35.58631,21.51251
"063","10am",11.9143384,47.98261,26.14253,13.96052
"064","10am",12.7970149,28.57624,26.35283,32.27392
"065","10am",14.2445216,37.45324,29.38287,18.91938
"066","10am",6.0740126,47.33566,24.90767,21.68266
"001","11am",2.0827696,12.66533,26.54096,58.71094
"002","11am",3.6398711,14.32458,38.96694,43.0686
"003","11am",2.9885049,20.27457,35.10383,41.63309
"004","11am",2.4629976,21.75784,34.84737,40.9318
"005","11am",2.0017887,18.38326,28.43347,51.18148
"006","11am",5.5463056,20.60188,42.20018,31.65163
"007","11am",4.9735657,44.44858,26.92115,23.6567
"008","11am",10.8909508,24.88665,26.54967,37.67273
"009","11am",6.4014592,26.80919,28.35726,38.4321
"010","11am",13.1337764,32.73525,23.80048,30.33049
"011","11am",8.4525215,31.85075,22.8496,36.84714
"012","11am",15.4172248,39.56514,19.70276,25.31487
"013","11am",1.9531917,27.26462,31.23248,39.54971
"014","11am",7.2777787,34.2956,28.09204,30.33458
"015","11am",12.7373674,48.17511,25.26949,13.81804
"016","11am",4.7694375,33.29503,25.88889,36.04664
"017","11am",2.5566747,24.05691,31.50382,41.8826
"018","11am",3.9761921,26.84223,35.11735,34.06424
"019","11am",15.0337201,41.83736,20.97525,22.15367
"020","11am",5.8613909,36.63673,34.94545,22.55643
"021","11am",7.687826,35.98291,30.13834,26.19092
"022","11am",2.1007875,42.44981,36.89482,18.55458
"023","11am",2.5996009,19.72739,27.88094,49.79208
"024","11am",3.5124713,18.34338,30.12697,48.01717
"025","11am",6.5746076,19.50469,40.36435,33.55635
"026","11am",4.3544278,24.52801,26.50144,44.61612
"027","11am",17.6291259,42.00371,21.77413,18.59304
"028","11am",0.8854971,24.45647,29.1587,45.49933
"029","11am",1.4839043,19.02569,30.05522,49.43519
"030","11am",2.4471562,16.57617,24.56942,56.40724
"031","11am",3.5265751,42.67816,26.63132,27.16395
"032","11am",1.817997,33.85623,33.48333,30.84244
"033","11am",14.5546758,34.5015,32.73176,18.21207
"034","11am",0.7142741,31.2208,29.40856,38.65637
"035","11am",3.265478,52.13379,24.95305,19.64768
"036","11am",6.4397744,30.12654,31.05567,32.37802
"037","11am",1.1835389,35.34566,28.66454,34.80627
"038","11am",6.5577482,47.54187,22.44735,23.45303
"039","11am",10.8253033,33.76883,28.13192,27.27395
"040","11am",22.1117551,25.86953,33.10808,18.91064
"041","11am",13.3588198,39.76811,27.23397,19.63909
"042","11am",8.5828294,39.18998,33.1029,19.12429
"043","11am",18.8122518,35.69052,20.88292,24.61431
"044","11am",5.0951925,39.26257,27.82774,27.81449
"045","11am",12.4231552,40.95659,23.88509,22.73517
"046","11am",2.2921783,22.75953,31.06184,43.88645
"047","11am",4.0382849,18.78237,24.53189,52.64746
"048","11am",5.1301805,22.04466,17.01683,55.80833
"049","11am",5.7088968,43.81726,29.86997,20.60388
"050","11am",14.3848193,39.20785,28.10067,18.30666
"051","11am",6.8424586,43.78622,26.24748,23.12384
"052","11am",4.0913094,34.61929,33.04306,28.24634
"053","11am",18.5780616,39.66994,26.27647,15.47553
"054","11am",10.8218292,49.83922,22.25471,17.08423
"055","11am",5.8176937,53.17537,16.06437,24.94257
"056","11am",10.4836104,42.2213,31.19238,16.10271
"057","11am",12.7628413,47.70778,17.16248,22.36689
"058","11am",26.9073089,38.32995,20.18276,14.57999
"059","11am",13.0382743,27.44,28.75843,30.76329
"060","11am",12.9852277,39.00301,28.27471,19.73706
"061","11am",11.3917249,44.42302,31.05168,13.13357
"062","11am",6.5493809,35.71168,36.4132,21.32574
"063","11am",12.863739,45.62245,27.22454,14.28927
"064","11am",11.7993231,29.58004,24.65715,33.96349
"065","11am",13.5251546,39.38168,28.64164,18.45153
"066","11am",5.6526182,51.3126,22.13523,20.89955
"001","12am",1.329946,10.92493,25.06542,62.67971
"002","12am",2.7607298,15.13968,37.32008,44.7795
"003","12am",3.0913309,19.94555,36.57788,40.38523
"004","12am",1.5172471,18.42686,35.13055,44.92535
"005","12am",1.73183,19.90777,24.36302,53.99737
"006","12am",6.1157536,21.3077,38.69052,33.88602
"007","12am",6.5801086,40.98696,25.70451,26.72843
"008","12am",9.8936361,26.82377,24.0483,39.23429
"009","12am",6.1682222,23.3339,27.57643,42.92145
"010","12am",13.00269,33.05026,21.60789,32.33916
"011","12am",8.2445794,31.96476,23.82983,35.96083
"012","12am",17.7178239,39.57047,15.79237,26.91934
"013","12am",2.27418,28.55436,31.34848,37.82298
"014","12am",7.7179428,31.87544,30.47402,29.9326
"015","12am",10.9942487,49.51276,22.35204,17.14095
"016","12am",5.4360258,31.75396,26.69499,36.11502
"017","12am",2.7483444,27.36251,27.06467,42.82448
"018","12am",3.0472046,22.62188,40.15759,34.17333
"019","12am",15.3940612,38.30897,21.08412,25.21285
"020","12am",5.9694844,37.30659,36.90153,19.82239
"021","12am",9.0019371,33.6496,31.33224,26.01622
"022","12am",3.1524386,43.40979,37.09273,16.34504
"023","12am",2.4200144,21.28239,29.40232,46.89527
"024","12am",3.5513916,16.4045,30.66206,49.38205
"025","12am",8.0624308,22.21913,35.15441,34.56403
"026","12am",4.1618889,28.7459,27.80412,39.2881
"027","12am",17.9022585,44.22986,20.46237,17.4055
"028","12am",0.5728411,25.69324,29.58254,44.15139
"029","12am",1.4728432,19.77014,32.28735,46.46967
"030","12am",2.4411328,15.18515,25.48444,56.88928
"031","12am",3.6288364,43.44656,25.75594,27.16866
"032","12am",1.8552851,31.14788,38.02072,28.97611
"033","12am",14.1555254,31.96512,33.54727,20.33209
"034","12am",1.4069542,28.75274,29.45494,40.38537
"035","12am",3.268509,50.56518,21.91283,24.25348
"036","12am",6.0081874,31.47183,27.13194,35.38804
"037","12am",1.2517277,38.48756,24.4861,35.77462
"038","12am",6.3095427,41.228,26.85113,25.61133
"039","12am",8.5797494,33.88968,27.62197,29.9086
"040","12am",18.972383,28.86889,30.04762,22.1111
"041","12am",12.784456,42.14564,25.00511,20.06479
"042","12am",9.7873851,41.50367,33.96309,14.74585
"043","12am",17.0668809,35.39898,23.92477,23.60938
"044","12am",4.8280857,43.69399,25.67271,25.80522
"045","12am",11.7170821,43.75874,23.6017,20.92248
"046","12am",2.2901659,22.3641,29.58417,45.76157
"047","12am",4.1670368,17.44298,28.55208,49.83791
"048","12am",4.1116466,23.74092,22.52878,49.61866
"049","12am",5.7721606,42.72708,31.26753,20.23323
"050","12am",12.1233504,38.2315,32.80308,16.84207
"051","12am",8.9493114,42.54474,25.65541,22.85055
"052","12am",4.0981188,34.96378,34.6464,26.2917
"053","12am",18.8528718,39.14374,25.68805,16.31534
"054","12am",11.1445333,51.75937,22.73295,14.36314
"055","12am",5.0441154,49.21772,21.59198,24.14618
"056","12am",10.6131074,38.49931,35.22944,15.65815
"057","12am",12.2934888,50.49474,13.69886,23.51291
"058","12am",23.2921561,32.83887,26.80049,17.06848
"059","12am",13.5029995,28.53774,29.17427,28.78499
"060","12am",9.9325607,42.36055,26.11941,21.58748
"061","12am",11.5159713,41.81813,31.39035,15.27555
"062","12am",6.3760425,36.95867,35.00805,21.65724
"063","12am",13.0441789,43.4176,26.15593,17.38229
"064","12am",13.4418261,30.03011,23.25628,33.27178
"065","12am",14.1801478,40.06828,26.87368,18.87789
"066","12am",5.3976511,51.87294,22.97843,19.75098
"001","1pm",2.303385,13.18745,25.79437,58.7148
"002","1pm",2.989442,14.83244,41.32053,40.85759
"003","1pm",3.117613,19.85855,34.95044,42.0734
"004","1pm",1.906062,19.64025,35.40876,43.04493
"005","1pm",2.354421,22.06926,26.55989,49.01643
"006","1pm",6.21727,21.04468,38.66101,34.07703
"007","1pm",5.632765,41.18005,23.85863,29.32855
"008","1pm",7.983206,25.86544,25.63692,40.51442
"009","1pm",6.241247,25.88469,26.77327,41.10079
"010","1pm",13.478876,31.10461,23.40271,32.01381
"011","1pm",9.859912,31.54243,23.64504,34.95262
"012","1pm",16.746853,44.35168,13.1188,25.78267
"013","1pm",1.925043,30.08595,30.07778,37.91123
"014","1pm",7.526231,31.24671,32.08688,29.14018
"015","1pm",10.250397,47.51639,23.98364,18.24957
"016","1pm",6.278124,33.53892,26.33425,33.8487
"017","1pm",4.051618,26.0719,30.25617,39.62032
"018","1pm",4.227238,25.04979,37.25333,33.46964
"019","1pm",14.612376,34.67614,24.2563,26.45519
"020","1pm",6.386685,37.90554,33.5027,22.20508
"021","1pm",8.005348,32.89141,32.5321,26.57115
"022","1pm",3.374073,42.47644,37.09868,17.0508
"023","1pm",2.847544,19.20345,27.46096,50.48804
"024","1pm",4.085485,16.61756,29.86669,49.43026
"025","1pm",5.673941,24.99896,36.13131,33.19579
"026","1pm",3.977929,29.86787,29.46618,36.68802
"027","1pm",17.391984,42.96628,21.61309,18.02865
"028","1pm",1.071231,24.66136,27.8529,46.41451
"029","1pm",1.345939,19.29898,26.72455,52.63053
"030","1pm",2.547819,14.05895,26.87395,56.51928
"031","1pm",3.703651,43.37309,26.42535,26.49792
"032","1pm",1.789489,35.30577,35.35551,27.54923
"033","1pm",14.128885,34.44827,31.59777,19.82507
"034","1pm",1.417387,28.90512,28.59944,41.07806
"035","1pm",3.560285,52.95871,24.78693,18.69408
"036","1pm",7.240445,33.34248,27.65498,31.7621
"037","1pm",1.221363,36.88516,25.59455,36.29892
"038","1pm",6.8575,43.12859,25.77505,24.23887
"039","1pm",9.645054,35.51867,28.17863,26.65764
"040","1pm",21.231675,28.09989,28.13605,22.53239
"041","1pm",13.822381,39.31005,26.49602,20.37155
"042","1pm",8.206766,40.74816,33.10413,17.94094
"043","1pm",16.742718,34.93079,23.35468,24.97182
"044","1pm",4.099999,40.21056,30.70226,24.98717
"045","1pm",10.818181,42.31833,27.065,19.79849
"046","1pm",1.76567,24.75605,32.39874,41.07954
"047","1pm",4.420286,18.22991,25.3778,51.972
"048","1pm",4.156873,23.0564,23.98183,48.8049
"049","1pm",4.48183,43.84367,31.16409,20.51041
"050","1pm",15.285301,37.43272,30.88718,16.3948
"051","1pm",7.696295,43.76,28.44338,20.10032
"052","1pm",4.337687,38.23514,32.32485,25.10232
"053","1pm",17.564188,40.8864,23.71432,17.83509
"054","1pm",10.99918,50.74637,21.66501,16.58944
"055","1pm",5.362155,46.80538,21.9238,25.90867
"056","1pm",10.488058,38.02345,34.4905,16.99799
"057","1pm",12.531438,48.15355,17.38948,21.92553
"058","1pm",25.623421,32.11585,25.98786,16.27287
"059","1pm",13.899712,26.98899,25.46614,33.64516
"060","1pm",10.095327,42.52536,28.33935,19.03997
"061","1pm",11.520847,45.25649,27.04278,16.17988
"062","1pm",6.18296,37.59058,38.78839,17.43807
"063","1pm",12.424199,40.51771,32.88896,14.16913
"064","1pm",13.18431,29.78929,23.42549,33.60091
"065","1pm",13.938932,38.20355,25.20218,22.65533
"066","1pm",5.373367,50.90047,21.79708,21.92909
"001","2pm",2.0857101,17.13019,26.80794,53.97616
"002","2pm",2.7754265,17.01549,42.24237,37.96672
"003","2pm",2.5464438,18.29067,33.94597,45.21691
"004","2pm",2.5799383,19.45532,36.37776,41.58698
"005","2pm",3.0571415,19.306,31.85754,45.77932
"006","2pm",7.0159491,21.11722,36.2544,35.61244
"007","2pm",4.5267648,45.80183,25.28917,24.38223
"008","2pm",8.1742114,26.84328,25.95381,39.0287
"009","2pm",7.9680544,23.18326,27.37271,41.47598
"010","2pm",14.9313558,25.74128,26.68565,32.64171
"011","2pm",9.5421946,31.53276,23.07421,35.85084
"012","2pm",17.9432709,38.06771,12.01032,31.97869
"013","2pm",1.9670137,33.34226,27.36098,37.32975
"014","2pm",6.7688155,34.5296,24.60992,34.09167
"015","2pm",12.3703876,45.20633,26.04,16.38329
"016","2pm",4.9393837,28.52672,29.06231,37.47159
"017","2pm",4.7785654,26.03108,29.55138,39.63898
"018","2pm",3.0046819,23.66673,38.27359,35.055
"019","2pm",16.9553509,32.89127,24.257,25.89638
"020","2pm",4.8018059,37.92774,35.2153,22.05516
"021","2pm",7.7481223,40.00219,27.60207,24.64761
"022","2pm",2.1147077,41.47324,38.35368,18.05838
"023","2pm",2.7373071,19.32738,25.80798,52.12733
"024","2pm",3.3900022,20.21525,28.01851,48.37624
"025","2pm",4.3180476,23.18119,37.43184,35.06892
"026","2pm",2.5030959,30.23054,27.20481,40.06155
"027","2pm",18.4993743,44.4997,19.59574,17.40518
"028","2pm",1.2607932,23.61509,29.51614,45.60797
"029","2pm",1.1351883,17.9504,26.38834,54.52607
"030","2pm",3.1177043,14.92747,26.86989,55.08494
"031","2pm",4.0103723,39.93687,24.41851,31.63425
"032","2pm",2.6867199,33.82289,32.26302,31.22737
"033","2pm",12.6538778,35.45375,35.30632,16.58605
"034","2pm",0.7820143,28.1696,29.27699,41.77139
"035","2pm",4.8999862,52.54016,23.61111,18.94874
"036","2pm",6.0739232,29.76571,31.81678,32.34358
"037","2pm",1.5531371,35.56667,25.30843,37.57176
"038","2pm",6.4815099,42.82027,27.37312,23.3251
"039","2pm",10.3678227,28.14987,28.29195,33.19036
"040","2pm",22.2267415,28.22137,26.6438,22.90809
"041","2pm",12.9557992,42.69685,25.4357,18.91165
"042","2pm",6.9615429,42.05831,31.79584,19.18431
"043","2pm",19.0194077,30.83154,24.72532,25.42373
"044","2pm",3.3321001,40.54296,31.55788,24.56706
"045","2pm",11.3983849,43.72448,24.08418,20.79295
"046","2pm",2.338029,22.62609,31.63108,43.4048
"047","2pm",4.5525409,22.09277,22.5876,50.76709
"048","2pm",6.5085732,21.28998,25.16585,47.0356
"049","2pm",4.7297732,44.83107,28.10978,22.32938
"050","2pm",16.1305902,36.01936,28.46724,19.38281
"051","2pm",7.0398705,42.96288,29.05589,20.94137
"052","2pm",4.6378609,38.85272,35.54763,20.96179
"053","2pm",14.2165668,43.72521,23.47485,18.58337
"054","2pm",10.9796352,50.95563,23.26522,14.79951
"055","2pm",6.169222,50.11951,17.17233,26.53894
"056","2pm",13.2090294,37.05192,32.33578,17.40327
"057","2pm",10.247125,44.1706,23.39116,22.19111
"058","2pm",24.1739496,30.6361,27.06707,18.12287
"059","2pm",13.597919,23.8358,29.67512,32.89116
"060","2pm",8.1078909,45.70483,25.88206,20.30522
"061","2pm",11.0490411,43.64992,29.28729,16.01374
"062","2pm",6.4776837,35.37815,40.83372,17.31044
"063","2pm",13.5064031,35.33654,35.75373,15.40333
"064","2pm",12.6181583,27.35891,25.69718,34.32575
"065","2pm",11.9580584,38.52976,25.78882,23.72336
"066","2pm",5.8603216,47.14161,26.65836,20.33971
"001","3pm",1.129254,14.00174,27.92792,56.94109
"002","3pm",2.698506,17.79392,42.18621,37.32136
"003","3pm",2.594423,16.84852,36.14324,44.41381
"004","3pm",2.88593,18.62002,33.88366,44.6104
"005","3pm",2.967557,22.29811,30.63241,44.10192
"006","3pm",6.633651,22.15067,35.73215,35.48353
"007","3pm",4.674586,44.63711,28.62322,22.06508
"008","3pm",10.609614,24.86011,23.5699,40.96038
"009","3pm",6.654723,25.30811,25.72809,42.30908
"010","3pm",13.61598,25.72189,24.40361,36.25852
"011","3pm",10.790349,33.91367,23.26481,32.03117
"012","3pm",18.914393,35.4458,11.75353,33.88628
"013","3pm",2.119625,33.65901,29.86224,34.35912
"014","3pm",6.787239,35.58111,25.64588,31.98577
"015","3pm",11.036986,46.28788,23.99443,18.6807
"016","3pm",3.747889,28.7115,24.93936,42.60126
"017","3pm",5.119749,29.83763,28.64439,36.39823
"018","3pm",2.656167,22.87587,35.45937,39.00858
"019","3pm",16.25733,33.81544,24.17328,25.75395
"020","3pm",5.717369,36.02079,33.00082,25.26102
"021","3pm",7.090646,40.81611,27.14735,24.9459
"022","3pm",1.155975,44.08261,35.33987,19.42155
"023","3pm",1.731139,21.854,24.89778,51.51708
"024","3pm",3.622147,19.7198,27.27282,49.38523
"025","3pm",5.200689,22.83207,37.25389,34.71336
"026","3pm",2.28999,30.29773,29.69079,37.72149
"027","3pm",17.51677,42.16487,20.7256,19.59276
"028","3pm",1.910243,22.91856,29.73364,45.43756
"029","3pm",1.32188,16.4284,27.53277,54.71695
"030","3pm",3.350129,14.2825,25.24172,57.12566
"031","3pm",4.028008,37.83923,27.04172,31.09104
"032","3pm",3.630399,29.76717,32.39449,34.20794
"033","3pm",13.291308,36.17949,34.2201,16.3091
"034","3pm",1.488579,29.38328,26.4452,42.68295
"035","3pm",2.710211,51.57898,24.07081,21.64
"036","3pm",6.339853,31.74982,28.38368,33.52665
"037","3pm",2.710171,37.77854,25.4657,34.0456
"038","3pm",6.057012,44.01999,27.50227,22.42073
"039","3pm",8.042671,32.18416,28.55688,31.21629
"040","3pm",20.254972,29.3301,28.49772,21.91721
"041","3pm",12.926163,43.17074,23.60903,20.29406
"042","3pm",6.000056,42.64885,33.87945,17.47164
"043","3pm",19.27406,39.19211,21.44324,20.0906
"044","3pm",3.659764,37.51946,31.58644,27.23433
"045","3pm",10.973414,42.6061,25.7203,20.70019
"046","3pm",1.904727,21.49302,32.5011,44.10116
"047","3pm",4.789833,20.06334,27.95392,47.19292
"048","3pm",4.881273,21.5211,26.06511,47.53251
"049","3pm",5.825494,43.90002,27.71359,22.5609
"050","3pm",16.071687,30.86754,33.20816,19.85261
"051","3pm",5.982627,42.13647,32.15836,19.72254
"052","3pm",4.663456,38.87051,38.22645,18.23959
"053","3pm",14.767697,42.67184,23.56268,18.99779
"054","3pm",10.41737,51.81571,23.01263,14.75429
"055","3pm",7.880606,44.38782,18.75934,28.97223
"056","3pm",9.924795,45.13119,31.59894,13.34508
"057","3pm",11.371747,46.57969,24.75333,17.29523
"058","3pm",21.719609,34.20583,24.69671,19.37785
"059","3pm",13.317802,20.03074,32.70153,33.94992
"060","3pm",8.456045,40.97038,27.2246,23.34898
"061","3pm",9.143344,46.927,28.37987,15.54979
"062","3pm",7.427243,33.85105,41.04529,17.67642
"063","3pm",11.125497,46.79427,28.45472,13.62552
"064","3pm",12.469265,27.47533,24.2285,35.82691
"065","3pm",12.612891,35.44068,29.33395,22.61248
"066","3pm",5.830976,46.86205,24.66011,22.64686
"001","4pm",1.4194368,14.95668,24.473109,59.15078
"002","4pm",2.2221797,15.50141,41.011689,41.26472
"003","4pm",4.2487513,13.9682,35.009845,46.7732
"004","4pm",1.6087738,16.45166,33.656381,48.28319
"005","4pm",3.3359808,23.75945,30.432923,42.47165
"006","4pm",7.1576563,24.96702,34.555616,33.31971
"007","4pm",6.1360228,43.19617,25.355881,25.31193
"008","4pm",8.3183139,22.63257,28.037297,41.01182
"009","4pm",7.0440564,28.14094,23.902117,40.91289
"010","4pm",13.3293706,29.86718,26.403803,30.39964
"011","4pm",9.5396586,31.06164,26.26017,33.13853
"012","4pm",17.9185256,41.18691,7.747505,33.14706
"013","4pm",2.25308,31.69597,31.837078,34.21388
"014","4pm",7.0392327,34.69268,25.164237,33.10385
"015","4pm",12.988942,41.4196,22.835938,22.75552
"016","4pm",4.9786402,34.50493,23.348664,37.16776
"017","4pm",5.3524795,30.84096,26.071585,37.73498
"018","4pm",0.6905209,22.09065,34.549945,42.66888
"019","4pm",17.7764838,35.33918,21.768251,25.11609
"020","4pm",5.2260059,37.55402,31.222791,25.99719
"021","4pm",8.7694509,40.23554,27.927554,23.06746
"022","4pm",3.6680218,42.17197,33.664025,20.49599
