"district","hour","cs1","cs2","cs3","cs4","cs5"
"001","4am",2.935428,5.151431,10.2335,28.209204,53.470435
"002","4am",3.9071811,8.014758,16.69818,41.249333,30.130548
"003","4am",1.3016031,3.960711,19.42125,34.660682,40.655752
"004","4am",7.2895055,5.273137,16.89811,26.87637,43.66288
"005","4am",5.4511048,8.472331,11.27555,22.936911,51.864108
"006","4am",4.4198152,12.970656,18.51463,31.954252,32.140644
"007","4am",3.5390719,17.355366,33.9588,24.930718,20.216041
"008","4am",3.5103912,10.734185,30.8553,27.111266,27.788862
"009","4am",0.767552,11.901255,21.35929,27.357891,38.614016
"010","4am",4.3690739,14.917749,34.81351,16.846272,29.053393
"011","4am",4.3004039,7.015154,30.40126,28.590199,29.692979
"012","4am",14.3619647,23.338983,43.1355,16.28757,2.87598
"013","4am",5.5844908,7.051028,27.93913,32.406003,27.019349
"014","4am",7.9271442,7.702771,26.09536,31.041382,27.233341
"015","4am",5.5259276,22.767304,40.97937,22.059399,8.667996
"016","4am",0.9370109,13.312939,20.90945,31.649938,33.190665
"017","4am",1.8427475,19.074645,26.36659,32.926668,19.789348
"018","4am",3.000828,14.387207,23.32978,37.291239,21.990948
"019","4am",6.8299658,19.526273,32.10113,24.274629,17.268007
"020","4am",3.869952,16.390587,38.59724,24.891584,16.250636
"021","4am",7.3737581,18.974195,25.8536,21.493561,26.304887
"022","4am",5.1683611,12.329413,31.11189,24.536703,26.853638
"023","4am",1.1492118,8.058615,36.26816,24.397891,30.126125
"024","4am",3.2727475,4.376103,23.24909,28.735984,40.366079
"025","4am",7.2507668,19.549711,32.09427,25.142545,15.962708
"026","4am",5.8516847,8.597543,19.54711,38.003958,27.999705
"027","4am",19.3979171,35.273456,34.35279,7.899288,3.076552
"028","4am",4.3082363,21.407302,28.78031,27.137677,18.366479
"029","4am",3.1699294,16.709105,21.14546,26.869372,32.106133
"030","4am",2.1418412,9.440403,31.03459,27.716395,29.666771
"031","4am",5.8819999,4.996393,35.12795,25.681696,28.311962
"032","4am",5.2264594,11.17633,32.77539,22.017434,28.804391
"033","4am",5.0137466,6.884254,23.75883,28.525914,35.817258
"034","4am",3.1277119,4.868529,26.94528,21.86748,43.191002
"035","4am",5.3354437,10.088656,25.32512,31.636983,27.613793
"036","4am",2.5122778,9.368611,24.72687,34.307897,29.084344
"037","4am",3.0566065,12.872496,19.42572,24.710542,39.934635
"038","4am",7.6938906,21.317056,32.77063,24.850004,13.368417
"039","4am",2.3532538,6.384312,31.82522,28.49514,30.942077
"040","4am",3.3703154,10.601125,28.93899,32.342026,24.747544
"041","4am",7.2324503,18.105283,26.43776,28.230727,19.993781
"042","4am",7.3802193,22.488937,23.85909,27.511513,18.760241
"043","4am",2.60927,14.583917,29.93365,38.098166,14.774993
"044","4am",2.6516015,11.030662,31.46286,28.147127,26.707747
"045","4am",4.1828713,6.65809,22.20982,34.881154,32.068069
"046","4am",3.4592545,10.940399,23.06098,26.626291,35.913077
"047","4am",6.6671776,6.700323,20.46038,29.510187,36.661931
"048","4am",3.7728173,1.408881,11.37868,35.853868,47.585752
"049","4am",2.0711739,16.601699,31.97137,34.249896,15.105865
"050","4am",2.3242802,14.809989,26.41835,40.542507,15.904872
"051","4am",2.1811948,15.770123,24.4141,33.219658,24.414928
"052","4am",2.883814,3.47043,28.98513,27.194617,37.466004
"053","4am",3.9391609,16.843294,20.50539,39.87329,18.838864
"054","4am",1.5140272,14.689808,40.28446,28.928665,14.583041
"055","4am",2.1758613,10.272344,22.71923,36.408022,28.424547
"056","4am",2.9681233,10.104121,27.20303,30.670867,29.053857
"057","4am",1.5937481,13.894368,29.42367,30.903853,24.184362
"058","4am",0.6321791,10.401053,23.62697,31.606486,33.733317
"059","4am",0.8107434,7.229666,30.9199,28.329528,32.710167
"060","4am",3.2754596,17.343317,21.94258,32.169296,25.269343
"061","4am",3.0705947,16.721345,26.74655,39.880813,13.580693
"062","4am",4.6210816,10.767621,36.61526,28.53626,19.459775
"063","4am",4.0612037,6.44672,24.91181,35.339192,29.241075
"064","4am",5.0671517,10.91055,26.97437,34.499314,22.54861
"065","4am",4.518291,13.964058,36.9029,25.592788,19.021969
"066","4am",4.8153092,10.371803,26.60582,41.814372,16.392701
"001","5am",2.935428,5.151431,10.2335,28.209204,53.470435
"002","5am",3.8055269,7.806236,18.86547,40.176138,29.346633
"003","5am",1.3016031,3.960711,19.42125,34.660682,40.655752
"004","5am",7.3313426,5.303401,16.99509,26.456688,43.913477
"005","5am",5.5390001,8.608942,10.65114,22.500537,52.700381
"006","5am",4.3939986,11.348656,21.15124,31.767603,31.338506
"007","5am",3.6197378,16.699364,34.15663,24.847442,20.676825
"008","5am",3.5668767,9.763398,30.8862,27.547512,28.236011
"009","5am",0.7726161,11.979778,21.50021,27.538394,38.209002
"010","5am",4.3690739,14.917749,34.81351,16.846272,29.053393
"011","5am",4.3587916,7.1104,28.916,28.978376,30.636435
"012","5am",14.1795243,23.042507,41.83415,18.104368,2.839447
"013","5am",5.5633235,7.024302,28.21227,32.283172,26.916936
"014","5am",7.7803354,7.560117,25.61208,32.318479,26.728986
"015","5am",5.5551913,23.121404,41.19639,21.413117,8.713899
"016","5am",0.9255312,13.149838,21.87841,31.262184,32.784035
"017","5am",1.8845101,19.506938,25.83098,32.539731,20.237839
"018","5am",2.9516464,13.910636,22.94742,38.559769,21.63053
"019","5am",6.8044612,20.602141,31.20589,24.183982,17.203524
"020","5am",3.9096586,16.045746,38.48025,25.146977,16.417372
"021","5am",7.4489212,17.982477,26.28293,21.712652,26.573021
"022","5am",5.1683611,12.329413,31.11189,24.536703,26.853638
"023","5am",1.16092,7.121911,36.63766,24.646458,30.433052
"024","5am",3.2006917,5.535539,23.68312,28.103307,39.477343
"025","5am",7.1857238,21.801008,31.03601,24.93836,15.038899
"026","5am",5.8516847,8.597543,19.54711,38.003958,27.999705
"027","5am",19.8654271,36.123583,32.77062,8.089669,3.1507
"028","5am",4.349759,21.839133,27.53367,27.733943,18.543495
"029","5am",3.1094076,17.549281,20.23375,26.356369,32.751192
"030","5am",2.1412723,9.437896,31.05291,27.709034,29.658892
"031","5am",5.8611072,4.978646,35.00318,25.945673,28.211399
"032","5am",5.2397014,12.0862,31.37127,22.425454,28.877372
"033","5am",4.9772247,6.758055,24.39025,28.318121,35.556352
"034","5am",3.1707739,4.935558,25.93947,22.168549,43.78565
"035","5am",5.2022113,10.884779,26.1418,30.846969,26.924243
"036","5am",2.527779,9.426417,24.26242,34.519582,29.263799
"037","5am",3.0200465,14.544659,19.19337,23.784948,39.456978
"038","5am",7.602735,21.695764,32.24033,25.251138,13.210031
"039","5am",2.3668214,5.844573,32.0087,28.659428,31.120473
"040","5am",3.409681,11.210676,28.35463,31.988414,25.036597
"041","5am",7.1953735,18.012467,26.81487,28.086003,19.891284
"042","5am",7.4630299,22.504668,23.24135,27.820209,18.970743
"043","5am",2.6855152,14.122332,28.77399,39.211429,15.206732
"044","5am",2.7374156,12.505317,31.14373,27.549752,26.063789
"045","5am",4.1828713,6.65809,22.20982,34.881154,32.068069
"046","5am",3.4356139,10.865632,23.58678,26.444326,35.667646
"047","5am",6.7300533,6.763512,20.65334,29.788487,36.064613
"048","5am",3.8199205,1.426471,11.52074,36.3015,46.931366
"049","5am",2.0493826,17.80575,32.0471,33.150839,14.946933
"050","5am",2.3539041,14.306231,26.17304,41.059237,16.107586
"051","5am",2.1672637,15.669401,24.89685,33.007488,24.258993
"052","5am",2.8467593,3.425838,29.64603,27.096776,36.984597
"053","5am",4.0179892,15.992584,20.91573,40.671212,18.402482
"054","5am",1.5256117,14.802206,39.82755,29.150012,14.694623
"055","5am",2.1758613,10.272344,22.71923,36.408022,28.424547
"056","5am",2.9575069,10.067981,27.46341,30.561164,28.949938
"057","5am",1.6195598,13.570593,29.9002,31.404359,23.505285
"058","5am",0.6321791,10.401053,23.62697,31.606486,33.733317
"059","5am",0.8164044,6.463742,30.57282,28.527338,33.619692
"060","5am",3.3529065,15.388934,22.46141,32.929926,25.866826
"061","5am",3.190306,16.371605,25.46088,40.867053,14.110155
"062","5am",4.6210816,10.767621,36.61526,28.53626,19.459775
"063","5am",4.0911689,6.494286,25.09562,34.8621,29.456827
"064","5am",5.0671517,10.91055,26.97437,34.499314,22.54861
"065","5am",4.4610976,15.053116,36.43577,25.26883,18.781185
"066","5am",4.7366322,10.117557,27.58507,41.435876,16.124862
"001","6am",3.0017662,2.612718,12.17591,28.584359,53.625252
"002","6am",3.7535161,9.166473,17.76943,41.203239,28.107345
"003","6am",1.2891456,3.278231,18.99372,36.172266,40.26664
"004","6am",7.2106467,5.398576,17.99429,25.203989,44.192496
"005","6am",5.5000044,7.747794,10.57615,23.308031,52.868017
"006","6am",4.2105281,13.576758,22.12434,30.058401,30.029974
"007","6am",3.8879699,14.436796,35.99667,23.744218,21.934343
"008","6am",3.7133594,9.345807,31.90655,25.557684,29.4766
"009","6am",0.7907931,12.144966,21.36398,26.186505,39.513758
"010","6am",4.3013508,15.986077,34.27388,17.535766,27.902923
"011","6am",4.4380897,8.165629,27.90976,28.899148,30.587372
"012","6am",14.2468983,21.638041,43.67661,17.585514,2.852938
"013","6am",5.429263,6.688066,29.14108,31.908117,26.833477
"014","6am",8.0383353,6.803519,26.46139,31.081421,27.615333
"015","6am",5.6102321,20.784469,42.64751,22.157549,8.800236
"016","6am",0.9543004,12.4203,20.17869,32.749187,33.697522
"017","6am",1.7108293,16.633675,27.66122,34.851073,19.143204
"018","6am",2.6107618,14.472102,23.09926,38.868226,20.949649
"019","6am",7.2988392,20.743788,29.22625,25.941068,16.790057
"020","6am",4.1803072,16.438255,38.43959,24.18332,16.758524
"021","6am",7.6361659,16.483344,27.33274,21.880074,26.667677
"022","6am",5.4031431,10.260282,31.20048,25.062586,28.073512
"023","6am",1.1830125,7.162404,37.29144,25.115484,29.247659
"024","6am",3.004645,5.209068,25.02889,29.025312,37.732086
"025","6am",6.3189239,20.222895,29.69637,30.594815,13.166999
"026","6am",5.8003397,9.623694,18.67077,37.67602,28.229174
"027","6am",20.6698849,36.369573,32.83002,6.852236,3.278289
"028","6am",4.4913467,20.17277,27.00595,28.636702,19.693234
"029","6am",2.6443833,17.266435,22.21088,28.064028,29.814276
"030","6am",1.9451891,11.155439,29.01337,27.285316,30.600682
"031","6am",6.066944,6.103107,35.42662,25.279888,27.123443
"032","6am",5.0792557,15.379655,29.72677,22.542016,27.272305
"033","6am",5.2460792,6.464056,25.1132,27.950793,35.225874
"034","6am",3.15651,3.661281,27.80578,22.902376,42.474053
"035","6am",5.2202073,12.529206,26.898,30.346253,25.006331
"036","6am",2.6451733,9.003728,24.14733,35.234214,28.969555
"037","6am",2.9882943,15.553511,18.36817,22.688572,40.401458
"038","6am",7.5212605,22.010301,31.61486,26.382038,12.471539
"039","6am",2.3481373,5.798435,31.75602,30.056153,30.041253
"040","6am",3.4606321,10.289714,30.29666,31.133199,24.819798
"041","6am",7.426791,18.75743,27.02181,27.739542,19.054424
"042","6am",8.3446113,22.23776,22.03374,27.751812,19.632074
"043","6am",2.98296,14.759668,27.93286,38.259314,16.065202
"044","6am",2.7068982,11.730414,32.58843,27.201032,25.773222
"045","6am",4.2981242,7.473562,22.17447,33.905661,32.148183
"046","6am",3.4362304,13.248555,20.68058,25.800717,36.833919
"047","6am",7.0239381,7.082108,20.92557,31.42855,33.539839
"048","6am",3.8916795,1.453268,11.73717,35.711498,47.20639
"049","6am",1.9627296,21.157298,28.88121,32.13497,15.863795
"050","6am",1.899846,13.524842,28.13185,40.187797,16.255661
"051","6am",2.405989,12.969539,24.81781,35.208588,24.598079
"052","6am",2.4368002,1.810928,30.41229,26.488393,38.851589
"053","6am",4.3989773,15.196929,23.49767,37.4607,19.44572
"054","6am",1.5699936,16.117048,38.98265,29.105115,14.225194
"055","6am",2.3911974,8.849899,22.5286,37.197434,29.032872
"056","6am",3.0037559,9.065646,29.92719,29.402442,28.600968
"057","6am",1.8116623,12.25255,32.24902,32.949966,20.736798
"058","6am",0.7029051,8.423146,25.56736,33.458265,31.848323
"059","6am",0.9179701,4.716008,30.70135,29.607366,34.057308
"060","6am",3.7507049,14.036002,22.7666,35.53346,23.913233
"061","6am",3.567532,14.887847,27.83561,40.709014,12.999994
"062","6am",5.1449431,9.580859,38.18706,28.634588,18.452553
"063","6am",4.4394651,7.047168,23.63864,35.556811,29.31792
"064","6am",5.4138324,11.027029,26.11666,34.213221,23.229259
"065","6am",4.6239626,15.241138,36.99071,23.677339,19.466845
"066","6am",5.0887942,10.949801,28.68895,39.525552,15.746904
"001","7am",2.9069094,2.530155,20.65104,28.02779,45.884107
"002","7am",3.2511052,10.297979,16.9898,36.98578,32.475336
"003","7am",1.2082191,4.286625,23.28249,31.42946,39.79321
"004","7am",6.7948858,3.628089,21.83185,27.44631,40.298866
"005","7am",5.9045565,8.075832,14.77235,22.33228,48.914981
"006","7am",4.1120623,14.269336,25.72256,28.11828,27.777764
"007","7am",4.2788009,14.835851,36.87114,27.30441,16.709802
"008","7am",4.1327141,11.779071,36.27179,22.98852,24.827903
"009","7am",1.4169654,12.106251,23.98595,28.18586,34.304979
"010","7am",4.7917372,16.35652,34.23877,16.71501,27.897967
"011","7am",4.7820826,8.79854,30.86932,27.23432,28.315733
"012","7am",15.2763255,17.134701,44.77496,19.75494,3.059081
"013","7am",5.9126876,6.038575,31.25445,31.72074,25.073543
"014","7am",7.981892,9.157795,27.21876,26.43759,29.203962
"015","7am",6.0411335,20.633148,41.56647,22.2831,9.47615
"016","7am",0.9837218,12.930122,23.22059,30.32783,32.537738
"017","7am",1.6457432,12.201753,30.53353,37.76043,17.858545
"018","7am",2.4908902,15.965189,19.04462,40.16707,22.332226
"019","7am",8.1746737,20.930055,30.8267,24.43721,15.631362
"020","7am",4.7998146,17.035287,35.87366,25.7092,16.582032
"021","7am",6.8373034,14.932606,27.1592,22.93277,28.138113
"022","7am",5.9758591,9.207934,34.50848,24.30586,26.001863
"023","7am",0.9223209,6.701034,30.30234,25.32783,36.746477
"024","7am",3.2902596,7.944322,29.74184,23.33553,35.688046
"025","7am",4.115809,16.953565,23.5621,40.50705,14.861467
"026","7am",6.331292,13.11582,18.87538,36.51468,25.162834
"027","7am",20.1561262,31.286106,31.03073,10.00952,7.51751
"028","7am",2.8715684,17.276893,21.85922,32.72493,25.267389
"029","7am",1.7021363,13.697759,18.84004,28.50573,37.25433
"030","7am",2.0640508,11.846194,22.79169,30.14318,33.154887
"031","7am",6.9045878,6.809079,36.60427,25.89526,23.786805
"032","7am",5.1357613,15.721878,31.94838,19.36869,27.825299
"033","7am",5.4685462,9.623858,25.36087,30.08833,29.458397
"034","7am",3.4443241,5.186085,28.62464,24.88291,37.86204
"035","7am",6.1501745,14.205754,27.38959,33.55559,18.698896
"036","7am",2.6906211,9.849956,21.18643,38.33405,27.938945
"037","7am",2.8674724,18.085207,16.16056,26.22459,36.662179
"038","7am",7.2757528,20.523375,32.72907,26.39072,13.081078
"039","7am",2.7368,5.960665,31.33626,28.8322,31.134078
"040","7am",3.8288283,11.646626,30.35801,30.64796,23.518581
"041","7am",7.1793403,21.710683,29.46913,20.10335,21.537489
"042","7am",9.6745528,23.813126,21.28061,28.58972,16.641989
"043","7am",1.4779143,17.522372,30.81458,38.67837,11.506763
"044","7am",3.0324104,11.470185,34.31317,27.19419,23.990035
"045","7am",4.8452909,8.628036,22.91687,35.78792,27.82188
"046","7am",3.1380553,10.007523,23.6003,27.36085,35.893274
"047","7am",7.3346574,5.689202,19.0057,30.50471,37.465737
"048","7am",4.564856,1.704651,15.63647,33.61113,44.48289
"049","7am",1.9561434,22.474763,29.10305,29.69781,16.76823
"050","7am",2.2548506,15.548832,31.35529,37.30213,13.538902
"051","7am",3.1687488,11.781489,26.50225,37.49035,21.057157
"052","7am",2.9035363,4.418114,30.47872,31.22406,30.975564
"053","7am",5.3911523,18.092628,22.46642,35.14831,18.901492
"054","7am",1.606864,17.84013,39.0819,26.18352,15.28758
"055","7am",2.8373203,9.684508,23.89441,40.60281,22.980949
"056","7am",3.3006816,10.223216,29.15139,31.62747,25.697238
"057","7am",2.3909492,13.918833,33.93201,35.73549,14.022714
"058","7am",0.875301,10.489024,28.12504,31.17287,29.337759
"059","7am",1.1817457,6.071137,36.96899,30.93935,24.838772
"060","7am",4.4438924,14.985554,22.47329,38.03162,20.065645
"061","7am",4.1844015,15.003735,29.97833,38.03403,12.799502
"062","7am",5.9338288,12.252664,37.68111,30.65809,13.474304
"063","7am",5.4997625,7.738398,28.60354,33.87003,24.288269
"064","7am",6.3409407,10.896004,27.96429,34.73166,20.06711
"065","7am",5.4562199,14.466645,39.16943,21.73169,19.176014
"066","7am",5.6837426,11.014604,28.11384,40.09918,15.088638
"001","8am",2.369614,2.894191,26.30153,25.82037,42.614296
"002","8am",2.3156789,9.433811,23.91936,29.92556,34.405591
"003","8am",0.9680133,4.477217,25.33855,30.48996,38.726254
"004","8am",5.8502483,2.095341,25.24718,23.77753,43.029693
"005","8am",6.0904115,8.330031,21.19578,27.00366,37.380113
"006","8am",3.435579,13.170557,27.98762,32.71938,22.686859
"007","8am",5.4327279,15.273706,35.20473,26.97952,17.109314
"008","8am",4.3544158,9.88753,39.90416,28.76277,17.091126
"009","8am",0.9884543,12.783719,26.57706,28.70695,30.943818
"010","8am",5.3516367,16.347942,34.81794,19.95259,23.529889
"011","8am",5.566065,10.240987,35.17529,27.48965,21.528012
"012","8am",13.9646819,15.663495,38.94121,23.41456,8.016057
"013","8am",6.2104052,5.751377,31.3132,32.2343,24.490719
"014","8am",7.8617246,8.703392,27.5699,27.29776,28.567221
"015","8am",6.365681,22.589771,37.75592,22.36285,10.92578
"016","8am",1.2902798,16.526328,29.84264,26.64673,25.694025
"017","8am",1.2386152,15.343678,25.89476,31.88689,25.636059
"018","8am",4.1075466,15.016297,17.20229,43.44123,20.232641
"019","8am",9.061876,23.573644,31.86069,24.14822,11.35557
"020","8am",4.7154095,18.730079,33.21302,25.62294,17.718546
"021","8am",7.7579163,13.747772,33.01869,24.17343,21.302195
"022","8am",7.2076448,11.105937,33.3452,28.46519,19.876027
"023","8am",0.7205326,6.156607,23.88046,26.97094,42.27146
"024","8am",3.0563205,5.379539,27.89978,27.07817,36.586195
"025","8am",3.1644442,11.948105,22.92204,34.80541,27.160001
"026","8am",7.0927363,11.149768,18.51786,31.44505,31.794584
"027","8am",16.3551443,24.671266,24.47766,20.48147,14.014455
"028","8am",2.2701152,10.945029,20.13608,26.49058,40.158197
"029","8am",1.2429327,10.212427,14.96427,24.59275,48.987623
"030","8am",1.1642238,9.322452,18.68053,26.03571,44.797089
"031","8am",7.185059,7.783066,38.26981,27.38755,19.374512
"032","8am",4.5012061,14.032645,28.32438,25.19015,27.951617
"033","8am",5.1670468,9.093262,30.94525,34.59327,20.201165
"034","8am",2.677112,9.470706,29.06263,24.91,33.879547
"035","8am",6.3771507,17.725538,28.48093,32.42063,14.995747
"036","8am",4.0655196,12.929186,24.07264,35.50456,23.428088
"037","8am",3.0932183,15.702446,18.45113,28.40053,34.352679
"038","8am",5.506365,17.138676,34.44381,27.19057,15.720573
"039","8am",3.0894381,6.7287,33.74776,28.7182,27.715909
"040","8am",6.3667538,15.482786,31.2188,31.3646,15.567059
"041","8am",7.330734,22.873578,32.36766,23.36037,14.067658
"042","8am",8.8731846,21.935167,20.89061,31.40123,16.899803
"043","8am",2.8155925,16.895916,33.51923,34.97102,11.798243
"044","8am",2.2486006,13.106683,33.03469,31.03841,20.571613
"045","8am",5.8793658,12.739328,29.9849,29.92703,21.46937
"046","8am",2.8991052,9.373011,23.80935,27.59191,36.326623
"047","8am",7.1059696,6.572816,17.3329,38.75521,30.233106
"048","8am",6.1403858,2.293001,18.35282,33.7932,39.420594
"049","8am",2.3393476,22.589034,28.7294,29.92064,16.421584
"050","8am",2.4559473,18.32138,31.3984,39.74565,8.078619
"051","8am",3.4158281,11.737969,29.93561,38.13216,16.778435
"052","8am",3.4234268,6.097528,34.14903,35.74468,20.58534
"053","8am",4.730355,18.665643,24.20979,34.71067,17.68354
"054","8am",1.7133145,16.385826,38.92848,27.3605,15.61188
"055","8am",4.1730068,13.042668,29.63089,44.60259,8.550849
"056","8am",4.1415556,11.716183,33.01656,31.19172,19.933988
"057","8am",0.9340329,12.630673,38.30877,31.17031,16.956218
"058","8am",1.333485,15.979595,20.6356,38.87443,23.176887
"059","8am",1.4375708,7.385421,41.00144,33.73401,16.441555
"060","8am",5.3166886,18.643784,23.87797,38.88005,13.281511
"061","8am",4.0312068,17.808401,30.43713,35.85004,11.873223
"062","8am",5.9678452,11.957642,37.4817,33.43289,11.159917
"063","8am",6.5656804,9.23819,27.9529,35.775,20.468224
"064","8am",7.4339207,11.726108,27.67085,33.68037,19.488753
"065","8am",6.4274492,14.620487,42.37681,22.67601,13.899239
"066","8am",5.5191627,14.737823,25.97548,40.59556,13.17197
"001","9am",1.8935819,7.451489,28.69546,23.16755,38.791914
"002","9am",2.4894493,7.670819,27.37535,31.69698,30.767401
"003","9am",0.9273886,4.728522,26.75159,32.73795,34.854556
"004","9am",5.5093874,2.720344,28.10843,22.50587,41.155969
"005","9am",5.6403024,7.923277,26.40854,26.58573,33.442149
"006","9am",3.4554463,11.225991,30.37562,29.08852,25.854428
"007","9am",5.0594974,16.832935,29.85343,28.02878,20.225362
"008","9am",4.1780441,8.457278,38.67481,27.62824,21.061623
"009","9am",1.0564383,14.486252,27.18224,30.82972,26.445348
"010","9am",5.3365689,17.226958,32.81293,22.22113,22.402411
"011","9am",6.5064466,8.938045,36.65964,25.68848,22.207388
"012","9am",14.4153434,16.812774,30.91455,24.3221,13.535235
"013","9am",6.1790712,6.002296,27.87163,33.35392,26.593086
"014","9am",9.7646181,7.057425,27.40281,28.23316,27.541988
"015","9am",7.792013,21.3217,39.78924,22.2118,8.885242
"016","9am",3.4777926,18.850341,26.17234,29.33087,22.168652
"017","9am",2.9749675,14.153316,26.00805,28.00211,28.861557
"018","9am",4.957527,14.936576,15.70246,44.33708,20.06636
"019","9am",8.6875593,22.824459,31.23129,23.61825,13.638445
"020","9am",4.9331576,20.66145,34.49965,25.66174,14.243999
"021","9am",7.8453895,14.781746,32.06271,26.9036,18.406552
"022","9am",7.4931509,13.163802,32.203,29.18863,17.951416
"023","9am",0.6266343,4.54586,21.62021,25.81564,47.391662
"024","9am",2.5962066,4.98329,25.46615,26.98272,39.971638
"025","9am",3.2902713,12.08811,20.63475,35.65383,28.333032
"026","9am",7.6550493,12.481307,17.95201,27.25054,34.66109
"027","9am",14.225293,23.975313,27.23754,21.67286,12.888995
"028","9am",1.6263964,9.020215,18.6799,23.88149,46.792003
"029","9am",1.1153271,9.701307,14.11164,24.85698,50.214744
"030","9am",1.0243108,8.01439,18.78665,24.61617,47.55848
"031","9am",6.5463563,7.177017,39.01273,26.86884,20.395054
"032","9am",4.0639383,11.315298,27.1375,24.91552,32.567743
"033","9am",3.5519452,12.085868,33.28414,34.26312,16.81493
"034","9am",3.0642951,8.876032,27.77094,28.56807,31.720659
"035","9am",6.4407491,17.46483,26.6436,35.60016,13.850661
"036","9am",5.1229895,13.890906,24.87745,34.15153,21.957125
"037","9am",2.9573956,14.395992,18.36215,28.88966,35.394802
"038","9am",5.6720439,19.229644,33.8423,26.50011,14.755898
"039","9am",3.0991066,9.804633,31.68824,28.72353,26.684495
"040","9am",6.3647766,14.000982,33.40158,32.38933,13.843339
"041","9am",7.895897,21.86523,32.6107,22.34984,15.278339
"042","9am",9.255009,20.803778,21.7827,31.60768,16.55083
"043","9am",2.1453876,17.176372,34.1781,32.12809,14.372046
"044","9am",2.2547236,12.244733,34.75251,31.17716,19.570872
"045","9am",6.4221262,12.948189,30.48147,35.33691,14.811302
"046","9am",2.6487181,8.895972,23.00686,27.23794,38.21051
"047","9am",8.3627892,9.060271,15.73161,40.26204,26.583296
"048","9am",4.8961877,1.361382,20.93805,33.3525,39.451885
"049","9am",3.4663523,24.504631,27.58133,29.51537,14.932315
"050","9am",2.5458362,16.493802,33.92891,35.78916,11.242283
"051","9am",2.757522,11.251383,31.99023,38.60868,15.392181
"052","9am",3.6186776,7.713824,36.06275,33.89134,18.713414
"053","9am",5.017251,16.934653,23.22036,39.92848,14.899255
"054","9am",1.5053399,17.937303,38.07273,27.19786,15.286763
"055","9am",4.4153991,13.800262,30.14171,43.10379,8.538841
"056","9am",3.824934,14.602287,28.9002,32.70667,19.965905
"057","9am",0.9914676,12.415879,39.45586,32.76358,14.373212
"058","9am",1.4149815,16.956195,20.60612,39.83528,21.187427
"059","9am",0,8.159215,45.23847,32.51743,14.08488
"060","9am",4.8023316,16.873665,26.10337,36.61684,15.603792
"061","9am",3.8803425,17.1798,30.87753,36.37959,11.682737
"062","9am",4.6353108,13.721537,35.31272,33.97824,12.352188
"063","9am",7.6274948,7.088281,29.72228,34.95523,20.606716
"064","9am",8.1405849,11.569847,28.30174,32.93938,19.048451
"065","9am",5.8856962,15.270931,40.08225,24.51253,14.248593
"066","9am",6.8933007,17.433712,24.67585,36.46795,14.529184
"001","10am",4.085374,10.738542,25.78793,23.93129,35.456862
"002","10am",3.0464272,8.581039,27.0611,32.02545,29.28599
"003","10am",0.9313576,3.842,27.42469,32.39053,35.411426
"004","10am",5.7516995,5.285613,28.39325,23.15068,37.418753
"005","10am",4.9926297,4.804831,27.74603,29.90102,32.555489
"006","10am",4.3545313,12.077757,30.80592,29.1638,23.597999
"007","10am",4.5421194,18.127193,32.71965,26.62302,17.988021
"008","10am",1.5614073,8.036418,38.1222,28.4671,23.812879
"009","10am",2.2668314,15.480868,29.92206,30.96011,21.370133
"010","10am",5.7898863,17.802785,35.67751,18.64846,22.081366
"011","10am",5.4470411,7.804895,37.66788,26.21548,22.864713
"012","10am",13.6620032,19.706335,30.7293,23.14291,12.759454
"013","10am",5.3725728,5.050507,31.9747,31.88551,25.716712
"014","10am",7.82565,6.95555,28.54464,28.05636,28.617803
"015","10am",7.913207,23.002636,41.17057,20.48266,7.430923
"016","10am",4.5677213,16.710364,26.28542,28.87522,23.561276
"017","10am",2.0705099,14.225224,24.72064,35.45144,23.532182
"018","10am",3.1361622,15.912726,15.65904,39.48148,25.810594
"019","10am",10.7106185,22.901018,28.79832,23.94412,13.645927
"020","10am",4.8681723,18.0634,33.93312,27.3337,15.80161
"021","10am",8.6313492,14.070895,33.1035,24.82002,19.374229
"022","10am",8.4385399,14.801158,32.09036,27.86135,16.808587
"023","10am",0.6277854,5.186886,22.72977,25.36926,46.086297
"024","10am",2.7887265,6.151956,24.23653,26.57504,40.247754
"025","10am",4.5275759,12.925438,19.9367,34.45197,28.158311
"026","10am",7.249879,12.291809,14.48162,28.06641,37.910279
"027","10am",13.8035747,25.185638,26.95335,22.21425,11.843184
"028","10am",1.3635567,8.134714,18.23333,24.44553,47.822864
"029","10am",1.1296291,9.396817,13.80093,25.04459,50.628032
"030","10am",1.2894424,7.620171,19.31432,23.94014,47.835923
"031","10am",7.0862817,8.04208,38.20896,28.70699,17.955685
"032","10am",4.0723923,12.556922,26.73279,26.91755,29.720352
"033","10am",4.2717188,8.63365,31.00189,35.69087,20.401872
"034","10am",2.7552876,8.761762,27.81917,31.26165,29.402134
"035","10am",6.6948809,17.560776,28.0557,34.05404,13.634611
"036","10am",3.7398845,14.880155,29.07096,31.78521,20.523791
"037","10am",2.9698297,15.106097,17.70022,28.94376,35.280098
"038","10am",6.2757609,19.783621,33.77498,25.01729,15.148354
"039","10am",3.0312461,9.003281,32.53763,31.0685,24.359348
"040","10am",5.516934,15.687923,34.74714,30.51891,13.529087
"041","10am",7.973219,20.138147,32.53567,24.37749,14.975472
"042","10am",8.117971,19.561824,21.57529,32.0666,18.678315
"043","10am",2.3762926,17.417913,29.99063,40.39744,9.817724
"044","10am",2.1273219,11.371606,32.87787,30.41498,23.20822
"045","10am",6.9505131,12.966754,31.24666,32.01194,16.824137
"046","10am",2.1660662,9.565358,21.41835,32.20336,34.646867
"047","10am",7.813229,7.901195,13.64601,38.4727,32.166866
"048","10am",4.532345,1.74557,24.11825,32.61036,36.993471
"049","10am",3.4040223,22.320921,26.67888,29.77778,17.818397
"050","10am",2.8243564,19.402126,33.49604,35.99364,8.283839
"051","10am",4.5868872,12.729459,29.986,35.61015,17.087502
"052","10am",6.5364883,6.42442,33.1667,34.18815,19.684244
"053","10am",6.3971646,17.53617,25.9693,33.37815,16.719222
"054","10am",1.261106,17.762908,37.56376,27.20741,16.204814
"055","10am",4.8234201,15.075525,32.07473,43.12574,4.900583
"056","10am",3.792505,11.552462,31.63205,31.86655,21.156429
"057","10am",0.9973358,13.486701,34.84148,31.36276,19.311721
"058","10am",1.6133566,16.130275,19.74356,43.39861,19.114198
"059","10am",0,7.750985,44.71779,30.70469,16.826531
"060","10am",4.9280715,17.806087,26.78684,37.44885,13.030157
"061","10am",4.0385775,16.683027,29.29556,39.02104,10.961801
"062","10am",5.4167358,11.075729,36.31694,34.02599,13.164606
"063","10am",7.487305,6.958002,30.52632,39.24005,15.788318
"064","10am",4.6863959,11.077085,28.31867,36.64403,19.273819
"065","10am",6.0194729,16.231565,40.99328,22.18323,14.572451
"066","10am",5.4451696,15.99697,30.76176,38.12806,9.668045
"001","11am",5.4916427,4.404088,27.40218,21.99036,40.71173
"002","11am",2.3117955,6.461088,28.49648,32.70777,30.022875
"003","11am",0.9455209,4.934599,26.13609,31.90964,36.074153
"004","11am",5.9294487,4.208853,27.83577,23.82949,38.196438
"005","11am",5.3731543,5.800176,21.82462,28.91633,38.08572
"006","11am",4.447669,13.915787,30.44269,26.80348,24.390376
"007","11am",4.2253383,17.800274,34.61476,25.74316,17.616468
"008","11am",2.7140711,9.51385,36.40441,27.80331,23.564358
"009","11am",1.083482,15.296276,27.74439,28.22218,27.653672
"010","11am",5.4495015,15.172714,36.34733,19.41836,23.61209
"011","11am",5.9868822,9.379148,35.76372,25.96738,22.902871
"012","11am",14.3219898,16.192197,32.47812,20.2243,16.783392
"013","11am",5.0143683,4.483419,33.48667,31.36947,25.646069
"014","11am",7.557542,7.633093,28.37746,30.13398,26.297931
"015","11am",7.1825793,24.364872,40.13869,19.21365,9.100212
"016","11am",4.4832198,20.144026,24.46452,28.51884,22.389396
"017","11am",2.2424122,9.527742,27.69519,32.79033,27.74433
"018","11am",4.2885941,15.946877,16.64977,38.91019,24.204574
"019","11am",10.2419367,20.566522,29.49126,27.96732,11.732963
"020","11am",4.9132123,19.221018,32.23752,29.02865,14.599608
"021","11am",9.4473166,13.132285,29.6124,26.19519,21.612809
"022","11am",7.3795225,14.17765,33.05979,27.00787,18.375166
"023","11am",0.647901,5.020893,23.69983,24.53762,46.093752
"024","11am",2.7215564,6.003778,24.7644,27.2697,39.240567
"025","11am",3.2285963,13.874555,20.67094,32.76009,29.465822
"026","11am",6.6945389,12.251871,12.79392,30.92013,37.339537
"027","11am",14.654842,26.896341,26.94753,19.51593,11.985353
"028","11am",1.1082973,9.38247,19.86306,25.31407,44.332105
"029","11am",1.1986856,9.866284,13.54372,23.93087,51.460441
"030","11am",1.4503537,7.390797,18.99019,25.74789,46.420764
"031","11am",6.971932,6.94516,38.46697,28.78529,18.830647
"032","11am",3.0593732,13.077346,28.74014,28.6793,26.443841
"033","11am",4.2685603,10.574535,31.2792,35.25662,18.621092
"034","11am",3.4759641,8.657756,29.871,25.60137,32.39391
"035","11am",6.6567365,20.398444,28.32044,30.34527,14.279109
"036","11am",3.7177982,14.372965,27.33909,34.68339,19.886759
"037","11am",2.2448645,16.101968,21.62476,27.68665,32.34175
"038","11am",6.3324414,19.57364,32.71038,24.60821,16.775331
"039","11am",3.1189441,10.278743,26.47425,33.95367,26.174394
"040","11am",4.8702445,16.052861,35.78215,29.14498,14.149765
"041","11am",7.3314767,21.741348,30.10946,26.1985,14.619214
"042","11am",8.5174253,21.685227,22.53671,31.22216,16.038476
"043","11am",2.2856144,18.08091,32.41853,37.77186,9.443085
"044","11am",2.9451878,11.710675,32.24094,27.11718,25.986024
"045","11am",6.6190053,12.348299,29.93268,35.07832,16.021703
"046","11am",1.8125287,8.483245,23.39457,32.54683,33.762827
"047","11am",7.9242401,8.526362,15.63791,38.89408,29.017406
"048","11am",7.4874234,2.796024,16.18618,34.93238,38.597986
"049","11am",2.37429,22.829066,25.87277,31.70007,17.223801
"050","11am",2.5744807,17.752914,31.16922,38.74327,9.760112
"051","11am",4.4586874,13.003928,30.10277,32.58986,19.844751
"052","11am",3.2708778,6.36298,34.27178,36.59837,19.495993
"053","11am",4.9442567,19.194355,28.21445,30.63556,17.011378
"054","11am",2.0895247,16.735569,39.17791,25.32122,16.675774
"055","11am",4.1589394,12.998701,33.02269,40.56273,9.256939
"056","11am",3.4480459,11.661976,33.90399,32.3009,18.685086
"057","11am",1.0525044,15.198865,32.14935,32.15799,19.441288
"058","11am",1.6600846,18.233262,17.02348,43.15952,19.923656
"059","11am",1.4638329,6.510923,39.38534,32.08127,20.558639
"060","11am",5.8644581,18.526728,22.43625,40.3607,12.811862
"061","11am",5.060699,20.753819,28.22796,35.36256,10.594964
"062","11am",4.695634,9.543584,37.58844,35.12932,13.043017
"063","11am",7.1497699,7.933782,27.79795,38.95758,18.160916
"064","11am",6.9169587,11.018388,29.34255,33.34112,19.380986
"065","11am",5.7154817,15.41185,40.29151,25.35866,13.222503
"066","11am",7.5439376,16.717306,25.72882,39.65907,10.350864
"001","12am",4.151063,3.339762,24.37097,25.19225,42.945957
"002","12am",2.3132542,6.380258,25.83279,32.08147,33.392226
"003","12am",0.9780537,5.613983,26.66783,30.92752,35.812612
"004","12am",5.9796468,2.892086,25.94964,28.1361,37.042528
"005","12am",6.1762577,7.409895,19.6594,29.67122,37.083223
"006","12am",4.9074517,13.888453,29.35961,28.94705,22.897437
"007","12am",4.5330744,17.108354,34.67702,24.27537,19.406179
"008","12am",4.4156832,10.066923,35.25418,25.32367,24.939538
"009","12am",3.5317492,12.60959,27.57215,29.02078,27.265737
"010","12am",5.7149777,14.880689,31.21457,19.1792,29.010564
"011","12am",5.227321,9.617733,35.92643,26.90775,22.32076
"012","12am",14.4337171,16.803906,32.98053,18.81438,16.967466
"013","12am",4.9450213,6.032048,34.30118,30.50718,24.214573
"014","12am",7.1332143,8.094747,28.01852,31.95649,24.797021
"015","12am",5.8272909,24.416179,37.267,19.788,12.701528
"016","12am",2.5428466,19.265287,27.0514,32.04716,19.093311
"017","12am",2.4164753,10.436982,27.74073,30.24362,29.162193
"018","12am",2.0358739,14.255807,17.97539,40.78655,24.946384
"019","12am",9.8347341,18.606436,32.04412,25.59619,13.918527
"020","12am",5.9454471,18.023323,33.31217,26.56646,16.152604
"021","12am",7.230935,13.460286,31.31503,30.0393,17.954444
"022","12am",5.860192,15.373904,33.92642,25.68755,19.151939
"023","12am",0.7164394,5.370148,25.00401,24.98861,43.92079
"024","12am",2.7619886,5.455591,25.87516,27.90462,38.002632
"025","12am",3.6053644,14.120868,22.49316,29.70687,30.073735
"026","12am",6.3985278,9.117368,13.06215,35.87503,35.546925
"027","12am",16.3808829,26.796709,27.65863,17.8062,11.357572
"028","12am",1.8796631,9.905823,21.0234,27.10244,40.088673
"029","12am",1.3356817,11.29125,13.80673,24.10372,49.462618
"030","12am",1.4467854,7.864611,17.9527,25.41522,47.320686
"031","12am",7.1043851,7.055722,38.55749,27.65224,19.630161
"032","12am",2.1745526,12.629506,29.88904,27.81307,27.493836
"033","12am",4.0238177,9.380861,27.09426,35.72894,23.772119
"034","12am",3.4063096,6.808871,28.35675,30.26051,31.167554
"035","12am",6.6629648,15.637681,27.21105,33.21666,17.271639
"036","12am",3.0565696,12.954308,28.19204,33.67922,22.117859
"037","12am",2.3742009,17.208187,23.66711,24.71325,32.037256
"038","12am",5.4255444,17.695381,31.18141,25.75196,19.945701
"039","12am",5.3595104,6.12864,30.21646,31.06346,27.231931
"040","12am",4.1787793,13.773715,36.61263,32.17456,13.260316
"041","12am",8.685494,23.922112,28.01299,25.11697,14.262434
"042","12am",8.579735,23.694942,22.39459,29.9873,15.343431
"043","12am",1.955871,19.133503,27.97102,39.75649,11.183116
"044","12am",3.2427855,13.356738,36.18589,24.8216,22.392987
"045","12am",6.7874369,13.684723,27.23629,37.23117,15.060378
"046","12am",1.8027943,8.918228,21.76182,29.92701,37.590155
"047","12am",8.1768872,10.890451,18.32842,32.22113,30.383106
"048","12am",4.6953492,2.240908,16.92763,40.34329,35.792824
"049","12am",2.7243021,22.681927,27.34146,29.54007,17.712237
"050","12am",2.46613,17.433487,30.01966,38.08753,11.993192
"051","12am",3.622147,12.060278,30.62541,33.03773,20.654431
"052","12am",2.4544735,6.37357,33.18587,34.73107,23.255015
"053","12am",5.9496958,20.391394,28.52075,30.69287,14.44529
"054","12am",1.5128219,16.364709,39.52692,26.0086,16.58695
"055","12am",3.6059255,12.307956,32.26049,43.10076,8.724865
"056","12am",2.2752939,13.23288,32.99835,32.97268,18.520792
"057","12am",2.9932089,13.937875,29.97627,35.64604,17.446607
"058","12am",1.4333529,13.962773,22.65388,36.918,25.031997
"059","12am",2.1945919,6.574062,43.81877,28.89818,18.514399
"060","12am",5.5661201,20.071453,23.22909,36.83565,14.297683
"061","12am",5.1167813,18.756677,30.57162,36.05116,9.503769
"062","12am",3.8138777,12.01153,38.02917,33.50249,12.642924
"063","12am",6.589529,7.312108,27.87282,35.90495,22.320594
"064","12am",6.9338234,11.85212,28.30999,34.09759,18.806474
"065","12am",5.9922698,14.218821,39.66208,28.01634,12.110483
"066","12am",6.5864322,18.719732,28.31125,35.73968,10.642903
"001","1pm",4.5481707,5.185311,26.49835,24.33946,39.42871
"002","1pm",1.7541188,7.048754,26.07129,33.17462,31.951219
"003","1pm",0.986369,5.126165,25.86328,32.78676,35.237427
"004","1pm",5.7077127,4.204053,26.22532,25.94693,37.915989
"005","1pm",5.1529416,7.266225,23.02689,29.95656,34.597392
"006","1pm",3.9440784,13.304567,26.50781,31.4678,24.775747
"007","1pm",6.0265271,18.159601,32.33989,24.12759,19.346395
"008","1pm",4.5831792,6.398971,37.20178,29.26123,22.554843
"009","1pm",1.0559955,15.078509,26.33729,27.31177,30.216432
"010","1pm",5.7835383,16.106984,30.64539,20.60984,26.854252
"011","1pm",5.5181249,10.152782,37.28589,23.90964,23.133571
"012","1pm",12.6945247,17.264596,38.06971,18.68086,13.290306
"013","1pm",4.3859648,6.558263,35.29426,29.07082,24.69069
"014","1pm",6.9560271,8.936625,27.88852,32.02222,24.19661
"015","1pm",6.098114,21.237424,37.32376,23.95973,11.380972
"016","1pm",2.3866566,19.478462,28.899,25.95069,23.285195
"017","1pm",4.0432123,10.754153,30.22995,29.64758,25.325107
"018","1pm",2.122725,17.293338,18.56294,38.03763,23.983364
"019","1pm",9.0587289,17.609151,33.43195,27.17724,12.722937
"020","1pm",6.3609679,18.661388,30.41617,28.34639,16.215085
"021","1pm",7.513513,11.484803,28.7689,32.00248,20.230302
"022","1pm",6.1933393,15.614,34.90354,25.78991,17.499206
"023","1pm",0.6742527,3.751672,22.5855,26.27123,46.717344
"024","1pm",2.6765958,5.39862,26.39826,28.14283,37.383689
"025","1pm",3.6402127,12.439262,20.40284,32.52589,30.991789
"026","1pm",7.2673017,10.355299,12.27967,32.40948,37.688253
"027","1pm",15.9151541,26.843763,26.26702,19.74225,11.231817
"028","1pm",2.0693126,9.590247,20.15637,23.36056,44.823506
"029","1pm",1.2205961,9.560434,13.94035,22.52228,52.756335
"030","1pm",1.2442319,7.391263,19.0881,24.68194,47.594463
"031","1pm",5.3294291,7.170566,34.89188,33.54891,19.059214
"032","1pm",4.3374016,11.86112,29.32775,27.92204,26.551685
"033","1pm",4.7394144,9.71823,32.23666,34.00051,19.305188
"034","1pm",2.7205767,8.651382,27.79175,27.23958,33.59671
"035","1pm",7.26296,16.451322,29.23535,33.72881,13.321564
"036","1pm",2.8096225,16.52823,29.7093,34.00007,16.952775
"037","1pm",2.3166072,15.595688,21.20381,27.25013,33.633763
"038","1pm",6.9225284,17.448782,30.83639,27.17736,17.614938
"039","1pm",3.4104521,6.314086,34.28757,32.02895,23.958947
"040","1pm",4.6764016,15.413933,35.49068,35.1342,9.284784
"041","1pm",8.9384213,25.275338,29.15039,22.09761,14.538243
"042","1pm",10.0380806,24.949423,22.46185,27.68635,14.864291
"043","1pm",3.8598973,18.70639,28.47468,35.93415,13.024888
"044","1pm",3.7958192,11.989003,37.18328,25.01264,22.019256
"045","1pm",6.2667242,13.578651,28.30449,38.24698,13.603157
"046","1pm",1.8642765,13.268178,24.00234,27.47881,33.386393
"047","1pm",8.6738333,11.297144,19.9783,30.57455,29.476177
"048","1pm",4.7469959,2.265557,15.0245,40.83076,37.132186
"049","1pm",3.1025503,22.532042,24.4198,31.91366,18.031947
"050","1pm",2.4847103,19.352122,32.07434,37.94257,8.146265
"051","1pm",3.5610804,15.154853,31.33807,32.57225,17.373744
"052","1pm",2.5979573,4.976405,36.56575,33.86882,21.991073
"053","1pm",5.5430056,20.191024,25.9933,29.39471,18.877966
"054","1pm",1.4540924,15.547323,38.79978,26.32682,17.871988
"055","1pm",3.8332847,11.980872,33.24382,43.51305,7.428979
"056","1pm",2.2484851,13.076963,30.80428,36.46147,17.408794
"057","1pm",3.0504145,12.441045,28.80027,37.425,18.283264
"058","1pm",1.3826991,13.590847,20.25751,45.68104,19.087908
"059","1pm",1.3674156,7.754057,41.95825,28.04837,20.871908
"060","1pm",5.6573326,22.925187,22.55419,38.42224,10.441052
"061","1pm",5.1189826,18.354802,28.65886,37.1889,10.678459
"062","1pm",4.6496315,13.973612,37.28335,34.17893,9.914471
"063","1pm",2.3610853,7.662693,33.50339,34.94533,21.527503
"064","1pm",6.393348,12.367434,27.85698,33.9145,19.467741
"065","1pm",6.7186895,13.976947,35.27327,31.73307,12.298026
"066","1pm",6.5567995,15.879926,30.42468,34.62076,12.517827
"001","2pm",2.6660328,4.971208,26.13129,26.22621,40.005263
"002","2pm",1.7469001,8.153701,26.56144,34.40437,29.13359
"003","2pm",0.957059,4.320726,24.67753,34.91648,35.128199
"004","2pm",4.6891318,4.280348,27.00144,27.53216,36.496919
"005","2pm",4.6453343,7.039638,23.65893,31.20894,33.447154
"006","2pm",3.7194988,13.621451,26.23025,31.14097,25.287834
"007","2pm",6.9069783,19.20299,31.21716,27.86851,14.804363
"008","2pm",4.3627048,6.106364,36.41444,30.75254,22.363949
"009","2pm",1.1568018,16.439595,25.02265,28.95993,28.421019
