"district","hour","cspmen1","cspmen2","cspmen3","cspmen4","cspmen5"
"001","4am",5.387955,4.727705,15.50513,34.92994,39.449269
"002","4am",7.857035,8.722686,19.62078,46.98004,16.819462
"003","4am",1.153053,4.134728,21.70716,36.636431,36.368625
"004","4am",10.12186,7.540113,22.14455,26.955217,33.238258
"005","4am",8.401779,11.564103,12.40946,30.545247,37.079413
"006","4am",6.009489,14.998769,22.1957,35.518271,21.277766
"007","4am",5.671296,25.480569,34.7461,20.869207,13.232829
"008","4am",5.104106,14.579006,33.53085,24.443046,22.342995
"009","4am",1.400161,17.403128,22.84597,29.452864,28.897874
"010","4am",6.449872,27.189867,27.8895,19.627407,18.843356
"011","4am",5.86166,10.892741,33.33518,31.755694,18.154729
"012","4am",22.34515,20.92628,44.38132,11.109712,1.237539
"013","4am",9.527646,12.34507,26.2029,34.49996,17.424427
"014","4am",13.076077,8.072753,31.89785,27.681405,19.271912
"015","4am",12.361817,32.442858,36.5362,14.041986,4.617137
"016","4am",1.395059,21.58522,20.022,41.117118,15.880607
"017","4am",2.862389,23.43458,25.3086,32.958907,15.43552
"018","4am",6.368463,17.29864,33.5758,27.716244,15.040851
"019","4am",13.095142,25.53667,31.06032,19.521561,10.786309
"020","4am",7.336545,22.102148,44.20845,18.334107,8.01875
"021","4am",13.230254,23.432898,28.29253,15.808968,19.235352
"022","4am",8.713552,21.6672,33.81029,18.132524,17.676432
"023","4am",2.727864,12.302142,45.12195,17.695677,22.152367
"024","4am",6.645136,5.90062,30.59131,30.035431,26.827499
"025","4am",18.168741,25.065031,31.0732,16.426048,9.266976
"026","4am",10.24147,13.730591,24.82769,38.937471,12.262775
"027","4am",34.238173,34.519458,27.07032,2.099117,2.072932
"028","4am",7.812485,23.77,31.43479,26.748569,10.234159
"029","4am",6.698292,24.887097,21.99399,24.593457,21.827162
"030","4am",4.937904,11.938686,33.86217,25.025341,24.235904
"031","4am",10.653459,7.483135,40.14281,26.158568,15.562025
"032","4am",13.423968,18.476373,37.10216,18.50861,12.488886
"033","4am",7.804243,11.816968,29.4868,30.641635,20.250356
"034","4am",6.536809,7.367605,34.05353,20.101206,31.940854
"035","4am",8.027829,15.091069,30.2264,32.24915,14.405549
"036","4am",3.548214,17.033372,31.57998,27.51034,20.328094
"037","4am",7.114903,16.900095,25.35742,16.665577,33.962005
"038","4am",13.058251,31.597485,29.17286,20.674253,5.497151
"039","4am",5.54998,11.344278,40.0539,27.06628,15.985565
"040","4am",5.306284,18.733665,35.99695,22.974853,16.988246
"041","4am",14.396676,25.395729,27.76404,23.169295,9.274258
"042","4am",12.830378,27.608092,22.81792,28.532611,8.210998
"043","4am",5.378204,23.280357,31.49595,33.809198,6.03629
"044","4am",5.324314,17.59627,32.63582,20.980269,23.463326
"045","4am",7.351274,10.616789,33.61376,31.758587,16.659593
"046","4am",6.664888,14.384388,31.19353,22.808647,24.948546
"047","4am",10.964778,10.817999,24.84268,37.010726,16.36382
"048","4am",8.044423,3.890299,17.71703,39.152614,31.19563
"049","4am",3.95598,26.255479,42.60901,22.306256,4.873274
"050","4am",2.597414,26.447629,26.46248,40.640863,3.851609
"051","4am",3.179106,22.548075,29.45523,31.177857,13.639729
"052","4am",6.512109,9.851623,39.86871,24.167027,19.600529
"053","4am",6.614124,24.866189,25.95448,33.61222,8.952982
"054","4am",2.164864,20.550757,47.86687,23.661562,5.755951
"055","4am",4.064661,16.386864,25.37181,38.292207,15.884461
"056","4am",7.490329,16.031305,40.17771,22.32866,13.971997
"057","4am",3.045196,20.822713,39.09295,27.038265,10.000876
"058","4am",1.134496,17.400489,37.64008,24.812289,19.012647
"059","4am",1.422013,14.102575,43.35281,23.279651,17.842954
"060","4am",9.243074,23.418482,31.72743,27.889802,7.721208
"061","4am",6.589382,27.144196,28.9457,33.897112,3.423606
"062","4am",9.6581,17.501253,44.14727,20.197613,8.49576
"063","4am",9.395811,15.237141,35.98647,24.948351,14.43223
"064","4am",10.382812,15.05312,37.81942,29.091338,7.653313
"065","4am",10.468312,17.77066,44.90566,16.892167,9.963197
"066","4am",8.513961,12.968085,37.23808,34.770468,6.509407
"001","5am",5.387955,4.727705,15.50513,34.92994,39.449269
"002","5am",7.674388,8.519915,21.4893,45.887924,16.42847
"003","5am",1.153053,4.134728,21.70716,36.636431,36.368625
"004","5am",10.173982,7.578941,21.74364,27.094023,33.409418
"005","5am",8.523773,11.732013,11.86364,30.262764,37.617806
"006","5am",5.977429,13.506485,24.58422,34.767613,21.164249
"007","5am",5.793545,25.035321,34.334,21.319059,13.518072
"008","5am",5.180835,13.729865,33.59994,24.81049,22.678869
"009","5am",1.408582,17.507796,22.98338,29.630004,28.470241
"010","5am",6.449872,27.189867,27.8895,19.627407,18.843356
"011","5am",5.934068,11.027297,32.02009,32.63955,18.378992
"012","5am",23.915479,20.686353,43.19248,10.982335,1.22335
"013","5am",9.494312,12.301879,26.46108,34.379258,17.363466
"014","5am",12.862269,7.940755,31.37629,28.863896,18.956794
"015","5am",12.421372,32.811608,36.71222,13.415417,4.639381
"016","5am",1.378978,21.336405,20.94391,40.643157,15.69755
"017","5am",2.920827,23.913011,24.80451,32.611003,15.750645
"018","5am",6.272285,18.057474,33.06873,27.787814,14.813699
"019","5am",13.049559,26.518623,30.22945,19.453609,10.748763
"020","5am",7.407658,21.347086,44.63696,18.511819,8.096476
"021","5am",11.098736,24.789935,28.72605,15.96278,19.422501
"022","5am",8.756802,21.774744,33.48176,18.222524,17.764168
"023","5am",2.754238,11.454251,45.5582,17.866764,22.366543
"024","5am",7.356158,6.901769,29.9924,29.4474,26.302272
"025","5am",18.01345,27.16295,29.54426,16.835354,8.443991
"026","5am",10.24147,13.730591,24.82769,38.937471,12.262775
"027","5am",34.972911,35.260233,25.50528,2.144163,2.117416
"028","5am",7.884136,24.202588,30.59137,26.993887,10.32802
"029","5am",5.572336,26.548531,21.10057,24.14136,22.6372
"030","5am",4.936724,11.935834,33.87796,25.019364,24.230116
"031","5am",10.619703,7.459425,40.69755,25.7106,15.512717
"032","5am",12.686728,19.241998,36.84231,18.779451,12.449516
"033","5am",7.751387,11.666227,30.03507,30.434108,20.113206
"034","5am",6.618442,7.459614,33.22996,20.352236,32.339742
"035","5am",7.83814,15.726193,30.88336,31.487141,14.065163
"036","5am",3.567879,17.127774,31.20078,27.662807,20.440756
"037","5am",7.832143,17.571415,25.08375,15.917226,33.595468
"038","5am",12.906836,31.848918,29.37631,20.434528,5.43341
"039","5am",5.579006,10.88062,40.26337,27.207833,16.069168
"040","5am",5.365173,19.403093,35.52005,22.534908,17.176781
"041","5am",14.238325,25.116397,27.93418,23.538853,9.172248
"042","5am",12.963169,27.675584,22.23735,28.827916,8.29598
"043","5am",6.024874,22.770297,30.6809,34.288399,6.235527
"044","5am",5.477126,19.092482,31.04885,21.582418,22.799125
"045","5am",7.351274,10.616789,33.61376,31.758587,16.659593
"046","5am",6.625027,14.298358,31.60505,22.672234,24.799334
"047","5am",11.058062,10.910034,25.05403,36.474838,16.503037
"048","5am",8.135548,3.934367,17.91773,38.46335,31.549006
"049","5am",3.210406,27.308857,42.57443,22.08202,4.824285
"050","5am",2.607848,25.938742,26.7822,40.804126,3.867082
"051","5am",3.160659,22.417236,29.86458,30.996941,13.560582
"052","5am",6.670017,9.732579,40.35872,23.874999,19.363682
"053","5am",6.737594,24.222373,26.43899,34.239681,8.361357
"054","5am",2.196164,20.847877,47.11313,24.003658,5.83917
"055","5am",4.064661,16.386864,25.37181,38.292207,15.884461
"056","5am",7.466116,17.016088,39.33448,22.256483,13.926832
"057","5am",3.085658,20.649139,39.61239,27.397528,9.255289
"058","5am",1.134496,17.400489,37.64008,24.812289,19.012647
"059","5am",1.430714,13.473501,43.12476,24.018905,17.952121
"060","5am",9.449858,21.705214,32.43724,28.513748,7.893946
"061","5am",6.826954,26.144949,28.36183,35.119231,3.54704
"062","5am",9.6581,17.501253,44.14727,20.197613,8.49576
"063","5am",8.814505,15.334901,36.21735,25.108417,14.524825
"064","5am",10.382812,15.05312,37.81942,29.091338,7.653313
"065","5am",10.3432,18.753421,44.36897,16.690281,9.844122
"066","5am",7.914579,13.147703,38.01402,34.51674,6.406958
"001","6am",5.962627,1.930231,17.39359,35.412729,39.300825
"002","6am",7.496345,9.620285,20.83337,45.63376,16.416243
"003","6am",1.143266,3.528,22.24265,37.026151,36.059934
"004","6am",10.023448,7.630809,22.5714,26.859248,32.915091
"005","6am",8.469696,10.93619,11.78838,31.426582,37.379152
"006","6am",5.74864,16.195195,25.24577,32.456216,20.354177
"007","6am",6.133631,22.665419,36.09856,20.402681,14.699713
"008","6am",5.37907,13.492559,33.37493,24.977062,22.776381
"009","6am",1.462837,16.952675,23.49102,29.095561,28.997907
"010","6am",6.361568,27.965452,27.50767,20.198326,17.966987
"011","6am",6.032128,12.05052,31.15739,32.628086,18.131872
"012","6am",23.019752,19.035,43.99555,12.74479,1.204907
"013","6am",9.282745,12.53793,27.13282,33.547327,17.499175
"014","6am",13.32313,7.333633,31.20505,28.502162,19.636025
"015","6am",11.497156,31.776844,38.93034,13.059052,4.736611
"016","6am",1.902461,18.651231,21.98727,40.960663,16.498379
"017","6am",2.676097,19.551794,29.87451,32.406858,15.490747
"018","6am",6.259388,18.685899,31.47203,30.506646,13.076033
"019","6am",13.407652,26.289049,29.60841,20.764655,9.93023
"020","6am",7.890259,22.061857,43.17907,17.795718,9.073098
"021","6am",11.364725,23.341612,29.34923,16.056462,19.887975
"022","6am",9.105524,19.765574,33.70911,18.948199,18.471591
"023","6am",2.80393,10.938119,46.48734,18.189113,21.581498
"024","6am",7.651417,6.410281,32.20058,28.592078,25.14564
"025","6am",15.273406,24.314862,30.6791,23.850199,5.88243
"026","6am",9.279858,14.795762,24.71404,37.964648,13.245688
"027","6am",36.228363,35.447303,23.90977,2.221134,2.193427
"028","6am",7.499296,23.321169,30.70342,27.828691,10.64742
"029","6am",4.765462,29.543908,21.73142,25.556176,18.403037
"030","6am",5.621487,14.209572,32.69303,23.905091,23.570815
"031","6am",10.951134,8.536115,40.87868,23.637215,15.996854
"032","6am",10.083479,22.903196,35.31082,19.553076,12.149428
"033","6am",8.183088,11.088499,30.60052,30.047329,20.080566
"034","6am",6.591425,6.292977,35.65018,20.269155,31.196267
"035","6am",7.405783,17.458272,31.32018,31.012603,12.803158
"036","6am",3.311274,17.244436,30.49812,28.401001,20.545169
"037","6am",7.757765,17.413255,24.94212,16.610434,33.276429
"038","6am",12.771436,32.783897,28.63062,20.437639,5.376411
"039","6am",5.624138,10.968642,40.80876,27.167596,15.430868
"040","6am",5.471993,18.750111,35.83977,22.419359,17.518771
"041","6am",14.751587,26.212633,26.83208,23.311102,8.892594
"042","6am",14.362778,26.003637,21.65456,30.231116,7.747906
"043","6am",5.34357,23.135016,31.20401,33.400729,6.916674
"044","6am",7.014037,18.339197,30.74149,21.331842,22.573433
"045","6am",7.624119,11.568535,33.39381,30.844611,16.568925
"046","6am",6.774463,17.422082,27.65587,23.421317,24.726268
"047","6am",11.594334,12.491017,23.82828,36.521083,15.565286
"048","6am",8.273972,4.001309,18.22259,37.41632,32.085804
"049","6am",3.080463,30.13253,40.71741,21.760679,4.30892
"050","6am",2.312014,27.020022,29.21094,37.752585,3.704435
"051","6am",3.571158,18.843353,29.39826,34.511048,13.67618
"052","6am",6.105241,7.051465,41.54889,24.230201,21.064203
"053","6am",7.419216,25.723657,25.2402,32.409679,9.207251
"054","6am",2.309915,22.755654,43.54588,25.246935,6.141611
"055","6am",3.701062,15.620529,24.33642,40.137288,16.204696
"056","6am",9.193008,16.565884,38.21943,22.327256,13.694422
"057","6am",2.417497,20.264814,40.6739,27.468792,9.174994
"058","6am",1.264771,16.572232,39.96768,24.783993,17.41132
"059","6am",1.622875,13.027435,41.61129,23.375102,20.363299
"060","6am",9.46234,19.010321,34.23072,28.420029,8.876589
"061","6am",7.56688,25.844163,28.35682,35.073069,3.159068
"062","6am",8.166093,17.12567,44.84417,20.359797,9.504267
"063","6am",9.703667,14.30452,33.65963,27.156419,15.175767
"064","6am",11.212789,14.825251,38.24967,28.051472,7.660814
"065","6am",9.729188,18.72184,44.91685,16.338782,10.29334
"066","6am",8.4819,14.326892,37.35758,34.422141,5.411488
"001","7am",7.528398,1.816297,29.0103,29.515255,32.129754
"002","7am",3.85064,12.533453,23.31918,39.430879,20.865844
"003","7am",3.37315,6.321733,23.68697,33.900319,32.717826
"004","7am",10.904047,6.702494,27.97673,28.144696,26.272032
"005","7am",8.335543,9.861205,17.26009,28.498936,36.044222
"006","7am",6.451959,16.310914,29.87521,26.530114,20.831803
"007","7am",7.393633,21.000295,36.27097,21.940412,13.394695
"008","7am",5.947443,16.820224,35.68255,21.863166,19.686615
"009","7am",2.10753,16.061417,26.52297,30.431326,24.876756
"010","7am",7.420328,30.081305,27.6788,18.705233,16.114336
"011","7am",6.571147,13.359702,31.64432,33.624094,14.800734
"012","7am",19.012681,19.141891,46.47927,14.045708,1.320452
"013","7am",10.370149,10.849236,28.3657,34.166314,16.248599
"014","7am",15.647371,8.520254,28.24656,29.3859,18.19992
"015","7am",11.099624,29.820059,40.7336,13.063764,5.282953
"016","7am",1.578061,21.364968,23.92678,32.951641,20.178546
"017","7am",2.688502,14.335865,41.54896,27.221518,14.20516
"018","7am",5.361738,20.448026,26.97512,31.457157,15.757958
"019","7am",12.106043,26.960127,30.81488,22.264623,7.854326
"020","7am",7.654989,22.797859,39.05396,20.398515,10.094671
"021","7am",11.533009,18.989993,33.19939,18.410863,17.866742
"022","7am",9.651003,18.035668,36.30806,18.4516,17.553674
"023","7am",3.509843,14.618621,38.14917,20.812153,22.91021
"024","7am",6.986322,12.010425,34.36629,28.420448,18.216511
"025","7am",10.521995,21.41805,28.10053,31.758029,8.201397
"026","7am",10.591704,16.268733,26.83203,36.428739,9.878794
"027","7am",34.358441,29.367523,25.46976,6.281238,4.52304
"028","7am",6.108284,19.646647,28.39365,34.489861,11.361564
"029","7am",4.166154,22.434592,22.88704,28.433852,22.078366
"030","7am",6.245353,14.118319,27.70113,27.300589,24.634604
"031","7am",12.368099,9.667443,43.49446,21.833169,12.63683
"032","7am",11.666159,20.155578,37.73381,19.047934,11.396518
"033","7am",8.659,13.588935,30.36465,30.83229,16.555125
"034","7am",6.871542,7.957483,37.52848,20.023162,27.619334
"035","7am",8.349485,19.556032,31.06431,30.226328,10.803844
"036","7am",3.153617,18.240759,28.92969,32.450647,17.22529
"037","7am",6.660415,22.148991,22.48444,19.789538,28.916621
"038","7am",12.464547,29.632001,30.56047,19.870102,7.472881
"039","7am",5.268849,12.742912,38.22003,26.263077,17.505128
"040","7am",6.195888,21.252678,34.95323,22.039041,15.559163
"041","7am",14.606809,30.756423,30.0511,13.729491,10.85618
"042","7am",18.156767,28.090486,20.23292,25.380986,8.138839
"043","7am",3.918861,24.530468,33.37323,33.579128,4.59831
"044","7am",8.1426,18.559475,32.95408,20.210503,20.133337
"045","7am",9.384672,13.077738,32.951,30.829535,13.75705
"046","7am",6.662823,13.666134,30.09581,24.930034,24.645201
"047","7am",11.784602,12.797127,24.3788,30.182102,20.857366
"048","7am",6.692233,4.18798,22.92904,37.061379,29.129369
"049","7am",3.82958,30.574366,41.99712,19.585701,4.013237
"050","7am",2.891673,27.413968,34.73705,33.220684,1.736626
"051","7am",3.927463,17.532951,33.32164,31.864516,13.353431
"052","7am",5.833173,8.787469,43.85595,25.908956,15.614449
"053","7am",8.279381,29.929399,20.48673,33.166414,8.138079
"054","7am",2.328195,24.178962,42.93844,23.797969,6.756429
"055","7am",4.494072,18.311393,24.4786,38.152911,14.563022
"056","7am",9.772301,18.001754,35.05356,26.159774,11.01261
"057","7am",2.1556,22.820139,40.04441,27.344549,7.6353
"058","7am",1.65779,20.69246,38.53608,21.593605,17.520066
"059","7am",2.224298,12.973008,47.95996,21.603016,15.239718
"060","7am",7.327548,22.946384,33.19686,28.641424,7.887788
"061","7am",9.077646,23.110859,31.52496,33.195882,3.090648
"062","7am",9.463818,21.706501,39.94598,20.74686,8.13684
"063","7am",6.211627,14.809214,36.66608,28.368808,13.94427
"064","7am",13.32419,14.669094,35.94931,27.936641,8.120769
"065","7am",10.013416,17.030841,48.02549,18.056425,6.873829
"066","7am",10.076214,13.937103,37.393,32.401872,6.191812
"001","8am",6.5396288,4.067399,29.72355,29.30007,30.369355
"002","8am",5.0987968,13.195454,28.43372,28.55902,24.713004
"003","8am",2.7523122,9.278167,32.16034,34.91398,20.895197
"004","8am",10.8852831,7.460225,30.20262,26.28404,25.167839
"005","8am",7.8841151,11.6696,24.43291,30.11112,25.902249
"006","8am",5.5387862,16.549291,32.36799,27.66858,17.87535
"007","8am",7.8922575,21.0707,34.7468,21.71676,14.573476
"008","8am",6.2394881,14.522967,38.04465,27.06987,14.123026
"009","8am",1.5693269,17.269259,28.744,27.98431,24.433109
"010","8am",8.1786703,31.257148,30.85317,20.59318,9.117833
"011","8am",6.4953531,15.51904,36.30164,29.65905,12.024916
"012","8am",18.7894354,19.564063,42.35169,13.26402,6.030781
"013","8am",9.9577226,11.360793,31.40317,33.29714,13.981175
"014","8am",15.8280229,8.337318,27.63521,30.02806,18.171392
"015","8am",11.09612,31.088531,36.11274,14.34341,7.359201
"016","8am",3.3478974,23.542917,30.96063,22.63051,19.518042
"017","8am",1.8814165,18.958052,34.6757,20.68404,23.800793
"018","8am",6.7608508,17.797765,24.88551,34.35969,16.196185
"019","8am",12.6602199,28.496981,33.2173,20.52632,5.099179
"020","8am",7.2842734,23.855563,35.91278,23.26466,9.68272
"021","8am",10.9707725,19.321072,38.30502,16.3533,15.049831
"022","8am",11.6493079,19.555053,35.99081,22.31125,10.493575
"023","8am",2.3089319,12.779739,29.10162,25.66457,30.145137
"024","8am",6.8722504,10.016046,34.28316,31.82756,17.000984
"025","8am",8.4676565,14.968612,28.84202,32.36762,15.354096
"026","8am",10.6074426,17.379832,27.42051,28.97293,15.619286
"027","8am",27.330116,23.18664,22.83686,19.79894,6.847444
"028","8am",5.0577994,16.13707,27.17839,31.33351,20.293233
"029","8am",4.0397856,16.655288,20.5471,29.51043,29.247395
"030","8am",5.3097228,11.721224,25.95775,28.5441,28.467203
"031","8am",13.5142089,13.372516,41.12702,24.31926,7.666996
"032","8am",8.3257022,18.938374,32.70298,26.52664,13.506309
"033","8am",8.9338053,12.667285,37.55659,29.0561,11.786227
"034","8am",4.98921,12.377404,37.30816,19.4846,25.840629
"035","8am",9.1203441,21.942939,34.51439,24.19098,10.231346
"036","8am",4.6238994,22.35431,28.06819,30.63112,14.322482
"037","8am",6.1359401,21.1489,27.12313,21.92842,23.66361
"038","8am",9.1208412,25.850315,36.60737,19.47345,8.948018
"039","8am",4.236676,14.031393,41.99563,24.9687,14.767603
"040","8am",9.1118366,23.954924,34.56552,22.29173,10.075993
"041","8am",13.9001445,32.09985,31.52314,15.18354,7.293331
"042","8am",19.5723642,23.187653,20.10222,27.44989,9.687868
"043","8am",3.5209152,25.216637,35.97952,30.96719,4.315732
"044","8am",7.0148194,18.318394,34.54027,24.74398,15.382537
"045","8am",7.8710698,19.903468,35.55299,25.82884,10.843635
"046","8am",6.8875183,13.538102,30.25743,28.06386,21.253093
"047","8am",8.004284,13.728367,29.43634,32.14865,16.682367
"048","8am",6.854566,5.541275,22.76392,42.3778,22.462433
"049","8am",4.9825028,29.732208,38.15645,21.4592,5.669638
"050","8am",4.2337086,28.192978,34.37224,31.64137,1.559706
"051","8am",5.8800857,17.051642,36.94387,28.695,11.429402
"052","8am",6.9086575,9.563133,40.66816,29.37067,13.489387
"053","8am",8.0037171,30.959022,22.48073,33.47122,5.085313
"054","8am",2.6081068,26.729435,42.79987,21.94119,5.921405
"055","8am",6.6802883,23.285646,30.68852,33.31601,6.029538
"056","8am",12.8536775,19.80163,34.61238,24.59777,8.134548
"057","8am",0.8813786,24.622734,34.76451,29.77277,9.958607
"058","8am",2.7502603,27.409611,27.49605,27.92371,14.42037
"059","8am",2.7079271,13.648288,52.41077,24.19672,7.036296
"060","8am",8.7412184,20.239425,35.73809,30.32089,4.960375
"061","8am",10.0610717,25.843953,30.99414,30.15958,2.941259
"062","8am",7.3867691,21.677397,39.73995,22.96973,8.226151
"063","8am",7.3540327,15.285549,36.52487,28.99303,11.842523
"064","8am",13.8895888,15.609146,35.24718,27.1005,8.153587
"065","8am",10.5220225,19.081396,46.80011,19.00826,4.588216
"066","8am",9.7464249,20.209729,36.68902,25.94335,7.411471
"001","9am",6.066121,8.520896,33.45897,25.73602,26.217996
"002","9am",5.2377534,12.637883,30.02828,31.41181,20.68427
"003","9am",2.638305,10.317477,33.67509,35.64304,17.726091
"004","9am",9.6227201,7.162706,33.49319,25.35774,24.363646
"005","9am",7.7227612,11.914337,28.39426,28.94495,23.023691
"006","9am",6.064428,15.006342,37.66333,25.17902,16.086877
"007","9am",7.8959153,20.098456,32.489,22.36723,17.149402
"008","9am",5.4496558,13.541666,38.23603,26.26618,16.506468
"009","9am",1.6820719,19.784636,29.61673,26.69857,22.217987
"010","9am",7.706884,29.556503,30.04357,23.95931,8.733732
"011","9am",8.3222486,12.410037,37.41724,29.39787,12.452606
"012","9am",19.0949215,23.274933,30.75333,14.87397,12.002853
"013","9am",9.665351,10.704732,30.07412,34.17588,15.379925
"014","9am",19.3331565,8.758713,26.14005,26.54565,19.222428
"015","9am",12.4643974,30.345974,38.80537,13.05087,5.333392
"016","9am",6.5460829,24.042774,27.428,23.15586,18.827284
"017","9am",4.2900085,16.598105,34.76878,20.25511,24.087996
"018","9am",7.956262,17.235751,23.05589,35.83073,15.921362
"019","9am",11.8444393,28.683911,32.71789,19.10868,7.645075
"020","9am",7.5867272,24.225453,35.66986,22.48439,10.033564
"021","9am",11.7380457,22.159339,38.04053,16.68892,11.373166
"022","9am",11.5090267,21.977849,34.02426,22.27455,10.214315
"023","9am",2.7584556,10.379949,27.72724,27.21552,31.91884
"024","9am",6.1896166,10.052913,33.22621,33.77748,16.753773
"025","9am",8.3918455,14.881019,27.94831,31.83896,16.939866
"026","9am",10.3470672,19.188468,25.43308,25.3316,19.699791
"027","9am",24.959398,21.714786,25.42731,21.45504,6.443474
"028","9am",3.8932298,14.200995,25.37551,30.04587,26.484398
"029","9am",3.6232999,15.818633,19.20775,30.417,30.933319
"030","9am",4.9742687,12.381343,25.81382,26.72883,30.101733
"031","9am",12.3851682,11.62371,42.85861,23.46866,9.663857
"032","9am",8.4602367,15.698694,32.13524,28.12669,15.579134
"033","9am",6.796876,17.789739,39.30258,26.48659,9.624215
"034","9am",4.2636277,11.609605,34.82456,25.4644,23.837806
"035","9am",9.183088,21.228844,33.43756,26.4732,9.677306
"036","9am",6.1509906,22.271254,27.13986,32.39532,12.042577
"037","9am",6.5394891,20.622391,27.734,23.01153,22.092581
"038","9am",9.3857721,27.394801,35.20766,19.05889,8.952879
"039","9am",4.2496493,17.063466,41.32401,23.67728,13.685597
"040","9am",9.1802306,21.258078,34.94216,24.66016,9.959376
"041","9am",14.3481759,32.811973,31.56838,13.64206,7.629402
"042","9am",20.6963487,22.480032,20.49271,27.14419,9.186724
"043","9am",3.4481434,26.533454,34.2854,30.4499,5.283098
"044","9am",7.7908726,18.214085,35.476,25.29214,13.226902
"045","9am",7.1929397,20.041684,34.61496,29.14555,9.004865
"046","9am",6.247338,13.874755,29.5167,29.14732,21.213883
"047","9am",9.1295532,15.764543,29.43458,30.34705,15.324281
"048","9am",5.728116,5.991421,29.37978,34.996,23.904683
"049","9am",7.4328896,29.961844,36.16662,20.48588,5.952762
"050","9am",4.3564959,26.647143,36.44845,30.535,2.01292
"051","9am",5.35084,16.808882,38.1089,29.86437,9.867009
"052","9am",6.4039491,13.159735,44.11221,23.9099,12.414203
"053","9am",8.6082891,27.023402,22.64494,37.54972,4.17365
"054","9am",1.8895219,30.457017,39.92637,20.9351,6.791993
"055","9am",7.1765403,23.823218,32.88777,28.9201,7.192375
"056","9am",9.1743385,21.735463,30.61589,29.92834,8.545959
"057","9am",0.9464535,24.340569,37.33129,30.14886,7.232831
"058","9am",2.9031498,27.646261,29.01051,29.47602,10.964063
"059","9am",0.6763625,15.623215,54.46682,24.85541,4.378193
"060","9am",7.5594477,19.639704,32.36223,34.03453,6.404091
"061","9am",8.7435685,26.373864,31.25858,30.75306,2.870934
"062","9am",6.1653798,24.120537,37.52203,23.90813,8.283917
"063","9am",8.8935077,11.286253,38.52777,28.5374,12.755078
"064","9am",16.0863025,14.612191,34.93346,27.02334,7.344708
"065","9am",10.2828421,19.02002,43.02916,20.88006,6.787913
"066","9am",12.265189,23.476927,32.37741,25.66935,6.21112
"001","10am",7.1811492,10.720492,29.7202,28.66979,23.708366
"002","10am",5.4318165,11.724828,29.54191,33.06092,20.240523
"003","10am",3.1400055,10.754905,35.26444,33.04079,17.799856
"004","10am",10.526732,10.471404,32.83409,25.5687,20.599074
"005","10am",6.3933219,9.22451,30.187,32.73416,21.461005
"006","10am",7.0318292,15.49917,39.64262,23.70522,14.121155
"007","10am",7.5329314,20.94625,31.64256,23.36625,16.512006
"008","10am",2.2290496,14.329637,38.18137,27.87615,17.383796
"009","10am",3.7185007,19.232913,28.87615,28.71812,19.454317
"010","10am",8.3177646,30.242943,32.49705,18.55078,10.391456
"011","10am",7.4311072,11.481922,39.83225,27.58646,13.668259
"012","10am",18.9836135,26.838867,28.58197,13.20978,12.38577
"013","10am",8.7658689,10.375052,33.35662,33.62537,13.877092
"014","10am",16.0554782,7.912741,27.39835,26.86227,21.77116
"015","10am",14.0014534,32.527733,36.50893,12.97385,3.988029
"016","10am",6.4488783,21.448876,26.46112,25.49568,20.145438
"017","10am",2.5190845,20.969514,33.94988,21.77961,20.781917
"018","10am",8.3364819,18.686455,22.22038,34.07371,16.682978
"019","10am",13.8043869,27.789757,29.73284,20.84118,7.831834
"020","10am",5.3837408,23.741138,37.33944,23.51337,10.022313
"021","10am",12.0899241,20.944956,39.50649,13.79571,13.662914
"022","10am",13.9898803,24.106326,34.30175,19.58145,8.020594
"023","10am",2.7650529,11.011823,28.67333,26.28198,31.267813
"024","10am",6.189204,10.437236,32.79431,33.80655,16.772701
"025","10am",10.1835165,14.307179,27.7487,31.25208,16.508522
"026","10am",10.0649375,18.557571,23.80731,24.35221,23.217974
"027","10am",25.0723725,22.984779,24.47168,21.02382,6.447347
"028","10am",3.6361975,13.34261,25.67368,30.02119,27.326324
"029","10am",3.7253929,14.751608,19.91846,30.74628,30.858259
"030","10am",5.2693384,11.518788,26.64143,26.23307,30.337372
"031","10am",14.3871249,12.855102,39.12369,26.40306,7.231025
"032","10am",8.362723,17.874392,32.42677,27.03024,14.305876
"033","10am",7.9860523,14.672054,39.66886,27.25259,10.420445
"034","10am",4.5319878,12.079648,37.44343,24.95102,20.993923
"035","10am",9.5857221,21.18097,34.05686,26.63904,8.537409
"036","10am",4.9071133,25.784647,27.77982,30.02949,11.49893
"037","10am",6.5625817,21.240787,27.88844,22.35892,21.949269
"038","10am",9.4166001,27.554076,34.98076,19.17575,8.872818
"039","10am",4.158556,16.1234,41.94896,26.08102,11.688073
"040","10am",8.3920547,23.989921,35.27855,22.7373,9.602175
"041","10am",15.7226525,28.608918,33.13117,15.27198,7.265282
"042","10am",19.2635607,21.227215,21.22264,26.86791,11.41867
"043","10am",7.6341814,26.048304,30.60054,32.08031,3.636665
"044","10am",5.721631,18.218956,34.48771,26.57371,14.997996
"045","10am",10.5407885,20.04581,34.91909,26.03184,8.462474
"046","10am",5.1306891,12.826871,29.0323,32.07022,20.939924
"047","10am",9.6332249,15.180301,27.64032,29.63082,17.915332
"048","10am",4.1826594,7.744808,30.06634,33.55679,24.449396
"049","10am",7.2984221,28.339634,32.17139,23.6682,8.522353
"050","10am",4.7338141,28.955065,35.48525,28.63861,2.18726
"051","10am",8.0916707,18.064103,35.31637,28.18959,10.338264
"052","10am",9.0355838,11.422684,39.77044,25.86015,13.911149
"053","10am",10.6128584,25.033046,26.22671,33.08116,5.046223
"054","10am",1.4484071,28.18445,43.6342,19.67562,7.057327
"055","10am",7.7952616,25.877123,32.77892,27.71774,5.830953
"056","10am",9.156031,18.846737,34.21867,29.64952,8.129033
"057","10am",0.9517995,26.590057,30.23346,31.84109,10.383594
"058","10am",3.3740623,29.160873,28.51161,30.80448,8.148973
"059","10am",0,14.731939,54.77902,23.19739,7.291652
"060","10am",9.8561429,18.969131,35.80995,30.68591,4.678863
"061","10am",6.498678,27.697881,29.36045,33.42793,3.015061
"062","10am",6.8492714,22.253873,38.27876,23.71915,8.898945
"063","10am",8.6170353,13.568643,38.98501,28.44059,10.388724
"064","10am",12.1146127,16.060037,34.91666,28.9829,7.925799
"065","10am",9.3731214,20.057089,43.99897,19.62992,6.940901
"066","10am",7.4372142,24.431763,39.7,25.56908,2.861942
"001","11am",8.613164,5.373777,32.19851,27.65598,26.158572
"002","11am",4.805977,11.284852,30.25178,33.45543,20.201969
"003","11am",2.487294,12.036801,32.24666,35.00627,18.222979
"004","11am",10.885068,9.431388,31.77368,27.60138,20.308478
"005","11am",7.518637,7.373654,27.70108,32.6757,24.730935
"006","11am",7.472049,16.322103,37.34052,24.13833,14.727004
"007","11am",7.155739,21.63773,33.1722,22.62528,15.409049
"008","11am",3.375401,14.464125,36.76147,26.49996,18.899043
"009","11am",2.765019,19.168856,27.22521,26.96074,23.880178
"010","11am",7.85967,28.703727,31.68994,19.96605,11.780614
"011","11am",7.681509,14.482357,34.18125,29.51426,14.140622
"012","11am",18.170914,21.229916,34.66236,14.13281,11.804005
"013","11am",7.938781,10.849979,34.30701,31.5824,15.321825
"014","11am",15.522069,7.722518,29.58241,28.88471,18.288291
"015","11am",13.944753,32.743998,36.11198,11.37337,5.825905
"016","11am",6.466268,27.181162,22.75063,25.73976,17.862179
"017","11am",2.706573,13.533076,38.47366,24.37774,20.908952
"018","11am",10.931061,18.549363,21.98376,31.93466,16.601149
"019","11am",13.366975,24.919519,34.88933,20.55028,6.273892
"020","11am",6.086745,24.840762,36.11189,24.16381,8.796797
"021","11am",12.53356,19.794238,39.44166,13.96978,14.260761
"022","11am",12.07057,24.905715,33.54553,20.55245,8.925729
"023","11am",2.933474,10.382265,29.44599,25.69688,31.541386
"024","11am",5.65579,11.190412,33.26411,32.40923,17.48046
"025","11am",7.941451,16.853212,26.35168,31.36696,17.486693
"026","11am",9.300821,18.152908,23.36764,26.09478,23.083851
"027","11am",26.053364,25.690365,23.25321,18.15225,6.850807
"028","11am",3.699191,14.714336,25.15298,29.83789,26.595605
"029","11am",4.109293,13.73373,21.37608,29.57885,31.20204
"030","11am",5.52744,11.443896,27.31438,25.61273,30.101555
"031","11am",14.164584,11.926225,39.35686,26.36071,8.191624
"032","11am",6.935622,18.274437,33.74824,29.50385,11.537851
"033","11am",7.213961,15.512746,40.76963,25.54285,10.960811
"034","11am",5.208649,11.865527,38.80885,21.0162,23.100772
"035","11am",9.508699,23.118445,33.86458,24.37991,9.12836
"036","11am",4.879586,24.665698,28.15921,31.35106,10.94445
"037","11am",5.204746,23.82008,28.04937,21.04644,21.879364
"038","11am",10.002525,26.942136,35.19124,18.14068,9.723425
"039","11am",4.276262,17.572763,36.07657,27.25112,14.82329
"040","11am",7.669823,24.037195,36.12432,22.50424,9.664424
"041","11am",13.729597,32.060939,30.44651,16.29295,7.470007
"042","11am",19.60727,24.617837,17.97752,28.36843,9.428945
"043","11am",5.188695,27.495641,31.73757,32.0724,3.505693
"044","11am",7.281447,18.081319,35.2425,22.74489,16.649842
"045","11am",7.497646,19.348738,37.38116,27.60425,8.1682
"046","11am",4.830462,14.064478,29.55508,31.43285,20.117128
"047","11am",10.238745,16.148894,27.25886,29.74324,16.610265
"048","11am",11.121443,6.995165,22.85859,38.98853,20.036272
"049","11am",4.442272,29.753682,32.92163,24.84493,8.037483
"050","11am",4.36768,29.405463,33.82354,30.38523,2.018088
"051","11am",7.030137,17.312821,36.01251,28.14041,11.504123
"052","11am",6.605684,12.454743,40.78076,27.17098,12.987829
"053","11am",7.717912,27.827043,28.37695,30.45557,5.622518
"054","11am",2.770806,26.970059,42.74673,21.23386,6.278544
"055","11am",6.784021,22.520214,35.45049,28.43007,6.81521
"056","11am",11.57707,19.969464,34.30962,28.36506,5.778785
"057","11am",2.956738,28.909918,27.42807,31.402,9.303277
"058","11am",3.464478,29.68312,24.84575,31.86666,10.13999
"059","11am",2.761873,10.634734,50.89816,25.65109,10.054138
"060","11am",11.728916,18.65134,33.82849,31.19077,4.600477
"061","11am",8.483248,29.828554,27.49454,31.27408,2.919574
"062","11am",6.23945,19.352897,41.43602,24.58819,8.383439
"063","11am",8.237841,14.230236,38.33579,27.38141,11.81472
"064","11am",14.499232,15.625912,36.19266,26.35627,7.325924
"065","11am",7.819248,19.052256,46.86342,20.28103,5.984047
"066","11am",12.900847,22.784185,35.70169,23.67435,4.938935
"001","12am",7.932271,2.892234,29.69554,31.8323,27.647661
"002","12am",4.998029,9.034798,30.16429,34.83213,20.970757
"003","12am",2.784775,13.25601,31.81229,33.84435,18.302567
"004","12am",11.579675,8.151811,30.30706,28.01584,21.945619
"005","12am",8.091991,11.071593,22.34234,34.60664,23.887443
"006","12am",7.804302,16.30193,35.33754,25.53303,15.023196
"007","12am",6.652928,21.242683,32.15457,23.50913,16.440692
"008","12am",5.744007,14.559059,35.86697,24.21937,19.610593
"009","12am",3.889496,14.609637,29.99967,28.69599,22.805203
"010","12am",7.945061,24.696792,28.88659,21.79192,16.67964
"011","12am",6.116326,15.134195,36.47632,28.00719,14.265969
"012","12am",16.643643,20.961383,33.86912,13.26691,15.258948
"013","12am",8.536731,14.013332,31.25191,30.92798,15.270046
"014","12am",12.997689,9.168804,31.54114,29.93755,16.354817
"015","12am",11.51409,34.145919,33.98927,13.14073,7.209984
"016","12am",3.362474,29.915728,23.65106,28.50222,14.568521
"017","12am",3.237993,13.585939,42.16708,23.87472,17.134266
"018","12am",7.47617,17.026938,23.12494,35.16006,17.211888
"019","12am",13.937928,23.834691,36.15949,20.83383,5.234057
"020","12am",7.277516,24.328143,36.95535,21.27044,10.168554
"021","12am",10.777787,20.952562,40.63752,15.43167,12.20046
"022","12am",9.587325,26.536806,35.13673,19.66353,9.075606
"023","12am",2.87123,11.058824,31.0314,24.68921,30.34934
"024","12am",5.190988,8.982788,34.14249,32.39426,19.289468
"025","12am",9.094271,17.491843,28.48519,27.02525,17.903441
"026","12am",9.902086,16.642282,21.72385,31.21564,20.516145
"027","12am",28.875349,25.004669,23.35774,15.81365,6.948596
"028","12am",3.611145,14.31597,26.63724,31.45914,23.97651
"029","12am",4.135655,15.881955,21.27154,27.92439,30.786458
"030","12am",5.174383,11.212894,24.67237,26.75621,32.184145
"031","12am",14.422329,11.81609,39.5861,25.89486,8.280622
"032","12am",6.998172,16.208704,33.5792,29.09293,14.120993
"033","12am",6.947068,14.53113,38.31472,26.18579,14.021293
"034","12am",5.718694,10.178587,38.08968,24.16446,21.848576
"035","12am",9.277394,18.54681,33.66289,29.31423,9.198675
"036","12am",4.31812,21.734468,35.55012,28.19888,10.198408
"037","12am",5.531285,22.6112,25.80766,20.49341,25.556439
"038","12am",8.622064,27.714539,33.4028,18.85421,11.406384
"039","12am",7.492876,15.603379,37.29722,24.49876,15.107765
"040","12am",6.57662,21.797257,38.22966,24.61544,8.781022
"041","12am",15.571119,31.543553,29.29074,15.75322,7.841364
"042","12am",17.962294,26.569064,17.19017,28.96079,9.317685
"043","12am",5.238344,27.380688,32.32444,29.10228,5.954248
"044","12am",7.83009,19.863465,35.15545,20.29993,16.851064
"045","12am",7.590622,18.172196,35.9001,30.16499,8.172094
"046","12am",4.420587,16.846732,24.83269,32.92807,20.971922
"047","12am",10.783646,16.003843,26.2987,29.55127,17.362536
"048","12am",11.111959,3.4632,22.52058,41.81698,21.087282
"049","12am",5.61195,29.981715,34.38642,21.99003,8.029881
"050","12am",3.186122,26.927841,33.79807,32.47311,3.614856
"051","12am",5.2817,16.187537,34.93425,30.54764,13.048871
"052","12am",4.998899,11.333707,40.28127,28.30331,15.082817
"053","12am",9.636049,31.163917,26.33982,28.07479,4.785424
"054","12am",2.245008,26.605694,44.27237,20.68032,6.196614
"055","12am",5.98606,21.86021,34.89735,34.73987,2.516504
"056","12am",9.687575,20.856121,35.12049,28.48349,5.852328
"057","12am",4.741446,25.345437,27.40645,35.93339,6.57328
"058","12am",3.047222,24.430267,31.10581,29.37965,12.037055
"059","12am",4.183811,15.17952,51.78251,20.65004,8.204124
"060","12am",10.719148,20.371754,35.16821,29.53648,4.204412
"061","12am",8.380568,27.408183,31.54902,30.89554,1.766692
"062","12am",6.917299,21.142266,39.34894,24.80043,7.791071
"063","12am",7.388052,13.494853,36.52132,29.00958,13.586199
"064","12am",14.533549,15.374364,35.71993,25.92114,8.451017
"065","12am",9.331116,18.044021,46.8296,20.56382,5.231441
"066","12am",11.952985,25.924025,37.47151,18.78595,5.865535
"001","1pm",7.594068,5.619685,31.51016,28.08684,27.189244
"002","1pm",4.932563,10.800397,30.17093,34.90557,19.190541
"003","1pm",1.670454,13.679233,30.03738,36.22856,18.38437
"004","1pm",11.685999,8.945383,28.72348,26.378,24.26714
"005","1pm",7.196669,13.304743,23.52418,33.23812,22.736292
"006","1pm",6.894126,16.384407,32.74476,28.76017,15.216535
"007","1pm",7.611498,22.355128,31.41401,22.32782,16.291553
"008","1pm",6.006993,12.434769,37.58765,26.01974,17.950849
"009","1pm",2.737296,17.618475,27.92621,26.42623,25.291787
"010","1pm",8.121677,25.125641,30.0912,22.47102,14.190468
"011","1pm",6.659772,13.925602,38.33576,27.84797,13.230896
"012","1pm",14.115618,19.416971,35.94704,19.7789,10.741476
"013","1pm",8.353294,14.435547,32.66272,30.25668,14.291756
"014","1pm",14.496551,9.988462,31.28883,29.56192,14.664239
"015","1pm",12.737932,31.700285,32.50037,16.53005,6.531356
"016","1pm",4.060451,28.933818,26.93049,20.25593,19.819311
"017","1pm",4.82685,14.53259,40.08364,24.16935,16.387576
"018","1pm",5.889743,17.445106,23.05115,35.79754,17.816461
"019","1pm",12.880592,23.900063,38.89933,18.95797,5.362043
"020","1pm",7.703586,25.449746,31.03756,25.42099,10.388114
"021","1pm",9.517506,18.847358,40.59968,16.68258,14.35288
"022","1pm",9.973135,28.275203,35.96661,17.96225,7.822805
"023","1pm",3.282981,8.482592,30.22871,27.46171,30.544004
"024","1pm",5.46814,9.827812,33.52159,33.18501,17.997448
"025","1pm",8.643412,15.134034,26.09516,29.9034,20.223996
"026","1pm",11.106457,15.477014,22.15825,26.90021,24.358073
"027","1pm",27.686256,26.173629,20.53433,18.61057,6.995212
"028","1pm",4.061636,13.970646,27.24945,28.80967,25.908599
"029","1pm",2.829062,13.996004,21.28652,30.78625,31.10217
"030","1pm",5.1525,11.591163,25.35081,26.07445,31.831078
"031","1pm",13.427965,10.993208,41.75098,26.61793,7.209922
"032","1pm",8.899097,15.356789,33.92346,29.49456,12.326093
"033","1pm",7.735153,15.968387,37.84299,26.62161,11.831861
"034","1pm",5.125392,11.749958,39.01852,19.45086,24.655269
"035","1pm",10.770131,22.870546,36.38117,22.19845,7.779707
"036","1pm",4.205188,26.300652,31.66875,28.202,9.623413
"037","1pm",6.120271,19.429938,27.66714,23.07384,23.708804
"038","1pm",10.525138,26.229953,33.80307,19.46233,9.979514
"039","1pm",7.030556,16.933059,38.42975,27.16429,10.442349
"040","1pm",7.43089,25.593376,37.35296,22.98221,6.640569
"041","1pm",15.749032,32.943358,28.67538,13.41186,9.220368
"042","1pm",20.776395,26.865612,17.11847,26.41462,8.824904
"043","1pm",8.483973,25.123404,32.62608,26.19289,7.573653
"044","1pm",6.569934,18.159598,40.39948,21.58443,13.286557
"045","1pm",7.79822,20.650967,35.22744,26.7743,9.549075
"046","1pm",4.506124,18.314109,25.76854,31.47005,19.941179
"047","1pm",10.22604,18.082404,27.29248,27.07821,17.320872
"048","1pm",7.912752,3.500075,20.73786,43.42895,24.420363
"049","1pm",5.96896,30.215739,34.34079,23.59585,5.878668
"050","1pm",3.836302,27.166645,33.91682,34.6268,0.453432
"051","1pm",5.195344,19.77907,34.83109,29.04379,11.150705
"052","1pm",5.28622,10.245088,42.27219,26.24677,15.949729
"053","1pm",7.935123,27.152212,26.10636,30.70274,8.103567
"054","1pm",2.14212,25.459722,44.3351,22.18362,5.879442
"055","1pm",6.451885,21.417653,37.66389,32.35282,2.113756
"056","1pm",9.628035,19.607158,33.76173,32.02002,4.983059
"057","1pm",5.15261,21.005102,28.16069,36.5877,9.093897
"058","1pm",2.94552,23.729653,28.87653,35.4056,9.042696
"059","1pm",2.634055,16.731171,49.74281,20.39224,10.499722
"060","1pm",11.085069,23.540775,33.32385,27.70237,4.347938
"061","1pm",9.387084,28.121829,31.84179,28.89668,1.752611
"062","1pm",8.402446,22.47629,40.61053,22.75779,5.752937
"063","1pm",3.417481,14.107968,41.06961,28.9671,12.437838
"064","1pm",13.513639,16.022431,36.99128,24.81705,8.655606
"065","1pm",9.913792,15.398539,47.75668,21.01487,5.916125
"066","1pm",12.380612,23.805424,38.09358,19.88101,5.83937
"001","2pm",6.50161,8.318458,27.38514,29.37145,28.423344
"002","2pm",5.667664,10.767074,31.0957,34.14925,18.320318
"003","2pm",1.619805,11.998294,29.7917,37.85736,18.732842
"004","2pm",9.212563,12.328962,28.94797,28.21265,21.29785
"005","2pm",6.810401,12.871729,25.74042,32.6943,21.883149
"006","2pm",6.100062,16.513925,33.09595,28.83317,15.456895
"007","2pm",9.136513,22.994416,32.28583,25.20258,10.380667
"008","2pm",5.51643,12.927941,36.86951,28.62869,16.057433
"009","2pm",2.239532,17.234941,27.85357,29.15429,23.517663
"010","2pm",9.142715,21.901897,30.85259,21.29279,16.810004
"011","2pm",7.325395,14.405152,36.93898,27.97741,13.353061
"012","2pm",11.284791,19.212186,40.00612,18.45486,11.042038
"013","2pm",10.417706,16.532697,31.61364,29.4884,11.947552
"014","2pm",12.802628,8.986773,30.66927,29.74575,17.795581
"015","2pm",11.74453,30.474458,34.10602,17.04342,6.631564
