"district","hour","occ1","occ2","occ3","occ4","occ5"
"001","4am",44.49543,25.976509,5.8578255,21.294234,2.3759988
"002","4am",31.62298,39.780215,6.1087737,21.180512,1.3075216
"003","4am",37.72549,43.731282,5.1620169,13.011438,0.3697769
"004","4am",40.16554,33.353781,5.4732991,17.745259,3.2621218
"005","4am",38.45211,26.228269,8.4618013,23.587404,3.2704181
"006","4am",56.84677,16.491095,10.721241,11.988782,3.9521092
"007","4am",54.42479,15.187541,8.171632,18.860243,3.3557926
"008","4am",46.6918,18.485539,9.5377339,22.710148,2.5747836
"009","4am",52.01681,12.992349,4.9219913,25.625706,4.4431482
"010","4am",48.86659,18.483981,6.8377388,24.22064,1.5910481
"011","4am",41.47626,22.212988,8.6091226,24.987256,2.7143781
"012","4am",21.79306,34.664199,19.0661577,15.87285,8.6037297
"013","4am",46.864,20.7143,5.792476,22.77579,3.8534332
"014","4am",41.02777,13.985298,6.1074583,36.014871,2.8646
"015","4am",38.10026,13.676493,18.8184494,23.885651,5.5191453
"016","4am",50.68298,28.71157,8.285638,10.775732,1.5440768
"017","4am",55.78704,23.107063,4.6678685,14.598232,1.8397967
"018","4am",58.51956,10.190192,10.8073067,16.2728,4.2101462
"019","4am",52.23254,7.418814,16.9933865,17.514154,5.8411094
"020","4am",67.82615,7.352098,7.3305269,16.033568,1.457654
"021","4am",45.65378,6.533877,4.1008471,38.753487,4.958008
"022","4am",51.97203,13.479316,8.0914517,22.640495,3.816711
"023","4am",50.34872,22.30421,5.8754865,20.50648,0.9650996
"024","4am",31.05029,57.975438,3.5079603,6.123302,1.3430141
"025","4am",54.16638,6.784698,15.035227,19.467944,4.5457501
"026","4am",61.41876,6.576918,6.1959934,21.466045,4.3422825
"027","4am",39.75817,11.67777,19.4700398,13.52913,15.564891
"028","4am",48.75919,10.728977,14.1032929,20.872276,5.536268
"029","4am",57.86464,18.156657,5.0097669,14.473681,4.4952582
"030","4am",58.58072,11.810029,3.818508,20.766775,5.0239641
"031","4am",45.59672,10.908902,2.5672942,38.836617,2.0904673
"032","4am",45.80105,9.610265,4.9602144,33.319243,6.3092256
"033","4am",54.10112,7.599475,1.110531,33.548413,3.6404626
"034","4am",48.95821,15.409815,8.7771796,24.361391,2.4933999
"035","4am",54.60358,4.98267,7.0511489,29.420572,3.9420258
"036","4am",57.08224,11.300418,2.151901,25.645477,3.8199607
"037","4am",56.23246,11.710184,4.7571261,24.214084,3.0861475
"038","4am",58.71394,2.19517,9.7344337,25.282221,4.0742334
"039","4am",65.17204,9.241624,4.454736,20.091071,1.0405309
"040","4am",53.49525,6.393881,4.2313564,30.970577,4.9089305
"041","4am",55.95183,7.29164,5.2709869,24.869674,6.6158722
"042","4am",57.74454,7.843721,7.1706467,20.359538,6.8815535
"043","4am",57.63762,9.226437,5.3777697,24.753109,3.0050673
"044","4am",52.5553,11.000864,0,33.479428,2.9644117
"045","4am",52.28806,12.932369,2.4811875,29.064868,3.233513
"046","4am",43.98146,26.728605,4.8719267,21.855527,2.5624828
"047","4am",51.59615,25.207612,2.7214244,17.023621,3.4511897
"048","4am",50.8473,9.164528,3.1454335,32.670103,4.1726386
"049","4am",56.28468,4.899899,7.9397839,27.297392,3.5782479
"050","4am",53.4114,10.49525,6.6427303,27.250909,2.1997122
"051","4am",62.6446,9.303041,2.1124897,21.118755,4.8211112
"052","4am",61.92672,6.095873,6.2610027,20.043461,5.6729461
"053","4am",58.71708,7.679802,3.2656986,25.685477,4.6519378
"054","4am",43.81744,10.997593,11.9780128,30.961481,2.2454775
"055","4am",59.07827,14.179106,0.829972,24.345413,1.5672435
"056","4am",56.03508,9.781658,0.7248743,29.406348,4.0520381
"057","4am",59.03939,19.059387,3.9178542,16.823362,1.1600081
"058","4am",60.66054,10.931099,0.5675311,22.008752,5.8320751
"059","4am",54.66161,11.86979,1.6454696,28.888491,2.9346358
"060","4am",63.96123,5.337489,6.1334042,21.968774,2.5990989
"061","4am",56.95654,7.16044,10.4947794,21.030587,4.3576562
"062","4am",57.49691,8.319649,10.2201305,19.729568,4.2337398
"063","4am",57.3584,13.218552,2.3966512,23.48924,3.5371565
"064","4am",60.19884,5.201262,4.8441758,23.217009,6.5387131
"065","4am",55.74454,7.030123,6.3526851,22.433048,8.4396073
"066","4am",68.28838,3.779552,2.3079043,20.738388,4.885779
"001","5am",44.49543,25.976509,5.8578255,21.294234,2.3759988
"002","5am",32.70997,39.147829,6.0116625,20.843806,1.2867359
"003","5am",37.72549,43.731282,5.1620169,13.011438,0.3697769
"004","5am",39.9352,33.482183,5.4943696,17.813572,3.2746799
"005","5am",37.71717,26.54146,8.5628432,23.86906,3.30947
"006","5am",57.05763,16.410514,10.6688535,11.930201,3.9327979
"007","5am",54.02515,15.4866,7.834761,19.231621,3.4218716
"008","5am",46.28188,18.725386,9.6614843,23.004808,2.3264425
"009","5am",51.73855,13.067693,4.9505345,25.774313,4.4689146
"010","5am",48.86659,18.483981,6.8377388,24.22064,1.5910481
"011","5am",40.86002,22.446882,8.6997732,25.250361,2.7429594
"012","5am",21.10881,34.371736,20.2493858,15.73893,8.5311398
"013","5am",47.02399,20.651929,5.7750348,22.707212,3.8418305
"014","5am",41.99204,13.756623,6.0075944,35.425987,2.8177605
"015","5am",38.07693,13.145106,19.0349193,24.160409,5.5826324
"016","5am",51.12099,28.45657,8.2120495,10.680028,1.5303632
"017","5am",55.03439,23.500418,4.7473305,14.846741,1.8711159
"018","5am",59.1348,10.03905,10.6470112,16.031439,4.1477008
"019","5am",52.40109,7.392636,16.9334235,17.452353,5.8204984
"020","5am",67.51043,7.424245,7.4024618,16.190906,1.4719581
"021","5am",45.13306,6.596482,4.1401396,39.124805,5.0055134
"022","5am",52.2281,13.05301,8.13132,22.752049,3.8355167
"023","5am",49.95036,22.483161,5.9226267,20.671008,0.9728428
"024","5am",31.69045,57.437168,3.4753908,6.066451,1.330545
"025","5am",54.55307,6.727457,14.9083769,19.303696,4.5073983
"026","5am",61.41876,6.576918,6.1959934,21.466045,4.3422825
"027","5am",38.43667,11.93394,19.8971453,13.825912,15.906331
"028","5am",47.8471,11.664855,14.0950102,20.860017,5.5330166
"029","5am",58.52827,17.870689,4.9308629,14.24572,4.4244578
"030","5am",58.59047,11.80725,3.8176094,20.761888,5.0227818
"031","5am",45.77033,10.87409,2.5591015,38.712682,2.0837962
"032","5am",45.42875,10.119864,4.9449414,33.216649,6.2897989
"033","5am",53.90019,7.547712,1.1029668,33.319901,4.1292281
"034","5am",48.36574,15.588687,8.8790619,24.64417,2.5223423
"035","5am",55.69415,4.86297,6.8817576,28.713795,3.8473256
"036","5am",56.84247,11.36355,2.163923,25.788751,3.8413016
"037","5am",56.70694,11.583234,4.7055542,23.95158,3.0526906
"038","5am",59.20135,2.169254,9.619512,24.983746,4.0261343
"039","5am",64.98989,9.289956,4.4780337,20.196144,1.0459727
"040","5am",52.98718,6.463735,4.2775845,31.308934,4.9625611
"041","5am",55.81464,7.825262,5.2141373,24.601445,6.5445175
"042","5am",57.30219,7.925832,7.2457121,20.572671,6.9535926
"043","5am",56.87119,8.892103,5.5564172,25.575398,3.1048945
"044","5am",51.1936,11.316597,0,34.440312,3.0494925
"045","5am",52.28806,12.932369,2.4811875,29.064868,3.233513
"046","5am",44.26314,26.594206,4.8474294,21.745631,2.5495979
"047","5am",51.2526,25.386526,2.7407401,17.144448,3.475685
"048","5am",50.29051,9.268341,3.1810643,33.040182,4.2199052
"049","5am",57.43571,4.850393,7.1502021,27.021599,3.5420958
"050","5am",52.48563,11.274731,6.6696546,27.361362,2.2086281
"051","5am",62.86378,9.248458,2.1000953,20.994847,4.7928247
"052","5am",62.39172,6.021422,6.1845345,19.798662,5.60366
"053","5am",57.94643,7.823166,3.3266616,26.164964,4.7387786
"054","5am",43.74729,10.388649,12.1580315,31.426804,2.279225
"055","5am",59.07827,14.179106,0.829972,24.345413,1.5672435
"056","5am",56.17902,9.749633,0.7225011,29.310075,4.0387721
"057","5am",58.49268,19.313778,3.9701469,17.047908,1.1754911
"058","5am",60.66054,10.931099,0.5675311,22.008752,5.8320751
"059","5am",54.38285,11.942773,1.6555869,29.066113,2.9526796
"060","5am",63.14365,5.458577,6.2725485,22.467164,2.6580629
"061","5am",55.37188,7.424053,10.8811475,21.804833,4.5180845
"062","5am",57.49691,8.319649,10.2201305,19.729568,4.2337398
"063","5am",57.07936,13.305052,2.4123346,23.642951,3.5603033
"064","5am",60.19884,5.201262,4.8441758,23.217009,6.5387131
"065","5am",56.27161,6.946395,6.2770253,22.165873,8.3390924
"066","5am",68.79359,3.719338,2.271136,20.407995,4.8079415
"001","6am",43.5819,26.404048,5.9542375,21.644708,2.4151046
"002","6am",33.17016,39.01174,5.9424278,20.603753,1.2719169
"003","6am",38.13388,43.391037,5.1430455,12.963618,0.3684179
"004","6am",40.60208,33.110438,5.4333669,17.615793,3.2383219
"005","6am",38.49981,25.518089,8.6205172,24.029827,3.3317605
"006","6am",57.74795,15.350001,10.3527493,12.733025,3.8162742
"007","6am",50.62937,17.255768,8.2527603,20.257664,3.6044349
"008","6am",44.07261,19.340575,9.9788951,24.205049,2.4028736
"009","6am",51.56216,11.938829,5.1341381,26.730221,4.634656
"010","6am",49.52217,18.246998,6.7500725,23.910109,1.5706493
"011","6am",40.74413,22.762296,8.8220189,24.890048,2.7815024
"012","6am",20.95422,35.238971,19.9252422,15.486988,8.3945769
"013","6am",48.04313,20.254634,5.6639364,22.270378,3.7679225
"014","6am",40.56131,13.601797,6.2228493,36.695317,2.9187222
"015","6am",37.96855,12.27488,19.4168096,24.64513,5.6946346
"016","6am",49.84098,29.3587,8.3639973,10.877641,1.5586796
"017","6am",58.65141,21.256548,4.4436393,13.896981,1.7514189
"018","6am",63.75982,8.538423,9.5678788,14.406566,3.7273088
"019","6am",50.47928,7.89815,17.308577,18.095483,6.2185081
"020","6am",66.05071,7.229418,7.8910932,17.259657,1.569121
"021","6am",44.66436,6.752112,4.2378176,39.222104,5.1236081
"022","6am",50.34013,13.568872,8.4526738,23.651222,3.9870982
"023","6am",49.16581,22.877579,6.0064461,20.963552,0.9866108
"024","6am",33.36813,56.098455,3.3670387,5.877317,1.2890626
"025","6am",60.19093,5.958696,12.7602188,17.097824,3.9923287
"026","6am",62.33968,5.610044,6.2048902,21.496868,4.3485176
"027","6am",36.72393,12.407691,20.6870176,13.643588,16.5377769
"028","6am",46.0682,12.443434,14.4432495,21.375397,5.6697184
"029","6am",63.78229,15.606665,4.3061757,12.44094,3.8639266
"030","6am",61.86886,11.007334,3.4979776,19.023586,4.6022462
"031","6am",44.06537,11.215968,2.6395589,39.929797,2.1493101
"032","6am",47.17415,9.421604,4.8284534,32.434164,6.14163
"033","6am",51.85958,7.42827,1.1647655,35.1868,4.3605868
"034","6am",48.56171,15.529522,8.8453625,24.550636,2.5127691
"035","6am",54.80404,4.879152,7.6473385,28.809342,3.8601278
"036","6am",56.27247,10.135248,2.2863172,27.247394,4.0585704
"037","6am",57.77342,10.459886,4.7139931,23.994534,3.0581653
"038","6am",59.75997,2.912742,8.8520575,24.523301,3.9519334
"039","6am",65.2553,7.828519,4.5142598,21.347484,1.0544344
"040","6am",52.62128,6.035125,4.3613987,31.922396,5.0597966
"041","6am",54.21802,7.503656,5.3983135,26.10432,6.7756861
"042","6am",52.63353,8.792458,8.037972,22.822126,7.7139116
"043","6am",54.71351,8.491555,6.2038451,27.124413,3.4666735
"044","6am",51.67674,11.204572,0,34.099382,3.019305
"045","6am",52.51288,12.108399,1.8459542,30.175673,3.3570918
"046","6am",45.14419,25.1242,4.9453922,22.185094,2.6011233
"047","6am",50.3031,25.267877,2.866057,17.928357,3.6346063
"048","6am",49.44471,9.42604,3.2351892,33.602352,4.2917058
"049","6am",59.16685,4.653122,6.8593943,25.922596,3.3980343
"050","6am",52.49245,8.478511,6.8777747,30.284049,1.8672154
"051","6am",61.97288,7.627081,2.3762826,22.600618,5.4231375
"052","6am",63.2095,4.143233,6.734009,20.39372,5.5195332
"053","6am",56.1322,6.174407,3.6632099,28.811995,5.2181865
"054","6am",45.01974,8.391344,12.8139832,31.372734,2.402194
"055","6am",59.36819,10.648314,0.9496364,27.240656,1.7932069
"056","6am",56.62303,8.152688,0.7469497,30.301891,4.1754391
"057","6am",54.51811,21.163186,4.3503118,18.680345,1.2880513
"058","6am",57.55926,10.768424,0.6327371,24.53743,6.5021469
"059","6am",51.23216,11.107841,1.8792026,32.429303,3.3514902
"060","6am",59.66537,4.966552,7.0657237,25.308178,2.9941798
"061","6am",50.42145,8.247575,12.088152,24.223561,5.0192585
"062","6am",53.1185,9.112539,11.2921278,21.799017,4.67782
"063","6am",55.28847,12.042729,2.6610338,26.080417,3.9273522
"064","6am",58.41204,4.164762,5.2394535,25.111483,7.0722625
"065","6am",55.36547,6.180171,6.5624239,23.173693,8.7182474
"066","6am",67.99718,2.86685,2.4639275,21.455967,5.2160766
"001","7am",45.7883,25.232859,5.7798996,20.822152,2.3767885
"002","7am",30.82939,50.422845,4.8428476,13.015707,0.8892121
"003","7am",42.84525,36.535512,5.4645173,14.767854,0.386871
"004","7am",44.98876,29.440192,4.8509128,17.502614,3.2175162
"005","7am",38.07858,23.597831,8.8365246,25.81584,3.671223
"006","7am",58.73247,13.877345,10.5006292,13.09775,3.7918017
"007","7am",45.11015,21.113205,8.6797998,21.305898,3.7909466
"008","7am",41.53032,18.70903,11.1824267,25.885542,2.6926787
"009","7am",46.34103,16.975886,4.6656982,26.789487,5.2278967
"010","7am",48.1135,13.701407,8.2762032,28.071441,1.8374453
"011","7am",37.71092,19.341045,9.9268674,29.891318,3.129851
"012","7am",21.27422,28.518776,21.9336468,18.335026,9.938329
"013","7am",47.50388,19.185445,6.2880918,22.819344,4.2032419
"014","7am",40.70205,14.247849,6.0150913,36.158954,2.8760602
"015","7am",36.76267,7.494533,22.0535794,27.221259,6.4679563
"016","7am",46.63516,34.261941,7.1157927,10.506037,1.4810665
"017","7am",63.71535,16.044827,4.1803749,14.262024,1.7974248
"018","7am",69.0252,3.766024,9.6025685,13.865381,3.7408227
"019","7am",49.36824,6.296423,19.4094765,18.142161,6.783703
"020","7am",56.91909,14.782204,8.3573645,18.279501,1.6618377
"021","7am",41.86395,12.058229,4.4695256,37.434415,4.1738842
"022","7am",47.75827,11.204915,9.6110065,26.892324,4.5334799
"023","7am",59.95014,17.267157,4.0383832,17.922107,0.8222154
"024","7am",25.08635,66.338032,2.8247935,4.669355,1.0814654
"025","7am",72.56768,4.660298,7.7734183,12.627715,2.3708895
"026","7am",61.4525,3.516224,6.9265698,23.250423,4.8542858
"027","7am",45.16427,4.797939,19.6662915,14.47506,15.8964438
"028","7am",51.80516,20.682045,9.2517104,14.832483,3.428604
"029","7am",74.60914,11.94936,2.674753,8.175312,2.5914357
"030","7am",64.28035,12.63124,3.197882,15.711448,4.1790775
"031","7am",38.00204,9.459601,3.1011234,46.912091,2.5251476
"032","7am",44.87205,10.18677,5.7803891,32.822709,6.338083
"033","7am",41.95704,17.635615,1.2209373,34.615525,4.5708799
"034","7am",49.18945,10.746547,10.1972968,26.969883,2.8968233
"035","7am",43.21207,16.279484,6.5639517,29.933709,4.0107804
"036","7am",49.8907,5.222274,3.0433259,37.054408,4.7892906
"037","7am",57.6569,14.722901,4.9845181,19.843683,2.7920026
"038","7am",60.85122,3.149547,8.5371133,23.650795,3.8113289
"039","7am",62.29409,3.740708,5.4948042,27.186932,1.2834685
"040","7am",49.36245,3.813863,4.9395024,36.153712,5.730473
"041","7am",55.6012,2.185812,6.047694,29.244493,6.9208051
"042","7am",54.28198,3.50011,9.8083308,24.222383,8.1872006
"043","7am",50.06721,3.722607,5.9777599,35.673161,4.5592582
"044","7am",47.90097,7.982677,0,40.611242,3.5051132
"045","7am",52.27184,4.8952,2.234894,36.533642,4.064426
"046","7am",53.85318,16.322122,5.046153,22.124424,2.6541204
"047","7am",46.96722,26.754436,2.9344873,19.622474,3.7213865
"048","7am",44.71374,6.316829,3.9250747,40.76786,4.2765018
"049","7am",60.18028,3.74077,6.5779615,26.082052,3.4189363
"050","7am",48.41562,3.509763,7.7622783,37.971166,2.3411779
"051","7am",56.33138,3.353279,3.2886232,29.521446,7.5052758
"052","7am",59.47955,2.129082,8.211592,23.449142,6.7306348
"053","7am",47.59407,6.246333,4.4859934,35.283378,6.3902291
"054","7am",44.259,10.334256,11.3532948,31.631442,2.4220031
"055","7am",55.02938,8.562691,1.1531107,33.077387,2.1774292
"056","7am",56.21823,2.733011,0.8704609,35.312434,4.8658652
"057","7am",52.8011,11.989293,5.5620756,27.735134,1.9123991
"058","7am",52.21563,6.262913,0.8294993,32.167835,8.5241195
"059","7am",47.0939,5.162001,2.5810003,40.559981,4.603121
"060","7am",56.03499,1.533647,9.3684232,29.325884,3.7370599
"061","7am",49.80844,5.108928,13.4885123,25.601504,5.9926205
"062","7am",48.80782,8.84558,12.3771979,24.549928,5.4194765
"063","7am",51.32518,4.441968,3.6029822,35.31232,5.3175498
"064","7am",52.60545,2.749783,6.2505129,29.957255,8.4369998
"065","7am",50.60933,3.950479,7.9441031,26.942269,10.5538224
"066","7am",64.0771,3.196279,2.989708,23.921461,5.8154534
"001","8am",50.08735,25.168935,5.49555,17.289248,1.9589184
"002","8am",37.76476,45.935232,3.6493789,11.718664,0.931962
"003","8am",53.68678,27.54964,4.5236557,13.886716,0.3532071
"004","8am",55.44549,23.976764,3.5357302,14.316449,2.7255686
"005","8am",38.33091,21.229061,8.8475868,27.63884,3.953602
"006","8am",58.27383,12.163835,12.3618355,13.949912,3.2505855
"007","8am",43.42742,23.053316,8.7229897,20.174247,4.6220308
"008","8am",41.83917,17.517442,11.7027731,26.063305,2.8773092
"009","8am",43.25257,22.566689,4.9536534,24.16203,5.0650569
"010","8am",44.0586,12.493161,8.6119975,32.753781,2.0824597
"011","8am",32.63469,17.517044,12.4565194,33.666406,3.725345
"012","8am",29.06999,23.369606,19.864018,17.960866,9.7355189
"013","8am",43.88187,21.969811,7.3621054,22.681858,4.1043591
"014","8am",42.81129,11.876684,6.0861233,36.315875,2.9100235
"015","8am",36.73178,6.459194,21.7575502,28.204717,6.8467543
"016","8am",35.78384,38.69874,8.7598621,14.953474,1.8040801
"017","8am",61.84198,19.191528,3.5576713,13.637077,1.7717395
"018","8am",69.69576,2.684694,10.0318063,14.461728,3.1260134
"019","8am",43.13817,11.816209,19.0640863,18.879239,7.1023011
"020","8am",53.08839,16.945475,9.2493937,19.490601,1.2261434
"021","8am",36.45161,19.24021,4.8581271,34.874753,4.5752984
"022","8am",40.05283,11.072131,10.8685278,32.523701,5.4828115
"023","8am",66.71865,14.012516,3.043089,15.559986,0.6657609
"024","8am",24.23783,68.043743,2.3325224,4.431593,0.9543134
"025","8am",80.33528,3.345902,5.374406,8.947161,1.9972464
"026","8am",57.60975,3.28424,7.7322474,25.954842,5.4189216
"027","8am",51.12344,4.258578,18.2592569,12.890112,13.4686129
"028","8am",53.92304,28.778303,6.3557167,8.666306,2.2766321
"029","8am",78.97439,11.6918,1.8050523,5.811779,1.7169757
"030","8am",74.08475,9.6209,1.902935,11.594236,2.7971758
"031","8am",37.19066,6.122716,4.2289623,49.096093,3.3615656
"032","8am",49.94658,9.765462,5.1264917,29.540372,5.6210973
"033","8am",45.40531,18.354109,1.1426663,30.820063,4.277853
"034","8am",53.8577,9.062877,9.7256831,25.087551,2.2661908
"035","8am",42.09369,17.269441,7.1265619,29.398663,4.1116404
"036","8am",37.06409,5.893987,3.7663227,46.589788,6.6858117
"037","8am",57.40028,18.134472,3.4132379,18.15526,2.8967458
"038","8am",64.47498,4.97963,6.4473067,21.687002,2.4110817
"039","8am",57.33054,2.146321,6.3055525,32.744741,1.472842
"040","8am",43.28474,5.469125,4.7544143,38.004276,8.4874446
"041","8am",55.41895,1.557298,6.213008,29.314337,7.4964082
"042","8am",52.69642,2.545595,9.1411273,27.569117,8.0477375
"043","8am",46.26734,3.215281,8.0814962,37.151699,5.2841888
"044","8am",49.53396,8.318186,0,40.086301,2.0615578
"045","8am",43.61436,6.949876,2.6681216,41.91534,4.8523031
"046","8am",64.75127,12.739227,3.5940914,15.392829,3.5225828
"047","8am",40.7158,32.267424,3.0791054,20.199505,3.7381678
"048","8am",29.50412,8.31574,5.1671338,50.158441,6.854566
"049","8am",59.65947,4.458742,7.5223975,25.438994,2.9203978
"050","8am",44.27864,4.754313,8.3551044,40.09196,2.51998
"051","8am",53.93093,3.610209,3.5405992,30.837926,8.0803339
"052","8am",56.15767,1.685515,8.0040156,26.160206,7.99259
"053","8am",47.6399,6.000513,3.3000595,36.010994,7.0485346
"054","8am",45.42429,8.880203,12.043993,31.143837,2.5076813
"055","8am",39.40464,7.585973,1.7140606,48.05865,3.2366759
"056","8am",55.50365,4.059853,0.8858556,33.879346,5.6712992
"057","8am",53.41036,6.923672,4.9785219,32.380151,2.3072995
"058","8am",38.80767,9.981297,1.2206013,41.699825,8.2906038
"059","8am",38.78634,4.928228,3.1474762,49.462054,3.6759025
"060","8am",52.65172,1.812234,8.3244264,32.795726,4.4158976
"061","8am",42.8562,6.310304,14.2312069,30.329135,6.2731588
"062","8am",47.8469,7.658186,13.8360475,25.118372,5.5404945
"063","8am",43.8722,5.227069,4.2397963,40.403524,6.2574075
"064","8am",49.05551,2.849206,7.6625615,30.830022,9.6026966
"065","8am",43.18935,3.893899,9.3864843,31.834077,11.6961872
"066","8am",64.28387,2.54061,2.3261323,25.131517,5.7178732
"001","9am",49.51786,21.494195,9.2551423,17.600956,2.1318502
"002","9am",37.55444,44.899495,4.0236952,12.109242,1.4131283
"003","9am",55.07549,24.129802,5.6438125,14.736811,0.4140832
"004","9am",56.48032,20.897702,5.6752882,14.683767,2.262926
"005","9am",39.9822,19.738244,10.0769156,26.917631,3.285005
"006","9am",59.25297,10.539719,12.0729674,14.804619,3.3297252
"007","9am",43.44503,23.051552,9.2124634,20.282661,4.0082977
"008","9am",43.76577,10.339461,12.5458212,30.346761,3.0021875
"009","9am",42.43184,23.029566,5.2647336,26.939293,2.3345653
"010","9am",45.44012,11.001222,9.8975911,31.453185,2.2078845
"011","9am",32.58327,14.995641,13.8523263,35.425513,3.1432445
"012","9am",30.07269,20.284771,23.9907207,16.334606,9.3172094
"013","9am",46.52314,19.516906,7.0591167,22.618116,4.2827164
"014","9am",47.22549,12.576606,5.1584177,29.987449,5.052037
"015","9am",37.27158,5.502384,19.2306059,29.641911,8.3535226
"016","9am",34.98422,37.336569,10.7448005,15.383937,1.5504777
"017","9am",63.05371,19.722388,2.1739774,13.33793,1.7119935
"018","9am",65.26245,4.05646,11.244073,15.53028,3.9067377
"019","9am",41.34037,12.338692,19.8086302,19.837393,6.6749192
"020","9am",56.59573,16.774921,7.4420881,17.899699,1.2875661
"021","9am",37.40114,18.488469,6.3839345,32.205363,5.5210908
"022","9am",43.60367,10.082125,8.2267161,32.322104,5.7653896
"023","9am",69.95634,12.717416,3.149352,13.900519,0.2763698
"024","9am",25.45944,67.653185,2.3388063,3.728548,0.8200165
"025","9am",82.39361,3.114262,4.6961793,8.117493,1.6784526
"026","9am",57.96451,3.535409,8.7553488,24.489793,5.2549431
"027","9am",52.46908,4.846652,16.4655861,13.684257,12.5344246
"028","9am",56.14595,29.601076,4.3997946,7.870951,1.9822309
"029","9am",80.24409,11.097993,1.468084,5.639047,1.5507812
"030","9am",74.72344,9.601183,1.8641928,11.146962,2.6642213
"031","9am",44.21035,5.492038,3.4790862,43.22068,3.5978467
"032","9am",51.59401,10.200953,2.9072834,29.695156,5.6025992
"033","9am",42.09169,16.949577,2.6913002,35.140873,3.1265604
"034","9am",54.63161,8.606031,8.8457024,24.757542,3.1591124
"035","9am",40.8757,18.055372,8.9092898,28.045876,4.1137608
"036","9am",35.94566,6.974754,2.7172427,46.547091,7.8152554
"037","9am",58.75824,17.461083,3.2864938,18.279455,2.214731
"038","9am",61.83676,5.144309,8.2038352,22.324281,2.4908175
"039","9am",51.28169,2.152894,8.514539,36.573524,1.477352
"040","9am",43.0829,4.745492,5.9993322,37.622517,8.5497601
"041","9am",50.34954,1.733016,6.7347699,32.400973,8.7816996
"042","9am",53.43563,1.146448,9.6779569,28.413844,7.3261209
"043","9am",42.45381,4.312293,8.2818125,39.670611,5.2814754
"044","9am",50.4419,8.372257,0,38.408432,2.7774097
"045","9am",42.89482,6.48973,4.0992187,41.174077,5.3421505
"046","9am",63.18707,12.504062,3.4623181,16.432342,4.4142083
"047","9am",38.83286,34.328298,2.4591483,20.69178,3.6879094
"048","9am",28.85025,8.461011,4.3645488,52.596074,5.728116
"049","9am",55.63369,4.41365,7.4162658,27.812761,4.7236318
"050","9am",43.26201,4.894099,6.420829,42.828993,2.5940722
"051","9am",52.18992,3.766658,3.6940311,31.811999,8.5373937
"052","9am",56.34644,1.781653,8.4605481,25.870676,7.5406776
"053","9am",47.17575,4.681211,5.3218932,35.240186,7.5809556
"054","9am",45.88538,9.981339,11.5712513,30.798325,1.7637063
"055","9am",43.86924,6.171032,1.8413913,44.64122,3.4771156
"056","9am",58.66334,4.901089,0.8080706,30.445768,5.1817283
"057","9am",54.74803,5.913685,5.3489624,31.510339,2.4789803
"058","9am",38.30505,10.536795,0,42.406144,8.752008
"059","9am",36.56507,5.602997,3.8292559,49.757276,4.2453975
"060","9am",53.29188,1.982099,9.1046937,31.807162,3.8141643
"061","9am",42.24578,5.076495,15.8545292,30.632982,6.1902124
"062","9am",48.51776,7.691058,10.4764516,28.59008,4.7246546
"063","9am",44.30262,1.252203,5.1527605,43.085367,6.2070502
"064","9am",49.83853,3.119217,7.0902715,29.439268,10.5127165
"065","9am",44.56173,1.335668,9.1647391,32.491895,12.4459651
"066","9am",67.734,2.846297,2.6060138,20.756946,6.0567408
"001","10am",47.88282,20.611147,8.6187779,19.638909,3.2483507
"002","10am",35.72676,41.837615,5.5445965,15.237735,1.6532935
"003","10am",55.1381,25.465739,5.6587344,13.388712,0.3487141
"004","10am",53.5772,20.589369,6.7310242,17.07745,2.0249602
"005","10am",42.01623,19.93172,8.5120749,26.876807,2.6631633
"006","10am",60.4929,10.518936,9.5219545,15.322485,4.143724
"007","10am",40.67197,25.615135,9.5460926,20.671954,3.4948467
"008","10am",45.13875,9.682729,11.5292883,32.252141,1.3970886
"009","10am",42.35258,21.109001,5.7417825,25.697814,5.0988168
"010","10am",46.45409,12.439338,8.8625876,30.669047,1.5749391
"011","10am",35.87914,13.313195,13.1334294,35.280006,2.3942327
"012","10am",32.43682,16.256711,24.0629279,17.443576,9.7999628
"013","10am",48.17315,18.250787,7.4285111,22.430624,3.7169272
"014","10am",47.05256,12.465295,4.2892639,33.448158,2.7447213
"015","10am",35.07826,6.246745,22.2785025,25.938648,10.4578433
"016","10am",37.8046,37.227622,8.1983657,14.525358,2.2440562
"017","10am",69.38167,16.882352,1.6914898,11.030768,1.0137241
"018","10am",68.33018,3.158264,10.809082,16.883581,0.8188937
"019","10am",41.71391,11.059361,20.7953781,19.501545,6.9298054
"020","10am",54.82043,17.702817,7.504397,17.596103,2.3762491
"021","10am",40.90215,17.798194,6.0218081,29.740974,5.536876
"022","10am",44.17393,9.843659,6.1667503,33.705451,6.1102139
"023","10am",68.25598,13.313611,3.7575697,13.96675,0.7060877
"024","10am",25.7719,67.833162,2.4965275,3.021236,0.877175
"025","10am",80.96124,3.045956,5.2178817,7.830878,2.9440397
"026","10am",58.82719,3.687571,9.2485751,22.755552,5.4811127
"027","10am",51.4459,5.669642,16.2608097,13.010072,13.613574
"028","10am",54.31187,31.818241,5.2494319,7.006546,1.6139106
"029","10am",79.93561,10.968069,1.1753971,6.47586,1.4450617
"030","10am",73.65682,9.733989,1.9328818,11.391021,3.2852914
"031","10am",41.56385,5.147217,3.9923141,46.580106,2.7165151
"032","10am",52.03705,10.200186,3.3269195,28.084481,6.3513684
"033","10am",45.69468,17.433137,1.0785065,31.993031,3.8006476
"034","10am",53.31326,8.640788,7.776652,27.396234,2.8730688
"035","10am",39.71526,19.720706,6.8167398,29.582051,4.1652419
"036","10am",36.73202,7.45608,4.2325549,45.716401,5.8629482
"037","10am",56.71313,18.564638,3.2565224,19.271171,2.1945336
"038","10am",61.40297,5.03742,7.6353354,22.824142,3.1001302
"039","10am",49.76266,2.106745,8.3320257,38.352885,1.4456843
"040","10am",41.83809,4.806766,6.0241462,41.706186,5.6248124
"041","10am",51.79523,1.759858,5.28885,32.268176,8.8878877
"042","10am",55.60377,1.124053,9.4889076,26.600255,7.1830124
"043","10am",39.79332,5.83124,7.5577784,41.125958,5.6917009
"044","10am",52.19624,7.311599,0,37.84135,2.6508079
"045","10am",44.43749,7.819635,4.2817164,37.881172,5.5799836
"046","10am",60.63945,14.062319,4.1370463,18.099458,3.061727
"047","10am",41.06646,29.819041,2.8571021,22.456706,3.8006859
"048","10am",34.41802,7.715335,4.0309386,48.042153,5.7935532
"049","10am",48.7703,6.02669,9.7447049,30.862415,4.5958905
"050","10am",42.32092,6.722545,7.33605,40.840054,2.7804356
"051","10am",53.05917,3.796288,3.7230901,29.930442,9.491014
"052","10am",55.98917,1.625954,9.4066392,22.8623,10.1159387
"053","10am",46.63977,4.640834,4.1582005,36.325954,8.2352364
"054","10am",48.59386,8.348772,11.2440415,30.305828,1.5074967
"055","10am",40.10362,6.703064,2.0001458,47.416274,3.7768932
"056","10am",59.02408,4.266918,0.8064594,30.667967,5.2345757
"057","10am",50.66218,5.94735,5.3794125,35.517964,2.4930925
"058","10am",36.56042,9.166609,0,45.457939,8.8150359
"059","10am",35.53566,5.826541,3.2720582,50.950966,4.4147769
"060","10am",54.33699,0,8.474485,33.19262,3.9959061
"061","10am",42.75386,4.080915,16.4796104,30.251352,6.4342679
"062","10am",48.48026,7.507262,8.9672302,28.757213,6.2880344
"063","10am",44.30276,2.568938,4.9951756,43.329812,4.8033151
"064","10am",53.3507,3.251592,7.391171,28.836269,7.1702692
"065","10am",44.19241,1.365868,8.5298751,32.342397,13.5694487
"066","10am",69.1853,3.864089,2.7765523,19.649484,4.5245746
"001","11am",49.28165,22.409875,6.4425561,16.978847,4.8870761
"002","11am",38.11123,40.340495,5.1802805,15.268766,1.0992306
"003","11am",54.44613,26.345405,5.2753448,13.254039,0.6790811
"004","11am",54.96637,21.835578,5.7256441,15.451915,2.0204925
"005","11am",38.28514,21.302207,10.4988159,26.599896,3.3139368
"006","11am",60.70357,11.904506,10.3766632,12.848981,4.1662775
"007","11am",42.17974,24.477455,9.1108853,21.626055,2.6058665
"008","11am",45.58902,12.217288,11.2764539,29.445042,1.4721921
"009","11am",37.94181,21.899845,5.4290546,29.178143,5.5511495
"010","11am",43.33344,11.209464,10.1138451,33.938523,1.4047325
"011","11am",32.91035,15.939226,10.997334,36.01483,4.1382627
"012","11am",31.03071,15.212237,24.589458,18.760058,10.4075382
"013","11am",49.88268,18.023873,6.6358444,21.647736,3.8098658
"014","11am",49.55928,10.980272,4.5120264,31.841099,3.1073219
"015","11am",35.01408,6.546304,24.5945959,25.132549,8.7124742
"016","11am",38.61636,35.717468,9.8608808,13.550147,2.2551465
"017","11am",70.7203,17.990982,1.8088675,8.121236,1.3586115
"018","11am",68.15917,3.453843,10.4099334,14.235874,3.7411796
"019","11am",39.00642,9.892728,20.925511,24.277804,5.8975417
"020","11am",52.11076,17.205622,9.1490535,19.122697,2.4118645
"021","11am",41.4216,18.037502,6.0047835,29.462407,5.0737076
"022","11am",42.99591,9.69311,10.2426079,32.680308,4.3880668
"023","11am",67.95969,13.761584,3.8275555,13.654302,0.7968706
"024","11am",24.90342,66.994983,2.5003665,4.332032,1.2692034
"025","11am",82.5013,3.498484,4.6358263,7.797224,1.567166
"026","11am",59.03442,3.414749,6.5413492,25.375219,5.6342592
"027","11am",51.15647,5.791439,16.3285653,12.660114,14.0634157
"028","11am",53.03966,32.333721,5.4456145,7.488294,1.6927107
"029","11am",79.58084,11.512938,1.4090249,6.101407,1.3957916
"030","11am",74.98725,9.446944,1.6901511,10.758369,3.1172874
"031","11am",42.28238,5.066714,2.346593,46.985099,3.3192162
"032","11am",51.67427,9.29948,3.1441936,30.849211,5.0328424
"033","11am",44.82248,16.935636,1.0910075,32.938074,4.2128019
"034","11am",53.59056,9.609245,8.4838145,24.80608,3.5102977
"035","11am",41.04417,17.152496,6.9383565,30.625421,4.2395534
"036","11am",38.68935,7.413403,3.2544608,44.020123,6.6226591
"037","11am",61.26903,16.854297,2.6177985,18.555463,0.7034169
"038","11am",61.97802,5.081168,8.7183513,21.095411,3.1270532
"039","11am",55.01875,2.166376,6.3644697,34.963799,1.4866037
"040","11am",39.92705,6.791584,5.3133643,43.107488,4.8605095
"041","11am",53.67653,2.456786,6.6007279,28.911996,8.3539629
"042","11am",53.10507,1.338204,10.1518136,27.998304,7.4066085
"043","11am",37.62863,5.68613,7.6006578,43.534515,5.5500634
"044","11am",47.40434,7.513231,0,41.660763,3.4216618
"045","11am",43.68688,6.445892,4.1778353,39.122154,6.5672424
"046","11am",64.4443,13.300885,3.2436635,16.10293,2.908225
"047","11am",44.24523,30.220855,3.0226311,18.678119,3.8331667
"048","11am",28.6525,5.082482,6.5228595,51.089129,8.6530314
"049","11am",54.35863,6.367992,9.397936,26.428992,3.4464451
"050","11am",42.87059,6.288279,6.8621526,41.378156,2.6008238
"051","11am",51.15779,4.241702,3.541842,32.029692,9.0289708
"052","11am",53.6678,1.610403,10.4746688,28.280051,5.9670726
"053","11am",49.63232,4.921976,3.1338397,36.796622,5.5152418
"054","11am",45.81938,8.137098,12.4533982,31.279322,2.3107988
"055","11am",36.86413,5.833509,3.8124746,50.202951,3.2869358
"056","11am",61.61459,3.44061,0.9033493,28.991745,5.0497107
"057","11am",50.31778,6.263103,3.6940805,37.099581,2.6254542
"058","11am",30.92407,9.263799,0,50.768477,9.0436558
"059","11am",35.71295,4.756015,3.210781,51.555347,4.7649024
"060","11am",49.39829,0,8.3287773,37.299983,4.9729469
"061","11am",41.12184,3.94873,14.788824,32.794617,7.3459857
"062","11am",50.0768,7.784663,9.2985785,26.952221,5.8877369
"063","11am",45.86208,2.481503,4.8251633,40.882507,5.9487442
"064","11am",52.42575,2.998838,5.5693923,29.804857,9.2011604
"065","11am",46.45342,1.297233,8.1012482,31.260519,12.8875828
"066","11am",59.52742,3.600847,2.587399,26.598657,7.685679
"001","12am",50.68459,23.4500168,7.4071694,15.120847,3.3373796
"002","12am",42.3635,38.2129386,3.5638788,14.717449,1.1422323
"003","12am",52.78898,28.8265315,4.4218787,13.283711,0.6788947
"004","12am",55.43213,20.6474183,6.1805108,15.204335,2.5356035
"005","12am",36.82485,23.4548288,9.9362763,25.9223,3.8617474
"006","12am",56.78884,14.5793366,11.6767963,12.500479,4.4545478
"007","12am",41.889,23.5700369,8.9103793,22.716148,2.9144398
"008","12am",45.59737,13.5370751,10.5120877,28.071349,2.2821159
"009","12am",38.5907,22.8357734,5.2128343,26.099217,7.2614702
"010","12am",41.28635,16.6832504,8.3916519,32.266567,1.3721853
"011","12am",35.06473,15.1295393,11.5507969,34.613069,3.6418613
"012","12am",29.44864,20.5321209,21.108822,18.519847,10.3905724
"013","12am",50.398,16.41451,7.1819819,22.12683,3.8786732
"014","12am",45.63622,11.6655253,4.7529423,35.464636,2.4806726
"015","12am",36.365,10.2043875,22.822738,24.438845,6.16903
"016","12am",39.79569,34.7891624,9.7184698,13.113299,2.5833835
"017","12am",72.41935,14.3954395,2.5192307,9.057208,1.6087711
"018","12am",68.79399,5.7750594,8.6591236,14.007508,2.764316
"019","12am",37.2921,11.551938,22.8564818,22.803192,5.4962838
"020","12am",49.07412,17.6155181,9.4914172,21.813524,2.0054163
"021","12am",43.97484,15.3191732,5.0232416,31.074979,4.6077677
"022","12am",48.64363,8.2412958,10.9385558,28.413532,3.7629901
"023","12am",65.44947,16.7117277,4.0914848,13.106156,0.641163
"024","12am",27.4548,63.6627911,2.6964406,4.822242,1.3637211
"025","12am",79.6408,3.9061337,5.8740716,8.201202,2.37779
"026","12am",59.61387,3.2686953,7.4342802,24.289883,5.3932735
"027","12am",50.6743,5.9168393,16.6012955,11.781811,15.0257538
"028","12am",52.97938,30.5694533,6.2858987,8.105114,2.0601588
"029","12am",78.02858,12.471954,1.5940821,6.159983,1.7453995
"030","12am",74.19149,10.1968286,2.0601185,10.747514,2.804045
"031","12am",37.82299,5.4027778,3.3692737,49.999514,3.4054417
"032","12am",51.21614,10.6634476,3.5708576,30.728257,3.8212946
"033","12am",49.03136,15.1862261,1.0493577,31.306336,3.4267221
"034","12am",52.14204,11.1532848,9.640519,23.666347,3.3978108
"035","12am",40.68685,17.0283228,6.1757492,31.832771,4.2763045
"036","12am",44.40327,6.3959267,3.7430736,39.998553,5.4591751
"037","12am",56.2189,16.5333869,4.9906069,19.930278,2.3268277
"038","12am",64.58768,5.6657334,6.7590021,20.636201,2.3513887
"039","12am",61.09419,2.1084591,6.194319,26.879468,3.7235684
"040","12am",42.99338,6.5566537,6.1301196,38.243956,6.07589
"041","12am",55.41445,3.708787,5.6272478,27.136408,8.1131044
"042","12am",50.9461,0.9019951,9.2291659,31.414012,7.5087227
"043","12am",45.64789,2.0485365,5.9202117,41.459517,4.9238433
"044","12am",45.13051,9.7002465,0,41.490927,3.6783179
"045","12am",39.86307,6.5493497,4.3382345,43.595709,5.6536387
"046","12am",65.31298,12.9248451,3.2051474,15.723164,2.8338645
"047","12am",43.39929,30.7752506,3.0952314,18.804992,3.9252351
"048","12am",34.84201,5.200503,5.2213262,49.047354,5.6888117
"049","12am",56.70325,5.0494351,9.0243607,25.650837,3.5721212
"050","12am",45.75986,2.7870868,6.663097,42.207115,2.5828427
"051","12am",51.30455,6.2087121,3.5521746,31.887305,7.0472568
"052","12am",53.68501,1.6130836,8.5102766,28.54251,7.6491247
"053","12am",49.10637,3.2373178,3.4658688,38.802285,5.3881542
"054","12am",45.34027,7.503615,13.833553,31.017348,2.3052145
"055","12am",46.25154,4.1667782,3.3640374,44.297897,1.9197425
"056","12am",60.55969,1.930683,0.8161904,30.709178,5.9842584
"057","12am",51.57912,6.0444546,5.4672439,35.934268,0.9749113
"058","12am",33.9287,7.3169576,0,46.207753,12.5465863
"059","12am",37.44763,3.7889403,3.4202911,49.957718,5.3854239
"060","12am",52.66348,3.7997612,7.5945389,31.407676,4.5345478
"061","12am",38.86662,6.2567068,14.7746218,32.763123,7.338931
"062","12am",47.3528,7.4997369,12.0708466,27.306144,5.7704707
"063","12am",43.06889,5.1914631,4.3096746,41.069436,6.3605391
"064","12am",51.65437,3.006128,5.5829311,30.533044,9.2235279
"065","12am",43.13258,3.026184,8.3480696,32.212936,13.28023
"066","12am",61.05296,1.6194435,2.5193562,27.942711,6.8655293
"001","1pm",48.79955,22.978804,5.32085,19.390843,3.5099545
"002","1pm",37.15821,43.944494,4.4956633,13.7941,0.6075338
"003","1pm",55.06646,26.996187,4.9283686,13.00898,0
"004","1pm",53.94921,18.509232,5.9694411,18.464543,3.1075743
"005","1pm",36.91701,20.420917,11.6688711,27.51656,3.476644
"006","1pm",59.66874,11.855943,11.2629463,13.477231,3.7351443
"007","1pm",39.83072,23.055438,10.614678,21.723681,4.7754826
"008","1pm",50.44205,10.185185,11.8649806,25.069009,2.4387726
"009","1pm",40.93455,26.065746,5.101205,22.682575,5.2159268
"010","1pm",41.83645,13.406957,8.4302637,34.115386,2.2109458
"011","1pm",32.51414,11.104593,11.7122287,40.410154,4.2588846
"012","1pm",28.52291,23.050293,20.6701393,18.553353,9.2033045
"013","1pm",52.04319,16.740202,6.4531506,20.505822,4.2576373
"014","1pm",48.78746,10.7009,4.6834065,33.383853,2.4443802
"015","1pm",39.14832,6.493486,24.924731,22.760576,6.6728855
"016","1pm",39.66939,35.662493,10.0881479,13.099114,1.4808531
"017","1pm",70.01884,14.227295,2.6601312,11.212836,1.880895
"018","1pm",67.23098,4.982612,10.1034948,14.775801,2.907113
"019","1pm",41.60412,12.46961,18.7665009,20.761915,6.3978582
"020","1pm",46.84734,18.892883,9.100815,23.040725,2.1182384
"021","1pm",43.94339,15.56739,4.4483767,31.232285,4.8085567
"022","1pm",44.11146,10.127311,10.8547451,30.198734,4.7077472
"023","1pm",69.40031,14.276405,3.7374965,11.965095,0.6206955
"024","1pm",27.14981,65.039393,2.508856,4.03309,1.2688505
"025","1pm",79.16755,3.595266,5.7139624,9.476157,2.0470605
"026","1pm",55.87516,4.756292,7.6004107,25.736785,6.0313541
"027","1pm",53.57992,4.357154,15.8519748,11.273176,14.9377715
"028","1pm",52.35015,31.861608,6.1864711,7.612227,1.9895395
"029","1pm",80.11463,11.024541,1.6315027,5.608203,1.6211223
"030","1pm",75.69798,10.126334,1.6364189,9.950847,2.5884207
"031","1pm",39.08407,5.31291,3.4435341,50.319653,1.8398382
"032","1pm",50.68856,10.608296,3.4148063,30.593152,4.6951891
"033","1pm",45.65835,14.524002,1.0894391,34.94197,3.7862344
"034","1pm",55.03087,8.497762,9.3482396,24.281554,2.8415746
"035","1pm",43.43099,11.13745,5.6493514,34.787079,4.9951311
"036","1pm",35.50403,11.069728,4.3077996,42.944981,6.1734637
"037","1pm",58.63294,14.482817,5.2158786,19.343613,2.324755
"038","1pm",62.44609,5.137186,7.3849954,21.635079,3.3966508
"039","1pm",60.04912,2.364067,6.9452539,29.019299,1.6222625
"040","1pm",40.57706,5.886998,4.9672001,41.720585,6.848154
"041","1pm",51.10702,3.066373,5.7258496,31.717669,8.3830888
"042","1pm",54.94415,1.257647,9.5406977,26.220793,8.036711
"043","1pm",46.36105,1.011767,8.7040022,39.059434,4.8637472
"044","1pm",49.91509,6.002825,0,39.851064,4.2310197
"045","1pm",41.47176,6.765624,2.5264971,43.316139,5.9199821
"046","1pm",63.87288,13.706002,5.5580324,14.764847,2.098239
"047","1pm",42.42686,33.213207,2.319761,18.020442,4.0197316
"048","1pm",37.20543,5.2547,4.0251981,47.766571,5.748098
"049","1pm",57.31906,5.621193,7.7751038,25.832617,3.4520215
"050","1pm",44.28206,6.90942,6.4293029,39.886997,2.4922161
"051","1pm",52.67797,6.113046,3.4676071,29.771586,7.969794
"052","1pm",52.50273,2.046917,8.1259454,29.256065,8.0683424
"053","1pm",48.62672,4.926151,5.8751452,35.644562,4.9274171
"054","1pm",45.07524,8.119273,12.8216481,31.787144,2.196699
"055","1pm",46.95487,2.835574,3.6258208,43.457721,3.1260116
"056","1pm",60.51864,1.132441,0.8129973,31.575075,5.9608466
"057","1pm",53.11066,6.155409,3.1472292,36.593893,0.9928072
"058","1pm",31.52349,7.07247,1.3073595,46.66196,13.4347169
"059","1pm",39.95606,3.718674,2.4403523,49.342545,4.5423655
"060","1pm",53.54559,2.079558,6.921114,32.760552,4.6931863
"061","1pm",41.80498,7.070074,13.1656372,30.680863,7.2784477
"062","1pm",47.20572,8.238725,12.4439696,26.947976,5.1636129
"063","1pm",48.52525,5.436131,3.2886114,39.332472,3.4175304
"064","1pm",49.97872,3.11032,5.7764346,31.591314,9.5432138
"065","1pm",44.07899,3.786237,7.3987216,31.676834,13.0592146
"066","1pm",65.3086,1.612148,3.5136489,22.730998,6.8346008
"001","2pm",44.07201,22.688508,5.388579,24.534544,3.3163555
"002","2pm",35.41242,43.537265,5.127567,15.408591,0.5141627
