"district","hour","resarea1","resarea2","resarea3"
"001","4am",0,0,100
"002","4am",0.9175669,0,99.0824331
"003","4am",0,0.263867,99.736133
"004","4am",0,0.4428241,99.5571759
"005","4am",0,0,100
"006","4am",0.9789727,2.1580506,96.8629767
"007","4am",0.9945315,0.2307463,98.7747221
"008","4am",0.5015461,0.9760529,98.5224011
"009","4am",0,1.0167365,98.9832635
"010","4am",0,0,100
"011","4am",0,0,100
"012","4am",0,0,100
"013","4am",0,0,100
"014","4am",1.2458796,2.812166,95.9419544
"015","4am",0,0.9804736,99.0195264
"016","4am",0.9178943,1.1780658,97.9040399
"017","4am",2.441986,3.495571,94.0624429
"018","4am",2.3175363,1.615021,96.0674427
"019","4am",0,0,100
"020","4am",0,0.9692204,99.0307796
"021","4am",0,1.5586172,98.4413828
"022","4am",0,0.7097712,99.2902288
"023","4am",0,1.305737,98.694263
"024","4am",0,0.4142386,99.5857614
"025","4am",0,1.7557487,98.2442513
"026","4am",0,0,100
"027","4am",0,0,100
"028","4am",0,3.6651652,96.3348348
"029","4am",1.2260976,0.8697303,97.9041721
"030","4am",1.2910154,98.7089846,0
"031","4am",0,100,0
"032","4am",0,99.6994151,0.3005849
"033","4am",0,99.5184526,0.4815474
"034","4am",0,98.5943816,1.4056184
"035","4am",0,100,0
"036","4am",0,98.5709793,1.4290207
"037","4am",0,100,0
"038","4am",1.0627052,97.7138593,1.2234355
"039","4am",0,100,0
"040","4am",0,100,0
"041","4am",0,99.5119485,0.4880515
"042","4am",3.4060584,96.5939416,0
"043","4am",0,99.7226709,0.2773291
"044","4am",0,97.8433271,2.1566729
"045","4am",98.350167,0,1.649833
"046","4am",1.0173072,98.9826928,0
"047","4am",0,100,0
"048","4am",0,100,0
"049","4am",1.905007,97.6978297,0.3971632
"050","4am",0.9255503,98.6722829,0.4021667
"051","4am",0,99.8833955,0.1166045
"052","4am",1.0951352,98.9048648,0
"053","4am",0,100,0
"054","4am",0.7077223,98.9537831,0.3384947
"055","4am",0,100,0
"056","4am",0.7796498,98.3752222,0.845128
"057","4am",100,0,0
"058","4am",100,0,0
"059","4am",98.960981,1.039019,0
"060","4am",100,0,0
"061","4am",100,0,0
"062","4am",99.5975538,0.4024462,0
"063","4am",100,0,0
"064","4am",98.9537772,0,1.0462228
"065","4am",99.6776035,0,0.3223965
"066","4am",98.7200432,0.6467648,0.6331919
"001","5am",0,0,100
"002","5am",0.9029803,0,99.0970197
"003","5am",0,0.263867,99.736133
"004","5am",0,0.4445193,99.5554807
"005","5am",0,0,100
"006","5am",0.9741891,3.6868022,95.3390086
"007","5am",1.0138608,0.235231,98.7509082
"008","5am",0.5080535,0.7069685,98.7849779
"009","5am",0,1.0225262,98.9774738
"010","5am",0,0,100
"011","5am",0,0.419025,99.580975
"012","5am",0,1.3059238,98.6940762
"013","5am",0,0,100
"014","5am",1.2257823,2.7668029,96.0074148
"015","5am",0,0.9915453,99.0084547
"016","5am",0.909742,1.1676029,97.9226551
"017","5am",2.4835564,3.5550768,93.9613668
"018","5am",3.5028914,1.8702289,94.6268798
"019","5am",1.0708437,0,98.9291563
"020","5am",0,0.9785064,99.0214936
"021","5am",0,2.7694548,97.2305452
"022","5am",0,0.7132313,99.2867687
"023","5am",0,1.3161223,98.6838777
"024","5am",0,0.8092776,99.1907224
"025","5am",0,2.7977356,97.2022644
"026","5am",0,0,100
"027","5am",0,0,100
"028","5am",0.9733351,2.7378934,96.2887715
"029","5am",2.5099139,1.034039,96.456047
"030","5am",1.2907128,98.0046111,0.7046761
"031","5am",0,99.3180676,0.6819324
"032","5am",0,99.1685987,0.8314013
"033","5am",0.7444003,98.7772981,0.4783016
"034","5am",0,98.5782367,1.4217633
"035","5am",1.3711737,98.6288263,0
"036","5am",0,98.5631116,1.4368884
"037","5am",0,100,0
"038","5am",1.4188089,97.3719418,1.2092493
"039","5am",0,100,0
"040","5am",0,100,0
"041","5am",0,99.5171481,0.4828519
"042","5am",3.4410245,96.5589755,0
"043","5am",0.4691537,99.2443635,0.2864828
"044","5am",0,96.7902426,3.2097574
"045","5am",98.350167,0,1.649833
"046","5am",1.012276,98.987724,0
"047","5am",0,100,0
"048","5am",0,100,0
"049","5am",3.2031716,96.0099056,0.7869228
"050","5am",0.9292684,98.6669492,0.4037823
"051","5am",0,99.8840721,0.1159279
"052","5am",1.3185007,98.6814993,0
"053","5am",0,100,0
"054","5am",0.7179353,98.9386852,0.3433794
"055","5am",0,100,0
"056","5am",0.7771296,97.3438703,1.8790001
"057","5am",100,0,0
"058","5am",100,0,0
"059","5am",98.3578002,1.6421998,0
"060","5am",100,0,0
"061","5am",100,0,0
"062","5am",99.5975538,0.4024462,0
"063","5am",100,0,0
"064","5am",98.9537772,0,1.0462228
"065","5am",99.1274111,0.5539927,0.3185961
"066","5am",96.7009447,2.3823186,0.9167367
"001","6am",0,1.2461956,98.7538044
"002","6am",0.8925809,0.924557,98.1828621
"003","6am",0.4499345,0.8626828,98.6873828
"004","6am",0,1.1116403,98.8883597
"005","6am",0.399636,0,99.600364
"006","6am",1.8789211,3.9620661,94.1590128
"007","6am",1.0672133,1.1776587,97.7551279
"008","6am",0.9370312,2.2767424,96.7862264
"009","6am",0,0.4882174,99.5117826
"010","6am",0,1.1144215,98.8855785
"011","6am",0,0.4249129,99.5750871
"012","6am",0,1.2917861,98.7082139
"013","6am",1.3819588,1.7324984,96.8855427
"014","6am",1.2690905,2.864557,95.8663525
"015","6am",0.9010646,1.0110665,98.0878689
"016","6am",2.1250607,1.7866155,96.0883237
"017","6am",2.324681,3.2438978,94.4314212
"018","6am",7.3543934,7.7551395,84.890467
"019","6am",1.1430116,0,98.8569884
"020","6am",0,1.0414704,98.9585296
"021","6am",0.7360362,3.2946075,95.9693564
"022","6am",0,0.7411074,99.2588926
"023","6am",0,1.6220351,98.3779649
"024","6am",0.2888886,3.1186561,96.5924553
"025","6am",4.2689563,9.0002299,86.7308138
"026","6am",0,0.9653046,99.0346954
"027","6am",0,0,100
"028","6am",0.9966605,3.2853853,95.7179542
"029","6am",4.1919749,8.7154981,87.092527
"030","6am",4.6225447,93.3325783,2.0448771
"031","6am",0,99.1561118,0.8438882
"032","6am",0.5259723,94.8928121,4.5812156
"033","6am",0.7856492,98.7095454,0.5048054
"034","6am",0,98.5835765,1.4164235
"035","6am",1.3756612,97.0475769,1.5767619
"036","6am",0,97.7437281,2.2562719
"037","6am",1.5040853,98.2213818,0.2745328
"038","6am",2.7007295,95.053273,2.2459975
"039","6am",0,100,0
"040","6am",0,100,0
"041","6am",0,99.0297726,0.9702274
"042","6am",3.8092137,95.3054853,0.885301
"043","6am",0.5234276,98.6273566,0.8492158
"044","6am",1.5911302,96.202281,2.2065888
"045","6am",96.9384181,0.792815,2.2687669
"046","6am",3.0877612,96.2596991,0.6525397
"047","6am",1.3448859,97.910887,0.7442271
"048","6am",0,100,0
"049","6am",6.3817504,91.8046838,1.8135658
"050","6am",1.2409114,97.0669997,1.6920889
"051","6am",0,99.7540499,0.2459501
"052","6am",1.4342916,98.5657084,0
"053","6am",0,100,0
"054","6am",1.1843389,98.028641,0.7870201
"055","6am",0,100,0
"056","6am",0.8030828,96.9655124,2.2314048
"057","6am",100,0,0
"058","6am",100,0,0
"059","6am",98.1372337,1.8627663,0
"060","6am",100,0,0
"061","6am",100,0,0
"062","6am",99.5385583,0.4614417,0
"063","6am",100,0,0
"064","6am",98.8701446,0,1.1298554
"065","6am",97.9848134,1.6822599,0.3329267
"066","6am",95.3261951,3.5118497,1.1619553
"001","7am",4.0966989,6.5014323,89.4018688
"002","7am",3.3134187,11.8328331,84.8537482
"003","7am",0.8062621,8.7391499,90.454588
"004","7am",3.3093451,7.8570163,88.8336386
"005","7am",3.3336785,5.998891,90.6674305
"006","7am",5.3687836,8.7836266,85.8475898
"007","7am",4.2642475,8.7810715,86.954681
"008","7am",1.130476,5.3919479,93.4775761
"009","7am",1.4751834,5.2769495,93.2478671
"010","7am",1.0052746,1.308886,97.6858394
"011","7am",0.9872953,2.1691015,96.8436032
"012","7am",0,3.250182,96.749818
"013","7am",3.7464197,7.7650302,88.4885501
"014","7am",1.2507954,8.6139699,90.1352347
"015","7am",1.0208366,1.8695889,97.1095746
"016","7am",5.0477082,7.1596753,87.7926164
"017","7am",6.1731621,10.8952021,82.9316358
"018","7am",13.4995361,10.0947877,76.4056762
"019","7am",2.2753403,6.2171071,91.5075526
"020","7am",4.6420631,4.6238435,90.7340934
"021","7am",5.1794238,8.6596512,86.160925
"022","7am",0.5411846,0.8413941,98.6174214
"023","7am",6.4842571,17.0706636,76.4450793
"024","7am",5.0603441,13.3173315,81.6223244
"025","7am",16.2100213,22.7841605,61.0058182
"026","7am",2.8256243,3.571732,93.6026438
"027","7am",4.1232631,6.8318175,89.0449194
"028","7am",4.0980619,21.0404289,74.8615091
"029","7am",11.6497102,22.878404,65.4718858
"030","7am",7.2662318,79.0437934,13.6899748
"031","7am",1.6215007,95.7603161,2.6181832
"032","7am",4.2965218,81.5590363,14.1444419
"033","7am",5.5196303,93.9515006,0.528869
"034","7am",1.0760317,94.424596,4.4993723
"035","7am",2.6978718,93.6327035,3.6694247
"036","7am",0.6747,96.3093315,3.0159685
"037","7am",5.0111533,90.3326671,4.6561797
"038","7am",5.5164148,86.2021323,8.2814529
"039","7am",4.4723518,90.716429,4.8112192
"040","7am",0.6144201,97.0224735,2.3631063
"041","7am",5.4713312,90.7186745,3.8099942
"042","7am",7.6125962,89.2232,3.1642038
"043","7am",0.6868453,98.0383008,1.2748539
"044","7am",2.793875,93.7338718,3.4722532
"045","7am",90.9819438,3.9823031,5.0357531
"046","7am",6.1786282,77.4567258,16.364646
"047","7am",6.9621719,88.3362449,4.7015832
"048","7am",0,100,0
"049","7am",7.4779547,87.7709628,4.7510825
"050","7am",1.5520278,96.3316493,2.1163229
"051","7am",0,99.5584599,0.4415401
"052","7am",2.1081444,97.3401433,0.5517123
"053","7am",3.0855416,95.8288456,1.0856128
"054","7am",6.6165861,90.9047315,2.4786823
"055","7am",0,98.6000171,1.3999829
"056","7am",1.7051372,94.2020976,4.0927653
"057","7am",97.2614084,0,2.7385916
"058","7am",98.1373564,1.8626436,0
"059","7am",97.4469093,2.5530907,0
"060","7am",99.3458142,0.6541858,0
"061","7am",97.9229862,2.0770138,0
"062","7am",96.4254931,3.5745069,0
"063","7am",100,0,0
"064","7am",97.2868551,0.5932227,2.1199222
"065","7am",92.8478826,3.9508025,3.2013149
"066","7am",86.8011904,11.376837,1.8219726
"001","8am",5.850033,11.393734,82.756233
"002","8am",5.050586,17.089744,77.8596695
"003","8am",5.533375,19.184576,75.2820488
"004","8am",8.956283,14.026597,77.0171198
"005","8am",7.161643,7.309504,85.5288524
"006","8am",7.253295,16.853811,75.8928941
"007","8am",5.602849,14.857771,79.5393797
"008","8am",2.12185,11.09608,86.7820701
"009","8am",4.038749,9.648093,86.3131586
"010","8am",3.852656,5.412069,90.7352747
"011","8am",0.864315,5.008921,94.1267642
"012","8am",0,7.681035,92.3189653
"013","8am",8.95214,8.432987,82.6148729
"014","8am",1.265361,12.716858,86.0177812
"015","8am",2.580926,3.398013,94.0210613
"016","8am",6.519237,11.378304,82.1024589
"017","8am",8.578262,26.252305,65.1694332
"018","8am",14.66416,16.058943,69.2768967
"019","8am",7.343701,10.14109,82.5152094
"020","8am",5.867563,8.85103,85.2814063
"021","8am",8.428,11.823991,79.7480087
"022","8am",1.896026,5.410139,92.6938345
"023","8am",11.150183,26.346657,62.5031602
"024","8am",4.583488,18.264701,77.1518115
"025","8am",12.113549,37.034478,50.8519734
"026","8am",5.557971,9.571463,84.8705656
"027","8am",4.027352,21.116115,74.8565322
"028","8am",9.763341,26.25059,63.9860697
"029","8am",14.288689,34.124456,51.5868546
"030","8am",9.68076,66.132345,24.1868947
"031","8am",5.712676,88.643259,5.6440653
"032","8am",9.976568,71.48505,18.5383814
"033","8am",11.846851,81.064973,7.088176
"034","8am",5.625695,76.616161,17.7581444
"035","8am",3.356526,91.146616,5.4968574
"036","8am",1.65898,92.160215,6.1808051
"037","8am",11.424683,77.964701,10.6106163
"038","8am",9.902294,76.357992,13.7397143
"039","8am",7.461547,85.949077,6.5893761
"040","8am",1.833214,93.266327,4.900459
"041","8am",7.10453,83.013237,9.8822333
"042","8am",11.600816,84.671283,3.7279012
"043","8am",5.718861,89.131483,5.1496557
"044","8am",7.936594,86.455846,5.6075594
"045","8am",81.037233,6.484853,12.4779139
"046","8am",9.494706,59.002924,31.5023696
"047","8am",6.459901,81.860521,11.6795782
"048","8am",0,100,0
"049","8am",8.665379,82.082131,9.25249
"050","8am",6.991116,88.241176,4.7677071
"051","8am",2.72324,94.579801,2.6969595
"052","8am",6.246228,93.100338,0.6534335
"053","8am",2.739406,95.703755,1.5568396
"054","8am",14.182946,80.784079,5.0329746
"055","8am",0,97.918972,2.0810279
"056","8am",3.875066,80.732367,15.3925674
"057","8am",93.172067,1.711788,5.1161448
"058","8am",92.794368,3.803089,3.402543
"059","8am",91.56682,6.559849,1.8733314
"060","8am",96.205604,3.024817,0.7695794
"061","8am",96.502506,3.497494,0
"062","8am",90.382207,9.284188,0.3336059
"063","8am",100,0,0
"064","8am",94.172656,1.746762,4.0805822
"065","8am",87.333576,8.430408,4.2360155
"066","8am",74.2657,17.741515,7.9927853
"001","9am",5.510557,15.6304302,78.8590132
"002","9am",5.741478,18.5667061,75.6918155
"003","9am",5.537084,21.6455981,72.8173183
"004","9am",9.248601,17.3748893,73.3765102
"005","9am",8.297369,7.8063497,83.8962818
"006","9am",7.803585,18.333918,73.8624968
"007","9am",8.516081,17.4725827,74.0113359
"008","9am",3.374416,11.4338213,85.1917628
"009","9am",5.130542,11.1962203,83.6732377
"010","9am",3.396233,6.0638338,90.539933
"011","9am",3.405445,6.2282396,90.3663149
"012","9am",0,10.9916012,89.0083988
"013","9am",9.24534,10.6751064,80.0795539
"014","9am",3.883091,15.8939363,80.2229728
"015","9am",1.811082,3.9000569,94.2888613
"016","9am",7.984164,13.1370445,78.8787912
"017","9am",8.874189,30.060157,61.0656538
"018","9am",15.19776,17.0302616,67.7719788
"019","9am",7.062973,12.9305031,80.0065234
"020","9am",7.338093,10.630189,82.0317175
"021","9am",8.906357,13.5504641,77.543179
"022","9am",1.992975,9.5943093,88.4127152
"023","9am",13.579001,28.7315688,57.68943
"024","9am",5.567946,19.4218853,75.0101688
"025","9am",12.838289,37.9754798,49.1862311
"026","9am",5.983029,10.3034627,83.7135081
"027","9am",4.43368,22.3213845,73.244936
"028","9am",9.965603,27.9608689,62.0735284
"029","9am",13.151568,37.3848921,49.4635395
"030","9am",11.58512,62.3294389,26.0854408
"031","9am",7.815532,81.7208026,10.4636654
"032","9am",10.040561,70.0984758,19.860963
"033","9am",18.690268,71.6216852,9.6880463
"034","9am",5.38946,75.4175313,19.1930082
"035","9am",7.420012,86.3972051,6.1827833
"036","9am",2.225268,90.0307909,7.7439413
"037","9am",8.912058,78.1678297,12.9201122
"038","9am",11.616548,72.859494,15.5239575
"039","9am",9.191849,80.6596153,10.1485353
"040","9am",5.299644,87.8061691,6.8941865
"041","9am",11.909596,74.9630211,13.1273825
"042","9am",10.882129,85.1766631,3.9412076
"043","9am",4.571698,87.9810124,7.4472897
"044","9am",7.045841,87.3101484,5.6440102
"045","9am",78.056851,8.3769323,13.5662162
"046","9am",10.507838,55.0981255,34.3940367
"047","9am",5.55918,81.0559591,13.3848611
"048","9am",0,95.9003295,4.0996705
"049","9am",5.548893,81.5554475,12.89566
"050","9am",5.516735,89.4518504,5.0314148
"051","9am",4.607025,92.5813852,2.8115902
"052","9am",7.201644,92.108307,0.690049
"053","9am",2.723976,95.6015859,1.6744377
"054","9am",13.573644,80.5486206,5.8777358
"055","9am",1.763395,93.5512197,4.6853855
"056","9am",6.386274,74.7452308,18.8684952
"057","9am",91.825339,2.6814324,5.4932287
"058","9am",92.405357,4.0084069,3.5862362
"059","9am",86.515731,8.769917,4.7143524
"060","9am",98.308362,0.8517212,0.8399172
"061","9am",96.58613,3.4138701,0
"062","9am",88.325508,10.8107535,0.8637382
"063","9am",100,0,0
"064","9am",95.016238,2.4210757,2.5626858
"065","9am",85.305374,10.1546836,4.5399422
"066","9am",69.385547,21.6770696,8.9373834
"001","10am",7.459137,11.703859,80.837004
"002","10am",5.662735,17.371177,76.9660882
"003","10am",5.463232,22.171928,72.3648395
"004","10am",9.15617,18.387464,72.4563653
"005","10am",9.472791,9.033982,81.493227
"006","10am",8.249885,20.539509,71.2106059
"007","10am",7.642652,18.210929,74.1464196
"008","10am",4.132109,11.620338,84.2475529
"009","10am",5.671025,11.87383,82.4551448
"010","10am",3.625839,6.823552,89.550609
"011","10am",3.744735,7.95855,88.2967144
"012","10am",0,11.594275,88.4057254
"013","10am",11.311727,10.175151,78.5131216
"014","10am",0,15.700985,84.2990152
"015","10am",2.051044,4.416801,93.5321548
"016","10am",7.048038,14.68175,78.2702123
"017","10am",9.261315,34.264168,56.4745173
"018","10am",15.82971,22.103391,62.0668982
"019","10am",8.615057,14.788626,76.5963168
"020","10am",5.450343,11.985888,82.5637691
"021","10am",8.485996,15.290702,76.2233019
"022","10am",2.745864,11.143223,86.1109129
"023","10am",13.179174,29.721559,57.0992676
"024","10am",6.148835,19.514293,74.3368714
"025","10am",14.45965,35.639995,49.9003543
"026","10am",6.240535,12.600728,81.1587368
"027","10am",3.940203,22.810903,73.2488939
"028","10am",10.754359,28.344072,60.9015683
"029","10am",13.671153,39.259382,47.0694653
"030","10am",11.99766,59.687132,28.3152075
"031","10am",6.465947,81.563318,11.9707355
"032","10am",12.240977,64.904494,22.8545292
"033","10am",19.811817,69.388822,10.7993615
"034","10am",6.246655,73.678341,20.0750042
"035","10am",5.986009,85.055945,8.9580465
"036","10am",2.588417,88.072682,9.3389019
"037","10am",9.392167,76.501118,14.1067154
"038","10am",11.729716,71.669622,16.6006619
"039","10am",10.902065,79.81476,9.283175
"040","10am",5.368074,87.648721,6.983205
"041","10am",12.431887,76.358372,11.2097412
"042","10am",14.061807,79.530615,6.407578
"043","10am",5.990359,88.266909,5.742732
"044","10am",7.573237,83.84753,8.579233
"045","10am",77.444168,7.586086,14.9697462
"046","10am",14.761496,49.400725,35.8377795
"047","10am",5.822879,79.882769,14.2943514
"048","10am",0,94.700562,5.2994376
"049","10am",6.189095,81.790306,12.0205998
"050","10am",5.994542,88.53827,5.4671881
"051","10am",2.84836,92.816638,4.3350021
"052","10am",10.751402,87.71187,1.5367284
"053","10am",2.955774,93.437854,3.606372
"054","10am",14.573675,78.996998,6.4293265
"055","10am",0,93.394305,6.6056954
"056","10am",8.126238,73.981264,17.8924984
"057","10am",89.832946,4.921235,5.245819
"058","10am",91.214565,4.6369,4.1485354
"059","10am",83.335579,10.748704,5.9157166
"060","10am",95.666623,3.454482,0.8788955
"061","10am",96.414747,3.585253,0
"062","10am",86.960795,12.1979,0.8413046
"063","10am",100,0,0
"064","10am",94.532489,2.799166,2.6683451
"065","10am",84.370673,10.382364,5.2469629
"066","10am",68.809798,20.863222,10.3269801
"001","11am",7.164127,10.639627,82.1962465
"002","11am",6.105264,17.879125,76.0156116
"003","11am",5.053827,22.263032,72.6831407
"004","11am",8.637672,18.613791,72.7485378
"005","11am",9.356169,7.956875,82.6869563
"006","11am",8.389004,19.912058,71.6989386
"007","11am",6.213308,17.177109,76.6095837
"008","11am",4.354239,10.643002,85.0027591
"009","11am",3.981449,12.441069,83.5774827
"010","11am",3.460101,8.597845,87.9420542
"011","11am",3.446696,7.526923,89.0263813
"012","11am",0,16.42576,83.5742401
"013","11am",11.753242,10.620758,77.6259997
"014","11am",0,17.604809,82.3951908
"015","11am",1.861435,4.796088,93.342477
"016","11am",7.082669,11.72583,81.1915011
"017","11am",8.50433,33.268156,58.227514
"018","11am",14.644457,25.255144,60.1003992
"019","11am",7.598328,14.427745,77.9739274
"020","11am",5.529458,11.422496,83.0480462
"021","11am",8.770444,14.118309,77.1112476
"022","11am",2.681455,10.943765,86.3747801
"023","11am",13.902866,29.468822,56.6283121
"024","11am",6.15829,19.835346,74.0063632
"025","11am",13.397785,37.05958,49.5426354
"026","11am",9.058472,11.668473,79.2730551
"027","11am",3.620904,18.781986,77.5971095
"028","11am",11.29727,26.53504,62.1676906
"029","11am",12.128156,37.479367,50.3924772
"030","11am",11.871238,61.112514,27.0162481
"031","11am",6.999402,81.990013,11.0105847
"032","11am",8.998501,70.127941,20.8735582
"033","11am",20.418913,73.148172,6.4329149
"034","11am",6.944879,70.827656,22.2274645
"035","11am",4.566049,89.42952,6.0044303
"036","11am",2.574013,87.991515,9.4344712
"037","11am",9.880313,75.691248,14.4284395
"038","11am",11.105518,72.495943,16.3985382
"039","11am",12.722039,78.942424,8.3355373
"040","11am",4.193415,89.809944,5.9966412
"041","11am",10.256843,80.127963,9.6151944
"042","11am",9.503117,84.440751,6.0561321
"043","11am",3.604074,92.881531,3.5143951
"044","11am",7.782084,83.484211,8.7337048
"045","11am",76.075783,9.449864,14.4743529
"046","11am",14.888898,48.669719,36.4413823
"047","11am",5.090619,79.639179,15.2702024
"048","11am",0,96.686423,3.3135771
"049","11am",7.535776,78.931815,13.5324097
"050","11am",8.602072,86.353596,5.0443317
"051","11am",2.820738,92.361971,4.8172904
"052","11am",6.544302,91.933434,1.5222646
"053","11am",1.608302,94.527877,3.8638214
"054","11am",13.587358,79.446638,6.9660034
"055","11am",2.071798,91.459949,6.4682531
"056","11am",9.183838,72.549353,18.2668083
"057","11am",90.897467,3.580992,5.5215415
"058","11am",92.347045,3.397057,4.255898
"059","11am",87.579233,7.346845,5.0739223
"060","11am",93.218928,5.916901,0.8641713
"061","11am",97.46436,2.53564,0
"062","11am",88.163149,10.962736,0.874115
"063","11am",100,0,0
"064","11am",94.946305,2.587307,2.4663877
"065","11am",85.286226,8.777338,5.9364366
"066","11am",71.485288,20.233195,8.2815162
"001","12am",7.863968,9.288439,82.8475931
"002","12am",7.143596,18.971551,73.8848529
"003","12am",5.837214,20.406839,73.7559475
"004","12am",7.087058,21.380631,71.5323108
"005","12am",7.821365,6.240577,85.938057
"006","12am",7.544538,14.972493,77.4829684
"007","12am",4.72759,16.055218,79.2171918
"008","12am",4.16289,10.533423,85.3036868
"009","12am",5.187887,11.258827,83.5532867
"010","12am",2.862326,5.965546,91.1721279
"011","12am",3.037301,7.147677,89.8150212
"012","12am",1.50502,9.807351,88.6876295
"013","12am",9.157751,13.05347,77.7887791
"014","12am",1.263806,15.562154,83.1740398
"015","12am",2.622409,4.563178,92.8144125
"016","12am",7.802761,12.590742,79.6064973
"017","12am",8.83368,29.104999,62.0613211
"018","12am",13.181409,21.549641,65.2689503
"019","12am",7.156175,11.416449,81.4273754
"020","12am",6.910907,7.656107,85.432986
"021","12am",8.74497,13.577769,77.6772609
"022","12am",4.044257,11.361886,84.5938562
"023","12am",11.092212,27.092818,61.8149694
"024","12am",6.382266,19.774806,73.8429283
"025","12am",15.965649,32.137293,51.8970581
"026","12am",5.531665,9.260561,85.2077748
"027","12am",3.968575,17.206598,78.8248279
"028","12am",12.053495,25.662938,62.2835676
"029","12am",13.210264,31.523247,55.2664898
"030","12am",11.387461,63.771553,24.8409867
"031","12am",5.092894,84.828149,10.0789569
"032","12am",8.344217,72.268296,19.3874874
"033","12am",22.569632,72.611632,4.8187369
"034","12am",6.014078,77.675655,16.3102676
"035","12am",4.581887,90.159171,5.258942
"036","12am",4.72737,86.514005,8.7586255
"037","12am",11.191693,77.262398,11.5459086
"038","12am",9.404756,75.562298,15.0329467
"039","12am",10.834077,82.692787,6.4731357
"040","12am",4.770649,90.40446,4.824891
"041","12am",6.476603,83.194432,10.3289648
"042","12am",7.932979,85.662342,6.4046793
"043","12am",2.755396,91.921433,5.3231708
"044","12am",5.72946,88.390759,5.8797807
"045","12am",84.035806,6.238903,9.7252918
"046","12am",11.895541,50.195565,37.9088943
"047","12am",4.926227,82.505897,12.567876
"048","12am",5.723023,89.521026,4.7559517
"049","12am",8.189857,77.013467,14.7966768
"050","12am",5.709377,88.740887,5.5497359
"051","12am",2.293441,94.90819,2.7983686
"052","12am",2.634982,94.770724,2.5942947
"053","12am",0,96.501738,3.4982616
"054","12am",11.786681,82.82779,5.3855289
"055","12am",4.707122,90.62711,4.6657683
"056","12am",8.643492,74.471367,16.8851414
"057","12am",90.659943,3.24474,6.0953171
"058","12am",95.354727,3.000294,1.6449789
"059","12am",86.088215,9.683607,4.228178
"060","12am",94.978995,4.231232,0.7897729
"061","12am",98.318434,1.681566,0
"062","12am",89.388537,9.71614,0.8953231
"063","12am",100,0,0
"064","12am",98.096845,1.142252,0.7609029
"065","12am",86.597139,7.141213,6.2616478
"066","12am",75.063164,16.639907,8.2969295
"001","1pm",9.100079,10.101309,80.7986123
"002","1pm",5.293194,18.316483,76.3903231
"003","1pm",7.457367,21.249227,71.2934054
"004","1pm",9.671724,19.974931,70.3533449
"005","1pm",9.123923,9.544618,81.331459
"006","1pm",6.937887,16.638161,76.4239513
"007","1pm",5.178625,15.260023,79.5613514
"008","1pm",2.940586,12.703503,84.355911
"009","1pm",4.026846,11.49079,84.4823639
"010","1pm",3.721335,7.009726,89.2689394
"011","1pm",3.2331,8.163475,88.6034251
"012","1pm",4.059071,9.68397,86.2569589
"013","1pm",9.305521,14.906641,75.787838
"014","1pm",0,16.953918,83.0460819
"015","1pm",1.798536,4.959921,93.2415428
"016","1pm",8.757606,14.201413,77.0409813
"017","1pm",7.668581,24.35443,67.9769888
"018","1pm",10.423714,19.881712,69.6945739
"019","1pm",7.632806,14.045101,78.3220929
"020","1pm",7.910102,10.854776,81.2351218
"021","1pm",9.421074,14.47505,76.1038756
"022","1pm",2.766133,13.350633,83.8832338
"023","1pm",13.485784,28.746788,57.7674279
"024","1pm",5.218382,19.77953,75.0020878
"025","1pm",12.814817,36.861113,50.3240698
"026","1pm",2.453782,13.0433,84.5029187
"027","1pm",3.486153,20.543483,75.9703637
"028","1pm",11.96023,25.373744,62.6660257
"029","1pm",13.221435,36.026288,50.7522779
"030","1pm",10.805726,63.392013,25.802261
"031","1pm",4.773391,77.753016,17.4735933
"032","1pm",10.104496,66.857159,23.0383452
"033","1pm",17.453151,72.630836,9.9160128
"034","1pm",7.850571,71.348453,20.8009763
"035","1pm",5.34156,88.931548,5.726892
"036","1pm",2.243353,88.822948,8.9336984
"037","1pm",11.251455,75.45408,13.2944652
"038","1pm",8.386885,75.209314,16.4038011
"039","1pm",10.784141,79.690215,9.5256434
"040","1pm",3.12842,93.008811,3.8627692
"041","1pm",6.86282,83.150865,9.9863143
"042","1pm",9.871899,83.370471,6.7576301
"043","1pm",4.102848,90.952203,4.9449487
"044","1pm",8.930398,83.03493,8.0346719
"045","1pm",75.653518,11.145592,13.2008902
"046","1pm",13.414852,50.129743,36.4554049
"047","1pm",5.043939,79.150089,15.8059723
"048","1pm",5.782666,89.411818,4.8055162
"049","1pm",5.645805,80.612877,13.741318
"050","1pm",6.66996,91.426426,1.9036136
"051","1pm",5.335958,91.911426,2.7526151
"052","1pm",3.436388,93.829523,2.7340891
"053","1pm",2.628342,92.622956,4.7487024
"054","1pm",14.232455,78.121831,7.6457147
"055","1pm",3.192081,90.656343,6.1515758
"056","1pm",10.823196,73.521379,15.6554257
"057","1pm",91.433726,3.303717,5.2625577
"058","1pm",93.376175,2.903088,3.7207371
"059","1pm",82.873715,12.826438,4.2998467
"060","1pm",95.973111,3.210155,0.8167334
"061","1pm",96.72547,3.27453,0
"062","1pm",87.544868,11.593797,0.8613344
"063","1pm",100,0,0
"064","1pm",97.434696,1.772327,0.7929768
"065","1pm",87.537915,6.967311,5.4947741
"066","1pm",73.921683,16.755058,9.3232589
"001","2pm",8.635405,11.593133,79.7714619
"002","2pm",5.614474,17.864769,76.5207568
"003","2pm",8.040343,19.922837,72.0368196
"004","2pm",10.70943,18.691369,70.5992014
"005","2pm",8.954175,12.308467,78.7373576
"006","2pm",8.301974,19.149404,72.5486221
"007","2pm",7.067372,19.364661,73.5679672
"008","2pm",2.339725,10.361964,87.2983107
"009","2pm",4.868034,11.738609,83.3933563
"010","2pm",3.891936,5.116469,90.9915952
"011","2pm",3.546165,6.17667,90.2771646
"012","2pm",4.162552,16.55965,79.2777985
"013","2pm",9.564372,12.672486,77.7631421
"014","2pm",1.189604,22.811601,75.9987949
"015","2pm",1.774739,5.076367,93.1488947
"016","2pm",8.76633,15.681981,75.5516893
"017","2pm",8.891369,28.2561,62.8525313
"018","2pm",11.594761,24.731011,63.6742277
"019","2pm",6.549404,14.535826,78.9147698
"020","2pm",7.322742,11.314095,81.3631625
"021","2pm",5.372149,18.547027,76.0808238
"022","2pm",3.341052,10.182391,86.4765569
"023","2pm",13.952895,27.916334,58.1307708
"024","2pm",5.066043,19.354226,75.579731
"025","2pm",13.665582,36.865484,49.468934
"026","2pm",2.482974,15.084809,82.4322167
"027","2pm",3.953443,23.844488,72.2020692
"028","2pm",12.317795,25.764626,61.9175791
"029","2pm",13.161971,36.524985,50.3130442
"030","2pm",9.670835,63.071472,27.2576934
"031","2pm",8.230129,76.38659,15.3832807
"032","2pm",14.058677,63.562526,22.3787976
"033","2pm",18.384084,68.966965,12.6489509
"034","2pm",7.195372,73.305413,19.4992155
"035","2pm",5.542385,86.805319,7.6522956
"036","2pm",3.633508,85.929856,10.4366365
"037","2pm",16.072845,70.524131,13.4030242
"038","2pm",8.208438,75.668618,16.1229437
"039","2pm",13.73063,76.038089,10.2312803
"040","2pm",3.251126,90.97781,5.7710636
"041","2pm",8.671438,80.984863,10.3436989
"042","2pm",9.129853,84.831317,6.03883
"043","2pm",5.355027,87.1871,7.457873
"044","2pm",8.699616,80.25991,11.0404741
"045","2pm",76.371373,12.494266,11.134361
"046","2pm",13.409812,50.991581,35.5986072
"047","2pm",5.879439,80.195026,13.9255353
"048","2pm",5.791467,87.556853,6.6516796
"049","2pm",8.700693,74.171835,17.1274727
"050","2pm",6.3288,90.947959,2.7232411
"051","2pm",5.485574,89.876537,4.6378896
"052","2pm",3.364199,94.935543,1.7002576
"053","2pm",2.512876,92.947037,4.5400873
"054","2pm",11.659159,80.803017,7.5378238
"055","2pm",2.257294,92.716121,5.0265849
"056","2pm",11.680125,72.832805,15.4870702
"057","2pm",88.94845,6.090496,4.9610549
"058","2pm",92.318358,4.15771,3.5239318
"059","2pm",80.850086,14.637271,4.5126434
"060","2pm",94.835984,4.375602,0.788414
"061","2pm",94.526779,4.758359,0.7148628
"062","2pm",87.595128,11.730839,0.6740324
"063","2pm",98.944468,0,1.055532
"064","2pm",94.876646,4.31321,0.8101441
"065","2pm",86.738803,8.138028,5.1231693
"066","2pm",72.076186,17.770226,10.1535875
"001","3pm",6.312807,11.298687,82.3885056
"002","3pm",4.78905,18.588587,76.6223629
"003","3pm",7.74254,19.498961,72.7584986
"004","3pm",10.473281,19.928244,69.5984754
"005","3pm",11.819957,8.661905,79.5181387
"006","3pm",8.611053,19.998206,71.3907418
"007","3pm",4.590343,17.386935,78.0227223
"008","3pm",2.646914,11.356469,85.9966171
"009","3pm",5.781378,12.871644,81.3469774
"010","3pm",4.433646,4.926249,90.6401047
"011","3pm",3.587775,6.58659,89.8256346
"012","3pm",4.766355,18.066766,77.1668787
"013","3pm",9.651966,14.066818,76.281216
"014","3pm",1.201192,22.051225,76.7475827
"015","3pm",1.675315,5.10059,93.2240954
"016","3pm",7.310309,12.686766,80.0029248
"017","3pm",11.707697,24.528174,63.7641289
"018","3pm",13.624944,15.767175,70.6078809
"019","3pm",6.50553,16.709346,76.7851235
"020","3pm",2.172933,11.35697,86.4700973
"021","3pm",5.41771,14.934817,79.6474733
"022","3pm",3.995069,9.850633,86.1542975
"023","3pm",14.314348,28.374851,57.3108009
"024","3pm",4.987259,19.486007,75.5267345
"025","3pm",12.392583,38.400693,49.2067241
"026","3pm",5.544396,13.857314,80.5982899
"027","3pm",3.656195,23.526216,72.817589
"028","3pm",11.788443,26.078471,62.1330859
"029","3pm",13.126458,36.019175,50.8543671
"030","3pm",10.191506,62.781923,27.0265712
"031","3pm",8.73173,73.914362,17.3539078
"032","3pm",15.41372,61.409585,23.1766948
"033","3pm",18.369339,66.10773,15.5229316
"034","3pm",7.01687,70.522442,22.4606883
"035","3pm",3.684244,88.235311,8.0804453
"036","3pm",3.292483,86.57236,10.1351577
"037","3pm",10.004663,77.632117,12.3632199
"038","3pm",8.41938,74.631211,16.9494085
"039","3pm",15.674686,75.607208,8.7181051
"040","3pm",7.272731,86.718967,6.0083018
"041","3pm",7.493347,83.097498,9.4091542
"042","3pm",11.579218,82.522434,5.8983482
"043","3pm",2.434521,87.248617,10.3168621
"044","3pm",9.507457,77.673437,12.8191065
"045","3pm",81.134753,8.859489,10.0057572
"046","3pm",10.946645,53.286298,35.7670561
"047","3pm",2.801423,82.52405,14.6745271
"048","3pm",6.728769,90.798014,2.4732172
"049","3pm",9.018941,73.256466,17.7245933
"050","3pm",5.893121,92.008675,2.0982042
"051","3pm",5.137506,90.069294,4.7932003
"052","3pm",6.520684,92.775207,0.7041084
"053","3pm",3.67101,92.45016,3.8788301
"054","3pm",13.349381,78.561619,8.0890005
"055","3pm",0,93.424444,6.5755557
"056","3pm",8.915862,75.233045,15.8510939
"057","3pm",87.398298,6.193778,6.4079243
"058","3pm",91.482909,7.153661,1.3634302
"059","3pm",80.709917,14.75868,4.5314034
"060","3pm",94.622951,4.55611,0.8209387
"061","3pm",90.566442,8.759933,0.6736255
"062","3pm",88.349126,10.980311,0.6705631
"063","3pm",99.060143,0,0.9398573
"064","3pm",96.198428,2.943995,0.8575774
"065","3pm",87.839985,7.389559,4.7704559
"066","3pm",70.949408,19.31987,9.7307215
"001","4pm",3.8484512,8.126536,88.025013
"002","4pm",4.1550708,18.241609,77.6033202
"003","4pm",5.8405207,15.483818,78.675661
"004","4pm",7.820713,18.390385,73.7889021
"005","4pm",6.3752237,7.582739,86.0420369
"006","4pm",6.5752773,16.416822,77.0079009
"007","4pm",0.7546151,13.688445,85.5569402
"008","4pm",1.566618,8.850358,89.5830243
"009","4pm",6.1235168,9.984306,83.892177
"010","4pm",4.0636317,2.625654,93.3107144
"011","4pm",3.3767116,7.983602,88.6396864
"012","4pm",0,9.548613,90.4513868
"013","4pm",8.466543,10.395653,81.1378043
"014","4pm",1.2137377,19.384993,79.401269
"015","4pm",1.1522143,5.1984,93.6493862
"016","4pm",6.2905785,9.593382,84.11604
"017","4pm",9.0036794,20.692707,70.3036137
"018","4pm",7.721505,13.851637,78.426858
"019","4pm",1.2425427,18.175066,80.582391
"020","4pm",3.1282098,10.961991,85.9097994
"021","4pm",5.6502323,12.633245,81.7165223
"022","4pm",3.5929,7.147331,89.2597687
"023","4pm",13.633232,26.353859,60.0129087
"024","4pm",3.7874899,19.255419,76.9570912
"025","4pm",9.3081377,34.9562,55.7356624
"026","4pm",2.1308626,13.628487,84.24065
"027","4pm",1.6513539,19.865816,78.4828302
"028","4pm",10.0435031,25.71748,64.2390174
"029","4pm",10.6113521,35.253518,54.1351296
"030","4pm",9.9477658,62.508235,27.5439994
"031","4pm",4.6296412,83.922084,11.4482752
"032","4pm",11.9753263,68.752367,19.2723065
"033","4pm",13.6359794,74.193733,12.1702877
"034","4pm",3.4784378,75.94156,20.5800023
"035","4pm",5.1446779,86.610867,8.2444547
"036","4pm",3.501236,87.598646,8.9001183
"037","4pm",7.1885986,82.356975,10.4544262
"038","4pm",6.3611836,77.921672,15.7171447
"039","4pm",9.444144,86.121496,4.4343597
"040","4pm",6.3919277,84.377721,9.2303509
"041","4pm",8.9417158,82.359895,8.6983893
"042","4pm",6.5041686,89.705108,3.7907235
"043","4pm",2.3706293,91.438236,6.1911349
"044","4pm",11.89273,77.206571,10.9006994
"045","4pm",81.5466457,7.164452,11.2889021
"046","4pm",8.7565751,58.156754,33.0866707
"047","4pm",5.5779249,84.504344,9.9177312
"048","4pm",5.8312704,91.803539,2.3651903
"049","4pm",10.4366926,74.847652,14.7156557
"050","4pm",6.4794841,91.94283,1.5776858
"051","4pm",4.1431798,93.777865,2.0789555
"052","4pm",4.0491897,95.95081,0
"053","4pm",3.3681364,93.13845,3.4934132
"054","4pm",14.8529305,78.096363,7.0507067
"055","4pm",1.3415684,94.649585,4.0088465
"056","4pm",5.1276963,79.173945,15.6983591
"057","4pm",89.4186843,5.285597,5.2957186
"058","4pm",97.6041826,1.157106,1.2387118
"059","4pm",86.5755839,11.160977,2.2634393
"060","4pm",94.6987457,4.63164,0.6696138
"061","4pm",92.0548369,7.945163,0
"062","4pm",90.7027991,8.440412,0.8567892
"063","4pm",100,0,0
"064","4pm",96.3078197,2.926616,0.7655641
"065","4pm",86.4587866,8.982429,4.5587846
"066","4pm",79.1238495,12.719247,8.1569038
"001","5pm",0.7009308,9.377101,89.921968
"002","5pm",3.0151604,14.089135,82.8957051
"003","5pm",3.7424507,6.08152,90.176029
"004","5pm",4.4729844,7.851574,87.6754417
"005","5pm",2.1446616,4.382478,93.47286
"006","5pm",4.0238545,7.217981,88.7581649
"007","5pm",0.7139944,5.00138,94.2846254
"008","5pm",3.4658776,3.170495,93.3636274
"009","5pm",2.8396439,6.335559,90.8247966
"010","5pm",1.2625229,1.129556,97.6079206
"011","5pm",3.3742395,5.998105,90.6276558
"012","5pm",0,5.110061,94.8899388
"013","5pm",7.0015331,6.961959,86.036508
"014","5pm",2.3906623,14.206103,83.4032348
"015","5pm",0.5379258,5.171212,94.290862
"016","5pm",4.5366929,5.975759,89.4875478
"017","5pm",8.9810112,11.548543,79.4704454
"018","5pm",7.0005994,12.874153,80.1252476
"019","5pm",1.2035988,11.851014,86.9453875
"020","5pm",1.9447034,4.237925,93.8173715
"021","5pm",3.10892,12.140168,84.7509122
"022","5pm",1.2327036,4.705295,94.0620017
"023","5pm",10.7509454,18.008209,71.2408455
"024","5pm",2.3191111,12.305439,85.3754503
"025","5pm",8.6579191,23.901653,67.4404283
"026","5pm",2.0532017,10.598542,87.3482563
"027","5pm",0.3511761,12.117391,87.5314327
"028","5pm",5.9460659,22.551382,71.502552
"029","5pm",7.8483926,26.705205,65.4464023
"030","5pm",5.5123328,71.698226,22.7894415
"031","5pm",5.3536084,86.734067,7.9123248
"032","5pm",6.3814983,83.547204,10.0712976
"033","5pm",6.1904019,86.078111,7.7314869
"034","5pm",1.0812133,84.508387,14.4103993
"035","5pm",3.6405943,89.063002,7.2964035
"036","5pm",3.0877213,90.619645,6.292634
"037","5pm",5.0952925,85.516386,9.3883217
"038","5pm",5.2980151,85.627865,9.0741199
"039","5pm",5.181181,92.262702,2.5561166
"040","5pm",3.482476,89.8689,6.6486235
"041","5pm",7.3532166,84.800395,7.846388
"042","5pm",5.7326156,92.803084,1.4643005
"043","5pm",2.0242894,93.736127,4.2395837
"044","5pm",7.5092602,84.617048,7.8736922
"045","5pm",89.3217885,3.607079,7.0711325
"046","5pm",8.0497702,63.397011,28.5532188
"047","5pm",3.3811552,89.787487,6.8313582
"048","5pm",0,100,0
"049","5pm",11.2877984,75.014169,13.6980321
"050","5pm",4.4656121,94.585943,0.948445
"051","5pm",2.3360603,94.975315,2.6886243
"052","5pm",3.8080278,96.191972,0
"053","5pm",1.1396851,97.385392,1.4749225
"054","5pm",8.1679961,86.099736,5.7322683
"055","5pm",0,98.993023,1.0069768
"056","5pm",8.6400277,78.646601,12.7133713
"057","5pm",96.4110653,2.56803,1.0209048
"058","5pm",100,0,0
"059","5pm",90.9316909,7.666078,1.4022309
"060","5pm",95.6311612,4.368839,0
"061","5pm",93.3162008,6.683799,0
"062","5pm",93.3719245,5.719552,0.9085231
"063","5pm",100,0,0
"064","5pm",98.5546457,1.445354,0
"065","5pm",92.3944158,4.072928,3.5326559
"066","5pm",86.6073291,6.727845,6.6648255
"001","6pm",1.6656462,6.505633,91.8287206
"002","6pm",0.7865807,9.810516,89.4029038
"003","6pm",1.8045373,4.159044,94.0364187
"004","6pm",2.1983328,5.571372,92.2302947
"005","6pm",1.1163638,1.138518,97.7451178
"006","6pm",3.5031889,3.375531,93.1212796
"007","6pm",0,2.82646,97.1735403
"008","6pm",1.5481994,2.165732,96.2860681
"009","6pm",1.8505281,3.908584,94.2408882
"010","6pm",1.109561,0,98.890439
"011","6pm",1.0776941,3.283975,95.6383312
"012","6pm",0,2.170534,97.8294658
"013","6pm",4.5732377,2.319502,93.1072606
"014","6pm",0,3.281025,96.7189752
"015","6pm",0.4948435,4.858215,94.6469414
"016","6pm",1.0620595,2.615098,96.3228424
"017","6pm",8.0271259,10.998533,80.9743407
"018","6pm",9.8714082,6.777453,83.3511386
"019","6pm",1.8545802,3.929959,94.2154608
"020","6pm",1.8588507,2.212438,95.9287114
"021","6pm",1.3033285,10.618119,88.0785527
"022","6pm",0.5423543,1.22599,98.2316557
"023","6pm",6.0246167,10.205946,83.7694375
"024","6pm",1.5243158,7.422425,91.0532593
"025","6pm",5.0842833,11.828977,83.0867396
"026","6pm",0,4.593639,95.406361
"027","6pm",0,4.47854,95.52146
"028","6pm",0,7.20561,92.7943904
"029","6pm",4.3839991,16.346422,79.2695793
"030","6pm",4.7363196,81.610401,13.6532793
"031","6pm",3.2239602,92.225207,4.5508325
"032","6pm",1.8934964,85.739498,12.3670052
"033","6pm",9.7883027,83.534169,6.6775282
"034","6pm",1.1285675,91.64435,7.2270829
"035","6pm",1.3892117,95.680931,2.9298571
"036","6pm",0.8761329,94.668451,4.4554156
"037","6pm",4.9816872,89.227626,5.7906871
"038","6pm",3.696891,91.175323,5.1277861
"039","6pm",7.8182927,91.699195,0.482512
"040","6pm",2.7704641,91.095537,6.1339985
"041","6pm",3.5080924,90.185617,6.3062903
"042","6pm",0,99.479093,0.5209068
"043","6pm",0.423176,98.451495,1.125329
"044","6pm",6.3134537,88.936655,4.7498915
"045","6pm",88.0420411,5.061496,6.8964627
"046","6pm",4.8747109,70.602566,24.5227226
"047","6pm",3.7909389,93.752575,2.4564864
"048","6pm",0,100,0
"049","6pm",10.3314495,78.891717,10.7768334
"050","6pm",3.1675358,95.998324,0.8341402
"051","6pm",1.831903,96.230498,1.937599
"052","6pm",0.4557163,99.544284,0
"053","6pm",0.9426763,98.410828,0.6464954
"054","6pm",4.4866415,93.313049,2.2003099
"055","6pm",0,100,0
"056","6pm",1.5867812,91.150913,7.2623061
"057","6pm",98.1607017,1.839298,0
"058","6pm",100,0,0
"059","6pm",94.0331062,5.197743,0.769151
"060","6pm",97.708346,2.291654,0
"061","6pm",97.1096899,2.89031,0
"062","6pm",97.4130322,1.769723,0.8172451
"063","6pm",98.3058256,1.694174,0
"064","6pm",97.7110492,1.226574,1.0623764
"065","6pm",95.2816319,3.10111,1.6172582
"066","6pm",90.9182268,6.502613,2.5791605
"001","7pm",0,3.0967414,96.9032586
"002","7pm",2.1223702,8.3203019,89.5573279
"003","7pm",0.1964839,4.5922411,95.211275
"004","7pm",0,9.6425341,90.3574659
"005","7pm",1.0471814,0.4720344,98.4807842
"006","7pm",0.7703266,0.4181562,98.8115171
"007","7pm",0,2.0362695,97.9637305
"008","7pm",0,2.0922042,97.9077958
"009","7pm",0,1.6440341,98.3559659
"010","7pm",0.4479745,0,99.5520255
"011","7pm",0.4118014,1.0153969,98.5728016
"012","7pm",3.3814468,5.0445835,91.5739697
"013","7pm",5.180739,1.2181795,93.6010815
"014","7pm",0,1.3741624,98.6258376
"015","7pm",0.4715797,4.8133414,94.7150788
"016","7pm",1.5793505,4.0184195,94.40223
"017","7pm",4.1129726,4.6946042,91.1924232
"018","7pm",10.948049,5.5627439,83.4892071
"019","7pm",0.7175333,6.0019575,93.2805092
