"district","hour","cleduc1","cleduc2","cleduc3","cleduc4"
"001","4am",2.7659733,30.25904,31.39801,35.57697
"002","4am",0.8558896,18.41274,21.23232,59.499049
"003","4am",1.1364021,20.74026,25.43097,52.692368
"004","4am",8.5695481,23.71206,28.10197,39.616425
"005","4am",12.4433259,32.15891,27.40075,27.997014
"006","4am",2.8448523,53.02711,21.7423,22.385729
"007","4am",12.1181281,54.7438,18.15944,14.978628
"008","4am",3.2246858,27.25567,23.69778,45.821863
"009","4am",0,30.16842,17.64114,52.190437
"010","4am",1.6820073,35.32204,22.71371,40.282241
"011","4am",3.09582,27.24285,26.74275,42.918582
"012","4am",7.9172399,24.6794,25.34116,42.062209
"013","4am",4.5451715,49.60345,15.3966,30.454771
"014","4am",10.6219928,50.45443,20.02841,18.895162
"015","4am",12.7635497,62.55203,11.97645,12.707971
"016","4am",10.4024257,60.35753,23.14504,6.095003
"019","4am",3.0015283,26.93674,36.35215,33.709579
"020","4am",9.9549708,25.2069,28.02704,36.811086
"021","4am",9.5946007,30.47768,29.93225,29.99547
"022","4am",3.8373468,38.39627,26.50744,31.258939
"023","4am",5.8574203,40.37724,23.38658,30.378759
"024","4am",13.1936295,47.1894,25.0848,14.532168
"025","4am",11.5474465,44.56771,24.08937,19.795473
"026","4am",14.9296378,49.81135,18.89776,16.361258
"027","4am",0,40.95982,31.40216,27.638024
"028","4am",15.7027451,32.94547,32.782,18.569786
"029","4am",5.1640707,47.444,20.61735,26.77458
"030","4am",7.0739512,30.69521,38.19649,24.034345
"031","4am",10.2579125,37.72163,30.16002,21.860431
"033","4am",10.129606,42.60487,23.0765,24.18902
"034","4am",10.0874431,46.56828,24.23422,19.110055
"035","4am",11.2894476,45.1798,30.55829,12.972462
"036","4am",13.4105311,48.61189,28.98528,8.992293
"037","4am",5.5058806,46.94774,22.44417,25.102202
"038","4am",10.6834935,38.84829,31.02869,19.439523
"039","4am",6.2457402,29.65984,26.50561,37.588806
"040","4am",15.2239645,36.01795,30.61767,18.140419
"041","4am",15.0391569,47.98037,23.81062,13.169854
"042","4am",4.4043944,56.97871,28.52774,10.089161
"043","4am",2.4712102,36.35997,33.09455,28.074265
"044","4am",5.044795,40.67528,35.36285,18.917075
"046","4am",11.1231536,56.98659,23.58818,8.302069
"047","4am",5.5114336,46.9964,32.00329,15.488874
"049","4am",5.2073033,40.16361,26.48326,28.145829
"050","4am",3.7774829,41.1904,31.52565,23.506468
"052","4am",11.2756192,37.96845,31.67683,19.079094
"054","4am",24.9849682,55.26714,14.75701,4.990891
"055","4am",19.0134354,58.45059,18.26359,4.272383
"056","4am",28.7150345,55.78153,10.29128,5.212164
"057","4am",16.9027554,52.7965,21.25975,9.040985
"058","4am",20.7524791,52.62207,18.14011,8.485344
"059","4am",12.5600576,50.53973,23.35519,13.545028
"060","4am",7.9038485,41.9728,25.46275,24.660595
"061","4am",14.5205402,50.88334,21.59152,13.004608
"062","4am",4.7203288,47.35194,25.56523,22.362506
"063","4am",10.3401967,52.87122,26.43201,10.356576
"064","4am",11.4258865,50.6191,26.02408,11.930931
"065","4am",4.7437127,50.70492,28.63838,15.912986
"066","4am",13.6083158,58.15467,21.37012,6.86689
"067","4am",15.339172,50.14151,24.79077,9.728549
"068","4am",5.6149088,51.27765,24.84538,18.262063
"069","4am",8.5107923,40.61151,21.49511,29.382593
"070","4am",10.9023808,32.52826,24.13912,32.430247
"071","4am",6.4361829,53.41053,25.71701,14.436285
"072","4am",15.3511259,35.2541,23.42354,25.971229
"073","4am",12.5206881,47.04757,23.5162,16.91554
"074","4am",8.0849648,48.31813,28.84008,14.756827
"075","4am",12.0058394,37.20023,32.507,18.286934
"076","4am",2.5703554,38.90019,32.5136,26.015854
"077","4am",2.18883,39.91344,29.51572,28.382011
"078","4am",4.8704794,39.27267,32.29801,23.558843
"079","4am",0.5110858,27.10571,38.45635,33.926857
"080","4am",1.7716224,36.74789,30.83556,30.644923
"081","4am",2.099752,46.69862,29.65594,21.545686
"082","4am",6.306056,40.11171,29.8226,23.759634
"083","4am",12.0586457,43.30582,26.14485,18.490678
"001","5am",2.7924484,29.5915,31.69855,35.917502
"002","5am",0.8558896,18.41274,21.23232,59.499049
"003","5am",1.5892861,19.59344,25.90667,52.910609
"004","5am",8.5695481,23.71206,28.10197,39.616425
"005","5am",12.1992469,31.52811,27.17643,29.09621
"006","5am",3.6129591,52.85353,21.335,22.19851
"007","5am",11.7413495,54.52407,18.48633,15.248257
"008","5am",3.2230116,28.04097,22.93795,45.798073
"009","5am",0,31.54051,17.00569,51.4538
"010","5am",1.6234533,35.65585,23.84076,38.879938
"011","5am",3.1151831,26.78779,26.91001,43.18702
"012","5am",7.7681852,25.61878,25.34271,41.27032
"013","5am",4.614456,49.59741,15.6313,30.156832
"014","5am",11.0787426,50.46801,21.56636,16.886883
"015","5am",12.144648,65.05955,10.70403,12.091765
"016","5am",10.5909275,60.3437,22.85992,6.20545
"019","5am",2.9264101,27.57744,36.63021,32.865941
"020","5am",10.0057518,24.82538,28.17001,36.998862
"021","5am",9.7528324,32.85005,29.30718,28.089944
"022","5am",3.8933384,38.05529,26.33632,31.715045
"023","5am",5.8923271,40.02193,23.52595,30.559798
"024","5am",13.1936295,47.1894,25.0848,14.532168
"025","5am",11.5328638,43.47696,24.05895,20.931228
"026","5am",14.0147368,50.29562,20.33101,15.358626
"027","5am",0,41.41966,31.15758,27.422758
"028","5am",15.8464637,33.81694,32.4946,17.841991
"029","5am",6.869264,47.33649,19.823,25.971251
"030","5am",7.3703829,30.26431,37.32381,25.041497
"031","5am",10.5757463,36.56958,31.09451,21.760163
"033","5am",10.4974032,41.49401,22.94128,25.067302
"034","5am",9.431575,46.18063,24.81766,19.57013
"035","5am",11.320136,45.74524,29.9269,13.007726
"036","5am",12.6889445,47.68313,28.68104,10.946884
"037","5am",5.4389349,48.04486,21.71922,24.796986
"038","5am",10.5252561,39.75403,30.56912,19.151597
"039","5am",6.2335879,29.91935,26.91047,36.936592
"040","5am",14.633516,36.62949,31.13751,17.599488
"041","5am",15.4574629,47.35384,24.4729,12.715801
"042","5am",4.5143662,57.16013,28.38269,9.942813
"043","5am",2.4603169,38.04105,32.21586,27.282771
"044","5am",5.1232001,41.30745,34.35827,19.21108
"046","5am",10.6588799,57.11506,23.83657,8.389491
"047","5am",5.6685261,46.35551,32.04561,15.930353
"049","5am",5.3132552,38.37297,27.59527,28.718507
"050","5am",3.6945433,43.13524,30.83346,22.336753
"052","5am",11.6797347,38.09505,31.14347,19.081746
"054","5am",25.3481951,55.41219,14.97154,4.268077
"055","5am",19.2053159,58.03128,18.4479,4.315499
"056","5am",28.111608,54.16599,10.07501,7.647389
"057","5am",17.1384544,52.13828,21.55621,9.167056
"058","5am",21.164008,51.68255,18.49983,8.653611
"059","5am",12.7050489,49.96877,23.62479,13.70139
"060","5am",7.9346609,42.56385,24.74476,24.756732
"061","5am",14.5205402,50.88334,21.59152,13.004608
"062","5am",4.7203288,48.42308,24.49408,22.362506
"063","5am",11.1917199,52.04367,26.41478,10.349827
"064","5am",11.5773855,49.96434,26.36914,12.089127
"065","5am",5.6449182,50.22521,28.36744,15.762435
"066","5am",13.1685524,56.71039,23.04692,7.074135
"067","5am",14.4667802,51.4625,24.45058,9.620142
"068","5am",5.674399,50.76144,25.10861,18.45555
"069","5am",8.6827754,39.41141,21.92947,29.976346
"070","5am",11.2010478,32.50024,22.98005,33.318662
"071","5am",5.8982096,51.17704,28.03783,14.886921
"072","5am",15.4249911,34.94256,23.53625,26.096195
"073","5am",12.6437552,46.5271,23.74734,17.081804
"074","5am",8.3379937,47.43228,29.01107,15.21866
"075","5am",12.1054408,37.50884,31.94707,18.438644
"076","5am",2.5917769,38.39099,32.78457,26.232671
"077","5am",2.1650437,40.14195,29.19497,28.498041
"078","5am",4.9839834,39.32418,33.0507,22.641136
"079","5am",0.51769,26.16377,38.95328,34.365258
"080","5am",1.8240872,34.87474,31.74873,31.552441
"081","5am",2.099752,46.69862,29.65594,21.545686
"082","5am",6.0875826,38.72204,30.78221,24.408172
"083","5am",12.1498091,42.87721,26.34251,18.630468
"001","6am",2.9807169,27.62176,31.99575,37.401772
"002","6am",0.7773086,27.45805,18.50563,53.25901
"003","6am",1.5706846,21.29294,25.60345,51.532922
"004","6am",8.8073219,25.24499,27.3691,38.578589
"005","6am",12.9980904,34.22449,25.09729,27.680132
"006","6am",3.8361075,51.34115,22.23456,22.588185
"007","6am",11.9722693,52.72098,19.75861,15.548148
"008","6am",4.677737,27.08709,22.02265,46.212527
"009","6am",0,30.92705,17.47137,51.601575
"010","6am",2.0946949,37.1131,25.45884,35.33336
"011","6am",2.1225746,28.29926,27.36997,42.208191
"012","6am",7.9085787,26.93896,24.68706,40.4654
"013","6am",4.6274602,48.93399,15.89186,30.546684
"014","6am",9.6038779,50.51416,21.47096,18.411005
"015","6am",10.5271894,67.69395,10.87393,10.904932
"016","6am",10.2541054,59.55936,22.60153,7.58501
"019","6am",2.9534844,28.10864,36.96911,31.968768
"020","6am",10.0663079,26.28265,26.42826,37.222784
"021","6am",7.3437656,34.00117,30.09784,28.557222
"022","6am",4.1125433,36.83746,27.45325,31.596745
"023","6am",6.1371656,42.23495,21.84227,29.78561
"024","6am",13.1126281,45.87883,26.56559,14.442948
"025","6am",11.9601563,44.10956,22.84081,21.089465
"026","6am",14.5340181,50.74565,18.79264,15.927702
"027","6am",0,42.50085,29.74284,27.756303
"028","6am",16.3610889,33.455,31.76249,18.421423
"029","6am",6.4321409,45.69886,20.7211,27.147905
"030","6am",7.9191035,29.53273,37.26717,25.281
"031","6am",10.7482215,37.29146,32.31209,19.648235
"033","6am",10.4600882,40.74052,23.8212,24.978196
"034","6am",9.6288952,46.31166,24.7999,19.25955
"035","6am",11.47629,46.05722,30.7741,11.692388
"036","6am",10.6540803,47.80509,29.5208,12.020026
"037","6am",5.4761346,45.44859,22.4353,26.63997
"038","6am",10.3166606,41.43418,29.47712,18.77204
"039","6am",6.4282607,30.72119,26.93646,35.914082
"040","6am",14.9574073,37.19836,29.56475,18.279477
"041","6am",15.1560817,44.03484,29.45967,11.349401
"042","6am",4.5365175,57.18504,28.9935,9.284937
"043","6am",2.4067769,41.48255,30.79481,25.315861
"044","6am",5.4998205,40.42292,33.99371,20.08355
"046","6am",10.8196506,56.46822,24.1961,8.516032
"047","6am",5.7036898,46.56408,31.70305,16.029175
"049","6am",5.3403394,37.35383,28.44093,28.864898
"050","6am",3.7016691,42.29419,30.3366,23.667546
"052","6am",12.1541962,36.02485,31.49902,20.321924
"054","6am",25.2171291,54.27578,14.02421,6.482878
"055","6am",19.8472302,58.71436,16.97867,4.459739
"056","6am",27.7897131,51.80651,13.11282,7.290964
"057","6am",18.1910058,51.13349,21.10923,9.566272
"058","6am",21.464831,49.1627,18.21405,11.158417
"059","6am",13.0129777,47.11891,26.53791,13.330201
"060","6am",7.7815583,41.12822,26.81118,24.27904
"061","6am",15.9151744,50.06673,18.98188,15.036224
"062","6am",4.9198331,47.07313,25.52932,22.477711
"063","6am",12.6571395,49.78846,26.74914,10.805258
"064","6am",12.2767019,44.0071,29.08801,14.628196
"065","6am",6.2734758,51.03754,26.54246,16.146524
"066","6am",13.8071156,55.86032,24.1645,6.168058
"067","6am",14.6841584,51.57772,23.897,9.841123
"068","6am",5.6079071,48.91212,26.38278,19.097195
"069","6am",8.9565525,39.19999,21.52649,30.316967
"070","6am",9.8365731,31.41402,23.28027,35.469134
"071","6am",4.8532592,59.19503,23.70222,12.249494
"072","6am",14.6933269,36.47946,22.7307,26.096516
"073","6am",11.3759715,46.40923,24.55327,17.661521
"074","6am",8.6247927,45.3927,30.24037,15.742131
"075","6am",11.7263259,36.86857,32.03676,19.368343
"076","6am",2.53337,39.77937,32.04575,25.641506
"077","6am",2.1457341,42.03386,28.93458,26.885818
"078","6am",5.3311283,39.33533,33.40321,21.930332
"079","6am",0.52216,25.08633,41.55504,32.836473
"080","6am",1.8981534,37.44348,29.24714,31.411231
"081","6am",2.1572622,48.06779,28.59421,21.180732
"082","6am",6.1797413,36.01614,31.24821,26.555903
"083","6am",13.0108297,43.80261,24.83406,18.352498
"001","7am",3.3035158,29.77025,34.48128,32.444955
"002","7am",0.4541916,33.48982,25.66419,40.391797
"003","7am",4.3358351,25.94712,33.29163,36.425418
"004","7am",7.8885906,31.03257,31.30458,29.774255
"005","7am",9.7616769,30.90978,27.52261,31.805927
"006","7am",4.4572642,50.83662,19.76362,24.9425
"007","7am",13.0485156,47.54405,23.04521,16.362219
"008","7am",4.7527496,25.4563,23.99193,45.799021
"009","7am",0.1829655,34.81994,16.19631,48.800783
"010","7am",1.986648,37.07828,35.76089,25.174188
"011","7am",1.9138522,29.66792,28.5424,39.875825
"012","7am",7.9115841,31.37735,19.52992,41.18114
"013","7am",4.6537961,48.6324,13.40907,33.304738
"014","7am",8.5564937,54.35687,25.35255,11.73409
"015","7am",7.2191669,66.87205,14.71582,11.192961
"016","7am",8.9111844,54.711,27.02252,9.355294
"019","7am",3.1749444,29.4707,38.20884,29.145508
"020","7am",9.7522819,29.38332,27.33088,33.533525
"021","7am",6.2834231,31.67288,30.70541,31.338279
"022","7am",4.8973804,43.43699,22.72136,28.944267
"023","7am",7.0416011,42.96114,19.62468,30.372576
"024","7am",13.4307002,40.33668,24.30669,21.92593
"025","7am",14.3202513,44.60813,24.4742,16.597413
"026","7am",17.7994552,50.26875,18.82888,13.10291
"027","7am",0,42.39541,30.20579,27.398799
"028","7am",14.3880849,37.11016,28.90931,19.592449
"029","7am",5.2961826,47.7515,19.31781,27.634513
"030","7am",8.3853224,31.2138,38.27828,22.122596
"031","7am",12.3678224,40.96526,30.33274,16.33417
"033","7am",10.1423401,38.81789,23.17157,27.868205
"034","7am",10.3655923,51.61139,22.09767,15.925348
"035","7am",11.2659419,51.08716,29.59514,8.051752
"036","7am",8.1329402,38.54086,36.3105,17.015699
"037","7am",3.8112957,45.29608,24.56389,26.328736
"038","7am",11.1498968,44.16424,27.69975,16.986118
"039","7am",7.6189902,34.29262,21.42166,36.666724
"040","7am",17.3230778,33.99781,29.97065,18.708465
"041","7am",16.0021803,50.80505,23.50705,9.685717
"042","7am",5.668834,55.23152,29.09681,10.002837
"043","7am",2.5106099,49.79951,22.91641,24.773465
"044","7am",5.7640521,41.48381,28.69426,24.05788
"046","7am",12.8666784,58.75911,22.72391,5.650301
"047","7am",6.6142228,47.17732,27.71625,18.492208
"049","7am",6.1324187,37.82005,28.13556,27.911974
"050","7am",3.8326905,44.4152,28.29527,23.456839
"052","7am",14.0268816,37.29049,31.14904,17.533583
"054","7am",22.2862277,53.14517,15.77132,8.797279
"055","7am",18.1726198,59.91024,17.87616,4.04098
"056","7am",27.2724543,51.62431,13.21045,7.892792
"057","7am",18.9229605,55.67758,15.95145,9.44801
"058","7am",22.0090226,50.34224,18.84175,8.806987
"059","7am",18.2632296,51.5005,19.73292,10.503348
"060","7am",7.3327484,43.64191,26.8354,22.189943
"061","7am",18.6207569,46.2252,20.5446,14.609441
"062","7am",6.5530239,49.38401,21.7353,22.327669
"063","7am",9.6949168,54.37021,21.86289,14.071987
"064","7am",14.0604332,43.72325,27.34745,14.868864
"065","7am",6.5602155,52.67911,24.72532,16.035362
"066","7am",16.0514993,57.2784,21.41331,5.256782
"067","7am",16.0019422,51.8085,23.18862,9.000944
"068","7am",5.4379171,53.3837,22.72869,18.449694
"069","7am",9.567308,42.5843,17.00974,30.838649
"070","7am",8.0166869,32.1496,23.23379,36.599923
"071","7am",3.2418898,53.94998,32.27738,10.530745
"072","7am",14.5721503,38.33127,23.57535,23.521222
"073","7am",12.9375168,51.91722,22.21844,12.92682
"074","7am",6.2230487,45.33812,39.15479,9.284036
"075","7am",10.9396155,39.40634,32.08721,17.566828
"076","7am",3.1862271,38.84215,27.54585,30.425767
"077","7am",3.344521,40.64931,31.54482,24.461353
"078","7am",5.9561252,34.67231,31.80799,27.563577
"079","7am",0.6494336,28.93291,38.82219,31.595465
"080","7am",1.8731263,42.40504,30.51517,25.206662
"081","7am",2.3301426,44.66919,19.75341,33.247259
"082","7am",7.2676332,36.74664,29.69174,26.293992
"083","7am",12.6150974,44.67829,26.71649,15.990128
"001","8am",1.5984883,30.81713,30.09759,37.486793
"002","8am",1.6940476,25.00838,27.93893,45.358642
"003","8am",0.4942647,30.60658,36.46582,32.433342
"004","8am",6.1091896,31.54664,32.52502,29.819156
"005","8am",10.2001311,29.25312,33.02593,27.520825
"006","8am",4.4606277,49.3677,24.27879,21.892876
"007","8am",11.6307844,42.87542,24.55408,20.939714
"008","8am",5.7570499,28.03735,21.82703,44.378569
"009","8am",0.2027497,36.5109,16.48455,46.801798
"010","8am",1.1473174,33.34741,33.85197,31.653308
"011","8am",2.1041274,32.5879,24.18636,41.121612
"012","8am",8.8238223,34.89946,14.50878,41.767943
"013","8am",4.8807583,49.07333,16.53775,29.508166
"014","8am",7.5436445,48.82772,26.46891,17.159731
"015","8am",5.1459926,54.37669,24.71724,15.760079
"016","8am",5.9106698,38.7251,35.38759,19.976634
"019","8am",4.2229534,27.26279,39.01263,29.50162
"020","8am",9.9023441,31.00584,31.58096,27.510852
"021","8am",4.7715725,28.18114,28.33517,38.712112
"022","8am",4.8649338,49.75217,21.02887,24.354031
"023","8am",8.0461005,44.80426,22.59282,24.556827
"024","8am",12.3976589,38.44874,25.68952,23.464084
"025","8am",14.3899583,51.3474,21.70822,12.554419
"026","8am",16.2279012,47.07619,22.61331,14.082596
"027","8am",0.4101605,48.76507,32.28345,18.54132
"028","8am",17.3107525,42.93962,26.85088,12.898752
"029","8am",5.3102061,40.17856,19.31198,35.199253
"030","8am",9.9841401,31.7636,35.87392,22.378341
"031","8am",10.3545528,47.29324,27.09209,15.260118
"033","8am",9.9985872,45.4846,20.09309,24.423714
"034","8am",11.0194006,48.93853,26.69297,13.3491
"035","8am",11.9110018,52.55949,28.58826,6.941246
"036","8am",6.5010294,31.04284,41.55518,20.900948
"037","8am",3.8098184,36.19072,31.18724,28.812225
"038","8am",12.6704434,45.83728,27.23881,14.25347
"039","8am",7.0391982,37.85219,19.76543,35.343177
"040","8am",18.4567039,38.83024,26.93732,15.77574
"041","8am",16.8079398,49.22864,21.15371,12.809712
"042","8am",5.5489304,55.13076,30.0545,9.265803
"043","8am",2.1810592,45.63578,22.53935,29.643812
"044","8am",8.4270875,43.55664,25.37076,22.645513
"046","8am",13.6297534,61.48777,20.65117,4.231309
"047","8am",7.2257895,51.10711,27.07499,14.592114
"049","8am",6.9785194,40.16531,22.55885,30.297319
"050","8am",4.3453202,44.97858,25.42604,25.250059
"052","8am",17.4784628,42.76891,27.00803,12.744597
"054","8am",22.2711165,45.43923,23.24062,9.049034
"055","8am",17.9017524,56.22011,18.47986,7.398284
"056","8am",27.6936879,47.76944,13.44256,11.094313
"057","8am",18.5013854,49.8984,18.13259,13.467634
"058","8am",21.8140866,47.3603,19.61955,11.206061
"059","8am",14.5520509,51.14192,14.58733,19.718693
"060","8am",9.080223,43.75212,24.04669,23.120967
"061","8am",18.4371974,48.21163,16.74208,16.609092
"062","8am",8.140506,49.24818,21.30038,21.310929
"063","8am",11.3898928,55.12311,20.4266,13.060399
"064","8am",13.5925154,45.76853,27.278,13.360959
"065","8am",5.3466155,53.70507,25.25116,15.697154
"066","8am",15.9439141,58.3749,22.93564,2.745546
"067","8am",15.4460381,54.86642,20.56139,9.126147
"068","8am",4.7881033,52.69361,27.18713,15.331149
"069","8am",7.9963677,46.02159,22.50606,23.475975
"070","8am",10.3256609,36.40819,27.09162,26.174522
"071","8am",2.5440245,45.57716,36.54484,15.333979
"072","8am",16.3510013,40.26101,22.13498,21.253013
"073","8am",15.1887372,53.46925,16.95608,14.385933
"074","8am",4.4609604,48.80237,36.4394,10.297275
"075","8am",11.716168,39.62831,31.86891,16.786607
"076","8am",3.6584872,38.588,29.06446,28.689057
"077","8am",5.7747779,37.22841,30.33516,26.661657
"078","8am",6.0720744,36.18552,30.2209,27.521513
"079","8am",0.918356,29.44922,42.32867,27.303753
"080","8am",1.7112367,52.28098,21.50324,24.504549
"081","8am",2.4247301,38.73094,23.43003,35.414293
"082","8am",7.9526835,39.6736,30.61384,21.759881
"083","8am",12.4499051,46.63802,27.22857,13.683508
"001","9am",3.6176222,32.72378,27.724138,35.934457
"002","9am",1.5287718,22.55514,28.624184,47.291904
"003","9am",2.4969492,31.169,36.632573,29.70148
"004","9am",5.2630332,29.82261,30.336482,34.57787
"005","9am",9.7794786,30.64392,29.689616,29.886982
"006","9am",4.3892418,49.1601,26.274188,20.176469
"007","9am",12.0837474,41.54141,25.624987,20.749861
"008","9am",5.3354264,28.38453,24.213783,42.066264
"009","9am",0.1925429,37.22212,19.789079,42.796256
"010","9am",2.3390479,32.36385,33.287365,32.009733
"011","9am",2.2150251,29.75277,22.585784,45.446417
"012","9am",8.3450484,32.37799,14.352459,44.924503
"013","9am",6.0332072,46.01183,13.953849,34.001113
"014","9am",7.4171768,49.72377,24.380255,18.478797
"015","9am",5.7775046,52.09002,24.419485,17.71299
"016","9am",3.3458375,37.12835,36.064578,23.461232
"019","9am",4.0896642,27.63391,37.545602,30.730823
"020","9am",10.2022486,29.41003,29.358332,31.029393
"021","9am",3.2640819,34.2063,26.061882,36.467735
"022","9am",6.1493573,49.87429,20.37795,23.598405
"023","9am",8.2438395,46.24471,20.072781,25.438671
"024","9am",12.4213976,35.63952,25.757392,26.18169
"025","9am",14.8250916,53.07773,18.988279,13.108904
"026","9am",13.9804912,48.30834,24.777091,12.934078
"027","9am",0.4440175,47.62361,33.762222,18.17015
"028","9am",17.8521205,40.06861,28.135317,13.943957
"029","9am",5.5437233,36.98217,16.955631,40.518475
"030","9am",9.5582677,38.01213,34.528657,17.900941
"031","9am",11.3560656,50.00989,23.987524,14.646525
"033","9am",7.8960452,45.26241,22.987137,23.85441
"034","9am",10.085525,46.13142,27.317506,16.465554
"035","9am",12.2648346,48.3522,31.842156,7.540807
"036","9am",5.3555726,30.53076,39.357694,24.755977
"037","9am",3.6751499,33.79455,32.996868,29.533435
"038","9am",13.6434394,46.2284,26.22458,13.903583
"039","9am",7.3498356,37.55153,21.749951,33.348685
"040","9am",18.7514706,37.30781,32.65718,11.283539
"041","9am",17.3917721,49.27105,16.751751,16.58543
"042","9am",5.9075845,55.95993,26.986251,11.146236
"043","9am",2.1384529,42.12143,21.203785,34.536331
"044","9am",8.7620497,44.5429,26.494401,20.200647
"046","9am",14.4054577,61.69378,21.081404,2.819355
"047","9am",7.1444467,53.40625,24.692951,14.756356
"049","9am",6.1430801,46.56957,21.613753,25.673595
"050","9am",5.6112913,43.93609,25.011892,25.440726
"052","9am",18.4056644,41.88088,25.383313,14.330146
"054","9am",18.9003532,46.96829,23.510447,10.620914
"055","9am",17.4992897,55.38123,20.384811,6.73467
"056","9am",28.1604495,47.14451,11.697081,12.997957
"057","9am",16.5331886,51.2529,18.521117,13.692791
"058","9am",21.7480118,47.17375,21.043138,10.035102
"059","9am",14.6941845,50.58849,9.715094,25.002233
"060","9am",7.4329591,44.93342,24.247012,23.386609
"061","9am",18.2216352,46.56138,17.255972,17.961014
"062","9am",8.3347343,50.87858,22.757721,18.028969
"063","9am",11.9565197,54.93798,20.052468,13.053033
"064","9am",17.6821494,44.70241,28.245782,9.369654
"065","9am",6.5928486,53.57929,25.71465,14.113209
"066","9am",14.1306456,59.35422,23.675194,2.839943
"067","9am",15.5764693,53.17824,22.042083,9.203211
"068","9am",5.3460437,48.62448,32.068056,13.961416
"069","9am",12.1520845,57.56586,20.217275,10.064777
"070","9am",11.2560198,35.83572,24.388143,28.520115
"071","9am",1.9746694,46.56678,33.519509,17.939045
"072","9am",15.9157557,40.96612,23.827408,19.290717
"073","9am",17.8893924,48.91594,21.181116,12.013552
"074","9am",5.5815933,44.46281,34.620638,15.334955
"075","9am",9.8091739,39.82957,32.29318,18.068081
"076","9am",4.2804495,38.0106,27.436375,30.272573
"077","9am",3.1933325,40.25782,30.227335,26.321513
"078","9am",7.8718711,36.91516,30.437612,24.775357
"079","9am",0,33.83356,38.836119,27.330316
"080","9am",1.7533013,62.89305,17.245046,18.108604
"081","9am",2.688679,43.45429,25.980556,27.876474
"082","9am",7.8073913,40.8068,31.950693,19.435112
"083","9am",13.2927212,49.80076,25.259949,11.646571
"001","10am",1.3137893,33.75087,29.1271,35.808245
"002","10am",1.4740497,20.80329,32.74454,44.978122
"003","10am",1.4092321,31.82374,32.9173,33.84973
"004","10am",4.9795471,33.05943,29.1994,32.761628
"005","10am",10.0264146,34.60475,28.24997,27.118862
"006","10am",5.4268234,47.22605,25.53818,21.808942
"007","10am",10.8316888,43.73885,24.7226,20.706854
"008","10am",6.3296717,30.94683,20.36627,42.357226
"009","10am",0,39.22995,19.05427,41.715778
"010","10am",2.1658842,32.24214,34.11736,31.474614
"011","10am",2.3436398,33.84816,21.12299,42.685206
"012","10am",10.5815699,29.63234,17.69599,42.090103
"013","10am",6.1605609,42.92246,14.19462,36.72236
"014","10am",7.6039168,49.13297,23.97254,19.290571
"015","10am",4.8747394,48.45147,25.77656,20.897227
"016","10am",4.4363433,33.35569,36.67063,25.537345
"019","10am",4.3278137,30.67146,34.57423,30.426498
"020","10am",11.7517481,30.12028,27.90249,30.225489
"021","10am",3.6096884,28.30953,28.65405,39.426739
"022","10am",4.5190081,51.90979,19.59994,23.971264
"023","10am",8.4574645,45.30229,20.38768,25.852562
"024","10am",13.0056018,38.25824,25.01753,23.718637
"025","10am",16.010148,50.36078,20.55536,13.073721
"026","10am",12.1468316,51.84888,24.65625,11.348043
"027","10am",0.9333338,50.45203,33.20023,15.414407
"028","10am",18.7087475,39.7746,24.75057,16.766084
"029","10am",6.817278,36.24827,16.66932,40.265126
"030","10am",10.692833,39.29147,32.28107,17.734628
"031","10am",10.8735564,46.02989,27.71412,15.382432
"033","10am",9.9216921,49.42898,21.07503,19.574302
"034","10am",10.962843,46.65068,28.59997,13.786508
"035","10am",12.6537772,45.33525,33.26556,8.745413
"036","10am",5.3143127,28.48182,38.74322,27.460656
"037","10am",3.9418102,33.49059,33.00891,29.558684
"038","10am",13.6600686,45.51526,27.50205,13.322616
"039","10am",5.8478517,40.12971,21.99387,32.028572
"040","10am",16.0397536,37.31666,34.03842,12.605168
"041","10am",13.8016768,56.23538,16.94652,13.016426
"042","10am",5.8651862,53.286,29.14162,11.707195
"043","10am",2.5440111,44.14996,25.31714,27.988883
"044","10am",7.7586922,37.33352,28.35813,26.549662
"046","10am",14.3943761,60.20162,22.64015,2.763856
"047","10am",5.6943598,57.13018,24.23032,12.945145
"049","10am",7.3084403,44.89522,22.96865,24.82769
"050","10am",4.8146607,44.6085,24.65003,25.926817
"052","10am",17.7629252,41.80465,26.6027,13.829727
"054","10am",17.5449343,51.13851,20.63662,10.679934
"055","10am",19.2856331,55.74137,19.27663,5.696361
"056","10am",27.3976102,47.55411,12.76354,12.284739
"057","10am",17.044173,49.07751,18.33054,15.547776
"058","10am",24.17007,47.38684,19.55242,8.890671
"059","10am",13.138373,54.70481,11.2825,20.874319
"060","10am",7.9974115,46.74194,20.99522,24.265427
"061","10am",19.1535548,45.80156,16.68555,18.359343
"062","10am",6.9773639,56.74101,22.06277,14.218854
"063","10am",13.165549,55.9426,19.12137,11.770476
"064","10am",16.4684848,47.61183,25.96114,9.958543
"065","10am",6.5647783,52.05647,25.59029,15.788466
"066","10am",13.5726715,60.46693,23.11659,2.843806
"067","10am",15.0943214,51.752,23.77517,9.378506
"068","10am",6.5892394,43.25633,36.14024,14.014188
"069","10am",14.2468592,45.12216,25.30984,15.321147
"070","10am",11.028638,34.40424,26.73631,27.830816
"071","10am",1.8804793,49.71784,27.58309,20.818597
"072","10am",15.9130539,41.19476,25.12625,17.76593
"073","10am",13.8762045,51.80035,22.44674,11.876702
"074","10am",4.28965,46.18468,36.37628,13.149397
"075","10am",9.7182583,39.57836,30.33599,20.367393
"076","10am",3.0085549,39.23202,29.84973,27.90969
"077","10am",4.0938117,39.52508,29.95844,26.422672
"078","10am",10.810279,33.79817,29.32219,26.069356
"079","10am",1.1220235,35.82632,36.67497,26.376683
"080","10am",1.8024383,63.45963,17.72835,17.009588
"081","10am",1.8064611,49.4266,23.50054,25.266397
"082","10am",9.8566752,40.47509,27.69154,21.976694
"083","10am",12.3512093,49.09991,23.73926,14.809616
"001","11am",1.2588216,34.21283,29.998595,34.529753
"002","11am",3.1571637,22.71968,29.525982,44.597178
"003","11am",1.6634394,28.48648,34.371694,35.478385
"004","11am",4.1820715,31.49026,31.002372,33.325293
"005","11am",9.0340948,35.48471,27.836757,27.644436
"006","11am",5.1204269,45.4142,25.588208,23.877168
"007","11am",14.2559144,42.05421,22.702636,20.987237
"008","11am",5.4761913,28.8679,23.453896,42.202008
"009","11am",0.6888265,38.06501,20.040395,41.205767
"010","11am",1.6276774,31.89275,34.387636,32.091938
"011","11am",2.3564621,34.1992,21.301726,42.142608
"012","11am",8.6410787,33.34807,20.165876,37.84497
"013","11am",5.0101862,44.8874,13.815532,36.286881
"014","11am",8.8186099,49.18479,23.384007,18.612596
"015","11am",4.8392909,47.89617,28.027555,19.236985
"016","11am",4.45259,38.62377,34.60266,22.320981
"019","11am",4.4165653,30.59457,36.168406,28.820461
"020","11am",11.2424786,27.43725,28.410511,32.90976
"021","11am",3.3698118,26.70382,29.951313,39.975052
"022","11am",4.5671596,48.61344,21.345657,25.473739
"023","11am",8.7730076,46.0339,22.470112,22.722979
"024","11am",12.9535064,36.79464,26.261813,23.990042
"025","11am",15.7683706,49.64162,19.750012,14.840001
"026","11am",12.238582,50.80274,21.83914,15.119537
"027","11am",0.48368,51.32463,32.832066,15.359627
"028","11am",16.5868632,44.81537,23.659411,14.938361
"029","11am",6.4587267,32.37198,16.366968,44.802327
"030","11am",11.1574211,37.2283,34.84559,16.768691
"031","11am",11.3795581,49.24178,24.765344,14.61332
"033","11am",11.6332317,42.04622,28.297067,18.023485
"034","11am",11.4625761,48.73272,25.789795,14.01491
"035","11am",11.1683598,45.84318,32.811676,10.176788
"036","11am",4.9912412,30.2926,38.187865,26.528291
"037","11am",3.7471289,40.20338,29.708142,26.341345
"038","11am",12.6062825,48.75594,26.284253,12.353529
"039","11am",7.3763798,37.90461,21.136403,33.582604
"040","11am",17.1902586,37.55692,33.526145,11.726672
"041","11am",18.558608,49.62606,22.840129,8.975205
"042","11am",5.6764647,56.21948,27.108933,10.99512
"043","11am",3.4462933,43.00866,25.287181,28.257865
"044","11am",7.8158265,40.12481,27.0068,25.052565
"046","11am",13.2495323,60.23748,22.953731,3.559256
"047","11am",6.263955,59.06949,19.969454,14.697097
"049","11am",7.6712166,43.54324,23.057998,25.727542
"050","11am",4.7465734,43.74563,23.368942,28.13885
"052","11am",17.9005895,39.3374,27.205991,15.556024
"054","11am",18.7262959,50.65056,18.841643,11.781503
"055","11am",20.8132647,53.92492,19.499578,5.762242
"056","11am",29.0164187,47.48523,9.873772,13.624575
"057","11am",15.8427983,49.83705,21.569297,12.750859
"058","11am",22.635724,49.4062,17.849194,10.10888
"059","11am",14.5086951,51.14792,12.023013,22.32037
"060","11am",9.6760032,42.86126,19.927992,27.53474
"061","11am",19.7223496,48.13308,15.128962,17.015609
"062","11am",8.3608975,52.27754,23.177785,16.183776
"063","11am",13.390452,53.56872,21.382097,11.658731
"064","11am",16.5043641,49.49734,24.404505,9.593791
"065","11am",7.0234324,50.24577,25.839254,16.891541
"066","11am",14.3897643,58.90845,23.758365,2.943416
"067","11am",14.0708882,52.81719,23.736838,9.375085
"068","11am",5.5336036,48.46364,30.869189,15.133569
"069","11am",8.2013771,48.40583,29.985912,13.406883
"070","11am",13.088167,31.81122,28.250169,26.850447
"071","11am",1.5088767,46.70472,29.541226,22.245182
"072","11am",16.1461952,40.54938,23.125492,20.178937
"073","11am",13.433431,53.08985,23.487398,9.989317
"074","11am",4.4268825,45.29146,35.869317,14.412342
"075","11am",9.9946673,40.79305,33.23537,15.976908
"076","11am",3.1182468,36.96532,29.511222,30.405211
"077","11am",3.3956434,38.95001,32.966276,24.68807
"078","11am",10.1506678,37.53626,31.789268,20.523801
"079","11am",0.9771719,35.8202,36.476564,26.726068
"080","11am",1.7563701,59.95725,19.771583,18.514796
"081","11am",2.3069578,48.22861,25.065809,24.398624
"082","11am",8.3880822,41.84332,26.488369,23.280224
"083","11am",13.2677248,51.66015,23.447451,11.62467
"001","12am",1.220838,32.21196,30.417019,36.150178
"002","12am",2.5848602,27.16857,26.652557,43.594014
"003","12am",1.2866765,25.55317,34.108103,39.052054
"004","12am",5.7368446,28.72785,31.450109,34.085201
"005","12am",6.75702,30.12237,30.634242,32.486371
"006","12am",3.6944001,48.62413,25.572406,22.109062
"007","12am",13.1191947,45.22402,23.864372,17.792414
"008","12am",5.7554672,28.40366,22.548684,43.292193
"009","12am",1.6314643,34.65269,20.021008,43.694835
"010","12am",1.3154982,34.34906,34.406668,29.928775
"011","12am",2.2105495,33.32616,22.690951,41.772337
"012","12am",9.2991721,32.60838,18.566898,39.525552
"013","12am",5.2449221,55.22301,7.072116,32.45995
"014","12am",8.975639,51.07422,28.919104,11.031036
"015","12am",5.1506746,47.37245,26.415567,21.06131
"016","12am",7.1028869,39.77246,33.954901,19.169748
"019","12am",4.4336372,31.90512,35.851246,27.809999
"020","12am",10.7495347,26.55944,28.848418,33.842605
"021","12am",4.4657207,27.3945,28.127234,40.012548
"022","12am",4.1407754,41.66419,23.42138,30.773659
"023","12am",9.7672434,50.41834,24.231265,15.583156
"024","12am",14.3187394,40.40548,26.76955,18.506232
"025","12am",14.324351,47.0421,18.970877,19.662673
"026","12am",12.4703929,51.42417,22.024404,14.081031
"027","12am",0.4493866,48.91809,32.066972,18.565547
"028","12am",14.1929502,41.95837,24.772315,19.076368
"029","12am",10.3437325,33.29657,15.323437,41.036258
"030","12am",10.1925496,31.61697,39.506321,18.684155
"031","12am",11.8631428,46.53046,26.634896,14.971505
"033","12am",11.737808,43.05519,25.513471,19.693532
"034","12am",11.9792309,47.25722,27.136861,13.626683
"035","12am",11.2611882,47.20652,33.461775,8.070514
"036","12am",5.8496348,34.07225,35.030134,25.04798
"037","12am",3.1970702,39.46523,29.384201,27.953503
"038","12am",12.7452569,48.59516,24.863761,13.795826
"039","12am",8.3558453,37.65435,21.103136,32.88667
"040","12am",16.7693423,37.84083,30.870592,14.519231
"041","12am",13.618302,51.61965,24.71485,10.047194
"042","12am",5.9457013,55.54984,28.348221,10.156235
"043","12am",3.290174,40.30087,27.632246,28.776712
"044","12am",6.156293,45.86313,27.160607,20.819973
"046","12am",13.5033208,63.13068,19.936427,3.429569
"047","12am",6.6732094,55.62083,21.727659,15.978298
"049","12am",6.9497346,43.06645,22.701973,27.28184
"050","12am",4.9409602,43.82214,22.207575,29.029329
"052","12am",18.5943846,41.77197,26.400283,13.23336
"054","12am",21.3721529,50.28333,17.693272,10.651242
"055","12am",23.4000418,53.88056,17.083953,5.63545
"056","12am",26.6613294,51.73962,7.465818,14.13323
"057","12am",17.4614782,49.42057,19.019458,14.098498
"058","12am",21.1989374,50.91847,18.276372,9.606225
"059","12am",17.5786718,53.09506,15.004179,14.322085
"060","12am",8.6599274,43.66784,22.052245,25.619991
"061","12am",19.8824633,49.14181,18.131089,12.844635
"062","12am",7.2953072,53.33887,24.526092,14.839729
"063","12am",13.0792782,54.19451,23.819701,8.906507
"064","12am",16.1184135,47.0826,25.673716,11.12527
"065","12am",6.5938482,51.7101,25.569196,16.126856
"066","12am",14.6643189,60.58526,22.365352,2.385074
"067","12am",12.8815942,50.54087,27.104487,9.473046
"068","12am",4.3314606,48.32702,28.469586,18.871932
"069","12am",7.4018657,46.94308,24.034862,21.620195
"070","12am",11.6635256,33.37348,31.063888,23.899107
"071","12am",1.2357063,42.38773,32.017738,24.358826
"072","12am",15.1647981,39.25789,23.194875,22.382433
"073","12am",14.5336717,50.24428,22.50427,12.717782
"074","12am",5.2875087,46.30635,33.609167,14.796978
"075","12am",8.9841423,40.11123,34.940094,15.96453
"076","12am",2.7110773,44.23721,23.463434,29.588275
"077","12am",2.6864828,38.72435,31.70606,26.883106
"078","12am",9.7527451,40.72005,25.179456,24.347753
"079","12am",0.8947803,30.11233,36.124724,32.868168
"080","12am",2.1542895,54.1201,22.431183,21.294423
"081","12am",3.1806022,52.80789,26.941113,17.070391
"082","12am",8.0611455,37.59017,32.798382,21.550301
"083","12am",12.9364729,45.71547,23.133431,18.214622
"001","1pm",1.263686,38.09087,31.63724,29.008205
"002","1pm",1.466966,23.94835,27.26598,47.318709
"003","1pm",2.393712,30.51923,34.27315,32.813901
"004","1pm",4.9098964,30.79717,31.57954,32.713391
"005","1pm",8.1699929,27.36337,31.7449,32.721736
"006","1pm",4.799884,47.30948,23.50972,24.380906
"007","1pm",12.7040545,45.79839,25.50017,15.997392
"008","1pm",5.8926256,27.23986,25.88806,40.979461
"009","1pm",1.7712108,35.22142,20.69276,42.31461
"010","1pm",1.1846573,32.23871,32.5764,34.000234
"011","1pm",2.4151292,31.50061,23.73115,42.353111
"012","1pm",11.3684618,33.75053,19.4632,35.417807
"013","1pm",5.0479667,49.16312,11.11933,34.669577
"014","1pm",8.5700283,45.02541,27.91995,18.484607
"015","1pm",5.2214996,50.17374,24.83164,19.773123
"016","1pm",5.6967921,39.23042,32.8798,22.192986
"019","1pm",5.0741462,31.23037,35.81645,27.879035
"020","1pm",11.2050022,25.78179,29.81878,33.194437
"021","1pm",4.3729136,27.96319,29.94531,37.718586
"022","1pm",4.1103116,45.20205,16.16277,34.524878
"023","1pm",9.4373988,47.80477,24.16908,18.588751
"024","1pm",12.4025055,36.2354,32.3731,18.988998
"025","1pm",14.898264,43.28201,22.64965,19.170079
"026","1pm",13.3597423,49.93843,24.05583,12.645991
"027","1pm",1.1112019,47.3303,33.96834,17.590159
"028","1pm",17.3466814,44.01059,23.54084,15.101887
"029","1pm",8.6777309,30.73055,18.28789,42.303835
"030","1pm",11.2164916,32.05303,44.13328,12.597194
"031","1pm",13.251399,51.65269,20.70473,14.39118
"033","1pm",11.353892,42.30773,31.03809,15.300281
"034","1pm",10.3316508,52.17732,29.13208,8.358947
"035","1pm",12.0905339,47.36847,32.79089,7.750109
"036","1pm",5.2114901,30.25844,38.99526,25.534808
"037","1pm",3.6298312,39.90642,27.42794,29.035808
"038","1pm",14.10671,47.30936,22.01069,16.573238
"039","1pm",8.5663804,35.43056,23.99244,32.010619
"040","1pm",15.6170768,41.35351,28.61669,14.412723
"041","1pm",17.6871062,39.53114,28.71414,14.067614
"042","1pm",5.9930454,54.31206,28.54054,11.154355
"043","1pm",2.0895418,42.7825,24.86823,30.259723
"044","1pm",5.6699838,41.1905,29.27535,23.864166
"046","1pm",11.149323,62.60382,22.8066,3.440263
"047","1pm",6.664258,57.86949,20.12092,15.345332
"049","1pm",8.0927986,44.86051,24.01535,23.031345
"050","1pm",4.6999128,43.42459,23.17733,28.698168
"052","1pm",19.2492593,43.2432,24.83673,12.67081
"054","1pm",20.2217267,44.9253,24.39712,10.455851
"055","1pm",22.1476562,53.82331,14.19232,9.83671
"056","1pm",22.8738802,48.33461,15.45277,13.338745
"057","1pm",15.537369,49.09331,20.76021,14.609117
"058","1pm",21.2142332,52.53112,16.68106,9.573588
"059","1pm",13.3535206,51.75688,12.77331,22.116299
"060","1pm",9.4869074,43.1898,22.21334,25.109954
"061","1pm",18.0440097,50.94976,14.3996,16.606629
"062","1pm",8.2404179,54.6529,19.02864,18.078037
"063","1pm",13.0459507,55.77241,22.6612,8.520448
"064","1pm",16.5324708,48.39786,24.20305,10.86662
"065","1pm",6.6046624,50.58093,26.6619,16.152511
"066","1pm",16.4583556,57.56345,21.45358,4.524611
"067","1pm",15.9347041,52.24781,21.57243,10.245059
"068","1pm",7.5970485,51.46597,28.04848,12.888498
"069","1pm",7.8529078,46.25936,29.35335,16.534388
"070","1pm",12.6644447,37.93585,24.05239,25.34731
"071","1pm",1.2155327,45.61593,31.05306,22.115481
"072","1pm",14.0836005,37.83733,25.33359,22.745487
"073","1pm",12.8022921,52.53622,24.52219,10.139301
"074","1pm",3.579432,49.52952,32.65175,14.239305
"075","1pm",9.0564586,37.06143,34.96549,18.916616
"076","1pm",2.6119975,47.01521,19.38151,30.991284
"077","1pm",2.7563895,37.55766,31.36939,28.316559
"078","1pm",9.3302574,39.79229,23.59395,27.283508
"079","1pm",0.9822881,34.31142,41.63201,23.074282
"080","1pm",2.4707655,60.47424,21.23371,15.821289
"081","1pm",2.1937588,44.89714,30.98283,21.926268
"082","1pm",7.5931031,39.62481,33.01023,19.771857
"083","1pm",11.4517699,50.36807,24.85331,13.326851
"001","2pm",1.2507185,33.30585,32.35305,33.090375
"002","2pm",3.0536228,28.43864,28.35559,40.152148
"003","2pm",1.6763642,28.92827,38.70783,30.687527
"004","2pm",4.3326823,30.09048,32.67978,32.897055
"005","2pm",8.0517595,29.47084,34.32489,28.152512
"006","2pm",5.6178088,47.10071,24.13554,23.145943
"007","2pm",11.9627877,42.81941,24.73402,20.48378
"008","2pm",5.1278492,29.55756,25.31783,39.996768
"009","2pm",0.1526579,32.0332,22.72865,45.085486
"010","2pm",2.4875521,32.77994,28.15178,36.580728
"011","2pm",2.3207136,32.93741,27.75962,36.98226
"012","2pm",11.2749216,32.103,20.17599,36.446085
"013","2pm",3.5604184,47.9048,10.36683,38.167947
"014","2pm",8.1967511,46.832,25.61707,19.354176
"015","2pm",6.1846813,50.11635,24.31706,19.381908
"016","2pm",7.9201386,36.95225,28.27806,26.849557
"019","2pm",4.8745318,29.92976,36.23687,28.958846
"020","2pm",11.9606421,26.51997,27.81358,33.705808
"021","2pm",5.3258859,24.66478,27.78849,42.220846
"022","2pm",5.6792627,46.51534,19.95744,27.847956
"023","2pm",9.3093203,45.41564,26.42343,18.851606
"024","2pm",12.0721246,45.57063,23.0555,19.301745
"025","2pm",14.5744795,42.49854,26.38343,16.543553
"026","2pm",15.2898867,45.29183,25.41779,14.000501
"027","2pm",1.1965175,50.81376,28.01445,19.97527
"028","2pm",20.6179883,42.26601,20.69119,16.424813
"029","2pm",4.6986681,31.69995,17.58015,46.021232
"030","2pm",10.4802614,33.19671,38.7786,17.544424
"031","2pm",12.3760364,49.23462,23.48823,14.90111
"033","2pm",7.4333717,42.35111,32.73204,17.483477
"034","2pm",11.7093278,51.77837,26.05514,10.457164
"035","2pm",11.3212411,46.69245,35.07905,6.907263
"036","2pm",4.9323133,30.63573,38.59971,25.832251
