"district","hour","cs1","cs2","cs3","cs4","cs5"
"001","4am",4.7679011,16.094811,30.99471,28.741993,19.400589
"002","4am",6.9272032,4.361391,15.76669,22.31166,50.63306
"003","4am",6.0748696,5.769925,21.85558,34.357675,31.94195
"004","4am",9.1304056,11.733651,33.45892,28.081474,17.595545
"005","4am",14.1557585,14.210148,28.45989,20.060256,23.113945
"006","4am",3.6230756,18.562457,37.1747,27.747461,12.892304
"007","4am",4.8024772,21.15414,43.47302,21.886416,8.683945
"008","4am",5.5580597,12.262716,16.5315,39.298227,26.349493
"009","4am",5.7804725,5.131988,16.99097,24.645556,47.451016
"010","4am",6.5680718,12.312919,26.06729,25.124418,29.927299
"011","4am",2.9551591,7.49681,24.72729,33.77628,31.044463
"012","4am",4.7210549,8.932537,16.55636,39.974189,29.815856
"013","4am",1.4756013,14.560303,34.11663,29.732563,20.114901
"014","4am",1.9182244,25.565572,45.10238,15.687991,11.725836
"015","4am",8.4499922,23.182085,40.54485,17.669446,10.153629
"016","4am",13.1834745,36.885825,38.78773,9.399958,1.743009
"019","4am",7.754603,3.341298,28.81191,28.299363,31.79283
"020","4am",5.8360792,14.588121,22.70829,26.485808,30.381697
"021","4am",7.5627063,6.858954,27.66632,37.366589,20.545433
"022","4am",0,13.990335,31.01155,32.280203,22.717913
"023","4am",5.2440244,12.99104,28.57663,31.777457,21.410843
"024","4am",6.2279587,18.936583,34.35711,27.71109,12.767259
"025","4am",1.1876295,17.448686,36.57682,35.214867,9.571995
"026","4am",0.7549704,24.855005,45.19695,23.246402,5.946676
"027","4am",6.0440126,11.593358,32.30693,32.367735,17.687961
"028","4am",6.7496686,9.324303,30.77907,30.715446,22.431516
"029","4am",1.5463938,11.12313,34.7459,29.091012,23.493561
"030","4am",5.9994567,9.410739,32.39872,32.908498,19.282583
"031","4am",4.784066,13.160669,26.3372,33.748749,21.969318
"033","4am",10.4972026,13.463352,28.08644,24.715753,23.237249
"034","4am",10.2236681,13.864133,35.85255,21.90485,18.154799
"035","4am",2.7407419,15.433482,40.74075,23.970431,17.114599
"036","4am",9.4590533,25.531475,23.38976,28.163324,13.456385
"037","4am",3.8660737,13.327523,31.56963,30.914308,20.322467
"038","4am",3.9160528,13.389655,31.93976,28.148763,22.605766
"039","4am",5.6299624,6.040741,24.79568,35.623778,27.909837
"040","4am",5.7603499,13.569703,32.68704,36.682402,11.300502
"041","4am",7.6627384,13.911573,34.18483,33.328109,10.912749
"042","4am",6.2671922,19.994429,40.91609,22.100125,10.722163
"043","4am",3.3396167,7.639633,30.8104,30.646624,27.563726
"044","4am",2.4756473,9.876025,27.67563,35.500743,24.471951
"046","4am",2.7890906,29.521437,31.92832,23.919162,11.841992
"047","4am",0.924857,17.395431,32.17706,29.021989,20.480662
"049","4am",3.1131691,7.756604,29.28335,32.249785,27.597097
"050","4am",4.4729264,5.502828,26.99954,31.542508,31.482199
"052","4am",1.3151428,21.397822,21.86387,34.820102,20.603068
"054","4am",9.4179235,31.911508,40.52794,11.575256,6.567367
"055","4am",7.593301,29.862474,37.52396,21.951637,3.068623
"056","4am",9.8357387,31.394001,35.02584,20.300244,3.444178
"057","4am",10.9165297,30.062673,34.29511,16.52581,8.199876
"058","4am",7.2335898,22.781416,43.54303,18.254047,8.187918
"059","4am",8.0230941,15.304484,44.88771,20.396802,11.387913
"060","4am",3.2328859,6.139518,33.61922,38.535078,18.473301
"061","4am",2.0316341,28.032965,32.06847,21.915808,15.951126
"062","4am",1.61678,12.368608,34.68678,32.516955,18.810879
"063","4am",8.5198013,16.053091,31.17488,32.671061,11.581163
"064","4am",5.6223748,20.193767,35.97851,25.968172,12.237173
"065","4am",4.9225715,12.721936,35.3642,37.223839,9.767455
"066","4am",4.8693067,29.699572,39.61408,18.858083,6.958954
"067","4am",4.4315247,26.040044,37.80132,23.071758,8.655348
"068","4am",2.2532418,8.870619,42.12786,33.167402,13.580873
"069","4am",4.02391,11.922329,29.35781,21.73303,32.962917
"070","4am",4.2086153,18.434809,29.03246,31.352348,16.971765
"071","4am",4.4684207,34.817904,28.88521,22.060393,9.768068
"072","4am",5.6191772,14.384733,27.64108,26.680623,25.674386
"073","4am",5.3743826,22.966419,27.42377,24.209583,20.02585
"074","4am",2.2289044,14.321284,36.60086,28.843673,18.005283
"075","4am",2.1553853,9.976057,30.53912,37.523873,19.805566
"076","4am",2.3395425,6.526903,32.8874,30.637673,27.608478
"077","4am",4.4959276,15.782646,35.31958,27.000504,17.401345
"078","4am",3.8622927,14.423116,29.91588,32.32083,19.47788
"079","4am",3.8413115,6.509627,24.84708,31.387615,33.414365
"080","4am",4.6244123,5.659363,28.70714,30.526816,30.48227
"081","4am",4.7592011,7.727988,23.69462,42.798574,21.019619
"082","4am",3.5645624,10.041831,30.01786,36.873012,19.502734
"083","4am",5.0222651,13.511127,35.54325,28.633893,17.289468
"001","5am",4.8122983,15.313512,31.28332,29.009629,19.581242
"002","5am",6.9272032,4.361391,15.76669,22.31166,50.63306
"003","5am",6.1873205,4.357917,22.68728,34.993664,31.773815
"004","5am",9.1304056,11.733651,33.45892,28.081474,17.595545
"005","5am",13.8783546,14.24454,27.90218,21.313936,22.660992
"006","5am",3.5935843,19.182104,36.91535,27.521601,12.787362
"007","5am",4.8891939,21.536113,42.45233,22.281611,8.840748
"008","5am",5.555174,12.256349,17.32237,38.530295,26.335812
"009","5am",6.0466422,5.368297,16.31768,23.433602,48.833783
"010","5am",6.3400268,13.969141,27.07493,23.727682,28.888216
"011","5am",2.9729741,7.542004,24.27351,33.979899,31.231613
"012","5am",4.6331353,9.073251,16.44867,40.58434,29.260599
"013","5am",1.4977014,14.029522,34.6276,30.177868,19.667312
"014","5am",1.9984834,27.828477,46.89036,11.06623,12.216448
"015","5am",8.0417247,28.387806,37.78088,16.126537,9.663049
"016","5am",13.4172828,36.850473,38.39166,9.566666,1.773921
"019","5am",7.5564446,3.255916,29.41817,28.789062,30.980407
"020","5am",5.8658494,15.085597,21.89096,26.620914,30.536676
"021","5am",7.0755064,8.816433,29.92681,34.959382,19.221868
"022","5am",0,14.19125,30.5699,32.194686,23.044165
"023","5am",5.2752757,12.472518,28.74693,31.966832,21.538439
"024","5am",6.2279587,18.936583,34.35711,27.71109,12.767259
"025","5am",1.1861381,16.398062,36.53089,35.170643,10.714267
"026","5am",0.7087052,25.35962,45.52672,21.821843,6.583109
"027","5am",5.9965098,11.50224,32.83897,32.113341,17.548943
"028","5am",6.8119638,9.410361,32.23024,29.814185,21.733246
"029","5am",1.544157,14.252651,32.45319,29.048933,22.701071
"030","5am",6.2508621,7.455072,31.91593,34.287518,20.090613
"031","5am",4.9322967,13.716225,26.37071,33.10834,21.872424
"033","5am",10.8790546,13.190766,27.20772,25.614826,23.10763
"034","5am",10.4660089,11.822377,36.70239,22.424081,18.585138
"035","5am",2.7481207,14.767423,41.28881,24.034966,17.160676
"036","5am",8.9464334,26.534443,23.38658,25.949465,15.183076
"037","5am",3.8182641,13.364557,31.87924,30.86679,20.07115
"038","5am",3.8583369,13.192314,31.46903,29.207728,22.272595
"039","5am",5.6190713,6.187641,24.90453,35.554864,27.733899
"040","5am",5.858659,12.947965,33.2449,37.308443,10.640037
"041","5am",7.8758733,14.298516,33.99495,33.434747,10.395916
"042","5am",6.0099173,20.992613,39.23644,23.47902,10.282007
"043","5am",3.3248954,6.873152,31.63768,30.51153,27.652742
"044","5am",2.5141233,10.029516,26.55158,36.052488,24.852289
"046","5am",2.8182902,30.795736,31.59617,22.823832,11.965969
"047","5am",0.9512182,14.482661,33.6525,29.849203,21.064423
"049","5am",3.1749079,7.203174,29.78961,31.687921,28.14439
"050","5am",4.3740713,8.249187,26.40283,30.845395,30.128518
"052","5am",1.3622772,19.415066,22.64746,35.233719,21.341477
"054","5am",9.5548396,32.375432,40.45872,11.743535,5.867473
"055","5am",7.6699314,30.163842,36.89347,22.17317,3.099591
"056","5am",9.648164,29.389743,35.3611,19.913104,5.687889
"057","5am",11.1321892,29.814646,33.83902,16.852282,8.361867
"058","5am",7.3737253,21.28547,44.38658,18.60768,8.346541
"059","5am",8.1134559,14.578767,46.06317,19.728437,11.516172
"060","5am",3.2454891,6.163453,33.36044,38.685303,18.545317
"061","5am",2.0316341,28.032965,32.06847,21.915808,15.951126
"062","5am",1.61678,13.433416,34.68678,31.452147,18.810879
"063","5am",8.5141553,16.9152,30.34775,32.64941,11.573488
"064","5am",5.6613737,19.016186,36.85209,26.148297,12.322055
"065","5am",4.9079871,12.684244,35.5557,37.113553,9.738516
"066","5am",5.016264,29.659261,38.15061,20.004885,7.168977
"067","5am",4.3821434,27.508119,37.64351,22.814666,7.65156
"068","5am",2.276184,8.960939,41.53862,33.505107,13.719151
"069","5am",4.1052237,10.966049,29.1275,22.172203,33.62902
"070","5am",4.3189468,18.918088,28.03444,32.174269,16.554253
"071","5am",4.6007662,35.849139,25.33858,24.154139,10.057378
"072","5am",5.6462151,13.872025,27.87483,26.809002,25.797924
"073","5am",5.426201,22.223681,27.68818,24.443005,20.218934
"074","5am",2.2979647,13.360875,36.04064,29.737364,18.563158
"075","5am",2.1728809,10.057034,30.78701,37.016745,19.96633
"076","5am",2.3591554,6.58162,32.32478,30.894517,27.839927
"077","5am",4.4466364,15.295496,35.91459,26.704483,17.63879
"078","5am",3.9506903,14.753223,30.60058,32.340328,18.355182
"079","5am",3.8909487,6.593744,23.87596,31.793204,33.846144
"080","5am",4.7597721,2.897948,29.54742,31.420357,31.374507
"081","5am",4.7592011,7.727988,23.69462,42.798574,21.019619
"082","5am",3.4448149,11.131526,30.94179,35.634305,18.847561
"083","5am",5.0599355,13.61247,35.05978,28.848667,17.419151
"001","6am",5.1273552,12.18085,30.72213,29.916733,22.052927
"002","6am",6.2912025,3.183654,17.11048,28.984942,44.429718
"003","6am",6.1156465,6.353418,22.2875,33.837686,31.405747
"004","6am",9.3821452,12.320112,34.98799,28.235206,15.074546
"005","6am",13.7761808,16.794974,27.91674,18.583801,22.9283
"006","6am",3.8092506,17.806029,36.52789,28.005238,13.851592
"007","6am",4.9856543,20.459185,42.68136,22.858633,9.01517
"008","6am",5.5131741,12.159026,17.1914,38.999697,26.1367
"009","6am",6.2143388,4.021146,16.77023,23.444831,49.549457
"010","6am",6.0016711,14.576679,30.45912,21.616028,27.346505
"011","6am",3.0360977,6.680037,24.78889,34.437785,31.057185
"012","6am",4.7159471,9.235425,16.6736,41.309738,28.065291
"013","6am",1.6103084,13.118945,35.44761,28.677107,21.146029
"014","6am",1.9212382,28.592148,44.46527,13.277086,11.744258
"015","6am",7.2549677,31.16445,36.14252,16.72039,8.717671
"016","6am",13.905295,33.430203,40.91144,9.914623,1.838442
"019","6am",7.6278408,3.286679,29.97806,27.834297,31.273122
"020","6am",5.9013503,14.062788,23.47116,26.782027,29.782672
"021","6am",5.856896,6.540571,32.22314,39.468093,15.911296
"022","6am",0,12.225631,30.99284,32.461532,24.320002
"023","6am",5.4944745,11.616538,30.49146,29.964123,22.433407
"024","6am",6.1897225,17.030601,35.18201,28.908792,12.688875
"025","6am",1.1950548,16.823553,35.75154,35.435036,10.794811
"026","6am",0.7349645,25.817151,43.99046,22.630397,6.82703
"027","6am",6.0701164,11.270642,32.28974,32.605148,17.764355
"028","6am",6.9956105,8.800979,33.05907,28.825175,22.319162
"029","6am",1.6135621,12.062322,33.04071,29.561993,23.721415
"030","6am",6.716235,6.385277,32.31094,34.493569,20.093976
"031","6am",5.2682671,13.160207,28.16699,31.835452,21.569081
"033","6am",10.8403114,11.344859,28.30265,26.486846,23.025338
"034","6am",10.6815256,10.875933,37.82607,23.260396,17.356071
"035","6am",2.7856608,14.554668,41.85283,23.411744,17.395096
"036","6am",7.5466212,31.201705,19.56665,27.891035,13.793984
"037","6am",3.8380397,9.763761,32.57451,33.648584,20.175103
"038","6am",3.7822401,15.045927,31.19065,28.147863,21.83332
"039","6am",5.7935112,6.841605,24.27448,34.495528,28.594878
"040","6am",5.9890181,13.236066,34.27076,35.392008,11.112145
"041","6am",7.7223138,12.684913,38.8979,31.133933,9.560937
"042","6am",6.0387572,21.486681,38.83015,23.313064,10.331348
"043","6am",3.2525409,8.656887,30.9492,30.090394,27.050979
"044","6am",2.6989433,9.687236,24.43999,38.163016,25.010817
"046","6am",2.877432,33.16717,29.80952,22.518975,11.626903
"047","6am",0.957119,14.031151,34.65754,29.1591,21.195092
"049","6am",3.1906801,7.500291,30.47825,30.546576,28.284204
"050","6am",4.3825634,10.309185,26.40785,28.391541,30.508865
"052","6am",1.4176164,20.114841,23.68552,32.108574,22.673452
"054","6am",9.7589201,30.972087,40.78291,11.600164,6.885917
"055","6am",7.9262895,30.543757,37.49831,21.871366,2.160276
"056","6am",10.0799938,29.530042,34.86459,19.582907,5.942466
"057","6am",11.6140039,29.159992,33.72991,17.58167,7.914426
"058","6am",7.2577938,20.178656,44.52745,18.402558,9.63354
"059","6am",8.3051977,13.551829,45.05041,21.577033,11.515532
"060","6am",3.182866,6.044526,33.4582,39.126933,18.187477
"061","6am",2.219052,27.382654,31.25859,21.717093,17.422614
"062","6am",1.6846918,12.348022,34.41782,32.773275,18.77619
"063","6am",8.8954162,17.820163,29.11536,32.077314,12.091745
"064","6am",6.0010794,16.88354,34.50267,31.420961,11.191746
"065","6am",5.4497804,12.016614,37.21317,36.229677,9.090754
"066","6am",5.2595103,28.548634,38.26071,21.663642,6.267499
"067","6am",4.4267912,27.958476,36.97792,21.526189,9.110622
"068","6am",2.2505405,11.098739,39.94537,30.931936,15.77341
"069","6am",4.2346658,10.46229,29.44136,22.266751,33.594933
"070","6am",4.372912,17.709498,26.93976,33.300492,17.677336
"071","6am",3.8203148,43.957977,19.34983,24.520582,8.351294
"072","6am",5.6462844,12.873799,28.87234,26.809332,25.798241
"073","6am",5.6067266,21.299583,27.77761,24.424474,20.891603
"074","6am",2.3761915,12.063771,37.01349,28.868398,19.678149
"075","6am",2.106254,11.678184,31.24334,35.618122,19.354104
"076","6am",2.305684,8.698992,31.59212,30.194278,27.208921
"077","6am",4.4066291,18.119188,35.59146,24.402629,17.480091
"078","6am",4.2206022,15.761165,30.01552,31.731354,18.271362
"079","6am",3.9245451,6.650678,22.2566,34.333136,32.835037
"080","6am",4.9507103,5.44777,29.32748,29.377905,30.896138
"081","6am",4.8895512,9.93993,23.38852,41.141741,20.640257
"082","6am",3.4953598,11.294855,30.7235,33.638699,20.847584
"083","6am",5.4155058,12.650434,33.48666,32.348314,16.099092
"001","7am",5.664869,9.29792,34.36192,29.85511,20.820186
"002","7am",3.7003654,3.989637,36.63645,23.37641,32.297133
"003","7am",6.270537,8.851905,28.93252,32.24987,23.695172
"004","7am",7.6566928,11.506798,39.02757,28.75549,13.053448
"005","7am",13.1352925,11.904623,31.77288,19.28059,23.906614
"006","7am",4.3810933,18.210427,32.02932,29.91311,15.46605
"007","7am",4.7636328,21.965427,39.24849,22.36169,11.660768
"008","7am",5.6015839,11.451809,14.12038,41.68285,27.143374
"009","7am",6.0468071,4.392235,18.64282,23.67795,47.240187
"010","7am",4.3960781,12.304281,37.63813,21.25968,24.401835
"011","7am",2.7731704,5.167956,27.67455,30.50366,33.880656
"012","7am",4.7177195,12.149791,16.42939,38.49267,28.210428
"013","7am",1.6077099,11.689798,36.17507,28.21552,22.311902
"014","7am",1.7655568,27.117839,46.73219,10.31883,14.065576
"015","7am",5.2805912,22.100143,43.89862,19.54342,9.177223
"016","7am",12.2390703,27.827017,36.06189,19.5166,4.355424
"019","7am",8.0291253,2.349627,36.0756,26.44169,27.103959
"020","7am",5.7172533,14.630689,26.23261,23.53556,29.883892
"021","7am",5.0028208,8.140714,28.65526,41.30826,16.892951
"022","7am",0,13.372707,36.55603,25.20843,24.862837
"023","7am",6.3041965,11.287469,28.81512,33.67141,19.921813
"024","7am",4.8486723,14.593685,32.23614,35.61195,12.709557
"025","7am",1.4137914,18.314251,38.7215,32.06138,9.489077
"026","7am",0.7915336,28.56225,41.54305,20.19119,8.911968
"027","7am",6.356764,10.355949,30.64617,33.77404,18.867077
"028","7am",7.3904783,10.328556,31.79438,27.68991,22.79668
"029","7am",1.3304588,13.022798,34.21504,22.3462,29.085501
"030","7am",7.9246136,4.547698,35.35546,33.62736,18.544865
"031","7am",6.0402792,14.186114,31.50289,31.45346,16.817259
"033","7am",10.5010056,11.537713,29.43863,23.78569,24.736958
"034","7am",11.4849334,9.84118,36.93096,25.99096,15.751969
"035","7am",2.6137845,18.918802,37.77719,26.11795,14.572271
"036","7am",4.2231118,20.413713,20.50865,30.02597,24.828559
"037","7am",3.9277265,10.121995,29.5358,37.75508,18.659401
"038","7am",2.2245421,17.587745,32.89827,30.96944,16.319999
"039","7am",7.4260894,6.17199,22.46384,35.06516,28.872921
"040","7am",7.4783636,13.625422,31.80614,37.25782,9.832264
"041","7am",8.9408508,13.908096,35.11519,35.51654,6.519321
"042","7am",7.3383941,22.377834,31.87652,28.56931,9.837938
"043","7am",3.3928619,10.100997,30.68086,29.24184,26.58344
"044","7am",3.1364416,11.283436,27.79006,33.46465,24.325411
"046","7am",3.4218287,33.926785,32.18147,24.39617,6.073751
"047","7am",1.1099128,14.939466,35.3116,29.15056,19.488463
"049","7am",3.6501433,10.143616,28.59473,30.73395,26.87756
"050","7am",4.5387441,13.631028,25.45256,31.18952,25.188154
"052","7am",1.547863,22.328587,25.86167,28.985,21.276876
"054","7am",9.1606524,31.977807,36.7036,12.84161,9.316333
"055","7am",8.5133431,32.655715,35.3709,21.21402,2.246016
"056","7am",9.7289386,27.0679,39.06292,17.95413,6.186107
"057","7am",12.4406314,25.442919,38.16484,16.48062,7.470987
"058","7am",7.7861187,20.047308,45.88066,17.33793,8.947984
"059","7am",10.0652535,11.223418,48.84659,19.76687,10.097867
"060","7am",2.79103,10.39211,34.47843,34.87138,17.467045
"061","7am",2.5789643,24.272487,33.69625,21.87784,17.57446
"062","7am",2.0842122,17.035517,33.5777,28.34418,18.958395
"063","7am",9.3826171,19.617689,29.11136,28.16681,13.721526
"064","7am",6.8664013,14.930405,36.63383,30.35392,11.215442
"065","7am",5.6966288,13.219951,37.15681,34.42409,9.50252
"066","7am",5.874437,31.864082,38.58445,18.92079,4.756247
"067","7am",4.6495318,30.361485,36.60069,20.02884,8.359451
"068","7am",2.7174976,16.777266,36.35867,27.88702,16.259546
"069","7am",4.3120104,17.917588,27.97999,21.67657,28.113844
"070","7am",4.4553198,17.180376,25.7066,32.41071,20.246995
"071","7am",2.4586343,37.418285,20.52989,30.261,9.332191
"072","7am",5.6871383,13.256851,30.84745,26.5468,23.661765
"073","7am",6.1415187,24.113814,28.24153,26.81407,14.689072
"074","7am",2.3954675,16.38991,43.80419,20.04813,17.362298
"075","7am",2.1259299,16.392903,30.79238,29.54256,21.146226
"076","7am",2.883229,7.16063,30.39357,30.30129,29.261281
"077","7am",5.1551836,13.648898,40.22472,24.02757,16.943635
"078","7am",5.3611704,10.746899,31.49638,31.81729,20.578261
"079","7am",4.8811311,6.972876,27.99963,32.10104,28.045327
"080","7am",4.886212,12.851236,29.42323,29.90371,22.935609
"081","7am",5.281394,14.316163,21.29089,40.90458,18.206973
"082","7am",4.0885306,11.086918,35.2975,30.68704,18.840008
"083","7am",4.6658766,14.380852,32.70305,35.21637,13.033848
"001","8am",4.0655237,10.159107,29.20752,27.2722,29.295654
"002","8am",2.2555078,2.431829,31.05317,25.72265,38.536846
"003","8am",2.6901482,4.61447,35.58649,30.12096,26.987936
"004","8am",5.2773885,11.889024,36.8877,33.52802,12.417867
"005","8am",13.2918432,12.911802,30.1268,20.70742,22.962139
"006","8am",4.242809,19.147786,28.20542,29.24001,19.163975
"007","8am",4.8348694,18.787853,36.13683,25.62904,14.611416
"008","8am",5.992587,9.924869,18.16071,41.85564,24.066202
"009","8am",5.421949,4.161375,21.54876,26.06644,42.801473
"010","8am",3.119948,9.237124,33.74347,27.87367,26.025794
"011","8am",3.3259733,5.748199,28.76143,29.84946,32.314931
"012","8am",4.5422309,12.618184,20.20754,39.09857,23.533479
"013","8am",2.0591522,11.058147,40.22559,30.75989,15.897224
"014","8am",1.5620385,22.007069,41.02617,16.36313,19.041586
"015","8am",3.6602508,17.747762,42.92547,25.49811,10.168411
"016","8am",9.7221245,18.203693,33.72352,27.11407,11.236586
"019","8am",10.2726903,2.888267,37.61634,27.50348,21.71923
"020","8am",4.8775942,15.749791,26.93854,27.66616,24.767909
"021","8am",3.7141772,5.327162,27.6578,44.03547,19.265393
"022","8am",0,17.768277,34.90602,23.67798,23.647727
"023","8am",7.3234123,11.63718,30.262,32.64709,18.130323
"024","8am",6.2092148,11.370934,27.8275,37.94078,16.651574
"025","8am",1.5723008,19.263563,44.84037,25.80452,8.519249
"026","8am",0.7284674,29.217571,38.33386,20.4468,11.273293
"027","8am",7.347428,11.196764,32.77542,32.68304,15.997351
"028","8am",8.891978,12.763877,38.07495,23.89638,16.372809
"029","8am",3.1293062,9.40186,30.92774,20.03125,36.509844
"030","8am",10.724764,7.195021,29.2569,31.53968,21.283628
"031","8am",6.7401282,11.969157,35.76925,30.5789,14.94257
"033","8am",11.9732348,10.884092,34.3336,14.69296,28.116116
"034","8am",11.4177235,8.390389,39.8922,26.95384,13.345846
"035","8am",2.8120649,18.292071,38.69184,26.04356,14.160469
"036","8am",3.6832884,15.758825,19.91804,32.40552,28.234329
"037","8am",1.5087229,9.915019,27.16739,41.23696,20.171907
"038","8am",2.3076336,17.932571,34.0366,29.92097,15.802233
"039","8am",7.646784,7.591115,22.57408,37.04243,25.145594
"040","8am",8.0166429,15.646762,29.30386,37.02136,10.011382
"041","8am",9.1549331,20.307971,29.94048,28.7188,11.877809
"042","8am",7.3275731,21.473649,32.99576,28.426,9.777015
"043","8am",3.8747037,12.396558,25.60514,28.26296,29.860634
"044","8am",3.5827988,12.889219,29.50054,33.27033,20.757115
"046","8am",3.8338889,35.275027,27.7279,27.14437,6.018814
"047","8am",0,15.703889,41.31103,29.79827,13.186808
"049","8am",3.3121469,10.925873,28.19567,26.4193,31.147007
"050","8am",5.0746502,15.742946,26.56068,25.6469,26.974819
"052","8am",1.9018028,27.042716,30.12467,21.08019,19.850619
"054","8am",8.2105345,27.915367,34.23248,16.69593,12.94568
"055","8am",8.5637963,32.866621,33.27779,20.95991,4.33189
"056","8am",10.0989495,30.690834,35.72704,17.0618,6.421377
"057","8am",10.6527637,23.731044,36.13374,20.25236,9.230094
"058","8am",6.2551475,18.646766,46.56101,15.19658,13.3405
"059","8am",10.6721111,11.466826,42.72448,16.60951,18.527075
"060","8am",2.8178919,9.341292,34.80204,32.85097,20.187805
"061","8am",1.9005738,24.59447,37.51527,24.04275,11.946935
"062","8am",2.5843421,19.421336,31.94277,24.83147,21.220085
"063","8am",10.9814814,20.625638,27.37497,27.17089,13.847026
"064","8am",7.1210885,15.484201,35.20287,31.07794,11.113899
"065","8am",6.1982417,13.767094,37.7623,33.53664,8.735728
"066","8am",6.4832391,34.073863,36.40139,19.624,3.417513
"067","8am",4.5509232,30.886421,34.99311,23.54492,6.024632
"068","8am",2.4645807,21.250158,29.26384,34.01933,13.002097
"069","8am",3.8836841,19.467798,36.32786,18.69501,21.625651
"070","8am",5.232744,22.498818,26.39554,30.91347,14.959431
"071","8am",1.6975946,23.569285,28.80654,32.55249,13.374092
"072","8am",5.2112681,16.295607,30.39272,27.29745,20.802964
"073","8am",6.9551565,22.814112,34.34751,21.36653,14.516686
"074","8am",1.3331245,15.399175,38.13387,29.33944,15.794382
"075","8am",2.0858338,22.406059,26.88829,33.36832,15.251497
"076","8am",3.3105789,7.393469,27.39596,35.83063,26.06936
"077","8am",5.5284554,11.15956,37.05439,25.9721,20.2855
"078","8am",5.3799912,11.346025,32.49466,32.2869,18.492426
"079","8am",6.9023469,8.014406,27.46192,28.93703,28.684297
"080","8am",6.5517736,13.213445,35.55843,26.39171,18.284643
"081","8am",5.4957816,14.8973,16.55062,45.03354,18.022759
"082","8am",2.5727859,12.41553,36.90974,31.37404,16.727897
"083","8am",5.3029415,16.01678,31.58721,35.79338,11.29969
"001","9am",3.557563,10.004448,29.25351,28.23328,28.951199
"002","9am",1.604408,2.193211,32.7492,27.4396,36.01358
"003","9am",2.745477,3.983902,38.84177,31.28272,23.146133
"004","9am",4.612333,11.725113,34.35613,30.45947,18.846958
"005","9am",12.906907,12.351747,29.64062,21.97988,23.120853
"006","9am",2.850077,18.933578,29.39298,31.29508,17.528282
"007","9am",4.931952,19.06939,36.86707,26.67083,12.460757
"008","9am",5.39699,10.286814,18.345,35.85214,30.119053
"009","9am",5.147213,3.950514,23.07441,28.25957,39.568297
"010","9am",2.694658,8.90079,33.73213,28.76796,25.904461
"011","9am",3.205324,6.888966,27.061,30.4459,32.398813
"012","9am",4.796533,10.545313,19.76428,41.5983,23.295579
"013","9am",2.458707,10.413139,39.60237,29.15323,18.372554
"014","9am",1.541817,21.866486,39.63951,20.78959,16.162593
"015","9am",4.755685,17.641155,39.18957,24.44636,13.967236
"016","9am",8.163877,14.492684,37.17252,26.17374,13.997179
"019","9am",9.172375,4.574378,35.67572,27.91809,22.65944
"020","9am",4.842878,13.155847,28.67761,28.70532,24.618346
"021","9am",6.17156,5.290555,29.58248,40.65881,18.296595
"022","9am",0,14.782678,40.73712,22.22336,22.256842
"023","9am",7.362462,13.613,30.06762,28.77785,20.179068
"024","9am",6.175849,13.346707,27.01804,35.05158,18.407826
"025","9am",1.688931,21.864429,41.86169,25.77193,8.813024
"026","9am",1.277569,28.167928,34.9552,22.16004,13.439263
"027","9am",9.005676,11.340489,31.41982,35.26137,12.972638
"028","9am",9.170112,11.927931,36.65746,24.43812,17.806383
"029","9am",0.997645,10.277918,29.17095,25.73074,33.822744
"030","9am",6.212536,6.12443,40.60889,27.08508,19.969064
"031","9am",5.875259,13.315985,35.5258,30.1752,15.107752
"033","9am",12.700923,15.298646,33.62643,20.22832,18.145681
"034","9am",12.659787,8.566264,36.4212,26.89048,15.462267
"035","9am",3.036613,16.621518,42.72276,24.60882,13.01029
"036","9am",3.250174,13.075084,22.00088,30.21114,31.462724
"037","9am",1.974939,9.032641,26.90776,39.3319,22.752761
"038","9am",4.373664,18.510143,34.04545,28.57621,14.494536
"039","9am",6.797978,9.141728,23.5767,36.38925,24.094346
"040","9am",6.560463,16.640245,30.26647,37.56381,8.969003
"041","9am",10.756041,21.906066,23.42229,25.66533,18.250271
"042","9am",7.797553,22.063498,31.17329,28.14741,10.818251
"043","9am",3.799013,13.86798,20.89493,27.45253,33.985553
"044","9am",3.725209,13.401543,28.54833,32.58316,21.741757
"046","9am",4.130271,36.262937,23.38732,28.7942,7.425272
"047","9am",0,14.603835,40.51724,31.6547,13.224232
"049","9am",3.196081,11.10579,33.27913,26.52153,25.897472
"050","9am",7.027947,15.972963,23.87576,25.88453,27.238804
"052","9am",2.103387,27.847031,33.57807,15.69747,20.774046
"054","9am",8.050082,27.246511,34.406,15.09607,15.20134
"055","9am",10.657589,33.596791,30.91578,21.4385,3.391339
"056","9am",10.831692,30.124633,34.4975,17.9297,6.616476
"057","9am",10.31866,23.12465,34.83133,18.81832,12.907049
"058","9am",7.654685,17.518337,47.10822,15.71342,12.005338
"059","9am",9.753696,13.828429,37.94787,18.03824,20.431763
"060","9am",2.25483,10.465756,34.88505,30.84114,21.553222
"061","9am",2.430943,23.694799,36.97689,25.01791,11.879463
"062","9am",2.645406,19.880234,33.91297,26.06279,17.498599
"063","9am",9.411345,20.008773,31.32732,26.09836,13.154199
"064","9am",8.655924,17.530332,37.86295,24.92822,11.022572
"065","9am",6.635952,14.739304,35.91029,35.074,7.640456
"066","9am",5.113462,34.219912,38.72235,19.79563,2.148648
"067","9am",4.589284,30.175754,34.82932,25.06485,5.340793
"068","9am",2.313741,16.670751,28.43265,38.13842,14.444438
"069","9am",1.905871,22.732823,48.79102,14.93257,11.637715
"070","9am",5.111092,22.80076,28.649,25.65929,17.77986
"071","9am",1.163,22.484143,36.58182,29.93318,9.837863
"072","9am",6.002411,14.909829,37.9862,22.89245,18.209107
"073","9am",8.48889,19.858257,32.00868,26.82064,12.82353
"074","9am",1.223368,18.596598,35.42992,27.94838,16.801743
"075","9am",2.063278,23.810487,27.00166,32.66735,14.457225
"076","9am",2.496986,8.478638,26.56864,38.42943,24.026302
"077","9am",3.596077,10.960764,31.47222,30.7049,23.26604
"078","9am",4.818172,13.108073,28.61303,37.3902,16.070529
"079","9am",7.606744,4.783987,29.62725,30.14235,27.839672
"080","9am",6.710194,14.350031,39.95053,20.51339,18.475857
"081","9am",6.094036,18.171454,17.207,39.29201,19.235494
"082","9am",2.527596,12.197454,35.15879,33.68208,16.434077
"083","9am",5.255136,16.741151,33.94163,34.75766,9.304421
"001","10am",3.5212803,7.793854,29.77326,30.62632,28.28529
"002","10am",1.7341462,2.508069,32.79837,29.02896,33.930447
"003","10am",3.3066864,5.007363,38.87061,29.14794,23.667407
"004","10am",3.983037,9.827149,39.44841,30.01498,16.72642
"005","10am",11.1971992,15.682161,29.25666,23.49885,20.365125
"006","10am",3.8430961,19.368698,25.95237,34.05123,16.78461
"007","10am",5.1186724,17.621206,35.53285,28.65518,13.072085
"008","10am",5.7638543,13.995648,18.77187,34.39394,27.074682
"009","10am",5.1198811,3.929536,23.88833,25.88899,41.173261
"010","10am",3.7565601,7.94309,33.8562,27.11754,27.326611
"011","10am",4.8734257,4.951215,29.67015,29.01749,31.487723
"012","10am",5.7341509,9.177502,24.44241,41.20859,19.437346
"013","10am",2.3926505,12.947843,34.14466,31.03207,19.482776
"014","10am",1.5888142,24.485044,37.23503,20.10265,16.588457
"015","10am",3.2853041,14.891534,40.20737,26.37765,15.238144
"016","10am",8.1268982,13.710564,36.62719,25.88982,15.64553
"019","10am",8.2402862,5.157318,33.29244,24.58469,28.725267
"020","10am",4.7883581,13.497473,30.41653,28.55311,22.744535
"021","10am",2.7100807,5.60056,27.00103,44.49265,20.195676
"022","10am",0,14.94978,40.63745,21.81098,22.601788
"023","10am",7.5527678,10.856109,30.82602,30.406,20.359103
"024","10am",7.4625761,12.592443,31.61709,32.32303,16.004859
"025","10am",2.7894904,18.05116,40.8346,29.18076,9.143983
"026","10am",1.6957971,28.483518,35.61336,22.02968,12.177651
"027","10am",8.3282972,12.137999,34.82128,34.71984,9.992586
"028","10am",9.0269356,11.741697,34.08706,24.26825,20.876057
"029","10am",0.9710258,8.382965,29.06178,27.81694,33.767287
"030","10am",10.0250763,6.542875,35.16792,28.32008,19.944053
"031","10am",6.4819989,11.790263,33.95821,32.18931,15.580218
"033","10am",10.1958159,14.047593,38.19816,17.29164,20.266791
"034","10am",13.0286743,9.008699,38.56969,24.41372,14.979209
"035","10am",2.5962892,16.149885,44.28584,23.86318,13.104806
"036","10am",3.0713534,12.408413,21.37293,30.26584,32.88146
"037","10am",1.6795864,9.019708,25.43215,40.90754,22.961015
"038","10am",4.0297002,17.909203,32.91451,29.42789,15.718694
"039","10am",6.5794713,10.258367,24.13057,35.11796,23.913633
"040","10am",6.9036786,13.183818,31.70855,38.18891,10.015036
"041","10am",9.3549371,19.052538,24.11165,32.37389,15.106994
"042","10am",7.7420173,19.982138,30.54807,31.31026,10.417515
"043","10am",2.0930454,15.128605,24.07172,27.41533,31.291303
"044","10am",3.2986287,11.207184,26.62679,29.03683,29.830566
"046","10am",4.0489682,34.718655,28.26911,26.6068,6.356467
"047","10am",0,17.452471,40.01831,29.21873,13.310492
"049","10am",5.9842945,9.140799,34.4632,25.9849,24.426808
"050","10am",6.5234911,17.456581,23.35241,23.20442,29.463095
"052","10am",2.0637305,25.845722,33.27705,19.59339,19.2201
"054","10am",8.0937428,28.29013,34.92477,14.97891,13.712446
"055","10am",10.9672225,34.424211,29.13138,21.98732,3.489867
"056","10am",11.8703958,27.631506,34.91973,19.60633,5.972036
"057","10am",11.3253817,21.871734,35.15129,16.74081,14.910779
"058","10am",9.1410807,17.835122,47.90746,12.35184,12.764497
"059","10am",9.5904083,15.764733,40.82822,15.15175,18.664883
"060","10am",2.2032682,10.938186,34.74276,28.78769,23.328101
"061","10am",0.9594948,24.326111,36.93216,25.08368,12.698555
"062","10am",2.7780856,20.877319,36.64136,24.10474,15.598497
"063","10am",11.3862684,19.576409,31.31479,28.25829,9.464246
"064","10am",6.5293745,19.427289,34.4433,25.70101,13.899024
"065","10am",6.4976943,13.472363,36.30331,34.56886,9.157773
"066","10am",5.1204177,36.586174,37.12871,19.01313,2.151571
"067","10am",4.6765381,28.745814,36.40483,23.98189,6.190925
"068","10am",1.5416966,14.810782,27.23171,43.63965,12.776163
"069","10am",2.5698364,19.508236,43.7148,21.88116,12.325963
"070","10am",5.0127603,21.870818,29.0121,25.06492,19.039401
"071","10am",0.8186281,21.428683,38.20562,28.10506,11.442012
"072","10am",6.0956111,15.924119,34.21338,27.90377,15.863127
"073","10am",8.1231439,23.738449,30.20365,24.34365,13.591114
"074","10am",1.8742404,17.631657,36.61695,27.04065,16.836505
"075","10am",3.8591047,22.701773,24.2348,32.31979,16.884531
"076","10am",2.5868508,6.953238,22.59456,39.212,28.653356
"077","10am",2.0501828,10.548981,33.88026,33.73357,19.787007
"078","10am",5.189498,16.656973,27.67991,30.63109,19.84253
"079","10am",8.4331082,9.791793,22.28184,31.68885,27.804402
"080","10am",7.7141225,15.440843,37.52139,20.33869,18.984955
"081","10am",4.978214,18.252062,21.30119,36.59662,18.871918
"082","10am",7.9144833,12.998637,30.26828,32.12128,16.697315
"083","10am",5.3691323,18.116404,30.89547,34.24644,11.372548
"001","11am",4.7538774,11.512751,28.51915,27.80625,27.407967
"002","11am",1.5709325,3.248965,35.41955,27.2859,32.474647
"003","11am",4.1779463,4.629892,37.23644,26.9038,27.051926
"004","11am",3.1748409,10.037242,37.72818,32.81334,16.246402
"005","11am",11.4477658,13.754433,30.04499,22.65653,22.096287
"006","11am",4.4987273,18.205711,27.39819,30.48602,19.411347
"007","11am",5.229563,20.578638,36.7069,25.89627,11.588634
"008","11am",6.0117406,10.461713,20.84414,34.67576,28.006646
"009","11am",5.5538487,3.855026,24.86374,25.00722,40.720171
"010","11am",2.1310857,8.45953,34.02048,27.94696,27.441951
"011","11am",4.1854035,6.405353,30.51394,28.78467,30.110635
"012","11am",5.1474915,9.163857,23.84869,38.07609,23.763868
"013","11am",1.7766138,12.71931,37.14818,29.26673,19.089168
"014","11am",1.5605422,25.346491,35.67626,18.68515,18.731561
"015","11am",3.3347744,13.09684,43.94121,25.54912,14.078061
"016","11am",8.1299854,16.957421,32.53906,27.87421,14.499333
"019","11am",9.106985,4.423439,35.35135,25.08885,26.029376
"020","11am",4.5808515,11.22378,25.72641,35.30899,23.159968
"021","11am",3.1497919,5.885236,27.43006,44.29816,19.236756
"022","11am",0,16.50782,35.67065,27.73462,20.086909
"023","11am",7.1208562,11.680173,31.85989,31.87919,17.45989
"024","11am",6.1146103,14.614381,29.92711,31.50469,17.83921
"025","11am",2.9995542,16.04393,42.49933,30.09159,8.365597
"026","11am",0.7503312,28.844695,35.18902,21.04555,14.170399
"027","11am",8.8064399,10.580717,32.71737,35.88839,12.00708
"028","11am",9.1533921,13.826299,35.86979,23.29385,17.856669
"029","11am",1.0094747,7.930874,29.51803,26.13102,35.410601
"030","11am",11.8855901,6.006492,39.85775,22.66565,19.584521
"031","11am",6.0605852,14.033513,36.93163,24.01924,18.955038
"033","11am",9.8501315,13.262344,39.19599,15.29207,22.399467
"034","11am",10.6352718,10.391945,36.47452,27.50551,14.992748
"035","11am",2.60959,18.689528,39.99863,25.10452,13.597735
"036","11am",3.1712208,11.389554,21.14838,32.7765,31.514339
"037","11am",3.3635566,10.362664,27.11274,38.47144,20.689607
"038","11am",4.2260393,18.210749,32.31641,31.44223,13.80458
"039","11am",6.4446156,9.850045,24.92794,34.31049,24.466906
"040","11am",6.8655356,14.535413,30.47292,38.05553,10.070605
"041","11am",9.7126869,24.247687,27.56389,25.63854,12.837193
"042","11am",7.4947442,21.715366,31.63212,31.48474,7.673034
"043","11am",2.0151541,16.753664,23.37798,29.53111,28.322092
"044","11am",3.3229195,14.654325,25.25349,29.8183,26.950965
"046","11am",3.7269371,34.884791,29.3042,26.23317,5.850911
"047","11am",0,20.806368,37.35744,27.74444,14.091754
"049","11am",4.9550666,10.351075,35.62367,23.01685,26.053335
"050","11am",5.6635427,17.207823,22.58173,23.3527,31.194206
"052","11am",2.0797246,25.673216,32.77745,21.35542,18.11419
"054","11am",7.6184668,26.530018,36.95467,15.80317,13.093675
"055","11am",9.6109082,34.21516,32.36066,20.28208,3.531194
"056","11am",9.2898566,31.274137,32.37651,19.50539,7.554105
"057","11am",11.9298785,23.8058,36.8551,16.83081,10.578416
"058","11am",8.1425838,19.757091,46.11549,13.01893,12.965906
"059","11am",9.391864,12.429491,40.96815,16.50818,20.702315
"060","11am",2.7714787,11.015716,32.51072,30.81806,22.884019
"061","11am",1.8898127,25.306113,37.56307,22.07349,13.16751
"062","11am",2.6536298,18.971084,34.72434,28.30643,15.344523
"063","11am",11.5829038,19.914484,29.16374,28.36297,10.975905
"064","11am",7.9124496,17.520879,35.09276,26.31337,13.160533
"065","11am",6.9516615,13.50363,33.67306,36.07406,9.797589
"066","11am",5.2997706,34.924059,35.75678,20.35558,3.663812
"067","11am",4.5820891,30.601134,35.04497,23.70592,6.065891
"068","11am",1.7958369,17.252259,27.06753,43.37366,10.510719
"069","11am",3.1899517,17.378917,46.65578,15.82669,16.94866
"070","11am",6.6703094,22.634914,26.16101,26.96382,17.56995
"071","11am",0.8543604,19.833903,34.6597,32.62114,12.030902
"072","11am",4.8254485,15.931626,33.85933,29.29235,16.091246
"073","11am",7.5138938,18.553942,32.48557,26.20409,15.242496
"074","11am",1.330871,18.072832,35.96434,26.35376,18.278195
"075","11am",3.8806069,21.626596,24.40024,36.77923,13.313331
"076","11am",4.1591016,1.640312,25.19051,41.896,27.11407
"077","11am",4.5235331,9.469917,32.03402,34.29881,19.673719
"078","11am",6.1801065,12.119536,36.12766,28.89828,16.674413
"079","11am",7.3444059,8.527687,26.87308,26.14567,31.109155
"080","11am",4.8138131,14.374737,37.37652,21.11139,22.323532
"081","11am",6.3574739,20.478133,15.14162,40.20894,17.813837
"082","11am",8.0712587,15.470115,30.37899,26.28174,19.797899
"083","11am",5.2453516,17.698746,30.11499,35.30272,11.638191
"001","12am",3.1355184,10.017807,26.84513,26.71251,33.289039
"002","12am",1.4007081,2.792982,36.11115,24.25314,35.442017
"003","12am",3.3531753,4.296345,34.75753,29.51233,28.080617
"004","12am",4.0993979,10.614507,35.28426,34.07291,15.928927
"005","12am",10.8531101,10.349712,30.59672,25.34223,22.858237
"006","12am",4.5736791,18.080409,31.79989,29.1309,16.415123
"007","12am",4.9573832,21.331733,35.98499,24.88332,12.84258
"008","12am",5.206106,12.548872,18.65148,38.84253,24.75102
"009","12am",5.8725186,6.393715,21.79015,23.40792,42.53569
"010","12am",1.9333891,9.088235,32.63305,29.78351,26.561811
"011","12am",3.5247169,6.906397,30.22476,29.18793,30.156198
"012","12am",5.6073109,8.761639,20.81233,38.67972,26.139002
"013","12am",1.7964995,14.253401,38.22041,29.30977,16.419919
"014","12am",1.5737846,25.347297,38.74371,15.97736,18.357841
"015","12am",3.8189297,14.992132,39.61482,26.02107,15.553047
"016","12am",9.8494508,18.254268,35.99127,26.57677,9.328241
"019","12am",9.7896181,2.239969,35.33359,25.895,26.741816
"020","12am",4.6659973,9.489074,24.24467,34.22469,27.375561
"021","12am",3.9431901,5.470921,28.76896,43.92407,17.892857
"022","12am",0,15.34308,29.00857,29.85564,25.792718
"023","12am",8.1271757,13.248245,36.34719,28.66407,13.613323
"024","12am",6.7590588,16.622593,29.10692,31.91073,15.600695
"025","12am",1.746771,16.325713,36.77119,35.00797,10.148357
"026","12am",0.8649058,26.236495,39.11713,24.29983,9.481637
"027","12am",8.4677802,10.304748,31.81679,36.84786,12.562823
"028","12am",7.9585635,13.509796,33.60945,25.27752,19.644673
"029","12am",3.3011166,9.647472,28.96468,24.49621,33.590522
"030","12am",10.857748,8.073291,32.88126,26.8712,21.316504
"031","12am",6.3181353,15.946424,35.60778,25.06614,17.061523
"033","12am",12.0177393,13.979284,37.51111,16.62743,19.864444
"034","12am",8.9238034,7.24934,41.118,27.66449,15.044374
"035","12am",1.9181008,18.493187,42.73445,25.6968,11.157469
"036","12am",3.8060411,15.099534,20.35086,28.56206,32.181509
"037","12am",3.3629016,9.574069,28.50509,38.40774,20.1502
"038","12am",4.2723735,17.799798,32.01477,28.74056,17.172497
"039","12am",6.3785638,10.019813,25.95183,34.73882,22.910976
"040","12am",5.9528295,15.76332,33.72571,33.77032,10.787816
"041","12am",6.0028351,20.392602,27.35402,34.12012,12.130417
"042","12am",5.9705511,21.423342,31.08288,32.54459,8.978639
"043","12am",2.1219066,13.406183,23.30814,30.79164,30.372133
"044","12am",3.5063243,13.323261,26.14707,31.43091,25.592435
"046","12am",3.5911406,33.613712,30.6939,24.37336,7.727884
"047","12am",0,17.726479,37.53744,29.91366,14.822426
"049","12am",3.8704469,10.914412,33.20423,26.05088,25.960035
"050","12am",4.937735,18.449315,23.65765,23.05343,29.901873
"052","12am",2.7427952,27.218831,29.52615,20.86789,19.644338
"054","12am",8.3617097,29.475149,34.41684,17.45575,10.290547
"055","12am",10.8626788,37.480182,32.65339,16.74205,2.261702
"056","12am",8.3590385,31.338933,31.31665,20.23059,8.754796
"057","12am",12.472593,27.918769,32.04827,18.04429,9.516082
"058","12am",7.7591486,20.384099,44.97227,14.26945,12.615034
"059","12am",9.6101657,11.04869,51.18986,15.85673,12.294559
"060","12am",2.6874603,11.368513,33.45661,32.58808,19.899341
"061","12am",1.904368,27.511469,36.72047,22.45254,11.411157
"062","12am",2.4907091,15.623412,41.76983,25.36845,14.747603
"063","12am",11.9691353,18.838315,26.45739,30.37059,12.364574
"064","12am",7.451138,18.138477,34.00599,26.54188,13.862514
"065","12am",6.5797927,12.185984,38.69265,33.26809,9.273481
"066","12am",4.7658334,33.905283,36.42855,20.92846,3.971874
"067","12am",4.1544784,28.472554,38.66227,21.59559,7.115102
"068","12am",2.1321729,16.068402,28.85821,38.82801,14.113207
"069","12am",2.8903443,17.176861,44.10795,18.0633,17.76155
