"district","hour","educmen1","educmen2","educmen3","educmen4"
"001","4am",3.8393251,30.35569,31.663734,34.1412521
"002","4am",0.7364213,18.45695,34.867733,45.9389006
"003","4am",3.2053375,23.04125,31.873852,41.879564
"004","4am",11.2084709,26.77318,28.677639,33.3407121
"005","4am",15.6525116,30.59943,31.338486,22.4095678
"006","4am",4.7794353,56.17953,21.368616,17.6724214
"007","4am",13.5957283,61.06589,15.598065,9.7403169
"008","4am",3.083874,32.95836,27.350705,36.6070595
"009","4am",0,33.58262,19.895908,46.5214733
"010","4am",4.9372285,38.43825,25.026361,31.5981605
"011","4am",2.7744232,34.52457,27.795287,34.9057225
"012","4am",7.917406,28.93397,25.748278,37.400341
"013","4am",6.8914372,52.28997,14.592668,26.2259218
"014","4am",13.9766268,60.81921,15.18958,10.0145862
"015","4am",17.1058887,64.01462,9.690404,9.1890894
"016","4am",14.6693074,61.83132,20.64307,2.8563003
"019","4am",2.7973802,30.72979,39.095061,27.3777706
"020","4am",13.8703309,26.88538,29.205792,30.0384961
"021","4am",12.5963719,34.87356,33.497268,19.0327994
"022","4am",5.0349927,42.90171,25.55173,26.51157
"023","4am",5.8805375,45.06323,24.830731,24.2255028
"024","4am",15.9338858,52.23511,21.80887,10.0221365
"025","4am",13.5135164,50.61184,21.223925,14.6507196
"026","4am",17.2901655,58.82593,13.374132,10.5097703
"027","4am",0,50.5342,31.382152,18.0836456
"028","4am",13.987856,41.70143,34.224145,10.0865659
"029","4am",6.4316342,54.84835,25.817865,12.9021466
"030","4am",8.868803,37.84137,41.288943,12.0008857
"031","4am",11.8104425,42.97562,34.4208,10.7931413
"033","4am",10.9373887,55.69735,18.627051,14.7382114
"034","4am",12.2767444,51.33866,24.628603,11.7559892
"035","4am",14.711075,52.18507,27.525673,5.5781788
"036","4am",18.350255,54.81234,21.43821,5.3991917
"037","4am",7.9059878,54.23023,20.560811,17.3029678
"038","4am",16.5955639,44.07247,27.688819,11.6431423
"039","4am",7.4654151,32.96002,30.724705,28.8498561
"040","4am",20.3574249,52.06552,13.821576,13.7554762
"041","4am",21.6000726,52.29185,22.056491,4.0515881
"042","4am",5.1582353,67.20743,17.747902,9.8864344
"043","4am",3.7530155,43.85375,34.850762,17.5424706
"044","4am",7.3854573,45.49715,37.73693,9.3804637
"046","4am",14.9762726,65.55959,13.483169,5.9809673
"047","4am",11.1742899,52.4283,26.171805,10.2256081
"049","4am",6.5833951,46.40767,23.828673,23.1802585
"050","4am",4.9804233,56.92788,22.043304,16.0483917
"052","4am",14.8945624,45.35257,29.490822,10.2620435
"054","4am",30.8176334,54.59435,9.956019,4.6320008
"055","4am",23.2603447,62.93863,13.235724,0.5652988
"056","4am",41.0319297,46.86996,11.149586,0.9485256
"057","4am",22.9775467,56.36954,14.365235,6.2876777
"058","4am",25.5001759,52.92718,19.296289,2.2763544
"059","4am",17.2516901,55.36464,21.284426,6.0992436
"060","4am",11.5640333,53.09539,17.105172,18.2354035
"061","4am",20.6339245,57.77243,14.097629,7.4960193
"062","4am",4.6057763,61.25503,23.156844,10.9823468
"063","4am",17.9485106,62.53642,12.981449,6.5336169
"064","4am",16.4290196,60.21607,16.876782,6.4781308
"065","4am",4.4673838,61.80561,24.590275,9.1367314
"066","4am",20.4552878,64.07957,11.054514,4.4106291
"067","4am",22.65203,54.50796,18.791871,4.048144
"068","4am",8.2946413,61.3983,20.867014,9.4400416
"069","4am",11.7255839,48.03044,15.792161,24.4518123
"070","4am",12.0601129,39.50187,24.933403,23.5046151
"071","4am",13.2166175,57.74445,19.384781,9.6541559
"072","4am",21.7666228,37.66271,23.949019,16.6216498
"073","4am",15.7153159,51.67165,19.113972,13.4990614
"074","4am",11.0180601,55.12752,26.879538,6.9748849
"075","4am",13.277718,45.76355,27.391575,13.5671597
"076","4am",4.0457308,48.42092,29.598369,17.9349772
"077","4am",3.1941113,51.5953,31.85057,13.3600162
"078","4am",5.8055232,51.79637,31.338405,11.0596986
"079","4am",0.9231518,35.19682,43.14786,20.732166
"080","4am",2.1848881,47.14871,33.683616,16.9827887
"081","4am",3.8599528,60.69573,26.636133,8.808186
"082","4am",9.5594931,55.64274,20.348216,14.4495488
"083","4am",17.4376106,50.992,20.799476,10.7709137
"001","5am",3.8737286,29.73162,31.947467,34.4471854
"002","5am",0.7364213,18.45695,34.867733,45.9389006
"003","5am",3.6670088,22.00463,32.433784,41.8945757
"004","5am",11.2084709,26.77318,28.677639,33.3407121
"005","5am",15.3839091,31.5164,31.074675,22.025012
"006","5am",5.4872897,56.22494,20.754487,17.5332848
"007","5am",13.2797239,60.97029,15.851442,9.8985398
"008","5am",3.1121589,34.0326,26.879744,35.9754952
"009","5am",0,34.97411,19.410414,45.6154811
"010","5am",4.7745205,38.65156,26.017087,30.5568325
"011","5am",2.7899645,34.1578,27.950985,35.1012512
"012","5am",7.7822703,30.14694,25.308802,36.7619853
"013","5am",6.9816808,51.66521,14.78376,26.569351
"014","5am",14.5368574,58.61789,16.429246,10.4160048
"015","5am",16.3283881,65.65023,9.249953,8.7714249
"016","5am",13.9107136,62.84108,20.345259,2.9029461
"019","5am",2.7320215,32.34823,38.181634,26.7381097
"020","5am",13.9361383,26.53849,29.344358,30.1810129
"021","5am",12.5658312,36.84278,32.696124,17.8952673
"022","5am",5.1007849,42.65522,25.385998,26.8579961
"023","5am",5.9086757,44.80036,24.949545,24.341421
"024","5am",15.9338858,52.23511,21.80887,10.0221365
"025","5am",13.4980231,49.61465,21.199591,15.6877377
"026","5am",16.2646209,60.09887,13.750108,9.8863963
"027","5am",0,50.89834,31.151138,17.950526
"028","5am",14.1017839,42.02552,33.703981,10.1687187
"029","5am",7.9004023,54.74635,25.126369,12.2268831
"030","5am",9.1951077,36.77392,41.588549,12.4424273
"031","5am",12.1514603,42.05372,34.690032,11.1047852
"033","5am",11.3051842,55.1088,18.352199,15.2338186
"034","5am",11.7175797,51.08576,25.178287,12.0183706
"035","5am",14.7479157,52.06533,27.594606,5.5921482
"036","5am",17.4702061,55.41457,22.37048,4.7447413
"037","5am",7.8179229,54.74006,20.331784,17.1102298
"038","5am",16.3932605,44.75424,27.351286,11.50121
"039","5am",7.590233,33.04316,30.565682,28.8009263
"040","5am",19.8989062,52.87089,14.035372,13.1948369
"041","5am",22.245363,51.60424,21.977767,4.1726271
"042","5am",5.2297996,66.98095,18.281912,9.5073366
"043","5am",3.7372668,45.4226,34.00693,16.833206
"044","5am",7.4848602,46.10951,36.898914,9.5067179
"046","5am",14.5797898,65.76428,13.616028,6.0399018
"047","5am",11.474757,51.96975,26.054924,10.500566
"049","5am",6.6987514,45.46861,24.246206,23.5864304
"050","5am",4.8859485,58.3096,21.62516,15.179287
"052","5am",15.3448834,45.68262,28.400192,10.5723052
"054","5am",31.2330035,54.71976,10.09021,3.9570275
"055","5am",23.4806821,62.58756,13.361102,0.5706537
"056","5am",40.5690424,44.66199,13.837814,0.9311558
"057","5am",23.5567701,55.51856,14.554259,6.3704138
"058","5am",25.9456718,52.1048,19.633401,2.316123
"059","5am",17.4368518,54.88557,21.512871,6.1647066
"060","5am",11.6052243,53.67505,16.41937,18.3003578
"061","5am",20.6339245,57.77243,14.097629,7.4960193
"062","5am",4.6057763,61.25503,23.156844,10.9823468
"063","5am",18.7555895,61.74147,12.973384,6.5295576
"064","5am",16.6312526,59.72635,17.084526,6.5578734
"065","5am",5.3190241,61.25463,24.371062,9.0552806
"066","5am",19.43768,64.11637,11.910314,4.5356381
"067","5am",22.7723983,54.6239,18.597438,4.0062593
"068","5am",8.3707319,61.04419,21.058437,9.5266395
"069","5am",11.9428807,47.06735,16.084819,24.9049497
"070","5am",12.4735586,39.9906,23.225442,24.310402
"071","5am",10.7692637,57.93434,21.361648,9.9347507
"072","5am",21.8644312,37.3826,24.056634,16.6963393
"073","5am",15.8514565,51.25299,19.279554,13.6160028
"074","5am",11.3381758,54.50297,26.981318,7.1775313
"075","5am",13.3756493,46.10108,26.856043,13.6672258
"076","5am",4.0780184,48.00929,29.834584,18.0781104
"077","5am",3.1613346,51.6912,31.523732,13.6237298
"078","5am",5.926528,52.10348,31.335685,10.6343087
"079","5am",0.9339116,34.4415,43.650773,20.9738114
"080","5am",2.2451537,45.69091,34.612709,17.4512236
"081","5am",3.8599528,60.69573,26.636133,8.808186
"082","5am",9.2585024,53.89077,22.856137,13.9945894
"083","5am",17.5611116,50.6449,20.946787,10.8471981
"001","6am",4.1171813,27.9043,32.240154,35.7383648
"002","6am",0.6774913,26.33717,31.400052,41.5852816
"003","6am",3.6266719,23.57534,32.077014,40.7209742
"004","6am",11.4847802,28.2106,28.040698,32.2639174
"005","6am",16.0628703,32.44482,28.323316,23.1689974
"006","6am",5.8051874,54.39723,21.960523,17.8370625
"007","6am",13.5149582,59.46048,16.950677,10.0738805
"008","6am",4.5180251,33.80227,25.966912,35.712789
"009","6am",0,33.92892,19.893483,46.1776008
"010","6am",5.0618535,42.48962,24.363505,28.0850228
"011","6am",1.8966169,34.87648,28.382486,34.8444203
"012","6am",7.9095669,30.66412,23.894068,37.5322415
"013","6am",5.5398298,53.54051,12.620023,28.2996391
"014","6am",11.8541765,61.71395,16.754107,9.6777714
"015","6am",14.4155719,68.0802,9.544797,7.9594295
"016","6am",13.7191438,61.22476,21.024713,4.0313842
"019","6am",2.755604,32.88503,37.390455,26.9689097
"020","6am",14.0145522,28.30637,27.328243,30.3508313
"021","6am",9.7018329,37.12597,34.927133,18.245067
"022","6am",4.5089302,40.95403,26.332759,28.2042826
"023","6am",6.1042072,46.18754,22.561319,25.1469342
"024","6am",15.8444974,52.50307,21.686524,9.9659128
"025","6am",13.8991578,50.23067,20.074844,15.7953333
"026","6am",16.8472283,59.10057,13.811668,10.2405324
"027","6am",0,50.91816,30.925103,18.1567404
"028","6am",14.5078758,41.94095,33.089626,10.4615494
"029","6am",7.5658486,53.63068,26.101886,12.701585
"030","6am",10.0224948,35.78104,41.358066,12.8384026
"031","6am",12.6130858,42.98814,34.09421,10.304564
"033","6am",11.3700895,53.95231,19.356319,15.3212789
"034","6am",11.9444982,51.30204,25.168826,11.5846388
"035","6am",14.9351319,52.12339,27.944903,4.9965763
"036","6am",14.7171227,53.82236,27.3709,4.0896163
"037","6am",7.8543758,52.47506,21.339213,18.331355
"038","6am",15.8469172,46.99005,26.04513,11.1179055
"039","6am",7.796031,33.82401,30.687358,27.6925976
"040","6am",19.4853402,53.38732,13.949752,13.1775921
"041","6am",21.3900511,48.40167,25.943503,4.2647762
"042","6am",5.2532343,66.53239,18.664432,9.549939
"043","6am",3.9621041,48.24674,31.307029,16.4841296
"044","6am",7.9567165,44.60585,37.794298,9.6431348
"046","6am",15.5082266,64.33628,13.962088,6.1934099
"047","6am",11.6285715,51.84028,25.889826,10.6413218
"049","6am",6.8948524,44.13019,25.341245,23.6337097
"050","6am",4.8940881,57.12792,23.07678,14.9012089
"052","6am",16.0400987,43.56337,29.345234,11.0512941
"054","6am",31.2280297,52.96653,11.770179,4.0352638
"055","6am",24.2158361,63.37007,11.825575,0.5885202
"056","6am",41.4714876,44.6482,12.898533,0.9817845
"057","6am",24.8106757,54.71129,13.846469,6.6315613
"058","6am",25.4782506,50.53333,20.183196,3.805223
"059","6am",17.8291106,52.35101,23.516491,6.3033876
"060","6am",11.5059633,51.72146,18.628745,18.1438326
"061","6am",22.4716776,57.87699,12.913086,6.7382513
"062","6am",4.810339,60.25482,24.18534,10.7494971
"063","6am",19.9545329,59.44122,13.705973,6.8982731
"064","6am",18.0108643,53.60291,22.036598,6.3496289
"065","6am",5.9217085,62.53437,21.116456,10.4274673
"066","6am",20.6875664,62.99971,12.676173,3.6365453
"067","6am",22.6532661,53.34784,19.896251,4.1026422
"068","6am",9.7341452,58.96337,22.785544,8.5169393
"069","6am",12.4812944,47.04892,14.442064,26.0277246
"070","6am",11.205341,39.7731,23.510939,25.5106221
"071","6am",8.9708468,63.57927,19.174186,8.2756936
"072","6am",21.1812278,38.81788,23.304358,16.6965309
"073","6am",14.8341317,51.29031,19.853915,14.0216393
"074","6am",11.6993361,52.83943,28.055077,7.4061607
"075","6am",13.0019331,48.73755,25.388731,12.8717833
"076","6am",4.0230695,49.54039,28.602025,17.8345184
"077","6am",3.1346971,53.38127,29.975093,13.5089359
"078","6am",6.5302639,50.99409,30.758015,11.7176265
"079","6am",0.9523658,33.93348,45.390668,19.7234839
"080","6am",2.3508193,47.44876,33.260925,16.9394922
"081","6am",3.9918756,61.08625,25.812648,9.1092262
"082","6am",9.4451694,51.33705,24.941033,14.2767439
"083","6am",17.9317297,51.2313,19.973374,10.8635922
"001","7am",4.4591099,29.45397,35.37685,30.710075
"002","7am",0.4114233,35.36433,32.69294,31.531304
"003","7am",8.8692846,25.21405,38.87162,27.045041
"004","7am",9.3578518,36.22238,26.44835,27.971417
"005","7am",11.2480389,31.61959,32.31382,24.81855
"006","7am",6.5921951,54.44716,19.58504,19.375602
"007","7am",14.4784217,52.824,21.89772,10.799857
"008","7am",4.3404999,31.597,30.61636,33.446138
"009","7am",0.1661266,40.25651,17.26951,42.307847
"010","7am",4.2791012,46.05508,28.11,21.555821
"011","7am",4.4074196,41.50068,24.66518,29.426714
"012","7am",6.8933517,35.97674,22.41377,34.716132
"013","7am",3.6976434,53.89389,13.59756,28.810914
"014","7am",12.0613115,62.2316,18.28642,7.420663
"015","7am",9.3376473,68.9329,13.69982,8.029624
"016","7am",12.224958,59.30889,23.72436,4.741794
"019","7am",2.760284,35.45559,35.3877,26.396428
"020","7am",13.5956999,35.97643,27.82721,22.600664
"021","7am",8.1166654,32.0311,35.13474,24.717489
"022","7am",5.6116037,45.50112,24.54969,24.337579
"023","7am",7.8939498,46.05844,22.83101,23.216595
"024","7am",16.3328551,48.03582,18.7837,16.847629
"025","7am",17.7795921,47.5923,22.07044,12.557664
"026","7am",19.3918837,56.83765,14.99288,8.777584
"027","7am",0.1358947,49.67667,34.22773,15.959704
"028","7am",13.6528536,42.94021,30.8648,12.542137
"029","7am",6.1159975,53.47877,19.34045,21.06478
"030","7am",10.2015628,37.51286,43.55701,8.728566
"031","7am",13.9333685,45.31934,30.67036,10.076932
"033","7am",10.0916572,55.7541,18.24861,15.905638
"034","7am",12.2844198,57.21772,20.06929,10.428563
"035","7am",15.0044656,56.64869,26.23565,2.111194
"036","7am",11.3600441,49.6426,34.2378,4.759557
"037","7am",8.3241077,50.8505,22.2284,18.596991
"038","7am",16.717749,47.40815,25.0655,10.808601
"039","7am",8.5954121,35.03216,27.14949,29.222943
"040","7am",23.4885953,52.68405,10.13847,13.688887
"041","7am",22.6141927,52.1761,21.72305,3.486657
"042","7am",6.7176062,66.02728,16.78958,10.465536
"043","7am",4.1019772,57.27685,21.74628,16.874894
"044","7am",9.0836325,45.75501,35.1494,10.011957
"046","7am",18.579077,66.67941,11.58508,3.156426
"047","7am",13.1519982,52.76436,22.47295,11.610694
"049","7am",7.0883898,46.25154,25.93972,20.720353
"050","7am",4.8606255,55.90013,21.85319,17.386055
"052","7am",19.3970546,44.30601,25.53228,10.764656
"054","7am",28.3483151,51.37446,16.94855,3.328677
"055","7am",24.8150526,60.19229,13.33391,1.658754
"056","7am",41.4334928,46.3827,11.1339,1.049908
"057","7am",22.0393577,59.60177,14.03451,4.324363
"058","7am",26.5677934,53.19257,16.98714,3.2525
"059","7am",24.1697552,53.21324,18.78084,3.836172
"060","7am",13.4952479,52.46613,17.87888,16.159734
"061","7am",26.5555701,52.93127,12.55033,7.962828
"062","7am",6.8053469,61.18901,19.92477,12.080868
"063","7am",17.1312305,60.5862,13.28864,8.993927
"064","7am",21.3390867,52.23917,20.74732,5.674429
"065","7am",6.2263199,63.48322,20.13255,10.157909
"066","7am",22.5413837,60.77081,13.46445,3.223351
"067","7am",24.7466828,54.973,15.73584,4.544476
"068","7am",8.0796073,59.58185,23.85453,8.48401
"069","7am",13.5089554,44.69576,15.46725,26.32804
"070","7am",8.9298031,45.83478,21.06679,24.168633
"071","7am",6.4313928,61.03152,24.65092,7.886166
"072","7am",21.2233362,40.38103,22.83551,15.560125
"073","7am",16.2316398,55.47531,19.18691,9.10614
"074","7am",8.1808799,50.77538,37.25082,3.792921
"075","7am",12.736985,51.27621,24.82352,11.163285
"076","7am",5.1145089,46.9357,28.49949,19.450297
"077","7am",4.1873579,56.58163,27.30099,11.930026
"078","7am",6.7601351,43.70634,29.78727,19.746255
"079","7am",1.2193224,38.74158,42.38691,17.652194
"080","7am",5.5571567,44.70304,34.88044,14.859356
"081","7am",3.4801166,49.82152,23.95321,22.745155
"082","7am",11.4928325,49.8819,25.04806,13.577211
"083","7am",17.9895603,46.30419,24.02879,11.677463
"001","8am",3.1639472,36.77241,29.377244,30.686403
"002","8am",4.1292443,27.31821,33.355333,35.1972116
"003","8am",4.2841882,36.86942,35.490467,23.3559219
"004","8am",8.3788332,41.24621,26.043174,24.3317839
"005","8am",11.1157569,31.05814,37.505401,20.320698
"006","8am",6.888374,51.34925,24.791042,16.9713301
"007","8am",12.639489,50.36225,24.306867,12.6913947
"008","8am",5.2339079,34.2303,27.322588,33.213204
"009","8am",0.1844453,43.68859,18.769273,37.3576886
"010","8am",3.1338891,41.01751,30.380492,25.4681093
"011","8am",4.6661726,45.94824,21.7023,27.6832901
"012","8am",7.0730622,39.66682,23.282125,29.977988
"013","8am",5.6284674,54.09185,13.697681,26.5819987
"014","8am",10.6179795,53.08032,25.250107,11.0515977
"015","8am",6.887001,61.68245,22.561953,8.8685916
"016","8am",8.7926327,52.5185,26.058612,12.6302555
"019","8am",3.6384174,34.56335,37.184448,24.6137793
"020","8am",13.8679028,41.35068,25.633821,19.1476007
"021","8am",6.2893002,32.20391,34.453341,27.0534492
"022","8am",6.5581786,52.40612,22.572412,18.4632883
"023","8am",8.144729,48.74531,22.368522,20.7414438
"024","8am",15.41032,50.44709,19.592561,14.5500292
"025","8am",17.0832302,59.48102,15.129931,8.3058142
"026","8am",19.1688728,53.74268,17.261284,9.8271637
"027","8am",0.5473841,57.17687,31.713407,10.562341
"028","8am",17.2113913,50.55167,22.734918,9.5020223
"029","8am",5.1583089,42.58133,21.903094,30.3572648
"030","8am",12.1839859,37.86069,39.510246,10.445076
"031","8am",12.2974677,51.56148,27.805794,8.3352581
"033","8am",10.5193137,58.48636,15.155415,15.8389103
"034","8am",13.682012,58.00578,18.81954,9.4926635
"035","8am",15.3915371,58.1827,24.39546,2.030304
"036","8am",8.4832821,41.57379,39.315579,10.6273489
"037","8am",8.1421133,45.50932,25.191929,21.156643
"038","8am",18.120625,44.93582,26.347767,10.5957861
"039","8am",8.171728,40.72251,23.263657,27.8421026
"040","8am",26.1621317,49.61086,14.792017,9.4349893
"041","8am",28.8108016,43.19281,22.054401,5.9419859
"042","8am",6.4971257,68.26276,18.625894,6.614219
"043","8am",3.712978,49.50961,24.808809,21.9686037
"044","8am",12.0532245,47.61523,27.604487,12.7270587
"046","8am",20.3284547,66.95379,11.160504,1.5572501
"047","8am",13.6685453,52.85516,20.850904,12.6253881
"049","8am",8.1967985,46.80387,22.783485,22.2158442
"050","8am",5.8724522,53.80479,20.304204,20.0185526
"052","8am",20.8264951,49.07845,23.029771,7.065279
"054","8am",25.232771,49.2707,20.911881,4.5846498
"055","8am",26.0027424,59.59558,11.479038,2.9226371
"056","8am",43.5333298,44.67572,8.785398,3.0055572
"057","8am",20.3528989,55.55495,16.224858,7.8672955
"058","8am",25.0617217,52.66242,18.187888,4.0879729
"059","8am",20.496718,51.12152,18.214161,10.1675999
"060","8am",15.6329274,48.80657,16.095143,19.4653555
"061","8am",26.8450085,53.22757,9.508846,10.4185761
"062","8am",8.3939892,59.623,18.657429,13.325583
"063","8am",19.3837915,61.95454,11.609243,7.0524303
"064","8am",20.1886046,50.96475,23.330152,5.5164963
"065","8am",5.8944344,65.96313,18.574705,9.5677261
"066","8am",23.5778201,60.56758,15.008313,0.8462869
"067","8am",23.778912,55.046,16.368777,4.8063101
"068","8am",9.1790367,57.36051,23.651509,9.8089435
"069","8am",12.7819085,42.32385,24.721015,20.173229
"070","8am",8.7267306,53.94474,22.183172,15.1453598
"071","8am",4.4050806,55.21347,27.637855,12.7435931
"072","8am",22.6400253,44.30981,22.3279,10.7222673
"073","8am",18.9142099,53.32381,16.768133,10.9938506
"074","8am",6.0708243,54.87144,33.855432,5.2023037
"075","8am",13.7953978,52.77563,23.490146,9.9388228
"076","8am",5.8525572,48.32563,27.063685,18.7581307
"077","8am",5.7309485,52.29947,30.723719,11.2458587
"078","8am",7.9625428,43.04062,29.697375,19.2994614
"079","8am",1.7105032,37.28711,40.706311,20.2960787
"080","8am",5.7166049,52.6868,27.151417,14.4451778
"081","8am",3.6514864,44.22462,24.47188,27.6520175
"082","8am",12.9675943,53.47928,23.738308,9.8148131
"083","8am",18.1910021,48.42886,22.484857,10.8952809
"001","9am",4.9264908,40.3767,25.997322,28.699483
"002","9am",3.7218449,25.66258,32.722743,37.89283
"003","9am",5.0227265,36.94336,35.747066,22.286848
"004","9am",6.882641,37.85856,27.585274,27.673523
"005","9am",10.8506979,33.44803,31.77528,23.925998
"006","9am",5.9463734,50.15355,28.138965,15.761111
"007","9am",12.8607103,49.49918,24.780249,12.859857
"008","9am",5.3792433,34.81156,27.846329,31.962864
"009","9am",0.1770775,45.28077,21.508952,33.033202
"010","9am",4.0717374,39.81509,31.930768,24.182408
"011","9am",4.806835,44.64218,21.292636,29.258354
"012","9am",7.2962062,36.92995,24.992493,30.781347
"013","9am",6.4959957,52.26305,13.453373,27.787579
"014","9am",10.688039,52.80859,23.529779,12.973593
"015","9am",8.6269409,57.42826,23.639328,10.305467
"016","9am",5.3190879,52.78263,25.493667,16.404614
"019","9am",3.5187813,35.80898,35.52314,25.149102
"020","9am",12.8868332,40.87275,24.770487,21.469932
"021","9am",5.1694697,37.53814,31.856148,25.436246
"022","9am",8.1802279,53.3795,23.485658,14.954614
"023","9am",8.4865237,51.50666,19.7626,20.244218
"024","9am",15.4176052,45.75813,21.605622,17.218641
"025","9am",17.9649258,60.67869,13.261295,8.09509
"026","9am",16.8848051,54.27013,20.393418,8.451649
"027","9am",0.6063224,57.0003,32.384445,10.008931
"028","9am",17.7256565,47.28655,25.201853,9.785937
"029","9am",5.0104452,40.06597,22.266402,32.657183
"030","9am",10.8294373,45.33558,34.829841,9.005138
"031","9am",13.3884781,56.47629,23.978226,6.157002
"033","9am",7.8395694,58.22522,18.151809,15.783401
"034","9am",13.2981751,54.02115,20.31929,12.361384
"035","9am",15.3556088,56.52051,25.388546,2.73534
"036","9am",7.7659011,39.90785,39.385429,12.940819
"037","9am",7.4852333,44.0028,26.798465,21.713502
"038","9am",18.6185202,46.22484,24.277541,10.879103
"039","9am",8.9648055,39.28617,25.653208,26.095813
"040","9am",25.7462966,53.16932,14.413818,6.670561
"041","9am",27.4861555,46.49394,16.842647,9.177262
"042","9am",6.8569388,67.75601,18.406535,6.980517
"043","9am",3.6414818,48.81389,22.447565,25.097067
"044","9am",12.594709,49.86397,26.113038,11.428285
"046","9am",21.5729211,66.74352,11.683556,0
"047","9am",12.7648095,56.60006,18.480851,12.154278
"049","9am",7.3938554,51.71604,22.653418,18.23669
"050","9am",6.3965445,54.00516,19.764368,19.833925
"052","9am",22.8162535,45.94631,21.997358,9.240081
"054","9am",21.0033605,51.74791,21.068341,6.180394
"055","9am",25.5299956,59.22862,12.088587,3.1528
"056","9am",43.8971435,42.6012,8.847979,4.653676
"057","9am",17.9901424,58.43653,16.131266,7.44206
"058","9am",25.5910342,52.41147,16.879858,5.117635
"059","9am",21.4179298,47.8408,16.121092,14.620183
"060","9am",13.7617798,50.97426,15.560375,19.70359
"061","9am",25.2769868,54.28006,10.245974,10.196983
"062","9am",8.988332,58.58167,18.957646,13.472354
"063","9am",18.8064176,60.66631,15.154964,5.372306
"064","9am",23.9167812,49.75314,20.858181,5.471896
"065","9am",7.1338338,65.2598,19.983993,7.622378
"066","9am",23.48951,61.32368,14.31205,0.874759
"067","9am",22.5587555,55.69131,16.904147,4.845791
"068","9am",9.3744154,53.15176,28.367665,9.106156
"069","9am",21.5889614,49.80958,20.849541,7.751919
"070","9am",11.4672779,52.81136,19.13458,16.586787
"071","9am",3.7608878,55.26374,25.100298,15.875073
"072","9am",22.484019,43.95895,23.111844,10.445183
"073","9am",19.5017828,52.99708,18.794625,8.706515
"074","9am",8.9112711,50.75087,34.65417,5.68369
"075","9am",11.3216507,52.97419,24.565023,11.13914
"076","9am",6.7922372,46.99941,24.02472,22.183629
"077","9am",3.5551876,55.49833,30.777187,10.169295
"078","9am",9.5193507,43.14073,27.912883,19.427032
"079","9am",0,39.35842,40.310725,20.330852
"080","9am",5.9265917,62.44138,20.432962,11.199067
"081","9am",4.034497,49.35215,27.038777,19.574581
"082","9am",12.7347626,55.93816,23.582521,7.744561
"083","9am",17.6075576,53.35882,19.345223,9.6884
"001","10am",2.712421,44.20442,25.271309,27.8118447
"002","10am",3.598389,25.91777,34.500495,35.9833429
"003","10am",4.75022,37.00147,32.537096,25.7112114
"004","10am",6.524988,40.92973,26.467867,26.0774172
"005","10am",12.288356,37.45266,29.505046,20.7539346
"006","10am",7.808436,46.92973,28.220971,17.0408604
"007","10am",11.732733,51.7026,24.55837,12.0062918
"008","10am",6.274205,35.90246,26.279436,31.5438987
"009","10am",1.176702,45.15474,20.804377,32.8641818
"010","10am",3.823883,39.78602,32.416012,23.9740818
"011","10am",5.027166,46.39089,22.822499,25.7594492
"012","10am",8.857726,37.24045,25.721347,28.1804723
"013","10am",7.031601,48.69797,15.392876,28.8775519
"014","10am",10.225072,53.22919,23.139177,13.4065649
"015","10am",7.099765,54.71784,26.858555,11.3238409
"016","10am",5.731603,52.71469,24.28915,17.264559
"019","10am",3.749247,39.38487,33.230686,23.6351974
"020","10am",14.397446,42.01159,22.922492,20.6684751
"021","10am",4.752311,33.82696,33.900405,27.520328
"022","10am",5.663019,54.63171,22.741964,16.9633037
"023","10am",7.795221,51.30619,20.301717,20.5968759
"024","10am",17.602436,47.89964,18.638128,15.8597956
"025","10am",19.850101,57.53113,14.595253,8.0235132
"026","10am",13.443518,59.00237,19.944877,7.6092316
"027","10am",2.041142,59.52279,30.051579,8.3844918
"028","10am",19.005876,45.96957,22.167648,12.8569098
"029","10am",5.208772,39.19172,23.028502,32.5710059
"030","10am",11.934006,47.16415,32.596755,8.3050849
"031","10am",12.760263,53.9841,26.195159,7.0604752
"033","10am",10.246348,58.95938,15.703498,15.090776
"034","10am",13.005256,55.18739,23.191961,8.6153955
"035","10am",15.931941,53.59661,26.019938,4.4515109
"036","10am",7.721548,37.68421,38.722895,15.8713502
"037","10am",8.240509,43.38294,25.001759,23.3747931
"038","10am",20.096797,44.66402,27.399675,7.8395122
"039","10am",7.018012,42.01599,24.137809,26.8281906
"040","10am",24.55659,54.52053,13.861483,7.0614004
"041","10am",23.223738,53.88977,15.547268,7.3392205
"042","10am",6.81473,65.80884,19.533743,7.8426908
"043","10am",4.151785,51.34832,24.319242,20.1806566
"044","10am",11.214344,42.30637,32.894616,13.5846724
"046","10am",21.426415,65.47519,12.036513,1.0618814
"047","10am",12.072097,60.03411,18.080063,9.8137299
"049","10am",6.924289,51.65115,23.739947,17.684618
"050","10am",6.366751,53.45719,19.322707,20.8533547
"052","10am",23.349191,46.40691,22.581225,7.6626781
"054","10am",20.420504,54.48676,18.878787,6.2139493
"055","10am",27.58289,58.16403,11.015945,3.2371303
"056","10am",41.614369,45.29483,9.753906,3.3368917
"057","10am",19.113228,55.36386,17.277948,8.2449661
"058","10am",29.779565,49.53532,15.033936,5.6511802
"059","10am",19.16922,53.48951,13.680611,13.6606565
"060","10am",14.162813,51.65476,14.474167,19.7082564
"061","10am",25.934252,53.32526,9.927358,10.8131302
"062","10am",8.09903,62.98993,19.197261,9.7137793
"063","10am",22.434619,60.43789,11.400682,5.7268046
"064","10am",21.426731,51.19283,21.571992,5.8084471
"065","10am",7.095858,63.95203,19.864721,9.0873866
"066","10am",20.876362,63.13632,15.1114,0.8759233
"067","10am",22.880073,54.21843,17.965965,4.93553
"068","10am",10.579585,50.41868,28.055683,10.9460556
"069","10am",25.050855,38.38225,23.832922,12.7339692
"070","10am",11.137407,51.39994,21.975679,15.4869722
"071","10am",4.082314,56.33449,21.013083,18.5701096
"072","10am",21.864919,43.73357,22.501247,11.9002611
"073","10am",15.93655,55.15838,22.005882,6.8991893
"074","10am",5.900863,51.79032,36.347418,5.9614031
"075","10am",11.272986,49.40668,24.483972,14.8363581
"076","10am",5.629778,48.29348,26.532354,19.5443901
"077","10am",4.879624,52.62956,32.981487,9.5093274
"078","10am",11.920521,40.83416,25.716025,21.5292983
"079","10am",2.13607,41.82661,36.269981,19.7673357
"080","10am",6.088451,62.98117,19.425453,11.5049219
"081","10am",3.060329,54.54328,24.312606,18.0837832
"082","10am",15.002997,55.01068,20.353809,9.6325114
"083","10am",16.827689,51.71012,21.578295,9.8838953
"001","11am",2.529514,46.9024,24.663505,25.9045858
"002","11am",5.271611,25.49196,33.629426,35.6070009
"003","11am",5.409479,35.00057,34.35262,25.2373296
"004","11am",6.364672,39.73546,27.938793,25.9610755
"005","11am",9.965973,37.99565,29.474305,22.5640749
"006","11am",7.248994,47.25238,27.071364,18.4272565
"007","11am",15.371398,48.80067,23.439278,12.3886573
"008","11am",5.630839,35.49921,28.570359,30.2995895
"009","11am",1.800849,44.70891,21.43034,32.0599046
"010","11am",2.577141,39.06983,35.111248,23.2417823
"011","11am",5.198091,46.52502,22.939556,25.337336
"012","11am",6.971643,40.38432,26.151737,26.4922979
"013","11am",5.89103,53.4957,12.222655,28.3906108
"014","11am",12.142156,53.42824,21.319214,13.1103859
"015","11am",6.349798,54.11507,27.965867,11.5692615
"016","11am",6.700861,53.19384,23.026418,17.0788782
"019","11am",3.858571,38.1926,33.832597,24.1162341
"020","11am",13.811186,38.62399,23.081207,24.4836137
"021","11am",4.483729,32.72806,34.019173,28.7690337
"022","11am",5.72043,51.26084,24.326521,18.6922092
"023","11am",8.080759,51.44427,20.608163,19.8668117
"024","11am",16.114237,48.03987,19.813929,16.0319619
"025","11am",19.899633,55.35662,15.349894,9.3938514
"026","11am",13.749339,58.26727,18.304332,9.6790628
"027","11am",1.156482,60.74888,31.979196,6.1154434
"028","11am",16.580372,52.77186,20.990406,9.6573574
"029","11am",5.042887,35.89687,24.046875,35.0133653
"030","11am",13.48719,49.64553,26.352987,10.5142924
"031","11am",13.244382,56.28745,24.262513,6.2056565
"033","11am",11.227711,53.91456,20.066019,14.7917128
"034","11am",13.429976,58.49982,19.555629,8.5145767
"035","11am",15.293961,54.2439,26.074477,4.3876578
"036","11am",7.466156,38.64273,39.390149,14.5009631
"037","11am",8.397832,49.34415,22.191366,20.0666547
"038","11am",18.349321,48.25701,25.74411,7.649561
"039","11am",8.458409,40.10124,22.80873,28.6316233
"040","11am",24.862367,52.26192,15.448737,7.4269718
"041","11am",29.213372,50.63845,18.694846,1.4533277
"042","11am",6.668509,66.82955,19.250593,7.2513516
"043","11am",4.923286,48.37595,25.230284,21.4704857
"044","11am",11.659825,46.85692,29.687469,11.7957813
"046","11am",21.627365,65.57791,11.814397,0.9803283
"047","11am",13.23283,59.2859,17.202063,10.2792115
"049","11am",7.249083,51.57465,20.934035,20.2422301
"050","11am",6.282489,53.13772,18.418922,22.1608716
"052","11am",22.43584,45.32858,23.087522,9.1480595
"054","11am",22.924488,52.30408,18.889273,5.882158
"055","11am",28.406358,57.18532,11.135931,3.2723894
"056","11am",45.292155,41.61595,8.269133,4.8227623
"057","11am",18.975708,54.27892,19.796103,6.9492703
"058","11am",27.284341,52.44533,15.518443,4.7518835
"059","11am",20.39574,52.58221,13.385594,13.6364564
"060","11am",16.100225,47.87351,13.805317,22.2209486
"061","11am",26.260625,55.27231,8.770242,9.6968263
"062","11am",9.342605,59.29331,19.936056,11.4280301
"063","11am",20.497515,61.14019,12.538618,5.8236748
"064","11am",22.206324,52.02345,20.170132,5.6000916
"065","11am",7.573249,61.52682,21.201168,9.6987626
"066","11am",21.191243,61.98008,15.922753,0.905922
"067","11am",23.144542,54.58789,16.823884,5.4436838
"068","11am",10.773091,52.58987,24.002903,12.6341376
"069","11am",16.320589,44.29178,27.646896,11.7407347
"070","11am",13.117367,47.49038,23.445658,15.9465952
"071","11am",3.085248,53.37938,23.769582,19.7657851
"072","11am",21.734664,42.02546,22.689506,13.5503747
"073","11am",15.461728,58.07547,20.267849,6.1949503
"074","11am",6.075218,50.68964,37.0976,6.1375469
"075","11am",12.251195,49.87819,27.661153,10.2094637
"076","11am",4.059268,46.28295,31.03414,18.6236382
"077","11am",4.21352,52.35145,32.78632,10.6487078
"078","11am",11.171425,45.06278,26.551055,17.2147401
"079","11am",1.871934,42.02406,38.001955,18.1020501
"080","11am",5.936707,59.57781,22.902115,11.5833664
"081","11am",3.860888,52.6432,26.844286,16.6516276
"082","11am",13.664431,55.11582,20.554578,10.6651676
"083","11am",17.577014,54.01586,18.735537,9.6715931
"001","12am",3.656377,37.96919,31.598935,26.7754943
"002","12am",4.791645,29.49102,31.210886,34.5064477
"003","12am",4.385169,33.36645,33.486765,28.7616173
"004","12am",7.024424,37.62172,27.965528,27.3883245
"005","12am",7.276402,35.1311,31.352044,26.2404533
"006","12am",6.043108,48.04494,28.784386,17.1275635
"007","12am",14.607408,53.34454,19.804327,12.2437252
"008","12am",5.981889,35.67145,29.363691,28.9829687
"009","12am",2.995409,42.44117,22.55052,32.0129035
"010","12am",2.35278,41.68748,32.503892,23.4558497
"011","12am",4.9429,43.80531,22.925913,28.3258779
"012","12am",7.117762,37.99583,24.91007,29.9763401
"013","12am",5.956631,58.85489,9.306936,25.8815429
"014","12am",12.928534,55.21472,24.966871,6.8898777
"015","12am",6.825383,52.73267,27.231012,13.2109307
"016","12am",9.959979,55.98636,22.127631,11.9260273
"019","12am",4.035094,33.79655,35.430612,26.7377437
"020","12am",14.222911,36.36882,24.337904,25.0703595
"021","12am",5.753192,32.88158,33.879584,27.4856446
"022","12am",6.217944,45.57127,23.925304,24.2854822
"023","12am",7.930511,55.77377,20.006093,16.2896243
"024","12am",18.070448,47.16183,20.328551,14.4391723
"025","12am",18.43553,52.90644,15.31324,13.3447925
"026","12am",14.638619,60.43093,15.987022,8.943431
"027","12am",0.608962,58.64113,33.489439,7.2604692
"028","12am",13.508531,50.08432,24.539534,11.8676105
"029","12am",8.392262,36.65801,26.15537,28.7943608
"030","12am",13.601156,46.28699,29.446768,10.6650825
"031","12am",13.524289,52.95241,27.5997,5.9236032
"033","12am",12.183007,54.134,19.909779,13.773215
"034","12am",13.098505,55.94314,22.174262,8.7840965
"035","12am",15.155117,57.93454,24.121978,2.7883627
"036","12am",8.928723,41.04297,36.014562,14.0137433
"037","12am",6.907104,47.84093,23.675651,21.5763106
"038","12am",18.714622,49.66951,23.352781,8.2630849
"039","12am",9.378891,39.76982,23.665558,27.1857288
"040","12am",23.886715,52.14343,13.825187,10.1446643
"041","12am",20.521654,56.29473,19.32279,3.8608283
"042","12am",7.01766,65.31243,20.435596,7.2343173
"043","12am",4.846574,45.98518,26.826138,22.3421102
"044","12am",9.165528,53.267,27.961054,9.6064177
"046","12am",21.577601,67.13829,10.33832,0.945793
"047","12am",13.983181,57.81136,17.749261,10.4562016
"049","12am",6.468341,51.42893,22.979741,19.1229878
"050","12am",7.245319,51.53405,18.510051,22.7105791
"052","12am",22.517025,47.24677,22.793775,7.4424341
"054","12am",24.236373,51.9384,17.40951,6.4157122
"055","12am",31.900067,51.66255,14.253143,2.1842387
"056","12am",40.015002,44.66149,8.642638,6.6808706
"057","12am",20.916358,55.91399,14.845948,8.3237074
"058","12am",24.822512,54.84263,15.422319,4.9125446
"059","12am",23.557577,54.74451,16.28839,5.4095194
"060","12am",14.530122,50.39471,14.536146,20.5390258
"061","12am",26.199984,57.02333,9.487792,7.2888925
"062","12am",7.603164,66.76435,18.549663,7.0828258
"063","12am",21.628566,59.73911,14.458306,4.1740158
"064","12am",20.885538,52.14294,20.042871,6.9286553
"065","12am",6.271342,65.13266,19.450357,9.1456413
"066","12am",20.307862,63.6951,15.433376,0.5636579
"067","12am",24.120561,54.19552,15.061974,6.6219497
"068","12am",10.829535,49.6625,23.899414,15.6085512
"069","12am",14.036519,46.04202,22.588221,17.3332415
"070","12am",11.812272,51.83779,22.563911,13.7860289
"071","12am",3.269332,48.45369,26.959731,21.317243
"072","12am",21.366704,40.27884,24.760578,13.5938816
"073","12am",16.373396,55.59913,18.942809,9.0846695
"074","12am",8.017919,50.63836,36.174395,5.1693291
"075","12am",10.786738,46.16704,30.613148,12.4330788
"076","12am",5.3338,52.63602,25.587539,16.4426394
"077","12am",3.625116,56.0935,28.14553,12.1358544
"078","12am",11.005228,47.1698,21.25518,20.569789
"079","12am",1.789561,36.14033,45.074413,16.9956921
"080","12am",6.288086,54.26504,25.345666,14.1012117
"081","12am",4.754755,61.36244,23.952176,9.930624
"082","12am",13.040129,53.92979,23.65389,9.3761926
"083","12am",18.094507,47.49987,20.732066,13.6735611
"001","1pm",3.068336,43.19965,31.048348,22.6836615
"002","1pm",2.476633,27.55353,31.436949,38.532891
"003","1pm",4.89769,36.61211,34.401397,24.0888033
"004","1pm",6.232726,37.23173,30.621462,25.9140857
"005","1pm",9.253726,31.55571,33.856068,25.3344931
"006","1pm",7.142063,49.06799,26.249379,17.5405648
"007","1pm",13.879458,53.52686,22.701453,9.8922264
"008","1pm",6.873659,31.78208,32.00213,29.3421308
"009","1pm",2.884243,45.46489,20.832921,30.8179436
"010","1pm",1.909414,39.69864,31.660868,26.7310806
"011","1pm",5.659372,41.50602,26.267733,26.566871
"012","1pm",8.247547,40.5215,23.241274,27.9896772
"013","1pm",7.270204,53.48202,13.045189,26.2025858
"014","1pm",13.242002,48.78387,25.069579,12.9045464
"015","1pm",6.520508,56.5203,25.803947,11.1552441
"016","1pm",8.697094,51.93092,23.970732,15.4012493
"019","1pm",4.554501,33.52499,38.808457,23.112054
"020","1pm",14.511756,33.95802,25.62702,25.9032058
"021","1pm",5.150342,35.19325,32.320144,27.3362612
"022","1pm",5.171108,47.7688,21.916897,25.1431905
"023","1pm",7.795797,54.98701,18.669887,18.5473035
"024","1pm",16.03335,48.64878,23.990952,11.3269183
"025","1pm",17.949161,47.41411,20.329889,14.3068429
"026","1pm",15.119799,57.36709,18.339062,9.1740531
"027","1pm",1.269658,57.46385,33.261071,8.0054166
"028","1pm",16.471464,52.08565,21.745665,9.6972259
"029","1pm",6.785765,35.8547,27.272499,30.0870331
"030","1pm",15.420912,45.41457,32.162806,7.0017084
"031","1pm",15.184317,59.31963,20.538132,4.9579207
"033","1pm",11.996032,55.65253,22.995377,9.3560572
"034","1pm",12.000795,63.00243,19.624266,5.3725074
"035","1pm",15.184835,58.97069,23.021724,2.8227471
"036","1pm",8.049624,38.77915,37.142867,16.0283618
"037","1pm",7.37889,48.90284,21.998681,21.7195873
"038","1pm",20.350541,45.65856,24.119134,9.8717664
"039","1pm",10.176499,38.10478,25.959753,25.7589699
"040","1pm",23.357589,54.61506,11.782476,10.2448736
"041","1pm",27.464865,46.66906,21.657141,4.2089376
"042","1pm",7.565323,63.36214,20.98523,8.0873077
"043","1pm",3.559355,50.20243,23.252068,22.9861471
"044","1pm",8.640349,49.31747,30.45744,11.5847371
"046","1pm",19.874483,66.12109,13.381657,0.6227706
"047","1pm",12.915179,63.21938,14.248463,9.6169817
"049","1pm",7.800265,52.62973,24.468809,15.1011992
"050","1pm",6.422804,51.90463,18.571821,23.1007426
"052","1pm",21.761179,46.39013,24.803135,7.045561
"054","1pm",23.062196,52.2163,18.420665,6.3008363
"055","1pm",29.247669,53.50401,11.127816,6.1205104
"056","1pm",34.861794,48.40757,10.680392,6.0502432
"057","1pm",18.872543,56.99221,15.79301,8.3422386
"058","1pm",26.870222,56.18112,12.989856,3.9588023
"059","1pm",21.047425,49.21492,16.701456,13.0361954
"060","1pm",14.699778,50.63635,15.658491,19.0053791
"061","1pm",25.692513,57.13766,7.035628,10.1341934
"062","1pm",9.653527,65.0691,14.544817,10.7325572
"063","1pm",20.85922,59.11775,16.224874,3.7981575
"064","1pm",20.343521,53.38667,18.954831,7.3149737
"065","1pm",6.915817,63.32593,20.276261,9.4819945
"066","1pm",22.605311,60.73747,14.256505,2.4007121
"067","1pm",26.688722,52.79201,14.685758,5.8335071
"068","1pm",12.521817,56.13856,20.660001,10.6796179
"069","1pm",14.568414,43.03972,27.157201,15.234662
"070","1pm",13.484301,51.64105,19.820968,15.0536775
"071","1pm",3.131683,53.3941,23.454541,20.0196737
"072","1pm",20.831849,38.98081,25.818536,14.3688062
"073","1pm",14.97734,57.1324,18.543162,9.3471016
"074","1pm",7.216457,55.95671,29.664213,7.1626236
"075","1pm",11.100651,44.2051,29.36843,15.3258188
"076","1pm",5.41904,57.02844,20.492931,17.0595903
"077","1pm",3.553733,51.56244,31.834733,13.0490969
"078","1pm",10.741474,46.75671,20.695881,21.8059349
"079","1pm",1.92654,40.13652,44.934544,13.0023938
"080","1pm",7.120063,59.90879,22.06121,10.9099338
"081","1pm",5.227768,55.45867,25.293939,14.0196249
"082","1pm",11.946102,53.80564,25.575923,8.6723337
"083","1pm",16.78416,51.77466,19.850137,11.5910399
"001","2pm",2.5096321,38.85716,32.00031,26.6328933
"002","2pm",5.1948996,30.64087,31.10928,33.0549487
"003","2pm",3.8236004,34.99687,37.16995,24.0095762
"004","2pm",5.8024105,37.55176,32.23941,24.406421
"005","2pm",9.1523234,31.79014,36.77282,22.2847191
"006","2pm",7.8179634,49.5572,26.23104,16.3937958
"007","2pm",13.2980124,51.43942,23.15375,12.1088248
"008","2pm",6.1606873,34.44202,29.20962,30.187676
"009","2pm",0.1398851,44.66886,21.90866,33.2825927
"010","2pm",3.2669645,40.32055,27.3121,29.1003838
"011","2pm",5.1142825,46.15446,27.39442,21.3368312
"012","2pm",8.1470745,38.30593,26.69431,26.8526822
"013","2pm",6.9402128,49.31759,16.44492,27.2972715
"014","2pm",13.3759757,51.26523,23.10387,12.2549242
"015","2pm",7.7291954,56.09708,25.27014,10.9035837
"016","2pm",10.2311812,49.27432,22.62336,17.8711417
"019","2pm",4.4955192,32.88697,40.22107,22.3964409
"020","2pm",16.4150086,35.09462,23.04563,25.4447469
"021","2pm",6.3682505,31.59528,31.58294,30.4535301
