"district","hour","mode1","mode2","mode3"
"001","4am",25.6883258,9.082887,65.228787
"002","4am",14.9369294,30.762089,54.300982
"003","4am",16.6580208,16.126801,67.215178
"004","4am",22.7918451,11.846306,65.361849
"005","4am",27.7403769,15.776616,56.483007
"006","4am",21.1430918,44.054175,34.802733
"007","4am",17.425392,42.882399,39.692209
"008","4am",16.9642752,37.114989,45.920736
"009","4am",9.8076575,38.226888,51.965455
"010","4am",16.1006543,37.477628,46.421718
"011","4am",17.6923757,29.103108,53.204516
"012","4am",18.1928212,36.401876,45.405302
"013","4am",19.7364477,36.845442,43.41811
"014","4am",19.811261,51.464792,28.723947
"015","4am",18.8748477,57.09512,24.030032
"016","4am",28.5426718,43.009427,28.447901
"019","4am",8.214415,69.972661,21.812924
"020","4am",17.3052996,56.099747,26.594953
"021","4am",8.3153607,59.389156,32.295483
"022","4am",14.8042803,58.884133,26.311586
"023","4am",13.6973126,71.037041,15.265647
"024","4am",7.8282899,79.746826,12.424884
"025","4am",9.7201694,76.146271,14.13356
"026","4am",9.0334146,68.954388,22.012197
"027","4am",9.3458998,72.327906,18.326194
"028","4am",12.108142,67.832537,20.059321
"029","4am",14.1304965,75.905502,9.964002
"030","4am",12.8382863,82.330657,4.831056
"031","4am",6.7812095,72.81347,20.40532
"033","4am",10.3410887,73.190126,16.468786
"034","4am",9.0401778,74.212761,16.747061
"035","4am",11.4933209,75.980002,12.526677
"036","4am",9.3889597,80.708293,9.902747
"037","4am",10.3631645,79.320093,10.316743
"038","4am",5.0355009,80.577866,14.386634
"039","4am",14.6870843,79.760923,5.551992
"040","4am",0.8754959,92.612004,6.5125
"041","4am",7.8018013,81.80312,10.395078
"042","4am",2.5841711,87.430039,9.985789
"043","4am",5.0710348,81.591426,13.337539
"044","4am",8.7331781,87.557762,3.70906
"046","4am",0.5872767,93.813704,5.59902
"047","4am",3.3846278,90.189446,6.425926
"049","4am",4.3526481,84.775118,10.872234
"050","4am",6.2854486,87.242058,6.472494
"052","4am",0,85.161994,14.838006
"054","4am",20.2899253,50.165476,29.544599
"055","4am",11.2220235,71.123743,17.654234
"056","4am",15.9330268,64.979504,19.087469
"057","4am",20.4742856,59.748541,19.777173
"058","4am",24.3305514,53.033003,22.636446
"059","4am",12.7692569,75.981325,11.249418
"060","4am",3.7255116,84.03775,12.236738
"061","4am",2.3532267,90.651953,6.994821
"062","4am",3.6515697,91.905575,4.442856
"063","4am",2.7864727,95.011694,2.201833
"064","4am",0.8424995,91.524159,7.633342
"065","4am",2.3393737,87.80727,9.853357
"066","4am",4.9915446,86.086088,8.922367
"067","4am",7.4850069,78.959753,13.55524
"068","4am",13.8044343,84.418155,1.777411
"069","4am",7.7088416,87.163099,5.128059
"070","4am",19.4573439,50.592624,29.950032
"071","4am",18.3002835,49.891492,31.808224
"072","4am",8.4028114,69.756581,21.840608
"073","4am",9.8066149,62.516901,27.676484
"074","4am",3.0883236,80.409296,16.50238
"075","4am",6.0906906,75.615939,18.293371
"076","4am",12.1590429,82.501814,5.339144
"077","4am",11.0510006,71.100915,17.848084
"078","4am",8.2486489,85.856788,5.894563
"079","4am",5.3156252,83.084827,11.599548
"080","4am",3.0215954,86.78029,10.198115
"081","4am",0,95.166822,4.833178
"082","4am",1.3691579,89.955556,8.675286
"083","4am",1.7693499,87.957065,10.273585
"001","5am",25.8885534,9.153683,64.957763
"002","5am",14.9369294,30.762089,54.300982
"003","5am",17.2528686,15.754047,66.993084
"004","5am",22.7918451,11.846306,65.361849
"005","5am",28.8697976,16.568007,54.562195
"006","5am",21.4872165,44.481193,34.031591
"007","5am",17.7691442,41.755636,40.47522
"008","5am",16.1286783,36.722368,47.148954
"009","5am",8.0304981,37.649746,54.319756
"010","5am",16.7742385,37.727387,45.498375
"011","5am",17.9891969,29.905005,52.105798
"012","5am",18.1654162,37.159389,44.675195
"013","5am",19.2656475,37.648134,43.086219
"014","5am",20.1666579,51.160845,28.672497
"015","5am",16.3509284,61.4873,22.161772
"016","5am",27.9502528,43.084535,28.965213
"019","5am",8.0034389,70.743872,21.252689
"020","5am",16.3933104,56.8653,26.741389
"021","5am",7.8540408,61.642166,30.503793
"022","5am",15.0003264,58.339656,26.660018
"023","5am",13.7676962,70.888215,15.344089
"024","5am",7.8282899,79.746826,12.424884
"025","5am",9.7077588,76.176727,14.115514
"026","5am",8.833567,70.716211,20.450222
"027","5am",9.2650232,72.269935,18.465042
"028","5am",12.1479491,67.726782,20.125269
"029","5am",15.7206065,74.329039,9.950354
"030","5am",13.3090987,81.682678,5.008223
"031","5am",6.9948371,72.814172,20.190991
"033","5am",9.7658923,74.117162,16.116946
"034","5am",8.3267127,74.503869,17.169418
"035","5am",11.437816,76.096002,12.466182
"036","5am",8.3415127,82.34389,9.314597
"037","5am",10.6784818,79.13264,10.188878
"038","5am",4.9670423,80.841913,14.191045
"039","5am",14.1070942,80.351224,5.541682
"040","5am",0.891099,92.480336,6.628565
"041","5am",8.0747318,81.166539,10.75873
"042","5am",2.4556211,88.055334,9.489045
"043","5am",4.3139669,82.412993,13.27304
"044","5am",8.876621,87.353397,3.769982
"046","5am",0.5935904,93.747196,5.659214
"047","5am",3.3957261,90.157277,6.446997
"049","5am",3.2852114,85.636159,11.07863
"050","5am",5.5394063,88.122033,6.338561
"052","5am",0,84.682319,15.317681
"054","5am",19.0906022,50.920269,29.989129
"055","5am",10.1559765,71.977797,17.866226
"056","5am",15.1292407,66.197617,18.673142
"057","5am",21.2866175,58.480305,20.233077
"058","5am",24.8053618,52.116442,23.078196
"059","5am",12.9214543,75.695045,11.383501
"060","5am",3.7410785,83.971053,12.287869
"061","5am",2.3532267,90.651953,6.994821
"062","5am",3.6515697,91.905575,4.442856
"063","5am",2.7844079,95.01539,2.200202
"064","5am",0.8491736,91.457015,7.693811
"065","5am",2.3320067,87.845666,9.822327
"066","5am",5.1416681,85.66762,9.190712
"067","5am",7.3958408,79.210398,13.393762
"068","5am",13.9495148,84.254394,1.796091
"069","5am",7.8735437,86.888835,5.237622
"070","5am",19.2388324,49.680525,31.080642
"071","5am",17.7619011,50.864412,31.373687
"072","5am",8.4458631,69.601629,21.952508
"073","5am",9.9061662,62.136393,27.95744
"074","5am",3.1897428,79.765946,17.044311
"075","5am",6.1411659,76.242589,17.616246
"076","5am",12.2732414,83.276676,4.450083
"077","5am",11.029166,70.627781,18.343052
"078","5am",10.1482757,83.931461,5.920263
"079","5am",5.3808731,82.877198,11.741929
"080","5am",3.1105161,86.391255,10.498229
"081","5am",0,95.166822,4.833178
"082","5am",1.3232289,90.292501,8.38427
"083","5am",1.7834284,87.86124,10.355331
"001","6am",23.0921193,10.54871,66.35917
"002","6am",16.1932866,35.46522,48.341496
"003","6am",19.9823069,15.60612,64.411571
"004","6am",21.7756478,12.48293,65.741427
"005","6am",28.917329,17.64596,53.436708
"006","6am",21.2775989,43.25749,35.464908
"007","6am",17.4868065,40.67438,41.838816
"008","6am",16.0074632,36.44175,47.550788
"009","6am",6.7782366,38.67665,54.545112
"010","6am",19.2458909,38.82619,41.927916
"011","6am",18.4503846,30.59975,50.949864
"012","6am",19.1525403,35.41972,45.427737
"013","6am",18.6623545,36.20658,45.131066
"014","6am",18.0472173,55.57308,26.379701
"015","6am",15.9147338,64.37214,19.713131
"016","6am",28.99359,40.95997,30.046437
"019","6am",8.0794468,70.18265,21.737907
"020","6am",15.7987677,57.44222,26.759015
"021","6am",10.5850006,61.82354,27.591455
"022","6am",16.4966452,55.48811,28.015247
"023","6am",14.7297235,69.37956,15.890712
"024","6am",7.7756427,79.88303,12.341323
"025","6am",9.7819639,75.99462,14.223412
"026","6am",9.2147986,70.53732,20.247882
"027","6am",9.5650881,71.72,18.714913
"028","6am",13.0753189,66.19103,20.73365
"029","6am",16.4487878,74.0013,9.549909
"030","6am",12.7774075,81.67687,5.545721
"031","6am",8.1560421,70.97521,20.868751
"033","6am",8.9503022,74.63697,16.412729
"034","6am",8.5093826,73.94454,17.546078
"035","6am",10.6784097,76.66755,12.654038
"036","6am",6.9606268,85.26675,7.772623
"037","6am",10.2891873,79.61917,10.091641
"038","6am",4.7831316,81.55126,13.665604
"039","6am",14.5270003,79.76637,5.706633
"040","6am",0,93.22733,6.772672
"041","6am",7.0520684,83.38055,9.567383
"042","6am",2.4688232,87.99112,9.540061
"043","6am",4.2111949,82.83197,12.956835
"044","6am",9.4466437,86.54128,4.012076
"046","6am",0.6100887,93.5734,5.816507
"047","6am",2.607438,90.84901,6.543551
"049","6am",1.3970921,87.17205,11.430857
"050","6am",5.5494743,88.10044,6.350082
"052","6am",0,83.93795,16.062055
"054","6am",18.7435885,50.60386,30.652551
"055","6am",10.56246,72.1051,17.332443
"056","6am",12.9359665,67.41415,19.649886
"057","6am",20.0452047,58.9717,20.9831
"058","6am",22.72497,54.22724,23.047787
"059","6am",11.7916677,76.53974,11.668592
"060","6am",1.9530443,85.88219,12.164762
"061","6am",0.8365997,92.03996,7.123442
"062","6am",3.8066166,92.18499,4.008389
"063","6am",2.9739969,93.31393,3.712078
"064","6am",0.9221585,92.29702,6.780823
"065","6am",2.6318091,86.28311,11.085084
"066","6am",4.3733725,85.8012,9.825423
"067","6am",5.9295973,79.5511,14.519307
"068","6am",13.6444496,84.26335,2.092197
"069","6am",7.3692988,87.11896,5.511739
"070","6am",20.8256967,48.48335,30.690954
"071","6am",21.3518681,54.9162,23.731933
"072","6am",8.7574951,69.28971,21.952795
"073","6am",8.4992855,62.56226,28.938459
"074","6am",3.3050655,80.09962,16.595312
"075","6am",5.9216133,77.09194,16.986448
"076","6am",11.1039656,84.51635,4.379684
"077","6am",10.9284459,70.89601,18.175541
"078","6am",7.0974323,86.30981,6.592754
"079","6am",4.2399211,83.77355,11.986533
"080","6am",2.3029426,86.67002,11.027039
"081","6am",0,94.98466,5.015336
"082","6am",0.6758449,90.75955,8.564605
"083","6am",1.9169464,86.95246,11.130592
"001","7am",22.0206074,14.39691,63.582487
"002","7am",34.2677882,32.23352,33.498696
"003","7am",25.7797929,21.23993,52.980273
"004","7am",33.760254,12.32268,53.917061
"005","7am",29.899262,20.00729,50.093452
"006","7am",18.5896398,46.35751,35.052849
"007","7am",17.1581445,39.43244,43.409418
"008","7am",18.1578991,37.97183,43.870269
"009","7am",9.7116909,38.24049,52.047823
"010","7am",24.5285493,43.60231,31.869145
"011","7am",21.5957037,37.65021,40.754088
"012","7am",25.9853712,34.4055,39.609132
"013","7am",23.2966318,31.79002,44.913349
"014","7am",14.166699,64.55861,21.274689
"015","7am",11.2541674,72.19445,16.55138
"016","7am",26.214904,49.37922,24.405878
"019","7am",11.6789184,66.07853,22.242549
"020","7am",17.0174993,61.06641,21.916087
"021","7am",14.1309099,60.80022,25.06887
"022","7am",12.7646631,55.57812,31.657218
"023","7am",16.4488032,66.37075,17.180447
"024","7am",7.9836373,78.05564,13.960728
"025","7am",5.7606007,78.07505,16.164349
"026","7am",14.1658382,65.48877,20.345389
"027","7am",8.7800823,74.45968,16.760241
"028","7am",9.7718449,68.85622,21.371934
"029","7am",28.1447389,64.19788,7.657378
"030","7am",13.4447727,80.05299,6.502238
"031","7am",5.7494834,70.95259,23.297929
"033","7am",12.3527979,72.75437,14.892832
"034","7am",7.4595386,72.56684,19.973619
"035","7am",5.6770532,80.75647,13.566477
"036","7am",2.4431787,91.20119,6.35563
"037","7am",9.1942765,80.27949,10.526238
"038","7am",2.1406835,83.74067,14.118643
"039","7am",14.2735215,80.72174,5.004742
"040","7am",0,91.34538,8.65462
"041","7am",8.0158453,82.06773,9.916423
"042","7am",4.9990803,83.39341,11.607507
"043","7am",3.2029942,84.27573,12.521275
"044","7am",5.9742374,88.68966,5.336105
"046","7am",0.7284318,92.45594,6.815632
"047","7am",2.0050082,90.17758,7.817409
"049","7am",0.8608479,85.91327,13.225881
"050","7am",0.8071197,91.42038,7.772497
"052","7am",0,81.72664,18.273357
"054","7am",10.7426386,61.55934,27.698022
"055","7am",4.2835408,77.47137,18.245087
"056","7am",9.4556112,70.61812,19.926271
"057","7am",28.7433006,52.07371,19.182991
"058","7am",20.2543614,58.12,21.625636
"059","7am",13.9562919,74.20278,11.84093
"060","7am",1.016271,87.16157,11.82216
"061","7am",1.0048825,92.41882,6.576295
"062","7am",1.7421791,93.52532,4.732504
"063","7am",1.2202246,93.2834,5.496371
"064","7am",0,91.6162,8.383797
"065","7am",2.7864836,85.01784,12.195673
"066","7am",1.5154004,82.40248,16.082121
"067","7am",3.4607376,84.03394,12.505321
"068","7am",10.6794313,86.64458,2.675986
"069","7am",0.7081418,93.30637,5.985487
"070","7am",28.4117913,47.57262,24.015587
"071","7am",26.2331752,55.49601,18.270816
"072","7am",6.0299582,73.54358,20.426458
"073","7am",9.5987282,60.40213,29.999144
"074","7am",1.534482,81.42631,17.039211
"075","7am",4.2444091,78.3922,17.363388
"076","7am",7.3741567,86.78203,5.843815
"077","7am",11.80774,67.45609,20.736165
"078","7am",17.2885911,72.84316,9.868247
"079","7am",2.7560988,86.5477,10.696202
"080","7am",0,90.03652,9.96348
"081","7am",0,96.11453,3.885471
"082","7am",0.8140698,92.99881,6.187121
"083","7am",0.9807252,85.8843,13.134973
"001","8am",28.2911001,25.35898,46.349916
"002","8am",34.9277069,38.11574,26.956556
"003","8am",33.8344313,30.51489,35.650683
"004","8am",35.8081045,15.95584,48.236052
"005","8am",30.0184785,21.62789,48.353632
"006","8am",18.6587654,50.96943,30.3718
"007","8am",16.1102588,41.26362,42.626117
"008","8am",19.6133123,36.1272,44.259492
"009","8am",10.9074335,45.81927,43.273299
"010","8am",32.9010469,36.59954,30.499409
"011","8am",24.7523888,40.07402,35.173589
"012","8am",32.0222883,31.21866,36.759053
"013","8am",23.38125,31.95675,44.661999
"014","8am",14.2584707,67.8768,17.864726
"015","8am",9.9558418,78.4883,11.555857
"016","8am",19.5413983,55.63979,24.818809
"019","8am",13.3692061,58.95639,27.674402
"020","8am",13.6465621,59.02867,27.324771
"021","8am",21.977575,57.90143,20.120997
"022","8am",13.1636084,61.78526,25.051136
"023","8am",19.8671148,63.48041,16.652471
"024","8am",9.2293887,78.24882,12.521791
"025","8am",4.1488675,74.14752,21.70361
"026","8am",14.8474236,66.50894,18.643633
"027","8am",8.3206821,71.27722,20.402093
"028","8am",9.5594348,67.62955,22.811011
"029","8am",33.8164724,55.74261,10.440916
"030","8am",15.0351107,74.60264,10.362254
"031","8am",7.3441457,67.54127,25.114588
"033","8am",14.0402734,69.00093,16.958793
"034","8am",6.8596584,69.94969,23.190647
"035","8am",6.1455072,79.07054,14.78395
"036","8am",1.8937953,93.60899,4.497211
"037","8am",8.0590383,83.43532,8.50564
"038","8am",3.6143316,83.33326,13.052409
"039","8am",12.4331546,82.69871,4.868131
"040","8am",1.2721581,88.78546,9.942378
"041","8am",2.6388108,84.31426,13.046929
"042","8am",5.1589443,79.58976,15.251292
"043","8am",2.8315136,87.31134,9.857147
"044","8am",6.9102547,85.09546,7.994288
"046","8am",0.8253821,92.27724,6.897373
"047","8am",0,91.16771,8.832294
"049","8am",0,89.54713,10.452873
"050","8am",0,89.7358,10.264201
"052","8am",1.1702044,76.61993,22.209865
"054","8am",7.288863,65.79384,26.917299
"055","8am",6.9012839,70.16919,22.929523
"056","8am",10.0413177,69.75137,20.207311
"057","8am",25.016167,57.33543,17.648408
"058","8am",18.0022776,56.57591,25.421814
"059","8am",14.2746331,75.34878,10.37659
"060","8am",1.8347111,85.22661,12.938681
"061","8am",1.0839529,91.80411,7.111937
"062","8am",1.4677482,91.64127,6.890983
"063","8am",0.5593995,94.1966,5.244
"064","8am",0.4486294,89.72132,9.830054
"065","8am",0.9090072,81.14997,17.941026
"066","8am",3.1729256,79.16389,17.663185
"067","8am",6.4931222,79.65465,13.852231
"068","8am",10.1383503,85.72695,4.134696
"069","8am",2.2569976,92.7506,4.9924
"070","8am",37.3849092,40.39352,22.221568
"071","8am",31.3367976,56.57968,12.083525
"072","8am",6.8814448,71.93372,21.184834
"073","8am",9.4004864,52.77517,37.824348
"074","8am",3.5964499,85.19012,11.213431
"075","8am",3.2062631,78.3243,18.469441
"076","8am",9.4911452,82.32302,8.185831
"077","8am",17.0747489,69.33852,13.586735
"078","8am",18.6589207,68.04203,13.299052
"079","8am",4.7033786,78.45268,16.843945
"080","8am",0,86.06506,13.934941
"081","8am",0,94.79566,5.204341
"082","8am",0,92.97626,7.023741
"083","8am",0,81.25614,18.74386
"001","9am",33.8888407,26.93494,39.176219
"002","9am",38.1634218,36.3992,25.437374
"003","9am",35.0567163,33.62778,31.315502
"004","9am",38.0267856,17.07239,44.900829
"005","9am",32.3873052,25.20292,42.409772
"006","9am",20.0350313,53.21949,26.74548
"007","9am",17.6656692,39.5827,42.751628
"008","9am",17.4619948,35.63526,46.902746
"009","9am",14.5459433,45.12411,40.32995
"010","9am",36.3285415,36.07432,27.597142
"011","9am",25.9111036,40.89848,33.190417
"012","9am",30.9611633,31.76862,37.270217
"013","9am",22.4793022,37.2566,40.264096
"014","9am",16.39032,65.59228,18.017404
"015","9am",11.5136915,78.28108,10.205224
"016","9am",16.2656525,61.05961,22.674737
"019","9am",12.3899055,61.82556,25.784537
"020","9am",11.8417263,59.17137,28.986902
"021","9am",26.9088039,53.51148,19.579711
"022","9am",9.6757983,58.78497,31.539228
"023","9am",19.9843324,57.51534,22.500328
"024","9am",5.9268583,83.87078,10.202364
"025","9am",4.7203491,73.84779,21.431863
"026","9am",12.4375721,73.26791,14.294522
"027","9am",7.5867308,72.93733,19.475935
"028","9am",8.5839253,68.70343,22.712647
"029","9am",31.8875556,58.53138,9.581066
"030","9am",14.3395539,75.18895,10.471492
"031","9am",7.2090636,68.13828,24.652651
"033","9am",13.9701105,69.26941,16.760482
"034","9am",5.3070251,77.03466,17.65831
"035","9am",4.6638313,83.47517,11.861001
"036","9am",1.7733336,94.28369,3.942979
"037","9am",7.4277952,84.48997,8.082238
"038","9am",3.7648969,84.28494,11.950166
"039","9am",14.0373672,77.9683,7.994331
"040","9am",1.2635501,89.42725,9.3092
"041","9am",1.4769961,85.10964,13.413362
"042","9am",6.4359267,75.69121,17.872868
"043","9am",2.0694418,88.53414,9.396421
"044","9am",7.3133275,86.15451,6.532162
"046","9am",0.8926148,87.48164,11.625742
"047","9am",0,94.99464,5.005365
"049","9am",1.9353378,84.20232,13.862341
"050","9am",0.2988774,90.43394,9.267187
"052","9am",2.9214264,78.99338,18.085195
"054","9am",7.7472721,66.19651,26.056222
"055","9am",7.6037046,70.55687,21.839422
"056","9am",15.361458,68.03157,16.606975
"057","9am",23.0548157,58.64083,18.30435
"058","9am",19.6616486,58.27961,22.058739
"059","9am",16.2352595,73.03394,10.730799
"060","9am",1.978464,84.39604,13.625492
"061","9am",1.1722591,87.88671,10.941026
"062","9am",1.5341708,88.07034,10.395486
"063","9am",0.5392073,93.65676,5.804031
"064","9am",0.4440005,86.24708,13.308923
"065","9am",0.9815413,79.64583,19.372627
"066","9am",4.98651,78.29511,16.718381
"067","9am",4.7977697,80.2819,14.920328
"068","9am",9.3645375,86.72299,3.912468
"069","9am",1.2428798,96.00791,2.749207
"070","9am",39.4020431,37.46472,23.133234
"071","9am",34.3362486,50.17657,15.487178
"072","9am",7.1651776,70.53402,22.300798
"073","9am",8.2477054,53.88853,37.863763
"074","9am",5.0839008,85.16259,9.753509
"075","9am",3.6550767,78.96154,17.383387
"076","9am",11.8707018,74.74656,13.382739
"077","9am",15.2061853,73.42329,11.370525
"078","9am",19.1171915,66.49132,14.391485
"079","9am",2.6457476,81.29237,16.061881
"080","9am",0.8673078,80.44094,18.691751
"081","9am",0,94.17466,5.82534
"082","9am",0,93.10902,6.890978
"083","9am",0,81.9038,18.0962
"001","10am",32.1146698,29.61562,38.269714
"002","10am",36.965374,37.44915,25.585475
"003","10am",36.1684362,33.43796,30.393601
"004","10am",40.6254002,16.22158,43.153019
"005","10am",30.7629095,25.413,43.824095
"006","10am",17.8915409,56.21538,25.893076
"007","10am",20.3408943,41.04674,38.612366
"008","10am",13.4000177,33.25207,53.347908
"009","10am",14.6312638,44.46099,40.907742
"010","10am",37.4411841,33.52737,29.031448
"011","10am",26.8197185,41.72363,31.456655
"012","10am",28.7330518,31.24882,40.018127
"013","10am",25.4401512,37.32839,37.231455
"014","10am",16.435222,66.38447,17.180311
"015","10am",10.9773672,78.77622,10.246414
"016","10am",16.0848727,59.42326,24.491864
"019","10am",12.8862123,60.60689,26.506895
"020","10am",9.3008669,63.38893,27.310199
"021","10am",21.5725326,57.11052,21.316952
"022","10am",11.1180855,59.13418,29.747739
"023","10am",20.565196,57.24219,22.192616
"024","10am",8.2508392,82.14479,9.604371
"025","10am",4.2419584,76.18496,19.573084
"026","10am",10.0695356,76.2697,13.660761
"027","10am",10.0675058,70.75862,19.173879
"028","10am",7.6890846,67.16684,25.144072
"029","10am",33.1206067,58.03831,8.841085
"030","10am",13.8854672,73.89902,12.215508
"031","10am",6.7068634,68.84315,24.449989
"033","10am",14.2687671,64.14864,21.582595
"034","10am",6.4271323,75.89572,17.677147
"035","10am",3.0847492,84.50404,12.411209
"036","10am",1.9449956,93.81561,4.239393
"037","10am",7.9906231,83.14196,8.867418
"038","10am",2.2222845,88.86224,8.915473
"039","10am",13.8930105,74.54946,11.557526
"040","10am",1.3537286,86.2137,12.432573
"041","10am",1.2404979,86.70401,12.055489
"042","10am",6.5327016,75.40744,18.059861
"043","10am",3.1807267,86.17811,10.641165
"044","10am",6.3055802,88.10472,5.589704
"046","10am",0.8741201,88.03972,11.086156
"047","10am",0.4475713,94.29074,5.26169
"049","10am",2.4782937,84.7135,12.808204
"050","10am",0,91.00157,8.998433
"052","10am",1.2647282,82.2119,16.523374
"054","10am",9.4787473,65.11606,25.405189
"055","10am",7.8686352,72.56651,19.564851
"056","10am",12.6770999,68.44195,18.88095
"057","10am",22.1640618,61.95226,15.883682
"058","10am",19.1465542,56.92331,23.930132
"059","10am",13.3464039,76.01797,10.635624
"060","10am",0.4687072,83.67378,15.857515
"061","10am",1.1568234,84.30112,14.542056
"062","10am",1.6280076,88.24935,10.122644
"063","10am",0.5735116,92.75718,6.669313
"064","10am",0.4794533,85.14893,14.371621
"065","10am",0,76.49036,23.509636
"066","10am",4.9947383,77.3767,17.628561
"067","10am",2.1386977,83.61396,14.247342
"068","10am",7.7275172,86.25788,6.014599
"069","10am",0.4423827,94.06689,5.490723
"070","10am",36.6045036,42.96181,20.433688
"071","10am",35.5261854,50.69017,13.783644
"072","10am",9.1829282,71.4237,19.393372
"073","10am",10.9692781,50.0405,38.990219
"074","10am",6.1960637,82.8994,10.904535
"075","10am",3.3658448,75.9713,20.66286
"076","10am",10.6237521,78.44412,10.932128
"077","10am",12.7182838,74.78746,12.494257
"078","10am",19.4091607,65.97231,14.618533
"079","10am",2.9484356,77.15239,19.899173
"080","10am",0,77.87765,22.122353
"081","10am",1.1929143,91.60062,7.206469
"082","10am",0,91.56008,8.439916
"083","10am",0,81.4794,18.520602
"001","11am",36.3575651,23.95499,39.687446
"002","11am",35.576192,33.57678,30.847025
"003","11am",34.7678754,31.72102,33.511108
"004","11am",42.1035396,14.51999,43.37647
"005","11am",30.0271524,22.94288,47.029964
"006","11am",20.4455675,53.008,26.546433
"007","11am",21.2074858,37.90593,40.886582
"008","11am",16.5397564,33.56966,49.890586
"009","11am",14.5791209,46.28663,39.134245
"010","11am",33.6992796,34.70979,31.590928
"011","11am",26.0773026,38.07487,35.847824
"012","11am",25.8624054,33.52345,40.614141
"013","11am",26.8579037,36.31889,36.82321
"014","11am",14.677531,62.99732,22.325145
"015","11am",10.8506556,77.69593,11.453411
"016","11am",21.7487263,55.10092,23.150354
"019","11am",12.7363978,59.14249,28.12111
"020","11am",7.8406645,62.88247,29.276864
"021","11am",21.8185347,56.32467,21.856793
"022","11am",10.2752121,56.93531,32.789482
"023","11am",23.9894414,54.31345,21.697108
"024","11am",6.8657248,81.29806,11.83622
"025","11am",5.811966,74.04666,20.141379
"026","11am",11.1856372,76.06973,12.744635
"027","11am",9.8540083,68.56949,21.576505
"028","11am",7.8311154,66.1032,26.065686
"029","11am",33.765428,56.30345,9.931117
"030","11am",11.1611635,77.1875,11.651333
"031","11am",4.8413851,69.19825,25.960361
"033","11am",14.160204,65.52661,20.313188
"034","11am",6.6307815,78.25593,15.113291
"035","11am",2.2164264,86.05358,11.729994
"036","11am",2.2731407,92.97892,4.747942
"037","11am",11.4843573,81.0735,7.442143
"038","11am",3.1686606,86.98915,9.842185
"039","11am",15.2160871,71.9225,12.861417
"040","11am",0.3903004,88.75332,10.856377
"041","11am",1.4461641,84.0241,14.529735
"042","11am",6.0643325,78.16663,15.769034
"043","11am",4.5801138,86.07529,9.344594
"044","11am",2.50179,87.48784,10.010374
"046","11am",0,89.83807,10.161935
"047","11am",0.4978727,93.64909,5.853039
"049","11am",2.9892212,83.44343,13.567347
"050","11am",0,92.08516,7.914838
"052","11am",1.2742858,83.55259,15.173124
"054","11am",9.5519683,65.45901,24.98902
"055","11am",9.5863752,70.57026,19.84336
"056","11am",15.387719,69.03542,15.576861
"057","11am",25.4850717,57.0147,17.500226
"058","11am",22.5042316,54.18719,23.308581
"059","11am",10.4252707,77.63879,11.935936
"060","11am",0.4380632,83.26572,16.296219
"061","11am",1.1063971,86.0591,12.834502
"062","11am",1.5318149,88.01059,10.457599
"063","11am",0.5854653,92.60621,6.808322
"064","11am",2.198727,84.70533,13.095946
"065","11am",0,77.82975,22.170252
"066","11am",5.2085635,74.04758,20.74386
"067","11am",2.0910963,84.12036,13.788543
"068","11am",10.2108228,85.79503,3.994145
"069","11am",8.5858899,85.18623,6.22788
"070","11am",34.3318379,43.15868,22.509487
"071","11am",37.653798,48.45124,13.894967
"072","11am",8.6740012,73.00936,18.316643
"073","11am",5.7911874,57.23199,36.976825
"074","11am",4.5749303,83.5582,11.86687
"075","11am",2.6719885,76.13855,21.189457
"076","11am",14.7660968,74.95933,10.274574
"077","11am",12.8787916,72.2292,14.892004
"078","11am",19.9495883,67.23828,12.812134
"079","11am",2.5503104,81.25955,16.190139
"080","11am",0,76.44265,23.557354
"081","11am",1.5561782,89.01945,9.424373
"082","11am",0,93.2369,6.763103
"083","11am",0,84.49099,15.509006
"001","12am",26.8804383,16.76876,56.350803
"002","12am",24.242294,35.0068,40.750909
"003","12am",30.4428849,24.11072,45.446398
"004","12am",39.4844609,12.52511,47.990425
"005","12am",30.7819796,21.87153,47.346489
"006","12am",20.9159159,45.67992,33.404161
"007","12am",19.0996807,45.7416,35.158718
"008","12am",15.9526773,29.24856,54.798762
"009","12am",13.7232532,41.29253,44.984212
"010","12am",27.1680499,34.04667,38.785277
"011","12am",20.8376179,32.71284,46.449544
"012","12am",22.8077172,35.19267,41.999617
"013","12am",26.5512536,33.65772,39.791025
"014","12am",13.0951668,64.15707,22.74776
"015","12am",11.9020098,72.21103,15.886965
"016","12am",25.5156246,50.18045,24.303926
"019","12am",11.2558652,62.18586,26.558275
"020","12am",7.0064087,63.1934,29.800187
"021","12am",21.0572026,57.73062,21.212179
"022","12am",13.0915867,57.09655,29.811865
"023","12am",23.6022744,59.84768,16.550043
"024","12am",3.2694423,80.65055,16.080012
"025","12am",8.0054248,76.35731,15.637268
"026","12am",8.8924628,71.37028,19.737257
"027","12am",10.7786185,65.53456,23.686822
"028","12am",8.5797962,64.59113,26.82907
"029","12am",29.7046863,48.29913,21.996179
"030","12am",9.3130336,81.09956,9.587405
"031","12am",5.975859,67.89958,26.124557
"033","12am",13.3909686,67.33782,19.271209
"034","12am",8.4911844,74.80419,16.704623
"035","12am",2.7834046,85.31664,11.899959
"036","12am",1.826778,91.28708,6.886141
"037","12am",10.8915915,81.52617,7.582236
"038","12am",2.3419043,86.91113,10.746969
"039","12am",13.0906582,74.95287,11.956473
"040","12am",2.0870251,85.21984,12.693132
"041","12am",1.9288773,81.59984,16.471285
"042","12am",6.4731273,76.43067,17.096198
"043","12am",3.8496231,86.2605,9.889878
"044","12am",0.6933871,92.25679,7.049827
"046","12am",0,90.22549,9.774505
"047","12am",0.4666697,96.1364,3.396928
"049","12am",2.6381579,85.25813,12.103716
"050","12am",0,92.66225,7.337748
"052","12am",1.1652335,84.03297,14.8018
"054","12am",10.5861384,63.14191,26.271956
"055","12am",10.6458807,68.93118,20.422938
"056","12am",14.1120829,67.48135,18.406566
"057","12am",23.9848207,57.46716,18.548023
"058","12am",18.7157209,56.76388,24.520395
"059","12am",7.7363348,76.79831,15.465357
"060","12am",0.4227895,83.84918,15.728029
"061","12am",2.207085,86.06242,11.730495
"062","12am",1.3985474,89.05366,9.547791
"063","12am",2.1502524,91.23349,6.616261
"064","12am",1.9701044,86.29566,11.734236
"065","12am",0,81.12277,18.877225
"066","12am",4.6185385,78.26455,17.116909
"067","12am",4.4035333,82.9195,12.676964
"068","12am",9.3720819,86.96186,3.666057
"069","12am",11.4219665,82.99352,5.584514
"070","12am",33.4709873,42.9851,23.543909
"071","12am",31.0044955,51.49286,17.502646
"072","12am",6.8606253,72.60339,20.535982
"073","12am",5.3752337,58.64458,35.98019
"074","12am",3.4372329,79.99593,16.566841
"075","12am",5.2881833,74.49808,20.213737
"076","12am",10.6850365,78.00354,11.31142
"077","12am",10.1756882,72.16474,17.659571
"078","12am",17.9667013,70.47973,11.553566
"079","12am",0,84.86015,15.139854
"080","12am",0,79.01507,20.98493
"081","12am",1.5764443,88.87645,9.547107
"082","12am",0,93.66189,6.338113
"083","12am",0,86.06954,13.93046
"001","1pm",32.6764681,14.96873,52.354801
"002","1pm",22.962584,33.36471,43.672708
"003","1pm",25.9896056,30.14189,43.868502
"004","1pm",32.8366261,13.25536,53.908011
"005","1pm",30.1856949,25.86422,43.950084
"006","1pm",21.8411538,47.07847,31.080379
"007","1pm",22.0030438,41.96001,36.036949
"008","1pm",18.1383014,27.18231,54.679388
"009","1pm",11.2915167,40.30845,48.400037
"010","1pm",24.6754623,29.45339,45.87115
"011","1pm",21.1102759,33.12028,45.769444
"012","1pm",26.0619941,32.8273,41.110708
"013","1pm",26.1839616,33.54747,40.268565
"014","1pm",13.296154,63.00678,23.697067
"015","1pm",12.4215148,74.6257,12.952781
"016","1pm",23.8813425,52.92913,23.189527
"019","1pm",9.5548086,58.52701,31.918183
"020","1pm",6.3592852,62.38353,31.257182
"021","1pm",20.5292788,59.40471,20.066009
"022","1pm",12.2093966,56.34941,31.441191
"023","1pm",20.9408139,62.95461,16.104573
"024","1pm",2.8151543,79.35371,17.831132
"025","1pm",5.698665,78.46245,15.83888
"026","1pm",10.0796891,71.454,18.466314
"027","1pm",11.8488663,64.62041,23.530728
"028","1pm",10.4826405,60.17465,29.342707
"029","1pm",28.5258026,46.81575,24.65845
"030","1pm",5.7102431,80.07979,14.20997
"031","1pm",4.2889446,68.30148,27.409578
"033","1pm",12.2731723,67.44166,20.285164
"034","1pm",10.1185406,72.56785,17.313614
"035","1pm",2.372574,85.21031,12.41712
"036","1pm",1.4990859,90.64782,7.85309
"037","1pm",10.9385479,80.82719,8.234264
"038","1pm",3.8112741,85.58892,10.599808
"039","1pm",14.7280561,72.06707,13.204872
"040","1pm",3.6192899,86.21281,10.167902
"041","1pm",2.8333057,78.67684,18.489853
"042","1pm",6.1537559,76.54556,17.300684
"043","1pm",3.8641079,86.91987,9.216027
"044","1pm",0,87.32657,12.673429
"046","1pm",0,89.45575,10.544248
"047","1pm",0.4530647,96.24904,3.297896
"049","1pm",2.8805338,80.38284,16.736622
"050","1pm",1.3507819,91.76723,6.881989
"052","1pm",0.3585226,83.34101,16.300464
"054","1pm",11.733803,62.51537,25.750822
"055","1pm",10.7851994,71.29704,17.917756
"056","1pm",12.5582902,72.2005,15.241211
"057","1pm",23.1276958,59.99891,16.873396
"058","1pm",15.6394708,57.03683,27.323695
"059","1pm",6.2394539,78.73792,15.022622
"060","1pm",0.4103366,84.32449,15.265177
"061","1pm",2.2466736,85.84566,11.907669
"062","1pm",0.3625316,93.35099,6.286475
"063","1pm",2.3548359,93.20897,4.436197
"064","1pm",1.8921817,86.51323,11.594585
"065","1pm",1.1736456,79.64232,19.184035
"066","1pm",4.8847544,77.01171,18.10354
"067","1pm",6.4971456,80.98893,12.513924
"068","1pm",9.7036189,86.50064,3.795743
"069","1pm",5.0983836,88.07867,6.82295
"070","1pm",34.0465729,40.68281,25.270616
"071","1pm",35.1292769,46.70293,18.16779
"072","1pm",7.9325494,69.11631,22.951145
"073","1pm",7.5682388,53.67047,38.761295
"074","1pm",3.4246089,84.82984,11.745547
"075","1pm",3.2957389,75.69225,21.012014
"076","1pm",9.4435694,77.56717,12.989264
"077","1pm",11.4234795,74.44872,14.127802
"078","1pm",18.849592,69.02909,12.121313
"079","1pm",2.1199101,85.60092,12.279166
"080","1pm",0,79.58412,20.415877
"081","1pm",2.9025695,92.42301,4.674419
"082","1pm",0,93.20512,6.794876
"083","1pm",0,86.48694,13.513062
"001","2pm",29.3587194,17.17502,53.466258
"002","2pm",25.7081012,32.19189,42.100008
"003","2pm",29.2566607,28.91127,41.832066
"004","2pm",33.3913174,10.00886,56.59982
"005","2pm",32.1691959,27.59508,40.235725
"006","2pm",21.5831365,46.11074,32.306121
"007","2pm",19.9466897,48.27998,31.773329
"008","2pm",18.0963966,30.16296,51.740644
"009","2pm",14.5312606,38.87586,46.59288
"010","2pm",28.1247009,30.89359,40.981709
"011","2pm",21.2366428,35.4536,43.309754
"012","2pm",27.8545808,27.77243,44.372992
"013","2pm",23.3355374,33.54694,43.117523
"014","2pm",14.3435326,58.87887,26.777597
"015","2pm",12.4766247,76.20937,11.314007
"016","2pm",24.769988,50.68115,24.548866
"019","2pm",10.923096,58.59186,30.485047
"020","2pm",8.4397877,56.2514,35.308809
"021","2pm",21.1640415,59.8719,18.964056
"022","2pm",10.3481045,64.36247,25.289426
"023","2pm",21.4128609,60.89778,17.689355
"024","2pm",2.3166509,78.3532,19.33015
"025","2pm",3.7686857,71.93483,24.296481
"026","2pm",8.4825116,75.26081,16.25668
"027","2pm",14.3656248,64.83502,20.799359
"028","2pm",8.7238424,64.55322,26.722939
"029","2pm",25.2028037,49.30297,25.494222
"030","2pm",9.4138988,80.67593,9.910171
"031","2pm",4.3352113,70.11043,25.554359
"033","2pm",12.7571442,70.36111,16.881742
"034","2pm",9.919913,68.90699,21.173094
"035","2pm",2.4108277,86.38856,11.200611
"036","2pm",1.9590598,90.41492,7.626023
"037","2pm",10.2874083,81.66654,8.046056
"038","2pm",3.3229477,84.63642,12.040629
"039","2pm",18.8342534,68.22944,12.936307
"040","2pm",4.0083852,86.30642,9.685194
"041","2pm",2.0290438,79.16834,18.802617
"042","2pm",5.603498,79.41917,14.977328
"043","2pm",4.7423643,84.48037,10.777265
"044","2pm",0,85.61222,14.387784
"046","2pm",0,85.98437,14.015631
"047","2pm",0.4657677,92.23157,7.302664
"049","2pm",2.5101336,80.10111,17.388756
"050","2pm",1.4739397,91.83592,6.690138
"052","2pm",0.3560527,78.80429,20.839661
"054","2pm",10.2184437,64.59941,25.182147
"055","2pm",8.1140633,70.18503,21.700907
"056","2pm",10.1731531,75.62492,14.201924
"057","2pm",22.7423057,59.54984,17.707857
"058","2pm",14.0063592,63.15956,22.834079
"059","2pm",8.9950323,76.32619,14.678782
"060","2pm",0.4364083,86.05717,13.506417
"061","2pm",2.242622,84.86506,12.892315
"062","2pm",0.3669503,93.26995,6.363098
"063","2pm",2.2407578,93.53795,4.221289
"064","2pm",2.9613408,86.1669,10.871756
"065","2pm",0,80.77511,19.224887
"066","2pm",6.6854993,77.93423,15.380267
"067","2pm",4.7096909,83.87622,11.414093
"068","2pm",9.7740901,87.76863,2.457284
"069","2pm",6.6551172,88.1715,5.17338
"070","2pm",33.0130771,42.51588,24.471043
"071","2pm",40.5428895,41.65109,17.806019
"072","2pm",7.7407531,67.27935,24.979897
"073","2pm",6.8197939,58.00587,35.174339
"074","2pm",6.958928,83.13764,9.903436
"075","2pm",1.7940699,80.77722,17.42871
"076","2pm",6.307509,80.76581,12.926682
"077","2pm",11.567365,75.48709,12.94555
"078","2pm",15.1480679,72.69083,12.161105
"079","2pm",2.4541745,79.66296,17.882865
"080","2pm",0,75.81043,24.189568
"081","2pm",2.7329485,95.04055,2.226498
"082","2pm",0,89.40051,10.599491
"083","2pm",1.091795,85.07347,13.834739
"001","3pm",24.6278241,14.07558,61.296599
"002","3pm",24.7898824,32.81494,42.395176
"003","3pm",27.748668,25.03299,47.218344
"004","3pm",31.3874222,10.67731,57.935267
"005","3pm",28.0382403,30.01552,41.94624
"006","3pm",24.4243142,42.83086,32.744831
"007","3pm",16.0265542,47.20649,36.766951
"008","3pm",19.3030342,26.78943,53.907536
"009","3pm",13.0418194,43.91974,43.038438
"010","3pm",27.0911553,31.95868,40.950164
"011","3pm",26.1861611,38.47486,35.338981
"012","3pm",24.2016216,31.07769,44.720684
"013","3pm",24.6081579,30.43684,44.955003
"014","3pm",14.7718264,59.99951,25.228662
"015","3pm",9.0763527,78.26204,12.661604
"016","3pm",23.9621776,51.90114,24.136684
"019","3pm",13.2201705,56.01956,30.760273
"020","3pm",7.5946061,58.37922,34.02617
"021","3pm",23.0353309,58.58446,18.380214
"022","3pm",11.9757736,54.17534,33.848888
"023","3pm",23.4893851,60.92765,15.582966
"024","3pm",2.5515098,82.08805,15.360437
"025","3pm",5.2485288,78.17422,16.577249
"026","3pm",9.2796762,72.66048,18.059848
"027","3pm",17.1839375,57.94164,24.874426
"028","3pm",9.6201827,63.05043,27.329383
"029","3pm",28.5227457,47.3433,24.133957
"030","3pm",12.6499441,79.22934,8.120719
"031","3pm",6.5761342,67.38181,26.042052
"033","3pm",9.6427761,68.52936,21.827869
"034","3pm",9.6424901,70.0622,20.295309
"035","3pm",3.9620169,84.10126,11.936727
"036","3pm",1.4461886,91.65123,6.902582
"037","3pm",11.095582,81.34545,7.558973
"038","3pm",3.1705262,84.7883,12.041171
"039","3pm",15.0159213,75.79391,9.190167
"040","3pm",4.9265998,85.89029,9.183112
"041","3pm",1.9142214,78.60347,19.482308
"042","3pm",6.4674594,77.7448,15.787745
"043","3pm",4.2919323,85.98158,9.726492
"044","3pm",0,86.30333,13.696671
"046","3pm",0,86.74688,13.253116
"047","3pm",0.5287473,87.95777,11.513483
"049","3pm",2.5706439,81.54652,15.882836
"050","3pm",1.431042,89.80679,8.76217
"052","3pm",0.3659447,80.43774,19.196312
"054","3pm",8.8566518,65.95702,25.186327
"055","3pm",8.1358119,63.68813,28.17606
"056","3pm",15.5324115,71.13432,13.333273
"057","3pm",21.9840886,63.66662,14.349289
"058","3pm",13.0108395,66.87164,20.117518
"059","3pm",6.364402,79.36387,14.271728
"060","3pm",0.4725795,86.31254,13.214885
"061","3pm",1.0885045,88.8256,10.085898
"062","3pm",0.3647905,93.30956,6.325645
"063","3pm",3.1096046,92.36138,4.529013
"064","3pm",2.6972797,86.77769,10.525034
"065","3pm",0,77.5558,22.444199
"066","3pm",6.3205364,79.97406,13.705405
"067","3pm",5.3809587,85.70557,8.913474
"068","3pm",9.1367383,88.39175,2.471514
"069","3pm",3.6213915,92.68777,3.690839
"070","3pm",31.9151361,42.80522,25.279643
"071","3pm",36.2152572,43.84097,19.943768
"072","3pm",8.0354736,67.23404,24.730485
"073","3pm",5.0376092,63.69279,31.269602
"074","3pm",7.0072831,83.55797,9.434746
"075","3pm",1.9487652,78.06392,19.987313
"076","3pm",4.1309471,77.83146,18.03759
"077","3pm",9.8293543,79.27144,10.899205
"078","3pm",15.3961767,73.79347,10.810357
"079","3pm",5.756428,79.16068,15.082887
"080","3pm",0,80.0022,19.997802
"081","3pm",2.4821607,95.49566,2.022184
"082","3pm",0,89.50831,10.49169
"083","3pm",1.0651589,87.27009,11.664752
"001","4pm",23.164608,15.6653,61.170096
"002","4pm",24.8874059,34.35555,40.757042
"003","4pm",24.3861395,23.10823,52.505629
"004","4pm",26.9879833,11.09365,61.918366
"005","4pm",23.2048767,27.66359,49.131536
"006","4pm",20.1118626,43.5453,36.342835
"007","4pm",18.9213416,48.57353,32.505128
"008","4pm",16.9132104,29.58719,53.499601
"009","4pm",11.7829213,41.17108,47.046004
"010","4pm",25.0060964,34.22092,40.772982
"011","4pm",21.7702997,31.252,46.9777
"012","4pm",26.0070152,25.82768,48.165308
"013","4pm",22.6389309,32.08968,45.271385
"014","4pm",17.319524,60.20155,22.478931
"015","4pm",10.3930961,76.27504,13.331861
"016","4pm",17.7293224,51.27975,30.99093
"019","4pm",6.1012397,60.18892,33.709842
"020","4pm",11.4538662,54.88919,33.656948
"021","4pm",22.3845823,55.24112,22.374293
"022","4pm",16.4725799,50.29937,33.228046
"023","4pm",20.1097776,63.12628,16.763947
"024","4pm",3.0064043,76.75739,20.236208
"025","4pm",7.7281866,72.95264,19.319169
"026","4pm",10.8337299,74.32244,14.843827
"027","4pm",17.98256,57.18144,24.836005
"028","4pm",12.6044382,61.43272,25.962845
"029","4pm",25.6108819,49.12068,25.26844
"030","4pm",11.3225452,81.43643,7.241025
"031","4pm",8.5426251,63.85217,27.605209
"033","4pm",13.0552462,61.53474,25.410013
"034","4pm",14.2317465,67.12533,18.642925
"035","4pm",6.3375782,80.65163,13.010794
"036","4pm",1.6069659,89.7355,8.657537
"037","4pm",7.4872018,85.83512,6.677682
"038","4pm",5.9675503,83.63927,10.39318
"039","4pm",11.5338095,78.29647,10.169725
"040","4pm",1.3220202,85.04549,13.632487
"041","4pm",4.1086536,84.54347,11.347875
"042","4pm",5.8248886,77.80043,16.37468
"043","4pm",3.5863256,87.67163,8.742043
"044","4pm",4.8463255,81.04274,14.110934
"046","4pm",0,88.18643,11.813574
"047","4pm",0.4596589,91.11203,8.428309
"049","4pm",3.7778651,81.83165,14.390483
"050","4pm",0.9149374,89.46206,9.623001
"052","4pm",0,81.46372,18.536276
"054","4pm",10.7687493,60.27465,28.956603
"055","4pm",8.4235933,62.4037,29.172708
"056","4pm",14.1927894,70.93477,14.872438
"057","4pm",21.0619925,60.53008,18.407925
"058","4pm",18.7723723,59.58201,21.645613
"059","4pm",6.0764417,76.81418,17.109381
"060","4pm",0.4715659,80.32748,19.20095
"061","4pm",1.8436177,90.07037,8.08601
"062","4pm",0,94.0615,5.938499
"063","4pm",3.4989254,91.40503,5.096043
"064","4pm",1.3762303,87.97585,10.647924
"065","4pm",0,80.5996,19.400402
"066","4pm",3.7000324,80.50316,15.796806
"067","4pm",7.1625071,78.28103,14.55646
"068","4pm",7.6983545,90.45179,1.849854
"069","4pm",2.2019661,90.89545,6.902581
"070","4pm",28.7743459,41.76786,29.457795
"071","4pm",29.9905614,48.54363,21.465804
"072","4pm",8.2213382,69.49242,22.286243
