"district","hour","occ1","occ2","occ3","occ4","occ5"
"001","4am",55.64671,27.155811,6.4983939,6.498394,4.2006953
"002","4am",50.88,22.202675,2.7071267,16.500085,7.7101176
"003","4am",46.22634,25.728226,6.6593737,16.647662,4.7384009
"004","4am",37.81461,38.683603,10.1439078,7.529747,5.8281369
"005","4am",36.32916,32.360491,17.4120505,6.768497,7.1298042
"006","4am",60.9464,10.590477,7.8020602,18.677849,1.9832164
"007","4am",36.43737,10.952327,7.8785552,38.761107,5.9706429
"008","4am",50.46261,12.016685,11.62698,23.262473,2.631257
"009","4am",41.33705,12.312218,1.5155099,35.786915,9.0483094
"010","4am",37.92399,16.487863,6.8800754,31.971486,6.7365817
"011","4am",47.53779,22.866896,4.7180484,22.555838,2.3214255
"012","4am",45.42142,22.546461,4.705579,21.209122,6.1174214
"013","4am",33.98439,30.499481,10.3370575,19.659562,5.519508
"014","4am",61.46876,8.758579,6.8125993,20.518533,2.4415301
"015","4am",51.37456,7.925362,15.9913397,19.453049,5.2556895
"016","4am",42.35042,8.223249,15.8700963,12.367145,21.1890858
"019","4am",46.24997,9.615664,3.1219106,33.898023,7.114437
"020","4am",51.59222,10.667907,3.217439,30.610356,3.9120825
"021","4am",43.47227,19.174741,7.6191029,25.229087,4.5048027
"022","4am",54.25311,17.348469,2.7290684,21.698454,3.9708959
"023","4am",44.33805,23.645202,5.6448523,23.251451,3.120449
"024","4am",51.80477,8.731811,1.2998776,31.667172,6.4963669
"025","4am",57.89098,9.865331,3.2873172,27.363441,1.5929331
"026","4am",56.39631,4.22444,8.4088964,28.796006,2.1743458
"027","4am",48.58106,7.651144,5.2630293,36.194111,2.3106572
"028","4am",45.17987,14.747741,4.8670977,32.322425,2.8828623
"029","4am",51.36058,19.590126,4.182058,22.974304,1.8929292
"030","4am",47.40501,11.95349,4.1461538,33.172731,3.3226136
"031","4am",55.65537,8.084222,3.9792237,25.583971,6.6972119
"033","4am",42.60543,10.513928,7.5347015,33.998352,5.3475861
"034","4am",49.07467,11.805276,7.5712562,25.414628,6.134166
"035","4am",58.0837,8.381216,2.8246158,29.648551,1.0619132
"036","4am",58.25885,12.374305,7.7438125,17.6252,3.9978365
"037","4am",56.34735,9.733351,2.9337412,29.484729,1.5008317
"038","4am",44.49845,18.142234,3.3296127,31.234157,2.7955459
"039","4am",47.69519,15.618134,5.472317,31.214355,0
"040","4am",47.05545,8.865114,6.8559303,31.628634,5.5948675
"041","4am",54.71041,10.614059,4.4009397,25.910655,4.3639369
"042","4am",60.20391,7.945082,1.7164352,26.268332,3.8662459
"043","4am",53.23227,4.919273,3.7020841,31.992215,6.1541596
"044","4am",53.1816,14.182355,1.5982879,25.741844,5.2959102
"046","4am",63.83645,5.890576,4.285313,20.289231,5.6984263
"047","4am",66.58889,5.688953,5.1363428,20.112275,2.473536
"049","4am",52.57972,12.683535,2.6969778,31.483851,0.5559179
"050","4am",58.44166,15.248286,1.2495186,22.348361,2.7121761
"052","4am",62.60765,15.368089,2.3522638,16.096587,3.575411
"054","4am",40.9832,9.661122,12.7540945,25.35302,11.248559
"055","4am",47.38052,6.206251,5.4804922,34.27444,6.6582952
"056","4am",46.85774,8.652374,11.3398973,25.664437,7.4855526
"057","4am",44.41103,5.589238,10.2390621,25.484712,14.2759603
"058","4am",47.14441,11.337428,5.7623776,27.014019,8.7417646
"059","4am",52.26082,5.782752,7.9721856,24.923357,9.0608814
"060","4am",43.64078,8.679903,5.8397327,34.215157,7.6244223
"061","4am",58.33125,5.557321,2.6729429,26.721959,6.7165237
"062","4am",57.64752,12.950764,1.2164929,25.653628,2.5315951
"063","4am",49.17959,5.465079,6.6157617,32.796393,5.9431779
"064","4am",58.06623,7.163574,4.452353,22.837977,7.4798674
"065","4am",56.6035,5.144261,4.8917522,27.564199,5.7962873
"066","4am",55.6277,6.045001,7.00904,22.801012,8.517247
"067","4am",50.50287,7.317018,4.974854,31.024932,6.1803249
"068","4am",64.05747,10.058213,4.5847912,18.200709,3.0988197
"069","4am",60.78697,8.228838,2.0321984,24.446461,4.5055318
"070","4am",65.97992,5.545064,4.6559899,18.885625,4.933398
"071","4am",55.47446,9.865443,3.9972011,23.522469,7.1404232
"072","4am",46.39883,6.635939,3.3157087,37.508373,6.1411498
"073","4am",44.31368,10.366596,5.3473466,38.119102,1.8532728
"074","4am",73.31571,6.81736,2.0503017,15.725894,2.0907387
"075","4am",53.33519,10.307227,1.8657762,33.201989,1.2898146
"076","4am",56.82864,5.655226,0,35.419524,2.0966062
"077","4am",48.15427,12.063572,4.4606816,31.432232,3.8892452
"078","4am",61.0157,8.84853,3.2026523,23.368944,3.5641717
"079","4am",55.69444,9.687203,5.2913965,23.680529,5.6464278
"080","4am",62.74281,6.694792,0.5331399,21.498996,8.530263
"081","4am",63.97726,8.196974,3.6562326,18.378408,5.7911229
"082","4am",48.48703,8.576473,1.1740243,34.961298,6.8011745
"083","4am",65.03761,5.701905,4.621165,21.37679,3.2625268
"001","5am",55.34662,27.339545,6.5423614,6.542361,4.2291168
"002","5am",50.88,22.202675,2.7071267,16.500085,7.7101176
"003","5am",45.49054,26.080269,6.7504949,16.875455,4.8032372
"004","5am",37.81461,38.683603,10.1439078,7.529747,5.8281369
"005","5am",36.62985,32.988521,16.895576,6.56773,6.9183207
"006","5am",61.23653,10.511798,7.7440971,18.539088,1.9684827
"007","5am",35.40441,11.130313,8.0065894,39.391013,6.0676717
"008","5am",51.53293,10.185502,11.8627544,23.734194,2.6846141
"009","5am",40.23241,12.815011,1.5773986,35.957364,9.4178138
"010","5am",39.73429,16.007034,6.6794348,31.039115,6.5401257
"011","5am",46.92124,23.575137,4.7034311,22.485957,2.3142334
"012","5am",46.22727,22.213562,4.6361011,20.89597,6.0270977
"013","5am",33.12016,31.178824,10.3908693,19.761904,5.548241
"014","5am",61.15615,9.102454,7.0800721,20.123935,2.5373882
"015","5am",54.3898,6.424949,15.396154,18.729021,5.0600767
"016","5am",41.35567,8.365143,16.1439368,12.580542,21.554706
"019","5am",47.49446,9.393028,3.0496278,33.113169,6.9497137
"020","5am",51.36831,10.717249,3.2323207,30.75194,3.9301772
"021","5am",46.90447,17.496761,7.2612837,24.044242,4.2932417
"022","5am",53.70171,17.557577,2.7619629,21.959994,4.0187586
"023","5am",44.08063,23.754554,5.670958,23.358981,3.1348801
"024","5am",51.80477,8.731811,1.2998776,31.667172,6.4963669
"025","5am",57.93926,9.854021,3.2835483,27.332069,1.5911067
"026","5am",59.03123,3.969162,7.9007567,27.055898,2.0429527
"027","5am",48.96649,7.593792,5.2235782,35.922804,2.2933367
"028","5am",44.73706,14.866867,4.9064123,32.583513,2.906149
"029","5am",51.41717,19.567334,4.1771925,22.947575,1.890727
"030","5am",45.43807,12.400525,4.301211,34.41332,3.4468722
"031","5am",54.38493,8.315829,4.0932252,26.31693,6.8890815
"033","5am",40.72599,10.858217,7.7814324,35.11166,5.5226979
"034","5am",47.94667,12.066764,7.7389603,25.977564,6.2700384
"035","5am",57.98034,8.401884,2.8315815,29.721666,1.0645319
"036","5am",60.30626,11.767341,7.3639756,16.760677,3.8017412
"037","5am",56.84476,9.622442,2.900312,29.148758,1.4837301
"038","5am",45.16984,17.922772,3.2893351,30.856324,2.7617288
"039","5am",47.78151,15.59236,5.4632863,31.162843,0
"040","5am",46.22653,9.003911,6.9632702,32.123828,5.6824636
"041","5am",53.81327,10.438723,4.5370562,26.712045,4.4989089
"042","5am",61.53004,7.930778,1.6457414,25.186434,3.7070092
"043","5am",53.43231,4.898232,3.6862493,31.855376,6.1278366
"044","5am",52.54871,14.374074,1.6198938,26.089826,5.367501
"046","5am",63.47589,5.949308,4.3280396,20.491524,5.7552422
"047","5am",65.66117,5.846917,5.2789631,20.670731,2.5422184
"049","5am",51.73933,12.908314,2.7447738,32.041809,0.5657699
"050","5am",59.2321,14.958264,1.2257528,21.923295,2.6605905
"052","5am",61.46288,15.838584,2.4242784,16.589385,3.6848724
"054","5am",40.17468,9.793479,12.9288252,25.700356,11.4026639
"055","5am",46.87144,6.266295,5.5335145,34.606036,6.7227123
"056","5am",47.79828,8.499239,11.1391968,25.210211,7.3530686
"057","5am",43.35772,5.695144,10.4330734,25.967601,14.5464634
"058","5am",46.21492,11.536801,5.8637115,27.489072,8.8954923
"059","5am",51.09036,5.84588,8.0592148,25.844753,9.1597955
"060","5am",43.43814,8.711113,5.8607301,34.338182,7.6518368
"061","5am",58.33125,5.557321,2.6729429,26.721959,6.7165237
"062","5am",57.64752,12.950764,1.2164929,25.653628,2.5315951
"063","5am",49.2114,5.461657,6.6116201,32.775861,5.9394573
"064","5am",57.79271,7.210299,4.4813941,22.986941,7.5286559
"065","5am",56.72785,5.12952,4.877735,27.485214,5.7796781
"066","5am",55.26213,6.220022,7.2119723,23.461169,7.844707
"067","5am",51.0216,7.240335,4.9227172,30.699789,6.1155547
"068","5am",63.71945,10.152805,4.6279083,18.371875,3.1279623
"069","5am",60.05238,8.382991,2.070268,24.904422,4.5899349
"070","5am",65.67026,4.903093,4.811593,19.516782,5.0982721
"071","5am",54.54558,9.652149,4.1289239,24.297623,7.375727
"072","5am",46.15605,6.665995,3.3307268,37.678263,6.1689655
"073","5am",43.81668,10.459118,5.3950721,38.459318,1.8698134
"074","5am",72.54166,7.015115,2.109776,16.182065,2.151386
"075","5am",52.99296,10.382819,1.8794596,33.445489,1.299274
"076","5am",56.47789,5.701173,0,35.707293,2.1136403
"077","5am",48.60908,12.03374,4.4130298,31.096454,3.8476979
"078","5am",59.18257,10.563222,3.2152391,23.460787,3.5781794
"079","5am",55.17804,9.800113,5.3530707,23.956539,5.7122402
"080","5am",61.71191,6.880036,0.5478918,22.09387,8.7662943
"081","5am",63.97726,8.196974,3.6562326,18.378408,5.7911229
"082","5am",50.0737,8.312305,1.1378627,33.88444,6.5916886
"083","5am",64.78255,5.743503,4.6548785,21.532744,3.2863285
"001","6am",53.2598,28.617223,6.84811,6.84811,4.426759
"002","6am",54.46151,20.583797,2.5097402,15.297003,7.1479448
"003","6am",45.95872,25.856271,6.6925161,16.730514,4.7619831
"004","6am",36.74009,39.352023,10.3191859,7.659854,5.9288422
"005","6am",36.57481,32.36992,16.9198337,7.207183,6.9282536
"006","6am",59.94038,11.084578,7.3500338,19.549267,2.0757437
"007","6am",34.25969,11.327558,8.1484773,40.089077,6.1751993
"008","6am",51.86515,10.115686,11.7814414,23.571509,2.6662125
"009","6am",38.76696,13.129225,1.6160751,36.83901,9.6487311
"010","6am",42.45901,15.283328,6.3774459,29.635783,6.2444352
"011","6am",46.29703,23.551874,4.8066515,22.979428,2.365021
"012","6am",45.41864,22.611396,4.6964474,21.167964,6.10555
"013","6am",31.42281,31.775307,11.0837067,19.79999,5.918184
"014","6am",63.3974,7.562743,6.9130675,19.649253,2.4775363
"015","6am",58.9317,5.785148,13.8629923,16.86397,4.5561901
"016","6am",39.28242,8.660876,16.7146744,13.025303,22.3167309
"019","6am",47.04536,9.47337,3.0757122,33.396396,7.0091567
"020","6am",51.46146,10.14769,3.2729364,31.138353,3.9795618
"021","6am",53.31338,17.299976,5.9941604,19.848425,3.5440537
"022","6am",51.56927,18.366257,2.8891755,22.971443,4.2038576
"023","6am",42.29409,24.513474,5.852136,24.105263,3.2350345
"024","6am",52.07697,8.682496,1.2925361,31.488323,6.4596769
"025","6am",57.65078,9.921605,3.3060687,27.519528,1.6020195
"026","6am",57.53511,4.11411,8.1892808,28.043939,2.1175583
"027","6am",48.36938,7.682642,5.2846961,36.343115,2.3201697
"028","6am",44.55656,14.513837,5.0634094,32.867051,2.999141
"029","6am",49.67612,20.268565,4.3268898,23.769944,1.9584846
"030","6am",42.84981,11.126909,4.6951912,37.565495,3.7625971
"031","6am",52.35853,7.36508,4.4199381,28.417494,7.4389539
"033","6am",41.72322,9.064234,7.9094873,35.689475,5.613582
"034","6am",46.9464,12.298643,7.8876747,26.476758,6.3905254
"035","6am",57.45517,8.506893,2.8669712,30.093134,1.0778367
"036","6am",66.24173,9.763219,6.3273109,14.40119,3.2665505
"037","6am",56.18902,10.385835,2.8910007,29.055177,1.4789666
"038","6am",45.27233,19.041188,3.1805228,29.835587,2.6703699
"039","6am",46.90899,16.003416,5.607313,31.480282,0
"040","6am",44.85699,9.305426,7.0959092,32.950973,5.7907053
"041","6am",57.45323,6.49593,4.6408712,26.808117,4.6018511
"042","6am",61.35895,7.966048,1.6530603,25.298443,3.723495
"043","6am",54.41624,4.794737,3.6083617,31.182297,5.9983602
"044","6am",49.5434,15.284451,1.7224891,27.742214,5.7074495
"046","6am",63.10098,5.537688,4.4393768,21.018661,5.9032937
"047","6am",65.96156,5.151968,5.3520673,20.956983,2.5774236
"049","6am",52.81692,10.783669,2.8260681,32.990818,0.5825268
"050","6am",59.164,14.98325,1.2278003,21.959915,2.6650347
"052","6am",60.79656,15.46297,2.5355609,17.350893,3.8540203
"054","6am",38.972,9.990359,13.1887354,26.217014,11.6318934
"055","6am",45.17143,6.466804,5.7105765,35.713364,6.9378265
"056","6am",46.12114,7.88403,11.723489,26.532581,7.7387643
"057","6am",40.57065,6.940038,10.7488835,26.753642,14.9867862
"058","6am",47.60828,10.193617,5.8567482,27.456428,8.8849287
"059","6am",51.29919,5.97969,8.2436878,25.107971,9.3694604
"060","6am",44.86215,7.700206,5.8101335,34.041735,7.5857773
"061","6am",56.3849,3.048165,3.0027369,30.018977,7.5452241
"062","6am",56.52767,12.752455,1.2710316,26.803752,2.6450935
"063","6am",49.14623,4.359613,5.5750358,34.641574,6.2775514
"064","6am",56.85319,5.225989,4.8557925,24.907386,8.1576378
"065","6am",52.56087,4.885647,5.4418012,30.663633,6.448046
"066","6am",53.18892,4.780017,7.6863602,25.004393,9.3403131
"067","6am",51.29361,5.950925,5.0427126,31.448122,6.2646265
"068","6am",64.69942,9.20206,4.622731,18.351323,3.124463
"069","6am",59.82755,7.168644,2.1646611,26.03993,4.7992113
"070","6am",65.39585,5.531999,4.8400218,19.103732,5.1283946
"071","6am",61.80822,8.109942,3.4692103,20.415384,6.1972439
"072","6am",46.15543,6.666072,3.3307653,37.678699,6.1690368
"073","6am",43.62672,10.780427,5.5608109,38.104783,1.9272549
"074","6am",71.66845,7.238205,2.1768697,16.696676,2.2198029
"075","6am",54.29911,10.094318,1.8272363,32.516161,1.2631719
"076","6am",57.92009,4.777657,0,35.2176,2.0846536
"077","6am",49.01826,11.937925,4.3778923,30.848857,3.8170616
"078","6am",58.79667,7.885648,3.5408074,25.836376,3.9404982
"079","6am",55.48094,8.805175,5.458848,24.429923,5.8251147
"080","6am",60.80789,6.300992,0.5737629,23.137127,9.1802323
"081","6am",63.62479,7.584869,3.7829753,19.015492,5.9918712
"082","6am",49.7089,7.856707,1.1602952,34.55246,6.7216415
"083","6am",63.10313,6.135314,4.9724256,22.278612,3.5105157
"001","7am",52.37972,27.1998499,7.7162454,7.716245,4.9879395
"002","7am",64.36592,18.1887492,1.5207003,11.593557,4.3310785
"003","7am",55.07631,17.3879587,7.0359653,15.123822,5.3759398
"004","7am",38.4568,42.112959,7.9890394,6.851134,4.5900669
"005","7am",37.09856,33.4765428,15.738437,7.434238,6.2522215
"006","7am",54.43127,12.7726353,8.3193109,22.127304,2.34948
"007","7am",37.06042,9.9633792,7.9008223,39.087859,5.9875177
"008","7am",48.12563,15.0394344,11.6332822,22.64072,2.5609295
"009","7am",41.25047,12.9899424,1.5742773,34.78613,9.3991783
"010","7am",59.59356,6.142711,4.4361393,24.760182,5.0674035
"011","7am",52.01424,21.2032971,3.76951,20.790023,2.2229257
"012","7am",39.6261,31.6443249,5.0942623,18.170072,5.4652373
"013","7am",31.39857,32.9259731,10.7031521,19.225759,5.7465472
"014","7am",66.22735,6.9871547,6.3764066,18.123882,2.2852053
"015","7am",70.27689,4.7263667,8.6843099,13.071227,3.2412048
"016","7am",46.49875,7.4083292,14.7997871,11.533082,19.7600538
"019","7am",42.34914,14.3453001,3.0632832,33.261441,6.9808327
"020","7am",52.64934,8.9302184,3.953913,30.560778,3.9057462
"021","7am",54.59891,22.081302,4.4810367,16.339303,2.499451
"022","7am",48.46241,13.6535247,3.6406331,28.946181,5.2972563
"023","7am",38.77164,22.7581355,6.8895491,27.772162,3.8085118
"024","7am",51.87388,4.4125142,3.9932456,34.229547,5.4908122
"025","7am",54.93444,3.1489773,4.2151728,35.658863,2.0425434
"026","7am",54.06592,8.3467421,8.4484059,27.901442,1.2374865
"027","7am",46.23987,6.0351307,6.44997,38.798134,2.4768998
"028","7am",49.33899,7.6026198,5.7910988,33.837127,3.4301634
"029","7am",35.92161,43.9387436,2.5085619,16.495636,1.135453
"030","7am",34.393,11.0704019,5.5637,44.514299,4.4585962
"031","7am",49.53501,5.0506695,5.2011725,31.45934,8.7538064
"033","7am",38.87905,16.1380344,7.0637358,32.905846,5.0133288
"034","7am",44.97327,9.5385175,7.2134969,31.152967,7.1217475
"035","7am",63.30434,4.6823135,2.8025282,28.15721,1.0536093
"036","7am",81.39388,4.459635,3.7303205,8.490346,1.9258229
"037","7am",56.06691,8.9957969,3.0058273,30.393761,1.5377092
"038","7am",47.47029,13.3416826,3.6766091,34.036452,1.4749701
"039","7am",42.38992,16.0608478,5.7712207,35.030928,0.7470874
"040","7am",33.63227,9.7892856,8.799974,40.597139,7.1813287
"041","7am",53.24759,6.603627,5.3998875,29.394414,5.3544856
"042","7am",53.70948,11.6575948,1.9311421,28.351916,4.3498703
"043","7am",53.90856,5.5280922,3.0811798,32.304667,5.1775004
"044","7am",48.54759,5.9497677,2.2284053,35.890443,7.3837975
"046","7am",58.17632,4.8398029,4.6531626,25.241416,7.0892953
"047","7am",62.44427,3.1642667,6.3720287,24.950826,3.0686119
"049","7am",52.90169,4.8392206,1.9338574,39.611727,0.7135077
"050","7am",62.77935,7.0397054,2.139415,25.022351,3.0191809
"052","7am",62.63558,9.6074938,2.9645312,20.286344,4.5060496
"054","7am",48.08842,2.3381567,12.6851327,25.0743,11.8139888
"055","7am",40.77952,3.6881779,7.7298177,40.116044,7.6864387
"056","7am",47.05057,4.9285599,11.4610185,28.304325,8.2555296
"057","7am",32.69325,17.2427406,10.2522252,25.517475,14.2943132
"058","7am",47.18201,6.289099,6.568541,29.995604,9.9647477
"059","7am",40.90452,4.5510794,10.2077721,32.73487,11.6017635
"060","7am",41.29515,7.1036433,5.5797771,38.112281,7.9091473
"061","7am",49.19906,1.7874097,3.5479806,36.550244,8.9153029
"062","7am",53.43809,6.414782,1.691007,34.93703,3.5190877
"063","7am",44.8073,1.7450251,7.5718809,39.073702,6.8020943
"064","7am",55.26043,1.9356272,4.5273593,28.598736,9.6778501
"065","7am",50.89113,4.3189954,5.7277947,32.275157,6.7869225
"066","7am",51.12992,1.3051154,8.9234674,27.79788,10.8436213
"067","7am",51.28445,4.5183383,4.6597961,32.852624,6.6847905
"068","7am",63.52596,4.4179764,5.9099493,22.151635,3.9944824
"069","7am",62.98817,1.2571765,2.3450846,28.210347,5.1992234
"070","7am",56.97892,16.9890504,4.3338933,17.106025,4.5921106
"071","7am",66.15983,10.7841752,2.708316,15.509667,4.838016
"072","7am",47.11657,3.4317583,3.4713367,39.550945,6.4293945
"073","7am",38.68157,5.9115026,9.0087216,44.164463,2.23374
"074","7am",73.30697,5.7614208,2.2295941,16.428444,2.2735672
"075","7am",53.55775,10.7708572,1.830563,32.57536,1.2654716
"076","7am",49.98755,3.3839808,0,43.965412,2.6630609
"077","7am",41.21492,18.0259678,3.4500948,33.148782,4.1602398
"078","7am",44.50518,18.5317586,3.9924813,28.527424,4.4431577
"079","7am",48.76069,6.124165,6.9890117,30.668186,7.4579462
"080","7am",67.73789,0.9429596,0.5985472,21.143823,9.5767819
"081","7am",63.55032,4.1595704,4.2428362,21.327027,6.7202468
"082","7am",45.77908,3.8356967,1.4164265,40.763372,8.2054211
"083","7am",65.90686,2.7173598,4.4718009,23.127586,3.776391
"001","8am",57.55073,24.5343599,5.7404989,8.463635,3.7107764
"002","8am",72.73858,13.8602243,1.3970886,9.549894,2.4542088
"003","8am",72.78313,10.3546625,3.5593979,10.770156,2.5326487
"004","8am",44.96366,35.8108396,7.7194563,6.894444,4.6116051
"005","8am",38.27417,31.6475102,16.7411178,6.570418,6.7667796
"006","8am",53.00546,14.8564117,7.8582088,21.598052,2.6818685
"007","8am",38.52365,11.1156291,7.9178165,36.442503,6.0003965
"008","8am",45.16834,14.2315851,12.57136,25.729977,2.2987341
"009","8am",40.72937,14.8213004,1.7121461,33.628792,9.1083866
"010","8am",72.91658,3.4430647,2.5951484,17.043267,4.0019358
"011","8am",53.93417,20.8525314,3.8149881,19.148561,2.2497447
"012","8am",33.9182,37.7074205,5.190569,18.0756,5.1082154
"013","8am",29.73656,29.6833135,13.2718867,20.947487,6.36075
"014","8am",71.5266,5.1884515,5.7316808,15.499125,2.0541456
"015","8am",76.46018,4.2563246,6.053762,10.787074,2.4426579
"016","8am",57.38089,7.8926199,11.3816871,7.908353,15.4364488
"019","8am",40.28917,15.4323649,3.6457711,33.158455,7.4742357
"020","8am",54.95256,8.3973476,3.8734285,28.95042,3.8262422
"021","8am",58.3491,23.1738657,3.4707761,13.186465,1.8197954
"022","8am",44.19835,10.5797789,4.1181725,35.111605,5.9920939
"023","8am",31.52335,26.645038,7.5837377,30.112582,4.1352933
"024","8am",55.04886,3.5471521,3.9457443,32.071487,5.3867608
"025","8am",48.77413,2.6163198,5.6363589,40.66636,2.3068358
"026","8am",55.3806,11.3482476,7.4469112,23.898647,1.9255987
"027","8am",38.81498,6.6091273,6.1542406,45.635434,2.7862164
"028","8am",41.32259,6.2726767,7.1120203,41.08015,4.212567
"029","8am",28.71636,57.1839914,1.7164804,10.776756,1.6064144
"030","8am",20.37951,12.6865757,6.2258681,54.733135,5.9749064
"031","8am",47.33666,5.0964964,5.8080184,31.845837,9.9129847
"033","8am",31.87658,17.2775415,7.0807491,38.119093,5.6460405
"034","8am",40.64456,4.0077555,9.7374857,37.543293,8.0669015
"035","8am",62.38117,5.8500554,2.9781882,27.670942,1.1196487
"036","8am",85.85448,3.2908755,2.3193758,6.38721,2.1480627
"037","8am",60.25289,9.1621122,2.6336608,26.604016,1.3473178
"038","8am",45.51869,14.2112126,3.7756695,34.979713,1.5147108
"039","8am",44.05045,11.2933533,7.2698985,36.481712,0.9045839
"040","8am",32.23859,9.2503419,9.841504,40.921537,7.7480227
"041","8am",51.90986,0,5.624083,33.766156,8.6999024
"042","8am",50.8956,13.3465475,2.4949097,29.002577,4.2603635
"043","8am",60.30749,1.4814993,2.783817,29.819512,5.6076855
"044","8am",44.19718,6.7571866,1.2654066,39.394407,8.3858227
"046","8am",55.08388,3.5907131,4.2675173,28.99574,8.0621508
"047","8am",57.12772,3.7230992,6.1813103,29.357324,3.6105511
"049","8am",49.66484,3.0843581,2.2412921,45.009507,0
"050","8am",62.00304,5.1705383,2.2440393,27.022359,3.5600254
"052","8am",57.64117,11.5906013,3.5764476,22.75696,4.4348179
"054","8am",49.4182,1.5255884,11.0709709,24.496257,13.4889831
"055","8am",41.41722,7.3323178,4.9771612,38.832752,7.4405535
"056","8am",46.81034,3.9815046,11.9281666,28.622586,8.6574051
"057","8am",38.52098,16.8751476,9.6918475,22.780843,12.1311825
"058","8am",48.78769,4.819847,6.9566567,29.899786,9.536022
"059","8am",45.17448,5.5671523,9.8789956,28.787176,10.5921988
"060","8am",43.73618,4.3924079,4.0828903,39.442072,8.3464545
"061","8am",48.11002,3.540056,2.8006238,36.98358,8.5657176
"062","8am",47.95138,6.9338138,3.0669892,37.694491,4.3533222
"063","8am",39.86088,0.9316587,9.0168249,42.927444,7.263197
"064","8am",52.83278,2.419536,6.8765795,27.877758,9.9933433
"065","8am",48.42746,3.3958432,5.398485,35.307521,7.4706928
"066","8am",47.72327,2.1381216,9.7925313,29.797196,10.5488793
"067","8am",56.97152,2.7336303,3.9423398,29.689282,6.6632313
"068","8am",55.85314,9.8858375,9.8088384,21.047365,3.4048186
"069","8am",54.72333,4.6865587,5.6568725,26.645147,8.2880959
"070","8am",44.0767,28.1295262,4.1289532,17.903753,5.7610693
"071","8am",68.55485,16.082913,1.7515784,10.852265,2.758394
"072","8am",44.4722,3.6713247,3.7136661,42.124238,6.0185733
"073","8am",34.85713,5.4754441,10.1803653,46.962806,2.5242526
"074","8am",75.94006,6.0680614,1.8035969,14.928802,1.2594834
"075","8am",53.95381,7.5627082,1.8769448,35.308999,1.2975355
"076","8am",45.05961,6.3325972,0,45.628274,2.9795228
"077","8am",40.84314,22.2832827,2.0384983,30.590609,4.2444743
"078","8am",41.34437,21.7360848,4.4677445,28.156415,4.2953831
"079","8am",37.06976,6.8714524,8.3274629,39.601273,8.1300471
"080","8am",60.7354,3.6705217,0.7910804,22.145678,12.6573231
"081","8am",62.74086,3.3522755,4.455274,22.394866,7.056728
"082","8am",46.91668,0.8503031,1.5926509,43.28403,7.3563369
"083","8am",58.26054,4.97569,4.9815455,27.575356,4.2068652
"001","9am",64.57699,18.3356148,5.4358715,9.261988,2.3895362
"002","9am",73.11586,14.5152172,1.2723313,9.235371,1.8612157
"003","9am",73.26706,7.5216008,3.2492974,12.290108,3.6719367
"004","9am",46.73537,34.5262022,6.6044999,7.794988,4.3389422
"005","9am",40.05426,28.5437766,15.0309996,9.601867,6.7690949
"006","9am",54.04166,16.0563514,7.2867234,21.80212,0.8131475
"007","9am",39.11952,12.9526194,7.9118771,34.550815,5.4651673
"008","9am",48.80084,15.0211115,10.2183316,22.472309,3.4874079
"009","9am",42.1455,13.718313,2.275375,33.21767,8.64314
"010","9am",71.55165,4.4348371,3.4695685,16.448857,4.0950863
"011","9am",52.62059,21.8238174,5.5244877,18.788693,1.2424083
"012","9am",34.22742,37.8778776,5.0295504,17.55642,5.3087339
"013","9am",34.29879,28.894433,11.0547448,19.117004,6.635033
"014","9am",75.89542,2.4949705,5.8163128,13.708818,2.0844764
"015","9am",75.75828,4.837403,4.7795431,11.396695,3.2280771
"016","9am",62.20734,5.2502711,10.1074359,6.352331,16.0826168
"019","9am",40.60887,14.5615381,3.5140052,34.165789,7.1497957
"020","9am",53.8854,7.3383168,4.7464313,30.734731,3.2951222
"021","9am",59.88938,23.1090479,4.51045,10.61413,1.8769949
"022","9am",42.81622,8.7989616,2.0853245,40.144063,6.1554287
"023","9am",30.00012,26.3667585,8.5293424,30.848485,4.2552916
"024","9am",53.90887,3.528628,3.9251386,32.55952,6.0778431
"025","9am",42.95442,0.4636628,7.3601676,46.122208,3.0995387
"026","9am",54.00015,10.8320222,6.199683,26.614477,2.3536724
"027","9am",36.54674,5.9790237,7.6683427,45.731246,4.0746508
"028","9am",42.45624,6.4631968,5.7633418,40.976703,4.3405153
"029","9am",31.68082,56.2558215,1.4797211,9.483659,1.0999739
"030","9am",25.70239,12.1537379,6.2799568,49.837103,6.0268147
"031","9am",43.9595,4.7488919,5.6509908,36.695606,8.9450109
"033","9am",31.23369,18.3233567,6.5452869,37.744204,6.1534671
"034","9am",38.25551,4.9824482,12.6533905,36.890482,7.2181644
"035","9am",62.27393,5.2354976,2.6653247,28.315019,1.5102315
"036","9am",87.59424,2.5280833,2.5364897,4.803576,2.5376128
"037","9am",61.12084,10.1006092,2.5254073,24.356489,1.8966577
"038","9am",45.7881,13.8464885,2.1979209,34.881425,3.2860681
"039","9am",44.40137,11.3605924,7.9126107,35.435095,0.890333
"040","9am",34.24953,9.223854,9.8913144,39.575367,7.059936
"041","9am",42.21954,0,7.0196036,43.800276,6.9605832
"042","9am",50.31336,14.0885956,1.9681015,29.132714,4.4972334
"043","9am",62.75315,1.4524773,3.3392689,26.680435,5.774668
"044","9am",44.52919,6.3487105,1.3226603,39.034197,8.7652418
"046","9am",54.57642,3.8307545,4.5528035,29.531569,7.5084494
"047","9am",53.37459,4.0576061,6.800762,31.832091,3.934946
"049","9am",47.68895,3.9556875,2.2192316,45.608018,0.5281106
"050","9am",61.36528,6.1931724,2.3335564,27.001327,3.1066669
"052","9am",58.68,11.8600737,3.0037183,22.661901,3.7943029
"054","9am",52.84726,2.0793891,10.6893944,21.359894,13.0240663
"055","9am",42.04976,7.9759153,5.5732019,36.307466,8.0936514
"056","9am",48.05433,7.4298771,10.12818,25.387931,8.9996798
"057","9am",37.25442,16.4251615,10.1931661,23.856676,12.2705733
"058","9am",45.73007,6.2661025,7.4162206,31.439543,9.1480604
"059","9am",46.74769,4.635347,9.3032559,29.502299,9.8114105
"060","9am",42.5589,4.6874288,4.3571222,40.227885,8.1686624
"061","9am",45.54542,3.7936826,4.0322002,37.800341,8.8283604
"062","9am",48.34056,5.8547738,2.4694911,40.153547,3.1816306
"063","9am",45.21404,0.9043223,10.0451196,38.004642,5.8318767
"064","9am",48.98654,2.3779155,6.7582897,32.055811,9.8214394
"065","9am",47.28129,3.5725543,5.6794085,35.6073,7.8594487
"066","9am",48.76103,2.2122317,8.7343208,30.669179,9.6232369
"067","9am",58.04673,2.7563641,4.6833951,28.519649,5.9938652
"068","9am",62.65396,8.4377618,7.7952473,17.871265,3.2417659
"069","9am",54.01612,3.3661354,4.4194959,29.5363,8.6619528
"070","9am",41.35618,30.1659729,5.3862213,16.82221,6.269413
"071","9am",67.73076,15.1251337,2.5906847,11.967791,2.5856352
"072","9am",46.53579,4.3216155,3.332328,40.916095,4.8941751
"073","9am",31.86437,5.709784,10.6160681,47.882755,3.9270207
"074","9am",76.54642,5.0867088,1.6716004,15.527963,1.1673079
"075","9am",54.27473,7.8118496,3.2830341,33.361782,1.2686073
"076","9am",50.10468,7.7113223,0,40.991373,1.1926258
"077","9am",46.62569,21.830848,0.5641975,28.491213,2.4880549
"078","9am",41.23271,24.0186641,2.8410633,28.162739,3.7448222
"079","9am",38.96959,4.3607801,7.4888258,39.979521,9.2012811
"080","9am",59.03003,2.5144427,0.8205146,24.506742,13.1282718
"081","9am",60.76386,3.7104394,3.807216,23.907804,7.8106831
"082","9am",43.46063,0.8354926,1.5649102,48.74815,5.3908152
"083","9am",57.54182,7.0228013,4.8290346,23.962499,6.6438449
"001","10am",66.67139,15.6727958,6.4682843,8.603845,2.583686
"002","10am",73.35569,15.0755412,0.8506692,8.65312,2.064982
"003","10am",72.91929,8.3868738,3.7255634,11.783009,3.185263
"004","10am",46.97735,32.1887906,7.3555287,9.171063,4.307264
"005","10am",41.68929,23.9387588,19.0653964,9.250867,6.055691
"006","10am",52.97597,15.5671484,7.5969908,21.976565,1.883325
"007","10am",38.90744,12.0363823,8.7457829,34.579411,5.730982
"008","10am",49.60812,15.4448097,9.7920666,22.608245,2.546754
"009","10am",44.22231,13.1380051,2.2934548,31.63441,8.711817
"010","10am",69.45681,5.773442,4.2965702,16.744523,3.728653
"011","10am",53.46808,22.6478234,4.4676247,16.999434,2.417041
"012","10am",32.89117,37.6522335,5.220064,18.230174,6.006357
"013","10am",36.15133,30.4711735,9.3422061,16.262414,7.77288
"014","10am",75.54498,1.7391057,7.2626336,14.137503,1.315775
"015","10am",74.46532,4.4785486,4.8436096,13.924182,2.288342
"016","10am",61.00575,6.2501708,10.4077931,6.735817,15.600467
"019","10am",39.60359,14.3900427,4.2840169,35.26742,6.454934
"020","10am",53.37436,7.0076703,6.1876376,30.966667,2.463663
"021","10am",57.55658,24.5289766,4.7625771,11.574962,1.576902
"022","10am",42.41075,9.123773,2.1179429,40.095826,6.251711
"023","10am",30.68817,25.6332128,6.9321114,31.981813,4.76469
"024","10am",50.6991,1.4937973,4.648005,35.677179,7.481918
"025","10am",44.049,0.4840547,6.7065202,44.91895,3.841478
"026","10am",54.05743,9.3977273,8.9409285,25.223144,2.380773
"027","10am",37.78963,5.3862633,6.2992684,47.222394,3.302448
"028","10am",41.00122,4.0075272,5.8188386,44.790107,4.382311
"029","10am",30.2246,58.1912776,1.3762169,8.831422,1.376489
"030","10am",26.79513,12.9023526,3.6179721,50.286509,6.398039
"031","10am",43.7475,3.4586022,8.3835748,35.011832,9.398492
"033","10am",27.03355,16.940914,7.057399,43.382841,5.585295
"034","10am",39.04695,4.9236801,12.3445821,37.40082,6.283972
"035","10am",61.83534,4.7375914,3.9629322,28.418186,1.04595
"036","10am",88.44873,2.7609714,2.4964197,4.195008,2.098867
"037","10am",63.31205,10.2083151,2.2308883,22.654981,1.593762
"038","10am",42.81512,11.0989463,2.0896491,40.872092,3.124193
"039","10am",44.74689,11.5505221,8.0708247,34.541362,1.090405
"040","10am",35.97889,8.6474174,6.9216585,40.290517,8.161515
"041","10am",45.51941,0,5.3531701,43.953196,5.174219
"042","10am",52.90141,14.0015315,1.9842263,26.643387,4.469442
"043","10am",63.50511,0,1.9540323,29.660468,4.880393
"044","10am",51.40696,5.6484781,2.3535544,34.756585,5.834419
"046","10am",55.85686,3.788048,4.5020473,28.428299,7.424743
"047","10am",55.52208,3.664004,5.3506403,31.910031,3.553242
"049","10am",47.81398,3.8866697,2.180511,44.139013,1.979826
"050","10am",63.33289,7.4926316,1.9799062,23.873798,3.320772
"052","10am",57.36383,11.6580182,2.9525451,23.208234,4.817376
"054","10am",51.5973,2.1091583,11.4574905,21.625527,13.210523
"055","10am",40.98298,8.196307,5.7272015,36.776218,8.317296
"056","10am",45.26948,7.4510243,10.4097437,27.001505,9.86825
"057","10am",36.74937,16.3735525,8.5273274,24.542399,13.807351
"058","10am",42.68279,7.3860595,6.4277754,33.801913,9.70146
"059","10am",49.03571,3.8146828,8.3174509,27.529916,11.302241
"060","10am",41.46456,4.5820837,4.4790849,41.489194,7.98508
"061","10am",45.37187,3.7496821,3.9854332,38.214281,8.67873
"062","10am",48.386,6.0337851,2.2332412,40.068065,3.27891
"063","10am",41.06328,0.9639951,10.6438464,37.988484,9.340398
"064","10am",50.08245,2.5240881,6.2055305,32.473075,8.714857
"065","10am",48.227,3.5581694,4.7068396,35.680193,7.827803
"066","10am",48.66699,2.1991351,8.6826129,31.613137,8.838122
"067","10am",60.58807,2.8080543,5.7466806,25.614173,5.243019
"068","10am",61.47201,7.7171354,7.1294948,21.214654,2.466706
"069","10am",47.38926,4.4410934,4.9159212,34.725962,8.527759
"070","10am",41.91457,30.0753559,5.3160972,17.696971,4.99701
"071","10am",69.01403,14.514954,2.0277548,11.877642,2.56562
"072","10am",42.07063,4.3144416,3.2033537,43.478872,6.932702
"073","10am",34.04802,5.6894937,9.1484388,46.101378,5.012673
"074","10am",78.10543,5.1437993,0.6607916,14.302232,1.787746
"075","10am",54.50023,8.2042907,4.1682604,31.252005,1.875218
"076","10am",48.4053,6.970831,0,43.396686,1.227187
"077","10am",46.15717,20.5613477,1.1315271,29.911171,2.238784
"078","10am",38.66334,24.6337363,0,32.695072,4.007857
"079","10am",29.94924,4.8117215,7.1951987,47.891066,10.152771
"080","10am",59.77565,2.5840261,0.8432211,22.48297,14.314137
"081","10am",64.76272,4.5008074,2.8339445,21.375246,6.527278
"082","10am",36.40573,0.8924047,1.9548763,47.837344,12.909643
"083","10am",60.38001,7.1683437,4.9291128,23.359943,4.162586
"001","11am",61.87885,18.2727989,7.237705,8.725437,3.885211
"002","11am",70.47951,14.9141891,2.5252257,9.936583,2.1444911
"003","11am",70.8387,8.2633586,4.8515638,13.206915,2.83946
"004","11am",48.23625,34.4937035,4.1557471,8.125632,4.9886668
"005","11am",42.04521,28.9192369,15.7374473,7.247756,6.0503531
"006","11am",53.62212,15.8409461,7.3866879,20.772103,2.3781439
"007","11am",40.19918,13.9122375,6.8027778,32.772203,6.3135987
"008","11am",50.06432,12.4256038,10.1740442,24.092885,3.2431459
"009","11am",47.75716,10.8502296,1.7538217,30.27735,9.3614357
"010","11am",74.09413,6.0003891,3.5524356,13.800049,2.5530002
"011","11am",53.09356,22.5723641,4.5351858,17.906188,1.8927068
"012","11am",34.12536,36.1817711,4.7848001,19.402541,5.5055293
"013","11am",34.47571,25.1391316,14.9416868,18.291896,7.1515746
"014","11am",71.71923,2.1758061,8.4636407,15.945181,1.696143
"015","11am",75.75999,5.0753013,5.3382064,11.423511,2.4029888
"016","11am",61.38229,7.6442374,11.023503,8.192762,11.7572072
"019","11am",43.6565,13.6299547,3.1176669,32.445051,7.1508243
"020","11am",54.61545,6.7207474,3.6144683,31.935373,3.1139569
"021","11am",58.44099,26.3650922,3.0978073,10.252408,1.8437048
"022","11am",41.41296,9.5161678,2.2340197,39.784292,7.0525636
"023","11am",28.11838,28.0585798,9.0416726,30.87717,3.9041947
"024","11am",56.60235,2.2009457,3.2938857,31.069209,6.8336087
"025","11am",46.20716,0.5244894,5.9235881,43.611831,3.7329296
"026","11am",56.71789,11.0061686,6.2858179,24.10951,1.8806149
"027","11am",37.04037,6.9190306,5.6613048,46.934888,3.4444071
"028","11am",38.56933,7.1173185,7.8928391,42.172868,4.24764
"029","11am",30.68056,57.5619264,1.2405319,9.063991,1.4529889
"030","11am",28.69712,11.6127512,6.0004236,50.002069,3.6876317
"031","11am",45.77067,2.4772328,5.7088011,37.910914,8.1323805
"033","11am",31.07362,16.2938895,8.4605744,39.934496,4.2374193
"034","11am",40.05627,4.3179095,9.232128,39.783241,6.610454
"035","11am",61.37018,4.7607066,5.0110472,27.807016,1.0510534
"036","11am",87.0136,3.0189579,2.3543094,5.791873,1.8212601
"037","11am",64.3179,8.0426158,2.4722873,23.584476,1.5827174
"038","11am",48.71754,11.9977612,0.4757217,35.565689,3.2432876
"039","11am",45.21748,12.2331103,7.9604079,34.169031,0.4199668
"040","11am",34.43622,7.8293904,8.8545206,41.49042,7.3894529
"041","11am",47.53717,0,5.9851114,40.550599,5.9271154
"042","11am",49.96696,13.0527927,1.9414884,30.099079,4.9396826
"043","11am",61.05338,1.4451467,3.6623058,27.659428,6.1797399
"044","11am",51.30297,2.6079142,2.8343983,37.186995,6.0677178
"046","11am",56.58043,3.4924259,5.1468627,28.799696,5.9805892
"047","11am",53.53066,4.0302346,6.6912347,34.445069,1.3028006
"049","11am",51.00923,4.0523222,2.781165,41.123318,1.0339695
"050","11am",61.121,7.3897819,1.7213206,26.49271,3.2751883
"052","11am",55.39887,11.7818469,2.9839063,23.867569,5.9678127
"054","11am",46.64776,1.412975,13.1560706,25.581433,13.2017566
"055","11am",41.19084,8.2885666,5.7916682,37.730698,6.9982278
"056","11am",41.73882,6.9423026,12.0167352,31.718698,7.5834407
"057","11am",35.98609,17.021509,9.5095986,23.774237,13.7085663
"058","11am",40.68832,8.1839344,7.3241796,32.260771,11.5427934
"059","11am",51.90183,4.3379214,6.8012729,24.829316,12.1296607
"060","11am",41.43088,4.2902838,5.0755565,43.162538,6.0407387
"061","11am",44.20201,3.6395581,3.8683854,39.529414,8.7606298
"062","11am",49.22951,5.7790983,1.224138,40.626746,3.1405066
"063","11am",40.13527,0.9900064,8.951034,41.680778,8.2429083
"064","11am",49.83879,2.4906153,7.5338783,30.596286,9.540426
"065","11am",45.66604,3.8039527,5.0319682,37.129528,8.3685142
"066","11am",53.51619,2.2237746,9.0326263,26.290257,8.9371468
"067","11am",57.18948,2.7521005,5.2889461,28.061219,6.7082523
"068","11am",60.42372,8.9442137,8.2631342,19.509999,2.8589296
"069","11am",46.98071,12.6309892,2.163001,26.703648,11.5216552
"070","11am",43.11156,27.810808,4.8759509,19.208834,4.9928455
"071","11am",67.79212,17.9876498,1.6969425,9.95386,2.5694296
"072","11am",42.27873,4.6340463,3.7884711,43.274345,6.02441
"073","11am",34.71143,5.5130048,7.3333229,48.138215,4.3040304
"074","11am",79.7818,5.8400855,1.1246107,11.993105,1.2603937
"075","11am",54.58654,8.5428316,2.6455276,31.281761,2.9433423
"076","11am",40.30623,14.562341,0,42.658613,2.4728129
"077","11am",45.74839,19.6024577,1.7058916,29.368825,3.5744406
"078","11am",37.41153,24.8034315,2.0971078,30.932881,4.755053
"079","11am",33.33039,4.2167288,7.2414447,44.697775,10.5136587
"080","11am",55.58747,2.5187898,0.8219332,29.836783,11.2350232
"081","11am",60.31022,5.7037791,4.0459088,23.821468,6.1186207
"082","11am",35.58254,0.9073506,2.1939029,48.190354,13.1258509
"083","11am",56.76875,6.8902575,4.7378946,27.601992,4.0011045
"001","12am",62.37281,19.5731835,4.7586997,9.897677,3.3976336
"002","12am",70.31087,14.8428379,3.975341,8.804772,2.0661775
"003","12am",75.2369,8.3966998,3.3811172,10.881417,2.1038706
"004","12am",47.3035,35.2890785,5.3138758,8.1333,3.9602423
"005","12am",41.58157,31.7619504,13.3380142,5.399908,7.9185559
"006","12am",53.05003,15.7636128,6.5776486,22.237513,2.371196
"007","12am",38.26092,11.3345296,7.0333631,37.273207,6.0979778
"008","12am",49.2778,10.8818973,10.9325209,25.565628,3.3421499
"009","12am",40.25966,13.4973794,3.195992,33.109411,9.9375551
"010","12am",72.13181,7.568556,5.7024804,12.250487,2.3466625
"011","12am",51.82093,21.7130827,4.1316458,19.978306,2.3560393
"012","12am",36.79203,32.0510859,5.2535807,19.721039,6.1822642
"013","12am",30.4844,28.2482395,11.6325239,22.705248,6.9295847
"014","12am",71.90364,4.4934742,6.7182609,14.815334,2.0692915
"015","12am",74.8554,4.8841803,6.9096228,11.177808,2.1729886
"016","12am",54.81301,8.0889643,11.5128029,11.221218,14.36401
"019","12am",43.06228,9.7904474,3.2689789,36.380413,7.4978806
"020","12am",51.3359,7.9422626,3.2352481,33.530958,3.9556332
"021","12am",61.93391,22.850265,3.2414187,10.204743,1.7696654
"022","12am",41.8216,14.2978776,2.4397794,35.383949,6.0567886
"023","12am",31.01564,25.5925104,6.9081532,33.356717,3.1269801
"024","12am",52.69348,4.6005276,1.4755188,33.85631,7.3741648
"025","12am",54.48783,3.460096,5.0671645,35.416349,1.5685625
"026","12am",52.97886,9.8834534,7.0204506,28.231865,1.8853707
"027","12am",38.14173,6.4353129,6.4757789,45.458813,3.4883687
"028","12am",42.34105,8.7997336,7.2816104,37.446892,4.1307119
"029","12am",31.04548,55.5769757,2.0207238,10.179104,1.1777192
"030","12am",30.29917,9.9759638,6.6860025,48.729821,4.3090417
"031","12am",45.07011,5.5207675,5.7765373,35.403717,8.228873
"033","12am",33.94012,15.3063555,8.7531509,36.260563,5.7398119
"034","12am",40.2374,7.9389807,10.2172032,36.138796,5.4676206
"035","12am",63.22447,5.3615219,3.8135069,26.498769,1.101728
"036","12am",84.15769,3.8440817,2.5439363,7.26057,2.1937248
"037","12am",62.14036,9.0290998,2.9104526,24.43205,1.4880329
"038","12am",49.28348,11.2191903,0.4851924,35.704284,3.3078554
"039","12am",44.21682,11.7062352,8.9308244,34.728033,0.4180845
"040","12am",37.94434,8.9725927,8.8977046,37.765911,6.4194499
"041","12am",56.05728,0.8329799,6.375949,31.826678,4.9071132
"042","12am",50.6955,12.6312144,2.2322345,31.681366,2.7596797
"043","12am",58.79755,1.521929,2.5904702,31.322299,5.7677482
"044","12am",47.2958,7.5267487,2.4421401,36.316788,6.4185232
"046","12am",55.37902,3.367478,4.9627243,28.729853,7.5609259
"047","12am",54.14867,3.8040252,6.3156684,33.272284,2.4593538
"049","12am",53.27312,6.3480107,1.8565417,37.588951,0.9333753
"050","12am",59.11504,7.8810193,1.7250777,27.367485,3.9113746
"052","12am",52.62129,11.811304,3.9752603,25.377908,6.2142371
"054","12am",46.95675,2.2453445,13.2400401,25.808638,11.7492243
"055","12am",32.27442,7.4563367,9.6115505,44.362135,6.2955569
"056","12am",43.48278,9.5843356,7.7356482,30.278307,8.918924
"057","12am",40.89598,13.7180392,8.0898455,23.611921,13.6842181
"058","12am",40.42228,8.2110035,7.3208305,32.939889,11.106002
