"district","hour","age1","age2","age3","age4"
"001","4am",6.777778,18.666667,52.22222,22.333333
"003","4am",6.934813,18.723994,52.70458,21.636616
"004","4am",10.27027,18.738739,50.54054,20.45045
"005","4am",8.115942,19.275362,50.28986,22.318841
"006","4am",9.858044,17.271293,48.81703,24.053628
"007","4am",10.078878,20.157756,49.34268,20.420684
"010","4am",13.630573,10.573248,37.45223,38.343949
"011","4am",15.357143,10.892857,49.10714,24.642857
"012","4am",11.484772,8.883249,45.81218,33.819797
"013","4am",15.985577,18.870192,44.47115,20.673077
"014","4am",16.467463,6.108898,61.62019,15.803453
"015","4am",10.866575,10.591472,61.62311,16.918845
"016","4am",15.547264,13.308458,50.12438,21.0199
"017","4am",13.01273,12.729844,58.55728,15.700141
"018","4am",14.051095,10.766423,46.89781,28.284672
"019","4am",12.331407,13.102119,48.65125,25.915222
"020","4am",9.028728,15.731874,40.90287,34.336525
"021","4am",10.116732,11.024643,46.0441,32.814527
"023","4am",19.385797,10.940499,62.1881,7.485605
"024","4am",14.946619,10.320285,55.16014,19.572954
"025","4am",8.010336,9.043928,50.3876,32.55814
"026","4am",17.274168,14.421553,59.74643,8.557845
"027","4am",13.019892,13.924051,62.38698,10.669078
"028","4am",11.913357,14.801444,60.28881,12.99639
"029","4am",16.435185,11.226852,59.375,12.962963
"030","4am",16.480163,9.664293,55.84944,18.006104
"031","4am",11.505682,10.511364,52.13068,25.852273
"032","4am",13.892365,19.774718,49.68711,16.645807
"033","4am",11.705202,17.196532,49.13295,21.965318
"034","4am",14.595376,13.00578,59.68208,12.716763
"035","4am",12.295082,13.442623,48.68852,25.57377
"036","4am",16.634615,12.019231,57.40385,13.942308
"037","4am",12.983152,10.406343,52.72547,23.885035
"038","4am",16.472114,12.840467,60.18158,10.505837
"039","4am",13.274336,13.982301,61.23894,11.504425
"040","4am",16.232227,18.957346,57.34597,7.464455
"041","4am",14.309211,21.710526,54.60526,9.375
"042","4am",16.736402,8.472803,64.12134,10.669456
"043","4am",13.9,11.1,54.9,20.1
"044","4am",11.606096,9.378664,50.52755,28.487691
"045","4am",10.160428,8.55615,61.31907,19.964349
"046","4am",11.083123,14.483627,57.17884,17.254408
"047","4am",18.233083,13.157895,54.88722,13.721805
"048","4am",11.079545,11.221591,56.67614,21.022727
"049","4am",16.904762,10.595238,60.95238,11.547619
"050","4am",14.992272,8.809892,58.11437,18.083462
"051","4am",12.224939,18.581907,58.92421,10.268949
"052","4am",14.705882,12.815126,61.02941,11.44958
"053","4am",14.756944,12.326389,65.10417,7.8125
"054","4am",12.852665,15.047022,57.68025,14.420063
"055","4am",11.910112,18.876404,58.65169,10.561798
"056","4am",13.078471,19.517103,56.13682,11.267606
"059","4am",12,20,58.78261,9.217391
"060","4am",10.273973,13.527397,61.64384,14.554795
"061","4am",14.62585,5.782313,66.15646,13.435374
"062","4am",9.142857,12.571429,63.80952,14.47619
"063","4am",11.211573,12.658228,57.86618,18.264014
"064","4am",14.464286,7.142857,52.5,25.892857
"065","4am",11.580882,7.720588,59.92647,20.772059
"066","4am",10.565635,14.727855,52.18783,22.518677
"067","4am",12.093863,13.718412,55.77617,18.411552
"068","4am",10.964912,9.210526,54.82456,25
"069","4am",5.964215,11.928429,60.63618,21.471173
"070","4am",11.24031,13.856589,44.86434,30.03876
"071","4am",11.067194,11.660079,47.82609,29.44664
"072","4am",16.640986,5.546995,49.92296,27.88906
"073","4am",26.59176,21.161049,32.9588,19.28839
"074","4am",11.319149,9.957447,53.61702,25.106383
"075","4am",9.195402,15.1341,55.9387,19.731801
"076","4am",11.867365,15.532286,57.76614,14.834206
"001","5am",6.98174,18.689581,52.8464,21.482277
"003","5am",6.693989,18.442623,53.4153,21.448087
"004","5am",10.209663,18.869644,50.31905,20.601641
"005","5am",8.163265,18.658892,50.72886,22.44898
"006","5am",10.032103,17.17496,48.47512,24.317817
"007","5am",10.087719,19.824561,49.64912,20.438596
"010","5am",13.333333,10.617284,38.64198,37.407407
"011","5am",15.452931,10.834813,49.20071,24.511545
"012","5am",11.40854,8.731676,46.01657,33.843212
"013","5am",15.688623,18.802395,44.91018,20.598802
"014","5am",16.489362,6.117021,61.30319,16.090426
"015","5am",11.079944,10.659187,61.15007,17.110799
"016","5am",15.617128,13.476071,49.62217,21.284635
"017","5am",12.987013,12.698413,58.29726,16.017316
"018","5am",14.074074,10.740741,46.48148,28.703704
"019","5am",12.512219,13.196481,48.09384,26.197458
"020","5am",8.653846,15.796703,41.07143,34.478022
"021","5am",10.103627,10.880829,46.24352,32.772021
"023","5am",19.615385,10.961538,62.01923,7.403846
"024","5am",15.135135,10.09009,54.95495,19.81982
"025","5am",8,9.066667,49.06667,33.866667
"026","5am",17.532468,14.61039,58.76623,9.090909
"027","5am",13.320826,13.69606,61.9137,11.069418
"028","5am",12.154696,14.732965,59.85267,13.259669
"029","5am",16.569428,11.318553,59.39323,12.718786
"030","5am",16.125761,9.634888,56.08519,18.154158
"031","5am",11.428571,10.571429,52,26
"032","5am",13.80597,19.776119,49.87562,16.542289
"033","5am",11.739745,17.397454,49.22207,21.640736
"034","5am",14.744526,12.992701,59.85401,12.408759
"035","5am",12.050078,14.241002,49.45227,24.256651
"036","5am",16.747338,11.907067,57.40561,13.939981
"037","5am",12.955466,10.62753,52.12551,24.291498
"038","5am",16.733068,12.881806,59.62815,10.756972
"039","5am",13.729128,14.100186,60.11132,12.059369
"040","5am",16.464891,19.007264,57.02179,7.506053
"041","5am",14.814815,21.717172,54.0404,9.427609
"042","5am",16.718588,8.411215,64.2783,10.5919
"043","5am",13.852376,11.122346,54.70172,20.323559
"044","5am",11.764706,9.411765,50.35294,28.470588
"045","5am",10.200364,8.743169,60.65574,20.400729
"046","5am",11.280101,14.702155,56.65399,17.363752
"047","5am",18.945312,13.085938,53.90625,14.0625
"048","5am",11.126961,11.269615,56.77603,20.827389
"049","5am",17.034314,10.539216,60.53922,11.887255
"050","5am",14.779874,9.119497,57.7044,18.396226
"051","5am",12.25,18,59.25,10.5
"052","5am",14.494265,12.721585,61.41814,11.366006
"053","5am",14.893617,12.411348,64.89362,7.801418
"054","5am",12.933754,15.141956,57.41325,14.511041
"055","5am",12.171838,18.854415,57.75656,11.217184
"056","5am",12.936345,19.096509,56.46817,11.498973
"059","5am",11.937716,20.415225,58.47751,9.16955
"060","5am",10.26087,13.043478,61.91304,14.782609
"061","5am",14.904679,5.892548,65.85789,13.344887
"062","5am",9.325397,12.301587,63.29365,15.079365
"063","5am",11.090573,12.384473,57.85582,18.669131
"064","5am",14.571949,6.921676,52.09472,26.411658
"065","5am",11.466165,7.330827,59.96241,21.240602
"066","5am",10.893246,14.379085,51.85185,22.875817
"067","5am",12.453532,13.568773,54.83271,19.144981
"068","5am",10.714286,9.151786,54.6875,25.446429
"069","5am",5.838041,12.617702,61.20527,20.338983
"070","5am",11.186114,13.789778,45.22662,29.797493
"071","5am",10.916179,11.890838,48.14815,29.044834
"072","5am",16.717791,5.828221,50,27.453988
"073","5am",26.353791,20.758123,34.29603,18.592058
"074","5am",11.349957,9.630267,53.56836,25.451419
"075","5am",9.411765,14.705882,55.68627,20.196078
"076","5am",11.785714,15.357143,57.67857,15.178571
"001","6am",6.400742,17.903525,56.86456,18.831169
"003","6am",6.413302,17.458432,57.36342,18.764846
"004","6am",10.899183,18.52861,50.22707,20.345141
"005","6am",7.843137,18.487395,51.96078,21.708683
"006","6am",11.018364,17.028381,46.91152,25.041736
"007","6am",9.912281,19.298246,50,20.789474
"010","6am",11.924686,11.192469,44.56067,32.322176
"011","6am",14.802632,11.842105,50.65789,22.697368
"012","6am",11.247576,8.726568,45.83064,34.195217
"013","6am",15.309842,18.226002,45.56501,20.899149
"014","6am",16.551724,5.793103,61.24138,16.413793
"015","6am",10.559006,9.782609,60.86957,18.78882
"016","6am",14.819945,13.573407,48.75346,22.853186
"017","6am",12.980769,12.820513,56.41026,17.788462
"018","6am",14.257812,10.9375,44.92188,29.882812
"019","6am",12.959184,12.755102,46.73469,27.55102
"020","6am",8.498584,15.155807,40.7932,35.552408
"021","6am",9.656085,10.185185,46.8254,33.333333
"023","6am",19.544984,10.858325,61.53051,8.066184
"024","6am",14.872798,9.784736,54.20744,21.135029
"025","6am",8.285714,8.857143,47.71429,35.142857
"026","6am",18.441065,14.068441,57.03422,10.456274
"027","6am",14.255319,12.553191,60.6383,12.553191
"028","6am",12.5,13.91129,59.07258,14.516129
"029","6am",15.976331,11.12426,59.52663,13.372781
"030","6am",16.187433,9.584665,55.27157,18.956337
"031","6am",10.75419,10.75419,53.49162,25
"032","6am",14.33869,19.406675,49.9382,16.31644
"033","6am",10.752688,16.801075,51.6129,20.833333
"034","6am",14.701378,12.098009,59.72435,13.476263
"035","6am",11.185087,13.315579,54.46072,21.038615
"036","6am",16.403785,12.092534,56.46688,15.036803
"037","6am",13.091309,10.231023,50.49505,26.182618
"038","6am",16.35514,12.928349,58.72274,11.993769
"039","6am",13.432836,14.285714,58.42217,13.859275
"040","6am",17.130307,18.594436,55.34407,8.931186
"041","6am",16.565657,21.616162,50.50505,11.313131
"042","6am",15.949633,10.178384,62.95908,10.912907
"043","6am",14.132762,11.24197,53.74732,20.877944
"044","6am",12.456345,9.19674,49.82538,28.521537
"045","6am",9.45674,8.651911,59.55734,22.334004
"046","6am",11.60221,14.502762,55.1105,18.78453
"047","6am",20.132743,12.831858,51.54867,15.486726
"048","6am",10.329986,12.05165,56.52798,21.090387
"049","6am",18.072289,10.174029,59.03614,12.717537
"050","6am",15.008432,8.431703,57.50422,19.055649
"051","6am",12.753623,18.550725,57.10145,11.594203
"052","6am",13.449024,13.123644,61.27983,12.147505
"053","6am",15.337423,11.860941,64.21268,8.588957
"054","6am",10.071942,14.388489,59.35252,16.18705
"055","6am",12.60274,18.630137,56.16438,12.60274
"056","6am",13.646532,18.791946,54.80984,12.751678
"059","6am",10.897436,21.474359,59.13462,8.49359
"060","6am",10.381356,11.228814,60.59322,17.79661
"061","6am",14.694656,6.679389,64.31298,14.312977
"062","6am",9.855769,12.5,60.09615,17.548077
"063","6am",11.24498,11.646586,56.62651,20.481928
"064","6am",13.178295,6.782946,51.93798,28.100775
"065","6am",12.311015,7.12743,57.4514,23.110151
"066","6am",11.150652,14.116251,50.17794,24.55516
"067","6am",12.550607,12.753036,54.65587,20.040486
"068","6am",10.757946,8.557457,53.30073,27.383863
"069","6am",6.606607,13.513514,62.16216,17.717718
"070","6am",11.56015,13.533835,45.86466,29.041353
"071","6am",14.930556,11.458333,47.74306,25.868056
"072","6am",16.09538,5.514158,51.86289,26.527571
"073","6am",29.25072,19.164265,36.16715,15.417867
"074","6am",11.332729,10.063463,52.13055,26.473255
"075","6am",9.55414,13.375796,55.41401,21.656051
"076","6am",12.631579,13.473684,56,17.894737
"001","7am",6.666667,16.666667,64.10714,12.559524
"003","7am",5.799503,18.724109,61.64043,13.835957
"004","7am",9.488372,17.116279,53.02326,20.372093
"005","7am",11.723329,18.640094,51.11372,18.52286
"006","7am",18.95535,14.490312,41.87026,24.684078
"007","7am",8.633094,16.906475,53.41727,21.043165
"010","7am",10.014409,13.184438,53.81844,22.982709
"011","7am",10.570236,14.047288,55.35466,20.027816
"012","7am",9.483369,8.704883,46.00142,35.810333
"013","7am",14.041995,14.698163,48.4252,22.834646
"014","7am",15.427509,5.204461,58.17844,21.189591
"015","7am",9.15493,8.978873,60.73944,21.126761
"016","7am",12.647555,12.478921,47.55481,27.318718
"017","7am",14.256198,10.950413,52.89256,21.900826
"018","7am",13.02521,9.87395,44.95798,32.142857
"019","7am",15.888889,10.888889,43.88889,29.333333
"020","7am",8.383234,12.57485,41.76647,37.275449
"021","7am",8.661417,10.498688,48.16273,32.677165
"023","7am",16.165414,11.904762,61.15288,10.776942
"024","7am",12.880562,7.728337,55.03513,24.355972
"025","7am",7.666667,6.666667,46.33333,39.333333
"026","7am",18.624642,11.461318,55.30086,14.613181
"027","7am",13.821138,10.569106,59.6206,15.98916
"028","7am",11.827957,12.096774,56.98925,19.086022
"029","7am",14.285714,12.142857,57.42857,16.142857
"030","7am",15.620999,8.962868,53.00896,22.40717
"031","7am",8.588957,12.638037,56.68712,22.08589
"032","7am",12.601626,17.073171,52.16802,18.157182
"033","7am",8.64799,17.295981,55.29842,18.757613
"034","7am",16.123188,11.956522,57.24638,14.673913
"035","7am",7.941484,12.748171,62.06897,17.241379
"036","7am",16.584767,11.670762,54.29975,17.444717
"037","7am",13.325031,9.339975,48.3188,29.016189
"038","7am",16.157205,11.353712,56.11354,16.375546
"039","7am",13.612565,14.136126,55.75916,16.492147
"040","7am",16.981132,16.792453,55.28302,10.943396
"041","7am",17.010309,21.134021,47.68041,14.175258
"042","7am",17.889908,11.811927,58.60092,11.697248
"043","7am",17.84897,11.899314,48.28375,21.967963
"044","7am",11.247637,10.869565,54.82042,23.062382
"045","7am",9.070295,9.297052,56.46259,25.170068
"046","7am",10.97561,13.109756,55.33537,20.579268
"047","7am",18.965517,10.344828,51.72414,18.965517
"048","7am",11.829436,11.416781,57.08391,19.669876
"049","7am",19.055375,8.957655,56.35179,15.635179
"050","7am",13.894325,8.414873,55.5773,22.113503
"051","7am",11.153846,18.076923,55,15.769231
"052","7am",12.645161,14.064516,58.96774,14.322581
"053","7am",14.759036,10.240964,62.6506,12.349398
"054","7am",7.627119,13.983051,59.32203,19.067797
"055","7am",12.99639,14.440433,56.6787,15.884477
"056","7am",12.737127,16.531165,56.09756,14.634146
"059","7am",8.864697,21.92846,60.96423,8.242613
"060","7am",8.947368,10.526316,58.68421,21.842105
"061","7am",14.074074,6.419753,61.97531,17.530864
"062","7am",9.509202,12.576687,55.82822,22.08589
"063","7am",10.672854,9.74478,56.14849,23.433875
"064","7am",11.958763,5.979381,52.57732,29.484536
"065","7am",10.810811,7.371007,56.01966,25.798526
"066","7am",10.215054,14.247312,48.11828,27.419355
"067","7am",11.876485,9.738717,54.15677,24.228029
"068","7am",10.404624,8.959538,50,30.635838
"069","7am",6.546275,15.914221,63.20542,14.334086
"070","7am",11.148365,12.908634,50.3772,25.565801
"071","7am",26.76399,10.583942,43.18735,19.46472
"072","7am",14.363144,8.130081,53.79404,23.712737
"073","7am",39.271576,15.67696,35.94616,9.105305
"074","7am",11.422846,9.218437,51.002,28.356713
"075","7am",8.478803,11.720698,53.86534,25.935162
"076","7am",11.253197,12.02046,56.26598,20.460358
"001","8am",6.804598,17.517241,65.93103,9.747126
"003","8am",4.725415,19.987229,64.36782,10.91954
"004","8am",8.768657,16.231343,53.91791,21.08209
"005","8am",12.195122,18.027572,52.81018,16.967126
"006","8am",23.875433,13.062284,38.4083,24.653979
"007","8am",6.221821,15.689811,56.35708,21.731289
"010","8am",9.269357,14.394766,58.61505,17.720829
"011","8am",7.654321,15.432099,58.14815,18.765432
"012","8am",9.785026,8.895478,44.77391,36.545589
"013","8am",11.240876,15.328467,49.78102,23.649635
"014","8am",14.611872,5.479452,55.02283,24.885845
"015","8am",10.23766,8.409506,60.51188,20.840951
"016","8am",10.515873,9.920635,48.61111,30.952381
"017","8am",16.704289,10.383747,49.6614,23.250564
"018","8am",12.612613,9.90991,43.69369,33.783784
"019","8am",19.686801,10.850112,41.16331,28.299776
"020","8am",6.376812,12.898551,45.36232,35.362319
"021","8am",9.661836,10.628019,49.87923,29.830918
"023","8am",13.237221,11.140236,63.56488,12.057667
"024","8am",12.690355,8.883249,54.31472,24.111675
"025","8am",5.714286,6.428571,46.78571,41.071429
"026","8am",16.610169,10.847458,56.27119,16.271186
"027","8am",10.638298,9.574468,60.6383,19.148936
"028","8am",10.47619,12.698413,55.55556,21.269841
"029","8am",13.050314,11.477987,56.91824,18.553459
"030","8am",14.431487,9.620991,50.58309,25.364431
"031","8am",8.762322,13.143483,57.7218,20.372399
"032","8am",13.803231,16.446402,50.51395,19.236417
"033","8am",6.965762,16.174734,58.79575,18.063754
"034","8am",13.502935,12.328767,57.92564,16.242661
"035","8am",7.042254,14.084507,64.54018,14.333057
"036","8am",16.180371,11.405836,53.71353,18.700265
"037","8am",14.936709,8.481013,47.97468,28.607595
"038","8am",13.866667,11.466667,56,18.666667
"039","8am",12.166172,13.353116,56.67656,17.804154
"040","8am",15.286624,15.286624,57.11253,12.314225
"041","8am",11.356467,21.451104,49.84227,17.350158
"042","8am",17.156863,13.112745,57.59804,12.132353
"043","8am",17.535545,11.729858,47.98578,22.748815
"044","8am",14.234104,11.921965,54.62428,19.219653
"045","8am",6.766917,9.273183,57.14286,26.817043
"046","8am",8.375209,12.227806,57.28643,22.110553
"047","8am",14.381271,11.371237,51.83946,22.408027
"048","8am",10.568032,12.417437,58.65258,18.361955
"049","8am",15.285451,10.865562,55.8011,18.047882
"050","8am",19.238095,6.285714,52.7619,21.714286
"051","8am",8.715596,18.348624,54.12844,18.807339
"052","8am",10.794603,15.292354,57.42129,16.491754
"053","8am",11.885246,9.42623,64.34426,14.344262
"054","8am",6.422018,14.678899,58.7156,20.183486
"055","8am",11.462451,15.810277,56.12648,16.600791
"056","8am",10.031348,16.9279,57.68025,15.360502
"059","8am",9.375,21.40625,61.40625,7.8125
"060","8am",6.306306,9.90991,59.75976,24.024024
"061","8am",10.122699,7.97546,61.34969,20.552147
"062","8am",7.246377,12.681159,55.07246,25
"063","8am",6.824147,11.811024,55.38058,25.984252
"064","8am",11.740891,6.882591,51.417,29.959514
"065","8am",8.743169,6.010929,58.46995,26.775956
"066","8am",9.130435,13.623188,49.13043,28.115942
"067","8am",9.677419,10.215054,55.10753,25
"068","8am",9.294872,7.692308,50.96154,32.051282
"069","8am",6.54649,16.508539,63.75712,13.187856
"070","8am",10.131796,11.69687,53.21252,24.958814
"071","8am",30.701754,10.635965,41.00877,17.653509
"072","8am",12.402089,10.835509,53.39426,23.368146
"073","8am",40.93178,16.36162,35.38547,7.321131
"074","8am",11.002179,8.3878,49.89107,30.718954
"075","8am",5.571848,12.903226,52.19941,29.325513
"076","8am",8.430233,11.046512,58.43023,22.093023
"001","9am",6.828194,17.136564,66.9163,9.118943
"003","9am",4.570054,20.084185,65.24354,10.102225
"004","9am",8.255159,16.135084,54.59662,21.013133
"005","9am",12.224449,17.334669,52.70541,17.735471
"006","9am",25.569177,12.872154,37.56567,23.992995
"007","9am",6.20438,14.507299,56.66058,22.627737
"010","9am",9.599208,14.398812,57.69421,18.307768
"011","9am",7.729469,16.062802,58.21256,17.995169
"012","9am",9.291698,9.36786,45.69688,35.643564
"013","9am",9.195402,15.229885,50.71839,24.856322
"014","9am",14.851485,6.188119,55.19802,23.762376
"015","9am",10.634328,8.955224,60.07463,20.335821
"016","9am",9.465021,10.90535,47.11934,32.510288
"017","9am",17.169374,9.280742,49.41995,24.12993
"018","9am",13.729977,9.153318,43.47826,33.638444
"019","9am",20.243363,10.951327,41.26106,27.544248
"020","9am",6.401138,12.802276,46.08819,34.708393
"021","9am",10.070258,9.71897,51.05386,29.156909
"023","9am",11.141304,10.869565,64.40217,13.586957
"024","9am",14.025974,8.831169,52.72727,24.415584
"025","9am",5.555556,7.037037,46.2963,41.111111
"026","9am",15.467626,12.230216,58.27338,14.028777
"027","9am",9.960159,9.960159,60.55777,19.521912
"028","9am",9.634551,13.289037,55.81395,21.262458
"029","9am",13.551402,11.52648,56.69782,18.224299
"030","9am",15.128593,9.984871,49.01664,25.869894
"031","9am",8.396947,13.631407,57.90622,20.065431
"032","9am",14.014599,14.59854,52.26277,19.124088
"033","9am",6.836616,16.570104,59.21205,17.381228
"034","9am",12.765957,12.959381,58.02708,16.247582
"035","9am",6.120944,14.380531,63.79056,15.707965
"036","9am",16.531165,11.246612,53.79404,18.428184
"037","9am",15.151515,8.207071,48.9899,27.651515
"038","9am",13.513514,11.081081,56.21622,19.189189
"039","9am",13.043478,13.354037,56.52174,17.080745
"040","9am",14.470842,14.686825,58.31533,12.526998
"041","9am",11.400651,20.521173,50.16287,17.915309
"042","9am",18.069307,12.747525,57.05446,12.128713
"043","9am",17.353308,12.484395,47.06617,23.09613
"044","9am",14.5917,11.84739,54.35074,19.210174
"045","9am",6.544503,9.685864,57.59162,26.17801
"046","9am",8.900524,12.216405,57.4171,21.465969
"047","9am",14.539007,11.702128,53.19149,20.567376
"048","9am",10.828025,13.248408,57.96178,17.961783
"049","9am",15.324165,11.591356,56.18861,16.895874
"050","9am",20.582524,7.378641,49.90291,22.135922
"051","9am",7.211538,17.788462,56.25,18.75
"052","9am",10.381679,15.419847,57.40458,16.793893
"053","9am",11.009174,10.091743,62.84404,16.055046
"054","9am",5.660377,13.679245,59.90566,20.754717
"055","9am",11.6,15.2,56,17.2
"056","9am",10.126582,17.721519,57.59494,14.556962
"059","9am",9.697933,21.939587,61.04928,7.313196
"060","9am",6.188925,10.423453,61.56352,21.824104
"061","9am",10.423453,7.81759,60.91205,20.846906
"062","9am",5.46875,12.109375,55.07812,27.34375
"063","9am",6.849315,10.958904,56.71233,25.479452
"064","9am",12,6.8,52.2,29
"065","9am",8.285714,6.285714,56.85714,28.571429
"066","9am",9.431138,14.071856,49.2515,27.245509
"067","9am",9.659091,10.795455,56.81818,22.727273
"068","9am",9.76431,8.080808,51.51515,30.639731
"069","9am",6.67252,16.330114,64.1791,12.818262
"070","9am",10.084034,12.436975,53.69748,23.781513
"071","9am",31.832139,10.747185,39.81576,17.604913
"072","9am",11.518325,11.256545,53.27225,23.95288
"073","9am",41.791045,16.41791,34.27861,7.512438
"074","9am",11.555556,8.777778,49.33333,30.333333
"075","9am",5.214724,12.883436,53.37423,28.527607
"076","9am",8.641975,11.111111,58.64198,21.604938
"001","10am",6.860617,17.281806,66.99957,8.858011
"003","10am",4.817861,20.152761,64.27732,10.752056
"004","10am",8.42803,15.530303,54.54545,21.496212
"005","10am",11.861138,17.068467,54.09836,16.972035
"006","10am",26.784141,12.334802,36.65198,24.229075
"007","10am",5.807623,14.791289,55.80762,23.593466
"010","10am",9.278351,14.104967,57.49766,19.119025
"011","10am",7.608696,16.425121,58.57488,17.391304
"012","10am",9.265176,9.744409,46.88498,34.105431
"013","10am",8.080808,14.430014,51.37085,26.118326
"014","10am",14.248705,6.735751,54.14508,24.870466
"015","10am",10.566038,9.056604,60.18868,20.188679
"016","10am",8.811475,10.860656,48.15574,32.172131
"017","10am",16.745283,8.962264,50,24.292453
"018","10am",13.272311,9.382151,45.08009,32.265446
"019","10am",21.129944,10.847458,41.9209,26.101695
"020","10am",6.051873,13.544669,46.2536,34.149856
"021","10am",9.792627,9.792627,50.92166,29.493088
"023","10am",11.612022,11.612022,63.93443,12.84153
"024","10am",14.705882,8.55615,52.6738,24.064171
"025","10am",5.447471,6.225681,46.3035,42.023346
"026","10am",14.909091,13.090909,57.45455,14.545455
"027","10am",8.641975,9.876543,60.49383,20.987654
"028","10am",9.540636,13.780919,56.89046,19.787986
"029","10am",13.87632,11.613876,57.01357,17.496229
"030","10am",14.69697,9.848485,49.84848,25.606061
"031","10am",8.433735,13.691128,58.15991,19.715225
"032","10am",14.611872,14.611872,51.14155,19.634703
"033","10am",6.860465,16.744186,59.18605,17.209302
"034","10am",11.660079,13.833992,59.28854,15.217391
"035","10am",5.987612,13.626979,64.2808,16.104611
"036","10am",17.207334,10.719323,54.01975,18.053597
"037","10am",15.089514,9.079284,47.82609,28.005115
"038","10am",13.597734,10.481586,56.94051,18.98017
"039","10am",12.461059,13.395639,57.32087,16.82243
"040","10am",13.846154,15.604396,58.24176,12.307692
"041","10am",10.996564,20.618557,49.48454,18.900344
"042","10am",18.020305,12.690355,57.1066,12.182741
"043","10am",17.758186,12.720403,47.85894,21.662469
"044","10am",14.564943,11.790668,54.03531,19.609079
"045","10am",7.065217,10.054348,57.33696,25.543478
"046","10am",9.56848,12.195122,57.5985,20.637899
"047","10am",14.134276,11.660777,53.35689,20.848057
"048","10am",10.38961,13.896104,57.4026,18.311688
"049","10am",15.102041,11.836735,56.93878,16.122449
"050","10am",21.138211,7.317073,48.98374,22.560976
"051","10am",7.5,17,55.5,20
"052","10am",10.185185,16.049383,57.87037,15.895062
"053","10am",11.374408,9.952607,62.08531,16.587678
"054","10am",5.825243,13.592233,59.2233,21.359223
"055","10am",11.06383,15.744681,56.59574,16.595745
"056","10am",9.463722,17.0347,58.35962,15.141956
"059","10am",9.485531,22.186495,61.41479,6.913183
"060","10am",6.185567,10.996564,59.79381,23.024055
"061","10am",11.188811,8.041958,60.83916,19.93007
"062","10am",5.577689,11.952191,54.98008,27.49004
"063","10am",6.214689,11.581921,56.49718,25.706215
"064","10am",12.423625,6.517312,51.73116,29.327902
"065","10am",9.063444,6.344411,56.79758,27.794562
"066","10am",9.006211,14.440994,49.68944,26.863354
"067","10am",9.912536,9.912536,57.4344,22.740525
"068","10am",9.440559,8.041958,51.04895,31.468531
"069","10am",6.565657,16.498316,63.88889,13.047138
"070","10am",10.584251,11.939035,54.10669,23.370025
"071","10am",32.725431,10.739615,39.41236,17.122594
"072","10am",11.394102,10.991957,53.8874,23.726542
"073","10am",43.082061,16.269084,33.6355,7.013359
"074","10am",11.69126,9.194098,49.2622,29.85244
"075","10am",5.806452,13.225806,52.25806,28.709677
"076","10am",8.333333,11.858974,56.73077,23.076923
"001","11am",7.118056,17.144097,66.49306,9.244792
"003","11am",5.064028,19.848661,64.37718,10.710128
"004","11am",9.125118,16.086548,54.28034,20.507996
"005","11am",11.820782,17.445186,53.09819,17.635844
"006","11am",26.051925,12.444047,37.51119,23.992838
"007","11am",5.779817,15.504587,55.68807,23.027523
"010","11am",9.756098,14.081914,56.64979,19.512195
"011","11am",6.993865,15.95092,59.1411,17.91411
"012","11am",9.385113,9.789644,46.35922,34.466019
"013","11am",7.971014,14.492754,52.89855,24.637681
"014","11am",15.263158,6.052632,53.68421,25
"015","11am",10.881801,9.005629,60.22514,19.88743
"016","11am",9.710744,10.53719,47.72727,32.024793
"017","11am",15.529412,9.647059,50.58824,24.235294
"018","11am",13.163972,9.237875,44.57275,33.025404
"019","11am",22.006842,10.148233,41.04903,26.795895
"020","11am",5.873926,13.467049,46.9914,33.667622
"021","11am",10.223267,10.575793,50.76381,28.437133
"023","11am",10.666667,11.466667,64.53333,13.333333
"024","11am",13.648294,8.923885,51.9685,25.459318
"025","11am",5.204461,5.576208,47.2119,42.007435
"026","11am",14.391144,11.808118,58.67159,15.129151
"027","11am",8.050847,9.745763,59.74576,22.457627
"028","11am",10.108303,14.440433,56.6787,18.772563
"029","11am",12.990937,12.084592,57.25076,17.673716
"030","11am",14.746544,10.291859,50.99846,23.963134
"031","11am",8.105148,13.691128,57.83133,20.372399
"032","11am",14.153846,14.615385,52,19.230769
"033","11am",6.651109,16.452742,59.27655,17.619603
"034","11am",12.277228,13.465347,59.0099,15.247525
"035","11am",6.64311,14.134276,64.24028,14.982332
"036","11am",16.269285,11.079944,53.99719,18.653576
"037","11am",14.966887,8.874172,48.34437,27.81457
"038","11am",12.215909,10.511364,57.67045,19.602273
"039","11am",12.264151,13.207547,58.80503,15.72327
"040","11am",14.0625,16.071429,57.58929,12.276786
"041","11am",11.262799,21.843003,48.46416,18.430034
"042","11am",18.21608,12.688442,56.40704,12.688442
"043","11am",17.821782,12.747525,47.40099,22.029703
"044","11am",14.807692,11.794872,53.84615,19.551282
"045","11am",7.027027,9.72973,56.48649,26.756757
"046","11am",8.876812,11.775362,58.69565,20.652174
"047","11am",14.134276,10.954064,53.00353,21.908127
"048","11am",10.546875,13.28125,57.55208,18.619792
"049","11am",14.889336,11.67002,57.54527,15.895372
"050","11am",21.22449,7.55102,49.38776,21.836735
"051","11am",7.070707,17.171717,57.07071,18.686869
"052","11am",9.341501,16.998469,57.88668,15.773354
"053","11am",8.837209,9.767442,63.25581,18.139535
"054","11am",4.522613,14.070352,58.29146,23.115578
"055","11am",10.25641,14.957265,58.11966,16.666667
"056","11am",8.805031,16.666667,59.43396,15.09434
"059","11am",8.974359,23.397436,61.05769,6.570513
"060","11am",6.081081,10.810811,60.81081,22.297297
"061","11am",10.204082,7.482993,60.88435,21.428571
"062","11am",4.64135,12.236287,56.11814,27.004219
"063","11am",6.010929,12.021858,56.01093,25.956284
"064","11am",12.058212,6.444906,52.59875,28.898129
"065","11am",8.656716,6.865672,57.01493,27.462687
"066","11am",9.119011,14.683153,49.30448,26.893354
"067","11am",9.470752,10.027855,57.38162,23.119777
"068","11am",9.352518,7.913669,52.15827,30.57554
"069","11am",6.791171,16.55348,64.09168,12.563667
"070","11am",10.075567,12.09068,54.40806,23.425693
"071","11am",34.196891,10.466321,39.79275,15.544041
"072","11am",11.594203,11.330698,53.62319,23.45191
"073","11am",43.964302,16.11085,32.78535,7.139502
"074","11am",11.705686,8.918618,50.50167,28.874025
"075","11am",5.806452,13.225806,53.54839,27.419355
"076","11am",7.643312,11.783439,57.32484,23.248408
"001","12am",7.243196,17.164179,66.6813,8.911326
"003","12am",4.770423,20.155039,64.63924,10.435301
"004","12am",9.160305,16.125954,53.53053,21.183206
"005","12am",11.621368,17.525773,52.67104,18.181818
"006","12am",25.922592,13.141314,36.90369,24.032403
"007","12am",6.311993,15.509468,54.19297,23.985573
"010","12am",9.615385,14.102564,56.59341,19.688645
"011","12am",7.710843,15.180723,60,17.108434
"012","12am",9.593496,9.756098,45.85366,34.796748
"013","12am",8.095952,15.442279,52.77361,23.688156
"014","12am",15.909091,5.555556,53.0303,25.505051
"015","12am",10.666667,9.333333,60.19048,19.809524
"016","12am",10.323887,10.526316,47.16599,31.983806
"017","12am",16.301703,9.489051,51.3382,22.871046
"018","12am",12.86031,9.312639,45.23282,32.594235
"019","12am",21.070615,10.47836,41.00228,27.448747
"020","12am",5.813953,13.517442,46.22093,34.447674
"021","12am",11.060433,10.604333,49.25884,29.076397
"023","12am",10.217984,11.989101,63.76022,14.032698
"024","12am",13.533835,8.77193,52.38095,25.313283
"025","12am",4.214559,6.130268,49.04215,40.613027
"026","12am",14.801444,11.552347,59.20578,14.440433
"027","12am",7.692308,8.906883,62.75304,20.647773
"028","12am",11.355311,15.018315,56.04396,17.582418
"029","12am",13.193403,12.143928,57.57121,17.091454
"030","12am",14.285714,10.267857,52.23214,23.214286
"031","12am",8.56531,13.490364,56.95931,20.985011
"032","12am",14.630468,15.233786,51.13122,19.004525
"033","12am",6.571087,16.009558,59.97611,17.44325
"034","12am",12.871287,12.871287,59.80198,14.455446
"035","12am",6.923077,13.706294,64.8951,14.475524
"036","12am",16.740088,11.74743,53.01028,18.502203
"037","12am",14.075067,8.847185,49.32976,27.747989
"038","12am",12.569832,10.055866,58.10056,19.273743
"039","12am",12.264151,13.207547,58.80503,15.72327
"040","12am",14.255765,16.771488,56.60377,12.368973
"041","12am",12.585034,21.088435,49.65986,16.666667
"042","12am",18.238994,12.955975,55.84906,12.955975
"043","12am",18.711276,12.143742,47.95539,21.189591
"044","12am",14.856021,11.780105,54.6466,18.717277
"045","12am",5.835544,9.814324,58.09019,26.259947
"046","12am",8.963093,11.599297,58.17223,21.265378
"047","12am",13.402062,11.683849,52.23368,22.680412
"048","12am",10.608021,13.324709,57.17982,18.887451
"049","12am",15.291751,11.871227,56.53924,16.297787
"050","12am",20.758483,7.38523,50.499,21.357285
"051","12am",7.614213,18.274112,56.34518,17.766497
"052","12am",9.41358,16.512346,57.40741,16.666667
"053","12am",7.692308,9.954751,65.15837,17.19457
"054","12am",4.477612,12.935323,62.18905,20.39801
"055","12am",10.300429,15.879828,57.51073,16.309013
"056","12am",8.598726,17.197452,60.50955,13.694268
"059","12am",8.9701,23.255814,60.63123,7.142857
"060","12am",6.734007,10.43771,60.60606,22.222222
"061","12am",10,6.896552,60.68966,22.413793
"062","12am",5.306122,13.061224,55.91837,25.714286
"063","12am",6.321839,11.206897,56.03448,26.436782
"064","12am",12.244898,7.346939,51.63265,28.77551
"065","12am",8.630952,6.25,58.33333,26.785714
"066","12am",8.892356,14.976599,49.45398,26.677067
"067","12am",9.401709,10.25641,57.26496,23.076923
"068","12am",8.741259,8.041958,53.4965,29.72028
"069","12am",7.075874,16.965047,63.0861,12.872975
"070","12am",9.89011,12.679628,54.60693,22.823331
"071","12am",33.264676,9.886715,40.06179,16.786818
"072","12am",10.888611,10.888611,54.69337,23.529412
"073","12am",44.242714,16.244625,31.91591,7.596751
"074","12am",12.696629,8.764045,49.88764,28.651685
"075","12am",6.097561,13.414634,51.52439,28.963415
"076","12am",10.334347,12.765957,54.40729,22.492401
"001","1pm",7.083877,16.992612,65.62364,10.29987
"003","1pm",4.683841,20.199063,64.34426,10.772834
"004","1pm",9.238095,15.238095,55.04762,20.47619
"005","1pm",11.348837,17.209302,51.53488,19.906977
"006","1pm",26.353791,12.99639,38.1769,22.472924
"007","1pm",6.584723,15.71554,52.58999,25.109745
"010","1pm",9.812667,13.693131,55.30776,21.186441
"011","1pm",7.833537,15.544676,60.95471,15.667075
"012","1pm",9.42928,10.090984,47.31183,33.167907
"013","1pm",8.124077,14.623338,51.84638,25.406204
"014","1pm",16.202532,5.822785,52.40506,25.56962
"015","1pm",11.385199,9.297913,59.96205,19.354839
"016","1pm",9.090909,11.688312,48.05195,31.168831
"017","1pm",16.626506,9.879518,51.3253,22.168675
"018","1pm",12.887828,10.023866,45.82339,31.264916
"019","1pm",21.799308,10.611303,40.94579,26.643599
"020","1pm",6.119403,13.880597,46.56716,33.432836
"021","1pm",10.872027,10.532276,50.16988,28.425821
"023","1pm",10.23622,12.335958,62.07349,15.354331
"024","1pm",13.612565,9.424084,51.57068,25.39267
"025","1pm",4.435484,6.451613,50.80645,38.306452
"026","1pm",14.981273,10.11236,60.29963,14.606742
"027","1pm",7.936508,8.730159,63.88889,19.444444
"028","1pm",11.272727,13.818182,57.09091,17.818182
"029","1pm",12.971342,11.915535,59.12519,15.987934
"030","1pm",14.984709,11.009174,51.07034,22.93578
"031","1pm",8.32444,13.553895,57.09712,21.024546
"032","1pm",15.044248,14.749263,52.21239,17.9941
"033","1pm",6.690562,16.487455,61.29032,15.531661
"034","1pm",13.473684,13.052632,57.89474,15.578947
"035","1pm",7.065949,12.853297,63.45895,16.621803
"036","1pm",17.005814,11.627907,52.90698,18.459302
"037","1pm",14.439946,8.502024,49.39271,27.665317
"038","1pm",12.643678,10.632184,58.62069,18.103448
"039","1pm",13.114754,13.114754,60,13.770492
"040","1pm",13.829787,17.021277,56.80851,12.340426
"041","1pm",13.265306,20.408163,50.34014,15.986395
"042","1pm",17.811705,12.849873,56.61578,12.722646
"043","1pm",19.083024,12.019827,47.45973,21.437423
"044","1pm",15.37476,12.171685,54.13197,18.321589
"045","1pm",6.036745,10.498688,57.48031,25.984252
"046","1pm",8.791209,11.721612,59.52381,19.96337
"047","1pm",14.383562,9.931507,53.08219,22.60274
"048","1pm",10.471204,13.219895,58.11518,18.193717
"049","1pm",15.757576,12.121212,56.16162,15.959596
"050","1pm",20.512821,8.086785,49.5069,21.893491
"051","1pm",8.02139,17.112299,58.28877,16.57754
"052","1pm",8.742331,15.644172,58.43558,17.177914
"053","1pm",7.692308,10.859729,65.15837,16.289593
"054","1pm",4.522613,13.567839,62.31156,19.59799
"055","1pm",11.637931,16.810345,56.03448,15.517241
"056","1pm",8.441558,18.181818,58.44156,14.935065
"059","1pm",9.195402,23.316913,59.77011,7.71757
"060","1pm",6.644518,10.963455,60.46512,21.92691
"061","1pm",10.071942,7.553957,59.71223,22.661871
"062","1pm",5.394191,12.863071,55.18672,26.556017
"063","1pm",6.760563,10.985915,56.05634,26.197183
"064","1pm",13.179916,7.112971,52.09205,27.615063
"065","1pm",7.48503,6.586826,58.68263,27.245509
"066","1pm",9.0625,14.84375,48.59375,27.5
"067","1pm",8.707865,10.674157,56.46067,24.157303
"068","1pm",8.992806,8.273381,53.23741,29.496403
"069","1pm",7.614213,16.497462,62.52115,13.367174
"070","1pm",9.573542,12.880766,55.52654,22.019147
"071","1pm",33.879222,10.440123,39.20164,16.479017
"072","1pm",11.182519,11.053985,55.14139,22.622108
"073","1pm",44.223485,15.861742,32.14962,7.765152
"074","1pm",12.895662,9.730363,49.94138,27.432591
"075","1pm",6.707317,13.109756,52.13415,28.04878
"076","1pm",10.909091,12.424242,56.36364,20.30303
"001","2pm",7.177033,17.355372,65.46324,10.00435
"003","2pm",4.956772,19.711816,64.14986,11.181556
"004","2pm",9.159585,15.864023,54.67422,20.302172
"005","2pm",11.357074,17.32435,52.35804,18.960539
"006","2pm",25.114155,13.789954,38.17352,22.922374
"007","2pm",6.648936,15.691489,52.48227,25.177305
"010","2pm",10.146252,13.939671,55.16453,20.749543
"011","2pm",7.739558,15.724816,60.68796,15.847666
"012","2pm",10.098522,9.934319,47.37274,32.594417
"013","2pm",8.196721,14.307004,51.26677,26.229508
"014","2pm",17.574257,5.693069,53.21782,23.514851
"015","2pm",11.192661,9.174312,60,19.633028
"016","2pm",8.714597,11.546841,48.36601,31.372549
"017","2pm",16.229117,10.739857,51.07399,21.957041
"018","2pm",12.679426,11.244019,46.88995,29.186603
"019","2pm",20.023015,10.817031,41.65708,27.502877
"020","2pm",6.835067,13.372957,46.95394,32.838039
"021","2pm",11.111111,10.884354,48.07256,29.931973
"023","2pm",10.262829,12.515645,62.95369,14.267835
"024","2pm",13.192612,9.498681,51.97889,25.329815
"025","2pm",3.90625,5.859375,52.73438,37.5
"026","2pm",14.869888,11.524164,59.8513,13.754647
"027","2pm",7.54717,8.679245,65.28302,18.490566
"028","2pm",11.034483,13.793103,57.24138,17.931034
"029","2pm",13.302752,11.7737,57.03364,17.889908
"030","2pm",15.349544,10.182371,52.12766,22.340426
"031","2pm",8.905579,13.841202,56.86695,20.386266
"032","2pm",15.21418,14.327917,52.43722,18.020679
"033","2pm",7.272727,16.363636,61.09091,15.272727
"034","2pm",13.389121,12.552301,57.74059,16.317992
"035","2pm",7.42025,13.037448,63.1068,16.435506
"036","2pm",17.321689,11.062591,52.40175,19.213974
"037","2pm",14.686248,8.144192,51.26836,25.901202
"038","2pm",13.783784,10,57.83784,18.378378
"039","2pm",13.312693,13.312693,60.06192,13.312693
"040","2pm",13.865546,17.436975,56.72269,11.97479
"041","2pm",12.5,19.932432,50.33784,17.22973
"042","2pm",17.938931,13.231552,56.87023,11.959288
"043","2pm",19,12.25,47.75,21
"044","2pm",15.498392,12.540193,53.18328,18.778135
"045","2pm",6.199461,10.242588,57.4124,26.145553
"046","2pm",9.107468,12.021858,60.29144,18.579235
"047","2pm",15.017065,9.897611,52.90102,22.1843
"048","2pm",10.512484,13.140604,58.08147,18.26544
"049","2pm",15.461847,11.84739,55.82329,16.86747
"050","2pm",20.866142,7.874016,50.19685,21.062992
"051","2pm",6.930693,16.831683,59.40594,16.831683
"052","2pm",9.146341,15.70122,58.23171,16.920732
"053","2pm",6.666667,10.833333,66.25,16.25
"054","2pm",4.477612,13.432836,61.69154,20.39801
"055","2pm",11.47541,15.983607,56.14754,16.393443
"056","2pm",8.090615,17.799353,59.2233,14.886731
"059","2pm",10.13289,22.425249,59.80066,7.641196
"060","2pm",6.269592,11.285266,60.50157,21.943574
"061","2pm",10.752688,7.526882,59.49821,22.222222
"062","2pm",6.995885,12.345679,54.32099,26.337449
"063","2pm",6.557377,11.47541,56.28415,25.68306
"064","2pm",14.164905,7.188161,52.21987,26.427061
"065","2pm",7.78098,6.051873,59.07781,27.089337
"066","2pm",9.104938,14.969136,48.91975,27.006173
"067","2pm",9.269663,10.11236,56.74157,23.876404
"068","2pm",10.211268,7.746479,51.76056,30.28169
"069","2pm",7.908612,16.080844,63.35677,12.653779
"070","2pm",10.305677,13.187773,54.41048,22.09607
"071","2pm",31.263858,11.086475,41.79601,15.853659
"072","2pm",12.137203,10.817942,55.67282,21.372032
"073","2pm",43.768257,16.358325,32.27848,7.594937
"074","2pm",12.441315,8.802817,51.40845,27.347418
"075","2pm",6.865672,13.731343,51.64179,27.761194
"076","2pm",10.682493,13.05638,54.89614,21.364985
"001","3pm",6.939163,17.63308,65.39924,10.02852
"003","3pm",5.204461,20.322181,63.32094,11.15242
"004","3pm",9.532888,15.443279,54.52812,20.49571
"005","3pm",9.361702,17.765957,54.04255,18.82979
"006","3pm",22.939068,14.336918,39.42652,23.29749
"007","3pm",7.195572,15.313653,54.5203,22.97048
"010","3pm",10.813542,14.047499,55.33098,19.80798
"011","3pm",8.970976,15.30343,58.44327,17.28232
"012","3pm",10.547185,9.754163,46.39175,33.3069
"013","3pm",10.132159,16.299559,48.01762,25.55066
"014","3pm",17.370892,6.338028,51.64319,24.64789
"015","3pm",10.971223,8.81295,61.33094,18.88489
"016","3pm",8.964143,10.956175,47.41036,32.66932
"017","3pm",14.545455,10.681818,52.5,22.27273
"018","3pm",11.73913,9.565217,46.30435,32.3913
"019","3pm",19.129439,10.996564,42.26804,27.60596
"020","3pm",6.37037,13.037037,47.40741,33.18519
"021","3pm",12.318841,10.748792,45.77295,31.15942
"023","3pm",11.607143,11.862245,64.41327,12.11735
"024","3pm",13.513514,10.565111,51.35135,24.57002
"025","3pm",4.059041,6.273063,52.76753,36.90037
"026","3pm",15.673981,10.658307,58.93417,14.73354
"027","3pm",6.270627,11.221122,65.34653,17.16172
"028","3pm",11.598746,13.166144,55.79937,19.43574
"029","3pm",15.361446,10.843373,55.87349,17.92169
"030","3pm",14.59854,9.927007,51.9708,23.50365
"031","3pm",7.366071,14.285714,56.69643,21.65179
"032","3pm",15.208034,13.629842,52.94118,18.22095
"033","3pm",8.292079,16.831683,58.16832,16.70792
"034","3pm",12.291667,12.916667,56.66667,18.125
"035","3pm",9.140201,13.632843,63.51665,13.7103
"036","3pm",17.689016,10.699001,54.20827,17.40371
