"district","hour","rev5","rev1","rev2","rev3","rev4"
"001","4am",19.77778,21.222222,18.33333,25.88889,14.777778
"003","4am",19.27878,29.26491,19.55617,20.24965,11.650485
"004","4am",20.54054,27.477477,25.67568,19.81982,6.486486
"005","4am",23.18841,20.144928,22.89855,25.21739,8.550725
"006","4am",20.74132,21.766562,29.10095,21.84543,6.545741
"007","4am",20.94654,27.695004,23.66345,23.04996,4.645048
"010","4am",29.29936,15.286624,17.07006,24.20382,14.140127
"011","4am",28.57143,7.857143,13.57143,27.14286,22.857143
"012","4am",25.76142,8.883249,18.52792,27.47462,19.352792
"013","4am",21.27404,14.903846,24.27885,31.00962,8.533654
"014","4am",20.98274,3.187251,12.88181,33.20053,29.747676
"015","4am",26.4099,12.517194,28.33563,21.5956,11.141678
"016","4am",25.12438,9.825871,31.71642,27.98507,5.348259
"017","4am",23.19661,10.042433,18.38755,32.95615,15.417256
"018","4am",24.27007,11.678832,26.09489,26.45985,11.49635
"019","4am",24.56647,9.633911,28.61272,26.49326,10.693642
"020","4am",27.49658,21.751026,24.35021,22.57182,3.830369
"021","4am",25.16213,19.584955,23.3463,23.99481,7.911803
"023","4am",25.14395,3.166987,24.56814,33.01344,14.107486
"024","4am",24.91103,11.921708,25.62278,29.18149,8.362989
"025","4am",28.68217,28.165375,24.03101,14.72868,4.392765
"026","4am",26.62441,3.961965,21.39461,35.65769,12.361331
"027","4am",22.24231,7.9566,32.91139,30.19892,6.690778
"028","4am",24.18773,6.6787,22.56318,31.76895,14.801444
"029","4am",25.5787,5.555556,19.09722,30.55556,19.212963
"030","4am",29.29807,10.783316,23.29603,27.26348,9.359105
"031","4am",23.4375,26.846591,26.70455,19.46023,3.551136
"032","4am",19.89987,13.767209,25.53191,29.0363,11.764706
"033","4am",24.71098,12.861272,30.0578,23.98844,8.381503
"034","4am",24.85549,6.358382,22.83237,34.68208,11.271676
"035","4am",25.08197,7.377049,18.19672,27.86885,21.47541
"036","4am",25.86538,7.596154,25.86538,28.26923,12.403846
"037","4am",24.87611,11.992071,26.85828,26.85828,9.415263
"038","4am",24.25422,6.485084,32.42542,24.12451,12.710765
"039","4am",20.17699,6.902655,38.23009,28.67257,6.017699
"040","4am",23.34123,5.924171,30.21327,31.99052,8.530806
"041","4am",20.55921,7.730263,34.04605,30.59211,7.072368
"042","4am",27.19665,4.393305,18.09623,32.21757,18.096234
"043","4am",27.8,12.4,24.5,23.4,11.9
"044","4am",27.66706,18.053927,23.68113,23.44666,7.151231
"045","4am",30.65954,7.664884,27.45098,22.63815,11.586453
"046","4am",23.42569,10.327456,23.80353,31.23426,11.209068
"047","4am",24.43609,7.518797,30.26316,32.33083,5.451128
"048","4am",24.28977,10.795455,25.56818,27.27273,12.073864
"049","4am",25.71429,4.880952,28.33333,29.40476,11.666667
"050","4am",27.35703,7.882535,27.20247,24.57496,12.982998
"051","4am",20.2934,8.801956,28.36186,30.56235,11.98044
"052","4am",22.16387,4.726891,26.05042,30.67227,16.386555
"053","4am",22.74306,6.770833,24.65278,30.55556,15.277778
"054","4am",19.43574,9.717868,32.2884,31.97492,6.583072
"055","4am",24.04494,10.11236,32.13483,26.96629,6.741573
"056","4am",21.73038,11.066398,36.41851,21.73038,9.054326
"059","4am",23.30435,4.521739,26.43478,34.26087,11.478261
"060","4am",23.80137,10.787671,27.73973,23.63014,14.041096
"061","4am",26.36054,2.210884,16.66667,31.97279,22.789116
"062","4am",27.2381,10.095238,25.71429,29.52381,7.428571
"063","4am",27.48644,12.658228,31.64557,21.69982,6.509946
"064","4am",31.07143,11.785714,30.35714,20.53571,6.25
"065","4am",19.30147,14.705882,29.22794,28.125,8.639706
"066","4am",24.33298,14.087513,29.77588,23.05229,8.751334
"067","4am",24.54874,12.093863,29.42238,24.90975,9.025271
"068","4am",23.68421,16.008772,32.45614,18.85965,8.991228
"069","4am",18.29026,7.753479,17.09742,29.02584,27.833002
"070","4am",21.12403,11.627907,17.34496,28.48837,21.414729
"071","4am",20.55336,17.391304,15.61265,24.50593,21.936759
"072","4am",28.04314,7.858243,15.40832,21.57165,27.118644
"073","4am",22.47191,28.651685,20.97378,18.91386,8.988764
"074","4am",28.51064,14.808511,27.74468,21.78723,7.148936
"075","4am",29.88506,11.111111,28.16092,25.47893,5.363985
"076","4am",22.86213,6.282723,30.89005,28.09773,11.867365
"001","5am",19.44146,20.730397,19.33405,25.77873,14.71536
"003","5am",19.12568,28.961749,19.39891,20.76503,11.748634
"004","5am",20.6928,27.620784,25.70647,19.50775,6.472197
"005","5am",23.61516,19.970845,23.03207,24.78134,8.600583
"006","5am",20.70626,21.749599,29.21348,21.91011,6.420546
"007","5am",21.05263,27.280702,23.77193,23.24561,4.649123
"010","5am",29.1358,14.938272,17.65432,24.19753,14.074074
"011","5am",28.77442,8.170515,14.03197,26.8206,22.202487
"012","5am",25.94009,8.922881,18.35564,27.40599,19.375398
"013","5am",21.31737,14.730539,23.9521,31.01796,8.982036
"014","5am",21.2766,3.191489,12.89894,33.1117,29.521277
"015","5am",26.78822,12.622721,27.62973,21.87938,11.079944
"016","5am",25.18892,10.075567,31.61209,27.70781,5.415617
"017","5am",23.66522,10.10101,18.61472,32.32323,15.295815
"018","5am",24.62963,11.851852,25.74074,26.48148,11.296296
"019","5am",24.73118,9.677419,28.25024,26.68622,10.654936
"020","5am",27.33516,21.703297,23.9011,22.8022,4.258242
"021","5am",25.12953,19.559585,23.57513,23.70466,8.031088
"023","5am",25.28846,3.269231,24.32692,32.88462,14.230769
"024","5am",24.32432,12.252252,25.76577,29.36937,8.288288
"025","5am",28.8,28.8,23.73333,14.4,4.266667
"026","5am",26.13636,4.058442,21.75325,35.55195,12.5
"027","5am",22.51407,8.255159,32.83302,29.83114,6.566604
"028","5am",24.30939,6.998158,22.28361,31.67587,14.732965
"029","5am",24.97083,5.71762,19.48658,30.57176,19.253209
"030","5am",29.41176,10.649087,23.32657,27.28195,9.330629
"031","5am",23.14286,27,26.42857,19.42857,4
"032","5am",20.02488,13.681592,25.37313,29.85075,11.069652
"033","5am",25.03536,12.729844,30.1273,24.1867,7.920792
"034","5am",25.10949,6.569343,22.48175,34.45255,11.386861
"035","5am",24.88263,7.355243,19.24883,27.85603,20.657277
"036","5am",25.84705,7.647628,25.55663,28.6544,12.294288
"037","5am",24.39271,12.145749,26.72065,27.32794,9.412955
"038","5am",24.43559,6.640106,31.87251,24.7012,12.350598
"039","5am",20.22263,7.235622,37.66234,28.94249,5.93692
"040","5am",23.72881,5.811138,29.78208,32.08232,8.595642
"041","5am",20.37037,7.575758,34.34343,30.63973,7.070707
"042","5am",26.79128,4.569055,18.58775,31.7757,18.27622
"043","5am",28.00809,12.436805,24.46916,23.1547,11.931244
"044","5am",27.88235,18.352941,23.52941,23.05882,7.176471
"045","5am",30.05464,7.832423,27.6867,23.13297,11.29326
"046","5am",23.70089,10.392902,23.32066,31.05196,11.533587
"047","5am",24.80469,7.226562,30.07812,32.42188,5.46875
"048","5am",24.67903,10.984308,25.24964,27.24679,11.840228
"049","5am",25.73529,5.02451,28.18627,29.28922,11.764706
"050","5am",27.35849,8.018868,26.88679,24.5283,13.207547
"051","5am",20.5,9,28,30.75,11.75
"052","5am",21.79353,4.796663,26.06882,31.28259,16.058394
"053","5am",22.69504,6.914894,24.64539,30.31915,15.425532
"054","5am",18.92744,10.094637,32.80757,31.8612,6.309148
"055","5am",22.67303,10.739857,32.6969,26.96897,6.921241
"056","5am",22.38193,11.088296,37.16632,20.94456,8.418891
"059","5am",22.83737,4.67128,26.47059,34.42907,11.591696
"060","5am",23.65217,10.956522,27.65217,23.82609,13.913043
"061","5am",26.34315,2.079723,16.63778,32.06239,22.87695
"062","5am",27.38095,10.515873,25.99206,29.16667,6.944444
"063","5am",27.72643,12.939002,31.0536,21.44177,6.839187
"064","5am",31.14754,12.021858,29.8725,20.76503,6.193078
"065","5am",19.73684,15.037594,28.38346,28.00752,8.834586
"066","5am",24.29194,14.16122,29.84749,23.09368,8.605664
"067","5am",25.09294,12.267658,29.5539,24.72119,8.364312
"068","5am",23.88393,16.294643,31.91964,18.75,9.151786
"069","5am",18.64407,7.156309,18.26742,28.24859,27.683616
"070","5am",21.02218,11.47541,17.64706,28.54388,21.311475
"071","5am",20.8577,17.153996,15.78947,24.5614,21.637427
"072","5am",27.91411,7.822086,15.4908,21.47239,27.300613
"073","5am",22.20217,27.436823,22.38267,19.13357,8.844765
"074","5am",29.06277,14.703353,27.51505,21.49613,7.2227
"075","5am",30,11.372549,28.23529,24.90196,5.490196
"076","5am",23.03571,6.607143,30.71429,27.67857,11.964286
"001","6am",20.12987,18.367347,20.03711,26.53061,14.935065
"003","6am",19.35867,25.178147,19.00238,22.09026,14.370546
"004","6am",20.98093,27.247956,24.88647,20.25431,6.630336
"005","6am",23.94958,19.327731,23.38936,24.22969,9.103641
"006","6am",20.20033,21.619366,29.88314,21.86978,6.427379
"007","6am",21.66667,26.403509,23.59649,23.50877,4.824561
"010","6am",28.87029,13.389121,18.72385,24.37238,14.644351
"011","6am",27.13816,7.894737,16.28289,27.63158,21.052632
"012","6am",25.72721,8.920491,18.74596,27.86037,18.74596
"013","6am",21.02066,14.580802,23.93682,31.59174,8.869988
"014","6am",21.65517,3.310345,12.96552,33.10345,28.965517
"015","6am",27.17391,13.664596,28.26087,21.11801,9.782609
"016","6am",24.79224,10.387812,31.16343,28.53186,5.124654
"017","6am",24.19872,10.25641,19.55128,32.05128,13.942308
"018","6am",25.58594,11.914063,26.17188,25.19531,11.132812
"019","6am",25,9.693878,28.87755,25.91837,10.510204
"020","6am",27.47875,21.529745,24.50425,22.66289,3.824363
"021","6am",24.73545,19.973545,23.28042,23.80952,8.201058
"023","6am",25.54292,3.619442,25.23268,31.64426,13.960703
"024","6am",24.46184,13.111546,24.85323,30.13699,7.436399
"025","6am",29.42857,29.714286,24.57143,11.71429,4.571429
"026","6am",26.9962,4.562738,21.86312,35.1711,11.406844
"027","6am",23.40426,9.148936,32.97872,27.65957,6.808511
"028","6am",23.79032,7.862903,22.17742,31.65323,14.516129
"029","6am",26.0355,6.035503,19.40828,30.4142,18.106509
"030","6am",29.71246,10.969116,23.42918,26.51757,9.371672
"031","6am",23.60335,26.256983,26.95531,19.13408,4.050279
"032","6am",20.02472,13.720643,26.20519,29.78986,10.25958
"033","6am",25.26882,12.231183,30.37634,23.11828,9.005376
"034","6am",25.11485,6.891271,21.28637,34.60949,12.098009
"035","6am",24.36751,7.323569,20.50599,28.89481,18.908123
"036","6am",25.34175,7.465825,26.49842,28.60147,12.092534
"037","6am",25.08251,12.321232,26.29263,27.06271,9.240924
"038","6am",24.45483,7.320872,31.7757,24.92212,11.52648
"039","6am",19.82942,7.889126,39.44563,26.86567,5.970149
"040","6am",23.42606,6.149341,31.33236,30.16105,8.931186
"041","6am",19.79798,8.686869,35.55556,28.88889,7.070707
"042","6am",26.23295,5.666317,19.62225,31.37461,17.103882
"043","6am",27.40899,13.383298,23.8758,23.98287,11.349036
"044","6am",28.05588,17.811409,23.3993,22.93364,7.799767
"045","6am",29.97988,8.651911,27.16298,23.13883,11.066398
"046","6am",23.20442,11.187845,24.17127,30.1105,11.325967
"047","6am",25.44248,7.522124,29.64602,31.85841,5.530973
"048","6am",24.39024,11.33429,25.25108,27.40316,11.621234
"049","6am",25.70281,5.62249,28.38019,29.58501,10.709505
"050","6am",28.66779,8.263069,25.63238,25.29511,12.141653
"051","6am",19.42029,9.565217,27.53623,30.43478,13.043478
"052","6am",22.66811,5.206074,27.22343,29.50108,15.401302
"053","6am",22.69939,6.748466,25.15337,30.87935,14.519427
"054","6am",20.86331,10.071942,31.65468,31.29496,6.115108
"055","6am",23.56164,10.684932,32.05479,26.30137,7.39726
"056","6am",23.26622,11.409396,36.68904,21.02908,7.606264
"059","6am",22.11538,4.487179,23.55769,37.01923,12.820513
"060","6am",25.42373,12.5,25.42373,23.72881,12.923729
"061","6am",26.33588,2.671756,17.17557,31.87023,21.946565
"062","6am",27.64423,11.538462,24.51923,30.04808,6.25
"063","6am",27.51004,13.052209,31.72691,21.08434,6.626506
"064","6am",29.84496,12.790698,31.58915,20.73643,5.03876
"065","6am",19.00648,15.766739,29.80562,27.21382,8.207343
"066","6am",24.31791,14.472123,30.01186,22.41993,8.778173
"067","6am",26.11336,12.955466,31.17409,21.86235,7.894737
"068","6am",24.93888,16.625917,31.29584,17.60391,9.535452
"069","6am",18.76877,7.357357,21.17117,27.17718,25.525526
"070","6am",21.71053,11.654135,18.60902,27.53759,20.488722
"071","6am",20.3125,15.972222,18.92361,24.47917,20.3125
"072","6am",28.16692,7.451565,15.20119,22.35469,26.825633
"073","6am",22.1902,22.334294,23.19885,22.62248,9.654179
"074","6am",29.73708,15.503173,26.56392,21.03354,7.162285
"075","6am",30.36093,12.314225,27.81316,24.62845,4.883227
"076","6am",23.78947,7.789474,30.73684,27.15789,10.526316
"001","7am",20.65476,12.5,18.92857,30.952381,16.964286
"003","7am",20.21541,18.641259,19.63546,26.097763,15.410108
"004","7am",21.67442,26.790698,23.81395,21.116279,6.604651
"005","7am",23.44666,18.171161,25.20516,23.563892,9.61313
"006","7am",22.07245,20.556024,28.64364,22.493682,6.234204
"007","7am",22.84173,25,23.92086,21.852518,6.384892
"010","7am",25.43228,10.302594,20.96542,27.809798,15.489914
"011","7am",25.31293,6.815021,18.637,29.763561,19.471488
"012","7am",25.26539,9.129512,19.46214,28.167021,17.975938
"013","7am",21.39108,14.173228,24.01575,33.070866,7.349081
"014","7am",23.04833,4.275093,14.12639,33.828996,24.72119
"015","7am",27.11268,15.140845,27.28873,21.65493,8.802817
"016","7am",24.78921,11.63575,30.52277,26.98145,6.070826
"017","7am",23.96694,11.363636,22.52066,31.61157,10.53719
"018","7am",25.63025,11.344538,26.89076,23.739496,12.394958
"019","7am",26.44444,10.222222,28.66667,25.111111,9.555556
"020","7am",27.84431,21.107784,23.05389,22.005988,5.988024
"021","7am",24.93438,18.503937,23.75328,25.328084,7.480315
"023","7am",26.06516,5.388471,27.3183,29.072682,12.155388
"024","7am",27.86885,15.456674,25.99532,25.526932,5.152225
"025","7am",30.66667,32,24.33333,9.333333,3.666667
"026","7am",29.51289,5.730659,22.6361,30.659026,11.461318
"027","7am",24.11924,9.756098,32.24932,27.100271,6.775068
"028","7am",27.15054,9.677419,23.65591,27.688172,11.827957
"029","7am",27.57143,7.142857,21,29.285714,15
"030","7am",30.72983,12.419974,22.53521,25.992318,8.322663
"031","7am",24.04908,21.96319,26.62577,22.08589,5.276074
"032","7am",22.62873,15.04065,23.57724,28.590786,10.162602
"033","7am",24.48234,11.327649,30.08526,24.482339,9.622412
"034","7am",25,7.608696,23.00725,32.246377,12.137681
"035","7am",24.13793,7.105538,21.63009,29.258098,17.868339
"036","7am",26.28993,8.476658,27.76413,27.027027,10.44226
"037","7am",26.401,13.823163,26.7746,24.408468,8.592777
"038","7am",23.1441,10.480349,33.84279,21.39738,11.135371
"039","7am",21.72775,8.638743,37.43455,26.701571,5.497382
"040","7am",23.01887,8.113208,32.64151,28.490566,7.735849
"041","7am",20.36082,9.793814,35.56701,28.608247,5.670103
"042","7am",25.68807,7.110092,21.67431,31.995413,13.53211
"043","7am",27.34554,14.302059,24.59954,25.171625,8.581236
"044","7am",25.04726,14.461248,22.1172,26.559546,11.814745
"045","7am",32.4263,8.843537,26.0771,21.995465,10.657596
"046","7am",22.56098,12.5,26.37195,27.134146,11.432927
"047","7am",30.17241,9.482759,28.16092,27.298851,4.885057
"048","7am",24.34663,10.591472,25.8597,27.647868,11.554333
"049","7am",27.52443,6.351792,29.31596,27.035831,9.771987
"050","7am",27.98434,10.176125,25.24462,25.048924,11.545988
"051","7am",19.61538,13.076923,27.69231,28.076923,11.538462
"052","7am",24.77419,5.935484,29.67742,26.83871,12.774194
"053","7am",22.89157,9.036145,25,28.614458,14.457831
"054","7am",22.45763,12.288136,32.20339,28.389831,4.661017
"055","7am",23.82671,14.079422,31.76895,23.826715,6.498195
"056","7am",25.74526,12.195122,36.58537,18.699187,6.775068
"059","7am",22.39502,4.354588,22.86159,35.614308,14.774495
"060","7am",24.21053,13.947368,25.78947,23.684211,12.368421
"061","7am",28.88889,2.962963,18.2716,29.876543,20
"062","7am",29.7546,14.110429,22.08589,28.220859,5.828221
"063","7am",26.91415,14.385151,33.87471,18.329466,6.49652
"064","7am",29.07216,12.783505,33.40206,19.793814,4.948454
"065","7am",19.90172,17.444717,30.46683,25.798526,6.388206
"066","7am",23.92473,15.994624,30.24194,20.698925,9.139785
"067","7am",27.07838,14.964371,30.16627,18.527316,9.263658
"068","7am",27.74566,18.208092,30.0578,15.606936,8.381503
"069","7am",18.84876,6.207675,22.1219,29.232506,23.589165
"070","7am",22.29673,10.142498,18.60855,28.918692,20.033529
"071","7am",21.6545,12.895377,19.46472,26.885645,19.099757
"072","7am",26.82927,7.04607,16.12466,25.609756,24.390244
"073","7am",22.9612,14.251781,22.6445,26.920032,13.222486
"074","7am",30.96192,15.831663,25.3507,21.042084,6.813627
"075","7am",29.42643,14.713217,28.92768,22.44389,4.488778
"076","7am",24.55243,8.951407,29.41176,28.388747,8.695652
"001","8am",19.44828,10.712644,18.94253,33.195402,17.701149
"003","8am",19.79566,14.559387,20.30651,28.99106,16.347382
"004","8am",21.73507,25.373134,24.34701,21.36194,7.182836
"005","8am",23.86002,17.179215,24.17815,25.132556,9.650053
"006","8am",23.44291,20.415225,28.63322,21.107266,6.401384
"007","8am",23.62489,23.264202,23.80523,22.091975,7.213706
"010","8am",23.50055,8.887677,21.53762,29.607415,16.466739
"011","8am",23.20988,6.91358,19.50617,32.716049,17.654321
"012","8am",26.90882,8.228317,19.9407,28.836175,16.08599
"013","8am",23.06569,13.576642,23.94161,31.532847,7.883212
"014","8am",24.42922,5.251142,16.89498,31.73516,21.689498
"015","8am",26.32541,15.539305,28.15356,20.658135,9.323583
"016","8am",25.79365,13.888889,31.34921,24.603175,4.365079
"017","8am",25.5079,12.641084,22.1219,30.022573,9.706546
"018","8am",25.9009,11.486486,27.02703,25.225225,10.36036
"019","8am",26.39821,10.850112,29.08277,25.615213,8.053691
"020","8am",28.55072,19.130435,22.75362,22.028986,7.536232
"021","8am",25.12077,17.391304,24.03382,25.845411,7.608696
"023","8am",26.08126,6.159895,29.61992,26.605505,11.533421
"024","8am",26.90355,16.243655,27.15736,24.619289,5.076142
"025","8am",31.07143,32.142857,24.64286,8.571429,3.571429
"026","8am",28.81356,7.118644,22.71186,31.525424,9.830508
"027","8am",25.1773,11.347518,32.62411,25.177305,5.673759
"028","8am",28.25397,11.111111,21.90476,28.888889,9.84127
"029","8am",28.45912,8.333333,21.38365,28.459119,13.36478
"030","8am",29.30029,13.411079,23.76093,24.927114,8.600583
"031","8am",23.7678,19.715225,27.27273,22.782037,6.462212
"032","8am",23.6417,14.977974,24.52276,26.284875,10.572687
"033","8am",23.73081,11.097993,28.80756,25.14758,11.216057
"034","8am",23.09198,9.001957,24.46184,31.11546,12.328767
"035","8am",23.19801,6.876553,23.19801,30.488815,16.238608
"036","8am",28.11671,8.885942,26.79045,27.188329,9.018568
"037","8am",26.07595,14.050633,26.83544,24.43038,8.607595
"038","8am",24,11.733333,34.13333,19.733333,10.4
"039","8am",24.03561,9.792285,37.38872,23.738872,5.04451
"040","8am",23.35456,8.704883,30.78556,29.723992,7.430998
"041","8am",21.4511,8.832808,35.33123,28.706625,5.678233
"042","8am",24.26471,7.47549,24.63235,31.985294,11.642157
"043","8am",27.60664,14.454976,23.93365,24.881517,9.123223
"044","8am",23.55491,12.5,23.62717,27.16763,13.150289
"045","8am",30.57644,10.526316,27.3183,21.303258,10.275689
"046","8am",23.11558,12.897822,26.63317,25.795645,11.557789
"047","8am",29.43144,10.367893,26.75585,29.431438,4.013378
"048","8am",23.11757,10.03963,28.13738,27.476882,11.228534
"049","8am",27.62431,6.445672,29.28177,25.782689,10.865562
"050","8am",28.7619,10.47619,25.33333,24.380952,11.047619
"051","8am",19.72477,14.220183,27.06422,28.899083,10.091743
"052","8am",25.03748,7.346327,30.58471,26.836582,10.194903
"053","8am",25.81967,11.065574,26.22951,25.819672,11.065574
"054","8am",24.77064,13.761468,32.56881,24.311927,4.587156
"055","8am",23.32016,14.624506,32.41107,24.505929,5.13834
"056","8am",24.76489,13.166144,35.73668,20.376176,5.956113
"059","8am",21.875,4.375,23.28125,34.53125,15.9375
"060","8am",24.32432,15.015015,25.52553,24.624625,10.510511
"061","8am",31.59509,3.067485,19.0184,26.687117,19.631902
"062","8am",29.71014,15.942029,22.82609,25.362319,6.15942
"063","8am",26.77165,14.435696,34.12073,18.372703,6.299213
"064","8am",28.54251,13.765182,32.59109,20.040486,5.060729
"065","8am",19.67213,17.486339,30.32787,25.68306,6.830601
"066","8am",25.07246,16.956522,29.56522,20.144928,8.26087
"067","8am",28.76344,15.860215,28.76344,17.473118,9.139785
"068","8am",27.88462,17.628205,30.76923,15.705128,8.012821
"069","8am",18.6907,6.26186,22.20114,30.834915,22.011385
"070","8am",22.15815,9.472817,17.71005,30.230643,20.428336
"071","8am",22.03947,11.951754,20.06579,28.289474,17.653509
"072","8am",25.06527,6.788512,16.71018,29.373368,22.062663
"073","8am",23.40544,12.978369,22.73988,26.788686,14.087632
"074","8am",31.59041,16.013072,25.27233,21.023965,6.100218
"075","8am",31.67155,16.422287,28.15249,20.527859,3.225806
"076","8am",27.32558,9.883721,28.48837,25.872093,8.430233
"001","9am",19.86784,10.220264,19.42731,32.11454,18.370044
"003","9am",19.96392,13.710162,20.38485,29.22429,16.716777
"004","9am",22.13884,24.108818,24.29644,21.85741,7.598499
"005","9am",25.0501,17.134269,23.8477,24.4489,9.519038
"006","9am",23.7303,19.877408,28.54641,21.27846,6.567426
"007","9am",24.36131,23.266423,23.26642,22.62774,6.478102
"010","9am",23.15685,9.203365,21.87036,29.68827,16.081148
"011","9am",22.22222,6.884058,20.5314,33.09179,17.270531
"012","9am",26.65651,8.530084,20.18279,28.40823,16.222391
"013","9am",22.84483,13.074713,24.42529,30.74713,8.908046
"014","9am",25,5.19802,15.59406,32.67327,21.534653
"015","9am",25.93284,15.11194,27.98507,21.26866,9.701493
"016","9am",24.4856,13.99177,32.51029,24.27984,4.73251
"017","9am",25.98608,12.993039,21.34571,30.39443,9.280742
"018","9am",26.31579,10.755149,28.14645,24.02746,10.755149
"019","9am",26.21681,10.951327,28.20796,25.66372,8.960177
"020","9am",28.4495,19.061166,22.90185,21.62162,7.965861
"021","9am",23.77049,17.798595,25.40984,25.17564,7.845433
"023","9am",26.63043,6.929348,28.66848,26.63043,11.141304
"024","9am",27.27273,16.623377,26.75325,24.67532,4.675325
"025","9am",30.37037,32.222222,24.44444,10,2.962963
"026","9am",29.4964,7.553957,22.66187,31.29496,8.992806
"027","9am",25.0996,11.155378,32.66932,25.0996,5.976096
"028","9am",26.9103,11.627907,22.59136,27.90698,10.963455
"029","9am",28.19315,8.566978,21.33956,28.19315,13.707165
"030","9am",28.74433,13.76702,24.81089,24.05446,8.623298
"031","9am",23.55507,19.411123,27.04471,22.79171,7.197383
"032","9am",24.23358,15.620438,23.50365,26.13139,10.510949
"033","9am",23.17497,10.892236,29.66396,24.68134,11.587486
"034","9am",23.7911,8.704062,24.75822,29.78723,12.959381
"035","9am",22.71386,7.374631,24.26254,30.82596,14.823009
"036","9am",28.99729,8.943089,27.37127,26.55827,8.130081
"037","9am",26.51515,14.141414,26.38889,24.49495,8.459596
"038","9am",24.59459,12.162162,34.05405,20,9.189189
"039","9am",23.60248,10.559006,38.19876,22.04969,5.590062
"040","9am",23.54212,9.287257,29.58963,29.80562,7.775378
"041","9am",23.45277,8.794788,34.85342,28.01303,4.885993
"042","9am",24.50495,7.425743,24.50495,31.93069,11.633663
"043","9am",27.71536,13.60799,24.46941,25.96754,8.2397
"044","9am",23.69478,12.449799,23.82865,27.17537,12.851406
"045","9am",31.67539,10.471204,26.70157,21.20419,9.947644
"046","9am",22.86213,13.438045,26.17801,25.65445,11.867365
"047","9am",30.14184,9.574468,27.65957,28.7234,3.900709
"048","9am",22.16561,9.681529,28.40764,28.15287,11.592357
"049","9am",26.71906,6.090373,29.86248,25.73674,11.591356
"050","9am",29.32039,10.873786,24.85437,25.04854,9.902913
"051","9am",19.23077,14.903846,26.44231,29.32692,10.096154
"052","9am",25.80153,7.633588,31.14504,26.10687,9.312977
"053","9am",24.31193,12.385321,27.52294,24.31193,11.46789
"054","9am",25.4717,13.679245,30.66038,25,5.188679
"055","9am",24,14.4,33.2,22.8,5.6
"056","9am",24.05063,12.658228,35.75949,21.51899,6.012658
"059","9am",20.98569,3.81558,23.52941,35.4531,16.216216
"060","9am",23.12704,15.309446,26.05863,25.08143,10.423453
"061","9am",31.59609,3.583062,20.52117,24.7557,19.543974
"062","9am",28.90625,17.578125,22.65625,25.78125,5.078125
"063","9am",25.47945,14.246575,34.52055,18.35616,7.39726
"064","9am",28.6,13.8,32,20,5.6
"065","9am",19.71429,18,29.71429,26,6.571429
"066","9am",25.5988,16.167665,29.64072,20.50898,8.083832
"067","9am",28.97727,15.340909,28.69318,18.46591,8.522727
"068","9am",27.60943,18.518519,29.96633,16.49832,7.407407
"069","9am",19.40299,5.882353,21.94908,30.55312,22.212467
"070","9am",21.84874,9.495798,18.06723,30.7563,19.831933
"071","9am",21.80143,11.975435,20.57318,28.96622,16.683726
"072","9am",25.26178,6.937173,17.27749,29.71204,20.811518
"073","9am",23.03483,11.791045,22.43781,27.56219,15.174129
"074","9am",31.44444,16.333333,25.44444,20.55556,6.222222
"075","9am",32.82209,15.95092,27.60736,21.16564,2.453988
"076","9am",27.77778,8.950617,28.39506,26.23457,8.641975
"001","10am",19.80026,9.769865,19.53973,32.43595,18.45419
"003","10am",19.91774,13.924794,20.21152,29.08343,16.862515
"004","10am",21.875,24.810606,23.95833,21.7803,7.575758
"005","10am",23.24012,18.322083,24.78303,24.59016,9.064609
"006","10am",24.05286,18.854626,29.07489,21.40969,6.60793
"007","10am",24.95463,23.139746,22.68603,22.41379,6.805808
"010","10am",23.80506,9.044049,21.88379,29.56888,15.698219
"011","10am",21.37681,6.884058,21.01449,33.09179,17.63285
"012","10am",26.67732,8.306709,20.52716,28.27476,16.214058
"013","10am",23.95382,13.419913,23.23232,30.01443,9.379509
"014","10am",23.31606,5.699482,17.61658,33.41969,19.948187
"015","10am",25.84906,15.09434,28.11321,20.56604,10.377358
"016","10am",24.59016,14.139344,30.53279,26.02459,4.713115
"017","10am",26.17925,14.150943,21.46226,29.71698,8.490566
"018","10am",25.17162,11.899314,27.23112,24.94279,10.755149
"019","10am",25.31073,12.20339,29.15254,24.51977,8.813559
"020","10am",28.53026,18.731988,23.48703,21.18156,8.069164
"021","10am",24.19355,16.935484,25.23041,25.92166,7.718894
"023","10am",27.45902,7.377049,28.14208,25.95628,11.065574
"024","10am",27.27273,15.775401,27.27273,24.59893,5.080214
"025","10am",32.29572,29.182879,25.29183,10.11673,3.11284
"026","10am",30.54545,7.272727,21.45455,31.27273,9.454545
"027","10am",24.27984,11.522634,32.51029,25.92593,5.761317
"028","10am",27.20848,11.30742,21.55477,27.91519,12.014134
"029","10am",28.50679,8.748115,20.21116,28.65762,13.87632
"030","10am",28.78788,13.333333,25.75758,23.48485,8.636364
"031","10am",23.7678,18.729463,26.50602,22.67251,8.324206
"032","10am",24.96195,15.372907,23.43988,26.33181,9.893455
"033","10am",23.60465,10.348837,29.65116,25.34884,11.046512
"034","10am",24.11067,8.300395,23.91304,30.03953,13.636364
"035","10am",22.50516,8.396421,24.43221,30.48864,14.177564
"036","10am",29.33709,9.590973,26.51622,26.09309,8.462623
"037","10am",25.8312,14.066496,26.34271,24.93606,8.823529
"038","10am",24.92918,12.181303,32.5779,20.96317,9.348442
"039","10am",23.98754,9.968847,39.56386,20.87227,5.607477
"040","10am",23.73626,8.791209,31.42857,29.01099,7.032967
"041","10am",23.3677,9.621993,34.36426,28.17869,4.467354
"042","10am",23.35025,7.106599,25,32.86802,11.675127
"043","10am",28.58942,12.972292,24.55919,25.81864,8.060453
"044","10am",23.39218,12.23203,24.33796,26.98613,13.051702
"045","10am",30.97826,10.597826,26.63043,22.01087,9.782609
"046","10am",22.88931,12.570356,28.14259,24.9531,11.444653
"047","10am",29.68198,9.187279,27.91519,28.97527,4.240283
"048","10am",22.20779,9.74026,27.66234,28.7013,11.688312
"049","10am",27.14286,6.122449,28.97959,26.32653,11.428571
"050","10am",30.0813,10.97561,25.4065,22.76423,10.772358
"051","10am",19.5,14,28,29,9.5
"052","10am",25,7.561728,32.09877,25.30864,10.030864
"053","10am",24.64455,11.848341,26.54028,25.59242,11.374408
"054","10am",24.75728,13.106796,31.5534,24.75728,5.825243
"055","10am",25.53191,14.042553,33.61702,20.85106,5.957447
"056","10am",24.92114,12.302839,36.2776,20.50473,5.993691
"059","10am",20.90032,3.858521,22.99035,35.53055,16.720257
"060","10am",22.68041,15.80756,25.42955,25.7732,10.309278
"061","10am",33.21678,2.797203,20.62937,25.17483,18.181818
"062","10am",29.48207,18.326693,22.31076,25.49801,4.38247
"063","10am",26.27119,14.124294,33.61582,18.92655,7.062147
"064","10am",27.90224,13.238289,32.79022,20.57026,5.498982
"065","10am",19.63746,19.637462,30.21148,24.16918,6.344411
"066","10am",23.91304,16.614907,30.43478,20.65217,8.385093
"067","10am",29.44606,16.034985,27.69679,18.36735,8.45481
"068","10am",27.97203,20.27972,30.76923,14.68531,6.293706
"069","10am",20.2862,6.144781,21.80135,31.06061,20.707071
"070","10am",21.93057,9.229467,17.86622,31.16003,19.813717
"071","10am",21.8845,12.158055,20.16211,29.07801,16.717325
"072","10am",25.33512,7.372654,16.21984,30.29491,20.77748
"073","10am",23.33015,11.641221,22.47137,27.48092,15.076336
"074","10am",31.10102,15.777526,26.44722,20.99886,5.675369
"075","10am",32.58065,16.774194,27.41935,20.32258,2.903226
"076","10am",27.24359,9.294872,29.48718,25.32051,8.653846
"001","11am",19.70486,9.548611,19.74826,32.42187,18.576389
"003","11am",19.84866,13.969732,20.37253,29.56927,16.239814
"004","11am",21.44873,24.459078,24.64722,21.73095,7.714017
"005","11am",24.30887,18.017159,24.88084,24.02288,8.770257
"006","11am",24.08236,19.427037,28.37959,21.93375,6.177261
"007","11am",24.49541,23.027523,23.30275,22.38532,6.788991
"010","11am",24.20617,9.433962,21.07685,29.22227,16.060746
"011","11am",22.57669,6.01227,20.4908,32.88344,18.03681
"012","11am",26.53722,8.252427,19.82201,28.80259,16.585761
"013","11am",23.04348,12.608696,24.78261,30,9.565217
"014","11am",23.68421,5.263158,16.84211,35,19.210526
"015","11am",26.0788,15.75985,27.76735,21.01313,9.380863
"016","11am",25.41322,14.669421,30.16529,24.79339,4.958678
"017","11am",25.17647,12.470588,23.29412,30.58824,8.470588
"018","11am",26.097,11.778291,26.78984,23.78753,11.547344
"019","11am",25.54162,12.200684,28.27822,24.85747,9.122007
"020","11am",28.08023,19.340974,22.92264,21.63324,8.022923
"021","11am",24.55934,16.686251,26.32197,24.44183,7.990599
"023","11am",27.46667,7.466667,28.26667,26.13333,10.666667
"024","11am",26.24672,16.010499,27.82152,24.40945,5.511811
"025","11am",31.22677,28.996283,27.13755,10.03717,2.60223
"026","11am",30.62731,7.380074,22.14022,31.36531,8.487085
"027","11am",22.45763,12.288136,32.62712,27.11864,5.508475
"028","11am",28.15884,11.913357,22.02166,28.15884,9.747292
"029","11am",28.39879,9.063444,20.54381,28.54985,13.444109
"030","11am",28.1106,13.210445,25.96006,23.5023,9.21659
"031","11am",22.56298,19.167579,27.05367,23.22015,7.995619
"032","11am",24.76923,14.153846,24,27.23077,9.846154
"033","11am",23.45391,10.50175,29.28821,26.13769,10.618436
"034","11am",23.76238,8.712871,23.76238,30.49505,13.267327
"035","11am",21.62544,7.915194,24.947,30.81272,14.699647
"036","11am",28.6115,9.537167,26.92847,26.36746,8.5554
"037","11am",25.16556,14.701987,26.88742,24.63576,8.609272
"038","11am",24.71591,12.215909,33.80682,20.17045,9.090909
"039","11am",23.58491,9.119497,39.62264,22.32704,5.345912
"040","11am",23.66071,8.482143,32.36607,28.34821,7.142857
"041","11am",23.89078,9.215017,34.81229,27.64505,4.43686
"042","11am",23.99497,7.286432,25.25126,31.78392,11.683417
"043","11am",28.46535,13.242574,24.0099,26.36139,7.920792
"044","11am",23.26923,12.24359,24.10256,27.05128,13.333333
"045","11am",31.35135,10.810811,27.02703,21.35135,9.459459
"046","11am",23.73188,11.956522,27.71739,25.18116,11.413043
"047","11am",30.38869,8.480565,27.20848,29.32862,4.59364
"048","11am",22.78646,9.765625,28.64583,27.86458,10.9375
"049","11am",26.76056,6.036217,28.97384,26.96177,11.267606
"050","11am",30,10.816327,25.10204,23.87755,10.204082
"051","11am",19.19192,14.141414,28.28283,28.28283,10.10101
"052","11am",24.34916,7.350689,31.69985,26.49311,10.107198
"053","11am",24.65116,12.093023,26.97674,25.5814,10.697674
"054","11am",27.13568,12.562814,33.16583,22.61307,4.522613
"055","11am",23.93162,13.675214,34.61538,22.22222,5.555556
"056","11am",25.4717,12.578616,35.22013,20.12579,6.603774
"059","11am",21.15385,3.685897,24.03846,35.09615,16.025641
"060","11am",22.97297,16.554054,25,25,10.472973
"061","11am",32.9932,3.061224,20.06803,25.17007,18.707483
"062","11am",28.69198,18.565401,22.78481,25.7384,4.219409
"063","11am",25.68306,14.754098,33.60656,19.12568,6.830601
"064","11am",28.48233,14.137214,32.01663,19.95842,5.405405
"065","11am",19.70149,20,29.55224,24.77612,5.970149
"066","11am",24.26584,16.383308,30.29366,20.55641,8.500773
"067","11am",29.24791,15.320334,27.29805,19.77716,8.356546
"068","11am",28.05755,20.503597,31.29496,14.7482,5.395683
"069","11am",21.05263,6.112054,21.81664,30.22071,20.797963
"070","11am",21.83039,8.816121,17.12846,31.90596,20.31906
"071","11am",22.07254,12.124352,20.10363,28.80829,16.891192
"072","11am",25.42819,7.246377,16.8643,29.51252,20.948617
"073","11am",23.43823,11.930484,22.45186,27.10193,15.077501
"074","11am",31.88406,16.053512,24.63768,21.73913,5.685619
"075","11am",31.6129,16.129032,29.35484,20,2.903226
"076","11am",28.34395,8.280255,29.61783,25.47771,8.280255
"001","12am",19.31519,9.262511,19.79807,33.055312,18.56892
"003","12am",19.91652,13.416816,20.69171,29.218843,16.756112
"004","12am",22.04198,24.71374,24.5229,21.278626,7.442748
"005","12am",24.08622,17.713215,25.67948,23.336457,9.18463
"006","12am",24.0324,19.711971,28.9829,20.972097,6.30063
"007","12am",23.8954,23.354373,23.2642,22.903517,6.582507
"010","12am",23.48901,9.340659,21.29121,29.532967,16.346154
"011","12am",22.6506,5.662651,19.87952,33.253012,18.554217
"012","12am",26.99187,8.455285,20.4878,27.96748,16.097561
"013","12am",22.93853,13.043478,23.38831,31.934033,8.695652
"014","12am",23.23232,5.30303,16.91919,34.59596,19.949495
"015","12am",26.85714,16.190476,27.04762,20.761905,9.142857
"016","12am",25.91093,14.17004,30.36437,24.696356,4.8583
"017","12am",25.54745,12.408759,23.60097,29.927007,8.515815
"018","12am",24.61197,11.529933,27.27273,25.498891,11.086475
"019","12am",25.05695,12.300683,28.92938,24.031891,9.681093
"020","12am",28.48837,19.331395,22.67442,21.656977,7.848837
"021","12am",24.40137,17.103763,26.11174,24.059293,8.323831
"023","12am",27.11172,7.493188,28.33787,26.294278,10.762943
"024","12am",26.31579,16.541353,26.56642,24.81203,5.764411
"025","12am",29.88506,31.034483,27.20307,9.578544,2.298851
"026","12am",31.04693,7.220217,22.74368,30.685921,8.303249
"027","12am",21.05263,12.145749,32.79352,28.340081,5.668016
"028","12am",28.20513,11.355311,21.97802,27.838828,10.622711
"029","12am",28.18591,8.245877,21.13943,29.835082,12.593703
"030","12am",27.08333,13.392857,26.19048,24.255952,9.077381
"031","12am",22.91221,18.950749,26.01713,24.411135,7.708779
"032","12am",25.03771,14.177979,24.43439,27.45098,8.898944
"033","12am",23.17802,11.111111,29.39068,25.806452,10.51374
"034","12am",23.9604,8.316832,21.9802,31.683168,14.059406
"035","12am",21.60839,8.391608,24.40559,30.839161,14.755245
"036","12am",27.60646,10.425844,28.19383,25.991189,7.782673
"037","12am",26.27346,13.538874,26.54155,24.932976,8.713137
"038","12am",26.53631,10.893855,35.19553,18.994413,8.379888
"039","12am",23.58491,9.433962,40.25157,21.383648,5.345912
"040","12am",23.27044,8.595388,32.91405,28.092243,7.127883
"041","12am",22.44898,9.863946,35.37415,27.55102,4.761905
"042","12am",23.89937,7.421384,24.77987,32.327044,11.572327
"043","12am",28.3767,13.258984,23.91574,26.146221,8.302354
"044","12am",23.6911,12.172775,24.08377,26.505236,13.54712
"045","12am",30.50398,10.61008,27.58621,21.220159,10.079576
"046","12am",23.02285,12.478032,27.94376,25.307557,11.247803
"047","12am",30.92784,9.621993,27.49141,27.835052,4.123711
"048","12am",23.02717,10.866753,28.46054,27.166882,10.478655
"049","12am",27.16298,6.438632,28.37022,26.961771,11.066398
"050","12am",29.74052,10.179641,24.5509,24.9501,10.578842
"051","12am",18.78173,13.705584,29.44162,28.93401,9.137056
"052","12am",25.15432,7.253086,32.09877,26.388889,9.104938
"053","12am",24.88688,12.217195,25.33937,26.244344,11.312217
"054","12am",26.36816,11.940299,33.83085,22.38806,5.472637
"055","12am",24.46352,13.304721,34.76395,21.459227,6.008584
"056","12am",24.52229,12.420382,36.94268,20.063694,6.050955
"059","12am",21.92691,3.820598,22.42525,35.880399,15.946844
"060","12am",22.89562,17.171717,24.91582,24.915825,10.10101
"061","12am",33.44828,3.448276,21.03448,25.172414,16.896552
"062","12am",28.97959,17.959184,22.04082,25.714286,5.306122
"063","12am",25.57471,14.942529,34.1954,19.252874,6.034483
"064","12am",27.34694,14.285714,32.44898,19.795918,6.122449
"065","12am",19.94048,18.75,29.7619,24.702381,6.845238
"066","12am",24.49298,16.536661,30.42122,20.280811,8.268331
"067","12am",29.62963,15.954416,26.78063,18.518519,9.116809
"068","12am",26.92308,19.93007,30.41958,16.783217,5.944056
"069","12am",21.39812,5.967604,21.39812,30.605286,20.630861
"070","12am",21.47084,8.791209,17.75148,31.360947,20.625528
"071","12am",22.34809,12.15242,20.08239,28.321318,17.095778
"072","12am",24.90613,7.884856,16.39549,29.036295,21.777222
"073","12am",23.69804,12.231247,22.64692,27.042523,14.381271
"074","12am",31.46067,16.292135,25.2809,21.573034,5.393258
"075","12am",32.0122,15.54878,29.57317,19.817073,3.04878
"076","12am",28.26748,7.598784,30.39514,25.227964,8.510638
"001","1pm",19.4698,9.343764,20.03477,32.50761,18.644068
"003","1pm",20.19906,13.52459,20.37471,29.15691,16.744731
"004","1pm",21.71429,24.380952,24.7619,21.71429,7.428571
"005","1pm",24.18605,16.465116,25.5814,24.37209,9.395349
"006","1pm",24.27798,19.494585,28.61011,21.02888,6.588448
"007","1pm",23.52941,23.968393,23.26602,22.38806,6.848112
"010","1pm",23.99643,9.768064,21.76628,29.12578,15.343443
"011","1pm",22.03182,5.630355,20.44064,33.90453,17.992656
"012","1pm",26.79901,8.188586,20.76096,28.20513,16.046319
"013","1pm",23.78139,13.884786,21.86115,31.61004,8.862629
"014","1pm",24.05063,5.56962,16.4557,33.92405,20
"015","1pm",26.75522,15.559772,26.75522,21.44213,9.487666
"016","1pm",25.32468,14.935065,31.60173,23.59307,4.545455
"017","1pm",24.33735,11.566265,24.81928,31.08434,8.192771
"018","1pm",24.34368,11.694511,28.16229,24.58234,11.217184
"019","1pm",25.4902,12.226067,28.14302,24.56747,9.573241
"020","1pm",28.95522,18.059701,22.98507,21.9403,8.059701
"021","1pm",25.70781,16.761042,25.36806,23.89581,8.267271
"023","1pm",26.37795,7.086614,29.39633,26.50919,10.629921
"024","1pm",26.17801,17.801047,26.43979,24.34555,5.235602
"025","1pm",29.43548,31.854839,25.40323,10.8871,2.419355
"026","1pm",31.83521,7.116105,22.84644,29.96255,8.2397
"027","1pm",21.03175,12.301587,33.73016,28.1746,4.761905
"028","1pm",29.09091,10.181818,22.18182,27.63636,10.909091
"029","1pm",26.546,7.692308,22.02112,30.31674,13.423831
"030","1pm",27.21713,13.302752,26.4526,23.24159,9.785933
"031","1pm",22.51868,18.996798,26.46745,24.11953,7.897545
"032","1pm",25.07375,14.011799,25.22124,26.25369,9.439528
"033","1pm",22.46117,10.752688,29.15173,26.88172,10.752688
"034","1pm",24.21053,8.631579,23.15789,30.52632,13.473684
"035","1pm",23.0148,8.411844,23.68775,30.68641,14.199192
"036","1pm",27.90698,10.02907,29.06977,24.7093,8.284884
"037","1pm",25.77598,13.495277,26.45074,25.23617,9.041835
"038","1pm",26.72414,10.632184,33.04598,20.68966,8.908046
"039","1pm",25.2459,8.852459,38.36066,22.62295,4.918033
"040","1pm",23.19149,8.085106,32.97872,29.3617,6.382979
"041","1pm",23.12925,9.183673,37.07483,25.85034,4.761905
"042","1pm",23.91858,7.888041,24.68193,32.06107,11.450382
"043","1pm",28.12887,13.506815,24.4114,25.89839,8.054523
"044","1pm",23.76682,11.723254,24.08712,26.84177,13.581038
"045","1pm",30.44619,9.973753,28.08399,21.25984,10.23622
"046","1pm",22.34432,12.637363,29.12088,25.09158,10.805861
"047","1pm",30.13699,9.931507,28.76712,26.36986,4.794521
"048","1pm",22.64398,10.340314,29.05759,26.43979,11.518325
"049","1pm",27.67677,6.262626,27.87879,26.46465,11.717172
"050","1pm",28.59961,11.242604,25.44379,24.65483,10.059172
"051","1pm",19.25134,11.764706,27.80749,31.01604,10.160428
"052","1pm",25,7.515337,31.74847,26.07362,9.662577
"053","1pm",25.79186,11.764706,27.60181,23.52941,11.312217
"054","1pm",26.13065,13.567839,34.17085,20.60302,5.527638
"055","1pm",24.13793,12.931034,35.34483,21.55172,6.034483
"056","1pm",23.05195,13.961039,35.06494,21.75325,6.168831
"059","1pm",20.85386,4.926108,22.33169,36.289,15.599343
"060","1pm",22.92359,16.27907,26.57807,24.58472,9.634551
"061","1pm",32.3741,3.597122,19.42446,27.33813,17.266187
"062","1pm",29.46058,18.257261,20.33195,26.97095,4.979253
"063","1pm",24.78873,15.211268,34.64789,19.71831,5.633803
"064","1pm",28.66109,14.435146,31.79916,18.82845,6.276151
"065","1pm",17.96407,17.664671,31.13772,26.34731,6.886228
"066","1pm",24.375,15.78125,31.09375,20.15625,8.59375
"067","1pm",28.65169,16.011236,27.80899,18.82022,8.707865
"068","1pm",26.97842,19.42446,30.21583,16.90647,6.47482
