"district","hour","cleduc1","cleduc2","cleduc3","cleduc4"
"101","4am",1.731105,36.46645,28.52048,33.281967
"102","4am",7.082541,27.93693,26.19773,38.782799
"103","4am",11.042928,37.1972,21.89739,29.862477
"104","4am",7.448918,33.77822,33.59564,25.177219
"105","4am",6.185378,25.41645,32.83725,35.560919
"106","4am",4.445738,28.16432,33.36164,34.028304
"107","4am",5.659314,46.2122,22.48312,25.645375
"108","4am",6.691989,28.66876,36.33803,28.301222
"109","4am",26.192843,48.22891,21.44059,4.137652
"110","4am",5.021453,34.28601,29.21213,31.480401
"111","4am",10.248717,39.96591,26.17021,23.615169
"112","4am",6.427717,27.39299,30.70198,35.477317
"113","4am",5.679449,21.58753,41.25767,31.475357
"114","4am",13.654391,58.93988,18.57485,8.830879
"115","4am",3.506532,28.0044,30.16522,38.323849
"116","4am",14.723859,68.42158,10.28631,6.568244
"117","4am",11.991519,63.33773,16.89669,7.774059
"118","4am",7.813604,53.77916,22.41762,15.989609
"119","4am",15.683713,62.10702,14.1698,8.039471
"120","4am",10.853663,57.36862,23.02346,8.754257
"121","4am",21.564934,39.80312,26.96361,11.668336
"122","4am",18.923628,49.17838,24.01483,7.883167
"123","4am",18.541797,52.25422,20.58009,8.623891
"124","4am",10.867236,47.90816,25.25532,15.969287
"125","4am",11.10874,53.77445,20.58814,14.528665
"126","4am",16.767993,50.34493,14.92394,17.963137
"127","4am",13.073605,32.72885,25.85716,28.340378
"128","4am",7.631837,53.49794,23.85588,15.014345
"129","4am",5.651375,34.56261,29.96278,29.823235
"130","4am",6.833686,30.21564,29.19158,33.759095
"131","4am",12.511043,35.3303,28.23084,23.927815
"132","4am",5.338732,41.45002,38.22892,14.982329
"133","4am",28.246292,40.78195,27.62655,3.345205
"134","4am",11.373075,58.62292,20.09172,9.912283
"201","4am",28.653882,16.12226,25.24137,29.982489
"202","4am",19.540714,30.70107,24.82017,24.938052
"203","4am",19.374838,32.21857,23.63944,24.76715
"204","4am",23.218219,37.34125,21.54805,17.892486
"205","4am",24.908618,30.07802,23.93686,21.076502
"206","4am",11.854199,44.03179,24.71263,19.40138
"207","4am",15.126483,28.46852,26.20842,30.196574
"208","4am",16.832067,21.00756,35.07426,27.086109
"209","4am",20.69987,17.09653,22.90412,39.29948
"210","4am",34.608758,31.85909,14.23887,19.293279
"211","4am",25.763766,34.90329,15.13594,24.197009
"212","4am",26.488476,25.40403,22.10024,26.007252
"213","4am",31.105994,35.15392,10.56811,23.171978
"214","4am",30.00816,34.35227,22.11931,13.520264
"215","4am",26.003465,34.24967,22.79558,16.951289
"216","4am",28.53743,36.27942,20.64051,14.542633
"217","4am",31.135959,30.26595,22.36308,16.235007
"218","4am",29.82585,35.97485,18.28176,15.91754
"219","4am",33.256662,33.25958,18.31088,15.172882
"220","4am",31.671147,37.32171,18.43756,12.56958
"221","4am",41.693327,28.58401,18.75691,10.965756
"222","4am",26.096876,26.35885,25.73608,21.808192
"223","4am",29.668265,26.00522,23.70456,20.621951
"224","4am",38.464572,24.62815,22.72589,14.181387
"225","4am",40.181956,31.24099,12.68047,15.896587
"226","4am",41.388294,38.34652,10.58489,9.68029
"227","4am",33.834503,36.71368,17.6095,11.842319
"228","4am",26.338982,32.72135,27.41679,13.52288
"229","4am",41.546347,32.08841,16.91534,9.449911
"230","4am",32.731299,31.72451,24.12501,11.41918
"231","4am",29.998145,38.25023,13.011,18.740618
"232","4am",21.795036,21.21299,30.6801,26.311873
"233","4am",21.24909,34.21356,25.44171,19.095633
"101","5am",1.729256,37.21452,27.809797,33.246423
"102","5am",7.082541,27.93693,26.197733,38.782799
"103","5am",10.753898,39.52162,20.643606,29.080877
"104","5am",7.448918,33.77822,33.59564,25.177219
"105","5am",6.175763,26.28318,32.786207,34.754855
"106","5am",4.413156,28.6908,33.117131,33.778912
"107","5am",5.707053,46.4917,21.939544,25.861707
"108","5am",6.73695,28.86137,36.582173,27.819503
"109","5am",25.905782,48.7963,21.205615,4.092305
"110","5am",5.051479,33.89307,29.386811,31.668641
"111","5am",9.364649,39.20795,27.653738,23.773667
"112","5am",6.317925,28.63319,30.177558,34.871331
"113","5am",5.606287,22.59763,40.726192,31.069895
"114","5am",15.549944,57.64597,18.167076,8.637014
"115","5am",3.440881,29.35234,29.600451,37.606328
"116","5am",14.523971,70.30293,8.374666,6.798431
"117","5am",12.570481,62.64473,16.97479,7.809994
"118","5am",7.243122,54.17991,23.754782,14.822185
"119","5am",17.297624,57.80295,17.062061,7.837364
"120","5am",11.288711,56.46372,23.142412,9.105154
"121","5am",20.470004,43.37561,25.594567,10.559818
"122","5am",18.00016,48.87246,25.067212,8.060164
"123","5am",18.386219,52.44266,21.209889,7.961234
"124","5am",10.850731,45.74341,27.460824,15.945032
"125","5am",11.319761,52.89635,20.979234,14.80465
"126","5am",17.372086,52.15869,12.555197,17.914032
"127","5am",13.073605,32.72885,25.857164,28.340378
"128","5am",7.27053,56.31484,22.726495,13.688139
"129","5am",4.639018,35.79256,29.853729,29.714693
"130","5am",6.833686,30.21564,29.191579,33.759095
"131","5am",12.741564,35.21313,27.676611,24.368696
"132","5am",6.242755,41.15423,38.455451,14.147569
"133","5am",30.076398,44.07054,22.291114,3.561944
"134","5am",11.470764,57.63311,20.898705,9.997425
"201","5am",29.101501,15.16985,24.653246,31.075407
"202","5am",18.908385,29.30058,28.152823,23.638215
"203","5am",19.29625,32.48769,22.778395,25.437662
"204","5am",23.668346,36.12649,21.965795,18.239364
"205","5am",25.085728,29.58085,24.107062,21.226364
"206","5am",11.958119,44.6545,23.815922,19.571462
"207","5am",15.330723,24.79081,29.904387,29.974081
"208","5am",16.769125,18.51687,36.571028,28.14298
"209","5am",20.971004,17.32047,23.204127,38.504402
"210","5am",36.210556,34.15188,14.897891,14.739669
"211","5am",25.471732,34.50766,16.838272,23.182336
"212","5am",24.827516,25.97802,22.599588,26.594874
"213","5am",32.1144,34.63937,10.413424,22.832808
"214","5am",29.654806,34.52569,22.230979,13.588521
"215","5am",25.700457,34.00299,23.110835,17.18572
"216","5am",27.616447,36.25261,21.196547,14.934396
"217","5am",31.39465,29.68657,22.548887,16.369894
"218","5am",30.064709,35.56978,18.834386,15.531123
"219","5am",33.88958,32.58658,18.332795,15.191042
"220","5am",32.678029,36.37136,17.98142,12.969189
"221","5am",42.143913,27.8122,18.959621,11.084265
"222","5am",26.193292,26.45623,25.461713,21.888763
"223","5am",29.668265,26.00522,23.704561,20.621951
"224","5am",39.670373,24.66378,21.039892,14.62595
"225","5am",41.080874,29.70277,12.964144,16.252212
"226","5am",38.520414,39.29815,13.171909,9.009523
"227","5am",34.051735,36.30735,17.722561,11.918352
"228","5am",26.947196,33.47694,25.740715,13.835148
"229","5am",41.546347,32.08841,16.915337,9.449911
"230","5am",32.731299,31.72451,24.125008,11.41918
"231","5am",30.153249,37.46346,13.545775,18.837515
"232","5am",21.979511,22.55485,28.931064,26.534579
"233","5am",21.328032,33.6318,25.255321,19.784845
"101","6am",1.688702,39.98813,26.78676,31.53641
"102","6am",8.329903,27.51522,25.775814,38.379067
"103","6am",11.066955,37.27925,21.72634,29.927452
"104","6am",7.608621,35.06716,32.567124,24.757098
"105","6am",6.239117,26.84532,31.465224,35.450341
"106","6am",4.274157,31.27759,32.795945,31.652311
"107","6am",5.595208,48.58923,21.216311,24.599249
"108","6am",6.844093,29.02607,37.139766,26.990069
"109","6am",26.180822,49.13777,20.431056,4.25035
"110","6am",5.891343,36.42814,27.564844,30.115677
"111","6am",7.683395,39.18652,29.628965,23.501124
"112","6am",6.246272,28.30845,29.835306,35.609975
"113","6am",5.694562,23.24847,40.344939,30.712032
"114","6am",15.130756,59.22195,16.609672,9.037623
"115","6am",3.481748,28.9936,28.771931,38.752717
"116","6am",15.245033,69.6234,8.351742,6.779822
"117","6am",13.063185,61.18058,17.640122,8.116109
"118","6am",7.375642,53.77594,23.032724,15.815694
"119","6am",18.289348,56.21182,17.692334,7.806502
"120","6am",9.461661,57.89992,24.206001,8.432421
"121","6am",20.291039,44.42771,25.370799,9.910454
"122","6am",16.541373,49.47708,24.304259,9.677289
"123","6am",19.948482,50.97889,20.434939,8.637694
"124","6am",11.235683,44.27278,27.526982,16.964556
"125","6am",11.320813,52.14464,21.728523,14.806025
"126","6am",16.874786,51.63116,12.977488,18.516566
"127","6am",14.254798,29.30434,26.248335,30.192522
"128","6am",7.258537,57.06308,22.012824,13.665559
"129","6am",4.677422,35.26103,30.100868,29.960682
"130","6am",6.966042,30.80087,27.82014,34.412952
"131","6am",12.830554,34.68555,27.096399,25.387492
"132","6am",6.28822,42.1121,37.349074,14.250604
"133","6am",28.617443,47.59414,20.399256,3.38916
"134","6am",11.574414,55.41739,22.92044,10.087761
"201","6am",28.699341,14.64585,25.307636,31.347176
"202","6am",23.404429,28.42829,26.969781,21.197497
"203","6am",19.352725,32.58278,21.339638,26.724859
"204","6am",24.511788,35.90807,22.18489,17.395255
"205","6am",25.478957,29.01742,24.770514,20.733111
"206","6am",12.192587,44.58147,24.786908,18.439037
"207","6am",15.603517,24.05871,30.436503,29.901268
"208","6am",16.906256,17.40766,37.312964,28.373123
"209","6am",20.393055,17.44713,23.373822,38.785989
"210","6am",33.556077,34.86059,16.537791,15.045541
"211","6am",25.848266,33.53952,17.087183,23.525027
"212","6am",25.403105,25.73751,23.123526,25.735861
"213","6am",32.297133,34.21778,10.472677,23.012413
"214","6am",30.131902,35.02673,21.922462,12.918902
"215","6am",25.727291,34.03849,24.234966,15.999253
"216","6am",28.854511,35.94415,21.362931,13.838412
"217","6am",31.536838,29.56949,23.510257,15.383412
"218","6am",28.202188,38.76639,18.103223,14.928196
"219","6am",34.181352,34.21558,17.771692,13.831377
"220","6am",33.98115,34.52361,17.67645,13.818792
"221","6am",42.936584,27.39488,18.375793,11.292745
"222","6am",27.863278,26.57522,23.143859,22.417641
"223","6am",28.316586,28.59888,21.827525,21.257013
"224","6am",40.095637,23.49528,20.863353,15.54573
"225","6am",41.236231,29.86596,13.481967,15.415847
"226","6am",39.284924,38.80947,13.008113,8.897488
"227","6am",34.494677,35.47884,17.953095,12.073384
"228","6am",27.858062,33.71863,25.35544,13.067865
"229","6am",42.610143,32.0737,17.348455,7.967703
"230","6am",33.321067,30.87247,23.569451,12.237014
"231","6am",29.472991,38.26646,13.72484,18.535712
"232","6am",21.805546,21.60707,30.15478,26.432599
"233","6am",22.17603,34.0609,25.146241,18.616825
"101","7am",1.348946,43.9238,28.453429,26.273823
"102","7am",6.542442,26.91038,31.989012,34.558162
"103","7am",12.242713,40.61094,24.423599,22.722753
"104","7am",8.764006,36.93987,30.295532,24.000589
"105","7am",7.143657,25.50024,31.471644,35.884458
"106","7am",3.981482,31.89859,33.394589,30.725343
"107","7am",5.900042,48.49868,20.763587,24.837695
"108","7am",8.846463,26.54748,35.985662,28.6204
"109","7am",21.942385,40.94682,23.341018,13.769773
"110","7am",5.637525,36.69613,33.453749,24.212598
"111","7am",5.106953,35.13335,35.498345,24.261352
"112","7am",5.322094,30.44656,28.391213,35.840129
"113","7am",5.146747,24.52389,40.369837,29.959527
"114","7am",16.122414,55.53828,16.68175,11.657557
"115","7am",6.749193,35.77736,26.110523,31.36292
"116","7am",15.965479,67.88643,6.086592,10.061501
"117","7am",12.649504,60.34565,17.781716,9.223126
"118","7am",7.254809,47.12731,28.28935,17.328526
"119","7am",18.864268,53.84925,20.106725,7.179755
"120","7am",9.878137,55.7324,24.454237,9.935229
"121","7am",22.902286,42.44017,25.218071,9.43947
"122","7am",15.253463,48.94595,23.953015,11.847574
"123","7am",19.315213,46.84801,25.170674,8.666099
"124","7am",12.522736,42.61884,27.457061,17.401367
"125","7am",12.796528,40.85744,26.499171,19.84686
"126","7am",18.528554,52.5186,11.77159,17.181257
"127","7am",14.527669,30.36167,25.134821,29.975837
"128","7am",6.695865,61.82843,20.171062,11.30464
"129","7am",5.939503,37.8618,29.998781,26.199911
"130","7am",8.650523,34.53527,24.269126,32.545084
"131","7am",11.672008,38.76911,27.586677,21.97221
"132","7am",6.107778,39.60441,37.574406,16.713404
"133","7am",26.533545,47.67792,17.727236,8.061299
"134","7am",12.829135,57.80889,22.680273,6.6817
"201","7am",32.564743,17.1483,20.800463,29.48649
"202","7am",23.943335,32.57,23.21366,20.273009
"203","7am",23.060555,31.44289,24.375749,21.120801
"204","7am",26.784187,34.41688,23.247004,15.551927
"205","7am",29.8334,30.76248,21.999034,17.405089
"206","7am",14.958201,42.84726,26.127662,16.066873
"207","7am",18.652742,26.81316,32.081809,22.452291
"208","7am",21.490028,19.62391,31.394887,27.491176
"209","7am",22.576605,19.23534,20.072954,38.115098
"210","7am",35.559376,36.89304,17.04948,10.498102
"211","7am",26.844522,35.15238,16.594743,21.408359
"212","7am",25.173665,23.536,22.839086,28.451248
"213","7am",33.862934,34.33332,10.328661,21.475086
"214","7am",32.680915,33.97237,22.125158,11.22156
"215","7am",26.87352,36.0102,23.864111,13.252167
"216","7am",31.202802,35.83044,16.598519,16.368243
"217","7am",31.378819,33.86548,22.883994,11.871703
"218","7am",26.374478,36.34485,18.419702,18.860973
"219","7am",35.259576,34.77851,18.784057,11.177853
"220","7am",35.794207,30.76058,18.619573,14.825643
"221","7am",42.012827,26.90043,15.61327,15.473477
"222","7am",32.656809,31.33433,21.285731,14.723126
"223","7am",27.718605,26.52023,19.673112,26.088053
"224","7am",43.324314,25.28589,19.13749,12.252306
"225","7am",45.309478,28.67232,12.696328,13.321877
"226","7am",36.805193,40.87195,12.231693,10.091167
"227","7am",38.997239,34.01123,16.019327,10.972202
"228","7am",30.883705,39.15929,21.097763,8.859237
"229","7am",46.099554,35.16139,15.578568,3.160484
"230","7am",35.094402,29.10912,24.923904,10.872573
"231","7am",26.883487,35.72722,18.156194,19.233098
"232","7am",26.009126,26.55021,20.547746,26.892921
"233","7am",23.517293,32.8512,25.48676,18.144751
"101","8am",2.596247,31.85101,34.226092,31.326651
"102","8am",4.358466,33.08163,37.414568,25.145333
"103","8am",12.238846,43.17112,26.104826,18.48521
"104","8am",12.615564,37.76276,20.984147,28.637534
"105","8am",7.653516,27.50684,38.238836,26.600808
"106","8am",3.228711,32.35226,37.11148,27.307548
"107","8am",6.564488,52.8788,19.619035,20.93768
"108","8am",14.415102,29.20449,34.892384,21.488026
"109","8am",23.502317,37.50303,21.65123,17.343424
"110","8am",5.912956,35.43831,29.407139,29.24159
"111","8am",4.959694,25.36592,34.87294,34.801443
"112","8am",3.587342,28.2833,24.29695,43.83241
"113","8am",5.66788,26.80269,42.978563,24.550863
"114","8am",13.793008,54.61247,22.210361,9.384159
"115","8am",8.41095,37.8487,22.669612,31.070736
"116","8am",14.935863,66.80509,7.853865,10.405181
"117","8am",12.99095,56.99883,16.266866,13.743357
"118","8am",4.750695,38.53087,33.68211,23.036323
"119","8am",16.32323,48.80477,19.35743,15.514574
"120","8am",10.605857,51.9671,22.211484,15.215557
"121","8am",21.660269,48.88586,17.792596,11.661273
"122","8am",12.993387,43.96293,26.820797,16.222889
"123","8am",21.197043,46.79944,22.518766,9.484752
"124","8am",14.904353,40.97809,28.043948,16.073609
"125","8am",11.036905,36.97244,28.926234,23.064424
"126","8am",21.14903,52.5956,12.260821,13.99455
"127","8am",18.86132,36.98857,21.177718,22.972391
"128","8am",5.280071,59.29821,22.765761,12.655955
"129","8am",6.022106,32.80537,26.096262,35.076266
"130","8am",8.130662,34.946,34.741985,22.18135
"131","8am",13.413853,47.75627,22.427542,16.402335
"132","8am",6.59555,46.47318,33.682819,13.248453
"133","8am",19.830219,42.79566,23.531438,13.842684
"134","8am",14.223113,51.47685,19.685245,14.614793
"201","8am",33.500379,20.40969,22.546541,23.543394
"202","8am",27.419396,35.20246,18.332764,19.045375
"203","8am",23.788435,34.33933,23.069948,18.802283
"204","8am",27.261666,38.05426,24.785782,9.898295
"205","8am",37.986927,31.83601,25.090709,5.086356
"206","8am",14.744622,43.53766,23.846262,17.871451
"207","8am",21.012501,28.77347,31.320467,18.893558
"208","8am",22.692539,27.88987,32.208014,17.209576
"209","8am",26.357035,21.71158,16.648504,35.282884
"210","8am",34.656166,36.1559,18.383363,10.804574
"211","8am",26.160925,34.23664,17.463209,22.139227
"212","8am",29.174109,25.05343,23.283843,22.488616
"213","8am",31.960599,34.31561,14.64347,19.08032
"214","8am",30.578317,37.76409,20.021011,11.636579
"215","8am",31.012059,34.6542,26.154153,8.179589
"216","8am",34.059897,32.27802,14.692133,18.969953
"217","8am",35.963137,27.73844,17.277325,19.021095
"218","8am",22.359065,39.29673,22.744588,15.599619
"219","8am",35.354884,33.91681,18.31248,12.415824
"220","8am",32.310554,33.53778,17.958064,16.193603
"221","8am",40.81721,25.94756,17.805144,15.430087
"222","8am",36.653322,27.70522,21.025883,14.615577
"223","8am",24.131466,32.7273,19.521609,23.619622
"224","8am",47.251405,23.53044,17.203395,12.014758
"225","8am",49.971059,28.68328,11.831023,9.514641
"226","8am",32.543611,37.52289,14.81622,15.117279
"227","8am",40.673126,32.77251,15.797304,10.757059
"228","8am",32.967252,41.75408,15.357098,9.921569
"229","8am",47.983552,34.83436,12.803856,4.378236
"230","8am",35.335785,29.99923,21.76527,12.899713
"231","8am",25.549382,31.31099,14.744199,28.395428
"232","8am",28.554266,32.0621,25.677701,13.705931
"233","8am",25.34359,40.07242,25.347964,9.236023
"101","9am",4.721211,29.29176,34.395898,31.591132
"102","9am",5.789139,32.69278,34.88522,26.632861
"103","9am",10.565518,41.29191,29.966266,18.176308
"104","9am",13.198797,38.3485,18.857658,29.59504
"105","9am",7.211166,27.17748,38.197324,27.414034
"106","9am",4.928767,29.42144,39.110745,26.539048
"107","9am",6.929069,54.15915,18.80062,20.111161
"108","9am",14.884475,32.17545,34.415472,18.524606
"109","9am",22.418517,37.07715,19.646309,20.858027
"110","9am",5.161978,36.00963,32.544406,26.283984
"111","9am",5.76875,24.012,35.276292,34.942953
"112","9am",5.64275,26.13292,25.103815,43.120515
"113","9am",4.827838,27.96838,42.575866,24.627915
"114","9am",12.444858,53.09504,25.717408,8.742699
"115","9am",7.650618,36.43665,27.632113,28.280623
"116","9am",14.249425,64.32566,7.848629,13.576287
"117","9am",12.218888,55.00489,16.51838,16.257843
"118","9am",6.28193,37.33964,34.516926,21.861505
"119","9am",15.660069,53.48237,18.545988,12.311576
"120","9am",10.317623,49.83524,22.807387,17.039751
"121","9am",20.902501,49.22117,15.401007,14.475321
"122","9am",12.533653,43.43828,26.161073,17.866996
"123","9am",20.540515,45.5328,25.028717,8.897966
"124","9am",14.500171,42.00737,26.885922,16.606539
"125","9am",14.499167,37.92993,26.956524,20.614383
"126","9am",21.45196,61.92556,6.526901,10.095581
"127","9am",20.929538,35.71116,20.132901,23.226399
"128","9am",5.780855,56.80393,24.944861,12.47035
"129","9am",5.568164,33.09022,30.42067,30.920946
"130","9am",8.657692,34.68669,32.224063,24.431555
"131","9am",12.603598,47.72044,21.706345,17.969619
"132","9am",8.125059,47.92837,31.179319,12.767255
"133","9am",18.125231,38.12609,26.980121,16.768557
"134","9am",12.899842,51.37008,20.199378,15.530701
"201","9am",33.234875,26.04204,18.882509,21.840573
"202","9am",28.116099,36.92905,17.676344,17.278512
"203","9am",26.794661,34.75193,18.442913,20.010498
"204","9am",28.829783,37.98446,23.291169,9.894591
"205","9am",40.257994,30.43635,23.915206,5.390446
"206","9am",13.162628,46.04773,22.789756,17.99989
"207","9am",22.568923,28.14386,30.558012,18.729206
"208","9am",21.61392,26.82558,34.197839,17.362656
"209","9am",25.620368,20.62312,18.218635,35.537881
"210","9am",33.668563,36.19875,19.145486,10.987205
"211","9am",25.144492,35.15844,18.663003,21.034062
"212","9am",25.320346,24.88104,22.514303,27.284313
"213","9am",31.778677,36.31361,13.612561,18.29515
"214","9am",34.741615,34.57596,18.571125,12.111298
"215","9am",32.089655,36.01254,21.455769,10.442035
"216","9am",30.647241,31.68874,17.742579,19.921439
"217","9am",36.714582,29.51709,17.359722,16.408609
"218","9am",21.438823,35.82576,27.344662,15.390754
"219","9am",35.911399,34.97722,13.090406,16.020974
"220","9am",31.907554,34.67278,16.370438,17.049233
"221","9am",40.13882,26.84618,19.234435,13.78057
"222","9am",35.190177,29.48657,20.617437,14.705818
"223","9am",24.876893,31.65285,19.566136,23.90412
"224","9am",48.037352,24.39735,17.124253,10.441048
"225","9am",48.648416,27.29652,12.237882,11.817182
"226","9am",32.077673,40.48332,13.074401,14.364602
"227","9am",38.012939,34.44964,13.018595,14.51883
"228","9am",32.565031,41.49239,16.217772,9.72481
"229","9am",48.531114,33.29183,13.605235,4.571817
"230","9am",34.662045,31.65734,20.261656,13.418959
"231","9am",27.434165,31.67048,14.585877,26.309478
"232","9am",27.000194,32.27976,26.483168,14.236874
"233","9am",27.814847,37.5295,26.966095,7.689559
"101","10am",3.847593,29.25957,35.976965,30.915868
"102","10am",6.363346,32.51477,35.075271,26.046615
"103","10am",8.604667,45.50668,28.109753,17.778898
"104","10am",14.662936,36.35543,20.103342,28.878288
"105","10am",7.232832,28.13195,37.626008,27.009209
"106","10am",3.910271,30.63884,35.978704,29.472181
"107","10am",9.123628,52.14836,19.655618,19.072394
"108","10am",14.033447,37.14233,30.793406,18.030815
"109","10am",21.748158,40.23236,15.613042,22.406435
"110","10am",5.044933,38.90504,34.038848,22.011178
"111","10am",6.441938,23.31164,36.295256,33.951171
"112","10am",3.977212,25.56394,24.063192,46.395657
"113","10am",5.075319,27.67602,42.488794,24.759864
"114","10am",10.181605,52.19113,25.642401,11.984859
"115","10am",9.156864,34.1327,27.297925,29.412513
"116","10am",19.052861,62.69718,6.941484,11.308478
"117","10am",11.071238,58.08085,13.805407,17.042504
"118","10am",4.835853,37.7054,33.572317,23.886433
"119","10am",16.499854,52.02816,21.454084,10.017905
"120","10am",11.409177,46.96816,23.430767,18.191893
"121","10am",22.208499,49.7372,11.843568,16.210738
"122","10am",12.584177,42.11402,28.172621,17.129179
"123","10am",19.255301,46.19177,26.697603,7.855329
"124","10am",14.476591,40.92499,27.96549,16.632926
"125","10am",12.672874,37.04125,29.696331,20.58955
"126","10am",20.171805,54.8286,8.576219,16.423379
"127","10am",20.954488,36.22134,25.643459,17.180715
"128","10am",7.972591,55.13211,24.705882,12.189419
"129","10am",4.698953,31.396,31.929219,31.975831
"130","10am",11.088939,34.13871,33.144658,21.627692
"131","10am",15.679809,50.30065,19.061881,14.957664
"132","10am",8.592742,51.93792,28.82512,10.644221
"133","10am",18.018876,37.27617,27.319629,17.385326
"134","10am",11.995868,52.03378,22.397728,13.57262
"201","10am",32.060436,24.25509,19.305499,24.378978
"202","10am",28.695919,39.78953,17.801012,13.713536
"203","10am",28.446622,34.70942,20.187458,16.656502
"204","10am",27.879255,40.68689,22.142862,9.29099
"205","10am",42.204747,34.80435,17.14274,5.848159
"206","10am",16.804769,45.99703,19.559247,17.63895
"207","10am",22.634328,29.47677,32.783142,15.105765
"208","10am",20.57909,29.36835,29.473725,20.578832
"209","10am",26.369993,19.82421,20.481107,33.324694
"210","10am",33.241483,35.86059,20.229422,10.668509
"211","10am",25.726759,34.21978,18.23341,21.820046
"212","10am",27.868625,23.08937,20.904924,28.137084
"213","10am",31.781604,36.10703,12.812469,19.298898
"214","10am",34.133007,37.42048,18.71469,9.731818
"215","10am",32.311549,37.02954,22.458126,8.200786
"216","10am",32.226659,32.50873,16.360217,18.904395
"217","10am",36.708276,30.01863,17.867687,15.405404
"218","10am",22.145261,33.41441,26.439142,18.001187
"219","10am",33.092468,37.11029,15.193753,14.603492
"220","10am",31.650536,35.94477,16.238573,16.166123
"221","10am",40.379563,27.95431,17.246059,14.420071
"222","10am",37.91166,29.11243,20.138798,12.837111
"223","10am",24.127779,30.36606,20.718952,24.78721
"224","10am",48.516804,24.41262,16.153479,10.917098
"225","10am",47.955291,32.08498,10.45225,9.50748
"226","10am",32.797892,37.63924,14.252529,15.310335
"227","10am",38.78779,35.09908,14.419738,11.693392
"228","10am",32.668332,38.19513,18.600758,10.535776
"229","10am",47.992846,33.12167,11.93842,6.947065
"230","10am",37.028504,33.24682,21.180629,8.544045
"231","10am",27.224084,31.45207,15.565864,25.757983
"232","10am",30.277398,34.01367,24.075926,11.633006
"233","10am",28.520813,38.17355,22.069248,11.236393
"101","11am",5.269777,32.74451,35.884207,26.101506
"102","11am",4.568675,29.458,36.428245,29.545084
"103","11am",10.612307,42.95702,26.230176,20.200499
"104","11am",13.371641,35.99431,19.58976,31.044292
"105","11am",8.107501,27.94265,38.963909,24.985941
"106","11am",2.634328,29.63073,32.824989,34.909956
"107","11am",7.983072,50.62294,19.082361,22.311624
"108","11am",13.325265,34.05082,33.428139,19.195773
"109","11am",23.916717,37.04199,18.7715,20.269796
"110","11am",6.596041,38.42258,34.645479,20.335901
"111","11am",6.48412,24.78277,36.34078,32.39233
"112","11am",4.612365,28.17102,21.838781,45.377832
"113","11am",6.37663,30.26129,38.617883,24.744201
"114","11am",15.580066,50.2983,22.315052,11.806578
"115","11am",6.911027,27.37074,30.540011,35.178221
"116","11am",18.077095,65.64087,8.124642,8.157392
"117","11am",11.247038,61.82359,12.228487,14.700883
"118","11am",5.721737,33.93937,34.405966,25.932929
"119","11am",15.792019,50.3298,20.468861,13.40932
"120","11am",11.010598,47.97487,24.335445,16.679091
"121","11am",21.193842,50.69884,13.929768,14.177549
"122","11am",12.398107,41.20155,30.283653,16.116686
"123","11am",21.9009,45.77274,24.449844,7.876522
"124","11am",16.675912,40.42032,25.376757,17.527008
"125","11am",12.541173,40.71061,28.718933,18.029285
"126","11am",22.552002,53.38883,8.490162,15.569005
"127","11am",21.364248,33.68951,19.218838,25.727403
"128","11am",5.460784,53.92666,28.595137,12.017421
"129","11am",5.750767,36.09544,26.573783,31.580014
"130","11am",11.61548,33.39805,34.266089,20.720386
"131","11am",14.600656,50.10253,21.054527,14.242291
"132","11am",8.043435,48.84483,32.3193,10.792434
"133","11am",16.944624,38.5,27.980487,16.574891
"134","11am",14.030111,51.66484,21.796455,12.508599
"201","11am",33.877937,24.6466,19.225947,22.249515
"202","11am",29.006396,34.81252,18.876859,17.304222
"203","11am",26.587056,33.20032,20.022871,20.18975
"204","11am",27.735873,39.24114,23.800982,9.222001
"205","11am",41.205963,33.34824,17.672629,7.77317
"206","11am",16.438878,43.44808,22.916407,17.196636
"207","11am",21.644829,26.68012,32.222217,19.452835
"208","11am",23.019684,29.12733,25.978691,21.874297
"209","11am",24.773163,21.6936,19.669733,33.863504
"210","11am",34.055157,37.2585,18.670739,10.015603
"211","11am",26.716686,32.67638,18.326803,22.280126
"212","11am",27.010952,32.66125,20.471839,19.855959
"213","11am",31.691023,35.65601,13.028566,19.624396
"214","11am",34.10328,35.25628,18.234233,12.40621
"215","11am",31.485113,37.41482,22.936091,8.163972
"216","11am",30.933132,33.42719,17.386104,18.253571
"217","11am",33.747939,31.40582,16.515141,18.331105
"218","11am",23.1893,34.49104,26.659439,15.66022
"219","11am",35.894975,36.46825,15.279456,12.357315
"220","11am",31.307192,35.95957,16.658877,16.074366
"221","11am",42.498115,28.48576,15.377229,13.638895
"222","11am",37.823576,28.61316,19.082621,14.480646
"223","11am",25.144175,31.85445,18.616269,24.385108
"224","11am",47.013812,24.48013,15.925488,12.580567
"225","11am",46.317393,33.60971,10.764435,9.308463
"226","11am",33.475292,35.47112,13.684249,17.369342
"227","11am",42.502963,30.57454,14.666197,12.256304
"228","11am",33.628179,39.23813,17.379208,9.754483
"229","11am",46.872243,33.84866,13.222593,6.056506
"230","11am",38.320684,32.08927,20.695165,8.894881
"231","11am",26.237922,32.17264,16.934155,24.655284
"232","11am",29.961778,37.1342,19.817553,13.086471
"233","11am",26.583465,40.47657,22.455215,10.484753
"101","12am",3.900243,34.12159,33.314276,28.663894
"102","12am",5.063921,25.72267,38.437374,30.776039
"103","12am",13.079862,43.0788,25.799408,18.041929
"104","12am",6.972673,34.8068,27.816768,30.403763
"105","12am",8.976694,27.423,33.030298,30.570007
"106","12am",2.772032,37.37114,29.877628,29.979203
"107","12am",9.644667,49.82354,17.880916,22.650874
"108","12am",12.130791,33.39493,32.773327,21.700953
"109","12am",25.063452,34.35031,22.283527,18.302715
"110","12am",5.260714,39.19,34.238429,21.310858
"111","12am",6.545773,27.89433,33.974561,31.585333
"112","12am",4.916943,31.11056,23.675618,40.296883
"113","12am",4.997222,30.239,40.060503,24.703278
"114","12am",12.78128,61.8514,16.905649,8.461673
"115","12am",6.361118,26.38476,34.488253,32.765869
"116","12am",14.554656,65.11109,10.443273,9.890983
"117","12am",12.518415,55.99832,14.46755,17.015713
"118","12am",5.487027,37.57622,37.059634,19.877116
"119","12am",13.918602,42.14123,19.515003,24.425165
"120","12am",11.745546,48.15285,22.782583,17.319022
"121","12am",22.940909,40.52982,19.025909,17.50336
"122","12am",12.150792,44.46223,28.76532,14.621658
"123","12am",24.090155,45.37114,23.333213,7.205493
"124","12am",13.427863,42.48042,27.586381,16.505334
"125","12am",10.113415,38.9987,26.929108,23.958778
"126","12am",23.294976,52.68598,9.115936,14.903113
"127","12am",17.010175,26.20084,15.437612,41.351369
"128","12am",5.561253,57.60711,27.578668,9.252972
"129","12am",6.735988,35.39223,29.025509,28.846271
"130","12am",10.739116,37.17346,24.967139,27.120284
"131","12am",15.303758,49.38907,18.938516,16.368655
"132","12am",7.951471,49.0545,32.370964,10.623067
"133","12am",18.321431,37.97094,29.014158,14.693466
"134","12am",12.7662,52.17019,24.628233,10.435381
"201","12am",34.723571,20.40466,21.727904,23.143865
"202","12am",26.623963,37.16409,20.515639,15.69631
"203","12am",26.262022,32.84133,18.103002,22.793646
"204","12am",27.977719,41.39464,23.339786,7.287854
"205","12am",37.588257,36.57866,18.742364,7.090719
"206","12am",16.080726,40.57885,21.783401,21.557021
"207","12am",20.675571,29.26615,31.846107,18.212175
"208","12am",22.760553,21.81757,32.727949,22.693929
"209","12am",26.016813,21.32079,18.073589,34.588809
"210","12am",34.037377,37.34193,18.78619,9.834504
"211","12am",26.08233,34.2623,18.84716,20.808207
"212","12am",25.314131,33.52647,18.171322,22.988076
"213","12am",32.899336,35.64811,13.308754,18.143801
"214","12am",33.820274,32.06645,19.98547,14.127806
"215","12am",29.352108,41.72413,18.675501,10.248262
"216","12am",30.832991,36.56197,14.962691,17.642349
"217","12am",33.391584,35.18177,14.049401,17.377243
"218","12am",21.149511,32.83765,26.634269,19.378573
"219","12am",36.459782,36.1627,18.942202,8.435312
"220","12am",33.34087,31.92638,17.619043,17.113711
"221","12am",43.001487,28.62562,14.572453,13.800442
"222","12am",33.743363,28.61267,21.08147,16.562495
"223","12am",28.374733,31.32679,18.621388,21.677085
"224","12am",43.66974,25.26979,18.630734,12.429739
"225","12am",48.22598,29.77706,10.195887,11.801068
"226","12am",34.584214,37.42065,11.850658,16.144474
"227","12am",43.023287,33.48404,13.729946,9.762724
"228","12am",31.952878,39.44406,16.291667,12.311397
"229","12am",45.151545,32.61193,13.152961,9.083559
"230","12am",38.178376,31.13411,20.893352,9.794157
"231","12am",26.300233,30.82474,16.467892,26.407132
"232","12am",28.196472,33.10918,22.558914,16.135435
"233","12am",26.132953,39.03566,24.381844,10.449546
"101","1pm",2.292632,34.8756,37.495632,25.336134
"102","1pm",7.113814,28.59943,37.9288,26.357957
"103","1pm",12.297421,41.23035,28.783298,17.688935
"104","1pm",13.976969,40.31356,19.043355,26.666111
"105","1pm",8.824874,28.63351,36.442494,26.099121
"106","1pm",3.530459,29.28001,34.570982,32.618549
"107","1pm",6.810979,47.91517,19.890631,25.383223
"108","1pm",14.767837,31.68649,30.779985,22.765684
"109","1pm",23.780237,36.36139,19.994023,19.864347
"110","1pm",5.124338,41.33595,30.173823,23.365893
"111","1pm",7.584585,25.18749,36.470186,30.757744
"112","1pm",5.613073,32.60169,22.479511,39.305722
"113","1pm",4.985767,30.12787,40.881896,24.004466
"114","1pm",13.58901,53.6925,19.624308,13.094186
"115","1pm",6.369565,33.04924,26.111417,34.469773
"116","1pm",15.367568,63.13835,9.607837,11.886242
"117","1pm",13.07227,53.95406,14.514271,18.459395
"118","1pm",7.621254,35.57535,36.293511,20.509882
"119","1pm",13.898959,46.1222,17.436716,22.542124
"120","1pm",11.946565,51.4744,18.01706,18.561973
"121","1pm",22.902583,41.06489,21.988916,14.043614
"122","1pm",13.915626,44.4511,27.545752,14.08752
"123","1pm",24.030504,46.89697,22.153099,6.919422
"124","1pm",13.620944,40.25379,25.135515,20.989748
"125","1pm",12.481823,34.42267,29.366092,23.729418
"126","1pm",21.914366,53.87445,8.641307,15.569879
"127","1pm",16.803912,28.77916,16.221379,38.19555
"128","1pm",5.807475,54.79072,28.450846,10.950959
"129","1pm",5.871925,34.0102,28.9072,31.21067
"130","1pm",10.779094,37.64101,27.088636,24.491256
"131","1pm",13.580327,51.67783,19.421115,15.32073
"132","1pm",7.398207,55.01324,25.358503,12.23005
"133","1pm",15.689854,38.08192,31.361371,14.866855
"134","1pm",14.306328,51.87867,20.201894,13.613105
"201","1pm",33.241571,22.55674,22.277788,21.923901
"202","1pm",30.086778,39.03646,12.064435,18.812332
"203","1pm",29.260126,33.08408,14.873599,22.782197
"204","1pm",26.263964,37.1065,25.748586,10.880952
"205","1pm",38.026454,26.49962,30.247847,5.226077
"206","1pm",14.790976,45.4004,20.365427,19.443193
"207","1pm",20.340839,29.21342,30.005003,20.440743
"208","1pm",20.957967,31.52698,25.628682,21.88637
"209","1pm",24.544449,20.91509,21.455674,33.084783
"210","1pm",35.0103,37.6726,16.113891,11.203206
"211","1pm",28.531035,33.95851,17.396548,20.11391
"212","1pm",28.85834,26.73506,21.845197,22.561401
"213","1pm",32.628772,33.61884,13.466966,20.285421
"214","1pm",27.344303,40.3925,18.451209,13.811987
"215","1pm",30.819682,39.66269,18.427041,11.09059
"216","1pm",31.742039,37.65245,14.929702,15.675812
"217","1pm",38.240941,28.98869,16.592708,16.177662
"218","1pm",22.041511,34.33126,23.777316,19.849912
"219","1pm",35.450519,34.97632,18.903241,10.669917
"220","1pm",34.874308,33.75687,16.076832,15.29199
"221","1pm",40.928358,30.16516,15.867166,13.039319
"222","1pm",33.988819,28.23354,22.016087,15.761554
"223","1pm",24.722293,28.29393,24.017905,22.965876
"224","1pm",45.317775,21.68186,20.311582,12.688787
"225","1pm",46.193876,34.46413,9.947133,9.394864
"226","1pm",33.950256,35.12981,12.958863,17.961071
"227","1pm",43.773717,34.53975,12.968952,8.717581
"228","1pm",31.993036,38.22546,18.047221,11.73428
"229","1pm",44.723041,33.62828,14.186679,7.461995
"230","1pm",38.558019,28.48617,23.065928,9.889886
"231","1pm",25.272727,31.19044,18.203353,25.333479
"232","1pm",29.609435,30.78002,24.709023,14.901525
"233","1pm",24.814828,38.86154,25.713612,10.610016
"101","2pm",4.267756,33.18356,33.003168,29.545514
"102","2pm",5.14255,29.24901,36.35652,29.251919
"103","2pm",13.863191,38.71708,27.924822,19.494903
"104","2pm",13.740697,40.00547,18.007601,28.246227
"105","2pm",9.66651,26.57381,36.697355,27.062327
"106","2pm",2.531499,36.07285,33.298091,28.097564
"107","2pm",5.667797,43.62692,22.374427,28.330853
"108","2pm",16.240395,32.93207,29.268901,21.558636
"109","2pm",23.380983,37.16996,21.947435,17.501624
"110","2pm",3.716959,38.72289,27.561761,29.99839
"111","2pm",8.719153,26.33084,34.515301,30.434706
"112","2pm",5.833481,34.55856,21.128204,38.479757
"113","2pm",6.005014,31.22957,42.282036,20.483383
"114","2pm",14.607823,51.401,26.274105,7.717075
"115","2pm",8.037654,35.21553,26.703582,30.043234
"116","2pm",14.989095,60.27736,11.352353,13.381196
"117","2pm",11.970066,52.02296,17.532445,18.474529
"118","2pm",5.680767,35.35982,34.441885,24.51753
"119","2pm",14.937308,51.459,17.845842,15.757847
"120","2pm",10.483515,49.10095,21.291172,19.124368
"121","2pm",24.355264,38.8338,18.027418,18.783517
"122","2pm",14.264666,41.66136,27.604777,16.469195
"123","2pm",19.422729,50.18668,23.467037,6.923556
"124","2pm",14.911305,39.77518,22.169468,23.144049
"125","2pm",14.303607,37.84197,28.484171,19.370251
"126","2pm",18.736476,56.47882,8.738283,16.046416
"127","2pm",19.78552,28.79293,14.026731,37.394822
"128","2pm",6.574207,52.31847,28.458182,12.649142
"129","2pm",4.657175,34.74197,30.599073,30.001777
"130","2pm",11.005614,31.59661,36.411099,20.986679
"131","2pm",15.201511,55.89442,14.916437,13.987634
"132","2pm",7.164864,53.84008,27.359422,11.635633
"133","2pm",15.883775,37.32954,30.365124,16.421556
"134","2pm",13.949531,54.31629,17.99624,13.737941
"201","2pm",30.831684,27.71814,18.435921,23.014259
"202","2pm",28.381418,42.45501,11.26113,17.90244
"203","2pm",29.430411,34.86824,17.969477,17.731869
"204","2pm",26.422181,39.43064,22.812415,11.334759
"205","2pm",35.461009,27.01131,29.068964,8.458717
"206","2pm",13.726941,45.42535,24.532022,16.315688
"207","2pm",21.751137,28.99728,30.527915,18.723663
"208","2pm",19.005997,29.73397,26.80058,24.459454
"209","2pm",27.831418,20.20864,20.211527,31.748416
"210","2pm",32.282773,36.70202,18.166126,12.849082
"211","2pm",29.033218,34.72717,17.803444,18.436172
"212","2pm",29.398622,26.77218,19.022565,24.806632
"213","2pm",32.654579,32.64807,13.769236,20.928116
"214","2pm",28.391184,42.4058,18.883529,10.319486
"215","2pm",34.099218,33.63646,17.687661,14.57666
"216","2pm",33.509852,34.27687,15.639545,16.573728
"217","2pm",37.39461,27.64041,16.781595,18.183389
"218","2pm",19.688854,37.203,25.621938,17.486212
"219","2pm",37.737861,32.82925,17.147833,12.285051
"220","2pm",35.444033,34.14562,15.317026,15.093316
"221","2pm",39.648481,30.72401,16.262947,13.364564
"222","2pm",33.841379,28.5527,22.326351,15.279575
"223","2pm",24.922836,25.99738,26.253102,22.826678
"224","2pm",45.146442,21.31656,20.334385,13.202614
"225","2pm",44.633432,34.64163,11.689884,9.03505
"226","2pm",34.980672,34.37213,11.71317,18.934027
"227","2pm",40.512877,36.3515,14.809007,8.326614
"228","2pm",32.287281,38.49227,19.891878,9.328569
"229","2pm",45.719533,35.10175,11.859015,7.319698
"230","2pm",33.430427,34.65195,23.470607,8.447017
"231","2pm",26.216282,29.69487,18.528154,25.560699
"232","2pm",27.772934,35.07842,20.99707,16.15158
"233","2pm",28.063359,36.30112,26.442267,9.19325
"101","3pm",3.231178,34.02782,31.80453,30.936476
"102","3pm",3.726915,29.76435,37.54361,28.965131
"103","3pm",12.313834,39.33244,27.25116,21.102568
"104","3pm",14.75489,40.65446,16.73948,27.851172
"105","3pm",9.834714,24.56139,36.07911,29.524787
"106","3pm",2.933982,36.21428,35.46011,25.391631
"107","3pm",6.642361,46.09403,19.79142,27.472187
"108","3pm",15.114948,31.04245,33.33833,20.504271
"109","3pm",21.951488,43.51756,20.45544,14.075509
"110","3pm",4.562717,35.05217,30.47381,29.9113
"111","3pm",8.58344,26.59383,31.93422,32.888512
"112","3pm",5.417409,29.47676,23.52857,41.577267
"113","3pm",6.638804,30.5575,41.32625,21.477446
"114","3pm",13.385855,47.56557,27.13634,11.912238
"115","3pm",8.692006,30.55912,29.72066,31.028209
"116","3pm",14.65212,60.72892,11.40268,13.216285
"117","3pm",11.717052,53.37678,17.06275,17.84342
"118","3pm",5.159269,35.1754,35.15301,24.512316
"119","3pm",17.77903,50.38738,19.30886,12.524733
"120","3pm",8.903066,48.17038,25.41929,17.507266
"121","3pm",21.803686,47.02642,19.36488,11.805009
"122","3pm",12.792216,45.27939,25.03312,16.89528
"123","3pm",20.071056,48.21945,24.9476,6.761897
"124","3pm",17.809166,37.21061,21.88369,23.096533
"125","3pm",14.169655,37.1405,28.93717,19.752671
"126","3pm",20.739333,51.63285,12.42118,15.206639
"127","3pm",14.299302,22.48352,22.62317,40.594015
"128","3pm",8.882921,55.10197,25.59588,10.419229
"129","3pm",5.359197,32.58944,26.83545,35.215922
"130","3pm",10.37087,33.07941,37.79666,18.753062
"131","3pm",15.193283,49.76582,21.78987,13.25102
"132","3pm",7.832508,51.10669,28.38631,12.674484
"133","3pm",12.834576,38.04179,31.90288,17.220757
"134","3pm",14.857866,55.55222,14.87958,14.710331
"201","3pm",34.939501,24.33327,20.24317,20.484059
"202","3pm",27.42972,43.07515,12.67108,16.824044
"203","3pm",28.330509,32.61052,21.51967,17.539306
"204","3pm",26.952855,37.7594,23.23937,12.04838
"205","3pm",34.585411,29.99343,26.53122,8.889939
"206","3pm",12.511077,46.66305,26.24203,14.583843
"207","3pm",21.545007,33.29938,28.75643,16.39918
"208","3pm",17.564509,30.92913,26.63152,24.874841
"209","3pm",27.521597,22.03403,18.51588,31.928497
"210","3pm",33.95252,34.52453,18.96677,12.556173
"211","3pm",29.468564,33.5264,16.55299,20.452044
"212","3pm",30.048393,29.80734,19.97857,20.165694
"213","3pm",33.276647,31.53844,14.28345,20.901466
"214","3pm",26.681936,41.592,18.12121,13.604853
"215","3pm",33.463724,33.82475,21.14103,11.570496
"216","3pm",31.784907,34.83489,15.3979,17.982298
"217","3pm",39.321497,25.94601,18.67914,16.053357
"218","3pm",19.227123,37.33761,25.35638,18.078891
"219","3pm",35.261005,33.8407,16.20329,14.695006
"220","3pm",34.91614,35.09189,15.34239,14.649585
"221","3pm",37.945466,33.91617,15.71161,12.426748
"222","3pm",31.241236,29.87966,22.40665,16.47245
"223","3pm",29.62476,24.99008,25.58567,19.799494
