"district","hour","cs1","cs2","cs3","cs4","cs5"
"101","4am",3.425242,8.117554,30.67709,37.762437,20.017675
"102","4am",8.396258,4.43953,23.09065,41.965896,22.107665
"103","4am",4.621062,15.167026,34.69009,27.104358,18.417465
"104","4am",6.25881,9.097794,23.33738,40.613508,20.692508
"105","4am",3.234355,9.943259,21.92575,40.617897,24.278738
"106","4am",8.84646,6.249905,30.69967,28.778439,25.425529
"107","4am",0,16.761306,38.33297,28.218303,16.687421
"108","4am",3.405446,9.502238,26.24834,36.766761,24.077211
"109","4am",7.186578,29.288639,45.15943,14.304341,4.061013
"110","4am",4.230085,8.242151,21.30134,41.320167,24.906258
"111","4am",5.520227,16.30294,33.47485,30.170285,14.531695
"112","4am",5.961635,11.533308,30.97054,31.629479,19.905033
"113","4am",5.809343,9.179611,31.60259,32.448802,20.959652
"114","4am",5.137028,21.252251,49.20796,14.025832,10.376932
"115","4am",4.971746,6.015615,27.84739,38.078917,23.086328
"116","4am",15.711924,30.668329,41.37074,7.896909,4.352103
"117","4am",9.95092,25.92563,46.45246,13.419506,4.251479
"118","4am",3.639964,21.762656,30.47638,31.482577,12.638425
"119","4am",4.145751,24.762083,47.79215,19.942484,3.357537
"120","4am",8.537167,18.21712,47.55971,20.053159,5.632839
"121","4am",2.61697,23.282944,34.50297,29.468429,10.128684
"122","4am",3.898859,30.524715,37.31755,24.272451,3.986421
"123","4am",3.478978,19.048245,48.61149,21.935944,6.925346
"124","4am",5.294094,20.498049,29.79738,34.280757,10.129724
"125","4am",5.625696,28.234169,22.42778,31.466524,12.245829
"126","4am",5.537734,21.875602,38.89014,21.766205,11.93032
"127","4am",2.044645,9.602693,24.32309,46.401139,17.628434
"128","4am",3.665349,17.39408,27.5169,41.185205,10.238463
"129","4am",3.734553,11.601739,32.49043,29.53505,22.638228
"130","4am",1.936265,11.585338,22.95845,37.182801,26.337148
"131","4am",7.302648,11.04428,26.93279,35.620591,19.099693
"132","4am",6.315483,16.683421,34.04276,29.448661,13.509676
"133","4am",6.523202,27.172565,45.47789,19.102365,1.723975
"134","4am",3.457069,29.903053,33.79105,27.413851,5.434974
"201","4am",5.192298,12.819496,43.19657,14.277417,24.514224
"202","4am",4.472959,8.693974,50.86497,13.576173,22.391919
"203","4am",3.070734,16.280969,40.08954,20.985356,19.573402
"204","4am",3.205016,12.676584,57.24646,15.398093,11.473845
"205","4am",1.441579,12.599762,50.29978,23.922164,11.736718
"206","4am",2.952739,13.296561,54.01663,19.647268,10.0868
"207","4am",1.911501,7.543061,45.75169,24.811699,19.982045
"208","4am",2.21246,4.769478,58.47379,15.905799,18.638474
"209","4am",5.837381,7.827164,39.37473,22.6473,24.313428
"210","4am",2.643358,10.576258,51.75317,29.0477,5.979515
"211","4am",5.21122,6.360772,47.54422,24.298889,16.584896
"212","4am",3.005852,13.174052,44.52665,19.552939,19.740505
"213","4am",2.436116,17.558559,52.22738,12.821676,14.95627
"214","4am",3.354527,8.468761,58.17695,19.135244,10.864515
"215","4am",4.100727,5.737788,42.59379,35.223666,12.34403
"216","4am",5.12901,10.42443,55.99029,22.116629,6.339641
"217","4am",2.868151,11.853433,48.53713,20.503671,16.237612
"218","4am",5.493929,15.583331,52.33223,18.100441,8.490065
"219","4am",7.228756,14.705027,52.33425,12.216855,13.515112
"220","4am",3.432868,10.157707,49.30042,29.663445,7.445563
"221","4am",5.963356,11.738663,51.35209,22.883143,8.062751
"222","4am",3.690321,9.463618,49.39017,22.826883,14.629005
"223","4am",3.000681,7.845065,57.81791,19.840357,11.495984
"224","4am",2.784077,20.831618,40.31546,28.581722,7.487125
"225","4am",2.721911,13.903476,43.86942,27.056665,12.448526
"226","4am",5.101128,22.069782,45.63852,18.069266,9.121304
"227","4am",2.700994,14.134761,38.10322,36.11265,8.948371
"228","4am",2.283261,10.395169,55.05479,22.562191,9.704584
"229","4am",6.357028,12.40644,45.49502,25.190091,10.551425
"230","4am",1.952602,9.5831,49.28149,24.049921,15.132888
"231","4am",7.0139,8.505139,53.2802,20.325585,10.875174
"232","4am",3.750344,7.690238,50.18335,23.425426,14.950641
"233","4am",3.65869,7.423449,49.65632,25.723018,13.538526
"101","5am",3.342164,7.690489,34.65644,34.77876,19.532153
"102","5am",8.396258,4.43953,23.09065,41.9659,22.107665
"103","5am",4.500114,14.089398,37.08012,26.39495,17.935419
"104","5am",6.25881,9.097794,23.33738,40.61351,20.692508
"105","5am",3.229369,9.45238,23.26612,39.81082,24.241313
"106","5am",8.784907,6.206419,31.87729,27.88276,25.248621
"107","5am",0,16.172408,38.54495,28.45516,16.827489
"108","5am",3.428326,9.56608,26.4247,37.01378,23.567112
"109","5am",7.107817,28.967649,45.76046,14.14757,4.016506
"110","5am",4.255379,7.693477,21.42871,41.56724,25.055188
"111","5am",5.426655,14.673985,36.06724,29.88419,13.947928
"112","5am",5.862447,11.341419,32.11904,31.10323,19.573858
"113","5am",5.734508,9.061361,31.71936,32.79512,20.689652
"114","5am",5.024254,22.981007,48.12769,13.71792,10.149127
"115","5am",4.879268,6.579943,28.51327,37.37062,22.656903
"116","5am",16.262556,31.05835,40.00081,8.17366,4.504625
"117","5am",9.790522,24.548808,48.27452,13.2032,4.18295
"118","5am",3.374205,22.889677,30.30813,31.71231,11.715675
"119","5am",4.04153,22.564658,51.14187,18.97881,3.273131
"120","5am",8.879363,16.601304,47.80376,20.85695,5.85862
"121","5am",2.484097,25.889403,34.55595,27.97221,9.09834
"122","5am",3.705743,29.681238,39.18719,23.0702,4.355631
"123","5am",3.118258,22.653815,46.82771,21.19293,6.207287
"124","5am",5.286135,21.255503,29.96875,33.37511,10.114496
"125","5am",5.732561,27.608966,23.69105,30.48897,12.478449
"126","5am",5.737239,20.918511,40.29122,21.38916,11.663872
"127","5am",2.044645,9.602693,24.32309,46.40114,17.628434
"128","5am",3.491824,17.336696,30.79771,39.23542,9.138357
"129","5am",3.720961,11.102424,32.37218,29.42756,23.376876
"130","5am",1.936265,11.585338,22.95845,37.1828,26.337148
"131","5am",7.435779,10.485603,27.42379,35.20694,19.44789
"132","5am",5.972458,22.954393,32.35142,26.80733,11.914396
"133","5am",6.90763,29.416637,43.23899,18.61117,1.825573
"134","5am",3.486764,29.181407,34.20085,27.64932,5.481658
"201","5am",5.389869,13.307287,41.03515,14.82068,25.447008
"202","5am",4.359999,8.474416,52.49047,12.84869,21.826432
"203","5am",3.136096,16.627516,38.81432,21.43204,19.99003
"204","5am",3.277314,12.184767,57.05981,15.74544,11.732667
"205","5am",1.443207,11.87485,50.98277,23.94919,11.749979
"206","5am",2.974457,12.629336,53.47983,19.79178,11.124605
"207","5am",1.931363,7.092726,47.06207,25.94914,17.964705
"208","5am",2.322639,5.006996,57.87319,15.81409,18.98308
"209","5am",5.897381,7.907616,38.75159,22.88008,24.563333
"210","5am",2.744609,10.981369,54.09624,25.96923,6.208553
"211","5am",5.1618,6.30045,48.66114,24.06845,15.80816
"212","5am",3.058228,11.661166,45.3025,19.89364,20.084471
"213","5am",2.409773,18.45004,51.66262,12.68303,14.79454
"214","5am",3.367108,8.500523,58.02009,19.20701,10.905263
"215","5am",4.142843,5.796717,42.0042,35.58543,12.470808
"216","5am",5.268612,10.251818,55.24878,22.7186,6.512194
"217","5am",2.918108,10.958092,49.7584,20.8608,15.504603
"218","5am",5.388814,15.285174,51.03211,18.51304,9.780865
"219","5am",7.235626,14.719002,52.28895,12.22847,13.527955
"220","5am",3.461323,11.836905,47.28517,29.90933,7.507279
"221","5am",6.083817,11.975787,50.36939,23.34539,8.22562
"222","5am",3.775679,9.403292,48.49878,23.35487,14.967377
"223","5am",3.000681,7.845065,57.81791,19.84036,11.495984
"224","5am",2.84793,22.517888,40.13891,26.83643,7.658842
"225","5am",2.798156,13.236641,43.3534,27.81457,12.79723
"226","5am",4.824016,20.870874,45.98845,19.69085,8.625802
"227","5am",2.70643,14.163207,37.97866,36.18532,8.966379
"228","5am",2.324286,10.581947,54.24723,22.96759,9.878955
"229","5am",6.320105,12.33438,45.8116,25.04378,10.490139
"230","5am",1.952602,9.5831,49.28149,24.04992,15.132888
"231","5am",6.958232,8.790652,52.11388,20.16427,11.972972
"232","5am",3.816866,7.822634,50.44892,23.84094,14.070641
"233","5am",3.766225,7.081378,49.50502,25.71093,13.936443
"101","6am",3.267232,7.518066,34.49842,35.622048,19.094237
"102","6am",8.39723,4.440044,24.30511,39.654506,23.203108
"103","6am",4.555683,13.231699,35.706,28.349731,18.156893
"104","6am",6.392997,9.292849,23.83773,40.4456,20.030828
"105","6am",3.235372,8.755934,24.4199,38.471437,25.117358
"106","6am",8.521802,6.020539,34.92804,26.348151,24.181468
"107","6am",0,16.736905,39.36696,28.295172,15.60096
"108","6am",3.482849,10.914394,26.52446,35.968539,23.10976
"109","6am",7.382321,29.289652,44.46245,14.693952,4.171623
"110","6am",4.226753,8.257847,23.27501,39.947691,24.292701
"111","6am",4.74072,12.450766,42.2807,28.342915,12.184894
"112","6am",5.797665,11.216093,31.76412,31.864566,19.357561
"113","6am",5.824803,9.204039,33.27621,30.679523,21.015427
"114","6am",5.257293,22.906493,47.45698,13.759362,10.619872
"115","6am",4.911116,5.923854,29.2204,37.13984,22.804788
"116","6am",16.21804,30.486246,40.65213,8.151287,4.492294
"117","6am",10.16342,24.114253,47.67398,13.706077,4.342268
"118","6am",3.345327,23.118301,31.80074,29.416946,12.318682
"119","6am",4.025615,22.475803,49.01319,21.225155,3.260242
"120","6am",8.986985,19.082333,44.89131,21.109746,5.929629
"121","6am",2.462379,25.663057,36.58137,26.831439,8.461754
"122","6am",3.613583,28.320278,37.37712,24.757156,5.931861
"123","6am",3.37232,24.499549,43.29553,22.119573,6.71303
"124","6am",5.471688,22.00161,29.00689,34.097215,9.422599
"125","6am",5.733093,28.35887,23.69325,29.735174,12.479609
"126","6am",5.93021,20.421835,39.48319,22.108579,12.056184
"127","6am",2.229378,9.092696,22.55467,46.902107,19.221153
"128","6am",3.486064,17.854198,29.08871,39.550852,10.020177
"129","6am",3.751765,11.194334,32.64017,29.671169,22.742562
"130","6am",1.945943,11.643246,23.31167,36.630354,26.468792
"131","6am",7.487159,10.632345,27.61328,35.450216,18.817
"132","6am",5.867725,23.96743,31.42255,27.036825,11.705465
"133","6am",6.574307,29.695419,47.16039,14.832403,1.737481
"134","6am",3.51827,28.573963,34.50989,27.126687,6.271194
"201","6am",5.482039,13.349081,41.177,14.109715,25.88217
"202","6am",4.402729,8.820605,54.40677,12.974611,19.395286
"203","6am",3.180264,15.664915,38.18526,22.697995,20.271569
"204","6am",3.365603,12.916257,57.03238,14.637024,12.04874
"205","6am",1.470175,12.09674,50.69107,24.3967,11.345318
"206","6am",3.023235,11.654684,54.80838,20.474739,10.038964
"207","6am",1.960306,8.477911,46.22037,25.749491,17.591923
"208","6am",2.36642,4.768523,57.08789,17.216972,18.560191
"209","6am",5.931171,7.952924,38.40066,23.011175,24.704073
"210","6am",2.791577,11.767162,51.95551,26.413636,7.072113
"211","6am",5.225486,6.378185,48.02772,24.365405,16.0032
"212","6am",3.18568,9.799781,46.85966,20.391873,19.763005
"213","6am",2.419888,18.527483,51.42307,12.736265,14.893291
"214","6am",3.424786,8.646137,58.4781,19.536027,9.914951
"215","6am",4.146055,5.801211,42.85345,34.718814,12.480475
"216","6am",5.49977,10.701612,54.80586,22.802351,6.190402
"217","6am",3.000637,11.268005,50.23664,20.330912,15.163808
"218","6am",5.253327,14.900871,50.57525,18.04758,11.222972
"219","6am",7.204177,14.655028,54.92638,10.308774,12.905645
"220","6am",3.631554,11.815473,46.40948,30.266997,7.876495
"221","6am",6.209721,12.223623,49.99497,23.175844,8.395848
"222","6am",3.980493,9.913381,48.65706,23.961269,13.487792
"223","6am",2.888516,7.551818,58.10279,19.098729,12.358151
"224","6am",2.932518,21.052948,39.60177,28.52644,7.886322
"225","6am",2.872338,12.598886,43.35905,28.033234,13.136495
"226","6am",4.808757,21.121178,45.84298,19.628567,8.598517
"227","6am",2.758491,13.373644,38.78283,35.946177,9.138857
"228","6am",2.398644,10.920483,52.47719,23.347938,10.855748
"229","6am",6.324983,12.343901,45.76977,25.063111,10.498237
"230","6am",2.061532,9.328705,48.04905,25.391594,15.169118
"231","6am",6.588727,9.093745,52.25436,20.726002,11.337168
"232","6am",3.974761,7.32735,50.03689,24.008293,14.652708
"233","6am",3.920003,7.370518,48.08122,26.593513,14.034749
"101","7am",2.436379,7.819104,41.10398,31.47909,17.161442
"102","7am",5.881401,4.985916,36.15409,35.16765,17.810946
"103","7am",4.822468,16.626284,37.13608,27.31422,14.100952
"104","7am",6.401228,9.594192,29.13046,35.95602,18.918099
"105","7am",2.815765,6.991572,30.9515,30.44382,28.797341
"106","7am",7.625446,10.716252,37.32121,26.57574,17.761351
"107","7am",0,13.826046,41.32343,29.1357,15.714826
"108","7am",3.636459,9.994602,28.39671,33.66943,24.3028
"109","7am",5.905674,24.509423,41.5662,15.09777,12.920935
"110","7am",4.044651,8.640649,24.86083,36.48177,25.972099
"111","7am",2.390857,9.622533,41.54127,28.53182,17.913527
"112","7am",4.958686,7.276183,46.78245,24.09196,16.890718
"113","7am",4.753386,9.585142,32.09679,31.21555,22.349136
"114","7am",6.568393,24.088649,45.57842,12.99124,10.773302
"115","7am",4.934094,9.201812,32.60899,35.69602,17.559083
"116","7am",16.779199,24.682172,44.04919,10.08269,4.406756
"117","7am",10.396965,23.604324,46.64712,13.95572,5.395872
"118","7am",2.900576,26.761872,30.74039,26.15583,13.441335
"119","7am",4.453577,17.251857,52.61103,22.0767,3.606836
"120","7am",9.382566,17.718071,42.34529,23.5324,7.021674
"121","7am",2.522924,27.592554,40.17786,21.98455,7.722111
"122","7am",3.182464,31.121659,32.48558,25.22129,7.988999
"123","7am",3.137885,26.719358,40.00979,19.81278,10.320189
"124","7am",5.82766,16.3863,32.53709,35.62147,9.627475
"125","7am",5.635092,24.193672,23.72264,31.2851,15.163495
"126","7am",6.346085,20.892829,41.90752,20.30118,10.552385
"127","7am",2.359793,8.815662,23.54881,46.0522,19.223537
"128","7am",3.032376,25.003936,32.06573,32.43511,7.462846
"129","7am",4.012362,13.526891,37.81534,27.00808,17.637325
"130","7am",2.290357,11.618007,28.81325,29.40536,27.873023
"131","7am",9.025018,10.609722,29.50598,31.51039,19.348895
"132","7am",5.644695,25.155262,29.09851,26.2447,13.856834
"133","7am",5.825821,30.325634,43.39098,15.50483,4.952733
"134","7am",4.057759,29.405134,33.49245,26.41102,6.633642
"201","7am",6.564567,14.82629,40.37414,15.57516,22.659844
"202","7am",4.571753,8.913828,54.49631,12.1627,19.855406
"203","7am",3.100731,15.811956,38.84052,22.93591,19.310876
"204","7am",3.707676,14.825799,54.41766,16.30452,10.744347
"205","7am",1.804631,11.312936,52.29287,24.90825,9.681315
"206","7am",3.237929,13.276151,52.46315,21.37441,9.648353
"207","7am",2.3286,8.645191,46.28983,28.68604,14.050334
"208","7am",2.856678,6.443491,58.15554,13.82352,18.720762
"209","7am",6.787694,7.291173,38.46574,25.17969,22.275704
"210","7am",2.801888,12.85513,55.0369,22.05411,7.251977
"211","7am",4.987061,7.794279,49.25217,22.39449,15.571997
"212","7am",3.123475,9.608426,53.90857,17.80339,15.556141
"213","7am",2.577566,18.166589,54.17219,10.96158,14.122078
"214","7am",3.80806,10.025233,55.04903,21.72234,9.395342
"215","7am",4.498076,4.887603,42.70282,34.37136,13.540132
"216","7am",6.468565,8.94926,53.88355,24.59076,6.107865
"217","7am",3.591695,10.422008,51.44859,21.25867,13.279044
"218","7am",4.209812,13.877166,50.94521,17.05682,13.910992
"219","7am",6.637821,14.160086,58.31753,10.32744,10.557118
"220","7am",3.907671,11.779399,44.53875,34.17324,5.60094
"221","7am",6.174365,13.39041,45.5097,24.60383,10.321699
"222","7am",4.858122,11.024256,50.50757,25.09926,8.510786
"223","7am",2.739361,7.161864,59.9053,17.57811,12.615362
"224","7am",3.291576,20.13239,42.96209,26.51702,7.096919
"225","7am",3.334454,12.642149,42.2214,32.85461,8.947388
"226","7am",4.23275,19.401511,49.98806,15.92618,10.451501
"227","7am",3.147514,12.882202,38.14195,36.35335,9.474981
"228","7am",2.768856,11.354857,53.11615,26.16453,6.595607
"229","7am",6.740876,13.722584,45.45369,25.78035,8.3025
"230","7am",2.240748,10.139683,48.4632,25.33459,13.821781
"231","7am",6.048271,9.03067,52.92913,21.06814,10.923789
"232","7am",4.682417,5.841753,49.47669,27.68884,12.310302
"233","7am",4.395725,6.547752,48.11914,26.38117,14.556213
"101","8am",1.72255,7.519773,37.69562,29.244994,23.817065
"102","8am",4.287854,5.705176,38.61388,35.895995,15.497094
"103","8am",5.276362,14.032811,44.41684,26.319545,9.954444
"104","8am",6.334321,14.51861,26.09567,30.299032,22.752364
"105","8am",2.498522,10.704263,40.49043,25.000144,21.306638
"106","8am",6.50365,8.831129,41.86563,17.32805,25.471539
"107","8am",0.153806,14.089902,46.66747,22.059339,17.029488
"108","8am",7.370288,8.140467,32.46123,33.71534,18.312678
"109","8am",6.322462,19.694395,40.51099,18.287519,15.184631
"110","8am",4.24226,9.062803,29.18371,33.496617,24.014609
"111","8am",1.474348,8.023201,39.28906,27.663931,23.549459
"112","8am",3.834035,6.628122,46.69589,22.026189,20.815761
"113","8am",5.06918,7.129803,35.43201,29.225018,23.143986
"114","8am",5.775875,22.195749,45.22244,18.511293,8.294642
"115","8am",4.755734,9.913279,34.46023,28.868774,22.001988
"116","8am",17.024252,22.393127,46.07561,9.439986,5.067021
"117","8am",10.746689,23.460948,46.10764,14.598827,5.085898
"118","8am",1.816365,17.906466,31.69729,31.101361,17.47852
"119","8am",3.694367,19.429299,47.34921,24.529959,4.997164
"120","8am",8.982192,15.941598,43.65964,21.931122,9.485448
"121","8am",2.492378,28.041363,45.00619,19.611032,4.849037
"122","8am",2.71228,26.280813,36.64134,22.882654,11.482911
"123","8am",3.273475,28.539855,37.95568,17.890965,12.340025
"124","8am",6.673791,19.739742,32.31894,34.411524,6.856003
"125","8am",4.95392,24.038248,24.6289,30.756235,15.6227
"126","8am",7.432284,23.660186,40.82308,20.273339,7.811107
"127","8am",2.279039,9.429197,33.48657,39.627137,15.178059
"128","8am",3.023697,24.271218,30.0309,32.998988,9.675196
"129","8am",4.970306,12.981291,31.85474,33.667021,16.526646
"130","8am",3.049304,12.380137,32.97292,25.00482,26.592815
"131","8am",11.927491,13.456473,31.90509,26.899013,15.81193
"132","8am",6.454789,31.347426,33.49332,18.236358,10.468103
"133","8am",4.78493,22.862543,43.92655,17.179275,11.246706
"134","8am",3.598108,29.057411,32.87078,25.593799,8.879899
"201","8am",7.231401,16.416331,37.07814,15.729121,23.54501
"202","8am",5.243336,10.034468,54.02628,13.930983,16.764932
"203","8am",3.251491,17.531468,42.90684,26.297129,10.013068
"204","8am",4.197891,17.047191,51.50672,18.532208,8.715996
"205","8am",2.28303,14.311938,51.22865,24.551954,7.624433
"206","8am",3.4667,14.247048,52.03346,20.951047,9.30174
"207","8am",2.612276,10.724739,44.90396,33.631586,8.127443
"208","8am",3.147135,7.098642,59.09887,15.947453,14.707895
"209","8am",7.936934,5.629361,40.80497,25.829183,19.799551
"210","8am",2.708607,14.167958,55.61789,20.351149,7.154392
"211","8am",4.708351,7.023553,48.45581,23.528703,16.283585
"212","8am",3.620906,10.404645,55.15783,19.029123,11.787496
"213","8am",2.15376,17.909204,54.4882,9.343703,16.105133
"214","8am",3.894778,13.069579,56.06345,19.976852,6.995344
"215","8am",5.083614,3.906676,43.42641,34.045413,13.537885
"216","8am",6.801158,8.094388,46.85176,28.344927,9.907767
"217","8am",2.738364,9.565866,46.43046,26.376409,14.888902
"218","8am",4.652905,14.720161,52.326,13.771166,14.529771
"219","8am",6.721294,12.340907,59.74315,12.468234,8.726418
"220","8am",3.79395,11.891876,43.32927,34.256191,6.728715
"221","8am",6.27407,12.834587,45.39602,24.174099,11.321222
"222","8am",3.708613,11.771209,47.32768,28.792867,8.39963
"223","8am",4.863343,7.540948,55.90932,19.839072,11.847314
"224","8am",3.383983,18.779997,40.56008,30.912398,6.363537
"225","8am",3.805036,12.989912,41.20963,33.832729,8.162693
"226","8am",3.800538,18.596142,48.12787,17.501585,11.97386
"227","8am",1.92331,12.422618,37.47699,38.935476,9.241601
"228","8am",3.062646,12.107133,51.60273,27.180623,6.046866
"229","8am",6.195826,13.563523,45.07972,27.314336,7.8466
"230","8am",3.02816,11.666854,46.03981,26.648398,12.616779
"231","8am",4.687543,7.759287,52.89561,20.833092,13.824468
"232","8am",5.721097,5.958936,47.86921,30.613039,9.837713
"233","8am",6.049787,9.654583,44.17486,26.343685,13.777086
"101","9am",1.6977051,8.308186,38.62853,31.6232,19.742376
"102","9am",3.3693531,5.047608,40.80209,34.85633,15.924617
"103","9am",4.5881758,13.71185,46.02618,27.75303,7.920762
"104","9am",6.4722352,13.393081,27.09866,28.94144,24.094587
"105","9am",3.3979858,5.803524,41.36386,27.92474,21.509891
"106","9am",6.3892692,9.312637,44.98411,14.86307,24.450908
"107","9am",0.4940071,13.034684,49.02565,21.92691,15.518753
"108","9am",6.509612,9.509617,32.26958,33.47928,18.231915
"109","9am",5.3402424,22.220534,37.48985,17.95422,16.995159
"110","9am",5.4862626,7.52402,29.0006,34.5362,23.452915
"111","9am",1.4890924,8.277582,40.07912,26.1368,24.017409
"112","9am",3.584992,9.449709,42.43549,23.34163,21.18818
"113","9am",5.5126704,6.197795,37.33562,26.28549,24.668422
"114","9am",5.3718955,21.625009,41.47952,20.05133,11.472243
"115","9am",4.8514785,9.042731,29.26166,30.46589,26.378238
"116","9am",16.5065738,21.349855,44.7637,10.76358,6.616293
"117","9am",9.7650754,24.739244,45.59055,14.03763,5.867495
"118","9am",1.8333336,17.025849,35.59481,29.79675,15.74926
"119","9am",3.6389116,18.659726,48.34265,22.85486,6.503851
"120","9am",9.008755,17.910003,41.95032,20.09394,11.036988
"121","9am",2.2748622,26.333952,43.23284,24.58701,3.571333
"122","9am",2.5046539,25.36362,37.45641,23.30222,11.373093
"123","9am",3.2071078,30.089761,38.15294,16.9083,11.64189
"124","9am",7.6872106,20.76976,36.22362,29.17491,6.1445
"125","9am",4.1258647,27.847381,23.10698,30.14295,14.77683
"126","9am",7.5387405,23.379473,42.07736,23.18085,3.823569
"127","9am",2.366077,12.663415,31.35203,40.63501,12.983465
"128","9am",2.9549372,22.382251,31.40976,33.2321,10.020956
"129","9am",4.7381162,13.407985,30.29095,35.44885,16.114099
"130","9am",3.2286932,13.173125,33.96447,21.88131,27.75241
"131","9am",13.2990961,13.428502,31.24264,29.45956,12.570211
"132","9am",6.4655318,31.399596,37.213,14.90227,10.019595
"133","9am",3.6185082,19.942269,41.67166,19.41158,15.355983
"134","9am",4.8729179,27.687808,32.74951,25.67241,9.017361
"201","9am",7.2410435,18.600694,35.85481,17.05007,21.253391
"202","9am",5.6504615,11.073463,55.57762,12.31828,15.380183
"203","9am",3.3427397,17.912833,40.60536,27.65058,10.488489
"204","9am",4.7219234,16.866682,51.36547,16.97212,10.073802
"205","9am",2.4013148,12.517082,50.94302,26.11912,8.01946
"206","9am",3.7880782,12.951157,56.02914,18.6811,8.550519
"207","9am",2.7305409,11.038922,43.95223,33.62282,8.655489
"208","9am",3.1687859,7.902351,57.52486,16.78258,14.621422
"209","9am",8.0960102,4.950323,41.38598,25.19951,20.368172
"210","9am",2.7335205,13.264424,55.85751,20.61101,7.533537
"211","9am",4.8183224,7.187601,47.02186,23.01332,17.958893
"212","9am",3.5330325,7.872063,61.22309,16.60113,10.770685
"213","9am",2.0866484,18.067498,52.18083,12.16211,15.502918
"214","9am",4.0362219,12.971237,54.02142,21.07105,7.90008
"215","9am",5.451741,4.189576,39.97059,35.86987,14.518222
"216","9am",6.0984415,7.668685,48.5267,29.71419,7.991983
"217","9am",4.0671058,9.261692,47.50687,26.39763,12.766702
"218","9am",3.5547841,13.00843,55.23846,14.74026,13.458063
"219","9am",6.4578808,12.672748,55.86028,16.55513,8.453955
"220","9am",3.9975938,11.962121,43.51545,33.43495,7.089885
"221","9am",6.2808108,12.848376,41.81298,28.99712,10.060712
"222","9am",3.8165584,11.243253,51.11954,26.52936,7.291296
"223","9am",4.9714621,8.8557,54.07465,19.98749,12.110697
"224","9am",3.3948383,19.029736,41.03385,31.30523,5.236346
"225","9am",3.3023106,13.773287,38.06042,36.26206,8.601931
"226","9am",3.4475927,16.86917,53.02965,15.45709,11.196494
"227","9am",2.4034002,12.068915,37.33878,35.37465,12.814255
"228","9am",3.0974307,12.423003,49.47995,28.88407,6.115545
"229","9am",6.453385,12.377207,46.46849,28.5736,6.127323
"230","9am",2.3915691,10.998932,45.41201,28.14415,13.053338
"231","9am",5.3657799,8.746614,53.68513,19.46639,12.736083
"232","9am",3.9159716,7.038566,47.57056,33.27815,8.19675
"233","9am",8.0625113,10.003416,44.9208,22.25661,14.756662
"101","10am",1.8329771,9.741577,33.24266,32.43814,22.744645
"102","10am",2.9738614,8.140622,39.50128,34.1562,15.228036
"103","10am",3.5313826,14.549295,44.75917,30.4154,6.744754
"104","10am",5.4934129,12.392919,27.69933,32.48841,21.925924
"105","10am",2.8113202,6.230576,43.97498,25.99869,20.984429
"106","10am",5.5401228,8.026506,47.19483,13.9942,25.244342
"107","10am",0.7537204,12.85449,52.53936,18.28121,15.571216
"108","10am",6.3558119,12.085986,31.1489,31.22411,19.18519
"109","10am",7.267573,20.466628,37.02854,18.73554,16.501725
"110","10am",5.3049902,8.190238,34.68609,33.30117,18.517513
"111","10am",1.3886703,8.559051,39.59505,26.91621,23.541026
"112","10am",2.8258385,7.322991,41.1383,23.53206,25.180817
"113","10am",5.7056734,7.818484,38.0297,24.9378,23.50834
"114","10am",4.1074522,20.811244,39.76706,21.43582,13.878419
"115","10am",4.3457714,8.650483,29.0176,31.84347,26.14268
"116","10am",14.8673606,24.482039,42.81461,13.13654,4.699446
"117","10am",9.2374248,22.546358,45.634,17.37052,5.211692
"118","10am",1.9619673,16.779167,35.98104,28.25052,17.027305
"119","10am",3.4804938,19.488691,50.83328,19.9437,6.253827
"120","10am",9.5935751,18.101745,38.35059,21.57128,12.382812
"121","10am",2.5591348,30.560182,41.11263,22.05299,3.715058
"122","10am",2.3514686,24.316839,37.91391,23.80314,11.61464
"123","10am",3.3604477,30.384551,38.33916,17.13043,10.785421
"124","10am",9.7301982,20.63143,32.91597,31.35261,5.369796
"125","10am",4.2884077,22.365893,25.3499,31.4308,16.565001
"126","10am",9.6549282,22.731651,36.86487,23.40363,7.344923
"127","10am",2.7259374,11.278174,34.72718,35.18999,16.078718
"128","10am",3.0993573,23.476164,32.4215,32.54609,8.456887
"129","10am",3.9197858,11.435832,31.14368,35.29993,18.200777
"130","10am",3.2500414,11.897221,33.84596,23.31292,27.693861
"131","10am",14.1830467,13.573648,33.76562,25.10052,13.377168
"132","10am",5.6666862,32.63189,38.76597,16.25298,6.682475
"133","10am",3.6762818,18.731122,42.97777,19.01366,15.601159
"134","10am",4.6676753,25.67778,33.53806,27.87789,8.238592
"201","10am",7.3799617,17.641887,37.20712,15.92428,21.84675
"202","10am",5.2929112,10.59376,57.58687,14.36274,12.16372
"203","10am",2.5184359,19.505194,41.0973,27.77748,9.101592
"204","10am",4.681618,16.070295,51.76508,17.96614,9.516867
"205","10am",2.5848369,15.00143,49.2952,26.61537,6.503158
"206","10am",3.8236293,14.628559,56.68902,16.78646,8.072326
"207","10am",2.3409562,11.370054,43.65445,38.05304,4.581494
"208","10am",3.3094946,9.016,58.46147,17.0457,12.167335
"209","10am",8.2468208,5.907137,41.56293,24.38873,19.894389
"210","10am",3.5974703,13.618173,55.28923,19.1088,8.386322
"211","10am",5.3656323,7.376573,46.52327,22.02403,18.710504
"212","10am",3.4318512,9.509006,61.78433,15.93605,9.338768
"213","10am",2.286619,17.538229,52.33439,12.36783,15.472938
"214","10am",2.3309169,12.118434,53.75741,21.71506,10.078178
"215","10am",5.6189968,4.318109,41.76325,37.60015,10.699495
"216","10am",6.3432308,7.976503,48.63374,30.32554,6.720988
"217","10am",4.3782714,10.480066,45.14007,25.79188,14.209712
"218","10am",3.0419108,12.925504,52.11427,16.78339,15.134924
"219","10am",6.1225176,12.512773,60.4589,14.8955,6.010311
"220","10am",3.9998554,12.537272,44.19656,32.17241,7.093896
"221","10am",8.0499349,12.669848,40.67867,28.56492,10.036628
"222","10am",3.9365985,11.967799,52.07039,25.80309,6.222123
"223","10am",3.3597034,8.310276,54.60426,19.59998,14.125782
"224","10am",3.5573454,19.123423,41.71838,30.85544,4.745416
"225","10am",3.8263461,12.493972,42.57425,34.39113,6.714299
"226","10am",3.7200343,19.293094,48.38559,16.52,12.081283
"227","10am",2.5759701,10.951439,38.25518,37.62063,10.596782
"228","10am",2.9558698,11.685031,49.65059,28.36217,7.346336
"229","10am",6.2252514,13.085724,44.80601,28.23463,7.64839
"230","10am",2.6455572,12.019725,44.10793,27.77169,13.455093
"231","10am",5.493717,9.131244,53.80279,19.07332,12.498936
"232","10am",2.9907707,6.978529,47.58788,33.12289,9.319936
"233","10am",9.1148826,8.616873,47.17894,22.06884,13.020462
"101","11am",2.7063689,11.187517,35.46808,32.7241,17.913934
"102","11am",5.3718281,6.96696,37.91632,33.834302,15.910595
"103","11am",2.9394034,16.363738,46.14757,26.566139,7.983146
"104","11am",6.753741,10.189928,25.75073,32.103563,25.202036
"105","11am",3.421802,7.134106,43.17598,27.029571,19.238536
"106","11am",5.3558118,6.418507,44.52529,17.657448,26.042947
"107","11am",0.5198322,15.024426,47.17066,20.030492,17.254587
"108","11am",5.7602298,9.333605,31.83018,32.871436,20.204546
"109","11am",5.8425643,23.492234,41.92429,17.367278,11.373638
"110","11am",5.4150509,7.032877,37.16347,32.570209,17.818398
"111","11am",1.4290397,9.099419,41.0266,27.516815,20.928123
"112","11am",3.509092,7.740167,40.94194,21.825947,25.982854
"113","11am",5.6043759,10.24168,36.41813,26.980704,20.755106
"114","11am",6.3353924,23.522047,39.04385,20.023042,11.075672
"115","11am",4.0728932,7.284252,27.30369,30.543167,30.795993
"116","11am",16.7555098,23.129415,47.50964,9.623876,2.981558
"117","11am",9.9639967,21.346997,47.48442,16.170888,5.033703
"118","11am",1.1427875,16.791471,33.97487,29.74142,18.349451
"119","11am",3.3214179,21.61115,48.72171,21.412543,4.933174
"120","11am",9.2656472,13.76052,39.25971,24.136057,13.578064
"121","11am",4.0863408,28.154839,36.07737,25.316544,6.364908
"122","11am",2.6355395,23.1476,38.27977,25.761507,10.175584
"123","11am",3.179106,29.344828,39.12025,17.708372,10.647439
"124","11am",7.5448917,22.710686,33.67593,29.043504,7.024985
"125","11am",4.9363214,24.371186,25.46956,30.916398,14.306539
"126","11am",9.1174089,21.628964,40.10058,21.557614,7.595438
"127","11am",3.4702879,10.175058,33.59043,36.38556,16.378663
"128","11am",3.121231,22.784762,31.21427,31.400435,11.479307
"129","11am",3.0189454,16.355904,30.86498,31.245137,18.515037
"130","11am",1.7956749,11.992531,37.00088,25.060164,24.150751
"131","11am",13.2069077,16.249791,35.74963,22.023097,12.770572
"132","11am",6.4466554,31.307924,36.58917,18.101834,7.554421
"133","11am",3.6816795,18.201018,41.29683,21.856511,14.963961
"134","11am",3.0212646,28.815697,34.76828,23.763265,9.631496
"201","11am",7.299949,17.335913,38.29365,14.955108,22.11538
"202","11am",5.5868902,10.94888,56.7919,11.976344,14.695985
"203","11am",2.4874001,16.473503,42.02608,27.435165,11.577855
"204","11am",4.5440589,15.270757,52.21042,17.874098,10.100667
"205","11am",1.3695409,13.671099,51.70755,25.754171,7.497643
"206","11am",3.1733267,15.258808,53.73459,19.097618,8.735662
"207","11am",2.9450072,9.646728,41.51914,34.022155,11.866965
"208","11am",3.2357563,9.317346,57.05283,16.305686,14.088379
"209","11am",6.7649383,5.740067,41.22824,25.746606,20.520151
"210","11am",2.7610293,13.920036,54.82385,20.778604,7.716478
"211","11am",5.026119,7.497576,47.97053,22.426956,17.07882
"212","11am",3.5576034,9.593385,54.98872,23.54119,8.319097
"213","11am",2.4755118,18.236423,54.44301,9.129656,15.715403
"214","11am",3.9439923,12.493093,54.01402,20.027499,9.521397
"215","11am",5.5602154,3.479929,43.17897,37.193323,10.587566
"216","11am",6.171836,7.760977,50.02166,29.50614,6.539386
"217","11am",4.32684,9.170806,45.24607,26.306133,14.950148
"218","11am",3.1336959,13.375558,53.15681,17.783515,12.550423
"219","11am",6.9702483,13.104953,59.49974,14.251604,6.173456
"220","11am",3.7750216,13.01901,45.15166,30.983581,7.070729
"221","11am",8.3251729,11.635436,41.14798,28.941891,9.94952
"222","11am",3.9683459,11.287949,51.55273,26.867791,6.323188
"223","11am",3.4970078,9.300786,55.23702,19.051179,12.91401
"224","11am",3.6234834,18.120693,41.012,31.491512,5.752314
"225","11am",3.9473706,12.422053,45.1704,31.533508,6.926667
"226","11am",3.8312441,19.869858,45.76412,16.894146,13.640629
"227","11am",1.1031065,10.863183,38.51153,36.956903,12.565278
"228","11am",2.9515672,11.668022,51.29921,28.35689,5.724311
"229","11am",6.3192257,13.196954,45.62406,28.660845,6.19891
"230","11am",3.6368688,13.812608,43.98952,25.907036,12.653969
"231","11am",4.6578378,8.828826,54.38796,19.324588,12.800788
"232","11am",5.7569854,6.972275,47.00143,28.482082,11.78723
"233","11am",8.0347972,6.991384,46.74751,23.984806,14.241498
"101","12am",1.963922,11.216341,37.41529,29.087313,20.317132
"102","12am",6.4148289,4.984779,38.69416,32.466112,17.440119
"103","12am",3.8608644,16.915472,45.34367,24.958988,8.921006
"104","12am",7.808059,6.386577,25.38489,32.576337,27.844137
"105","12am",2.7467052,7.461588,43.90051,28.614921,17.276276
"106","12am",10.3070368,9.2495,37.95666,19.713689,22.773118
"107","12am",0.5387626,16.879896,46.18822,22.623059,13.77006
"108","12am",5.1465085,10.122142,26.77747,33.770231,24.183653
"109","12am",6.660802,22.921552,41.03765,15.83532,13.544677
"110","12am",4.2634426,7.202752,30.8803,36.098232,21.555277
"111","12am",1.374705,8.923582,41.31246,28.18591,20.203347
"112","12am",3.7545807,10.130704,39.30328,22.047477,24.763962
"113","12am",5.5311262,5.307029,36.75728,25.994668,26.4099
"114","12am",6.8129773,24.602186,42.24461,16.29434,10.045887
"115","12am",3.2128186,9.295497,32.03283,32.976215,22.482639
"116","12am",16.6616415,21.025607,44.23875,12.066314,6.007691
"117","12am",10.4738069,20.16354,44.25962,18.110361,6.992669
"118","12am",1.1044297,16.641673,40.01051,25.665415,16.577971
"119","12am",3.4813017,15.529731,38.79245,29.360125,12.836392
"120","12am",10.14489,16.110311,38.74304,22.722716,12.279042
"121","12am",2.3609423,23.805817,37.11261,24.518628,12.201999
"122","12am",2.67143,21.839906,45.87055,20.677734,8.940377
"123","12am",2.7752836,30.976203,39.69167,17.560976,8.99587
"124","12am",6.9828832,16.858614,39.05886,30.299555,6.800085
"125","12am",4.2916735,23.942431,25.36769,30.88359,15.514618
"126","12am",8.8908503,19.966706,39.75415,22.680818,8.707472
"127","12am",2.5782844,6.538625,32.89835,28.788453,29.19629
"128","12am",3.1466217,23.296513,35.27001,29.102989,9.183865
"129","12am",4.2875392,13.640252,29.89702,33.098619,19.076574
"130","12am",3.0685065,15.011721,30.85394,30.700124,20.365705
"131","12am",10.9019702,15.724197,35.56604,21.823614,15.984182
"132","12am",5.9714651,30.079185,35.06503,21.289815,7.594509
"133","12am",3.6754862,20.320264,43.0988,19.701648,13.2038
"134","12am",2.7021959,27.187865,32.51082,27.702804,9.896312
"201","12am",7.2708814,15.403548,41.29517,13.66362,22.366781
"202","12am",5.1495096,11.327871,58.33647,9.983942,15.202205
"203","12am",2.5078446,12.837184,43.81504,28.271023,12.568907
"204","12am",4.5112439,18.006812,53.04086,15.626578,8.814506
"205","12am",1.2669373,12.646884,53.98438,25.165862,6.935933
"206","12am",3.1588113,15.986491,47.36445,22.168495,11.321757
"207","12am",2.7542655,11.601996,44.755,34.122219,6.766518
"208","12am",2.9735835,8.31516,56.97467,16.004919,15.731668
"209","12am",5.626757,6.67088,42.10451,25.872701,19.725157
"210","12am",3.2084059,14.282405,53.83695,21.618283,7.053958
"211","12am",5.1145074,7.725214,49.65922,21.7378,15.763258
"212","12am",3.334675,8.906208,54.56814,22.846899,10.344079
"213","12am",2.5131554,19.863554,54.05112,8.47469,15.097479
"214","12am",3.7563339,9.026707,56.40689,19.451182,11.358889
"215","12am",4.8660506,4.566672,43.64987,33.472022,13.445389
"216","12am",6.0858153,7.652808,50.14625,30.207547,5.907582
"217","12am",3.8885993,10.505893,46.87814,23.560754,15.166616
"218","12am",3.1683108,13.130155,54.29428,19.454646,9.952612
"219","12am",7.5318008,13.999892,55.85141,13.669758,8.947143
"220","12am",3.8811886,13.385151,43.32918,29.996958,9.407522
"221","12am",8.5531945,12.509265,42.00963,24.588692,12.339221
"222","12am",3.5693902,11.147507,46.94943,31.831991,6.501684
"223","12am",3.806379,10.123603,56.45763,16.006489,13.6059
"224","12am",3.2242607,18.518618,40.35376,30.773584,7.129777
"225","12am",3.5711658,13.465077,41.40723,31.95359,9.602941
"226","12am",4.2633919,19.846959,48.7697,15.165761,11.954188
"227","12am",1.0907993,11.813431,38.26613,38.625828,10.203809
"228","12am",2.9781257,9.204237,50.29878,28.903976,8.614877
"229","12am",5.9626346,13.975832,45.44729,26.791073,7.823167
"230","12am",3.2973627,11.856246,47.17584,24.9549,12.715655
"231","12am",4.5031864,8.302278,53.77504,19.175767,14.243732
"232","12am",5.4715196,7.764287,42.44331,32.359406,11.961474
"233","12am",7.3684323,10.613845,47.71054,22.032453,12.274725
"101","1pm",2.1413867,10.964088,39.44032,25.334082,22.120127
"102","1pm",6.2858947,6.056821,37.60299,36.679121,13.375171
"103","1pm",4.1073324,18.813346,43.63164,26.472375,6.97531
"104","1pm",5.9051877,11.496415,33.47254,29.427507,19.698347
"105","1pm",3.1309252,7.742105,46.28919,26.111546,16.726234
"106","1pm",6.9433373,11.435002,38.96603,17.547395,25.108236
"107","1pm",0.1417541,13.985629,47.63061,22.950249,15.291758
"108","1pm",5.5993679,10.691208,25.51091,34.341279,23.857234
"109","1pm",6.8155392,20.440756,40.95936,15.037575,16.74677
"110","1pm",3.9757261,5.331025,35.0685,34.215677,21.409076
"111","1pm",1.5729645,8.197462,41.3221,26.857965,22.049506
"112","1pm",3.5429084,9.104101,38.67803,24.841194,23.833765
"113","1pm",5.8113238,8.187533,34.8833,25.832021,25.285823
"114","1pm",4.27451,20.611333,43.23325,19.704,12.176907
"115","1pm",4.7280694,7.623327,30.59187,28.473923,28.582807
"116","1pm",15.6874513,19.383628,48.06227,9.706926,7.159721
"117","1pm",9.9180937,20.254518,43.04991,20.38527,6.392211
"118","1pm",1.2110262,14.609226,37.37137,29.164541,17.643835
"119","1pm",5.3445301,17.421441,41.92,27.713692,7.600339
"120","1pm",11.5684164,16.311306,39.12415,21.528847,11.467285
"121","1pm",4.4619118,25.90074,38.36963,22.925765,8.341958
"122","1pm",2.3798748,23.656166,42.40895,22.322868,9.232146
"123","1pm",3.3050497,30.597343,37.36996,18.798681,9.928964
"124","1pm",6.8275404,18.930306,36.82457,29.289318,8.128269
"125","1pm",1.1095647,26.967131,25.66245,29.789837,16.471019
"126","1pm",8.1917019,21.488314,35.63821,25.095935,9.585841
"127","1pm",2.5985717,6.775161,31.1014,31.056997,28.467875
"128","1pm",2.4910334,21.958031,34.41702,32.166334,8.967582
"129","1pm",5.2186314,13.791815,27.02933,35.546826,18.413398
"130","1pm",3.0788716,16.19851,31.5213,28.135147,21.066177
"131","1pm",10.88618,14.96438,33.41896,24.909095,15.821385
"132","1pm",5.2572487,28.714848,36.58739,20.243019,9.197499
"133","1pm",3.4860088,19.837335,39.64333,24.38274,12.650583
"134","1pm",4.1338428,29.329967,33.87395,24.688785,7.973455
"201","1pm",6.0900796,17.261095,40.90852,14.396165,21.344141
"202","1pm",5.9069422,11.876804,54.06806,11.752122,16.396069
"203","1pm",2.7754613,12.88592,43.22071,29.721016,11.39689
"204","1pm",4.278567,15.567011,51.62204,18.591453,9.940926
"205","1pm",1.195949,15.164277,55.42731,21.665162,6.547302
"206","1pm",3.2321636,15.737257,52.23339,19.093968,9.703221
"207","1pm",2.4456379,13.186275,35.99419,39.369136,9.004759
"208","1pm",2.6314462,7.228883,59.66526,17.325735,13.148678
"209","1pm",5.5819988,5.519355,42.09683,26.52037,20.281444
"210","1pm",3.3096501,14.528988,52.85362,21.343745,7.963999
"211","1pm",5.2409203,7.818,47.66682,23.121385,16.152871
"212","1pm",3.8551317,10.296238,59.43703,16.122032,10.289563
"213","1pm",2.5039423,18.845616,53.32563,9.428924,15.895889
"214","1pm",3.7034466,11.577327,58.97103,15.992726,9.75547
"215","1pm",4.716919,5.866467,44.65977,32.138462,12.618385
"216","1pm",5.5973582,9.489493,49.32808,27.532664,8.052401
"217","1pm",4.5631512,8.911058,47.63322,23.274064,15.618503
"218","1pm",3.1232469,11.106937,52.77541,20.128183,12.866224
"219","1pm",7.0298218,14.837869,53.72314,16.50006,7.909109
"220","1pm",3.9052443,11.931159,45.42286,30.923069,7.817668
"221","1pm",8.474153,11.469207,44.95474,24.372626,10.729271
"222","1pm",3.6211745,12.01768,48.52,30.142525,5.698623
"223","1pm",3.5102241,8.029245,57.10771,18.09785,13.254975
"224","1pm",3.0243722,15.469535,41.22365,33.366921,6.915521
"225","1pm",3.6297946,15.055789,43.44068,29.856019,8.017716
"226","1pm",4.2639101,21.642997,43.82358,17.326491,12.943021
"227","1pm",2.5559863,11.985006,41.84747,34.288949,9.322587
"228","1pm",3.1858581,9.140481,51.91482,28.04248,7.716361
"229","1pm",7.3358151,14.966029,43.0031,28.067536,6.627523
"230","1pm",2.5151459,11.982778,46.63741,26.464404,12.400266
"231","1pm",4.0227179,8.906181,53.97968,19.683075,13.408351
"232","1pm",6.0343002,5.041964,45.08695,30.277721,13.55906
"233","1pm",8.8180564,10.942296,47.20187,20.791589,12.246189
"101","2pm",3.053694,9.591948,41.56455,25.077277,20.712533
"102","2pm",5.463093,4.596531,39.40876,32.735426,17.796184
"103","2pm",4.031268,12.516288,45.21393,29.74961,8.488899
"104","2pm",6.522635,11.488009,30.01216,30.077417,21.899782
"105","2pm",2.671705,6.698902,44.04004,25.851468,20.737886
