"district","hour","cspmen1","cspmen2","cspmen3","cspmen4","cspmen5"
"101","4am",3.871018,14.421398,29.76953,34.761866,17.1761876
"102","4am",9.934518,4.984052,23.34566,47.555277,14.1804891
"103","4am",5.546131,16.610475,37.13975,26.842334,13.8613143
"104","4am",9.406857,12.392255,30.82929,33.494431,13.877165
"105","4am",4.986703,12.230735,21.6262,42.102772,19.0535859
"106","4am",15.568419,5.810243,37.4736,24.619899,16.52784
"107","4am",0,24.298469,39.42428,23.475042,12.8022098
"108","4am",5.462666,14.166453,28.55347,36.352305,15.4651016
"109","4am",11.272807,42.262499,38.44578,6.264787,1.7541248
"110","4am",8.263251,9.318065,22.94288,45.731414,13.7443859
"111","4am",10.296287,25.089981,28.12155,26.674365,9.8178156
"112","4am",9.65469,11.888741,35.65138,26.613816,16.1913738
"113","4am",6.169466,12.298439,43.64992,23.105352,14.7768205
"114","4am",9.346271,33.618943,40.96693,9.387946,6.6799111
"115","4am",6.006537,9.67389,34.89369,35.846379,13.579501
"116","4am",34.831144,32.985419,29.48964,2.6938,0
"117","4am",19.075278,31.549714,36.79147,10.216555,2.3669779
"118","4am",6.058861,29.05555,28.08653,30.529793,6.2692687
"119","4am",7.959821,40.171857,40.64262,10.31205,0.9136483
"120","4am",14.874356,24.556146,40.64507,14.799289,5.1251374
"121","4am",5.328941,36.83094,26.61114,26.653941,4.5750408
"122","4am",6.499071,41.00196,35.91524,15.580492,1.0032375
"123","4am",5.058495,31.998389,51.43761,9.343979,2.1615318
"124","4am",9.725046,25.369015,35.48908,21.842401,7.5744537
"125","4am",11.550709,37.055747,20.06499,26.45367,4.8748846
"126","4am",13.220143,28.675308,34.03965,13.896673,10.1682276
"127","4am",2.837763,17.194719,30.10859,46.930511,2.928414
"128","4am",9.162314,25.673725,30.79269,27.422983,6.9482843
"129","4am",7.300692,24.033601,28.75656,28.196136,11.7130074
"130","4am",3.814833,18.732309,32.81992,28.361756,16.2711801
"131","4am",9.42713,16.132218,37.61767,31.700316,5.1226647
"132","4am",11.925895,21.808723,39.54589,20.334441,6.3850461
"133","4am",12.105097,41.904414,38.98422,6.584042,0.4222307
"134","4am",8.271594,41.973216,32.24157,16.322468,1.1911472
"201","4am",4.839472,13.813641,44.75538,15.335005,21.2565056
"202","4am",5.349386,10.616225,49.26369,11.441238,23.3294564
"203","4am",3.636766,17.326104,41.67163,19.409752,17.9557496
"204","4am",4.019803,12.232641,57.20689,14.901072,11.6395942
"205","4am",1.425134,14.798332,55.57959,17.389041,10.8079021
"206","4am",3.721994,15.849002,50.90514,20.549648,8.9742178
"207","4am",2.476614,7.076695,46.8805,27.805448,15.7607397
"208","4am",2.848066,4.34642,61.44876,13.799076,17.5576814
"209","4am",6.014592,7.643052,38.67353,24.099189,23.5696409
"210","4am",2.300868,11.532274,52.49034,28.47175,5.204772
"211","4am",4.890306,7.123718,48.46522,27.490905,12.0298505
"212","4am",2.804091,13.839414,48.21523,16.690842,18.4504266
"213","4am",2.251864,19.687141,50.95774,14.373042,12.7302079
"214","4am",3.285439,8.769594,57.6409,19.663305,10.640757
"215","4am",4.613484,6.225219,44.47272,31.764413,12.9241668
"216","4am",5.842211,12.808497,55.8423,19.433538,6.073456
"217","4am",2.81156,11.619557,49.91476,20.09912,15.5550042
"218","4am",5.128169,16.221901,53.7353,15.761988,9.1526389
"219","4am",8.02118,14.760833,52.44505,13.834312,10.9386246
"220","4am",3.796394,9.966506,54.07535,26.25608,5.9056704
"221","4am",8.08111,13.90236,50.80591,20.869781,6.3408391
"222","4am",4.514859,8.940569,53.10909,21.756388,11.6790969
"223","4am",3.605667,7.809169,60.25494,17.125837,11.204391
"224","4am",3.151573,22.380066,40.28486,27.046507,7.1369981
"225","4am",3.185856,14.891122,46.2954,24.887014,10.7406119
"226","4am",6.921522,23.287654,44.62968,17.275108,7.8860393
"227","4am",2.583247,15.581549,37.81585,36.150431,7.8689239
"228","4am",4.187243,9.531784,59.3854,18.426291,8.4692834
"229","4am",7.78407,12.575349,47.82236,22.396701,9.4215182
"230","4am",1.85276,12.32906,49.29314,20.801743,15.7232949
"231","4am",7.217994,8.465901,51.31715,21.69967,11.2992869
"232","4am",3.575925,7.332585,52.83122,22.484344,13.7759214
"233","4am",3.980979,8.51833,48.46966,27.576488,11.454545
"101","5am",3.785254,13.89163,32.69222,32.835255,16.7956418
"102","5am",9.934518,4.984052,23.34566,47.555277,14.1804891
"103","5am",5.412935,15.587,39.27396,26.197687,13.5284199
"104","5am",9.406857,12.392255,30.82929,33.494431,13.877165
"105","5am",6.244053,11.775815,20.91052,42.043054,19.0265608
"106","5am",15.471419,7.019835,37.24012,23.843766,16.4248623
"107","5am",0,23.795509,39.63588,23.663583,12.9050315
"108","5am",5.496703,14.254722,28.73139,36.578811,14.9383769
"109","5am",11.162447,42.827742,38.0694,6.203455,1.7369521
"110","5am",8.308544,8.821011,23.06864,45.982081,13.8197229
"111","5am",9.744312,23.177807,30.57412,26.655281,9.8484835
"112","5am",9.519621,11.722419,36.55161,26.24149,15.9648572
"113","5am",6.099155,12.158279,43.61593,23.51822,14.6084159
"114","5am",9.169894,34.871644,40.19383,9.210783,6.553852
"115","5am",5.902376,10.136567,35.39229,35.224757,13.344015
"116","5am",35.968856,31.945131,29.30422,2.781789,0
"117","5am",18.793095,30.202931,38.60659,10.06542,2.3319628
"118","5am",6.163518,29.613429,29.15655,29.226727,5.8397768
"119","5am",7.76691,37.679966,44.0452,9.616421,0.8915055
"120","5am",15.394875,23.367289,40.61617,15.317181,5.3044886
"121","5am",5.076893,38.137435,27.03376,25.393265,4.358651
"122","5am",6.213729,39.794293,37.63406,14.896431,1.4614838
"123","5am",4.573499,34.090813,50.9333,8.448101,1.9542895
"124","5am",9.711279,26.075345,35.6424,21.007246,7.5637316
"125","5am",11.745108,35.924918,21.14446,26.228587,4.9569291
"126","5am",12.060339,29.619548,35.16053,13.292915,9.8666682
"127","5am",2.837763,17.194719,30.10859,46.930511,2.928414
"128","5am",8.772717,25.27012,33.60015,26.256914,6.1000951
"129","5am",7.277549,23.559293,28.66541,28.821873,11.6758777
"130","5am",3.814833,18.732309,32.81992,28.361756,16.2711801
"131","5am",9.577003,15.725906,37.28869,32.204291,5.2041053
"132","5am",11.340833,27.221324,36.80728,19.336873,5.2936845
"133","5am",12.734105,44.648575,35.24699,6.926164,0.4441708
"134","5am",8.337665,40.919769,33.08906,16.452846,1.2006617
"201","5am",5.010662,14.30228,42.80117,15.87746,22.0084255
"202","5am",4.92397,10.364301,51.12757,10.808316,22.7758465
"203","5am",3.708149,17.666185,40.52674,19.790732,18.3081899
"204","5am",4.136602,11.854496,56.69707,15.334038,11.9777947
"205","5am",1.426726,14.084155,56.26068,17.408464,10.8199742
"206","5am",3.74633,15.272543,50.40759,20.684012,9.8895287
"207","5am",2.50021,6.659329,47.55059,28.070362,15.2195078
"208","5am",2.976749,4.542803,61.03826,13.620685,17.821506
"209","5am",6.069967,7.71342,38.10891,24.321066,23.7866415
"210","5am",2.377203,12.18897,54.54421,25.512172,5.3774469
"211","5am",4.84676,7.060284,49.50577,27.246108,11.3410828
"212","5am",2.849617,12.440528,48.99804,16.961831,18.7499839
"213","5am",2.229337,20.490577,50.44797,14.229257,12.6028571
"214","5am",3.297507,8.801805,57.48532,19.735528,10.6798404
"215","5am",4.659612,6.287462,43.91753,32.08201,13.0533895
"216","5am",5.994375,12.705415,55.12887,19.939694,6.2316421
"217","5am",2.859549,10.738191,51.13503,20.442178,14.8250535
"218","5am",5.036467,15.93182,52.4951,16.189424,10.3471924
"219","5am",8.028472,14.774253,52.40182,13.846889,10.9485691
"220","5am",3.826925,11.59418,52.15849,26.467239,5.9531655
"221","5am",8.237441,13.454346,50.5712,21.273513,6.4635045
"222","5am",4.613391,8.872235,52.3492,22.231198,11.9339807
"223","5am",3.605667,7.809169,60.25494,17.125837,11.204391
"224","5am",3.219784,24.004892,39.58536,25.898501,7.2914676
"225","5am",3.27155,14.277361,45.86515,25.556429,11.0295148
"226","5am",6.572283,22.112629,45.00561,18.821348,7.4881335
"227","5am",2.588219,15.611536,37.69617,36.220003,7.8840679
"228","5am",4.256128,9.688591,58.71725,18.729421,8.6086113
"229","5am",7.740987,12.505746,48.11116,22.272739,9.3693715
"230","5am",1.85276,12.32906,49.29314,20.801743,15.7232949
"231","5am",7.163638,8.737094,50.22531,22.659756,11.2141974
"232","5am",3.636354,7.452675,53.12898,21.773273,14.0087182
"233","5am",4.115124,8.300403,48.65112,27.092828,11.840525
"101","6am",3.613027,14.523773,33.04962,30.231817,18.5817636
"102","6am",9.422373,4.984552,24.39695,46.068185,15.1279354
"103","6am",5.474205,14.306485,38.55046,27.987298,13.6815493
"104","6am",9.595692,13.169789,30.41324,32.665538,14.1557379
"105","6am",5.139973,11.795954,21.12551,41.530409,20.4081504
"106","6am",15.055191,7.447587,39.21965,22.294592,15.9829834
"107","6am",0,24.428458,40.43533,24.046283,11.0899327
"108","6am",6.082022,15.572775,28.35344,35.604164,14.3876006
"109","6am",10.116082,41.46668,40.20402,6.416586,1.7966282
"110","6am",8.822378,8.766585,24.75191,43.92467,13.7344548
"111","6am",8.284593,20.954693,37.00632,25.107319,8.6470725
"112","6am",9.431012,11.613305,36.21139,26.928039,15.8162552
"113","6am",6.183964,12.32734,43.57996,23.097187,14.8115457
"114","6am",9.533148,35.279037,38.79868,9.575657,6.8134748
"115","6am",5.844785,9.396502,37.09924,34.445662,13.2138135
"116","6am",35.877074,31.409548,29.93869,2.774691,0
"117","6am",19.447957,30.002385,37.72028,10.416159,2.4132221
"118","6am",5.78597,28.716783,31.22732,28.477077,5.7928561
"119","6am",7.737421,36.859366,42.69723,11.817861,0.8881207
"120","6am",15.55753,26.284134,37.31879,15.479015,5.3605333
"121","6am",5.035521,38.303474,27.15154,25.186331,4.3231316
"122","6am",6.076362,39.10598,35.61702,16.274038,2.9266037
"123","6am",4.915966,36.643556,47.99445,8.345399,2.100628
"124","6am",10.031602,25.043075,36.81805,20.294056,7.8132182
"125","6am",11.746075,36.589998,20.47584,26.230747,4.9573371
"126","6am",12.430035,29.433611,34.26684,13.700395,10.1691201
"127","6am",3.058369,16.553966,27.75736,49.474237,3.1560667
"128","6am",8.618076,26.057553,32.47742,27.976345,4.8706052
"129","6am",7.329967,23.728983,28.87187,28.3092,11.7599753
"130","6am",3.832154,18.817361,33.18555,27.819878,16.3450579
"131","6am",9.634661,15.885311,37.51319,31.731402,5.2354365
"132","6am",11.160903,28.070172,35.8962,19.66303,5.2096966
"133","6am",9.596946,45.309135,37.94541,6.71771,0.4308028
"134","6am",8.472935,40.767794,33.54282,15.996314,1.2201411
"201","6am",5.090224,14.356885,42.96092,15.234086,22.3578859
"202","6am",4.969289,10.7068,52.91462,10.907792,20.5015008
"203","6am",3.756256,16.792973,40.85758,20.047481,18.5457061
"204","6am",4.621292,12.155245,56.66203,14.279766,12.2816712
"205","6am",1.470175,14.513068,55.55288,17.938615,10.5252642
"206","6am",3.845023,14.614043,51.30029,21.228909,9.0117381
"207","6am",2.765471,8.124709,46.29559,27.593872,15.2203569
"208","6am",3.055837,4.359218,60.30738,13.982568,18.2949993
"209","6am",6.145341,7.809202,38.06548,24.623073,23.3569023
"210","6am",2.412357,13.155045,52.43174,25.88945,6.111407
"211","6am",4.960288,6.054486,49.49419,27.884306,11.6067305
"212","6am",2.959961,10.741209,50.58797,17.311239,18.3996209
"213","6am",2.237991,20.57012,50.22172,14.284494,12.6856771
"214","6am",3.384657,9.03443,58.47502,19.307119,9.7987747
"215","6am",4.663128,6.292207,44.74571,31.235712,13.0632401
"216","6am",6.24557,13.237838,54.70082,19.903234,5.9125372
"217","6am",2.938754,11.035622,52.37973,19.173435,14.4724643
"218","6am",4.917924,15.556833,54.1336,15.808374,9.5832738
"219","6am",7.995085,14.712813,54.38568,12.003389,10.9030385
"220","6am",4.040772,11.652702,50.07449,27.946212,6.2858248
"221","6am",8.510645,13.900574,49.56452,21.346386,6.6778738
"222","6am",3.797165,9.456804,53.14585,21.499154,12.1010316
"223","6am",5.659603,7.536914,58.25603,16.528769,12.0186869
"224","6am",3.309881,22.666364,39.06382,27.464431,7.4954991
"225","6am",3.354746,13.692069,45.93443,25.708756,11.3099972
"226","6am",6.623087,22.580582,45.3535,17.896808,7.5460175
"227","6am",2.656054,14.998133,38.75504,35.500072,8.0907035
"228","6am",4.490382,10.221845,57.29944,19.402689,8.5856427
"229","6am",7.806724,11.957336,49.10021,21.686793,9.4489373
"230","6am",1.950556,12.233302,48.12766,21.89974,15.7887385
"231","6am",6.801715,9.028161,50.45438,23.068112,10.6476313
"232","6am",3.807919,7.019784,52.4866,22.016037,14.6696582
"233","6am",4.298065,8.669404,46.94536,28.146018,11.9411497
"101","7am",2.512307,11.939414,46.22503,24.260939,15.062311
"102","7am",6.585151,9.640891,36.24846,36.307432,11.218064
"103","7am",6.002991,18.782634,38.30534,25.555792,11.353243
"104","7am",10.901884,13.364942,33.7565,29.711978,12.264695
"105","7am",4.590374,10.580486,30.442,32.761797,21.625339
"106","7am",11.133807,12.301743,38.89451,22.8119,14.858036
"107","7am",0.99934,20.286104,43.00291,25.754465,9.957181
"108","7am",5.839402,13.467996,31.18941,33.779329,15.723863
"109","7am",8.888652,36.559287,37.44012,6.064838,11.047106
"110","7am",8.561741,9.19459,25.23847,40.453517,16.551684
"111","7am",5.17825,16.252551,36.94921,27.91834,13.701646
"112","7am",6.233129,10.069381,38.41799,33.855657,11.423843
"113","7am",4.870085,11.546851,42.24046,25.808943,15.533666
"114","7am",10.707752,32.718084,39.73211,9.225547,7.616506
"115","7am",5.844121,11.529551,37.12843,33.328095,12.169806
"116","7am",32.043617,27.988275,34.27115,5.696959,0
"117","7am",16.419775,28.268634,37.01946,12.318329,5.973802
"118","7am",6.111714,29.226774,34.5097,22.392101,7.759707
"119","7am",7.689261,34.189353,45.11958,11.996095,1.005714
"120","7am",16.049048,25.838589,35.09225,17.771512,5.248601
"121","7am",4.615291,38.939835,31.71843,21.022419,3.704026
"122","7am",6.431212,38.18417,33.07977,18.789668,3.515178
"123","7am",5.213963,37.098337,44.92367,5.966012,6.79802
"124","7am",8.90117,22.79678,39.31717,22.980945,6.00394
"125","7am",8.00648,33.424546,23.19459,27.70693,7.667456
"126","7am",11.37916,29.582999,38.52175,11.243349,9.272738
"127","7am",3.669261,14.132698,27.14361,51.815084,3.23935
"128","7am",9.089134,29.616556,35.07925,22.522336,3.692727
"129","7am",8.215753,23.264408,32.97648,26.228688,9.314672
"130","7am",3.719533,17.491991,41.56532,23.477082,13.746069
"131","7am",10.593035,17.813491,32.78732,31.455429,7.350723
"132","7am",10.263057,28.820108,34.62925,20.805001,5.482582
"133","7am",8.873387,46.890358,31.60173,9.558742,3.075785
"134","7am",7.880406,43.021417,31.76348,15.912226,1.422473
"201","7am",6.222269,16.451415,41.62899,15.476271,20.221058
"202","7am",5.301304,10.479023,53.20574,10.372673,20.641257
"203","7am",2.962032,17.1452,39.56805,22.046514,18.278207
"204","7am",4.065427,16.451358,55.29918,15.170682,9.013356
"205","7am",1.804631,13.326159,56.78794,18.399958,9.681315
"206","7am",5.115068,13.773293,51.0283,21.235119,8.848221
"207","7am",3.865498,8.822047,46.99948,27.778062,12.534913
"208","7am",3.850244,7.308322,57.66616,11.917095,19.258181
"209","7am",7.889894,6.015017,39.34195,25.349808,21.403327
"210","7am",2.744163,13.212885,59.69882,17.24156,7.102569
"211","7am",4.729501,7.875958,49.94657,25.772123,11.675853
"212","7am",3.001502,10.891954,57.00787,15.449418,13.649258
"213","7am",2.420757,19.376188,51.93519,13.004921,13.262946
"214","7am",3.784112,10.50957,54.78433,21.58573,9.336256
"215","7am",5.149529,5.555145,44.64967,31.228515,13.417146
"216","7am",7.505343,12.358325,52.43251,21.743363,5.960457
"217","7am",3.544012,10.283647,53.43996,20.086218,12.64616
"218","7am",3.792855,13.872825,56.75791,14.884486,10.691921
"219","7am",7.448872,14.278988,57.52677,12.00199,8.743382
"220","7am",4.377167,11.042848,48.07521,30.999183,5.50559
"221","7am",9.648621,13.450759,45.80522,22.268369,8.827026
"222","7am",4.858122,11.024256,53.2843,22.322538,8.510786
"223","7am",5.228878,6.963315,60.54149,14.785265,12.48105
"224","7am",4.995376,20.429736,41.61785,26.32885,6.628191
"225","7am",3.901223,14.164585,44.14765,29.243599,8.542938
"226","7am",5.988607,20.231452,49.29706,14.878995,9.60389
"227","7am",3.039114,14.060467,37.70216,36.860596,8.337663
"228","7am",4.06192,11.166425,59.81321,21.767044,3.191405
"229","7am",8.540155,13.639613,48.76491,22.247911,6.807416
"230","7am",2.204379,13.825204,46.22799,22.52189,15.220534
"231","7am",6.080428,8.75061,51.73976,22.327471,11.101731
"232","7am",4.646308,5.796705,51.06756,26.274052,12.215372
"233","7am",5.057832,7.686336,48.92262,25.402898,12.930319
"101","8am",2.296574,11.960355,42.70127,24.574941,18.466863
"102","8am",5.276578,14.91929,41.00578,28.656642,10.141714
"103","8am",6.684505,17.444573,45.00072,21.547583,9.322617
"104","8am",10.346969,17.380159,28.29366,27.210269,16.768937
"105","8am",6.36473,15.032427,37.61643,24.125861,16.860554
"106","8am",10.547505,9.942544,43.04136,17.619942,18.848653
"107","8am",1.431567,20.866263,46.4683,19.553608,11.680259
"108","8am",9.638293,10.907087,32.97007,33.793764,12.690786
"109","8am",9.54563,32.342689,37.2976,8.742943,12.071139
"110","8am",8.949503,9.611013,26.79386,38.843571,15.802051
"111","8am",3.58283,14.746379,38.48803,27.798041,15.384721
"112","8am",4.394029,8.129091,39.73399,33.843752,13.899137
"113","8am",5.113843,7.181639,47.45358,25.672513,14.578423
"114","8am",8.478025,31.009416,40.49418,13.24909,6.769284
"115","8am",6.203792,13.292425,34.13972,28.573748,17.790319
"116","8am",29.720125,25.796946,37.26159,5.163322,2.058015
"117","8am",15.278801,27.932211,35.98152,12.949337,7.858134
"118","8am",5.339408,18.431225,35.40373,28.016233,12.809405
"119","8am",8.078474,33.940436,38.68792,16.021716,3.271455
"120","8am",13.965914,23.970481,38.8675,15.495756,7.700349
"121","8am",4.11892,38.765051,36.44784,18.821047,1.847138
"122","8am",5.532654,32.349902,37.66475,18.468523,5.984169
"123","8am",4.659968,35.987195,43.86214,7.951682,7.539011
"124","8am",10.668518,25.276415,36.05351,24.646796,3.35476
"125","8am",5.732943,31.757415,26.85737,28.534902,7.117372
"126","8am",12.856286,32.647344,32.73555,14.339014,7.421804
"127","8am",3.971633,17.58923,33.62175,41.251809,3.565582
"128","8am",8.559435,28.220773,33.43507,23.695287,6.089437
"129","8am",7.218934,18.159612,33.24754,31.605974,9.767938
"130","8am",3.637788,19.567277,40.84223,21.580858,14.371844
"131","8am",14.184443,22.22381,26.83844,30.309277,6.444033
"132","8am",11.254954,35.020653,33.08299,15.57087,5.070532
"133","8am",11.917075,33.630103,38.2537,11.759567,4.439554
"134","8am",6.823126,41.659579,31.0065,17.240791,3.270006
"201","8am",7.12348,18.9169,37.38676,14.632408,21.940449
"202","8am",6.124211,11.718136,53.43227,11.964916,16.760469
"203","8am",3.134684,19.061141,44.28475,22.724604,10.794821
"204","8am",4.590302,18.830384,52.48879,17.2813,6.80922
"205","8am",2.28303,16.858857,54.74188,18.491805,7.624433
"206","8am",4.295549,15.400294,51.9616,19.474511,8.868041
"207","8am",4.656023,11.163279,46.05339,31.471573,6.655733
"208","8am",4.222037,9.407334,58.12968,12.287289,15.95366
"209","8am",9.37347,4.926573,40.21594,26.55485,18.929169
"210","8am",2.885431,14.257069,60.54253,15.444147,6.870822
"211","8am",4.43273,8.405776,48.16731,26.093466,12.90072
"212","8am",3.338029,11.436518,60.10867,15.697787,9.418991
"213","8am",2.027174,19.092939,52.30844,12.210311,14.361139
"214","8am",3.86973,13.545296,55.78624,19.848379,6.950356
"215","8am",5.812997,4.670283,45.61666,30.50098,13.399076
"216","8am",7.881464,11.695959,43.85704,26.908869,9.656668
"217","8am",2.695941,9.417673,48.83199,24.928966,14.125433
"218","8am",4.177979,15.891628,54.68829,13.474429,11.767679
"219","8am",7.636481,12.695263,59.04547,12.965923,7.656866
"220","8am",4.287338,11.8465,47.17457,30.018979,6.672616
"221","8am",9.801665,12.905754,46.97204,20.535429,9.785108
"222","8am",3.708613,11.771209,51.733,24.387543,8.39963
"223","8am",7.945448,6.480128,56.47811,17.728184,11.36813
"224","8am",3.823181,20.538406,40.7193,29.158046,5.761065
"225","8am",4.460725,14.813034,43.01435,30.092641,7.619254
"226","8am",5.396632,18.922438,47.56459,16.954927,11.161416
"227","8am",1.871876,12.090407,40.99699,36.892029,8.1487
"228","8am",4.568728,12.522309,56.63215,23.935786,2.341028
"229","8am",8.177228,12.933781,49.07152,24.008335,5.809135
"230","8am",3.004982,14.597971,45.02841,24.083021,13.285618
"231","8am",4.897591,8.473104,51.05297,21.681199,13.89514
"232","8am",5.606312,5.839379,51.60155,27.312421,9.640336
"233","8am",7.307409,11.113334,42.53003,26.870987,12.17824
"101","9am",2.216479,13.373914,42.73011,25.02752,16.651983
"102","9am",4.143919,13.326986,41.55335,30.15058,10.825169
"103","9am",5.426308,17.396392,47.34187,23.13158,6.703853
"104","9am",10.251848,15.183276,29.1099,27.34567,18.109306
"105","9am",7.097063,11.22628,39.23261,24.88433,17.559712
"106","9am",8.561013,10.258512,46.71638,15.54029,18.923805
"107","9am",1.755964,19.685241,49.6561,17.83322,11.069475
"108","9am",8.136153,14.795541,31.98743,32.84384,12.237039
"109","9am",7.856332,34.240303,35.35649,10.04702,12.499854
"110","9am",9.86483,6.781583,28.00491,39.36804,15.980636
"111","9am",3.45504,15.374918,38.79985,26.54734,15.822855
"112","9am",4.451985,10.462083,36.39008,32.64142,16.054424
"113","9am",5.392774,6.408995,49.35075,23.52082,15.326655
"114","9am",7.628165,29.829736,39.83982,15.53537,7.166912
"115","9am",6.463299,12.617943,27.6807,31.49109,21.746965
"116","9am",27.208917,25.38639,38.92179,6.32654,2.156362
"117","9am",14.340552,30.788634,35.17086,11.68479,8.015162
"118","9am",4.65544,18.770497,37.67808,26.96195,11.934028
"119","9am",10.032483,33.234764,37.05227,15.69798,3.982496
"120","9am",14.145789,25.485213,38.38654,15.30326,6.679202
"121","9am",3.797224,35.303711,36.90842,23.99064,0
"122","9am",6.190429,29.653817,39.70979,18.57284,5.873119
"123","9am",5.066762,36.82312,42.92127,7.81824,7.370609
"124","9am",13.438725,26.752635,37.50698,20.0751,2.226551
"125","9am",6.450685,33.045268,25.37819,28.72119,6.404669
"126","9am",13.27743,32.35227,34.1967,17.40532,2.768285
"127","9am",4.051205,17.570207,34.0092,39.47911,4.890275
"128","9am",8.967397,26.973809,33.79647,23.69211,6.57022
"129","9am",7.12781,18.930961,32.23694,32.29358,9.410705
"130","9am",3.951398,21.315331,39.75346,19.45344,15.526367
"131","9am",15.860354,24.175129,24.77946,31.23051,3.954543
"132","9am",11.319146,35.550144,35.30334,12.79875,5.028615
"133","9am",10.215558,31.042377,39.29514,13.43499,6.011942
"134","9am",9.50997,37.676466,32.99078,16.78102,3.041771
"201","9am",7.570386,20.011958,38.01604,13.47757,20.924049
"202","9am",5.573391,13.073395,55.23996,12.15026,13.962998
"203","9am",3.296705,19.937233,43.11634,23.30567,10.344046
"204","9am",5.150674,19.340838,52.32401,14.9452,8.239277
"205","9am",2.401315,15.195958,53.66555,20.71772,8.01946
"206","9am",4.683819,14.241008,55.16346,17.81534,8.09638
"207","9am",4.547147,11.236919,45.97985,31.68469,6.551399
"208","9am",4.214141,10.487361,56.53102,13.52853,15.238952
"209","9am",9.67747,4.362177,40.68855,27.04012,18.231685
"210","9am",2.911437,13.372507,60.82172,15.65455,7.239787
"211","9am",4.530071,8.754772,48.17752,25.60213,12.935504
"212","9am",3.263207,9.074225,65.59975,13.52989,8.532926
"213","9am",1.992065,19.446144,50.08894,14.45626,14.016592
"214","9am",4.009328,13.464771,54.12092,20.55754,7.847441
"215","9am",6.229316,5.004762,42.35568,32.05154,14.3587
"216","9am",7.214282,11.339355,45.44051,28.21969,7.786168
"217","9am",4.006072,9.122705,49.81703,24.9952,12.058993
"218","9am",3.178858,14.273697,55.99844,14.63741,11.911604
"219","9am",7.344968,13.004965,55.29,16.1255,8.234562
"220","9am",4.555445,11.40427,47.09919,29.85121,7.089885
"221","9am",9.812009,12.919374,47.36282,20.61183,9.293974
"222","9am",3.816558,11.631085,52.60192,24.65914,7.291296
"223","9am",8.108242,7.670099,55.20482,17.41579,11.601052
"224","9am",3.871714,21.241425,40.33739,29.80774,4.741733
"225","9am",4.015757,15.671224,40.09353,32.20975,8.009735
"226","9am",4.910025,17.605122,51.57884,15.42612,10.479895
"227","9am",2.307397,13.665188,36.76621,34.51394,12.747267
"228","9am",4.620619,12.842895,55.47424,24.69463,2.367617
"229","9am",8.517153,11.721287,50.62623,25.13017,4.005161
"230","9am",2.371541,12.581686,45.03171,26.2336,13.781457
"231","9am",5.498015,9.319465,51.92699,20.1284,13.127128
"232","9am",3.835146,6.893291,53.14673,28.09726,8.02757
"233","9am",9.287191,10.707884,43.9821,22.95789,13.064941
"101","10am",2.502069,14.50585,38.96615,26.366968,17.658962
"102","10am",4.548657,14.422306,42.1319,28.650792,10.246343
"103","10am",4.428898,18.56944,46.58415,25.537608,4.879905
"104","10am",8.962849,13.183231,31.46956,29.912454,16.471903
"105","10am",6.033075,11.062712,42.42805,22.926687,17.549482
"106","10am",7.100304,9.702618,47.95604,14.049543,21.191495
"107","10am",3.164054,17.956062,51.64166,16.060226,11.178001
"108","10am",8.736303,17.918777,27.47367,33.106946,12.764304
"109","10am",10.080562,30.460568,35.07457,10.466838,13.917458
"110","10am",10.739211,9.271039,31.97326,31.979405,16.037082
"111","10am",3.450846,15.466491,38.5609,27.042943,15.478822
"112","10am",4.166048,9.675583,35.05457,33.879756,17.224047
"113","10am",5.45069,7.269808,46.43985,24.17923,16.660425
"114","10am",6.938908,28.641238,38.40615,16.394064,9.619644
"115","10am",5.978787,10.160872,30.1142,33.436007,20.310138
"116","10am",25.034967,28.623093,37.20097,6.350039,2.790932
"117","10am",12.606009,29.715111,35.61638,14.505065,7.55744
"118","10am",4.12396,19.839316,37.1516,27.25716,11.627969
"119","10am",8.563509,29.617414,42.67105,16.240325,2.907699
"120","10am",14.851352,25.924212,34.67527,16.962061,7.587101
"121","10am",4.76965,40.669086,32.82969,20.62902,1.10255
"122","10am",5.602858,28.337916,40.1909,19.592192,6.276137
"123","10am",4.764606,37.274521,43.43022,8.176438,6.354216
"124","10am",14.698235,27.989597,33.32502,22.527635,1.459512
"125","10am",5.200261,28.460502,29.1202,29.113627,8.105415
"126","10am",17.23462,29.23746,30.08916,17.247731,6.191029
"127","10am",4.687642,19.179825,35.66525,34.808758,5.658529
"128","10am",8.808032,27.956476,33.8667,24.246741,5.12205
"129","10am",6.754925,16.850085,33.23863,34.057463,9.098897
"130","10am",4.028025,19.508471,40.31778,18.489403,17.656321
"131","10am",17.685085,23.061288,28.35899,27.021566,3.873075
"132","10am",11.003344,37.499254,35.76552,11.415024,4.316858
"133","10am",9.445902,30.061681,40.50093,13.88731,6.10418
"134","10am",9.128126,37.695823,32.4975,16.978568,3.699983
"201","10am",7.379962,19.154965,38.96706,13.053888,21.444124
"202","10am",6.464833,12.834125,57.13968,12.655224,10.906137
"203","10am",2.484271,21.477762,43.56411,23.495738,8.97812
"204","10am",5.107284,19.823223,51.42111,15.943298,7.705084
"205","10am",2.584837,17.885041,52.2258,20.801164,6.503158
"206","10am",5.267431,15.5338,55.58029,15.981213,7.637261
"207","10am",4.394896,11.585227,45.60418,35.867033,2.548667
"208","10am",4.389857,12.217216,56.79275,13.110529,13.489653
"209","10am",9.968797,5.293095,41.36409,26.87858,16.495434
"210","10am",3.756149,13.717971,59.78187,14.66498,8.079031
"211","10am",5.042482,9.34686,47.53169,24.470861,13.60811
"212","10am",3.153335,8.737291,68.30593,12.726404,7.077042
"213","10am",2.18174,18.957534,50.2106,14.679806,13.970325
"214","10am",2.315425,12.616388,53.85843,21.198565,10.011196
"215","10am",6.418264,5.156567,44.82307,33.023729,10.578366
"216","10am",7.496112,11.782333,45.42412,28.756297,6.541143
"217","10am",4.307623,10.310957,47.66231,24.293663,13.425446
"218","10am",2.72309,14.188181,53.19492,16.636519,13.25729
"219","10am",6.972935,12.832104,59.80421,14.52852,5.862235
"220","10am",4.558022,11.979105,47.78233,28.586649,7.093896
"221","10am",11.159607,13.216246,46.37665,19.994788,9.252708
"222","10am",3.936599,11.967799,53.5994,24.274075,6.222123
"223","10am",6.613581,7.170655,55.28505,17.941634,12.989076
"224","10am",4.08895,21.649155,40.35471,29.610904,4.296277
"225","10am",4.484773,14.345458,44.3377,30.610011,6.222062
"226","10am",5.285896,20.00956,46.96899,16.45341,11.282149
"227","10am",2.490624,12.831999,37.9796,35.971883,10.725891
"228","10am",4.579781,12.085732,56.60586,23.869519,2.859107
"229","10am",8.216064,12.452992,48.81677,24.912923,5.601248
"230","10am",2.621071,13.759566,43.69969,25.663566,14.256105
"231","10am",5.566015,9.584208,52.21753,19.841057,12.791189
"232","10am",2.925918,6.827206,52.7341,29.832447,7.680325
"233","10am",10.500729,9.547967,46.87167,21.547612,11.532022
"101","11am",3.250915,14.954035,42.07419,25.574635,14.146222
"102","11am",6.154837,14.205301,40.29202,28.810969,10.536868
"103","11am",3.672503,20.054896,47.20673,22.723911,6.341962
"104","11am",10.161191,12.040923,31.74424,29.221202,16.832447
"105","11am",6.544721,12.44946,40.51169,25.007054,15.487075
"106","11am",8.630964,7.221136,45.83761,17.333415,20.976875
"107","11am",2.128574,20.454605,49.27808,14.997636,13.141102
"108","11am",8.23624,14.977412,29.33822,33.096955,14.351171
"109","11am",8.545492,35.705466,38.527,7.536373,9.685666
"110","11am",9.441886,8.956752,34.96494,31.868359,14.768063
"111","11am",3.494931,15.774907,39.91656,26.491529,14.322072
"112","11am",4.821583,9.74688,34.0381,33.762952,17.630488
"113","11am",5.592469,7.4917,48.49487,24.2226,14.198361
"114","11am",11.419345,29.000024,36.76313,16.386531,6.430966
"115","11am",4.256917,8.777579,30.40686,30.511811,26.046836
"116","11am",29.236175,24.833428,40.0664,3.648335,2.215659
"117","11am",14.541548,28.088365,36.29956,13.629813,7.440714
"118","11am",3.813333,18.722387,37.05257,27.904887,12.506821
"119","11am",8.817633,32.338669,39.73945,15.780113,3.324138
"120","11am",13.665114,22.855884,35.196,19.883644,8.399359
"121","11am",6.114909,37.861828,29.57077,24.692555,1.759934
"122","11am",6.10198,29.266105,38.65395,20.159449,5.818519
"123","11am",4.533424,37.598639,44.04232,7.779711,6.045905
"124","11am",12.150864,29.068663,35.19382,20.455094,3.131558
"125","11am",5.802248,30.228679,27.64439,29.768975,6.555706
"126","11am",14.673991,34.267484,29.54509,15.965616,5.547815
"127","11am",5.207636,17.41415,34.50897,39.048271,3.820969
"128","11am",8.372739,27.175784,33.17864,23.969784,7.303054
"129","11am",5.779916,21.68715,31.16277,31.077301,10.292867
"130","11am",2.645609,20.624825,43.29886,20.766565,12.664139
"131","11am",16.516575,25.96681,28.36176,25.537689,3.617168
"132","11am",11.558821,35.999326,33.93946,14.002621,4.499772
"133","11am",8.415263,29.701162,39.83574,15.907574,6.140259
"134","11am",8.306801,39.224172,32.91342,16.213382,3.342227
"201","11am",7.299949,18.434326,40.03451,12.58575,21.645468
"202","11am",6.714776,11.853034,57.09807,10.848459,13.485657
"203","11am",2.454067,18.462715,44.45045,23.21007,11.4227
"204","11am",4.959124,18.431092,52.36466,15.911103,8.334025
"205","11am",1.369541,16.527995,54.61099,19.99383,7.497643
"206","11am",4.564955,15.670718,53.36546,18.238572,8.160294
"207","11am",5.1,9.646728,43.26886,31.941738,10.042678
"208","11am",4.297887,12.122246,55.88894,12.422619,15.268303
"209","11am",8.566655,5.148974,41.54454,27.606162,17.13367
"210","11am",2.940141,14.015871,59.4235,16.204371,7.416116
"211","11am",4.713276,9.108833,47.89419,24.851346,13.432358
"212","11am",3.284157,10.67096,61.29444,18.495035,6.255407
"213","11am",2.360272,19.644431,52.18932,11.62692,14.179052
"214","11am",3.91831,12.978537,54.38493,19.258829,9.459395
"215","11am",6.351873,4.319104,46.19128,32.668797,10.468944
"216","11am",7.298844,11.472268,46.86034,27.999543,6.369005
"217","11am",4.257828,9.024534,47.73747,24.817032,14.163138
"218","11am",2.796412,14.623793,54.15434,17.157881,11.267573
"219","11am",7.827355,13.419824,58.8477,13.888815,6.016305
"220","11am",4.301813,12.492219,48.53587,28.210017,6.460086
"221","11am",11.534004,12.219591,47.02831,20.077161,9.140937
"222","11am",3.968346,11.287949,53.09407,25.326448,6.323188
"223","11am",6.861947,8.038047,55.89207,16.886356,12.321581
"224","11am",4.161833,20.732843,39.65319,31.079275,4.372855
"225","11am",4.62116,14.332614,46.8875,27.747446,6.411283
"226","11am",5.43883,20.157708,44.82169,16.81359,12.768183
"227","11am",1.066945,11.893057,39.06416,35.347342,12.628492
"228","11am",4.573115,11.668022,57.3722,23.531717,2.854945
"229","11am",8.34009,12.55467,49.69537,25.289,4.120865
"230","11am",3.603488,15.521541,43.58576,23.833534,13.455679
"231","11am",4.803466,9.540399,52.31033,20.271092,13.074708
"232","11am",5.71248,7.849601,50.54318,25.65535,10.239394
"233","11am",9.401618,7.930277,46.45981,23.4362,12.772098
"101","12am",2.808747,14.395361,44.32421,23.321564,15.150121
"102","12am",6.711136,9.539457,40.14894,30.898705,12.701762
"103","12am",5.13357,20.514676,46.04001,21.937992,6.373757
"104","12am",9.989645,8.105039,28.96389,29.27262,23.668809
"105","12am",4.109955,14.234986,37.07727,29.663162,14.914627
"106","12am",12.177381,9.502093,40.00286,21.44265,16.875015
"107","12am",2.158615,23.125529,44.39434,18.142879,12.178641
"108","12am",7.365208,11.731279,30.25864,33.598316,17.046552
"109","12am",9.048207,34.584855,39.36226,7.674269,9.330405
"110","12am",7.867113,9.299617,31.08951,37.09687,14.646893
"111","12am",3.945871,15.101882,41.42151,26.259822,13.270916
"112","12am",5.461237,11.301324,36.52473,27.131065,19.581648
"113","12am",5.341389,5.77764,51.2926,25.644449,11.943918
"114","12am",13.908663,30.579122,38.74426,9.796589,6.97137
"115","12am",3.531223,11.470015,37.71297,30.013648,17.272146
"116","12am",29.079052,29.24044,34.14298,6.16198,1.375545
"117","12am",15.099367,25.689537,34.17266,16.183146,8.855286
"118","12am",3.455512,19.413251,40.8767,25.245737,11.008799
"119","12am",7.56518,25.784818,30.57696,24.157812,11.915234
"120","12am",15.402322,23.938142,34.31417,17.421706,8.923657
"121","12am",4.403011,34.776699,31.11723,24.395738,5.307326
"122","12am",5.757697,29.296696,43.47123,16.011743,5.462634
"123","12am",4.406496,41.115047,43.30719,5.180267,5.991001
"124","12am",10.20095,23.993306,43.72257,17.472973,4.610197
"125","12am",7.383494,30.177513,26.90767,27.708948,7.822371
"126","12am",13.346532,32.110262,33.13244,14.747988,6.662779
"127","12am",3.172521,13.782386,33.4839,29.204151,20.357045
"128","12am",8.528077,27.71497,36.11079,20.807733,6.838428
"129","12am",9.076815,25.081524,25.69439,28.725573,11.421703
"130","12am",3.811974,24.72986,38.94436,23.939107,8.574698
"131","12am",13.729803,22.815942,32.50251,25.791535,5.160213
"132","12am",11.707797,34.251015,35.27411,15.181972,3.585102
"133","12am",8.815657,31.86284,37.47889,15.004039,6.838574
"134","12am",6.887598,36.510519,32.45963,21.203473,2.93878
"201","12am",7.270881,16.275286,42.17498,11.912071,22.366781
"202","12am",6.189096,12.481881,58.29804,8.944355,14.08663
"203","12am",2.44517,14.718323,46.88153,23.700184,12.25479
"204","12am",4.923763,20.563243,52.73914,14.150312,7.62354
"205","12am",1.266937,16.288672,55.67138,19.837076,6.935933
"206","12am",4.459739,16.061565,48.23362,20.568496,10.67658
"207","12am",4.475089,11.838519,45.05006,32.805029,5.831304
"208","12am",6.746771,7.599932,58.17918,12.186933,15.287181
"209","12am",7.422482,5.197944,42.1478,28.073417,17.158352
"210","12am",3.360856,13.126587,54.25642,22.833869,6.422263
"211","12am",4.790918,9.348611,49.24478,23.549789,13.065906
"212","12am",3.093262,9.970896,58.82833,21.192903,6.914613
"213","12am",2.412488,21.374774,51.42044,10.299567,14.492733
"214","12am",3.756334,9.570073,56.47539,20.591802,9.6064
"215","12am",5.506616,5.234363,46.33032,29.758929,13.169767
"216","12am",7.19973,11.316481,48.69708,27.030961,5.755753
"217","12am",3.888599,10.505893,48.83578,23.560754,13.208969
"218","12am",2.908639,14.849757,53.97253,18.476524,9.792546
"219","12am",8.170167,13.856146,56.6825,12.86849,8.422696
"220","12am",4.385081,13.396634,48.12425,27.50891,6.58513
"221","12am",11.843821,13.09226,42.40341,21.197677,11.462836
"222","12am",3.56939,11.147507,51.18937,27.592045,6.501684
"223","12am",7.415806,8.686834,57.05858,13.933757,12.905018
"224","12am",3.688456,21.088494,38.40155,30.171765,6.649731
"225","12am",4.234389,15.301664,42.57931,29.574427,8.310206
"226","12am",5.969911,20.469267,47.63838,14.986245,10.936198
"227","12am",1.055427,13.626077,38.82076,36.154819,10.342917
"228","12am",4.363447,9.040156,58.83184,22.84258,4.921975
"229","12am",7.813187,13.989298,48.37826,23.998789,5.820463
"230","12am",3.269899,14.256157,45.95003,23.08128,13.442635
"231","12am",4.682378,8.52718,52.91679,19.757402,14.116254
"232","12am",5.340746,7.578714,46.66506,30.101819,10.313666
"233","12am",8.548455,12.321699,46.93279,21.345126,10.85193
"101","1pm",2.342038,15.737839,45.30266,21.335905,15.28156
"102","1pm",6.879987,13.011898,38.54763,32.426139,9.134349
"103","1pm",5.563584,20.958084,44.05417,23.304635,6.119532
"104","1pm",8.909547,13.160289,34.19425,26.492897,17.243016
"105","1pm",6.11243,16.063149,41.02886,24.153932,12.641625
"106","1pm",10.589623,11.477218,40.70219,20.585626,16.645343
"107","1pm",1.470728,19.79796,47.88019,18.314574,12.536553
"108","1pm",6.839147,11.659104,30.32628,35.001911,16.173557
"109","1pm",11.958533,28.974569,38.55085,8.03483,12.481221
"110","1pm",7.277696,7.946819,34.17904,34.968024,15.628421
"111","1pm",4.187113,14.017891,41.56326,25.990271,14.241461
"112","1pm",4.954732,10.611154,35.97777,29.016247,19.440098
"113","1pm",5.666462,7.909782,48.97289,24.825135,12.62573
"114","1pm",4.850253,28.875086,40.77054,16.677081,8.827041
"115","1pm",6.096487,10.214598,31.90203,29.373851,22.413031
"116","1pm",27.361863,24.334128,39.50584,6.628463,2.169707
"117","1pm",14.144504,28.419877,31.97706,16.946658,8.5119
"118","1pm",3.218967,16.90027,39.0808,29.692734,11.107231
"119","1pm",10.815018,27.031225,34.88585,22.230712,5.037191
"120","1pm",16.574119,24.649072,33.41114,16.272412,9.093254
"121","1pm",6.188534,39.380011,31.14218,21.164492,2.124783
"122","1pm",5.567764,30.364641,42.22478,17.14208,4.700735
"123","1pm",5.402197,38.594645,39.33963,9.656994,7.006535
"124","1pm",13.898604,24.130806,40.4817,15.438345,6.050547
"125","1pm",3.729182,31.774145,24.9501,30.901373,8.645199
"126","1pm",12.586764,31.441686,28.82176,19.588093,7.561694
"127","1pm",3.910628,14.051069,31.97043,29.559635,20.508237
"128","1pm",7.143094,26.130231,36.7815,24.060115,5.88506
"129","1pm",8.471387,22.229721,24.95592,33.227496,11.115481
"130","1pm",3.777505,23.826229,41.95319,20.489276,9.953795
"131","1pm",13.955402,25.88151,28.96252,23.746164,7.454401
"132","1pm",10.042611,32.827751,38.4161,14.022286,4.691255
"133","1pm",9.559828,28.851486,40.19211,16.232685,5.163895
"134","1pm",7.615521,38.628045,33.28933,17.294869,3.172233
"201","1pm",6.09008,19.164737,41.56134,11.839707,21.344141
"202","1pm",7.09944,13.200554,54.02398,10.559625,15.116406
"203","1pm",2.6989,14.960917,45.31409,25.943583,11.082507
"204","1pm",4.188146,18.810818,52.67866,16.120959,8.201421
"205","1pm",1.195949,18.60201,57.01978,16.634956,6.547302
"206","1pm",4.673039,16.230576,51.63999,18.324938,9.131456
"207","1pm",4.460538,12.810376,34.54071,38.471431,9.716946
"208","1pm",3.751444,9.114688,58.65021,13.987753,14.495901
"209","1pm",7.699756,5.514775,42.15916,26.904265,17.722046
"210","1pm",3.457142,13.023043,53.37569,23.049299,7.094823
"211","1pm",4.975365,9.615345,47.35072,24.489631,13.568934
"212","1pm",3.536086,11.398307,62.37332,14.787795,7.904493
"213","1pm",2.403997,20.392148,50.73316,12.028969,14.441724
"214","1pm",3.66604,12.391481,59.60383,16.944394,7.394252
"215","1pm",6.134971,6.556858,45.37001,29.439918,12.498248
"216","1pm",6.838259,12.014361,46.78318,26.417647,7.946554
"217","1pm",4.563151,8.911058,49.93046,23.274064,13.321265
"218","1pm",2.802141,13.156304,54.68624,18.081466,11.273847
"219","1pm",7.917017,15.157751,53.06883,16.1264,7.73
"220","1pm",4.412027,11.288505,48.79203,28.383131,7.124307
"221","1pm",11.553743,11.571944,46.66054,20.322178,9.891594
"222","1pm",3.621174,12.01768,52.82146,25.841066,5.698623
"223","1pm",6.717414,6.697727,58.64918,15.61181,12.323873
"224","1pm",3.502819,18.205397,41.52027,31.181872,5.589643
"225","1pm",4.262583,17.177122,44.63341,26.423322,7.503567
"226","1pm",6.033484,21.917415,42.34079,17.703141,12.00517
"227","1pm",2.447681,12.305245,40.14432,34.798551,10.304198
"228","1pm",4.555405,8.97896,60.34476,22.049269,4.071603
"229","1pm",10.120979,14.033867,46.52084,24.697296,4.627016
"230","1pm",2.493004,14.593223,45.34652,24.395822,13.171425
"231","1pm",4.225176,9.148839,53.28522,19.4202,13.920562
"232","1pm",5.944486,4.96692,49.83808,29.087117,10.1634
"233","1pm",10.401202,11.725987,46.39833,20.758179,10.716302
"101","2pm",4.000785,15.683938,43.19661,21.986084,15.132584
"102","2pm",7.075495,11.484743,41.04881,29.008582,11.382374
"103","2pm",5.680417,15.77807,47.12262,24.083708,7.335182
