"district","hour","educmen1","educmen2","educmen3","educmen4"
"101","4am",3.431635,36.76008,30.786151,29.022139
"102","4am",8.776027,29.21903,23.750288,38.254658
"103","4am",12.16645,39.10977,24.032641,24.691138
"104","4am",7.663404,40.34838,35.814264,16.173947
"105","4am",6.993617,27.96447,33.349012,31.692901
"106","4am",5.088424,35.26012,30.754101,28.897352
"107","4am",6.138072,53.11518,19.504673,21.242076
"108","4am",7.439149,33.15509,38.282955,21.122807
"109","4am",33.471027,49.00315,13.142105,4.383716
"110","4am",5.725542,38.52538,27.132649,28.616428
"111","4am",16.867244,40.25274,22.477199,20.402813
"112","4am",6.484098,39.45245,19.906283,34.157165
"113","4am",6.054721,31.96357,34.675654,27.306054
"114","4am",17.758566,55.4496,16.383014,10.408821
"115","4am",4.028463,32.52099,32.156061,31.294485
"116","4am",23.474859,66.6479,5.853264,4.023973
"117","4am",20.301079,63.99599,9.111002,6.59193
"118","4am",9.950668,54.81502,21.822483,13.411834
"119","4am",21.267098,64.15901,8.538858,6.035037
"120","4am",14.337772,58.93793,21.637368,5.086928
"121","4am",25.11173,44.11887,25.333345,5.436053
"122","4am",24.938494,51.11585,20.58933,3.35633
"123","4am",25.869742,56.30912,13.610452,4.210683
"124","4am",15.4452,50.97265,21.512678,12.069475
"125","4am",15.365741,59.845,9.995124,14.794139
"126","4am",20.497725,51.02846,12.643029,15.830788
"127","4am",13.422001,47.40873,19.934634,19.234637
"128","4am",11.59014,62.97394,19.617343,5.818578
"129","4am",13.321375,40.48895,23.9414,22.248276
"130","4am",11.60356,34.53238,28.773843,25.090218
"131","4am",19.682855,42.79706,23.830156,13.689925
"132","4am",8.757713,48.40331,28.696587,14.142386
"133","4am",35.590355,38.60367,23.305711,2.500266
"134","4am",13.416456,64.82534,15.899504,5.858705
"201","4am",26.979661,18.13485,25.580793,29.304698
"202","4am",19.903971,29.21048,26.52093,24.364618
"203","4am",19.863165,33.57795,25.588081,20.970802
"204","4am",22.510676,36.70202,27.72085,13.066454
"205","4am",24.82943,33.96511,25.436746,15.768714
"206","4am",11.000135,47.72318,22.822226,18.454455
"207","4am",13.585927,28.18172,30.398715,27.83364
"208","4am",16.505721,22.40414,35.907841,25.182298
"209","4am",19.685011,18.40199,23.814087,38.098913
"210","4am",32.291696,31.61021,12.999084,23.099006
"211","4am",23.886704,38.0321,15.399244,22.68195
"212","4am",29.634022,28.13306,16.47834,25.754575
"213","4am",29.12277,37.85257,12.477897,20.54676
"214","4am",29.281258,35.42973,22.096251,13.192756
"215","4am",26.652851,33.69452,23.099279,16.553354
"216","4am",30.320015,40.91441,16.828309,11.937263
"217","4am",32.178979,27.64557,24.941348,15.234104
"218","4am",28.915718,37.98851,18.73499,14.360781
"219","4am",32.992964,34.41078,19.327591,13.268668
"220","4am",30.468038,41.64664,15.206739,12.678582
"221","4am",39.935878,33.98058,15.333524,10.750021
"222","4am",27.027866,29.90219,24.135204,18.934743
"223","4am",29.617532,24.80082,24.720341,20.861303
"224","4am",37.819367,23.21041,21.725004,17.245216
"225","4am",41.772868,34.32194,10.353476,13.551713
"226","4am",38.663507,41.97194,8.657125,10.707424
"227","4am",33.827847,39.22889,16.301574,10.641686
"228","4am",25.006611,35.78233,26.857462,12.353597
"229","4am",42.845652,30.10325,17.053184,9.997916
"230","4am",31.948903,32.9391,24.715049,10.396952
"231","4am",28.776018,41.80362,11.998514,17.42185
"232","4am",20.152381,22.54889,29.149896,28.148833
"233","4am",20.30855,38.22677,24.185025,17.279654
"101","5am",3.4283,37.44035,30.137413,28.993942
"102","5am",8.776027,29.21903,23.750288,38.254658
"103","5am",11.87426,41.19667,22.830915,24.098154
"104","5am",7.663404,40.34838,35.814264,16.173947
"105","5am",8.24812,27.48723,33.30171,30.962935
"106","5am",5.055214,35.68264,30.553387,28.708756
"107","5am",6.187371,52.73862,19.661326,21.412683
"108","5am",7.485501,33.36167,38.52149,20.631335
"109","5am",33.14335,49.50241,13.013445,4.3408
"110","5am",5.756925,38.18842,27.281371,28.773283
"111","5am",15.502847,41.26957,22.88746,20.34012
"112","5am",6.389002,40.34045,19.614337,33.656215
"113","5am",5.985718,32.73895,34.280471,26.994859
"114","5am",19.310574,54.40319,16.073844,10.212393
"115","5am",4.601765,33.07298,31.585774,30.739478
"116","5am",23.092981,68.18664,4.564968,4.155411
"117","5am",20.866374,63.36423,9.149564,6.61983
"118","5am",9.268973,55.12008,23.117925,12.493022
"119","5am",22.687672,59.95994,11.46361,5.888775
"120","5am",14.839514,58.20283,21.692715,5.264943
"121","5am",23.923997,46.76193,24.135131,5.178939
"122","5am",23.855205,50.75942,21.672691,3.712689
"123","5am",25.207177,56.76648,14.113952,3.912388
"124","5am",15.423336,48.95079,23.573481,12.052389
"125","5am",15.624347,59.16919,10.163342,15.043125
"126","5am",19.577561,52.70876,11.99799,15.715689
"127","5am",13.422001,47.40873,19.934634,19.234637
"128","5am",11.097309,65.10108,18.783182,5.018426
"129","5am",12.415307,41.54144,23.865507,22.17775
"130","5am",11.60356,34.53238,28.773843,25.090218
"131","5am",19.998689,41.87918,24.212538,13.909595
"132","5am",10.60849,47.63327,28.528419,13.229822
"133","5am",36.935203,42.06408,18.357707,2.643008
"134","5am",13.523621,63.95442,16.616454,5.905502
"201","5am",27.329239,17.33995,25.060168,30.270638
"202","5am",19.328022,28.00128,29.451824,23.218879
"203","5am",19.805384,33.84837,24.873601,21.472644
"204","5am",23.143891,35.92907,27.493029,13.434007
"205","5am",24.998174,33.51633,25.609617,15.87588
"206","5am",11.083128,48.28696,22.036222,18.59369
"207","5am",13.750458,25.19734,33.446737,27.605465
"208","5am",16.427515,20.21087,37.331243,26.030371
"209","5am",19.91748,18.61931,24.095318,37.367896
"210","5am",33.498948,33.45295,13.485065,19.563036
"211","5am",23.635466,37.63208,16.97609,21.756361
"212","5am",28.20364,28.70495,16.813307,26.278108
"213","5am",30.039292,37.3631,12.316544,20.281067
"214","5am",28.932925,35.60425,22.205089,13.257738
"215","5am",26.36582,33.44621,23.411134,16.776835
"216","5am",29.513645,41.00498,17.247064,12.234309
"217","5am",32.439412,27.05999,25.143205,15.357398
"218","5am",29.15171,37.57798,19.224802,14.045505
"219","5am",33.58967,33.77727,19.349411,13.283648
"220","5am",31.38052,40.88091,14.680281,13.058291
"221","5am",40.321429,33.34321,15.481558,10.853804
"222","5am",27.120221,30.00436,23.875971,18.999444
"223","5am",29.617532,24.80082,24.720341,20.861303
"224","5am",38.903187,23.20236,20.155031,17.739426
"225","5am",42.665002,32.91927,10.574592,13.841133
"226","5am",36.280356,42.595,11.07721,10.047437
"227","5am",34.029599,38.86645,16.398798,10.705153
"228","5am",25.533077,36.53566,25.317586,12.613678
"229","5am",42.845652,30.10325,17.053184,9.997916
"230","5am",31.948903,32.9391,24.715049,10.396952
"231","5am",28.501184,40.50973,13.733627,17.255458
"232","5am",20.603579,24.14329,26.474064,28.779066
"233","5am",20.533861,37.26479,24.190269,18.011078
"101","6am",3.265946,38.9033,28.381073,29.449678
"102","6am",9.851804,28.48901,23.752726,37.906464
"103","6am",12.190682,38.66968,24.399327,24.740315
"104","6am",7.817241,40.65219,34.895794,16.634772
"105","6am",8.325253,27.54958,32.10235,32.022822
"106","6am",4.912937,38.44243,29.036102,27.608536
"107","6am",6.086813,54.81077,18.945329,20.157087
"108","6am",8.100119,33.0762,38.659258,20.164428
"109","6am",31.959295,50.09022,13.460545,4.489935
"110","6am",6.522879,39.54203,26.568297,27.366798
"111","6am",13.101034,41.24082,25.557361,20.100782
"112","6am",6.326687,39.94699,19.423028,34.3033
"113","6am",6.068949,34.12797,33.180913,26.622169
"114","6am",19.101535,54.07896,16.202564,10.616944
"115","6am",4.578225,32.24501,31.942828,31.233932
"116","6am",23.743294,67.55858,4.553319,4.144808
"117","6am",21.612781,62.05374,9.476851,6.856627
"118","6am",9.427917,55.43458,22.430253,12.707252
"119","6am",23.623413,58.4176,12.092567,5.866416
"120","6am",13.284377,59.47314,21.92191,5.320569
"121","6am",23.729036,47.19578,23.938449,5.136735
"122","6am",22.814091,50.45423,21.537778,5.193906
"123","6am",27.168834,55.76233,12.851977,4.216855
"124","6am",14.948282,48.67306,23.506768,12.871889
"125","6am",15.625634,58.5037,10.826301,15.044364
"126","6am",19.191941,52.24485,12.365775,16.197437
"127","6am",14.465417,44.42494,20.989242,20.120402
"128","6am",11.224872,66.61486,17.084155,5.076112
"129","6am",12.504731,41.12038,24.037403,22.337489
"130","6am",11.807441,35.13913,27.522359,25.531067
"131","6am",20.120218,41.46065,23.686655,14.732475
"132","6am",10.677848,48.53553,27.470309,13.316318
"133","6am",35.818328,43.86393,17.754652,2.563087
"134","6am",13.743028,61.65302,18.60264,6.001313
"201","6am",27.348326,16.88367,25.258183,30.509823
"202","6am",22.26752,27.62254,28.774428,21.335509
"203","6am",19.856604,33.93591,24.679309,21.528176
"204","6am",23.910046,35.71963,27.879532,12.490793
"205","6am",25.75552,32.02611,26.66236,15.556012
"206","6am",11.421406,48.02743,22.708808,17.842354
"207","6am",14.428286,25.56762,32.929213,27.074876
"208","6am",16.550471,19.20832,38.016009,26.225203
"209","6am",19.570814,18.91692,24.480456,37.031814
"210","6am",31.317998,34.31537,14.476976,19.889658
"211","6am",24.292178,35.89919,17.44777,22.360861
"212","6am",28.790536,28.54581,17.16318,25.500477
"213","6am",30.190196,37.00457,12.378417,20.426815
"214","6am",29.386899,35.46012,22.553499,12.599485
"215","6am",26.392693,34.5541,23.434995,15.618209
"216","6am",30.731665,40.91715,17.237237,11.113948
"217","6am",32.615432,26.8514,26.172267,14.360899
"218","6am",27.493241,40.40883,18.547356,13.550568
"219","6am",33.862317,35.32275,18.828657,11.98628
"220","6am",32.854191,38.80852,14.335337,14.001948
"221","6am",41.722127,31.88091,15.166118,11.230847
"222","6am",28.711815,28.30378,23.6677,19.316703
"223","6am",28.363304,27.26261,22.932633,21.441453
"224","6am",39.284083,22.12081,19.985128,18.609974
"225","6am",42.873342,33.19721,10.977088,12.952364
"226","6am",36.986169,42.12318,10.954509,9.936143
"227","6am",34.755839,37.56177,16.748772,10.933617
"228","6am",26.775673,37.1688,23.970083,12.085442
"229","6am",43.337034,30.31842,17.613427,8.731117
"230","6am",32.431714,32.24703,24.250722,11.070534
"231","6am",27.98735,41.04437,13.885089,17.083192
"232","6am",20.590982,23.55389,27.796992,28.058136
"233","6am",21.485854,37.20277,24.278882,17.032491
"101","7am",2.448529,43.5153,30.413073,23.623094
"102","7am",8.792284,31.80209,26.027439,33.378187
"103","7am",14.379605,43.72952,23.238736,18.652137
"104","7am",10.742303,41.49308,32.461635,15.302981
"105","7am",7.740701,30.67955,29.716943,31.862804
"106","7am",4.35362,36.35587,30.801592,28.488916
"107","7am",6.386856,54.18913,20.821094,18.602917
"108","7am",9.887685,31.17219,35.934898,23.005224
"109","7am",26.733348,43.4766,16.873538,12.916514
"110","7am",7.017169,38.34281,30.783861,23.856156
"111","7am",9.565599,38.39936,30.019871,22.015173
"112","7am",6.3779,33.98297,18.816937,40.822189
"113","7am",6.209131,37.49397,31.635548,24.661356
"114","7am",18.908839,54.76156,17.948307,8.381293
"115","7am",8.224503,36.33651,28.170493,27.268498
"116","7am",20.962334,66.7109,6.949796,5.37697
"117","7am",18.176006,55.92135,16.481713,9.420928
"118","7am",8.948829,49.29447,27.326707,14.429994
"119","7am",24.29054,56.75447,12.81463,6.140361
"120","7am",15.087316,54.43054,24.200248,6.281896
"121","7am",27.204304,45.51321,22.062608,5.219882
"122","7am",21.318587,50.71728,21.080526,6.883609
"123","7am",25.623431,52.51102,17.572924,4.292625
"124","7am",15.463703,45.2363,23.533519,15.766482
"125","7am",15.955968,48.24978,16.265502,19.528746
"126","7am",22.334908,50.81437,12.603103,14.247624
"127","7am",16.807681,39.66979,21.427793,22.094733
"128","7am",10.045764,65.59696,17.205661,7.151613
"129","7am",13.686757,41.34682,23.722293,21.244127
"130","7am",14.936678,39.80021,25.13281,20.130298
"131","7am",19.460247,41.15936,24.749378,14.631017
"132","7am",10.926079,46.23807,28.350155,14.485693
"133","7am",33.658739,47.60986,11.627232,7.104174
"134","7am",16.089075,63.33271,17.331273,3.24694
"201","7am",31.962023,18.86593,22.20894,26.963109
"202","7am",23.542684,30.9594,25.559176,19.938745
"203","7am",23.345257,32.61944,24.905809,19.129494
"204","7am",26.636025,34.70481,26.808344,11.850823
"205","7am",30.389457,32.1219,24.589611,12.899028
"206","7am",14.626097,48.05607,22.579542,14.738289
"207","7am",18.047919,28.88961,31.823802,21.238669
"208","7am",22.378238,20.42603,31.811729,25.384004
"209","7am",22.34853,21.27058,21.181709,35.199181
"210","7am",34.780268,41.5926,13.907711,9.719426
"211","7am",25.607379,36.99099,17.199896,20.201737
"212","7am",29.378683,27.30485,17.201545,26.11492
"213","7am",32.007764,36.98155,12.541813,18.468869
"214","7am",31.614139,33.54759,22.638216,12.20005
"215","7am",27.964081,37.03695,21.917899,13.081065
"216","7am",31.673797,42.19379,12.720529,13.411888
"217","7am",33.144648,30.98126,24.935721,10.938367
"218","7am",24.410789,41.92132,18.351031,15.316856
"219","7am",35.016095,35.59732,18.801402,10.585185
"220","7am",35.569971,33.73299,15.520319,15.176723
"221","7am",40.467944,31.40822,13.65284,14.470991
"222","7am",33.208232,32.92554,20.718973,13.147257
"223","7am",28.568,26.2604,20.12496,25.046644
"224","7am",41.257634,26.21751,17.957125,14.567726
"225","7am",46.648903,30.39095,11.107711,11.85244
"226","7am",35.33694,45.62447,9.225853,9.812735
"227","7am",37.515881,35.34401,15.895875,11.244238
"228","7am",30.736164,41.40872,19.381987,8.473127
"229","7am",46.914361,33.51077,16.566649,3.008223
"230","7am",35.3591,30.12887,24.333905,10.178125
"231","7am",25.170351,39.02976,18.457612,17.342283
"232","7am",26.0191,27.16571,17.952629,28.862566
"233","7am",22.408925,36.01591,25.373567,16.201594
"101","8am",3.19601,38.66522,33.40014,24.738632
"102","8am",6.010528,39.81133,31.89326,22.284879
"103","8am",15.355318,43.67813,26.30661,14.659936
"104","8am",14.250985,41.72152,22.70572,21.321769
"105","8am",10.648992,35.29164,30.40019,23.659177
"106","8am",5.284105,43.89347,26.8609,23.961525
"107","8am",7.082908,59.47752,18.47565,14.963926
"108","8am",16.261365,31.06066,33.96465,18.713333
"109","8am",27.982503,40.43225,16.34831,15.236935
"110","8am",7.334977,37.92852,28.15958,26.576924
"111","8am",7.821539,32.72237,30.27061,29.185475
"112","8am",4.582836,32.6091,16.1097,46.698367
"113","8am",5.998206,36.73659,37.77821,19.486991
"114","8am",16.77414,58.31083,15.91243,9.002603
"115","8am",10.03051,39.13599,22.66391,28.169592
"116","8am",18.977322,62.82876,11.76245,6.431464
"117","8am",16.763032,54.08565,16.68802,12.463303
"118","8am",5.420527,39.26825,35.99627,19.314944
"119","8am",22.681335,50.86328,11.98501,14.470371
"120","8am",17.261266,49.7279,21.90877,11.102065
"121","8am",27.646392,46.89698,15.73703,9.719594
"122","8am",16.893355,47.66378,23.92312,11.519752
"123","8am",27.248707,49.30597,19.46944,3.975875
"124","8am",18.067918,45.56917,21.98909,14.373824
"125","8am",13.393021,44.77077,19.93116,21.905047
"126","8am",25.717555,50.58747,10.43462,13.260361
"127","8am",21.372144,47.23983,16.25087,15.137158
"128","8am",7.733143,62.19421,19.74957,10.323078
"129","8am",12.602123,34.8305,23.51595,29.051428
"130","8am",14.974641,38.78446,32.78133,13.45957
"131","8am",21.501378,46.89249,16.80428,14.801854
"132","8am",11.623429,52.78477,23.19073,12.401071
"133","8am",25.688932,43.38638,19.54106,11.383631
"134","8am",18.061555,56.13798,16.03498,9.765482
"201","8am",34.440435,21.47877,22.71999,21.360807
"202","8am",27.12771,33.72059,21.57529,17.576408
"203","8am",24.339748,34.78591,24.05771,16.816624
"204","8am",27.078604,36.91339,29.78574,6.222271
"205","8am",38.423858,32.38408,24.27173,4.920333
"206","8am",15.188881,47.50305,20.12998,17.178089
"207","8am",20.486465,31.20847,31.75384,16.551225
"208","8am",23.962955,28.96802,31.98321,15.08582
"209","8am",25.378311,25.37136,18.45087,30.799463
"210","8am",33.213633,41.29694,15.96317,9.526251
"211","8am",26.427683,34.05701,18.1747,21.3406
"212","8am",30.375268,28.04124,22.18099,19.402506
"213","8am",30.748829,36.10282,16.46017,16.688188
"214","8am",29.537213,37.19194,20.88391,12.386934
"215","8am",33.52131,34.49503,23.92331,8.060346
"216","8am",34.364215,37.567,10.54195,17.526835
"217","8am",37.883817,24.57474,19.72232,17.819123
"218","8am",20.870441,45.93244,20.11226,13.084858
"219","8am",35.551022,32.52227,20.03107,11.89564
"220","8am",32.185108,35.52936,15.79822,16.487304
"221","8am",41.310966,29.05167,15.48236,14.154999
"222","8am",36.992607,30.91781,20.42947,11.660107
"223","8am",25.464674,32.24125,20.56535,21.728733
"224","8am",46.220735,23.09433,16.78055,13.904389
"225","8am",51.759776,30.19977,10.16282,7.877633
"226","8am",31.018423,42.04439,11.91832,15.018871
"227","8am",38.099761,33.42857,14.42355,14.048114
"228","8am",33.772212,43.18768,13.27259,9.767519
"229","8am",48.272119,34.33926,13.19145,4.197169
"230","8am",35.915556,29.75695,22.10729,12.220201
"231","8am",24.291262,34.85513,16.58801,24.265599
"232","8am",30.019494,34.03044,21.54593,14.404141
"233","8am",24.745461,42.57106,25.22361,7.459872
"101","9am",5.284352,35.39026,32.205794,27.119591
"102","9am",7.324736,36.86118,31.312831,24.501254
"103","9am",14.468268,41.57576,30.257603,13.698368
"104","9am",14.464448,43.73412,21.274531,20.526904
"105","9am",10.563116,36.14946,28.44733,24.840091
"106","9am",6.44448,41.19984,30.703736,21.65194
"107","9am",7.34441,59.88579,18.305999,14.4638
"108","9am",20.59356,31.32936,33.578427,14.498653
"109","9am",25.485471,42.94353,13.901222,17.669777
"110","9am",5.62799,38.63361,27.512012,28.226384
"111","9am",8.266172,31.0786,30.276944,30.37828
"112","9am",6.002938,30.36241,19.04225,44.592401
"113","9am",5.78042,35.12098,39.262425,19.836174
"114","9am",15.641822,56.49675,18.302729,9.558696
"115","9am",9.302096,38.24467,26.902307,25.550923
"116","9am",18.534974,63.14979,11.572906,6.742329
"117","9am",16.689297,55.12879,14.382412,13.799501
"118","9am",6.969695,37.98235,35.712453,19.335502
"119","9am",19.698521,57.50948,12.088041,10.703954
"120","9am",16.974733,48.03736,24.061532,10.926377
"121","9am",26.853343,46.79448,14.674118,11.678059
"122","9am",16.076966,44.98006,26.027832,12.915144
"123","9am",27.151688,46.64227,21.877673,4.328366
"124","9am",19.107725,47.06517,22.57931,11.247792
"125","9am",16.667586,44.82855,18.921959,19.581901
"126","9am",26.560007,59.96899,4.672908,8.7981
"127","9am",21.189198,45.16052,17.829714,15.820571
"128","9am",9.269204,58.30247,22.241344,10.186979
"129","9am",11.153319,38.66408,24.029062,26.153544
"130","9am",16.389271,38.41812,30.353044,14.839562
"131","9am",23.676055,46.34251,15.335156,14.646276
"132","9am",12.936599,55.73445,19.653394,11.675555
"133","9am",23.166701,39.87973,22.796088,14.157485
"134","9am",15.497093,57.84874,16.306467,10.347705
"201","9am",35.420427,26.15387,18.823915,19.601786
"202","9am",28.695693,35.09545,19.870437,16.338419
"203","9am",27.875041,36.16195,18.970364,16.992645
"204","9am",28.916359,37.30997,28.729513,5.044159
"205","9am",40.641738,31.06438,23.089538,5.204342
"206","9am",13.71857,49.18199,19.867372,17.232066
"207","9am",21.554896,31.1441,31.232303,16.068699
"208","9am",22.04572,30.12594,32.790637,15.037702
"209","9am",24.759626,24.65943,18.946647,31.634296
"210","9am",32.883088,40.26362,16.97655,9.876745
"211","9am",25.486886,34.91077,19.294163,20.308185
"212","9am",26.988416,27.78468,21.55276,23.674148
"213","9am",31.094099,38.45473,14.156226,16.294942
"214","9am",33.512215,34.8358,18.777603,12.874381
"215","9am",34.77239,34.3529,20.596447,10.278261
"216","9am",31.208371,36.99607,13.382098,18.413465
"217","9am",38.601476,26.35077,19.778591,15.269163
"218","9am",19.98019,43.1116,23.827641,13.080573
"219","9am",36.071125,33.64728,14.880986,15.400606
"220","9am",32.136969,35.31265,15.397903,17.152474
"221","9am",38.620509,33.446,16.015945,11.917544
"222","9am",37.486848,29.47273,21.945327,11.0951
"223","9am",26.393377,31.50648,19.532894,22.567244
"224","9am",47.521252,24.18118,16.916736,11.380837
"225","9am",50.548549,28.91797,10.498483,10.034993
"226","9am",30.699938,44.44791,10.521633,14.330524
"227","9am",35.762121,36.56292,13.40683,14.268132
"228","9am",33.577922,42.70135,14.525233,9.195499
"229","9am",48.808287,32.84228,13.974683,4.374746
"230","9am",34.847266,31.29934,21.012701,12.840692
"231","9am",25.980144,34.89158,16.297434,22.830838
"232","9am",28.303017,33.5506,21.330857,16.815526
"233","9am",26.524928,41.42977,26.220431,5.82487
"101","10am",4.897389,34.78897,36.552669,23.760977
"102","10am",7.726908,37.18635,31.516352,23.570394
"103","10am",12.690154,45.88436,26.405714,15.019776
"104","10am",15.263938,42.03357,22.643561,20.058926
"105","10am",9.199955,38.42978,27.779883,24.590384
"106","10am",6.245273,40.29486,28.446143,25.013723
"107","10am",9.884485,58.7383,18.431591,12.945623
"108","10am",19.36283,35.45139,29.774946,15.410832
"109","10am",25.387167,41.58482,12.747886,20.280122
"110","10am",4.874813,43.43606,29.115838,22.573293
"111","10am",9.082563,30.18815,30.734271,29.995018
"112","10am",5.372135,30.48594,20.351062,43.790868
"113","10am",6.328744,35.76915,37.924916,19.977187
"114","10am",13.353187,54.8023,19.767434,12.077078
"115","10am",10.057354,36.60171,26.156544,27.184394
"116","10am",23.386461,58.94686,10.568527,7.098158
"117","10am",15.630797,55.9887,14.365816,14.014691
"118","10am",5.230757,40.81156,34.230344,19.727339
"119","10am",20.248143,55.45446,15.242672,9.054724
"120","10am",18.206584,45.09435,24.244854,12.454209
"121","10am",27.354116,47.65424,12.290933,12.700713
"122","10am",16.461147,43.78723,27.664183,12.087437
"123","10am",25.294624,50.18203,20.938554,3.584787
"124","10am",20.788623,42.01097,22.359301,14.841108
"125","10am",16.16141,42.98322,21.453101,19.402263
"126","10am",25.886226,54.14668,4.979146,14.987945
"127","10am",21.564247,47.55774,21.530024,9.347992
"128","10am",10.945774,57.5663,20.183268,11.304656
"129","10am",8.151671,41.1118,24.477474,26.25906
"130","10am",19.719873,36.63582,28.736866,14.907438
"131","10am",26.392491,47.80929,13.966515,11.831704
"132","10am",13.780469,58.14047,19.673079,8.405978
"133","10am",23.328632,38.49303,23.311232,14.867109
"134","10am",14.579101,59.00808,17.816193,8.59663
"201","10am",34.419798,24.40157,19.236405,21.942231
"202","10am",29.199702,39.07303,18.93011,12.797155
"203","10am",28.947654,35.51757,21.868872,13.665905
"204","10am",28.008147,39.10373,28.417041,4.471085
"205","10am",42.547153,33.40197,18.421134,5.629748
"206","10am",17.428903,47.65312,17.789738,17.128242
"207","10am",21.963383,31.88353,33.397267,12.75582
"208","10am",21.404067,30.97851,29.411622,18.2058
"209","10am",25.440646,23.98547,21.057336,29.516544
"210","10am",32.648298,40.17716,17.550129,9.624411
"211","10am",26.316567,33.78734,19.259594,20.636502
"212","10am",27.522178,27.04523,20.614141,24.81845
"213","10am",31.077923,38.32282,13.431627,17.167626
"214","10am",32.908753,37.58182,18.918821,10.590602
"215","10am",35.009038,36.18306,20.736618,8.071288
"216","10am",32.689187,38.00287,11.902439,17.405507
"217","10am",38.811586,26.47859,19.636127,15.073701
"218","10am",20.625267,40.86043,23.115808,15.398495
"219","10am",33.349201,35.76157,16.825663,14.063562
"220","10am",31.881907,36.56088,15.275694,16.281524
"221","10am",40.245987,33.09349,14.163106,12.497413
"222","10am",39.397467,29.39118,20.212208,10.999141
"223","10am",23.96064,32.0788,20.59805,23.362508
"224","10am",47.940282,24.18615,16.015817,11.857749
"225","10am",50.007301,33.25175,8.853425,7.887526
"226","10am",31.278807,42.07265,11.450435,15.19811
"227","10am",36.673392,36.61801,14.889278,11.81932
"228","10am",33.648845,39.62109,16.924579,9.805488
"229","10am",48.282677,32.69498,12.364226,6.658119
"230","10am",37.564119,31.97706,22.216159,8.242661
"231","10am",25.748052,35.16373,16.727036,22.361184
"232","10am",31.425091,35.24559,18.726224,14.6031
"233","10am",27.653885,41.02273,22.081767,9.241616
"101","11am",6.362098,38.52469,34.892616,20.220595
"102","11am",6.563956,36.13969,32.027985,25.268365
"103","11am",13.45536,46.7452,24.092157,15.707287
"104","11am",13.848432,41.51832,23.766267,20.866984
"105","11am",9.927646,38.71553,28.685188,22.671631
"106","11am",4.7664,40.54707,27.561635,27.124899
"107","11am",8.409957,57.20865,18.587753,15.79364
"108","11am",18.310769,33.04966,32.205564,16.434012
"109","11am",29.212516,38.76799,14.04083,17.978659
"110","11am",6.373765,41.546,31.12614,20.954091
"111","11am",8.508125,32.15825,30.24781,29.08581
"112","11am",6.014523,30.47724,19.715598,43.792634
"113","11am",6.606399,37.03054,37.738498,18.624559
"114","11am",18.452334,51.66358,18.502435,11.381652
"115","11am",6.987805,29.61717,30.731042,32.663978
"116","11am",21.827079,62.94374,9.378033,5.851151
"117","11am",15.114938,59.31705,12.787747,12.780267
"118","11am",6.335357,36.85995,35.489491,21.315206
"119","11am",19.45387,55.47765,12.78482,12.283659
"120","11am",18.185422,44.88342,26.115732,10.815427
"121","11am",26.912537,50.88807,11.761784,10.437604
"122","11am",16.930988,42.91116,28.18856,11.969297
"123","11am",28.965054,46.57032,21.428829,3.035798
"124","11am",23.576683,42.34003,21.593965,12.489326
"125","11am",15.058253,47.47175,20.084642,17.385357
"126","11am",27.59047,51.52185,7.656122,13.231563
"127","11am",21.893781,44.13115,17.037326,16.93774
"128","11am",8.542507,55.81274,24.94346,10.701291
"129","11am",10.156632,42.03955,21.516992,26.286824
"130","11am",19.652404,35.90105,32.157639,12.28891
"131","11am",24.648655,48.74693,15.252941,11.351469
"132","11am",13.019911,55.83839,22.286694,8.855003
"133","11am",22.794315,39.73195,23.301052,14.172687
"134","11am",16.793481,57.69324,17.573296,7.939982
"201","11am",36.245213,24.78935,19.157021,19.808413
"202","11am",29.176555,33.90286,20.785549,16.135039
"203","11am",27.669664,36.33153,18.811361,17.18745
"204","11am",27.870197,37.73322,29.957231,4.439356
"205","11am",41.591648,31.97901,18.951048,7.478296
"206","11am",16.777031,46.16155,20.662044,16.399377
"207","11am",21.464129,28.89957,32.782139,16.854158
"208","11am",23.985488,29.88423,26.346081,19.784196
"209","11am",23.967545,24.23886,20.868855,30.924745
"210","11am",33.400104,41.49403,16.553748,8.552119
"211","11am",26.884419,32.51741,19.229284,21.368883
"212","11am",28.450046,34.52859,19.783075,17.238294
"213","11am",30.983341,37.94095,13.640771,17.434942
"214","11am",32.929734,35.48554,18.187751,13.396973
"215","11am",34.183676,36.56602,21.214676,8.035625
"216","11am",31.480259,38.6762,12.991258,16.852286
"217","11am",35.866305,27.9161,18.272319,17.945274
"218","11am",21.511791,41.88776,23.265181,13.335266
"219","11am",36.058062,35.05701,17.014245,11.870684
"220","11am",31.53366,36.54954,15.7306,16.186202
"221","11am",42.186827,31.99242,14.13408,11.68667
"222","11am",39.360916,28.91959,19.197817,12.521678
"223","11am",24.890949,33.51545,18.655743,22.937861
"224","11am",45.953071,23.93286,15.601843,14.512228
"225","11am",48.492181,34.7505,9.107543,7.649774
"226","11am",31.871874,40.16631,10.87561,17.086203
"227","11am",40.827944,31.33972,15.315885,12.516448
"228","11am",34.606627,40.6664,15.700243,9.026732
"229","11am",47.211528,33.38787,13.598136,5.80247
"230","11am",38.799685,30.8877,21.724601,8.588011
"231","11am",24.647289,37.04861,17.250889,21.053211
"232","11am",29.848433,36.44056,17.56159,16.149418
"233","11am",25.844581,43.14272,22.44494,8.567762
"101","12am",4.762604,41.90797,31.391206,21.93822
"102","12am",7.252817,34.74775,32.448843,25.550591
"103","12am",14.967527,48.90692,22.548339,13.577216
"104","12am",6.657767,41.33626,31.153278,20.852693
"105","12am",11.619826,32.08554,27.033804,29.260831
"106","12am",3.412779,46.03375,25.409055,25.144413
"107","12am",10.774,53.40228,17.011768,18.811948
"108","12am",12.905714,36.60156,33.952242,16.540481
"109","12am",30.34365,36.72242,16.277223,16.656707
"110","12am",5.546976,43.13347,32.698963,18.620592
"111","12am",8.696997,35.3616,28.361797,27.579604
"112","12am",5.95224,34.71481,21.552314,37.780637
"113","12am",6.19944,36.3712,37.158079,20.271279
"114","12am",15.626933,62.28933,14.247316,7.836418
"115","12am",6.89692,31.2305,33.208366,28.664215
"116","12am",18.518356,64.74404,11.060459,5.677149
"117","12am",16.537239,53.75996,14.085679,15.617125
"118","12am",6.195063,37.91971,36.931609,18.953616
"119","12am",16.970754,47.00692,14.272555,21.749774
"120","12am",18.012793,46.35044,23.788267,11.848505
"121","12am",28.363516,41.09388,17.522601,13.020008
"122","12am",16.929715,44.59825,28.036777,10.435263
"123","12am",32.186143,47.46068,17.590728,2.762448
"124","12am",19.12789,42.43812,25.767931,12.666055
"125","12am",13.570656,46.16563,19.930112,20.333603
"126","12am",28.033001,51.16444,8.248566,12.553991
"127","12am",17.419636,35.86871,12.851522,33.860133
"128","12am",8.707282,59.14163,23.504061,8.647025
"129","12am",14.416909,42.07074,25.804709,17.707639
"130","12am",18.234311,41.9241,24.275658,15.565931
"131","12am",23.75984,47.25062,14.113771,14.875772
"132","12am",13.085879,52.58478,26.164954,8.16439
"133","12am",24.000166,41.62223,22.05755,12.320054
"134","12am",15.102691,57.52067,20.466336,6.910298
"201","12am",36.284637,21.12089,22.393925,20.200552
"202","12am",26.868716,36.23796,22.216894,14.67643
"203","12am",26.618673,33.41195,19.537661,20.431717
"204","12am",28.102367,39.77802,28.471453,3.648157
"205","12am",38.066863,36.99698,18.091629,6.844529
"206","12am",16.070765,45.29576,18.502696,20.130778
"207","12am",20.929048,30.25283,31.443593,17.374531
"208","12am",22.937861,25.10627,31.267698,20.688169
"209","12am",25.311355,23.31777,18.972586,32.398293
"210","12am",30.695748,38.36689,14.857766,16.079596
"211","12am",26.374304,32.9733,19.503768,21.148628
"212","12am",26.891753,33.02458,19.970949,20.112721
"213","12am",32.390276,38.3427,14.044386,15.222641
"214","12am",32.713856,34.60024,19.883989,12.801914
"215","12am",31.849679,40.12129,17.928049,10.100979
"216","12am",31.37061,41.41509,10.884333,16.329964
"217","12am",35.963524,32.60983,14.049401,17.377243
"218","12am",20.640525,37.80217,24.687227,16.870078
"219","12am",35.147306,37.30023,19.788071,7.764397
"220","12am",32.56757,35.34652,16.182318,15.903592
"221","12am",45.046694,28.33944,14.134954,12.478916
"222","12am",34.012411,32.62689,20.16729,13.193405
"223","12am",27.82192,33.1842,18.664018,20.329867
"224","12am",42.579585,24.47372,17.938989,15.007703
"225","12am",50.814693,31.36913,8.746765,9.069409
"226","12am",32.368507,42.98874,8.887459,15.755295
"227","12am",41.839792,34.3066,15.285556,8.568053
"228","12am",31.749933,41.78255,15.083074,11.384446
"229","12am",44.482886,32.61748,14.25092,8.64871
"230","12am",38.880706,31.23166,20.347572,9.540057
"231","12am",25.373869,34.97397,17.244242,22.407919
"232","12am",27.919526,32.35052,20.008667,19.721287
"233","12am",25.174429,42.26218,23.980637,8.58275
"101","1pm",2.369233,41.83529,35.230976,20.564499
"102","1pm",9.574619,35.14842,32.656742,22.620224
"103","1pm",13.684297,44.8995,29.220364,12.195837
"104","1pm",13.768915,45.73785,22.581998,17.911239
"105","1pm",13.434758,37.04753,26.018947,23.498767
"106","1pm",4.890239,38.94894,30.346734,25.814089
"107","1pm",7.138754,52.39863,21.12682,19.335794
"108","1pm",17.466465,34.26702,28.920163,19.346353
"109","1pm",29.215583,39.43662,15.461526,15.886268
"110","1pm",5.622338,43.98298,28.025136,22.369544
"111","1pm",9.284669,32.82974,30.77555,27.11004
"112","1pm",7.32105,34.54279,21.019284,37.116873
"113","1pm",5.958518,37.86468,36.364674,19.812128
"114","1pm",16.505402,55.03032,16.019241,12.445032
"115","1pm",7.026437,38.51239,23.473071,30.988102
"116","1pm",19.196791,60.93667,12.919526,6.94701
"117","1pm",16.299818,54.44995,13.156349,16.093882
"118","1pm",8.307384,35.57749,36.530482,19.584641
"119","1pm",18.390705,50.5188,12.121353,18.969142
"120","1pm",17.864271,50.89183,18.050809,13.193087
"121","1pm",30.122919,46.02888,15.214895,8.63331
"122","1pm",18.779518,45.81643,25.219534,10.184521
"123","1pm",30.128666,47.92443,18.584013,3.362888
"124","1pm",21.722688,38.4625,22.405275,17.409538
"125","1pm",14.026567,45.04453,21.481757,19.447144
"126","1pm",26.878362,51.6469,8.365772,13.10897
"127","1pm",17.228981,36.99768,14.759717,31.013619
"128","1pm",10.075019,54.81078,26.199877,8.914325
"129","1pm",13.219747,39.44414,22.891077,24.445036
"130","1pm",18.053559,41.81906,26.351127,13.776251
"131","1pm",22.831619,51.47045,11.960914,13.737022
"132","1pm",11.347895,55.63232,22.552425,10.467356
"133","1pm",19.603061,42.50677,25.577825,12.312349
"134","1pm",16.810003,55.89815,18.239347,9.0525
"201","1pm",34.77815,23.2205,22.916152,19.085194
"202","1pm",30.216142,37.93879,14.284317,17.560748
"203","1pm",29.838279,34.20654,15.430309,20.524869
"204","1pm",26.146369,36.09746,31.487571,6.268599
"205","1pm",38.473661,27.24105,29.234323,5.050965
"206","1pm",15.479452,47.83035,17.814934,18.875268
"207","1pm",19.629637,29.5694,30.998188,19.802776
"208","1pm",21.986196,32.16661,26.021153,19.826045
"209","1pm",23.783751,23.22633,22.17387,30.816046
"210","1pm",31.401029,38.68447,12.448197,17.466299
"211","1pm",28.9626,34.1987,16.081711,20.756986
"212","1pm",30.21805,27.15171,23.451584,19.178661
"213","1pm",32.142267,36.43272,14.186056,17.238954
"214","1pm",26.673216,43.34561,17.338886,12.642292
"215","1pm",33.242255,37.30278,19.573854,9.881107
"216","1pm",32.737681,41.60655,10.93914,14.716626
"217","1pm",41.145904,26.08373,16.592708,16.177662
"218","1pm",21.031157,41.25766,21.422315,16.288864
"219","1pm",35.770542,33.37077,20.565732,10.292955
"220","1pm",34.928003,34.63748,14.696107,15.738414
"221","1pm",43.68931,28.26921,15.392353,12.649127
"222","1pm",34.247273,32.36909,19.966709,13.416932
"223","1pm",24.506833,30.19313,24.948056,20.351981
"224","1pm",44.527281,21.43538,19.658951,14.378386
"225","1pm",48.213974,35.49055,8.441038,7.854437
"226","1pm",32.871544,38.98858,10.140215,17.99966
"227","1pm",42.759004,34.41614,13.630044,9.194811
"228","1pm",31.791918,40.57672,16.919265,10.7121
"229","1pm",45.346526,32.5666,15.055168,7.031704
"230","1pm",39.104028,29.00874,22.316767,9.570468
"231","1pm",24.784984,35.82058,17.064422,22.330018
"232","1pm",27.249311,30.68947,23.687637,18.373578
"233","1pm",25.96452,40.7687,24.668458,8.598317
"101","2pm",5.687277,37.65256,33.237851,23.422307
"102","2pm",8.245682,35.37882,31.404373,24.971122
"103","2pm",17.66687,39.34079,28.773348,14.218997
"104","2pm",14.494218,45.44764,21.160844,18.897302
"105","2pm",14.329634,33.41792,27.492071,24.760371
"106","2pm",3.525042,45.73406,29.6735,21.067398
"107","2pm",5.33846,47.97987,21.824811,24.856863
"108","2pm",18.838297,34.4769,29.094769,17.590039
"109","2pm",30.217868,40.52864,12.062491,17.190998
"110","2pm",4.101172,38.45147,24.855178,32.592177
"111","2pm",10.140656,34.1518,29.537407,26.170137
"112","2pm",6.721036,39.21215,21.765162,32.301654
"113","2pm",7.219918,34.85549,39.926554,17.998035
"114","2pm",18.777712,56.47857,19.561025,5.182696
"115","2pm",8.246671,41.99583,23.198508,26.558987
"116","2pm",18.024073,62.16833,12.063845,7.743751
"117","2pm",15.176832,52.40436,16.587919,15.830889
"118","2pm",6.287704,35.72892,37.784915,20.198463
"119","2pm",20.049767,57.31772,10.100279,12.532233
"120","2pm",16.32147,51.19362,19.262752,13.222161
"121","2pm",30.020708,38.2166,16.994014,14.768682
"122","2pm",18.269586,45.289,23.847739,12.593673
"123","2pm",25.649006,51.57634,19.906522,2.868137
"124","2pm",18.64213,40.25694,20.721811,20.379122
"125","2pm",17.105523,46.84113,20.106133,15.947214
"126","2pm",22.919218,54.52322,9.624061,12.9335
"127","2pm",21.182772,38.69592,12.020175,28.101133
"128","2pm",12.131041,50.34437,26.030517,11.494069
"129","2pm",11.6965,39.69516,26.449408,22.158937
"130","2pm",18.805156,35.22194,33.934145,12.038761
"131","2pm",24.461441,54.02344,9.238072,12.277052
"132","2pm",10.16972,57.90646,20.763353,11.160466
"133","2pm",19.559493,40.62513,25.574949,14.240427
"134","2pm",16.77605,59.7544,14.850573,8.61898
"201","2pm",32.679822,28.73754,17.946706,20.635928
"202","2pm",28.984927,40.36693,13.75421,16.893936
"203","2pm",30.429719,36.36694,16.917962,16.285375
"204","2pm",26.201358,37.37473,28.739574,7.684341
"205","2pm",36.010816,25.98311,29.839636,8.166443
"206","2pm",14.141479,47.27727,22.294698,16.286553
"207","2pm",20.250514,30.8111,31.149729,17.78866
"208","2pm",20.051353,30.39854,27.152257,22.397852
"209","2pm",26.422191,22.30635,20.733986,30.537472
"210","2pm",29.287036,37.82415,14.215595,18.673224
"211","2pm",29.019131,34.42919,17.627614,18.92406
"212","2pm",33.080121,29.28752,15.051833,22.580529
"213","2pm",31.587472,36.72801,14.672763,17.01175
"214","2pm",27.661265,45.44759,17.70719,9.18395
"215","2pm",35.277322,32.56824,18.943126,13.211308
"216","2pm",32.799709,40.28614,11.404974,15.509176
"217","2pm",40.015651,25.26057,16.665828,18.057952
"218","2pm",19.40301,42.0735,24.119217,14.404276
"219","2pm",38.165963,32.65338,17.278009,11.902646
"220","2pm",35.489232,35.05608,13.892335,15.562351
"221","2pm",42.515416,28.76509,15.764524,12.95497
"222","2pm",34.321187,32.66637,21.713863,11.298584
"223","2pm",24.692541,28.06786,27.009749,20.229855
"224","2pm",45.184356,20.45531,19.202913,15.157416
"225","2pm",46.808686,36.91386,8.842461,7.434991
"226","2pm",33.41466,38.00097,10.166517,18.417852
"227","2pm",39.735936,38.87521,13.660925,7.727928
"228","2pm",32.068629,40.87928,18.656702,8.395391
"229","2pm",46.318435,33.8885,12.919974,6.873094
"230","2pm",34.252708,34.65778,22.860474,8.22904
"231","2pm",25.561668,33.6491,17.316426,23.472803
"232","2pm",26.028285,35.1131,20.63594,18.222673
"233","2pm",28.928933,39.28417,24.427444,7.359449
"101","3pm",4.647115,36.75911,33.63777,24.956
"102","3pm",6.523591,35.46313,32.95808,25.055209
"103","3pm",14.701089,42.08698,26.53677,16.675162
"104","3pm",13.8529,47.3889,19.22172,19.53648
"105","3pm",15.48826,32.7238,24.7864,27.001542
"106","3pm",3.847493,44.33872,31.48039,20.333405
"107","3pm",7.230639,49.69704,20.74065,22.331669
"108","3pm",17.211774,32.47849,33.87474,16.434995
"109","3pm",28.578262,47.43398,11.3215,12.666256
"110","3pm",4.870231,37.3064,27.35716,30.466205
"111","3pm",9.638845,34.48014,27.09906,28.781961
"112","3pm",7.376868,37.28699,19.684,35.652149
"113","3pm",6.481327,34.08045,39.87791,19.560318
"114","3pm",21.389963,50.05329,18.61734,9.939408
"115","3pm",9.889574,33.03443,28.04382,29.032174
"116","3pm",15.808528,64.41091,12.83123,6.949334
"117","3pm",15.20275,54.41838,16.35797,14.020902
"118","3pm",6.85794,35.8738,37.84134,19.426919
"119","3pm",19.927267,56.40334,13.68449,9.984908
"120","3pm",15.027433,51.10413,22.63151,11.236925
"121","3pm",26.297704,46.66008,19.39585,7.646367
"122","3pm",16.615939,48.4224,21.17992,13.781736
"123","3pm",26.25279,48.67199,22.27169,2.803537
"124","3pm",22.602057,38.91564,19.69119,18.791106
"125","3pm",16.521911,47.5387,19.71096,16.22843
"126","3pm",27.312058,49.29894,10.12326,13.265742
"127","3pm",14.109054,36.65101,19.10903,30.130911
"128","3pm",13.855403,55.62993,22.82831,7.686355
"129","3pm",12.191615,37.93691,23.37148,26.499989
"130","3pm",17.26011,33.43174,37.84446,11.463686
"131","3pm",23.52308,52.58952,14.5788,9.308598
"132","3pm",13.297343,53.01477,22.14434,11.543546
"133","3pm",17.845303,41.87271,25.15356,15.128422
"134","3pm",16.79314,61.90264,12.0084,9.295822
"201","3pm",36.611079,25.31524,19.05071,19.022962
"202","3pm",28.26335,41.61589,14.65093,15.469836
"203","3pm",29.473523,34.36298,20.16648,15.997021
"204","3pm",26.7085,35.85517,28.97544,8.460881
"205","3pm",35.151633,28.88918,27.3691,8.590094
"206","3pm",11.909136,50.18049,24.20374,13.70664
"207","3pm",20.049726,34.29164,30.03871,15.619917
"208","3pm",18.111496,30.69478,28.94573,22.247994
"209","3pm",25.567833,24.74627,18.24494,31.440963
"210","3pm",30.668855,35.98495,14.42359,18.922602
"211","3pm",28.207196,33.19291,17.93913,20.660762
"212","3pm",33.476229,34.65846,13.41168,18.453632
"213","3pm",33.048126,33.84004,15.498,17.613826
"214","3pm",25.994625,44.66068,16.96222,12.382476
"215","3pm",34.637178,32.76659,22.3293,10.26693
"216","3pm",32.844836,39.23945,11.10788,16.80784
"217","3pm",41.310372,22.59176,20.38035,15.717525
"218","3pm",18.945021,41.58225,24.46639,15.00634
"219","3pm",35.796159,33.62105,16.37233,14.210464
"220","3pm",35.359564,35.24477,14.11395,15.281709
"221","3pm",40.875066,31.85204,15.22836,12.04453
"222","3pm",32.794701,31.34561,23.44734,12.412347
"223","3pm",27.606969,30.78484,23.85836,17.749832
