"district","hour","occ1","occ2","occ3","occ4","occ5"
"101","4am",40.36277,35.389329,6.2227375,15.84095,2.184217
"102","4am",43.28182,21.836737,7.1188189,21.17238,6.59025
"103","4am",49.88807,15.807541,5.3252688,24.91423,4.064896
"104","4am",42.56539,6.353421,7.8786126,37.62418,5.578399
"105","4am",50.26407,14.359619,6.5513004,26.517,2.308007
"106","4am",48.36347,20.849524,3.5810328,21.72608,5.479888
"107","4am",56.05683,4.845722,4.334077,32.74682,2.016547
"108","4am",53.19594,13.918112,7.7471144,21.90507,3.233757
"109","4am",38.20319,12.548981,16.1825551,24.09038,8.974899
"110","4am",36.9276,17.081704,6.5360836,35.066,4.388615
"111","4am",48.79246,24.611706,9.7895869,14.94141,1.864845
"112","4am",32.62655,37.177467,9.8711349,18.2886,2.036248
"113","4am",39.29918,27.338513,13.4646443,18.47742,1.420248
"114","4am",33.22897,24.185721,14.9844383,21.57663,6.024245
"115","4am",50.87963,20.88245,7.2643763,17.37994,3.593598
"116","4am",33.89292,9.259712,19.9000707,20.47095,16.476349
"117","4am",36.1984,11.0057,20.9309826,24.95179,6.913128
"118","4am",53.24431,15.195793,9.3256583,14.55776,7.676476
"119","4am",55.87726,6.283646,12.3335091,23.49729,2.008296
"120","4am",43.93644,20.813145,15.4894832,15.92107,3.839865
"121","4am",50.91369,7.514741,4.3850099,30.00034,7.186218
"122","4am",61.13157,12.186978,0.5461272,22.92686,3.20846
"123","4am",51.21796,9.035106,4.0548298,29.64979,6.042312
"124","4am",65.7239,8.599943,4.3138908,16.4538,4.908469
"125","4am",48.04068,11.213049,9.0010888,26.1217,5.623479
"126","4am",49.44824,8.701858,6.5626561,28.24307,7.044177
"127","4am",59.37322,13.021964,2.1802392,21.01043,4.414153
"128","4am",44.13886,10.869307,5.5071792,35.54661,3.938037
"129","4am",55.49946,14.514678,3.0245187,22.10624,4.855113
"130","4am",58.69089,9.250879,2.157258,26.67448,3.226499
"131","4am",49.73351,14.075085,3.4498179,26.50039,6.241195
"132","4am",58.99176,11.08932,4.9073953,21.03724,3.974282
"133","4am",48.70062,11.494465,7.5468862,28.56111,3.696925
"134","4am",57.44842,6.95173,6.8347141,26.06867,2.69646
"201","4am",46.39523,10.34792,2.6146543,37.1113,3.530889
"202","4am",48.78198,6.565108,3.404204,36.98335,4.26536
"203","4am",62.8064,8.97352,0.2891299,24.84166,3.089297
"204","4am",58.85212,7.6897,2.9879947,24.74879,5.721397
"205","4am",61.68936,5.28699,3.3287484,28.28235,1.412545
"206","4am",62.10541,11.537773,2.7260935,21.33188,2.298845
"207","4am",65.01033,10.109013,1.4215821,21.04218,2.416895
"208","4am",63.4888,8.989027,4.2013814,22.12055,1.200237
"209","4am",44.45657,13.691976,5.5212256,31.09564,5.234589
"210","4am",44.01647,13.061062,0.8061382,36.42803,5.688296
"211","4am",45.91773,7.53699,2.0408736,39.32234,5.182066
"212","4am",52.48209,12.044646,2.747729,26.83048,5.895061
"213","4am",50.64486,10.298606,7.4335603,28.09346,3.529507
"214","4am",54.50694,5.229551,5.0301283,30.90765,4.325728
"215","4am",55.54699,10.64318,1.5986877,28.5227,3.688438
"216","4am",56.15199,7.588522,2.7450441,28.65565,4.858799
"217","4am",57.66682,3.026272,3.9177703,31.48526,3.903875
"218","4am",43.398,13.423491,3.0879072,34.69303,5.397571
"219","4am",37.87763,9.921843,6.7320431,31.56961,13.898874
"220","4am",56.7668,7.003407,2.5176754,27.80578,5.906338
"221","4am",50.26288,5.11964,4.6307425,33.38231,6.604426
"222","4am",52.6761,8.637343,5.9795013,28.14606,4.561002
"223","4am",45.50492,8.23077,5.4496895,32.50054,8.314082
"224","4am",53.83397,8.013042,5.4430388,28.5403,4.169643
"225","4am",55.56398,3.954391,3.6234839,31.89677,4.961378
"226","4am",46.9271,7.620963,7.2034658,34.59748,3.650989
"227","4am",50.31626,11.159535,1.006962,33.28771,4.229532
"228","4am",54.91742,11.525983,3.4300452,26.71604,3.410511
"229","4am",42.65263,5.580992,3.2019533,40.64817,7.916252
"230","4am",52.70854,5.871168,5.8652044,33.39935,2.155734
"231","4am",44.2884,8.862536,3.1728018,37.59058,6.085684
"232","4am",58.70038,7.900151,4.140572,24.1308,5.128094
"233","4am",49.27225,11.137258,0.6166659,32.70739,6.266438
"101","5am",41.87407,34.812324,6.1212789,15.04372,2.148604
"102","5am",43.28182,21.836737,7.1188189,21.17238,6.59025
"103","5am",51.02236,15.449734,5.20473,24.35029,3.972886
"104","5am",42.56539,6.353421,7.8786126,37.62418,5.578399
"105","5am",50.33163,14.340115,6.5424019,26.48098,2.304872
"106","5am",48.66297,20.728593,3.5602622,21.60007,5.448104
"107","5am",55.69679,4.885424,4.3695871,33.01512,2.033069
"108","5am",52.92125,13.999796,7.7925815,22.03363,3.252735
"109","5am",38.83731,12.42021,16.0164986,23.84318,8.882803
"110","5am",36.61331,17.16682,6.5686521,35.24073,4.410483
"111","5am",49.02679,24.977787,9.5685819,14.6041,1.822745
"112","5am",33.35962,36.772955,9.7637313,18.08961,2.014092
"113","5am",39.89616,27.069646,13.3322228,18.2957,1.40628
"114","5am",34.40582,23.759443,14.7203347,21.19633,5.918067
"115","5am",51.63122,20.562927,7.1532239,17.11401,3.538613
"116","5am",31.67147,9.570874,20.5687891,21.15885,17.030017
"117","5am",37.13387,10.844333,20.6240896,24.58594,6.811767
"118","5am",56.31328,14.198366,8.7135368,13.60221,7.172605
"119","5am",56.98149,6.126389,12.0248459,22.90924,1.958035
"120","5am",42.0886,21.49914,16.0000119,16.44582,3.966425
"121","5am",54.3399,7.143825,4.1685723,27.51619,6.831517
"122","5am",62.88006,11.638749,0.5215598,21.8955,3.064128
"123","5am",55.86247,8.174879,3.6687719,26.82685,5.467027
"124","5am",65.77241,8.587771,4.3077854,16.43051,4.901522
"125","5am",47.1662,11.401765,9.1525774,26.56133,5.718123
"126","5am",47.70564,9.001825,6.7888819,29.21666,7.287001
"127","5am",59.37322,13.021964,2.1802392,21.01043,4.414153
"128","5am",46.56441,10.397351,5.2680523,34.00315,3.767044
"129","5am",55.64011,14.468801,3.0149591,22.03636,4.839767
"130","5am",58.69089,9.250879,2.157258,26.67448,3.226499
"131","5am",48.89988,14.30851,3.5070304,26.93988,6.344701
"132","5am",61.0414,10.535062,4.6621176,19.98577,3.775642
"133","5am",45.9722,12.105811,7.9482756,30.08016,3.89355
"134","5am",57.10854,7.007258,6.8893073,26.2769,2.717999
"201","5am",44.49978,10.71382,2.7071079,38.42355,3.655741
"202","5am",50.07094,6.399888,3.318533,36.05262,4.158016
"203","5am",62.07577,9.149795,0.2948095,25.32964,3.149983
"204","5am",58.44101,7.14371,3.0734686,25.45675,5.885062
"205","5am",61.64695,5.292843,3.3324337,28.31366,1.414109
"206","5am",61.85502,11.614008,2.744106,21.47283,2.314035
"207","5am",64.68002,10.204443,1.4350019,21.24082,2.439711
"208","5am",61.816,9.40087,4.3938724,23.13403,1.255227
"209","5am",43.96126,13.814074,5.5704612,31.37294,5.281269
"210","5am",42.14368,13.497989,0.8331057,37.64664,5.878584
"211","5am",46.39586,7.470358,2.0228309,38.9747,5.136253
"212","5am",51.75306,12.229437,2.7898852,27.24212,5.985504
"213","5am",51.13318,10.196713,7.3600131,27.81551,3.494586
"214","5am",54.34354,5.248333,5.0481947,31.01866,4.341264
"215","5am",55.13676,10.741398,1.6134409,28.78592,3.722476
"216","5am",55.02598,7.783394,2.8155362,29.39152,4.983572
"217","5am",56.94427,3.077926,3.9846402,32.02266,3.970507
"218","5am",44.38492,13.189437,3.0340659,34.08812,5.303458
"219","5am",37.82001,9.931045,6.7382865,31.59889,13.911764
"220","5am",56.4239,7.058953,2.5376437,28.02632,5.953183
"221","5am",49.24722,5.224186,4.7253049,34.064,6.739293
"222","5am",51.59726,8.834247,6.1158152,28.7877,4.664979
"223","5am",45.50492,8.23077,5.4496895,32.50054,8.314082
"224","5am",52.8511,8.183639,5.5589204,29.14792,4.258415
"225","5am",54.3423,4.063108,3.723104,32.7737,5.097781
"226","5am",49.64741,7.230343,6.8342454,32.82415,3.463854
"227","5am",50.22522,11.179983,1.0088071,33.34871,4.237282
"228","5am",54.19977,11.70946,3.4846467,27.14132,3.464802
"229","5am",42.9743,5.549688,3.1839935,40.42017,7.87185
"230","5am",52.70854,5.871168,5.8652044,33.39935,2.155734
"231","5am",44.70844,8.795716,3.1488804,37.30717,6.039801
"232","5am",58.02664,8.02903,4.2081193,24.52446,5.211751
"233","5am",48.28917,10.793962,0.6373256,33.80316,6.476378
"101","6am",41.21833,35.851748,5.8845048,14.97993,2.065495
"102","6am",43.9226,21.838713,7.1194631,20.52838,6.590846
"103","6am",50.5002,15.614449,5.2602195,24.60989,4.015242
"104","6am",41.39179,6.483245,8.0396014,38.39298,5.692386
"105","6am",49.52537,14.363599,6.5531159,27.24927,2.308646
"106","6am",49.95109,20.208485,3.4709305,21.05809,5.311404
"107","6am",55.1447,4.946305,4.4240397,33.42655,2.058405
"108","6am",52.26854,14.193895,7.900621,22.33912,3.297832
"109","6am",36.63109,12.868224,16.5942353,24.70323,9.203218
"110","6am",36.01308,18.075889,6.9603692,34.6181,4.33256
"111","6am",54.24419,22.421169,8.5891834,13.10928,1.636177
"112","6am",33.84304,36.506194,9.6929025,17.95838,1.999482
"113","6am",39.34554,27.080213,13.5501785,18.59479,1.42927
"114","6am",32.54811,24.636198,14.7007319,21.97851,6.136451
"115","6am",50.65736,21.776456,7.0915687,16.9665,3.508113
"116","6am",31.85083,9.54575,20.5147964,21.10331,16.985314
"117","6am",34.96331,11.218751,21.3361696,25.43481,7.046954
"118","6am",56.64971,14.089027,8.6464358,13.49746,7.11737
"119","6am",57.15013,6.102373,11.9777061,22.81943,1.950359
"120","6am",41.51266,21.712951,16.1591335,16.60938,4.005872
"121","6am",54.23064,7.083094,4.1331345,27.77969,6.773441
"122","6am",63.7204,11.375265,0.5097525,21.39982,2.994761
"123","6am",53.01182,8.782437,3.9414354,28.39097,5.873337
"124","6am",64.64364,8.870982,4.4498489,16.97236,5.063166
"125","6am",47.16186,11.402704,9.1533309,26.56352,5.718593
"126","6am",46.02508,9.291112,7.0070525,30.15558,7.52118
"127","6am",56.19609,14.040317,2.3507398,22.6535,4.759352
"128","6am",47.26444,9.192007,5.3299041,34.40238,3.811273
"129","6am",55.32154,14.572709,3.0366111,22.19462,4.874524
"130","6am",58.50065,9.29348,2.1671923,26.79732,3.241357
"131","6am",48.57887,14.398395,3.5290613,27.10911,6.384558
"132","6am",61.67095,10.364821,4.5867805,19.66281,3.71463
"133","6am",49.48115,10.376639,7.2143265,29.15419,3.773693
"134","6am",57.1888,6.344814,7.001079,26.70321,2.762095
"201","6am",43.61887,10.883872,2.7500756,39.03342,3.713765
"202","6am",49.58333,6.46239,3.3509421,36.40471,4.198624
"203","6am",61.58338,9.268593,0.2986372,25.65851,3.190881
"204","6am",57.40341,7.322067,3.1502039,26.09232,6.031994
"205","6am",61.09401,4.286486,3.4329939,29.72973,1.456782
"206","6am",62.01413,10.748411,2.8171786,22.04463,2.375655
"207","6am",65.82763,8.069878,1.4913928,22.07552,2.535584
"208","6am",61.73406,8.70707,4.5122926,23.75752,1.289057
"209","6am",43.98958,13.278103,5.637433,31.75013,5.344764
"210","6am",41.28086,13.699286,0.8455299,38.20807,5.966253
"211","6am",46.6488,5.801506,2.0849145,40.17089,5.293892
"212","6am",49.9914,12.675975,2.8917534,28.23682,6.204055
"213","6am",50.94557,10.235859,7.3882691,27.9223,3.508003
"214","6am",54.59164,4.455469,5.1785838,31.32092,4.453394
"215","6am",57.11438,7.495249,1.6734232,29.85608,3.860866
"216","6am",53.16889,8.10479,2.9317969,30.60517,5.189357
"217","6am",55.75169,3.163179,4.0950083,32.90964,4.080484
"218","6am",46.69333,10.919081,3.0313444,34.05754,5.298701
"219","6am",38.08378,9.888918,6.7097033,31.46485,13.852752
"220","6am",54.7987,6.673325,2.6773801,29.5696,6.280998
"221","6am",49.23871,3.263734,4.9296584,35.53715,7.030744
"222","6am",50.3863,7.962657,6.5379748,30.12608,4.986991
"223","6am",47.39077,7.945936,5.2610977,31.37583,8.026365
"224","6am",52.60606,7.539643,5.7660622,30.23406,3.854173
"225","6am",53.15488,4.168778,3.8199309,33.62605,5.230359
"226","6am",50.33907,6.200019,6.8879179,33.08194,3.491057
"227","6am",49.71572,10.727613,1.0339488,34.17983,4.342885
"228","6am",54.92012,8.692173,3.7194326,28.97003,3.69825
"229","6am",43.9325,4.811889,2.5479407,40.76806,7.939602
"230","6am",50.19068,6.183757,6.1774761,35.17758,2.270508
"231","6am",47.50507,8.350831,2.9896107,35.42018,5.734309
"232","6am",56.84564,7.666511,4.3994718,25.63964,5.448741
"233","6am",46.75225,10.52285,0.6654878,35.29685,6.762556
"101","7am",49.68702,31.802945,4.6291538,12.256025,1.6248599
"102","7am",58.14983,12.455719,6.6575888,17.566482,5.1703744
"103","7am",49.85767,13.193479,5.7357845,26.83482,4.3782513
"104","7am",44.62145,3.470717,7.0860539,38.938306,5.8834692
"105","7am",46.93772,26.009167,4.9093634,20.414194,1.7295564
"106","7am",54.41301,17.517931,4.0014264,19.219878,4.8477579
"107","7am",53.49615,8.107258,4.8648514,31.586635,1.9451029
"108","7am",50.80322,14.597151,8.1508162,23.046546,3.4022675
"109","7am",44.85169,7.750261,15.9873177,22.884923,8.5258053
"110","7am",39.90245,13.97978,6.991712,34.773991,4.3520695
"111","7am",54.03421,31.119328,5.3604928,8.464833,1.0211347
"112","7am",28.99648,49.700309,6.0338078,13.92125,1.3481495
"113","7am",32.02849,45.814747,8.7699794,12.431266,0.9555169
"114","7am",36.98265,14.115253,16.3731848,25.429062,7.099855
"115","7am",50.82081,21.607263,7.0930456,16.970035,3.5088432
"116","7am",27.41974,6.556491,24.6113445,23.158894,18.2535314
"117","7am",28.20016,28.609708,16.457946,20.932609,5.7995759
"118","7am",64.19925,12.112078,6.9316039,10.820534,5.9365384
"119","7am",52.99695,3.207604,15.7641913,25.7927,2.2385531
"120","7am",42.54708,18.458963,16.5291435,18.099544,4.3652717
"121","7am",55.71066,2.760354,4.4368426,29.820978,7.2711621
"122","7am",66.85976,11.245968,0.4481412,18.813331,2.6327991
"123","7am",57.47515,5.820876,3.7865076,27.274995,5.6424713
"124","7am",63.41864,9.147303,3.9889039,18.058091,5.3870604
"125","7am",49.97088,7.514705,9.3916824,27.255227,5.8675047
"126","7am",45.72807,5.020323,6.8758886,33.916514,8.4592048
"127","7am",62.49196,2.493268,2.0871431,27.210815,5.7168139
"128","7am",56.24035,4.494127,4.8611982,30.92821,3.4761136
"129","7am",54.85858,10.596247,3.4023613,25.681163,5.4616454
"130","7am",53.88382,7.246858,2.6155887,32.341735,3.9120002
"131","7am",42.56758,11.659457,3.570071,34.158187,8.0447086
"132","7am",66.37877,5.20023,4.6617029,19.983995,3.7753065
"133","7am",57.17711,6.377296,6.6589443,26.303468,3.4831817
"134","7am",52.15572,5.330789,8.162046,31.131325,3.2201248
"201","7am",35.78117,8.915553,3.3936844,47.326686,4.5829092
"202","7am",49.16661,3.75013,3.5894864,38.996262,4.4975125
"203","7am",57.12166,5.082473,0.3978992,33.146487,4.251477
"204","7am",56.63284,3.381479,3.6352202,29.389756,6.9607007
"205","7am",55.24254,0,4.43831,38.435766,1.8833849
"206","7am",62.71981,6.77301,3.1553668,24.690977,2.6608404
"207","7am",65.17683,2.892031,1.8755766,26.866814,3.1887518
"208","7am",59.01191,6.071526,5.6227438,27.687535,1.6062873
"209","7am",38.67518,11.202837,6.6123095,37.240648,6.269029
"210","7am",46.64822,2.080075,0.9629476,43.51398,6.7947783
"211","7am",48.80517,5.857182,1.9879225,38.302107,5.0476154
"212","7am",55.20583,4.957902,3.0856828,30.130463,6.6201174
"213","7am",49.59623,7.950936,8.0799716,30.53643,3.8364279
"214","7am",50.03221,4.304106,5.7742738,34.923745,4.9656659
"215","7am",56.66198,2.081002,1.9228543,34.89782,4.4363448
"216","7am",49.6497,3.364897,3.6150233,36.971698,6.3986852
"217","7am",51.01374,1.345439,5.0048507,39.457044,3.1789212
"218","7am",48.02342,15.057948,2.5460816,28.707379,5.6651733
"219","7am",41.0225,6.55954,6.6805128,31.944962,13.7924853
"220","7am",53.17379,6.382346,2.89676,30.751455,6.7956517
"221","7am",49.44827,1.862577,4.9706594,36.629272,7.0892203
"222","7am",43.44143,4.06831,8.4776235,38.342211,5.670425
"223","7am",47.98298,9.182809,4.9209397,29.347215,8.5660607
"224","7am",45.54166,10.468357,6.2757656,32.906666,4.8075544
"225","7am",46.17414,4.013622,4.4586607,39.248655,6.1049264
"226","7am",57.16744,3.595113,6.2185608,29.867085,3.1518015
"227","7am",46.20719,6.193055,1.2441825,41.129647,5.2259269
"228","7am",52.19674,3.289679,4.5500322,35.439427,4.5241197
"229","7am",42.12561,2.313881,2.79086,44.073091,8.6965592
"230","7am",48.72922,2.116999,6.4203301,40.142485,2.5909636
"231","7am",46.30886,16.073109,3.1336036,29.679495,4.8049277
"232","7am",54.10415,3.121892,4.9333165,31.105885,6.7347527
"233","7am",44.55265,5.111039,0.7918394,41.497955,8.0465158
"101","8am",59.16582,22.725857,5.7097397,11.106704,1.2918835
"102","8am",64.29416,11.8226534,6.0291108,14.057338,3.7967363
"103","8am",50.33134,8.3143215,4.8529814,31.387443,5.1139098
"104","8am",48.43441,1.6342559,6.7767684,37.527892,5.626673
"105","8am",50.90312,26.2517987,4.3298105,16.989888,1.5253814
"106","8am",45.98082,28.0753401,4.4589929,17.301469,4.1833773
"107","8am",54.77472,7.3931426,4.8305298,30.907964,2.09364
"108","8am",43.75694,16.0334127,7.2792583,28.754503,4.1758849
"109","8am",45.26802,7.5469657,14.9588814,23.850067,8.3760701
"110","8am",38.27634,11.7452088,8.5911733,36.702689,4.6845841
"111","8am",60.98529,28.4901092,3.4328524,6.31874,0.7730058
"112","8am",34.39144,49.6879609,3.9146628,10.970083,1.0358558
"113","8am",26.42428,53.1315623,7.787599,11.762569,0.8939872
"114","8am",43.27891,10.6901142,15.8602848,23.55544,6.6152542
"115","8am",55.91219,16.1698542,6.3257071,17.979443,3.612804
"116","8am",30.98769,7.0718779,22.8224641,20.896741,18.2212246
"117","8am",25.01019,39.0179265,13.9177067,16.967515,5.0866646
"118","8am",62.31048,22.0181416,6.0446274,5.884663,3.7420871
"119","8am",55.35874,5.3849788,11.5795589,24.517295,3.1594302
"120","8am",46.35989,16.8083752,15.1381867,18.050824,3.6427278
"121","8am",56.39836,1.7680153,4.3873844,30.256127,7.1901094
"122","8am",69.82827,10.3598511,0.5661313,16.987462,2.258281
"123","8am",57.55603,3.7907501,4.0352739,29.103732,5.5142114
"124","8am",57.3313,12.2795059,4.3540501,20.049896,5.9852456
"125","8am",58.30632,4.5030997,8.6567203,23.842545,4.6913164
"126","8am",39.75678,4.5413737,6.7107024,38.935531,10.0556143
"127","8am",49.09699,5.2726489,3.7483471,35.189421,6.6925982
"128","8am",58.60687,3.0215383,3.8204211,29.446931,5.1042402
"129","8am",55.19295,10.5051192,4.32022,24.538404,5.4433074
"130","8am",43.97535,7.9618659,3.4768164,39.385872,5.2000938
"131","8am",31.23509,10.8640392,4.8000458,42.284517,10.8163032
"132","8am",63.85325,4.2164249,5.3631675,22.223762,4.3433917
"133","8am",66.59831,4.101993,4.5201782,21.215097,3.5644231
"134","8am",48.73353,4.5731807,9.2574156,34.707017,2.7288528
"201","8am",33.3665,3.7443012,3.9708819,53.555943,5.3623698
"202","8am",45.06142,3.7493356,4.158356,42.69248,4.3384061
"203","8am",56.31708,4.2335213,0.4211948,34.527813,4.500386
"204","8am",53.84034,3.0647194,4.1319574,31.05113,7.9118506
"205","8am",44.67315,0,3.7222988,49.194007,2.4105478
"206","8am",64.67677,2.8287094,3.525687,25.99571,2.973122
"207","8am",60.83702,2.9087694,2.3623959,30.10725,3.784567
"208","8am",57.32341,6.6019905,5.4530855,28.874888,1.7466273
"209","8am",30.86679,12.3025524,8.2661242,41.315463,7.2490723
"210","8am",49.86282,2.0115732,0.9312353,41.574277,5.6200972
"211","8am",49.83687,7.86998,1.8407577,35.778454,4.6739431
"212","8am",47.35703,7.8395045,3.4704384,33.887448,7.4455838
"213","8am",50.11407,7.6096942,8.4234184,30.181046,3.6717745
"214","8am",51.29062,4.3989677,5.901538,33.333771,5.0751086
"215","8am",51.63136,2.3477029,2.1692868,38.846748,5.0049056
"216","8am",48.57253,2.5681355,3.8046517,38.320354,6.7343323
"217","8am",44.04066,1.5735634,4.7624876,45.252922,4.3703626
"218","8am",53.05702,16.2015078,3.3390044,23.003187,4.3992798
"219","8am",42.904,4.2702372,6.0409921,33.137864,13.6469109
"220","8am",54.41375,5.4325372,2.3118559,31.183512,6.6583434
"221","8am",49.40231,1.894116,5.0548289,36.439484,7.209264
"222","8am",47.77674,0,3.0126257,43.796369,5.4142606
"223","8am",46.17643,7.7436805,10.6804833,27.401325,7.9980813
"224","8am",45.77325,8.7167594,6.5805293,33.888447,5.0410188
"225","8am",38.09623,3.8302503,5.1175421,45.948888,7.0070857
"226","8am",61.78909,3.2351279,5.5958851,26.54369,2.8362059
"227","8am",48.03858,4.6666055,1.3095156,41.794465,4.1908294
"228","8am",48.61251,0,5.2062789,41.004578,5.1766291
"229","8am",41.63186,0.8999021,2.9187915,46.701825,7.8476209
"230","8am",48.96141,1.235326,7.4302908,38.973426,3.3995515
"231","8am",50.98988,13.8810454,2.9526991,27.292997,4.8833747
"232","8am",44.55818,4.7938353,4.8014613,37.759845,8.0866815
"233","8am",35.85948,3.7033166,0.9772906,49.952393,9.5075152
"101","9am",63.36152,14.9907835,5.1102069,15.135832,1.4016606
"102","9am",64.77877,8.8124473,4.941395,17.035912,4.4314777
"103","9am",56.53724,6.2246407,5.7761655,26.946328,4.5156305
"104","9am",48.77439,4.6714345,6.6807817,34.326421,5.5469763
"105","9am",48.83834,28.8369312,4.6629468,16.115613,1.5461738
"106","9am",47.18495,25.289207,4.9911974,18.590931,3.9437152
"107","9am",55.70652,7.9860181,4.5986092,29.398253,2.3106045
"108","9am",45.4276,14.6515352,8.3445009,28.576232,3.000127
"109","9am",45.54574,6.5813462,14.8504567,25.639902,7.3825566
"110","9am",39.61727,12.5759945,7.0732724,34.90748,5.8259842
"111","9am",59.51943,29.0548446,3.3921549,7.226366,0.807203
"112","9am",30.11039,55.063365,3.562996,10.169607,1.0936414
"113","9am",24.79518,54.4903459,7.8355611,11.930105,0.9488058
"114","9am",47.77387,11.1666097,13.805993,23.206785,4.0467377
"115","9am",56.23302,14.4304691,5.5722165,20.607883,3.1564147
"116","9am",33.73717,7.4294904,20.663554,21.857245,16.3125399
"117","9am",27.92377,35.9331027,14.0677498,17.133775,4.941599
"118","9am",59.01909,25.1466446,5.2818208,7.322557,3.2298885
"119","9am",51.66723,6.3565502,10.2717104,27.096506,4.6080031
"120","9am",47.89215,13.7705392,16.640123,17.445627,4.2515611
"121","9am",58.28366,0.7412942,4.5510259,28.945383,7.4786377
"122","9am",70.33499,8.122222,1.768923,17.247067,2.5268014
"123","9am",56.83573,3.9933503,3.2146535,30.565224,5.3910379
"124","9am",56.06179,12.6926705,6.0654849,19.323516,5.8565406
"125","9am",57.09116,4.4525357,7.1793179,26.626555,4.6504312
"126","9am",34.85962,2.7543364,13.6622248,38.323135,10.4006809
"127","9am",44.1013,7.0578037,5.1706588,36.733485,6.9367517
"128","9am",59.4509,2.0150947,4.3041507,30.82408,3.4057772
"129","9am",55.56935,9.6902742,5.5841534,23.765184,5.3910397
"130","9am",47.85966,5.5337257,2.8646574,38.082419,5.6595382
"131","9am",27.21289,4.7041199,6.2106729,49.108365,12.7639507
"132","9am",61.87312,3.8477139,5.4308262,22.103624,6.7447212
"133","9am",69.60126,3.9051902,5.0330306,18.975939,2.4845782
"134","9am",51.11933,4.8658439,6.84201,33.28681,3.886004
"201","9am",37.0442,2.7639809,3.8329851,50.814186,5.544651
"202","9am",46.74285,2.2600967,4.5409408,41.71856,4.7375562
"203","9am",52.49849,2.0412602,1.1600644,39.566106,4.7340772
"204","9am",53.2659,2.0346967,4.1314091,32.0973,8.4706984
"205","9am",42.82066,0,3.9265164,50.710021,2.5427984
"206","9am",66.33175,3.0881736,2.6774434,24.656805,3.2458326
"207","9am",61.27128,2.9954865,2.1787637,29.657078,3.8973936
"208","9am",56.4473,7.4200955,4.9732965,29.415927,1.7433777
"209","9am",32.44035,11.3128683,7.8886979,40.878935,7.4791532
"210","9am",51.05243,2.0298735,0.9397072,41.763346,4.2146394
"211","9am",50.10046,8.0209061,1.8760587,35.239002,4.7635774
"212","9am",51.18939,7.6372156,3.380888,30.539051,7.2534595
"213","9am",52.14637,6.2982935,8.3458097,29.571585,3.6379448
"214","9am",50.57401,4.5534047,5.3561658,34.263132,5.2532832
"215","9am",49.67944,2.5148906,2.3237689,40.120582,5.3613215
"216","9am",50.57881,2.631706,3.8988304,36.80143,6.08922
"217","9am",43.8138,1.5235274,4.6110506,44.404406,5.6472126
"218","9am",54.54908,16.330974,3.2662324,22.943337,2.9103813
"219","9am",43.28235,4.1457741,5.8649174,32.720197,13.9867654
"220","9am",55.78247,4.868147,2.4404212,29.880335,7.0286223
"221","9am",50.52578,1.8962501,5.0605242,35.300057,7.2173867
"222","9am",44.94534,0,4.8367265,42.408204,7.809727
"223","9am",47.32616,7.9036762,9.0116695,30.024532,5.733966
"224","9am",45.75682,7.4322125,6.6948197,34.987579,5.128571
"225","9am",38.27691,4.0593021,5.4235749,45.540158,6.70006
"226","9am",64.41488,2.9399836,5.0853662,24.982318,2.5774557
"227","9am",46.6416,6.0160755,1.3206252,41.371606,4.6500982
"228","9am",47.847,0,5.2656828,41.651622,5.2356947
"229","9am",43.62852,0.9379145,3.042083,45.106041,7.2854399
"230","9am",50.56698,1.3538822,6.7404565,39.282706,2.0559709
"231","9am",50.71837,12.7438734,3.3328611,27.53272,5.6721713
"232","9am",47.4442,4.9275619,4.9354006,36.256342,6.436494
"233","9am",33.981,3.9006044,1.029354,51.075027,10.0140116
"101","10am",58.7596,15.5003133,4.9684556,18.887236,1.8843898
"102","10am",61.72196,10.4858347,5.1772253,18.351721,4.2632563
"103","10am",56.13797,6.402775,7.8869564,25.72166,3.8506392
"104","10am",50.02596,8.0506326,5.4687649,31.332096,5.1225481
"105","10am",48.85865,28.1842118,3.9124538,17.33496,1.709727
"106","10am",50.48837,24.5990607,3.2189904,17.891237,3.8023371
"107","10am",53.03573,7.561438,3.8980483,31.431285,4.0734935
"108","10am",44.26168,12.6014751,9.9487904,29.418869,3.7691862
"109","10am",45.22657,5.8543966,14.9256773,25.025678,8.9676799
"110","10am",40.54708,8.5341671,7.7174025,33.512257,9.6890981
"111","10am",59.37611,28.0185081,3.5130945,8.494183,0.5981058
"112","10am",30.33744,55.9884196,3.1206262,9.504509,1.049006
"113","10am",24.14194,55.8268808,7.9192167,11.153022,0.9589357
"114","10am",48.12941,9.234142,11.6855926,24.803658,6.1472003
"115","10am",56.53747,14.16112,5.1919937,20.833987,3.2754341
"116","10am",31.01603,6.2163002,21.4773828,28.38164,12.908649
"117","10am",31.80119,35.9808661,13.2537646,14.410806,4.5533693
"118","10am",60.13533,25.2605329,5.5553677,5.867675,3.1810983
"119","10am",48.23993,5.4321659,13.5086233,29.205695,3.6135899
"120","10am",44.46637,14.77036,17.1052791,18.311458,5.3465371
"121","10am",59.13335,4.5188306,4.4221633,25.485607,6.4400516
"122","10am",69.40978,9.4952945,1.8210708,16.748186,2.5256722
"123","10am",59.52345,4.1763086,3.3619352,27.300279,5.6380322
"124","10am",58.65502,12.7934628,3.4942613,17.354445,7.7028151
"125","10am",58.49901,3.0938599,6.7546533,26.750107,4.9023741
"126","10am",34.96109,2.9440172,11.643691,35.155754,15.2954519
"127","10am",42.53864,6.5485244,5.8981368,37.101994,7.9127075
"128","10am",59.24614,2.1005247,3.890285,29.479417,5.2836341
"129","10am",53.12962,11.2411865,5.0397009,26.186588,4.4029055
"130","10am",45.31589,4.3048559,2.9216187,41.685566,5.7720733
"131","10am",29.54639,4.5999697,6.0731673,48.335136,11.4453333
"132","10am",62.72388,1.5075323,6.0163653,23.677041,6.0751834
"133","10am",71.81337,3.9660198,4.4715313,17.225796,2.5232796
"134","10am",50.29533,4.6704711,8.2790684,32.818447,3.9366805
"201","10am",36.65722,1.869925,4.8990699,50.949016,5.6247725
"202","10am",45.53167,0.8363208,3.8843932,44.826408,4.9212133
"203","10am",54.37296,2.0106377,0.706242,39.013806,3.8963561
"204","10am",55.381,2.017589,4.0966724,30.105261,8.399477
"205","10am",46.32588,0,2.0139953,48.952143,2.7079832
"206","10am",65.76153,3.0376455,2.0765085,25.834429,3.2898865
"207","10am",60.5524,3.2484762,2.7010061,29.881479,3.6166372
"208","10am",56.25657,7.7278241,6.9289398,27.270985,1.8156797
"209","10am",32.86731,10.3866241,8.120955,40.925762,7.6993526
"210","10am",49.93045,2.011574,0.9312357,42.333983,4.7927613
"211","10am",49.83504,8.0739722,1.4142386,35.406881,5.2698721
"212","10am",51.31323,8.1449524,3.6056559,30.221337,6.7148203
"213","10am",52.81503,6.3609567,7.7381732,28.876134,4.2097031
"214","10am",51.23394,4.5421985,5.3429839,35.279275,3.6016031
"215","10am",49.75081,2.5907275,2.3938425,39.74163,5.522993
"216","10am",48.37574,2.7368582,4.0546117,38.500273,6.3325203
"217","10am",42.09024,1.6400894,4.8597244,47.53484,3.8751021
"218","10am",54.03634,16.1887657,2.9900133,23.853527,2.9313518
"219","10am",46.88117,3.9030681,5.8740787,30.868178,12.4735044
"220","10am",55.81169,4.8649302,2.4388086,29.86059,7.0239779
"221","10am",48.4477,1.9428431,4.4755845,36.03613,9.0977421
"222","10am",43.96101,0,7.3466861,44.298193,4.3941154
"223","10am",47.42,7.8811373,6.4738359,31.569056,6.6559729
"224","10am",45.52781,6.8404866,7.0645834,35.155292,5.4118287
"225","10am",39.56896,3.8064798,5.0857826,45.563035,5.9757418
"226","10am",62.67476,3.2021698,5.5388765,25.776886,2.8073118
"227","10am",48.28733,5.4900579,0,41.199522,5.0230861
"228","10am",49.73977,0,5.0020287,40.284658,4.9735421
"229","10am",44.07413,0.9042425,2.584601,44.923229,7.5137984
"230","10am",47.81532,1.4994794,6.4645884,41.943544,2.277071
"231","10am",50.45078,13.3227862,3.2652238,27.829611,5.1316036
"232","10am",46.85687,5.1692098,5.1774329,37.113761,5.6827252
"233","10am",29.98484,2.4217014,1.0771721,53.998991,12.5172928
"101","11am",58.67576,17.467734,7.318918,15.061214,1.4763744
"102","11am",65.28581,9.3659467,6.1933686,15.507878,3.6469966
"103","11am",56.5295,6.1493215,6.923784,27.193494,3.2039038
"104","11am",44.13978,9.6029563,8.7901153,31.664135,5.803016
"105","11am",48.20845,29.1961603,3.7780302,17.26368,1.5536744
"106","11am",50.84231,25.0306988,2.6855621,17.4334,4.0080304
"107","11am",51.02129,8.0238971,4.5478985,34.707883,1.6990296
"108","11am",45.67661,12.7870568,8.1173113,29.594329,3.8246949
"109","11am",45.63015,6.5948143,14.5131474,25.878988,7.3829035
"110","11am",37.42931,9.7382805,8.4470407,34.726166,9.6592057
"111","11am",60.02589,28.1894365,2.9950889,8.110875,0.6787142
"112","11am",30.85988,54.9549214,3.1289291,9.983667,1.0726004
"113","11am",24.18395,56.4825798,8.3941084,10.006214,0.9331464
"114","11am",46.84998,7.3888545,14.5684445,24.477177,6.7155435
"115","11am",53.83018,15.2651227,6.7893012,20.863847,3.2515532
"116","11am",33.17907,8.0981833,18.3590053,24.338291,16.0254546
"117","11am",28.13443,39.0124757,13.5921693,14.549375,4.7115527
"118","11am",60.18776,25.2741092,5.5699128,6.359488,2.6087332
"119","11am",47.84473,5.8058866,16.3437752,28.561318,1.4442945
"120","11am",44.61607,16.2189799,14.9366742,19.162714,5.0655574
"121","11am",57.00543,4.167148,4.078004,26.338502,8.4109142
"122","11am",69.8064,7.3005326,2.4773814,17.554227,2.8614568
"123","11am",57.96867,3.6250101,1.759786,30.796657,5.8498805
"124","11am",57.00943,11.1465351,6.8544072,18.204802,6.7848244
"125","11am",59.66177,3.0040713,8.6283274,23.315236,5.3905945
"126","11am",34.81657,0.8119398,11.9099845,40.282703,12.1788046
"127","11am",46.69734,5.9395282,4.0195613,35.989916,7.3536522
"128","11am",61.89241,2.1152605,3.9175766,28.499677,3.5750708
"129","11am",53.81519,10.4419599,3.8158377,27.108803,4.8182105
"130","11am",45.00996,5.2887377,3.397093,41.969272,4.334936
"131","11am",31.07855,4.2749342,7.0299394,46.979972,10.636602
"132","11am",62.47094,2.1078314,5.5491886,22.980319,6.8917193
"133","11am",72.6584,3.5335832,4.3965707,16.873027,2.5384225
"134","11am",51.47694,4.3476889,7.5487153,33.154465,3.4721904
"201","11am",36.18612,1.1660455,4.1180596,52.968657,5.561122
"202","11am",45.72185,0.8071903,3.2168881,44.549712,5.7043577
"203","11am",54.43527,2.0140101,0.7074266,38.940403,3.9028915
"204","11am",55.34412,1.9591687,3.9780511,30.562397,8.1562658
"205","11am",46.80553,0,2.1785923,49.58172,1.4341553
"206","11am",65.78754,4.508242,2.0465348,25.051797,2.6058871
"207","11am",59.8257,2.9531139,2.4554216,30.835805,3.9299607
"208","11am",53.23299,7.5907963,6.2430157,30.897251,2.0359472
"209","11am",33.41744,10.2111059,7.4278381,41.374373,7.5692452
"210","11am",51.3282,2.0500762,0.9490599,41.416079,4.2565864
"211","11am",49.66661,8.3616297,1.4646247,35.541207,4.9659315
"212","11am",51.0481,7.7125519,3.4142383,30.500104,7.3250103
"213","11am",52.30131,6.4349195,7.8281498,29.718756,3.7168611
"214","11am",48.3021,4.4527439,5.9736828,36.134322,5.1371504
"215","11am",49.4982,2.5640837,2.3692235,40.102303,5.4661928
"216","11am",49.15182,2.6632374,3.9455436,38.077218,6.1621771
"217","11am",44.80811,1.6208233,6.0292412,43.712241,3.8295813
"218","11am",54.19329,16.6142148,2.1563456,24.027758,3.0083892
"219","11am",44.2134,4.0868603,6.4909691,29.413798,15.7949759
"220","11am",55.98654,4.5974285,2.8294558,29.948819,6.6377594
"221","11am",47.67718,2.0127031,4.6365159,36.248724,9.4248751
"222","11am",44.87563,0,7.4128827,41.905711,5.8057761
"223","11am",46.62401,8.179683,6.7190715,31.569129,6.9081082
"224","11am",47.25202,6.9604743,7.1885019,33.09225,5.5067566
"225","11am",41.31881,3.924448,4.1826195,44.413188,6.1609386
"226","11am",61.86365,3.2970729,5.703033,26.245731,2.8905125
"227","11am",43.47742,5.4314517,0,46.398756,4.6923748
"228","11am",50.46907,0,5.0166263,39.526248,4.9880566
"229","11am",44.93458,0.9181082,2.9778422,44.355631,6.81384
"230","11am",43.43189,1.4867507,7.9503257,43.847135,3.2839031
"231","11am",52.80783,13.6520648,3.1546221,26.001063,4.3844216
"232","11am",42.63804,3.8560429,6.1467159,38.940821,8.4183784
"233","11am",34.99145,2.3434092,1.0423477,50.296767,11.3260284
"101","12am",59.37305,23.4446803,4.6811863,11.299686,1.2013978
"102","12am",59.6053,16.1198613,5.5490349,14.612415,4.1133855
"103","12am",49.72891,11.1261984,6.6829445,28.54983,3.9121144
"104","12am",43.83303,8.2870258,10.0219665,32.924266,4.933715
"105","12am",49.8746,23.4411883,4.9521401,19.98745,1.7446265
"106","12am",44.08413,23.918462,4.202391,20.445465,7.3495499
"107","12am",52.68061,9.6304164,4.5496391,31.841676,1.2976563
"108","12am",49.76762,15.5172764,8.0123575,24.288886,2.4138612
"109","12am",45.70598,7.316781,13.353543,25.503095,8.1205974
"110","12am",36.39784,13.6741,8.1244575,37.150701,4.6529034
"111","12am",59.44533,29.3672502,3.2908911,7.297414,0.5991173
"112","12am",34.74032,49.0576189,4.0368284,10.865502,1.2997282
"113","12am",29.63789,50.228559,7.0846821,11.793929,1.2549355
"114","12am",39.72279,9.6552935,16.3063317,23.9749,10.3406831
"115","12am",56.17857,11.6297859,9.3078986,19.677298,3.2064421
"116","12am",35.78419,8.3400279,18.2137576,21.862865,15.7991625
"117","12am",28.21959,33.9588206,15.1225141,18.177313,4.5217621
"118","12am",61.54193,24.7842718,5.1765579,5.638408,2.8588336
"119","12am",57.25464,10.1752144,9.0833929,19.983053,3.503704
"120","12am",41.19934,20.1743574,15.6043347,18.704704,4.3172655
"121","12am",57.60401,4.1685372,4.0793635,27.462772,6.6853201
"122","12am",71.80916,6.6772891,2.4633652,16.129544,2.9206396
"123","12am",58.08651,3.0567816,3.8349195,29.884875,5.1369158
"124","12am",60.62218,8.3382177,6.3148125,18.218111,6.5066832
"125","12am",55.08105,6.7743863,8.555228,24.990934,4.5983978
"126","12am",36.59133,1.4097634,11.5249648,37.33428,13.1396658
"127","12am",58.78845,5.612031,2.9884451,27.143817,5.4672597
"128","12am",60.29845,1.1010666,3.834019,31.124513,3.6419556
"129","12am",50.54942,13.7495334,3.5475553,26.458769,5.6947182
"130","12am",42.09561,4.9358127,4.0485178,43.514332,5.4057318
"131","12am",36.97968,5.1701569,5.8583785,43.127808,8.8639798
"132","12am",62.54997,2.089908,6.0827715,22.900552,6.3767966
"133","12am",70.75882,3.9101196,3.8609088,18.94596,2.5241932
"134","12am",55.07453,5.9630609,7.7742794,28.135078,3.053055
"201","12am",36.81432,1.1612001,4.1009477,52.385519,5.5380137
"202","12am",46.06356,0.7456296,4.2054638,43.716033,5.2693127
"203","12am",55.9489,3.1480205,0.6950759,36.373249,3.8347523
"204","12am",55.9968,1.9452248,3.9497383,30.01002,8.0982156
"205","12am",50.4046,0,4.0427776,44.212096,1.3405225
"206","12am",61.89902,6.3026062,1.9987049,27.254684,2.5449845
"207","12am",58.86036,4.2828539,2.506184,30.623293,3.727312
"208","12am",52.47335,10.0444492,6.4068403,29.481884,1.5934753
"209","12am",34.65435,9.5770903,6.7898998,42.402951,6.5757041
"210","12am",45.24999,9.0330847,0.8699111,39.613527,5.2334867
"211","12am",49.1905,7.9775773,1.4926491,36.278326,5.0609503
"212","12am",52.32756,7.2628066,3.2151424,30.296624,6.8978639
"213","12am",52.20234,5.8667517,8.0523743,30.055212,3.8233245
"214","12am",49.86203,3.6498527,5.7096637,35.868354,4.9101036
"215","12am",51.60744,4.9971704,2.0194027,36.716889,4.6590981
"216","12am",49.1115,2.6262813,3.8907937,38.294755,6.0766683
"217","12am",50.06965,0,5.4986702,38.952508,5.4791672
"218","12am",56.79309,12.6142105,2.3028093,25.077162,3.2127256
"219","12am",39.65955,10.3977921,6.5201359,29.645501,13.7770184
"220","12am",53.70214,5.5182447,2.8830079,31.133215,6.76339
"221","12am",44.94369,2.0707598,5.5262383,37.76258,9.6967368
"222","12am",48.55718,0,7.4890144,37.893485,6.0603211
"223","12am",43.7151,8.8461203,6.0732879,33.894547,7.4709443
"224","12am",49.92011,7.0216818,6.3824138,31.786539,4.8892522
"225","12am",44.4127,2.6925296,3.869128,43.326473,5.6991702
"226","12am",56.50646,4.6014293,6.1988674,29.551419,3.1418202
"227","12am",45.22795,6.2970193,0,44.990077,3.4849556
"228","12am",48.42706,1.7904011,4.9713363,39.868181,4.9430246
"229","12am",44.66965,1.5849346,2.7869294,42.999867,7.9586239
"230","12am",45.41151,1.3463895,8.9477107,41.32051,2.9738763
"231","12am",49.61788,14.5677356,3.0560872,28.517408,4.2408853
"232","12am",44.76963,5.2312129,4.9130805,37.199575,7.8865054
"233","12am",38.27497,3.189032,0,48.260637,10.2753619
"101","1pm",56.6177,25.2743916,4.241873,12.624519,1.241512
"102","1pm",61.08344,10.5867943,8.1213407,15.974513,4.2339078
"103","1pm",53.93619,7.805421,4.8280533,29.108292,4.3220437
"104","1pm",46.76503,9.2579541,7.992153,31.467376,4.5174841
"105","1pm",50.39535,20.5464446,5.0098731,21.724991,2.3233377
"106","1pm",48.96802,23.4106081,4.0357368,18.840662,4.7449763
"107","1pm",56.20913,8.7682861,4.2145223,28.88982,1.9182375
"108","1pm",50.79849,12.9568132,4.8838437,29.457875,1.9029817
"109","1pm",46.77375,6.1876238,13.0150318,24.966543,9.0570513
"110","1pm",37.18474,8.7047519,6.8556394,42.490479,4.7643944
"111","1pm",58.39537,29.7600037,3.24804,7.973924,0.6226593
"112","1pm",32.29336,51.9751444,3.107025,11.35228,1.272194
"113","1pm",27.18508,51.5001148,8.1469795,11.879381,1.2884402
"114","1pm",42.25394,6.8978048,15.4486982,26.341095,9.0584635
"115","1pm",59.7785,5.468363,8.7636691,21.890227,4.0992387
"116","1pm",38.82533,8.1068728,17.7737495,20.309957,14.9840954
"117","1pm",28.9905,33.6921288,13.9844703,17.937662,5.39524
"118","1pm",59.8679,25.217501,6.1497486,5.543601,3.2212524
"119","1pm",53.94278,7.479641,13.4344172,20.545898,4.5972647
"120","1pm",47.99423,16.7578606,12.7921797,17.06119,5.3945403
"121","1pm",48.05394,5.0398551,4.932042,32.281572,9.692592
"122","1pm",68.89156,6.8891601,2.863346,18.706029,2.6499038
"123","1pm",53.49168,4.7969864,4.1269107,32.61274,4.9716803
"124","1pm",60.05111,9.2343792,7.0148551,16.787223,6.912436
"125","1pm",60.97629,4.8347423,8.1576005,23.522599,2.5087712
"126","1pm",36.20043,1.3863114,16.096636,35.313067,11.0035534
"127","1pm",56.88921,8.2205001,2.3573244,26.603041,5.9299205
"128","1pm",58.74452,1.0645402,4.0731254,31.998053,4.1197614
"129","1pm",51.69429,11.722974,3.8396931,27.308956,5.4340899
"130","1pm",43.07864,5.284414,4.0476389,42.18475,5.4045583
"131","1pm",32.77825,5.6451076,6.3965519,46.519744,8.6603431
"132","1pm",58.94464,3.6407351,6.1530546,25.622024,5.6395495
"133","1pm",71.53277,4.5214622,4.0866777,17.499591,2.3595013
"134","1pm",52.33642,4.8955178,9.1192482,30.353229,3.2955857
"201","1pm",38.31648,1.1383354,4.0201977,52.184077,4.3409124
"202","1pm",41.12829,0.8537988,4.8155542,47.168623,6.0337366
"203","1pm",50.89674,3.4763122,0.767562,41.672732,3.1866576
"204","1pm",58.14424,2.7548005,3.7141143,28.536115,6.8507345
"205","1pm",51.03699,0,3.8038757,43.897832,1.2613063
"206","1pm",62.78814,4.030891,3.258822,27.253657,2.6684919
"207","1pm",57.40976,4.5492465,2.8189795,31.666058,3.5559576
"208","1pm",56.51205,6.7376264,5.1299886,30.380769,1.2395681
"209","1pm",34.68957,9.3797043,7.3947116,41.998855,6.5371645
"210","1pm",43.77381,9.2941905,0.8950563,40.652184,5.3847632
"211","1pm",48.1685,6.7940361,1.5494981,38.234264,5.2537018
"212","1pm",46.89167,8.2758623,3.6636079,33.308841,7.8600153
"213","1pm",53.16848,5.8576216,8.0398429,29.116678,3.8173745
"214","1pm",52.92288,4.5640495,4.9088225,32.789715,4.8145326
"215","1pm",53.58233,5.0178177,1.9566182,34.928991,4.5142437
"216","1pm",51.0679,1.3442464,4.7175147,37.203244,5.6670933
"217","1pm",43.70604,0,6.4691094,43.37869,6.4461644
"218","1pm",54.2463,16.2178514,2.1689944,23.614619,3.7522356
"219","1pm",45.60609,3.7873946,6.5304423,31.386986,12.6890892
"220","1pm",53.25138,5.5513961,1.4069492,32.98625,6.8040217
"221","1pm",45.76068,2.0506164,5.4724815,37.113806,9.6024114
"222","1pm",49.20041,0,6.6956727,37.946361,6.1575564
"223","1pm",47.09667,10.4717653,7.7177178,27.95248,6.7613618
"224","1pm",48.87169,6.9781997,6.4181762,33.018959,4.7129801
"225","1pm",44.84726,3.6551791,3.8956366,41.863703,5.738217
"226","1pm",56.84533,3.5826738,6.2658377,30.13039,3.1757632
"227","1pm",45.18503,5.4484548,0,44.38149,4.9850216
"228","1pm",49.08061,1.7746904,4.9277132,39.086263,5.1307223
"229","1pm",44.61886,1.5771053,2.7731625,41.758403,9.2724657
