"district","hour","resarea1","resarea2","resarea3"
"101","4am",0,1.3231127,98.6768873
"102","4am",3.2069129,0,96.7930871
"103","4am",0,0,100
"104","4am",0,0,100
"105","4am",0.3583374,0.8212091,98.8204536
"106","4am",5.1268271,2.9906694,91.8825035
"107","4am",0.5081245,0.6370566,98.8548189
"108","4am",0,0,100
"109","4am",0,0.4828655,99.5171345
"110","4am",1.3090948,0,98.6909052
"111","4am",3.8593792,1.7780938,94.362527
"112","4am",1.6785339,5.2278409,93.0936252
"113","4am",8.2111264,0.2182023,91.5706713
"114","4am",0,0,100
"115","4am",0,1.9439,98.0561
"116","4am",0,2.3698091,97.6301909
"117","4am",0,1.0302312,98.9697688
"118","4am",1.1549268,96.827845,2.0172282
"119","4am",1.865602,98.134398,0
"120","4am",0,99.080193,0.919807
"121","4am",0,100,0
"122","4am",3.9014236,93.8480366,2.2505398
"123","4am",6.0227656,91.642372,2.3348624
"124","4am",0,100,0
"125","4am",0,100,0
"126","4am",0,100,0
"127","4am",100,0,0
"128","4am",0.3658542,99.0945721,0.5395737
"129","4am",0,100,0
"130","4am",100,0,0
"131","4am",100,0,0
"132","4am",99.534107,0,0.465893
"133","4am",0.8756667,97.4361778,1.6881555
"134","4am",1.6364187,98.3635813,0
"201","4am",99.6623665,0,0.3376335
"202","4am",100,0,0
"203","4am",100,0,0
"204","4am",98.5996523,1.4003477,0
"205","4am",100,0,0
"206","4am",99.4503871,0.5496129,0
"207","4am",98.099524,1.3295906,0.5708854
"208","4am",98.7612867,0.7859816,0.4527316
"209","4am",100,0,0
"210","4am",0.3551003,99.6448997,0
"211","4am",0.4692697,99.5307303,0
"212","4am",0,100,0
"213","4am",0,100,0
"214","4am",100,0,0
"215","4am",100,0,0
"216","4am",98.1640413,0,1.8359587
"217","4am",99.4487392,0,0.5512608
"218","4am",0.9632062,99.0367938,0
"219","4am",0.4338309,99.5661691,0
"220","4am",100,0,0
"221","4am",100,0,0
"222","4am",99.7490739,0.2509261,0
"223","4am",1.6716707,98.3283293,0
"224","4am",98.5238794,0.355915,1.1202056
"225","4am",99.7026457,0.2973543,0
"226","4am",5.2585965,94.7414035,0
"227","4am",100,0,0
"228","4am",99.0471592,0.2853881,0.6674526
"229","4am",100,0,0
"230","4am",100,0,0
"231","4am",1.4836494,98.5163506,0
"232","4am",100,0,0
"233","4am",100,0,0
"101","5am",1.5530083,3.520822,94.9261697
"102","5am",3.2069129,0,96.7930871
"103","5am",2.7981152,0,97.2018848
"104","5am",0,0,100
"105","5am",0.3578589,0.8201124,98.8220287
"106","5am",6.2203153,2.9738835,90.8058012
"107","5am",0.5122056,1.2352462,98.2525483
"108","5am",0,0,100
"109","5am",0,1.4457918,98.5542082
"110","5am",1.3155856,0,98.6844144
"111","5am",6.0627539,3.8962625,90.0409836
"112","5am",2.7256087,5.172167,92.1022243
"113","5am",8.1330389,1.1671239,90.6998372
"114","5am",0,1.6939946,98.3060054
"115","5am",0,2.4586402,97.5413598
"116","5am",0,2.4453228,97.5546772
"117","5am",1.8528866,1.0153057,97.1318076
"118","5am",3.0182599,95.0917048,1.8900353
"119","5am",6.7733465,93.2266535,0
"120","5am",0,99.050966,0.949034
"121","5am",6.4630446,93.5369554,0
"122","5am",8.7108159,88.5786166,2.7105675
"123","5am",9.4668044,86.7237379,3.8094577
"124","5am",0.4865121,99.5134879,0
"125","5am",0,100,0
"126","5am",0,100,0
"127","5am",100,0,0
"128","5am",4.4671126,93.7085088,1.8243785
"129","5am",0,99.2962151,0.7037849
"130","5am",100,0,0
"131","5am",100,0,0
"132","5am",98.8256607,0.4008156,0.7735237
"133","5am",2.0463578,96.1777663,1.7758759
"134","5am",2.2394405,97.7605595,0
"201","5am",99.6508473,0,0.3491527
"202","5am",100,0,0
"203","5am",100,0,0
"204","5am",98.5595943,1.4404057,0
"205","5am",100,0,0
"206","5am",99.4468074,0.5531926,0
"207","5am",97.8792022,1.3420108,0.7787869
"208","5am",98.7053184,0.8214944,0.4731873
"209","5am",100,0,0
"210","5am",0.6793214,99.3206786,0
"211","5am",0.4651496,99.5348504,0
"212","5am",0,100,0
"213","5am",0,100,0
"214","5am",100,0,0
"215","5am",100,0,0
"216","5am",98.1178784,0,1.8821216
"217","5am",99.0750255,0.3644043,0.5605702
"218","5am",2.6185093,97.3814907,0
"219","5am",0.8616455,99.1383545,0
"220","5am",100,0,0
"221","5am",100,0,0
"222","5am",100,0,0
"223","5am",1.6716707,98.3283293,0
"224","5am",98.4927674,0.3634166,1.143816
"225","5am",99.6946474,0.3053526,0
"226","5am",10.0389624,89.9610376,0
"227","5am",100,0,0
"228","5am",99.0320374,0.2899173,0.6780453
"229","5am",100,0,0
"230","5am",100,0,0
"231","5am",1.8761919,97.8007081,0.3230999
"232","5am",99.6132634,0,0.3867366
"233","5am",100,0,0
"101","6am",3.3731528,4.8105774,91.8162698
"102","6am",4.0614149,0.9471489,94.9914361
"103","6am",2.2539876,0,97.7460124
"104","6am",0.5287698,0,99.4712302
"105","6am",3.0643853,1.0705549,95.8650598
"106","6am",8.7621185,2.9016174,88.3362641
"107","6am",0.8338445,1.84455,97.3216055
"108","6am",2.0348601,0,97.9651399
"109","6am",0,2.4172792,97.5827208
"110","6am",2.4989183,2.1377095,95.3633722
"111","6am",11.33115,5.6306562,83.0381937
"112","6am",2.7062533,5.1354378,92.1583089
"113","6am",9.0421989,1.185564,89.7722371
"114","6am",0,1.7539888,98.2460112
"115","6am",1.7726976,2.4379187,95.7893837
"116","6am",0,2.4392352,97.5607648
"117","6am",2.2587861,1.0499289,96.691285
"118","6am",5.276082,93.2461653,1.4777527
"119","6am",6.7482148,91.7268842,1.524901
"120","6am",1.0531139,97.9887562,0.9581298
"121","6am",6.4103761,92.0364571,1.5531668
"122","6am",10.5898263,85.5569406,3.853233
"123","6am",10.1703782,87.6316312,2.1979906
"124","6am",0.9165718,99.0834282,0
"125","6am",0.662122,99.337878,0
"126","6am",0,100,0
"127","6am",100,0,0
"128","6am",4.5184619,92.8200092,2.6615289
"129","6am",0,100,0
"130","6am",100,0,0
"131","6am",99.2684997,0,0.7315003
"132","6am",97.5533915,1.0274057,1.4192028
"133","6am",8.1812429,90.0963288,1.7224283
"134","6am",2.9688251,97.0311749,0
"201","6am",99.3106512,0,0.6893488
"202","6am",96.3977655,3.6022345,0
"203","6am",99.123967,0.876033,0
"204","6am",98.1499195,1.4763684,0.3737121
"205","6am",100,0,0
"206","6am",99.0553953,0.9446047,0
"207","6am",97.0540772,1.9741673,0.9717555
"208","6am",98.5042787,0,1.4957213
"209","6am",100,0,0
"210","6am",1.554357,97.8703725,0.5752705
"211","6am",0.4793246,99.5206754,0
"212","6am",0,100,0
"213","6am",0.8544244,99.1455756,0
"214","6am",99.5651249,0.4348751,0
"215","6am",100,0,0
"216","6am",98.0418484,0,1.9581516
"217","6am",99.0496842,0.3743878,0.575928
"218","6am",5.3107208,94.6892792,0
"219","6am",3.5185494,96.4814506,0
"220","6am",100,0,0
"221","6am",100,0,0
"222","6am",100,0,0
"223","6am",4.9561252,94.3411022,0.7027726
"224","6am",98.1617795,0.3768181,1.4614024
"225","6am",99.2800976,0.7199024,0
"226","6am",11.0405578,88.9594422,0
"227","6am",99.2597095,0.7402905,0
"228","6am",98.9670298,0.3093879,0.7235823
"229","6am",98.0848183,1.9151817,0
"230","6am",100,0,0
"231","6am",8.0644365,91.3880194,0.5475441
"232","6am",99.5956776,0,0.4043224
"233","6am",99.487015,0,0.512985
"101","7am",27.102329,6.9093491,65.9883217
"102","7am",25.494338,6.7718432,67.7338187
"103","7am",7.050658,1.8140753,91.1352663
"104","7am",6.149402,2.4702988,91.3802988
"105","7am",23.016988,6.9839245,69.9990877
"106","7am",16.571714,9.2570549,74.1712306
"107","7am",8.9321,5.5456149,85.5222848
"108","7am",5.728868,4.6768248,89.5943068
"109","7am",14.678327,4.0697614,81.2519116
"110","7am",9.416752,2.1472886,88.4359589
"111","7am",29.872334,11.4164233,58.711243
"112","7am",24.307056,16.7077913,58.9851528
"113","7am",32.132115,8.1530052,59.7148795
"114","7am",0,8.175996,91.824004
"115","7am",8.310054,5.9640186,85.7259274
"116","7am",1.160889,4.4498324,94.3892782
"117","7am",15.853785,7.8513119,76.2949035
"118","7am",18.736871,74.6430677,6.6200613
"119","7am",8.202042,90.0614647,1.7364937
"120","7am",1.794674,91.0760024,7.1293238
"121","7am",19.219409,79.1183532,1.6622379
"122","7am",20.191226,74.0487564,5.7600179
"123","7am",21.72732,73.1937809,5.0788991
"124","7am",9.070068,89.8171626,1.1127696
"125","7am",12.349777,81.5134301,6.1367928
"126","7am",2.417744,91.9224035,5.6598523
"127","7am",99.291432,0,0.7085679
"128","7am",16.286976,77.7174922,5.9955313
"129","7am",7.481259,88.7710113,3.7477294
"130","7am",100,0,0
"131","7am",99.088159,0,0.911841
"132","7am",96.057297,1.6140404,2.3286631
"133","7am",17.468753,79.8017531,2.7294941
"134","7am",3.983299,94.3808461,1.6358544
"201","7am",98.654452,0.3450005,1.0005473
"202","7am",95.405384,3.8429121,0.7517044
"203","7am",98.827613,1.1723865,0
"204","7am",94.753074,3.7499477,1.4969787
"205","7am",100,0,0
"206","7am",93.523226,3.6733362,2.8034377
"207","7am",94.464459,3.8700356,1.6655058
"208","7am",93.502826,4.6398519,1.8573226
"209","7am",99.064047,0.49051,0.4454431
"210","7am",5.643588,93.7020162,0.6543956
"211","7am",5.541573,94.4584266,0
"212","7am",8.925434,91.0745656,0
"213","7am",3.306922,96.6930785,0
"214","7am",98.065364,1.9346364,0
"215","7am",100,0,0
"216","7am",96.998872,0,3.0011283
"217","7am",97.239723,2.0580859,0.7021906
"218","7am",23.587091,76.2197977,0.1931115
"219","7am",11.042311,88.9576891,0
"220","7am",97.982191,2.0178087,0
"221","7am",97.871172,0.7649562,1.3638719
"222","7am",100,0,0
"223","7am",15.462748,83.8796955,0.6575568
"224","7am",96.699408,1.6091176,1.6914747
"225","7am",97.515692,2.484308,0
"226","7am",22.832617,76.2129641,0.9544192
"227","7am",100,0,0
"228","7am",97.695011,0.8115644,1.4934243
"229","7am",97.906402,2.0935977,0
"230","7am",99.544537,0,0.4554628
"231","7am",25.745709,73.2328819,1.0214095
"232","7am",98.740901,0.7593484,0.4997506
"233","7am",98.477077,0.913029,0.6098939
"101","8am",37.350419,9.606627,53.0429547
"102","8am",24.714092,19.169851,56.1160567
"103","8am",11.110382,6.537275,82.352343
"104","8am",20.904583,5.604128,73.4912892
"105","8am",34.359222,14.798614,50.8421641
"106","8am",25.441558,13.35236,61.2060815
"107","8am",16.444148,12.785079,70.7707738
"108","8am",8.864289,9.338044,81.7976667
"109","8am",16.894355,3.740227,79.3654186
"110","8am",12.940568,4.248959,82.8104736
"111","8am",39.717305,14.862956,45.4197392
"112","8am",35.393074,16.606385,48.0005413
"113","8am",41.645933,9.71339,48.6406774
"114","8am",6.574175,11.946926,81.4788995
"115","8am",21.017138,12.516747,66.4661144
"116","8am",7.074446,5.035739,87.889815
"117","8am",15.384132,19.053327,65.5625409
"118","8am",42.338873,45.009004,12.6521237
"119","8am",14.950044,76.102968,8.9469879
"120","8am",9.302228,82.854718,7.8430541
"121","8am",33.844534,63.363159,2.7923068
"122","8am",31.601329,58.211364,10.1873069
"123","8am",27.323898,65.67718,6.9989218
"124","8am",18.613795,76.65576,4.7304448
"125","8am",20.677165,70.223282,9.0995531
"126","8am",2.331698,89.367076,8.3012267
"127","8am",96.469431,1.586176,1.9443933
"128","8am",18.60331,68.169397,13.227294
"129","8am",16.810347,72.139667,11.0499857
"130","8am",97.736677,0,2.2633234
"131","8am",95.85035,2.928663,1.2209869
"132","8am",92.546397,4.483489,2.9701136
"133","8am",31.699544,62.277558,6.0228976
"134","8am",9.985506,86.951756,3.0627385
"201","8am",96.968886,1.416763,1.6143508
"202","8am",91.239967,5.588265,3.1717686
"203","8am",94.971407,4.719812,0.3087811
"204","8am",91.199551,4.994621,3.8058277
"205","8am",99.020496,0,0.9795039
"206","8am",87.872505,7.712475,4.4150197
"207","8am",89.343924,7.369241,3.2868359
"208","8am",86.682377,9.125757,4.1918663
"209","8am",95.894668,2.055413,2.0499193
"210","8am",10.935435,87.798991,1.2655739
"211","8am",10.756502,88.779839,0.4636587
"212","8am",9.45661,90.54339,0
"213","8am",5.586701,93.728847,0.6844525
"214","8am",93.718461,5.755586,0.525953
"215","8am",97.703347,2.296653,0
"216","8am",95.713012,1.100637,3.1863514
"217","8am",90.434776,8.745819,0.8194048
"218","8am",31.921131,67.91625,0.1626195
"219","8am",20.838499,78.809234,0.3522671
"220","8am",96.63422,3.36578,0
"221","8am",96.670395,1.866065,1.4635403
"222","8am",98.329741,1.36751,0.3027488
"223","8am",30.923184,66.895182,2.1816339
"224","8am",95.827977,1.636648,2.5353749
"225","8am",96.98182,2.8406,0.1775794
"226","8am",32.34109,66.57917,1.0797406
"227","8am",100,0,0
"228","8am",95.117045,2.083762,2.7991934
"229","8am",96.947304,3.052696,0
"230","8am",99.552141,0,0.4478594
"231","8am",33.775451,64.210646,2.0139023
"232","8am",97.726653,1.263487,1.0098598
"233","8am",97.285944,1.125542,1.5885138
"101","9am",41.905639,9.594817,48.4995435
"102","9am",28.692821,19.553967,51.753212
"103","9am",20.140697,7.718923,72.1403794
"104","9am",28.947959,5.536355,65.5156859
"105","9am",35.433352,16.038428,48.5282197
"106","9am",27.448966,14.047019,58.5040156
"107","9am",18.770301,12.968842,68.2608571
"108","9am",12.357084,11.947018,75.6958984
"109","9am",20.04198,6.220839,73.7371812
"110","9am",15.409186,3.790689,80.8001243
"111","9am",41.125589,15.971783,42.9026279
"112","9am",38.381749,15.537,46.0812511
"113","9am",44.750025,10.639377,44.6105982
"114","9am",6.92679,12.587715,80.4854955
"115","9am",20.758585,11.600463,67.6409523
"116","9am",8.328992,5.905384,85.7656241
"117","9am",16.098454,23.771689,60.129857
"118","9am",42.881582,43.359048,13.7593697
"119","9am",13.911067,74.428465,11.660468
"120","9am",9.783725,77.995052,12.2212238
"121","9am",36.984976,55.379704,7.6353203
"122","9am",36.890796,50.936272,12.1729317
"123","9am",27.104533,63.851592,9.0438751
"124","9am",17.639737,76.202536,6.1577268
"125","9am",22.801521,68.129128,9.0693515
"126","9am",3.783121,82.664833,13.5520459
"127","9am",89.068833,1.617955,9.3132116
"128","9am",20.723068,66.730846,12.5460859
"129","9am",17.257458,69.245057,13.497485
"130","9am",95.245894,1.337448,3.4166577
"131","9am",94.717412,3.728247,1.554341
"132","9am",88.891775,7.465134,3.6430914
"133","9am",33.437534,57.28711,9.2753554
"134","9am",10.187033,86.554227,3.2587401
"201","9am",93.580327,3.478473,2.9411999
"202","9am",88.154763,8.378243,3.4669947
"203","9am",92.150164,6.816164,1.0336725
"204","9am",90.734775,4.950604,4.314621
"205","9am",98.969747,0,1.0302526
"206","9am",86.763629,7.603449,5.6329217
"207","9am",88.23797,7.154081,4.607949
"208","9am",87.436547,7.557782,5.0056701
"209","9am",96.238721,2.120125,1.6411543
"210","9am",13.149575,85.195847,1.6545785
"211","9am",11.696527,87.29023,1.013243
"212","9am",9.244641,90.755359,0
"213","9am",6.478778,92.848417,0.6728049
"214","9am",93.68909,5.766716,0.5441945
"215","9am",96.794932,3.205068,0
"216","9am",94.844033,1.118403,4.0375641
"217","9am",88.483677,10.064751,1.4515719
"218","9am",33.384209,66.327675,0.2881161
"219","9am",23.923544,75.33236,0.7440951
"220","9am",96.142405,3.566278,0.2913171
"221","9am",95.917113,1.868034,2.2148528
"222","9am",95.764305,3.924134,0.3115608
"223","9am",31.693546,65.230739,3.0757149
"224","9am",95.806215,2.095238,2.0985464
"225","9am",96.433264,3.00517,0.5615665
"226","9am",38.22767,60.465058,1.3072721
"227","9am",100,0,0
"228","9am",94.946114,2.285788,2.768098
"229","9am",96.821565,3.178435,0
"230","9am",99.509999,0,0.4900015
"231","9am",37.854465,59.568605,2.5769305
"232","9am",97.406745,1.298732,1.2945225
"233","9am",95.076499,2.890472,2.0330294
"101","10am",41.523531,10.831429,47.6450397
"102","10am",28.776984,18.630418,52.5925981
"103","10am",17.174159,9.555878,73.2699632
"104","10am",33.569609,7.36239,59.0680003
"105","10am",36.886204,15.633919,47.4798768
"106","10am",31.939957,15.026667,53.0333754
"107","10am",21.420474,12.790933,65.7885921
"108","10am",8.505397,12.111136,79.3834663
"109","10am",18.180975,7.42999,74.3890347
"110","10am",18.284239,4.784141,76.9316199
"111","10am",41.287434,15.905596,42.8069704
"112","10am",36.995687,17.603314,45.4009988
"113","10am",44.93622,11.660272,43.403508
"114","10am",9.337084,12.538995,78.1239202
"115","10am",21.673643,10.532124,67.7942331
"116","10am",9.56383,7.520308,82.9158621
"117","10am",17.071518,23.024262,59.9042203
"118","10am",44.486638,41.174812,14.3385498
"119","10am",17.89559,69.835724,12.2686864
"120","10am",11.309501,77.603747,11.0867517
"121","10am",35.917404,62.240766,1.8418299
"122","10am",37.941027,50.026784,12.0321895
"123","10am",26.452334,65.528049,8.0196163
"124","10am",21.559711,70.47918,7.9611083
"125","10am",21.47614,69.954813,8.5690465
"126","10am",4.026269,88.656349,7.3173816
"127","10am",87.773898,3.475668,8.7504343
"128","10am",25.5604,61.506025,12.9335757
"129","10am",20.871802,64.4478,14.6803977
"130","10am",93.837124,2.679961,3.4829144
"131","10am",94.82624,3.651441,1.5223196
"132","10am",88.705878,7.222883,4.0712393
"133","10am",33.849495,56.253163,9.8973415
"134","10am",14.099539,83.094797,2.8056648
"201","10am",94.546885,3.763959,1.6891559
"202","10am",87.134898,9.255143,3.6099593
"203","10am",86.014954,12.966711,1.0183352
"204","10am",89.897539,6.189262,3.9131989
"205","10am",98.89101,0,1.1089904
"206","10am",84.238502,10.218935,5.5425632
"207","10am",86.860805,8.403436,4.7357589
"208","10am",86.392577,8.396465,5.2109589
"209","10am",95.951159,2.182028,1.8668129
"210","10am",15.340201,83.024422,1.6353773
"211","10am",13.242721,85.995498,0.7617807
"212","10am",8.778366,91.221634,0
"213","10am",6.554409,93.445591,0
"214","10am",92.432064,6.682242,0.8856937
"215","10am",94.166843,5.219512,0.6136454
"216","10am",94.419294,1.385412,4.1952938
"217","10am",89.157963,9.968231,0.8738062
"218","10am",35.277232,64.437074,0.2856948
"219","10am",26.077195,72.643911,1.278894
"220","10am",96.140326,3.5682,0.291474
"221","10am",95.128517,2.605735,2.2657476
"222","10am",97.833589,1.845051,0.3213602
"223","10am",31.599046,65.709904,2.6910501
"224","10am",95.577524,2.209494,2.2129823
"225","10am",96.445266,3.021058,0.5336756
"226","10am",34.269227,64.323426,1.4073461
"227","10am",98.987206,1.012794,0
"228","10am",94.317988,2.751368,2.930644
"229","10am",96.932934,3.067066,0
"230","10am",99.458441,0,0.5415587
"231","10am",38.948916,58.24031,2.8107746
"232","10am",96.779289,1.362422,1.8582885
"233","10am",93.961813,3.913049,2.125138
"101","11am",40.364582,16.2715853,43.3638325
"102","11am",27.375759,18.9318099,53.6924306
"103","11am",25.431621,6.8412344,67.7271442
"104","11am",28.033548,7.5766514,64.3898008
"105","11am",37.396562,14.0063242,48.5971133
"106","11am",30.52223,14.664477,54.8132932
"107","11am",19.655145,12.7367579,67.6080966
"108","11am",9.917894,10.6963529,79.385753
"109","11am",13.984949,8.4073979,77.6076534
"110","11am",19.465828,2.9769926,77.5571799
"111","11am",42.215699,15.7203596,42.0639418
"112","11am",35.635206,16.4439882,47.9208055
"113","11am",45.237096,11.9526499,42.8102543
"114","11am",6.876694,12.081735,81.0415713
"115","11am",25.95603,9.8473199,64.1966502
"116","11am",7.44975,7.0024001,85.5478503
"117","11am",15.74572,25.1198363,59.1344438
"118","11am",45.793463,39.7316099,14.4749276
"119","11am",16.179759,71.2648913,12.5553499
"120","11am",9.552921,79.7524715,10.6946076
"121","11am",38.331361,58.1303604,3.5382787
"122","11am",35.412774,51.2178225,13.3694031
"123","11am",26.052695,65.8753243,8.0719811
"124","11am",18.798402,74.1575504,7.0440473
"125","11am",18.417503,70.6739517,10.9085449
"126","11am",4.779764,86.4229298,8.7973061
"127","11am",90.633576,3.1557015,6.2107224
"128","11am",26.353444,58.9230961,14.7234596
"129","11am",19.429246,69.3248306,11.2459229
"130","11am",94.097495,0.9287456,4.9737592
"131","11am",95.168086,3.4101784,1.4217352
"132","11am",89.345793,6.9339754,3.7202312
"133","11am",33.96282,55.8514403,10.18574
"134","11am",12.272788,83.3133946,4.4138176
"201","11am",94.605354,3.7236012,1.6710446
"202","11am",87.33515,9.1895213,3.4753291
"203","11am",92.119617,6.8743509,1.0060324
"204","11am",91.490064,6.010949,2.4989866
"205","11am",98.901284,0,1.098716
"206","11am",85.888003,9.0440824,5.0679149
"207","11am",89.330663,6.9552854,3.7140513
"208","11am",84.310943,8.3138293,7.3752276
"209","11am",95.233357,2.1454554,2.6211876
"210","11am",13.2906,85.0385087,1.6708912
"211","11am",11.326196,87.8870643,0.78674
"212","11am",8.313928,91.6860716,0
"213","11am",6.650585,93.3494147,0
"214","11am",93.537872,5.8622857,0.5998419
"215","11am",95.826209,3.5664022,0.6073891
"216","11am",94.566156,1.3489536,4.08489
"217","11am",89.982465,9.8530019,0.1645335
"218","11am",32.970488,66.6214067,0.408105
"219","11am",24.688437,73.9907192,1.3208437
"220","11am",96.110781,3.6133929,0.2758256
"221","11am",94.6257,2.6931556,2.6811441
"222","11am",98.212765,1.4632835,0.3239518
"223","11am",30.424544,67.2720472,2.3034088
"224","11am",95.817391,2.2477501,1.9348592
"225","11am",96.02362,3.4264744,0.5499053
"226","11am",33.307723,65.4655961,1.2266807
"227","11am",98.99769,1.00231,0
"228","11am",95.771123,2.0081863,2.220691
"229","11am",96.887049,3.1129506,0
"230","11am",99.46294,0,0.53706
"231","11am",39.601656,58.2142502,2.1840936
"232","11am",97.594758,0,2.4052417
"233","11am",94.15235,3.7895714,2.0580783
"101","12am",35.752945,13.6834662,50.5635885
"102","12am",28.193934,17.0042245,54.801841
"103","12am",18.354301,4.5210393,77.1246598
"104","12am",28.470139,4.9477515,66.5821096
"105","12am",32.325795,14.2554343,53.4187712
"106","12am",21.302001,8.5562121,70.1417868
"107","12am",16.664181,10.9250169,72.4108018
"108","12am",10.958506,5.60594,83.4355543
"109","12am",16.664441,6.5175043,76.8180552
"110","12am",11.468874,5.3178772,83.2132492
"111","12am",41.487123,13.9952106,44.5176666
"112","12am",36.784464,11.9466214,51.268915
"113","12am",45.975013,10.668336,43.3566514
"114","12am",5.111152,9.056788,85.8320597
"115","12am",26.953972,2.6551917,70.3908365
"116","12am",5.585285,6.2671707,88.147544
"117","12am",16.26742,20.9465194,62.7860606
"118","12am",42.089677,47.2406794,10.6696433
"119","12am",22.621378,64.5410448,12.8375769
"120","12am",9.616011,82.653336,7.7306525
"121","12am",24.715546,69.3417812,5.9426726
"122","12am",34.621929,52.5951721,12.7828989
"123","12am",27.464365,67.0702392,5.4653962
"124","12am",15.634477,78.7354404,5.630083
"125","12am",15.749762,76.1786584,8.0715795
"126","12am",4.041855,87.7022475,8.2558975
"127","12am",93.678552,1.0852466,5.2362011
"128","12am",30.235381,60.3211949,9.4434244
"129","12am",11.153091,84.3822725,4.4646361
"130","12am",95.702651,0,4.2973487
"131","12am",95.983355,2.8347934,1.1818518
"132","12am",90.365248,6.1851468,3.4496052
"133","12am",36.367195,56.1661704,7.4666344
"134","12am",7.784442,88.334542,3.8810164
"201","12am",97.575902,0.7596339,1.6644639
"202","12am",92.054278,5.3382319,2.6074904
"203","12am",93.921594,5.0759975,1.0024081
"204","12am",92.820332,4.9441237,2.2355444
"205","12am",97.984672,0,2.0153277
"206","12am",89.759292,6.7147071,3.5260012
"207","12am",91.411229,5.700373,2.888398
"208","12am",89.416025,6.6650678,3.9189076
"209","12am",96.328935,2.1484546,1.5226104
"210","12am",10.89233,86.9111248,2.1965456
"211","12am",8.514503,90.5078385,0.977658
"212","12am",8.721162,91.2788382,0
"213","12am",6.056223,93.9437769,0
"214","12am",92.479016,6.3271874,1.1937968
"215","12am",96.956295,3.0437053,0
"216","12am",95.265614,1.3306356,3.4037502
"217","12am",94.685173,5.164562,0.1502655
"218","12am",29.852502,69.715422,0.4320762
"219","12am",16.414572,83.5854279,0
"220","12am",97.110788,2.6082915,0.2809205
"221","12am",95.211332,2.0355054,2.753163
"222","12am",98.392443,1.3161731,0.2913835
"223","12am",25.553425,72.3217013,2.1248739
"224","12am",95.864396,2.415223,1.7203807
"225","12am",97.267948,2.2281718,0.5038806
"226","12am",24.99637,73.8706747,1.1329558
"227","12am",99.017694,0.9823057,0
"228","12am",96.455307,1.9901348,1.5545585
"229","12am",97.082066,2.9179345,0
"230","12am",99.512658,0,0.4873424
"231","12am",32.38553,65.3330177,2.2814522
"232","12am",98.711332,0,1.2886681
"233","12am",94.421783,4.1337605,1.4444564
"101","1pm",40.453165,14.7845505,44.7622844
"102","1pm",25.546724,18.6288896,55.824386
"103","1pm",23.613231,5.6638984,70.7228709
"104","1pm",31.49507,5.5072913,62.9976382
"105","1pm",37.9156,16.7650172,45.3193832
"106","1pm",17.797686,13.0295695,69.1727445
"107","1pm",19.415437,15.5757357,65.0088271
"108","1pm",9.707214,7.2596311,83.0331549
"109","1pm",21.008435,2.4040196,76.5875458
"110","1pm",16.212903,3.4196434,80.3674532
"111","1pm",40.747474,14.7034527,44.5490737
"112","1pm",36.073706,12.6770728,51.2492212
"113","1pm",44.779313,11.4515777,43.7691089
"114","1pm",5.505755,9.6165064,84.8777382
"115","1pm",27.142049,9.108496,63.7494551
"116","1pm",7.298556,10.1737859,82.5276585
"117","1pm",12.348082,22.9426339,64.709284
"118","1pm",43.698074,42.4142357,13.8876899
"119","1pm",18.32878,68.9786128,12.6926072
"120","1pm",9.266077,80.1505278,10.5833948
"121","1pm",24.593277,70.6628308,4.7438926
"122","1pm",34.536441,51.9599558,13.5036032
"123","1pm",24.79345,65.1927966,10.0137533
"124","1pm",20.214141,68.2439073,11.5419513
"125","1pm",20.813034,70.111673,9.0752932
"126","1pm",9.584169,81.9770871,8.438744
"127","1pm",88.71836,2.305758,8.9758819
"128","1pm",25.591859,60.3988932,14.0092481
"129","1pm",17.364088,70.2122232,12.4236893
"130","1pm",94.35872,0.5340626,5.1072169
"131","1pm",92.447246,6.2702556,1.2824989
"132","1pm",88.718996,7.5772224,3.7037815
"133","1pm",35.719341,55.577626,8.7030332
"134","1pm",10.533982,86.125593,3.3404252
"201","1pm",96.104236,2.2623923,1.6333713
"202","1pm",89.69447,6.1171923,4.188338
"203","1pm",95.846719,3.0475785,1.1057025
"204","1pm",90.679524,5.3981328,3.9223433
"205","1pm",98.097594,0,1.902406
"206","1pm",87.407319,7.9512961,4.6413849
"207","1pm",88.527151,6.7101301,4.7627192
"208","1pm",87.907092,7.2048415,4.8880668
"209","1pm",92.972053,3.6643329,3.3636141
"210","1pm",11.377974,86.0560323,2.5659941
"211","1pm",9.66631,89.3190584,1.0146314
"212","1pm",8.951693,91.0483068,0
"213","1pm",6.035296,93.9647042,0
"214","1pm",87.210967,12.0844178,0.7046152
"215","1pm",96.399756,3.6002442,0
"216","1pm",94.078398,2.4238766,3.4977256
"217","1pm",89.058183,10.7654849,0.1763319
"218","1pm",32.653774,66.4874017,0.8588248
"219","1pm",24.227605,75.7723953,0
"220","1pm",97.071954,2.9280459,0
"221","1pm",94.036517,3.235276,2.7282068
"222","1pm",98.144034,1.5603556,0.2956108
"223","1pm",29.708127,66.3970511,3.8948216
"224","1pm",96.897365,1.5740449,1.5285901
"225","1pm",95.444209,4.0485556,0.5072356
"226","1pm",26.611231,72.2437485,1.1450207
"227","1pm",97.989295,2.0107049,0
"228","1pm",97.265043,1.5632824,1.1716751
"229","1pm",95.12303,4.2601624,0.616808
"230","1pm",98.779557,0.7053451,0.5150979
"231","1pm",38.427144,59.4237149,2.1491407
"232","1pm",97.159242,1.507688,1.3330705
"233","1pm",92.673527,5.2722753,2.054198
"101","2pm",40.759548,12.9665366,46.2739151
"102","2pm",26.243337,17.7632891,55.9933735
"103","2pm",24.360495,10.1426167,65.4968887
"104","2pm",32.39716,9.0505388,58.5523012
"105","2pm",36.704665,17.331239,45.9640958
"106","2pm",18.111664,16.0644389,65.8238966
"107","2pm",24.241891,17.4657028,58.2924064
"108","2pm",14.724415,6.9676156,78.3079698
"109","2pm",20.361454,5.4551408,74.1834051
"110","2pm",16.225068,9.1020235,74.6729085
"111","2pm",42.825287,15.0456201,42.1290931
"112","2pm",38.504367,10.5837007,50.9119319
"113","2pm",45.866476,11.4160719,42.7174519
"114","2pm",10.260543,11.1111818,78.6282751
"115","2pm",27.569024,8.5364924,63.8944838
"116","2pm",16.160554,9.6824908,74.1569551
"117","2pm",14.200564,22.5766296,63.2228067
"118","2pm",45.910645,40.0543824,14.0349726
"119","2pm",12.853698,70.4633224,16.6829798
"120","2pm",8.043065,79.6366235,12.3203111
"121","2pm",33.732052,58.0651015,8.2028464
"122","2pm",34.170928,49.3577987,16.4712731
"123","2pm",21.616175,62.6436168,15.7402081
"124","2pm",22.294927,68.4071818,9.297891
"125","2pm",23.186143,63.3372498,13.4766068
"126","2pm",11.377807,79.0301022,9.5920906
"127","2pm",86.104694,6.6722863,7.2230196
"128","2pm",24.431225,58.6133972,16.9553776
"129","2pm",17.045598,65.7044338,17.2499677
"130","2pm",89.637873,0.6320979,9.7300289
"131","2pm",88.777603,9.7957099,1.4266873
"132","2pm",88.735144,7.6966515,3.5682043
"133","2pm",35.789426,53.7361512,10.4744226
"134","2pm",13.173541,84.0735399,2.752919
"201","2pm",93.56296,3.7399819,2.6970584
"202","2pm",87.13414,6.1846443,6.6812153
"203","2pm",93.069715,3.980866,2.9494188
"204","2pm",90.246257,5.1155026,4.6382406
"205","2pm",95.624789,1.7775043,2.5977064
"206","2pm",85.065203,9.6534704,5.2813266
"207","2pm",86.748766,8.5756514,4.675583
"208","2pm",83.165061,10.3759393,6.4589994
"209","2pm",93.337061,4.3234322,2.3395064
"210","2pm",12.078971,84.9952524,2.9257768
"211","2pm",11.196207,88.1104215,0.6933711
"212","2pm",11.20074,88.7992596,0
"213","2pm",6.066102,93.9338982,0
"214","2pm",86.012801,12.5590774,1.4281219
"215","2pm",96.136418,3.863582,0
"216","2pm",92.914017,2.5468222,4.5391608
"217","2pm",86.78631,13.0435148,0.1701751
"218","2pm",33.329829,66.0499719,0.6201989
"219","2pm",27.166036,72.8339636,0
"220","2pm",96.323678,3.6763222,0
"221","2pm",93.435531,3.771793,2.792676
"222","2pm",97.722465,1.6961345,0.5814007
"223","2pm",31.373148,65.3299264,3.2969255
"224","2pm",96.662164,1.6092902,1.7285459
"225","2pm",94.798749,4.6732584,0.5279924
"226","2pm",29.870079,68.489677,1.6402441
"227","2pm",97.605384,2.394616,0
"228","2pm",96.440383,1.9061908,1.6534262
"229","2pm",93.094834,6.2622295,0.6429369
"230","2pm",96.554044,2.9499136,0.4960421
"231","2pm",40.717607,57.1346496,2.147743
"232","2pm",95.372129,3.0789126,1.5489587
"233","2pm",89.342888,7.7506177,2.9064942
"101","3pm",41.543926,13.5111129,44.944961
"102","3pm",24.369613,16.2600771,59.3703096
"103","3pm",28.436576,8.4239757,63.1394483
"104","3pm",35.790759,4.9442801,59.2649605
"105","3pm",33.198793,20.3142622,46.4869443
"106","3pm",15.849516,17.9981109,66.1523733
"107","3pm",22.101943,19.5189063,58.3791503
"108","3pm",14.021889,7.1642178,78.8138934
"109","3pm",15.301694,5.8187097,78.8795965
"110","3pm",15.816756,8.481085,75.7021592
"111","3pm",41.618459,14.0847022,44.2968387
"112","3pm",34.563391,10.9631538,54.4734552
"113","3pm",46.531932,7.5710706,45.8969975
"114","3pm",10.033486,9.930711,80.0358029
"115","3pm",27.796502,8.2181287,63.9853696
"116","3pm",17.176902,8.8761407,73.9469577
"117","3pm",8.831984,23.7567558,67.4112604
"118","3pm",45.702974,39.7631846,14.5338417
"119","3pm",15.963327,69.3792684,14.6574048
"120","3pm",7.742183,80.3953535,11.8624634
"121","3pm",23.565346,60.5305103,15.9041441
"122","3pm",35.476287,46.2944808,18.2292321
"123","3pm",22.052679,63.320274,14.6270466
"124","3pm",20.21039,69.6170793,10.1725306
"125","3pm",20.399781,66.8655865,12.7346326
"126","3pm",9.997655,77.020687,12.9816579
"127","3pm",81.878591,7.3421794,10.7792295
"128","3pm",22.682296,61.0591443,16.2585595
"129","3pm",14.860188,68.770258,16.3695541
"130","3pm",91.846327,0.5819367,7.5717366
"131","3pm",92.344079,6.3559039,1.3000171
"132","3pm",86.396122,8.5030949,5.1007832
"133","3pm",36.543728,52.918766,10.5375056
"134","3pm",14.421345,82.8721895,2.7064657
"201","3pm",94.793639,2.6914114,2.5149496
"202","3pm",90.52951,2.3194683,7.1510221
"203","3pm",95.808473,1.0838347,3.1076918
"204","3pm",91.3016,4.9429557,3.7554446
"205","3pm",96.296266,1.0658542,2.63788
"206","3pm",86.705845,8.2043686,5.0897867
"207","3pm",85.808808,8.6954316,5.4957607
"208","3pm",86.48338,10.1434237,3.3731959
"209","3pm",94.445891,2.5737359,2.9803734
"210","3pm",10.059735,87.2163488,2.7239166
"211","3pm",10.586566,88.7025327,0.7109016
"212","3pm",10.65446,89.3455404,0
"213","3pm",5.268023,94.1431433,0.5888339
"214","3pm",87.966337,11.5530056,0.4806579
"215","3pm",95.208264,4.7917358,0
"216","3pm",92.115941,3.4083014,4.4757581
"217","3pm",86.274782,13.5561516,0.1690667
"218","3pm",37.510615,61.6972282,0.7921566
"219","3pm",22.91436,77.0856395,0
"220","3pm",96.374913,3.6250867,0
"221","3pm",94.331092,3.7258807,1.9430275
"222","3pm",97.917249,1.4959848,0.586766
"223","3pm",26.085614,70.4831323,3.4312534
"224","3pm",96.749287,1.9898732,1.2608399
"225","3pm",94.646722,4.685762,0.667516
"226","3pm",29.603806,68.8275669,1.5686275
"227","3pm",96.68939,2.4164841,0.8941257
"228","3pm",96.284032,2.3652842,1.3506839
"229","3pm",94.885061,5.1149387,0
"230","3pm",95.89449,3.0925149,1.0129948
"231","3pm",40.983801,56.2970734,2.7191251
"232","3pm",95.88541,3.2594457,0.8551446
"233","3pm",89.233432,7.944381,2.8221872
"101","4pm",37.975717,12.329527,49.6947563
"102","4pm",22.103981,14.485609,63.4104107
"103","4pm",20.699744,5.324684,73.9755719
"104","4pm",25.740022,3.744178,70.5158008
"105","4pm",23.977772,15.088429,60.9337992
"106","4pm",17.392513,21.75883,60.8486567
"107","4pm",22.700275,14.896086,62.403639
"108","4pm",10.985833,7.015346,81.9988212
"109","4pm",10.672166,6.284674,83.04316
"110","4pm",14.818459,6.262299,78.9192418
"111","4pm",36.537249,13.308958,50.1537931
"112","4pm",29.499198,9.843746,60.6570563
"113","4pm",37.995292,6.698424,55.306284
"114","4pm",8.73091,6.196741,85.0723485
"115","4pm",24.542003,7.249834,68.2081634
"116","4pm",16.602456,10.384564,73.0129793
"117","4pm",10.081479,20.838129,69.0803918
"118","4pm",35.049752,48.419555,16.5306932
"119","4pm",21.32827,69.110006,9.5617239
"120","4pm",6.257419,82.868535,10.8740453
"121","4pm",25.698443,68.544968,5.7565889
"122","4pm",31.731604,52.344908,15.9234886
"123","4pm",20.666207,66.606414,12.7273789
"124","4pm",14.581956,74.989046,10.4289982
"125","4pm",22.607006,66.03113,11.3618637
"126","4pm",7.296364,85.334042,7.3695946
"127","4pm",88.241396,1.944823,9.8137809
"128","4pm",20.913453,65.632469,13.4540779
"129","4pm",16.338472,67.757481,15.9040474
"130","4pm",93.11119,2.276385,4.6124252
"131","4pm",98.848604,0,1.1513962
"132","4pm",85.878395,9.809438,4.3121679
"133","4pm",32.253084,56.95201,10.7949058
"134","4pm",7.759793,87.507415,4.7327919
"201","4pm",95.687673,2.497874,1.8144529
"202","4pm",93.493981,2.737824,3.7681948
"203","4pm",96.927624,2.63419,0.4381863
"204","4pm",91.514137,5.539715,2.9461484
"205","4pm",97.793329,0,2.2066705
"206","4pm",88.077923,6.62911,5.2929672
"207","4pm",89.507551,6.916322,3.5761267
"208","4pm",85.672815,10.464632,3.8625524
"209","4pm",94.161883,1.657021,4.1810959
"210","4pm",8.180316,89.826986,1.9926988
"211","4pm",9.571504,89.568809,0.8596866
"212","4pm",10.387796,89.612204,0
"213","4pm",4.180098,95.819902,0
"214","4pm",91.370982,8.126473,0.502545
"215","4pm",95.497045,4.502955,0
"216","4pm",95.568,1.018254,3.4137458
"217","4pm",88.739932,11.09766,0.162408
"218","4pm",37.055981,62.944019,0
"219","4pm",18.393659,81.606341,0
"220","4pm",97.122861,2.877139,0
"221","4pm",96.930722,1.546231,1.5230478
"222","4pm",97.358155,2.372749,0.2690962
"223","4pm",25.650144,71.614378,2.7354786
"224","4pm",97.456144,1.564962,0.9788939
"225","4pm",95.446023,4.251132,0.302845
"226","4pm",25.397253,73.472747,1.1299999
"227","4pm",95.36843,2.285032,2.3465381
"228","4pm",97.887495,1.220714,0.8917912
"229","4pm",97.848955,2.151045,0
"230","4pm",97.167972,2.319628,0.5124005
"231","4pm",35.544592,62.220145,2.2352632
"232","4pm",96.164097,3.475036,0.360867
"233","4pm",93.304232,4.29365,2.4021176
"101","5pm",28.1987471,10.6812193,61.1200335
"102","5pm",17.7640487,9.8860347,72.3499166
"103","5pm",11.407109,5.7821753,82.8107157
"104","5pm",20.0124121,1.3787684,78.6088195
"105","5pm",13.8860605,9.5907456,76.5231938
"106","5pm",13.8724247,6.6975993,79.429976
"107","5pm",16.6392547,9.947887,73.4128582
"108","5pm",6.2011631,1.7231226,92.0757143
"109","5pm",6.4576815,4.6247361,88.9175824
"110","5pm",3.711673,6.2610904,90.0272366
"111","5pm",27.8111181,7.9948181,64.1940638
"112","5pm",20.990586,10.4919887,68.5174253
"113","5pm",24.3182224,3.5283714,72.1534063
"114","5pm",0,1.5504647,98.4495353
"115","5pm",19.0721399,1.7030663,79.2247938
"116","5pm",7.7296042,10.0062058,82.2641899
"117","5pm",5.1625557,12.0124276,82.8250167
"118","5pm",30.3069229,59.3336809,10.3593962
"119","5pm",16.651727,72.1060995,11.2421734
"120","5pm",5.3193027,87.173254,7.5074433
"121","5pm",6.9700805,80.0648298,12.9650898
"122","5pm",23.4761686,65.2503799,11.2734515
"123","5pm",10.7564714,76.2381078,13.0054209
"124","5pm",9.5934911,80.0824602,10.3240487
"125","5pm",13.6936184,77.1175173,9.1888643
"126","5pm",0.5377879,96.3385317,3.1236804
"127","5pm",93.9466499,1.0380186,5.0153314
"128","5pm",17.5845147,77.0762077,5.3392776
"129","5pm",10.4625466,80.2648503,9.2726031
"130","5pm",94.2343678,1.9956025,3.7700296
"131","5pm",97.8770957,0,2.1229043
"132","5pm",91.8248836,4.491949,3.6831675
"133","5pm",24.6795353,66.3645608,8.9559039
"134","5pm",6.3671075,90.9912784,2.6416141
"201","5pm",97.7762859,1.0375726,1.1861415
"202","5pm",96.9653569,1.6507794,1.3838637
"203","5pm",99.0229712,0.9770288,0
"204","5pm",96.8152854,2.3714591,0.8132555
"205","5pm",97.003485,0,2.996515
"206","5pm",93.2360268,4.8508993,1.9130739
"207","5pm",96.7558865,1.6785169,1.5655966
"208","5pm",93.1393819,4.2571836,2.6034345
"209","5pm",93.632958,2.1867877,4.1802543
"210","5pm",4.4408097,93.9600436,1.5991467
"211","5pm",3.6146289,96.0098162,0.3755549
"212","5pm",6.0725693,93.9274307,0
"213","5pm",4.2779073,95.7220927,0
"214","5pm",93.304662,6.3704746,0.3248635
"215","5pm",97.3089275,2.6910725,0
"216","5pm",97.2103897,0.8968733,1.892737
"217","5pm",96.4932394,3.5067606,0
"218","5pm",29.8774167,70.1225833,0
"219","5pm",10.5565579,89.4434421,0
"220","5pm",98.1887986,1.8112014,0
"221","5pm",98.037338,0.8014424,1.1612196
"222","5pm",96.3402282,3.6597718,0
"223","5pm",19.0227296,79.2038956,1.7733748
"224","5pm",98.6361321,0.7260515,0.6378164
"225","5pm",98.666293,1.2144644,0.1192426
"226","5pm",12.4304817,85.8385086,1.7310097
"227","5pm",97.9947822,2.0052178,0
"228","5pm",99.0460791,0.2333347,0.7205862
"229","5pm",98.6658631,1.3341369,0
"230","5pm",98.6751397,0.8783104,0.4465499
"231","5pm",21.7859896,76.6502174,1.563793
"232","5pm",96.991167,2.3077382,0.7010947
"233","5pm",96.0803662,2.4571439,1.4624899
"101","6pm",14.0323355,10.4808911,75.4867734
"102","6pm",15.300999,7.0087871,77.690214
"103","6pm",9.2778106,6.6629778,84.0592116
"104","6pm",7.7919996,2.741664,89.4663364
"105","6pm",8.9699921,5.1129306,85.9170773
"106","6pm",8.4884418,6.6270408,84.8845175
"107","6pm",9.6511375,7.7192149,82.6296476
"108","6pm",0,4.640709,95.359291
"109","6pm",8.3296162,3.1359366,88.5344473
"110","6pm",1.1690168,3.0812929,95.7496903
"111","6pm",13.2361865,9.0182648,77.7455487
"112","6pm",10.6938261,10.2550238,79.0511501
"113","6pm",15.8288599,0.465442,83.7056981
"114","6pm",0,0,100
"115","6pm",6.0932218,3.3035296,90.6032486
"116","6pm",0.5232549,5.8337785,93.6429666
"117","6pm",0.6523123,6.4102039,92.9374839
"118","6pm",14.8175099,79.7004375,5.4820526
"119","6pm",11.1985968,80.2573336,8.5440696
"120","6pm",2.4562028,90.6145541,6.9292431
"121","6pm",6.3506632,85.8552168,7.79412
"122","6pm",14.2136757,73.6463453,12.1399791
"123","6pm",7.8670815,85.2047448,6.9281737
"124","6pm",2.3984611,94.1048666,3.4966723
"125","6pm",6.6860912,85.939595,7.3743138
"126","6pm",6.8843581,91.4440309,1.6716111
"127","6pm",94.5725252,1.8394926,3.5879823
"128","6pm",13.3403965,82.4638471,4.1957564
"129","6pm",5.6708233,89.8240346,4.5051421
"130","6pm",94.8580147,0,5.1419853
"131","6pm",97.5359147,0,2.4640853
"132","6pm",98.251348,0.9697335,0.7789185
"133","6pm",10.628054,80.8425732,8.5293728
"134","6pm",3.3722341,95.6302404,0.9975255
"201","6pm",99.216613,0.3261119,0.4572751
"202","6pm",98.2585712,0,1.7414288
"203","6pm",98.1942384,0.8807709,0.9249907
"204","6pm",96.4826285,2.9590575,0.558314
"205","6pm",97.5031055,0,2.4968945
"206","6pm",94.1354253,4.369928,1.4946467
"207","6pm",97.7639118,1.406023,0.8300652
"208","6pm",94.7177819,2.5625333,2.7196848
"209","6pm",94.9841516,2.7549052,2.2609433
"210","6pm",4.2037822,95.5142938,0.281924
"211","6pm",1.1257515,98.7743595,0.099889
"212","6pm",3.7665114,96.2334886,0
"213","6pm",0.9727847,99.0272153,0
"214","6pm",95.9965753,4.0034247,0
"215","6pm",99.4461183,0.5538817,0
"216","6pm",99.3898869,0,0.6101131
"217","6pm",97.5885924,2.4114076,0
"218","6pm",15.789949,84.210051,0
"219","6pm",5.2657926,94.7342074,0
"220","6pm",99.7867286,0.2132714,0
"221","6pm",100,0,0
"222","6pm",98.2857264,1.7142736,0
"223","6pm",11.2642,87.7140192,1.0217808
"224","6pm",98.5777594,1.0869648,0.3352759
"225","6pm",99.3105788,0.6894212,0
"226","6pm",8.3436814,91.2501125,0.4062061
"227","6pm",99.2569258,0.7430742,0
"228","6pm",99.2579389,0.2123714,0.5296897
"229","6pm",98.7837053,1.2162947,0
"230","6pm",97.4909438,2.0749281,0.4341282
"231","6pm",9.8009425,89.6790666,0.5199909
"232","6pm",98.1635944,1.2550462,0.5813593
"233","6pm",97.8445691,0.4145524,1.7408785
"101","7pm",8.2694772,9.7149197,82.0156031
"102","7pm",10.3118414,6.3706253,83.3175333
"103","7pm",3.5654502,4.5411782,91.8933716
"104","7pm",8.8940736,3.3347249,87.7712014
"105","7pm",10.0760021,0.68394,89.2400579
"106","7pm",2.9457501,9.0547507,87.9994992
