"district","hour","cleduc1","cleduc2","cleduc3","cleduc4"
"001","4am",8.839704,36.1026,27.94426,27.113436
"002","4am",8.506344,29.553,28.56087,33.379788
"003","4am",16.038516,23.28113,24.12399,36.556366
"004","4am",9.107224,23.05331,32.01492,35.824544
"005","4am",15.054482,55.70154,18.25588,10.988098
"006","4am",5.718018,48.4385,18.00651,27.836965
"007","4am",13.537356,54.92681,23.47048,8.065351
"008","4am",12.316309,45.26969,20.77782,21.63618
"009","4am",8.595139,44.7761,29.81753,16.81124
"010","4am",11.466357,50.95777,27.65667,9.919204
"011","4am",2.587599,38.70822,33.00734,25.696834
"012","4am",6.274458,31.55793,29.90153,32.266085
"013","4am",5.954285,33.26232,27.8087,32.974698
"014","4am",14.67493,49.82294,31.95961,3.542528
"015","4am",10.008944,53.43001,22.84959,13.711452
"016","4am",9.006916,58.0704,21.20706,11.715625
"017","4am",10.264737,46.03528,25.97678,17.723199
"018","4am",9.681601,40.87954,28.68498,20.753885
"019","4am",13.482019,37.8928,34.83276,13.79242
"020","4am",13.450883,41.66489,27.58757,17.296657
"021","4am",13.847813,46.30865,27.54142,12.302114
"022","4am",17.012499,44.29202,23.90524,14.790246
"023","4am",11.497075,40.47041,27.1473,20.885217
"024","4am",14.367956,34.43387,36.2362,14.961984
"025","4am",11.851109,34.04669,33.7184,20.383806
"026","4am",6.243587,31.49826,32.07849,30.179669
"027","4am",10.648018,25.9809,36.58455,26.786524
"028","4am",8.145431,37.15694,36.00883,18.688803
"001","5am",8.836327,37.98635,26.07425,27.103078
"002","5am",8.454273,29.98424,28.38604,33.175453
"003","5am",16.114456,22.35425,24.80184,36.729454
"004","5am",9.04671,23.54086,31.82593,35.586506
"005","5am",15.178361,55.33702,18.40611,11.078515
"006","5am",5.766126,48.0047,18.15801,28.071168
"007","5am",13.749317,55.09515,22.9639,8.191634
"008","5am",12.362141,46.09759,19.82358,21.716693
"009","5am",8.565092,44.96915,29.71329,16.75247
"010","5am",11.328249,50.53106,28.34096,9.799731
"011","5am",1.721481,37.79924,34.00542,26.473857
"012","5am",6.358252,31.44662,29.49814,32.696992
"013","5am",5.970356,32.33631,27.63165,34.061687
"014","5am",14.436759,50.6373,31.44091,3.485033
"015","5am",9.629614,53.31495,23.86363,13.1918
"016","5am",8.888695,59.0032,20.54625,11.561851
"017","5am",10.270835,45.40251,26.59293,17.733727
"018","5am",9.868472,41.66858,27.30848,21.15447
"019","5am",13.555748,38.10002,34.47638,13.867846
"020","5am",13.933408,40.6307,28.57722,16.858674
"021","5am",13.939645,45.9526,27.72406,12.383696
"022","5am",17.122475,43.9319,24.05977,14.885856
"023","5am",11.700011,39.41965,27.62648,21.253865
"024","5am",14.585053,34.33259,35.8943,15.188057
"025","5am",11.938125,33.56243,33.96597,20.533472
"026","5am",6.243587,31.49826,32.07849,30.179669
"027","5am",10.732085,26.18602,36.08388,26.998005
"028","5am",8.150457,36.52151,36.6277,18.700337
"001","6am",9.165694,40.03509,25.45414,25.345075
"002","6am",8.495673,29.64137,28.52504,33.337914
"003","6am",16.715946,21.96066,25.53553,35.787866
"004","6am",9.284354,23.4955,30.69884,36.52131
"005","6am",14.73968,56.10214,19.06175,10.096435
"006","6am",5.546384,47.55786,19.41751,27.478246
"007","6am",12.899526,56.05083,22.88585,8.163793
"008","6am",12.574922,45.51374,21.06792,20.843415
"009","6am",8.870776,46.50584,27.9383,16.685082
"010","6am",10.756986,50.64976,28.84312,9.750136
"011","6am",1.681422,37.90818,33.96346,26.446932
"012","6am",6.625948,33.21926,29.20309,30.951706
"013","6am",6.103038,31.58592,28.24572,34.065322
"014","6am",14.666823,49.71049,32.91109,2.711603
"015","6am",8.893075,53.94204,24.31627,12.848613
"016","6am",8.981256,55.70641,23.54177,11.770564
"017","6am",10.445996,47.28549,24.23235,18.036162
"018","6am",10.510619,40.63662,27.50448,21.348278
"019","6am",13.785623,37.89823,34.21314,14.103014
"020","6am",14.670242,38.36283,29.21672,17.750204
"021","6am",12.401537,46.85291,28.16493,12.58062
"022","6am",17.633866,44.0453,22.99039,15.330447
"023","6am",12.646602,36.31012,29.8616,21.181684
"024","6am",15.839626,36.78797,30.8779,16.494499
"025","6am",12.863781,33.44317,32.89132,20.801725
"026","6am",6.18902,30.23797,33.74153,29.831478
"027","6am",10.579361,26.60947,34.00555,28.805615
"028","6am",8.388759,35.78862,36.57553,19.247093
"001","7am",7.764591,39.51921,26.73755,25.978651
"002","7am",7.952085,33.40825,28.12706,30.5126
"003","7am",15.582267,24.52668,24.14116,35.749889
"004","7am",8.431421,28.35148,33.1667,30.050393
"005","7am",14.038463,51.95269,21.23278,12.776064
"006","7am",5.281275,44.7873,24.36571,25.565715
"007","7am",13.348309,53.30669,26.20698,7.138016
"008","7am",13.137021,48.49646,19.69261,18.673903
"009","7am",9.757029,47.1916,25.03183,18.019535
"010","7am",11.071397,52.01902,28.45219,8.457393
"011","7am",1.875834,37.41259,32.87029,27.841282
"012","7am",9.672438,32.94277,27.99121,29.393591
"013","7am",6.702187,33.88757,28.91582,30.494422
"014","7am",13.803913,54.59298,29.22453,2.37858
"015","7am",8.886153,54.38155,24.80403,11.928268
"016","7am",10.256285,57.07721,21.99927,10.667233
"017","7am",11.933359,41.14463,26.80923,20.112784
"018","7am",12.706759,43.75164,23.16878,20.372824
"019","7am",14.357873,41.06351,32.33201,12.246609
"020","7am",17.583275,37.80859,25.9701,18.638038
"021","7am",14.993715,46.28966,29.1512,9.56543
"022","7am",23.401257,41.30472,21.69387,13.600152
"023","7am",15.951042,36.32393,26.13193,21.593092
"024","7am",18.239224,36.57355,31.45709,13.73014
"025","7am",14.962274,38.01011,26.94757,20.080038
"026","7am",8.140206,34.00556,31.4996,26.354632
"027","7am",12.850741,27.80247,32.3399,27.006889
"028","7am",10.739307,39.06655,32.1415,18.052648
"001","8am",5.416374,35.8083,28.54706,30.22827
"002","8am",8.016026,32.00839,36.44066,23.534925
"003","8am",11.59257,28.40362,27.76326,32.240544
"004","8am",7.560331,30.56609,37.59918,24.274391
"005","8am",11.992346,41.46209,27.66955,18.876006
"006","8am",5.137073,46.29731,23.29211,25.273504
"007","8am",14.083315,54.31619,21.0548,10.545695
"008","8am",12.963183,49.19852,19.36967,18.468619
"009","8am",9.173934,54.69465,23.36551,12.765905
"010","8am",12.719319,46.79998,26.07414,14.406561
"011","8am",2.099924,36.72407,23.9474,37.228604
"012","8am",10.599373,32.29063,28.69085,28.419155
"013","8am",6.839635,36.94237,27.04824,29.169755
"014","8am",14.284439,47.95595,32.76796,4.991648
"015","8am",10.079745,48.73866,27.28682,13.894779
"016","8am",9.829071,60.21468,19.16601,10.790238
"017","8am",12.749429,41.52091,27.27882,18.450844
"018","8am",14.109971,52.60993,19.81613,13.463973
"019","8am",16.598117,44.60825,27.6843,11.109328
"020","8am",20.310909,37.35195,23.61174,18.725406
"021","8am",21.408028,49.81715,20.68614,8.088682
"022","8am",28.209839,45.86895,20.73908,5.18214
"023","8am",23.029963,39.80047,24.93538,12.23418
"024","8am",19.876844,37.92527,26.40369,15.794189
"025","8am",16.959073,41.67013,28.73358,12.637221
"026","8am",11.147575,32.20905,24.67122,31.972152
"027","8am",16.381572,29.54289,29.61752,24.45802
"028","8am",10.738459,43.29512,33.93119,12.035236
"001","9am",5.1247311,39.06561,28.43129,27.378369
"002","9am",8.2290127,31.77561,33.66838,26.326997
"003","9am",12.2534696,27.9099,27.91556,31.921074
"004","9am",7.4821008,32.21431,38.57504,21.728547
"005","9am",11.8735095,36.96553,28.62913,22.531833
"006","9am",5.3619572,46.62862,22.90212,25.107303
"007","9am",16.876304,50.16181,24.4938,8.468079
"008","9am",13.3188901,49.98684,16.64238,20.051889
"009","9am",7.5456507,56.81232,23.44132,12.200717
"010","9am",12.4014663,46.30536,24.83728,16.455894
"011","9am",0.8971507,36.64595,31.05777,31.399135
"012","9am",9.9530678,32.22725,30.9017,26.917988
"013","9am",6.169416,35.04953,27.49493,31.286117
"014","9am",14.0443506,49.86255,31.13955,4.953557
"015","9am",8.7028108,48.2379,28.62531,14.433973
"016","9am",8.3914659,57.20218,23.52704,10.879307
"017","9am",14.5160066,43.41197,23.4743,18.597721
"018","9am",13.6268247,54.61184,18.033,13.728337
"019","9am",17.193265,43.91752,28.72883,10.16039
"020","9am",19.2220246,37.68229,24.78782,18.307862
"021","9am",21.8184492,52.62438,19.40033,6.156844
"022","9am",28.0290453,48.37926,18.44276,5.148928
"023","9am",22.8210337,40.33591,25.38694,11.456116
"024","9am",20.2203816,36.9643,27.20899,15.606334
"025","9am",15.6419997,44.2877,26.75857,13.311735
"026","9am",9.9252231,31.61565,24.5487,33.910422
"027","9am",15.850735,31.76718,30.21299,22.169101
"028","9am",10.815927,42.26754,34.5083,12.408238
"001","10am",6.682111,36.20274,28.01592,29.099223
"002","10am",7.995646,31.82508,34.25625,25.923026
"003","10am",12.213781,27.50312,28.8638,31.419296
"004","10am",7.451975,36.26778,37.29826,18.981979
"005","10am",11.239382,38.47653,28.14563,22.138459
"006","10am",4.579637,46.0668,23.83236,25.5212
"007","10am",15.846671,53.75545,21.55207,8.845807
"008","10am",11.60072,48.32541,17.19494,22.878927
"009","10am",10.281472,54.75581,25.25832,9.704401
"010","10am",11.75291,47.98524,24.56716,15.694693
"011","10am",2.002873,34.93471,37.72534,25.337076
"012","10am",9.937862,33.32212,29.12735,27.61267
"013","10am",8.994748,33.94855,28.5652,28.491505
"014","10am",10.863504,50.20298,33.85371,5.079797
"015","10am",10.439226,47.83041,28.98106,12.749301
"016","10am",10.446614,55.93875,21.88511,11.729531
"017","10am",13.740987,41.75994,24.70981,19.789263
"018","10am",16.334546,48.83401,19.03856,15.792886
"019","10am",14.982985,45.58328,26.48703,12.946706
"020","10am",21.770309,38.18902,22.87774,17.162929
"021","10am",21.647644,53.1172,19.42291,5.812239
"022","10am",29.888772,48.17728,17.16272,4.771228
"023","10am",26.105547,37.90325,25.28755,10.703646
"024","10am",23.085254,42.67698,21.31105,12.926715
"025","10am",13.425127,44.33628,30.58392,11.654673
"026","10am",8.792003,34.3149,25.0676,31.825496
"027","10am",16.829296,30.80579,31.29355,21.071363
"028","10am",10.567596,38.62558,34.43556,16.371265
"001","11am",7.376568,34.61461,28.94045,29.068375
"002","11am",8.453,34.75555,32.27261,24.518836
"003","11am",11.473482,27.09918,28.70862,32.718719
"004","11am",7.231954,35.11362,38.35608,19.298347
"005","11am",10.345685,38.57664,28.10662,22.971061
"006","11am",4.761154,44.0809,23.33374,27.824208
"007","11am",14.514337,55.12865,21.46916,8.887847
"008","11am",9.901567,52.68064,18.1709,19.246892
"009","11am",11.228239,48.54216,29.1178,11.111796
"010","11am",12.698952,44.86821,26.01265,16.420192
"011","11am",5.748773,34.71852,33.4354,26.097308
"012","11am",10.486302,33.58966,29.86096,26.063077
"013","11am",7.370245,40.49731,22.51129,29.62115
"014","11am",11.831644,48.36112,34.43151,5.375723
"015","11am",9.659623,49.57678,27.54678,13.216814
"016","11am",8.572368,55.97826,20.86255,14.586823
"017","11am",13.836117,43.19945,24.96767,17.996759
"018","11am",15.32089,49.97137,19.8949,14.812843
"019","11am",16.792646,44.96387,25.64195,12.601533
"020","11am",19.904514,40.84865,24.12123,15.12561
"021","11am",23.334647,51.54776,19.78384,5.333759
"022","11am",26.407183,49.18909,20.79097,3.612755
"023","11am",23.998436,37.93655,25.67361,12.391406
"024","11am",22.976854,45.70487,19.75436,11.563921
"025","11am",16.597563,43.61709,28.12604,11.659302
"026","11am",10.2179,36.78524,24.20441,28.792459
"027","11am",17.113238,29.88107,29.06687,23.938815
"028","11am",12.598705,40.91568,33.84371,12.641902
"001","12am",5.705091,36.85215,31.96886,25.473902
"002","12am",8.338489,33.16075,32.55564,25.945117
"003","12am",12.212117,25.57521,29.11579,33.096879
"004","12am",8.142966,32.18277,35.92481,23.749457
"005","12am",12.207666,41.62861,21.48545,24.678268
"006","12am",4.65658,43.14818,25.37217,26.823068
"007","12am",13.128012,53.90749,22.50431,10.460186
"008","12am",12.388832,45.41255,20.75244,21.446175
"009","12am",10.555816,50.18397,25.21385,14.046366
"010","12am",11.734451,45.44919,27.66206,15.1543
"011","12am",4.794511,34.35353,32.76029,28.091673
"012","12am",9.735419,35.67015,27.94701,26.647419
"013","12am",7.027414,42.06714,23.33803,27.56742
"014","12am",13.037571,52.33772,32.17259,2.452118
"015","12am",11.89459,54.73135,21.64029,11.733771
"016","12am",8.928003,57.50705,20.88642,12.678529
"017","12am",12.338355,43.62346,24.59738,19.440799
"018","12am",15.613631,49.39779,20.80803,14.180548
"019","12am",17.554427,41.85226,28.36806,12.225256
"020","12am",18.138883,41.24189,25.95747,14.661758
"021","12am",24.275629,48.36628,21.1315,6.226592
"022","12am",22.929112,47.7378,25.57752,3.755573
"023","12am",21.461237,38.54642,26.02504,13.967294
"024","12am",19.994158,37.15637,27.23333,15.616139
"025","12am",18.16916,41.80478,26.85092,13.175145
"026","12am",11.001204,35.6838,24.29136,29.023633
"027","12am",17.649561,25.81206,34.29178,22.246606
"028","12am",12.222748,40.42124,36.96305,10.392956
"001","1pm",5.730241,36.92941,29.13027,28.210083
"002","1pm",6.746817,33.66176,38.09132,21.500104
"003","1pm",12.052274,27.40656,28.31211,32.229055
"004","1pm",7.414272,34.22371,35.41852,22.943501
"005","1pm",11.532236,39.8604,23.53011,25.077256
"006","1pm",4.698152,44.35063,25.89318,25.058044
"007","1pm",14.690203,47.00514,26.12004,12.18461
"008","1pm",14.750201,47.82574,18.16259,19.261477
"009","1pm",12.703204,53.65395,22.32874,11.314105
"010","1pm",10.834278,47.79724,25.60919,15.75929
"011","1pm",4.507161,38.51409,26.39711,30.581639
"012","1pm",8.505009,35.13812,29.9791,26.37777
"013","1pm",6.578017,46.20842,21.66347,25.550085
"014","1pm",11.893379,50.31172,32.44263,5.352269
"015","1pm",13.028269,48.88099,21.95391,16.136831
"016","1pm",8.610311,55.01836,24.90776,11.463563
"017","1pm",12.06992,40.13877,28.81592,18.975382
"018","1pm",14.14016,48.56463,22.48289,14.812321
"019","1pm",18.588543,42.70767,25.73949,12.964298
"020","1pm",18.305701,46.22228,22.69955,12.77247
"021","1pm",18.800227,54.89149,21.42573,4.882551
"022","1pm",26.811814,45.02716,23.86813,4.292894
"023","1pm",23.704431,37.8553,21.5624,16.877872
"024","1pm",21.606333,40.04115,20.0868,18.265714
"025","1pm",18.295332,42.91498,27.11873,11.670959
"026","1pm",12.207898,36.77668,24.69769,26.317734
"027","1pm",17.055507,23.9861,38.259,20.699389
"028","1pm",13.332587,42.30526,34.64592,9.716224
"001","2pm",6.355901,34.67148,31.41118,27.561446
"002","2pm",8.533031,29.63555,38.57282,23.258592
"003","2pm",12.136745,25.75776,28.08487,34.020626
"004","2pm",7.260453,34.39909,35.35346,22.986993
"005","2pm",9.418388,40.67096,25.89852,24.01214
"006","2pm",5.344743,44.34724,24.42954,25.87848
"007","2pm",15.005673,45.96642,31.43062,7.597283
"008","2pm",14.953089,47.22298,15.39067,22.433262
"009","2pm",12.29897,57.28604,20.6589,9.756092
"010","2pm",11.149859,47.8145,27.39786,13.637781
"011","2pm",3.244186,39.15889,28.95008,28.646838
"012","2pm",10.42674,33.74049,27.90898,27.923795
"013","2pm",8.002364,46.13148,21.59784,24.268312
"014","2pm",11.955573,47.21525,36.22364,4.605538
"015","2pm",9.815186,48.62427,24.93751,16.623042
"016","2pm",8.724759,54.46417,25.19513,11.615936
"017","2pm",11.946138,42.66603,26.38889,18.99894
"018","2pm",15.828157,45.92265,18.57542,19.673766
"019","2pm",17.117628,43.18114,26.52872,13.172509
"020","2pm",18.447558,43.41339,22.92016,15.218885
"021","2pm",18.956874,54.67961,21.44028,4.923234
"022","2pm",28.079254,44.32396,23.00647,4.590317
"023","2pm",24.736899,41.04581,19.26425,14.95304
"024","2pm",21.554277,40.07171,18.70071,19.673307
"025","2pm",18.40128,41.71698,28.73866,11.143079
"026","2pm",11.007357,39.59058,24.33486,25.067202
"027","2pm",16.682252,27.79823,34.25309,21.266426
"028","2pm",12.600533,40.22684,34.7687,12.403927
"001","3pm",6.568635,35.29889,28.82115,29.311334
"002","3pm",9.823789,27.04377,36.91911,26.213336
"003","3pm",11.937432,28.80928,25.15803,34.095258
"004","3pm",7.192728,32.86252,40.1394,19.805357
"005","3pm",12.096787,39.35978,25.10992,23.433516
"006","3pm",6.183512,45.15073,25.14228,23.523481
"007","3pm",12.88375,52.2137,29.18113,5.721418
"008","3pm",12.794855,50.77803,15.67764,20.749476
"009","3pm",9.744627,57.27097,24.1983,8.786103
"010","3pm",11.471638,44.61357,28.31709,15.597703
"011","3pm",5.101588,40.98251,23.48023,30.435676
"012","3pm",10.921216,33.54857,28.38072,27.149492
"013","3pm",7.064925,43.06193,22.79896,27.074184
"014","3pm",11.331891,47.04324,35.28636,6.338505
"015","3pm",13.49085,41.41919,28.49827,16.591688
"016","3pm",7.062762,55.21964,26.05482,11.662781
"017","3pm",11.179698,43.33154,26.35493,19.133829
"018","3pm",17.312092,49.35404,21.07098,12.26289
"019","3pm",15.715229,42.81174,28.7759,12.697133
"020","3pm",15.25033,42.88231,23.70054,18.16682
"021","3pm",16.093619,52.96828,25.07931,5.858789
"022","3pm",29.555977,46.07087,19.49819,4.874968
"023","3pm",24.62632,39.34615,19.50925,16.518283
"024","3pm",20.048154,41.28776,19.7434,18.920693
"025","3pm",16.243446,42.14026,28.34585,13.27044
"026","3pm",9.78004,39.39787,22.90202,27.920068
"027","3pm",17.045119,29.56618,31.48194,21.906767
"028","3pm",12.410124,40.32642,35.38581,11.877639
"001","4pm",7.032096,33.23548,29.84982,29.882606
"002","4pm",8.321316,28.22481,37.47923,25.974647
"003","4pm",13.773758,27.3584,28.56917,30.298677
"004","4pm",7.621861,30.59861,40.32857,21.450963
"005","4pm",12.661633,43.32506,25.26612,18.747183
"006","4pm",6.999848,48.03225,23.38508,21.58282
"007","4pm",16.521853,49.68439,24.9839,8.809854
"008","4pm",11.373356,47.95494,19.29081,21.380885
"009","4pm",10.11858,56.90706,20.24483,12.729532
"010","4pm",12.158099,42.29391,29.13891,16.409086
"011","4pm",4.62828,38.32436,29.28557,27.761789
"012","4pm",7.198939,33.41543,30.48378,28.901858
"013","4pm",7.420518,48.11813,19.20262,25.258728
"014","4pm",11.123105,47.22033,33.49947,8.157092
"015","4pm",10.838738,47.12359,23.1565,18.881172
"016","4pm",9.056824,59.51756,24.92842,6.497203
"017","4pm",11.585433,46.81195,22.15835,19.444265
"018","4pm",14.939728,48.49671,22.5426,14.020963
"019","4pm",15.726041,45.91535,26.28737,12.071238
"020","4pm",14.938183,44.20979,22.75643,18.095604
"021","4pm",15.764675,49.81072,27.46262,6.96199
"022","4pm",28.223165,44.99479,20.09852,6.683521
"023","4pm",24.970824,39.66532,22.9159,12.447959
"024","4pm",17.18179,38.84336,28.36691,15.607941
"025","4pm",16.859044,45.24656,24.39045,13.503947
"026","4pm",8.878763,38.30047,24.16023,28.66053
"027","4pm",16.758087,26.59353,31.35131,25.297081
"028","4pm",11.100871,40.76061,37.13698,11.001545
"001","5pm",8.495148,31.72848,32.94341,26.832965
"002","5pm",7.697555,28.1659,35.19446,28.942079
"003","5pm",15.550119,28.69836,23.93638,31.815136
"004","5pm",7.624037,28.59403,36.02094,27.760996
"005","5pm",12.405367,45.45622,24.78549,17.352916
"006","5pm",7.273545,51.02012,17.51997,24.186367
"007","5pm",16.76977,51.29625,26.96651,4.967466
"008","5pm",12.292956,47.05568,16.82898,23.822379
"009","5pm",10.345127,46.29157,26.75059,16.612718
"010","5pm",10.402964,54.68027,23.52252,11.39425
"011","5pm",2.138452,41.27817,30.49413,26.089253
"012","5pm",7.317051,33.29965,27.568,31.815292
"013","5pm",5.371035,45.13707,22.00415,27.487747
"014","5pm",12.715317,46.16162,35.33967,5.783393
"015","5pm",11.324826,45.70884,24.1726,18.79374
"016","5pm",8.870864,54.69555,26.8333,9.600287
"017","5pm",11.128571,46.06709,26.34722,16.457118
"018","5pm",13.640367,47.35464,21.43778,17.567218
"019","5pm",16.86373,41.76888,27.24819,14.119197
"020","5pm",16.28982,43.27873,21.26043,19.171024
"021","5pm",15.085591,48.55581,26.24966,10.10894
"022","5pm",23.976174,45.29451,24.51939,6.209925
"023","5pm",15.305912,43.88373,28.84858,11.961784
"024","5pm",16.396619,41.06817,30.72231,11.812902
"025","5pm",17.93988,39.10377,28.73652,14.219828
"026","5pm",10.042498,38.99189,27.97121,22.994404
"027","5pm",12.738259,27.65027,36.83113,22.78034
"028","5pm",10.298536,38.91883,36.52156,14.261075
"001","6pm",9.218074,32.61475,31.81887,26.348311
"002","6pm",9.640156,30.99152,31.81158,27.556738
"003","6pm",14.564431,25.33737,19.82193,40.276269
"004","6pm",9.532011,28.13266,31.32906,31.006273
"005","6pm",14.411494,46.69807,24.76782,14.122616
"006","6pm",5.550386,52.24961,17.54336,24.656641
"007","6pm",14.182169,51.9685,27.82989,6.019444
"008","6pm",9.959616,43.63971,19.09092,27.309757
"009","6pm",9.095717,45.46022,27.85775,17.586312
"010","6pm",10.072567,49.60875,28.60807,11.710614
"011","6pm",5.214252,42.74338,27.01582,25.026547
"012","6pm",5.488555,30.15563,33.33019,31.025626
"013","6pm",5.712431,43.27685,23.94077,27.069947
"014","6pm",13.338856,48.25604,32.48376,5.921341
"015","6pm",8.361778,53.30091,22.94079,15.396518
"016","6pm",9.155554,56.44557,22.17852,12.220349
"017","6pm",10.82417,48.84977,22.83846,17.487594
"018","6pm",12.044085,41.21547,28.14402,18.596427
"019","6pm",15.778978,39.222,29.22095,15.778072
"020","6pm",15.70438,46.97555,23.40214,13.917932
"021","6pm",13.40806,45.8329,30.89891,9.860131
"022","6pm",19.706703,42.57949,22.47283,15.240976
"023","6pm",12.28207,42.637,26.68256,18.398368
"024","6pm",15.915751,38.16833,33.54043,12.375494
"025","6pm",15.057355,36.6746,30.43357,17.834474
"026","6pm",7.595245,33.03203,34.39884,24.973885
"027","6pm",11.967651,28.02712,35.05167,24.953553
"028","6pm",8.711726,38.71419,34.76055,17.813542
"001","7pm",6.961007,34.85526,29.06479,29.118936
"002","7pm",8.671821,29.90349,33.70061,27.724075
"003","7pm",15.844833,25.62799,21.32967,37.1975
"004","7pm",9.745146,24.80981,31.821,33.624037
"005","7pm",14.538518,54.31743,19.33739,11.806672
"006","7pm",6.442322,53.58957,18.28679,21.681314
"007","7pm",13.370918,51.33465,27.27329,8.021146
"008","7pm",12.61603,43.09048,18.19078,26.102711
"009","7pm",8.813568,44.25216,28.54593,18.388342
"010","7pm",9.393687,49.06798,31.3348,10.203531
"011","7pm",6.557585,35.95432,31.80117,25.686925
"012","7pm",5.126436,32.00712,32.83215,30.034294
"013","7pm",4.829387,37.50809,25.30776,32.354767
"014","7pm",14.743171,50.7523,30.05693,4.447594
"015","7pm",9.970716,53.29904,20.51455,16.21569
"016","7pm",9.112385,53.05855,24.62864,13.200426
"017","7pm",10.796313,47.30909,23.75155,18.143048
"018","7pm",10.591226,38.22666,29.91642,21.265695
"019","7pm",15.013024,39.94972,27.37498,17.662282
"020","7pm",14.84134,44.7778,27.89075,12.490119
"021","7pm",14.579702,48.15716,28.65924,8.603892
"022","7pm",18.842362,40.96774,24.41816,15.771737
"023","7pm",11.173628,43.68066,25.9811,19.16461
"024","7pm",14.08095,32.34892,36.40028,17.16985
"025","7pm",12.386216,32.90327,32.27213,22.438382
"026","7pm",6.70832,32.09096,32.83573,28.364995
"027","7pm",11.357007,26.29475,35.85811,26.490132
"028","7pm",8.363043,38.84946,35.76252,17.024975
"001","8pm",7.663096,29.29235,35.46286,27.581698
"002","8pm",8.63923,31.89713,34.01229,25.451354
"003","8pm",15.157373,24.34303,23.28632,37.213272
"004","8pm",8.768868,25.73899,31.07164,34.420503
"005","8pm",14.95013,57.32234,16.3016,11.425931
"006","8pm",5.598725,54.15591,17.16929,23.076075
"007","8pm",12.561835,53.45142,26.13826,7.848484
"008","8pm",13.749606,44.02377,18.39055,23.836073
"009","8pm",8.909203,43.75155,30.20944,17.129801
"010","8pm",10.482596,50.00175,28.98625,10.529406
"011","8pm",3.556098,36.78782,31.76799,27.888093
"012","8pm",5.841086,33.13886,30.13963,30.880421
"013","8pm",5.84999,36.33675,24.82917,32.984087
"014","8pm",14.417692,50.60943,30.99856,3.974314
"015","8pm",10.872932,54.32253,18.98185,15.822681
"016","8pm",9.408704,55.0954,23.50726,11.988631
"017","8pm",10.8802,46.35931,24.21637,18.544117
"018","8pm",9.925242,38.80924,27.55901,23.706508
"019","8pm",15.074672,42.55263,28.01449,14.358205
"020","8pm",14.017919,42.42265,29.28965,14.269782
"021","8pm",13.877053,46.30123,27.11357,12.70814
"022","8pm",17.556007,41.48542,24.94685,16.011716
"023","8pm",11.131433,42.91548,26.86084,19.09224
"024","8pm",13.477011,33.31176,35.28812,17.923114
"025","8pm",11.942065,31.40038,33.06934,23.588217
"026","8pm",6.699346,31.77112,32.7918,28.737733
"027","8pm",10.851946,24.76868,36.51774,27.861628
"028","8pm",8.420089,39.18731,35.71806,16.674536
"001","9pm",7.551254,29.87526,33.78467,28.78881
"002","9pm",8.534092,29.00191,34.88684,27.577153
"003","9pm",15.606045,24.79705,21.69866,37.898236
"004","9pm",8.81116,25.22298,33.17188,32.79398
"005","9pm",14.875979,57.21406,15.43323,12.476728
"006","9pm",5.45455,52.58642,17.54976,24.409265
"007","9pm",12.441595,55.23174,24.55331,7.773359
"008","9pm",13.530107,44.91738,18.09696,23.455553
"009","9pm",9.039249,44.84347,30.6504,15.46688
"010","9pm",10.434401,48.41108,29.10551,12.049008
"011","9pm",3.666143,37.92623,32.77775,25.629869
"012","9pm",5.862059,31.87403,29.8233,32.440611
"013","9pm",5.960607,37.02384,23.40777,33.607782
"014","9pm",13.130428,50.33432,32.66169,3.873563
"015","9pm",11.181666,53.14168,19.40469,16.271963
"016","9pm",9.029621,57.6533,21.81147,11.505601
"017","9pm",10.71525,46.92855,24.95004,17.406162
"018","9pm",9.844526,40.12459,26.51717,23.513717
"019","9pm",15.242297,40.90359,30.09605,13.758062
"020","9pm",13.634667,43.20214,28.24777,14.915417
"021","9pm",13.752269,46.78409,26.86977,12.593868
"022","9pm",17.64036,39.73492,25.68284,16.941884
"023","9pm",11.569237,40.67033,27.91729,19.843144
"024","9pm",13.442439,32.58701,35.6455,18.325048
"025","9pm",11.455858,30.66842,32.58021,25.295507
"026","9pm",6.463871,31.00047,32.91777,29.617889
"027","9pm",10.851946,25.56701,36.51774,27.063302
"028","9pm",8.00204,37.2417,35.50783,19.248423
"001","10pm",7.785696,32.79326,32.27786,27.143184
"002","10pm",9.320736,29.43934,32.21003,29.029893
"003","10pm",15.591637,24.6144,22.12875,37.665218
"004","10pm",8.55673,24.49464,32.09162,34.857012
"005","10pm",15.027824,57.09679,16.3728,11.50258
"006","10pm",6.174955,52.10216,18.91591,22.806979
"007","10pm",12.71573,53.88125,25.51463,7.888393
"008","10pm",13.407724,46.26343,18.05438,22.274464
"009","10pm",8.909802,44.67349,29.52479,16.891915
"010","10pm",10.3706,49.76531,29.92865,9.935442
"011","10pm",2.513706,36.82314,32.85411,27.809045
"012","10pm",5.697113,29.44968,32.40946,32.443747
"013","10pm",5.840955,36.80156,23.67307,33.684419
"014","10pm",13.062871,50.07535,33.25361,3.608167
"015","10pm",10.611806,53.84801,19.52244,16.017751
"016","10pm",8.759945,57.07923,22.04895,12.111874
"017","10pm",10.422016,46.75693,24.62678,18.194275
"018","10pm",9.443405,39.61256,27.1504,23.793638
"019","10pm",15.482447,41.54805,29.87394,13.095569
"020","10pm",13.279338,43.22734,28.17752,15.315801
"021","10pm",13.444386,46.36885,27.87484,12.311919
"022","10pm",17.270534,40.99836,25.1444,16.586702
"023","10pm",11.488547,39.91915,27.72258,20.869726
"024","10pm",14.171802,34.35512,36.71535,14.757721
"025","10pm",11.41751,30.90051,32.47115,25.21083
"026","10pm",6.386526,30.62953,32.52388,30.460063
"027","10pm",10.592812,26.56514,35.64573,27.196318
"028","10pm",8.546522,36.46734,35.91291,19.073236
"001","11pm",8.237944,33.90151,30.48178,27.378766
"002","11pm",8.684098,31.1378,30.09889,30.079218
"003","11pm",15.393127,24.15923,23.54401,36.903631
"004","11pm",8.905351,22.46256,32.41035,36.221746
"005","11pm",15.23977,55.41158,17.68384,11.664807
"006","11pm",5.872852,51.77896,18.53229,23.815902
"007","11pm",12.914371,54.72296,24.35104,8.011623
"008","11pm",13.257827,45.74621,19.01264,21.983322
"009","11pm",8.788144,44.06351,30.48708,16.661267
"010","11pm",10.45546,50.03641,29.49139,10.016741
"011","11pm",2.510444,36.77535,32.81146,27.902744
"012","11pm",5.670051,30.24652,30.89463,33.188798
"013","11pm",5.860708,36.07243,25.61039,32.45647
"014","11pm",13.847388,51.04047,32.30559,2.806555
"015","11pm",10.364638,53.22335,20.76734,15.644668
"016","11pm",8.686186,58.20786,21.09607,12.009891
"017","11pm",10.361774,46.48667,25.06245,18.089108
"018","11pm",9.707642,39.67384,28.71644,21.902076
"019","11pm",15.004606,40.26573,30.64544,14.084215
"020","11pm",13.235842,41.82898,28.90792,16.027259
"021","11pm",13.642838,46.79677,27.44037,12.120019
"022","11pm",17.09254,41.09477,25.39693,16.415756
"023","11pm",11.418966,40.28303,27.55468,20.743327
"024","11pm",14.171802,34.35512,36.71535,14.757721
"025","11pm",11.335024,31.39972,32.23656,25.028695
"026","11pm",6.329404,30.84314,32.23298,30.59448
"027","11pm",10.682635,26.7904,35.10003,27.426933
"028","11pm",8.241041,37.37696,35.9905,18.391494
"001","12pm",8.364572,34.04206,30.40618,27.187188
"002","12pm",8.337688,30.50364,31.1153,30.043373
"003","12pm",15.279269,23.98054,23.36986,37.370333
"004","12pm",8.945018,22.11719,32.55471,36.383085
"005","12pm",15.710329,54.99554,17.26915,12.024982
"006","12pm",5.777723,50.94023,18.2321,25.049942
"007","12pm",12.914371,54.72296,24.35104,8.011623
"008","12pm",12.249467,45.9899,19.36727,22.393363
"009","12pm",8.668965,43.46594,30.07364,17.791455
"010","12pm",10.379125,49.67109,30.00618,9.943608
"011","12pm",2.601218,39.06797,33.18107,25.149748
"012","12pm",5.670051,30.24652,30.89463,33.188798
"013","12pm",5.81686,35.80255,26.16695,32.21364
"014","12pm",13.395605,51.98675,31.25159,3.36605
"015","12pm",11.653612,52.45799,20.46871,15.419695
"016","12pm",8.535717,58.93181,20.73063,11.801847
"017","12pm",10.145516,45.51645,26.62646,17.711573
"018","12pm",9.707642,39.67384,28.71644,21.902076
"019","12pm",15.004606,40.26573,30.64544,14.084215
"020","12pm",13.342719,41.35926,29.14135,16.156676
"021","12pm",13.642838,46.79677,27.44037,12.120019
"022","12pm",17.004297,41.39888,25.26581,16.331007
"023","12pm",11.418966,40.28303,27.55468,20.743327
"024","12pm",14.171802,34.35512,36.71535,14.757721
"025","12pm",12.10621,33.53602,32.44849,21.909277
"026","12pm",6.329404,30.84314,32.23298,30.59448
"027","12pm",10.760653,26.25573,35.35638,27.627239
"028","12pm",8.146006,37.4961,35.57546,18.782433
"001","1am",8.536626,34.26342,30.13925,27.060703
"002","1am",8.323814,29.79395,31.88885,29.993382
"003","1am",15.276764,23.37034,23.36603,37.986866
"004","1am",8.945018,22.11719,32.55471,36.383085
"005","1am",15.710329,54.99554,17.26915,12.024982
"006","1am",5.749708,51.17811,18.1437,24.928481
"007","1am",13.107872,54.79373,23.96673,8.131664
"008","1am",12.188162,46.2602,19.27034,22.281291
"009","1am",8.66316,42.72496,30.0535,18.558383
"010","1am",10.379125,49.67109,30.00618,9.943608
"011","1am",2.587599,39.38698,33.00734,25.018074
"012","1am",5.664964,30.5096,30.66642,33.159019
"013","1am",5.81686,35.80255,26.16695,32.21364
"014","1am",13.867838,51.70328,31.08119,3.347696
"015","1am",11.653612,52.45799,20.46871,15.419695
"016","1am",8.473099,59.23309,20.57854,11.715268
"017","1am",10.160349,45.43679,26.66539,17.737468
"018","1am",9.581582,39.81186,28.98889,21.617663
"019","1am",15.004606,40.26573,30.64544,14.084215
"020","1am",13.241057,41.80605,28.91931,16.033575
"021","1am",13.642838,46.79677,27.44037,12.120019
"022","1am",17.004297,41.39888,25.26581,16.331007
"023","1am",11.418966,40.28303,27.55468,20.743327
"024","1am",14.028162,34.00691,37.35678,14.608142
"025","1am",12.10621,33.53602,32.44849,21.909277
"026","1am",6.237569,30.9874,32.62446,30.150576
"027","1am",10.760653,26.25573,35.35638,27.627239
"028","1am",8.146006,37.4961,35.57546,18.782433
"001","2am",8.770355,33.76427,30.96445,26.500929
"002","2am",8.147264,29.80697,31.21248,30.833285
"003","2am",15.1654,23.92895,23.1957,37.709951
"004","2am",8.945018,22.11719,32.55471,36.383085
"005","2am",15.58541,55.35339,17.13183,11.929366
"006","2am",5.747874,49.86399,18.13791,26.250224
"007","2am",13.107872,54.79373,23.96673,8.131664
"008","2am",12.125894,46.02386,19.68279,22.167458
"009","2am",8.607239,42.44916,29.8595,19.084097
"010","2am",10.379125,49.67109,30.00618,9.943608
"011","2am",2.587599,39.38698,33.00734,25.018074
"012","2am",5.664964,30.5096,30.66642,33.159019
"013","2am",5.81686,35.80255,26.16695,32.21364
"014","2am",13.867838,51.70328,31.08119,3.347696
"015","2am",11.653612,52.45799,20.46871,15.419695
"016","2am",8.530211,59.63235,20.71725,11.120187
"017","2am",10.090027,45.81443,26.48084,17.614704
"018","2am",9.581582,39.81186,28.98889,21.617663
"019","2am",15.004606,40.26573,30.64544,14.084215
"020","2am",13.241057,41.80605,28.91931,16.033575
"021","2am",13.642838,46.79677,27.44037,12.120019
"022","2am",17.004297,41.39888,25.26581,16.331007
"023","2am",11.418966,40.28303,27.55468,20.743327
"024","2am",14.028162,34.00691,37.35678,14.608142
"025","2am",12.10621,33.53602,32.44849,21.909277
"026","2am",6.237569,30.9874,32.62446,30.150576
"027","2am",10.760653,26.25573,35.35638,27.627239
"028","2am",8.146006,37.4961,35.57546,18.782433
"001","3am",8.660412,32.59085,29.82613,28.922613
"002","3am",8.269325,30.25353,31.6801,29.79704
"003","3am",15.1654,23.92895,23.1957,37.709951
"004","3am",9.050579,22.3782,32.93889,35.632335
"005","3am",15.58541,55.35339,17.13183,11.929366
"006","3am",5.709912,50.19512,18.01812,26.076853
"007","3am",13.107872,54.79373,23.96673,8.131664
"008","3am",12.125894,46.02386,19.68279,22.167458
"009","3am",8.607239,42.44916,29.8595,19.084097
"010","3am",10.379125,49.67109,30.00618,9.943608
"011","3am",2.570154,39.12144,32.78481,25.52359
"012","3am",5.683629,30.61012,30.76746,32.938791
"013","3am",5.864989,35.27138,26.38345,32.480174
"014","3am",13.867838,51.70328,31.08119,3.347696
"015","3am",11.653612,52.45799,20.46871,15.419695
"016","3am",8.384105,59.46737,21.21881,10.929718
"017","3am",10.090027,45.81443,26.48084,17.614704
"018","3am",9.581582,39.81186,28.98889,21.617663
"019","3am",15.004606,40.26573,30.64544,14.084215
"020","3am",13.241057,41.80605,28.91931,16.033575
"021","3am",13.642838,46.79677,27.44037,12.120019
"022","3am",17.004297,41.39888,25.26581,16.331007
"023","3am",11.418966,40.28303,27.55468,20.743327
"024","3am",14.028162,34.00691,37.35678,14.608142
"025","3am",12.10621,33.53602,32.44849,21.909277
"026","3am",6.237569,30.9874,32.62446,30.150576
"027","3am",10.760653,26.25573,35.35638,27.627239
"028","3am",8.146006,37.4961,35.57546,18.782433
