"district","hour","occ1","occ2","occ3","occ4","occ5"
"001","4am",38.35943,36.795785,6.18849,15.66737,2.9889174
"002","4am",52.67909,15.715011,8.070541,23.53536,0
"003","4am",43.05381,25.644353,5.295373,23.2469,2.7595654
"004","4am",47.75036,16.589492,7.21014,24.21379,4.2362225
"005","4am",48.32135,19.496461,11.694779,16.78033,3.7070877
"006","4am",48.98865,17.52643,6.739037,21.30856,5.4373184
"007","4am",43.01625,9.598556,21.479202,19.26491,6.6410812
"008","4am",47.70638,12.536822,10.792388,24.52153,4.4428762
"009","4am",57.82732,7.125667,6.262209,25.47964,3.3051588
"010","4am",50.33791,4.77648,12.540524,23.97853,8.3665552
"011","4am",60.29072,13.605161,5.82974,15.46039,4.8139877
"012","4am",57.71431,11.404833,3.426189,23.81912,3.6355453
"013","4am",50.41644,13.266378,2.3311,28.35316,5.6329267
"014","4am",53.1136,10.289235,5.857219,26.99712,3.7428256
"015","4am",56.92544,6.11865,8.661243,24.18927,4.1053955
"016","4am",55.25731,9.151988,7.402213,24.62357,3.5649248
"017","4am",55.56996,9.128273,1.810234,28.95077,4.5407661
"018","4am",64.11965,9.093576,5.626854,16.68797,4.4719563
"019","4am",60.85275,6.173123,8.41542,23.07353,1.4851767
"020","4am",64.0131,7.644762,1.813199,22.13703,4.3919071
"021","4am",64.54872,4.563878,2.952197,26.08473,1.8504764
"022","4am",66.16381,4.94161,3.06428,25.42874,0.4015527
"023","4am",60.6467,8.638833,1.636807,27.38225,1.695409
"024","4am",57.86217,6.836356,4.427555,28.90217,1.9717462
"025","4am",54.06614,9.129642,2.781269,33.06911,0.953839
"026","4am",59.10664,11.018659,1.237275,26.33193,2.3054941
"027","4am",61.04193,9.265065,1.041257,26.41692,2.2348294
"028","4am",64.74474,6.814496,3.816337,23.31071,1.3137135
"001","5am",38.37481,36.786606,6.186946,15.66347,2.9881718
"002","5am",52.39995,15.63174,8.027777,23.94053,0
"003","5am",42.85118,25.735603,5.314215,23.32962,2.7693848
"004","5am",48.04485,16.49599,7.169502,24.07731,4.2123461
"005","5am",47.9664,19.63037,11.775103,16.89558,3.7325492
"006","5am",48.62405,17.651701,6.787204,21.46087,5.4761819
"007","5am",42.83189,9.73672,21.788379,18.90634,6.7366747
"008","5am",47.52901,12.579345,10.828994,24.60471,4.4579458
"009","5am",57.96428,7.102526,6.241872,25.39689,3.294425
"010","5am",50.92343,4.720165,12.392669,23.69582,8.2679123
"011","5am",60.06829,13.962104,5.982688,15.04663,4.9402868
"012","5am",57.21505,11.539489,3.466642,24.10035,3.6784702
"013","5am",50.2989,13.297825,2.336626,28.42037,5.6462793
"014","5am",53.7974,10.139174,5.771797,26.60339,3.6882395
"015","5am",58.51056,5.893487,8.342514,23.29912,3.9543191
"016","5am",55.80421,9.040121,7.311735,24.32259,3.52135
"017","5am",55.54582,9.133233,1.811218,28.9665,4.5432335
"018","5am",63.48758,9.253769,5.725977,16.98194,4.5507345
"019","5am",60.64986,6.205118,8.459037,23.19312,1.4928742
"020","5am",62.81111,7.900103,1.873761,22.87643,4.5386005
"021","5am",64.31951,4.593386,2.971285,26.25338,1.8624408
"022","5am",65.95373,4.972292,3.083306,25.58662,0.4040458
"023","5am",60.00554,8.77958,1.663474,27.82837,1.7230313
"024","5am",57.25283,6.935215,4.491582,29.32012,2.0002593
"025","5am",53.75111,9.192256,2.800344,33.29591,0.9603808
"026","5am",59.10664,11.018659,1.237275,26.33193,2.3054941
"027","5am",60.75992,9.332133,1.048794,26.60814,2.2510069
"028","5am",64.72418,6.818471,3.818563,23.3243,1.3144797
"001","6am",36.51919,38.303767,6.271252,15.8769,3.0288899
"002","6am",52.73044,15.697958,8.061783,23.50982,0
"003","6am",42.71616,25.796407,5.326771,23.38474,2.7759279
"004","6am",48.01823,16.862099,6.202153,24.61168,4.3058342
"005","6am",46.19961,19.857666,12.334545,17.6983,3.9098848
"006","6am",50.53156,16.69015,6.596825,20.85889,5.3225761
"007","6am",43.21184,7.926754,22.148352,19.86508,6.8479735
"008","6am",44.77831,12.837995,11.505487,26.14177,4.7364358
"009","6am",57.84273,5.259564,6.592892,26.82512,3.4796911
"010","6am",50.77695,4.696779,13.704054,22.59527,8.2269497
"011","6am",59.33894,14.241272,6.10231,15.27842,5.0390662
"012","6am",58.3537,10.63533,3.394784,24.01396,3.6022215
"013","6am",49.33141,13.556684,2.382111,28.97361,5.7561912
"014","6am",57.06703,8.789087,5.464581,25.18737,3.4919253
"015","6am",59.55939,5.744503,8.131619,22.71013,3.8543561
"016","6am",55.85142,8.347429,7.445981,24.76916,3.5860036
"017","6am",54.85336,9.275501,1.839431,29.41771,4.6140032
"018","6am",61.33143,9.800225,6.064109,17.98477,4.819466
"019","6am",60.018,6.304756,8.594866,23.56553,1.5168458
"020","6am",60.98665,8.287676,1.965687,23.99873,4.7612609
"021","6am",63.76653,4.664574,3.017334,26.66025,1.8913047
"022","6am",66.06397,3.529308,3.224644,26.75951,0.4225672
"023","6am",58.4476,7.191835,1.831111,30.63278,1.89667
"024","6am",53.74669,7.504043,4.859982,31.72496,2.1643212
"025","6am",53.18722,9.304332,2.834487,33.70187,0.9720902
"026","6am",60.16556,9.822877,1.242943,26.45257,2.3160566
"027","6am",57.62048,10.07876,1.132704,28.73695,2.431101
"028","6am",64.03261,6.595811,3.941239,24.07363,1.356709
"001","7am",34.88227,39.753344,6.2868218,16.56445,2.5131145
"002","7am",55.80159,14.941545,7.6009638,21.6559,0
"003","7am",42.83199,28.653201,4.7704606,21.08379,2.6605542
"004","7am",45.01622,15.680135,8.0806019,26.47539,4.7476508
"005","7am",39.39786,31.072815,10.730744,15.39708,3.4015016
"006","7am",52.54464,15.462302,6.3648351,20.49283,5.1353979
"007","7am",41.91124,8.44568,22.8043556,19.78793,7.0508009
"008","7am",42.72234,6.614363,13.5394902,31.55004,5.5737691
"009","7am",54.54138,5.475754,7.1441489,29.06807,3.7706416
"010","7am",50.8273,5.106759,12.4002897,23.66337,8.0022817
"011","7am",57.70974,13.256444,6.8929472,17.25794,4.8829273
"012","7am",58.13132,12.638506,3.2703202,22.37221,3.5876356
"013","7am",51.76896,5.089585,2.8759568,33.31597,6.949531
"014","7am",58.29351,10.873416,4.5481304,23.08455,3.2003944
"015","7am",64.92106,6.181815,6.2055704,19.34628,3.3452786
"016","7am",53.86294,7.996639,7.932508,26.3876,3.820316
"017","7am",50.63911,6.783822,1.6495317,35.09779,5.8297463
"018","7am",53.933,6.531844,7.6786644,25.14339,6.7131042
"019","7am",58.21277,3.867119,9.677699,26.53446,1.7079472
"020","7am",51.67581,5.334938,2.7502534,33.57737,6.6616286
"021","7am",58.29304,2.48381,3.7489231,33.12436,2.3498746
"022","7am",58.93185,0,4.4519372,36.03282,0.5833954
"023","7am",53.47696,1.728094,0.6560919,42.16384,1.9750173
"024","7am",45.84582,11.324684,4.8788421,35.52696,2.4236985
"025","7am",47.02793,6.176009,3.6527955,41.89053,1.25273
"026","7am",55.23936,6.306777,1.698543,34.6144,2.1409204
"027","7am",55.39067,1.530478,1.5106636,38.32588,3.2423087
"028","7am",58.51453,1.783942,5.3273685,32.5403,1.8338622
"001","8am",48.6993,26.786811,5.719417,16.20505,2.5894241
"002","8am",51.5067,22.44651,7.059636,18.98716,0
"003","8am",48.60986,26.998649,3.357332,19.08523,1.9489392
"004","8am",49.4392,13.936699,8.326841,23.99025,4.3070071
"005","8am",38.20475,42.735548,5.426241,11.20076,2.4327024
"006","8am",48.30489,20.200692,6.577042,19.92721,4.9901711
"007","8am",37.73014,12.312219,22.884154,21.51957,5.5539153
"008","8am",42.32352,6.770637,14.69079,30.64072,5.574335
"009","8am",46.38186,8.738365,8.398145,32.04476,4.4368705
"010","8am",51.75815,5.170215,12.532813,22.45812,8.0806951
"011","8am",56.11349,6.914795,12.190036,19.91547,4.8662099
"012","8am",65.36763,8.895231,2.4768,20.49565,2.7646814
"013","8am",49.34347,3.034123,2.504188,36.09916,9.0190518
"014","8am",60.7947,8.14061,4.310966,22.62827,4.1254508
"015","8am",69.10581,5.706201,5.779391,16.53706,2.8715444
"016","8am",56.58502,5.052212,7.183917,27.40451,3.7743412
"017","8am",45.27219,8.542003,1.730025,38.34156,6.1142227
"018","8am",43.50288,5.382465,11.431093,31.05727,8.6262962
"019","8am",52.73349,3.726552,11.224466,31.32502,0.9904624
"020","8am",50.59835,1.137684,3.199455,37.31484,7.7496779
"021","8am",48.60428,2.312654,5.424909,40.25776,3.4004047
"022","8am",49.4875,0,5.554646,44.22996,0.7278977
"023","8am",34.36641,0,1.013979,60.52214,4.0974698
"024","8am",43.17304,8.859401,5.889365,39.15249,2.9257036
"025","8am",40.50028,3.618441,4.000273,50.31504,1.5659688
"026","8am",48.58428,4.541996,2.12866,40.77859,3.9664698
"027","8am",45.18215,0,1.963705,48.63948,4.2146626
"028","8am",54.76339,1.362002,6.113411,35.65675,2.1044449
"001","9am",48.62108,20.513947,9.051016,19.32185,2.4921075
"002","9am",51.21553,26.073735,7.634125,15.07661,0
"003","9am",47.42619,27.473186,3.986499,18.90336,2.2107619
"004","9am",51.54168,14.854004,6.516715,22.89472,4.1928807
"005","9am",36.11752,46.582019,4.454082,10.19757,2.6488074
"006","9am",48.00408,21.123105,5.777038,20.08365,5.0121322
"007","9am",38.6806,11.527283,18.760987,23.73321,7.297924
"008","9am",43.91202,5.548544,13.689203,30.61508,6.2351531
"009","9am",44.96338,10.458261,9.370407,30.66057,4.5473808
"010","9am",52.16855,5.152042,13.810673,21.78054,7.0881981
"011","9am",62.12218,5.116698,9.352753,17.39585,6.0125148
"012","9am",66.01027,8.601956,3.051538,20.22032,2.1159178
"013","9am",54.47693,1.245147,1.615014,33.84401,8.8188995
"014","9am",60.28007,7.660916,4.652072,23.19771,4.2092359
"015","9am",68.76731,5.967594,5.632859,16.83349,2.7987388
"016","9am",60.95733,3.459652,7.577024,24.75676,3.2492355
"017","9am",44.27368,7.760618,1.748892,39.45288,6.7639321
"018","9am",49.73929,3.575119,8.548131,29.59428,8.5431814
"019","9am",52.7434,3.986203,10.768412,31.44251,1.0594737
"020","9am",52.64893,0,2.180339,37.11599,8.0547415
"021","9am",45.6903,2.353822,5.521479,42.97347,3.4609359
"022","9am",49.09398,0,5.518398,44.66447,0.7231477
"023","9am",31.19936,0,0,64.53798,4.2626666
"024","9am",45.00948,9.582869,5.023588,37.21944,3.1646197
"025","9am",38.54988,3.81284,4.811473,51.17571,1.6500998
"026","9am",48.40061,4.940341,2.315349,40.02936,4.3143395
"027","9am",47.87494,0,0,47.81945,4.3056038
"028","9am",54.66711,1.404545,6.304365,35.4538,2.1701777
"001","10am",52.80396,20.244555,7.1348173,17.55442,2.2622502
"002","10am",49.76064,25.715816,8.3962546,16.12729,0
"003","10am",46.94308,27.516368,4.4056247,19.1374,1.9975314
"004","10am",50.51542,15.333869,5.6613598,25.3896,3.0997567
"005","10am",34.01425,50.214686,3.7828887,9.3632,2.6249739
"006","10am",51.41738,21.406842,6.0124899,16.02462,5.138662
"007","10am",39.05511,10.331173,21.3790995,21.85208,7.3825362
"008","10am",41.80477,5.879596,13.3445679,30.74698,8.2240879
"009","10am",47.66896,8.756703,8.3411081,32.29569,2.937544
"010","10am",54.385,5.076975,12.420413,21.13269,6.9849208
"011","10am",51.78423,4.656479,7.0595805,31.02799,5.4717215
"012","10am",65.39577,8.604363,3.6056331,19.77148,2.6227545
"013","10am",51.85129,2.427786,0.8124425,36.33263,8.5758579
"014","10am",61.46886,7.840844,3.548898,22.8333,4.3080959
"015","10am",67.7679,5.865528,5.6823449,17.93335,2.7508711
"016","10am",58.34655,3.294994,9.1701416,25.89828,3.2900339
"017","10am",46.35507,8.107804,1.9500673,36.44072,7.1463459
"018","10am",46.6674,3.60275,8.3574509,32.77001,8.6023853
"019","10am",53.21524,3.991823,10.783596,29.8874,2.1219352
"020","10am",50.83562,0,3.4379101,37.39921,8.3272619
"021","10am",45.66693,2.232426,5.2367141,43.58149,3.2824417
"022","10am",48.35768,0,6.1286704,44.71053,0.8031197
"023","10am",32.21193,0,1.1361491,62.06076,4.5911555
"024","10am",38.13096,9.945112,5.2134846,43.4262,3.2842456
"025","10am",43.29892,3.648046,3.5114218,47.96283,1.5787812
"026","10am",45.06698,5.343021,1.7813084,44.65245,3.1562424
"027","10am",45.74099,0,0,49.41861,4.8403951
"028","10am",55.28568,1.440868,5.3429775,35.70418,2.2263014
"001","11am",52.09745,18.690681,6.94904,19.05351,3.2093228
"002","11am",47.55277,24.002265,8.328398,19.377997,0.7385693
"003","11am",48.09798,27.766035,3.822323,19.066083,1.2475769
"004","11am",49.42201,15.422184,6.401099,25.57671,3.1779927
"005","11am",35.02601,50.184859,4.135796,9.205473,1.4478627
"006","11am",50.71477,21.068038,7.106882,15.547046,5.5632623
"007","11am",39.39881,9.866803,21.678523,21.692757,7.3631102
"008","11am",45.73495,7.055025,11.712408,30.457335,5.0402847
"009","11am",50.80732,8.367006,7.135061,29.484143,4.2064717
"010","11am",54.36094,5.239512,10.083439,24.175249,6.1408631
"011","11am",60.35498,6.249676,8.139949,19.813227,5.4421678
"012","11am",63.34931,8.643838,3.622175,21.749889,2.6347871
"013","11am",50.15867,2.412373,2.719172,36.188371,8.5214136
"014","11am",61.33976,8.5758,4.331366,22.793942,2.9591309
"015","11am",68.63069,6.417348,5.282044,15.432064,4.2378517
"016","11am",57.89422,4.07647,7.922851,25.750078,4.3563853
"017","11am",45.45538,8.354303,1.882681,37.6539,6.6537396
"018","11am",47.69519,3.384447,8.945251,30.992005,8.9831089
"019","11am",53.35414,3.888092,9.295721,31.395254,2.0667949
"020","11am",50.80227,0,3.525147,37.13402,8.5385648
"021","11am",44.56395,4.985872,5.100522,42.152584,3.1970747
"022","11am",51.46981,0,5.837325,41.927928,0.7649409
"023","11am",31.30223,0,4.307283,59.928996,4.4614954
"024","11am",38.02759,6.711196,5.146391,46.872844,3.24198
"025","11am",41.31711,3.965326,3.196685,49.804786,1.7160918
"026","11am",41.64677,5.078624,2.380157,46.459349,4.4351002
"027","11am",44.74853,0,1.112745,49.492616,4.6461111
"028","11am",54.17985,1.415909,6.355372,35.861129,2.187736
"001","12am",47.44561,26.915602,6.163068,16.5209,2.9548253
"002","12am",44.5009,25.262287,9.333646,20.90317,0
"003","12am",48.49568,25.199269,3.671781,21.26827,1.3650035
"004","12am",47.56006,16.315889,7.984987,24.31839,3.8206808
"005","12am",34.41152,46.594156,6.219203,10.27662,2.4985071
"006","12am",57.01723,13.179508,6.923605,17.55786,5.321804
"007","12am",39.04774,13.969702,20.487498,19.88326,6.6118045
"008","12am",47.9585,8.42857,11.682775,27.49281,4.4373495
"009","12am",51.83589,7.035275,7.476618,27.49597,6.1562451
"010","12am",56.54807,5.292468,7.70182,24.25472,6.2029293
"011","12am",63.15775,9.579992,7.049903,16.06838,4.1439727
"012","12am",61.0491,9.435615,3.239296,23.59285,2.6831398
"013","12am",47.52184,6.363056,2.485711,36.60858,7.0208156
"014","12am",62.69923,6.457982,3.76758,23.66885,3.4063548
"015","12am",65.65441,7.252736,6.186258,16.13395,4.7726507
"016","12am",53.48291,4.306643,8.955138,28.72449,4.5308256
"017","12am",50.22441,7.691597,1.747954,34.15845,6.1775871
"018","12am",50.64915,3.093269,10.065065,27.98226,8.2102567
"019","12am",53.85431,2.62306,10.23138,31.27797,2.0132733
"020","12am",53.60545,1.85782,3.012831,34.22626,7.2976414
"021","12am",44.68529,4.808625,4.919199,42.50346,3.0834193
"022","12am",57.04498,0,4.841444,37.47914,0.6344377
"023","12am",38.64918,0,3.664474,53.89067,3.7956721
"024","12am",46.98168,5.82104,5.660426,38.72488,2.8119719
"025","12am",40.91045,5.493866,2.826741,49.25145,1.5174932
"026","12am",40.36959,4.715143,2.334517,48.2307,4.3500573
"027","12am",45.62231,0,1.089154,48.74092,4.54761
"028","12am",54.86148,1.360191,6.10528,35.57141,2.1016459
"001","1pm",48.13871,24.953417,7.6338453,16.790458,2.4835714
"002","1pm",50.83856,22.619986,7.229539,19.31191,0
"003","1pm",46.59374,29.228481,4.6029856,17.644658,1.930133
"004","1pm",49.77331,12.75817,8.2102501,24.599233,4.659035
"005","1pm",33.51304,46.43041,7.1518738,9.907815,2.9968649
"006","1pm",55.68595,14.519586,7.2378457,17.362236,5.1943808
"007","1pm",34.41327,13.924051,24.8513945,19.785471,7.0258123
"008","1pm",44.69279,6.754337,12.0538694,32.055924,4.443079
"009","1pm",48.58482,6.612381,9.1604089,30.482198,5.1601957
"010","1pm",56.31567,6.167469,8.0789487,23.274247,6.1636645
"011","1pm",59.8727,9.026785,7.3601117,18.649684,5.0907192
"012","1pm",62.73953,10.039624,3.0344962,21.672853,2.5135019
"013","1pm",41.68908,8.479959,3.2336925,39.55466,7.0426132
"014","1pm",62.63392,7.121925,3.8156303,22.978728,3.4497981
"015","1pm",69.42881,6.622819,6.1205978,14.732677,3.0950923
"016","1pm",56.46574,3.449327,7.3307808,27.69835,5.0558017
"017","1pm",47.01349,7.709744,3.2887831,34.796445,7.1915365
"018","1pm",52.46098,3.096572,9.2432109,26.980216,8.2190226
"019","1pm",54.28479,0,7.1492946,37.397489,1.1684219
"020","1pm",55.33759,1.910758,1.9968316,34.524085,6.2307392
"021","1pm",46.43646,3.768501,5.0837403,41.524746,3.1865557
"022","1pm",48.93422,0,5.5468139,44.79209,0.7268714
"023","1pm",31.21234,2.666401,3.9494115,58.081035,4.0908113
"024","1pm",42.28169,6.524883,6.3448493,41.696598,3.1519777
"025","1pm",37.69109,5.531485,4.4551085,50.794436,1.5278841
"026","1pm",38.00224,7.593331,1.4690009,49.123028,3.8124036
"027","1pm",48.42534,0,0.9943317,46.188825,4.3915011
"028","1pm",53.57904,1.593212,2.3111761,40.054881,2.4616894
"001","2pm",47.6255,24.816665,6.942308,17.581594,3.0339312
"002","2pm",52.36516,21.307816,7.498594,18.828429,0
"003","2pm",46.83084,29.728993,4.038264,17.655354,1.7465493
"004","2pm",50.07016,14.438584,7.173187,24.470419,3.8476464
"005","2pm",40.09118,43.344067,5.793651,8.516143,2.2549554
"006","2pm",53.63997,16.157954,6.930705,17.651655,5.6197155
"007","2pm",38.59814,12.724289,25.032879,15.659739,7.9849585
"008","2pm",44.25314,6.592263,11.606309,32.944099,4.6041895
"009","2pm",50.28788,8.57399,7.339457,28.013647,5.7850263
"010","2pm",56.22267,6.013952,8.73024,21.989797,7.0433413
"011","2pm",58.43265,4.793641,10.50654,21.329638,4.937528
"012","2pm",61.71282,9.811502,4.08855,21.930734,2.4563898
"013","2pm",40.55159,8.99352,3.429531,40.242633,6.7827284
"014","2pm",62.24126,8.140698,3.864616,22.064167,3.689257
"015","2pm",68.14176,8.347599,5.25655,15.15202,3.1020706
"016","2pm",58.10305,1.687189,5.268931,29.689033,5.2518023
"017","2pm",47.89998,9.496983,4.094491,32.372774,6.1357766
"018","2pm",46.1082,1.759073,9.563999,36.248005,6.3207262
"019","2pm",51.99006,0,8.443355,38.380517,1.1860709
"020","2pm",59.02518,2.067268,1.138841,33.371672,4.3970421
"021","2pm",46.66215,3.799841,3.087415,43.237537,3.2130558
"022","2pm",50.32676,0,5.93865,42.956372,0.7782188
"023","2pm",30.30798,2.78242,4.121256,59.608346,3.1799933
"024","2pm",44.26282,7.886945,2.994433,43.238151,1.6176474
"025","2pm",39.83901,3.731631,4.708995,50.105406,1.6149547
"026","2pm",44.70306,7.54804,0.739418,44.601131,2.4083523
"027","2pm",50.4987,0,1.155214,44.399261,3.9468292
"028","2pm",55.50135,1.600284,2.321434,38.104313,2.4726158
"001","3pm",45.72149,26.452618,5.129088,19.8648,2.8319995
"002","3pm",54.41655,18.210383,8.532019,18.35706,0.4839934
"003","3pm",48.12411,27.821675,4.587105,17.03547,2.4316348
"004","3pm",49.84831,14.643926,6.046307,26.19016,3.2712889
"005","3pm",36.99774,44.217727,5.875355,10.60745,2.3017262
"006","3pm",52.08151,14.239456,8.167273,19.94879,5.5629696
"007","3pm",40.63784,11.403901,24.802178,15.16021,7.995873
"008","3pm",44.22296,11.293523,9.243963,31.25146,3.9881005
"009","3pm",56.08639,8.813139,9.049774,20.10431,5.9463845
"010","3pm",56.783,6.554884,8.969167,20.55678,7.136175
"011","3pm",64.28476,6.227381,10.206944,14.09096,5.1899467
"012","3pm",65.79278,8.175703,3.741806,19.38898,2.9007288
"013","3pm",40.50858,9.325405,2.742021,41.06305,6.360941
"014","3pm",64.17719,8.477735,2.987262,21.62627,2.7315441
"015","3pm",67.03421,8.661143,3.80633,16.66666,3.8316625
"016","3pm",55.67283,3.595889,5.2174,30.66572,4.8481582
"017","3pm",51.1223,8.212861,2.012373,33.03109,5.6213717
"018","3pm",46.66502,1.900551,8.151142,35.3191,7.9641865
"019","3pm",56.53368,2.763516,6.754906,32.75899,1.1889051
"020","3pm",58.65811,2.091115,2.341589,29.75219,7.156999
"021","3pm",43.56225,3.23598,4.365365,46.10014,2.7362688
"022","3pm",48.4748,0,6.314594,44.38312,0.8274837
"023","3pm",32.80107,0,4.058588,58.93645,4.2038971
"024","3pm",42.46933,7.856324,6.48728,39.96433,3.2227338
"025","3pm",41.22716,4.099722,5.173493,48.64452,0.8551087
"026","3pm",44.96079,6.763357,1.591842,43.17685,3.5071533
"027","3pm",48.4966,0,1.106418,45.51045,4.8865323
"028","3pm",54.31347,1.575889,4.52646,37.14926,2.4349234
"001","4pm",48.62895,29.827299,4.204547,14.55412,2.785081
"002","4pm",52.52348,16.880649,11.112967,19.17754,0.3053726
"003","4pm",44.58737,28.395681,4.175713,20.47891,2.3623301
"004","4pm",54.6307,11.140437,6.815628,24.089,3.3242345
"005","4pm",40.70262,35.121455,8.616765,12.65068,2.9084831
"006","4pm",48.26951,14.706087,7.97683,22.86967,6.1779097
"007","4pm",38.17232,10.158469,25.153013,19.37388,7.1423137
"008","4pm",43.17423,16.283199,9.86365,26.05108,4.6278444
"009","4pm",52.88718,8.111034,6.919658,24.30828,7.7738474
"010","4pm",54.50073,5.557344,11.212101,21.17801,7.5518147
"011","4pm",67.44948,3.620333,7.934214,16.78086,4.2151062
"012","4pm",59.54971,11.230094,2.692174,23.51179,3.0162314
"013","4pm",38.30097,12.577557,5.675386,36.32149,7.1245992
"014","4pm",64.49702,7.2275,3.007639,22.51766,2.7501769
"015","4pm",61.77311,8.857113,4.49915,21.20067,3.6699598
"016","4pm",60.56279,2.943332,5.776811,26.94773,3.7693331
"017","4pm",50.26151,7.419054,3.391415,33.40085,5.527172
"018","4pm",53.75942,5.989033,8.545551,25.03197,6.6740319
"019","4pm",53.76796,2.628851,6.425742,34.13902,3.0384251
"020","4pm",57.44441,5.0053,1.999132,28.63288,6.9182766
"021","4pm",47.56215,5.452629,4.163301,40.21231,2.6096119
"022","4pm",49.19584,0,5.771983,44.2758,0.7563783
"023","4pm",36.98555,2.676189,3.54702,53.11722,3.6740134
"024","4pm",49.23734,5.387145,6.02299,36.67028,2.6822495
"025","4pm",36.98728,8.076573,4.776883,48.52103,1.6382369
"026","4pm",48.31579,7.852633,1.173979,39.51084,3.1467546
"027","4pm",52.51393,0,1.03184,42.92891,3.5253181
"028","4pm",57.84109,1.951565,5.82794,32.37323,2.006176
"001","5pm",44.65765,32.351199,5.2005563,14.85419,2.9364019
"002","5pm",52.49571,18.646124,10.9285441,17.61032,0.3192939
"003","5pm",36.56132,29.085831,5.7150447,25.95809,2.6797064
"004","5pm",48.29275,15.826305,6.9612311,24.16551,4.7542074
"005","5pm",46.58611,30.873655,7.6977513,12.08067,2.7618078
"006","5pm",49.30009,16.468907,6.8983725,21.87938,5.4532506
"007","5pm",40.78562,8.612076,24.9321858,18.0755,7.5946114
"008","5pm",47.80536,8.521117,10.6617319,28.96357,4.048221
"009","5pm",55.46687,8.972751,7.1264982,24.27496,4.1589215
"010","5pm",53.02832,2.764588,9.3809864,25.88909,8.9370124
"011","5pm",60.67609,10.182566,9.9868382,15.11819,4.0363188
"012","5pm",55.36556,7.305894,2.1723147,30.94492,4.2113171
"013","5pm",46.84976,10.29773,2.2658703,34.18676,6.3998832
"014","5pm",59.53195,9.149588,4.2157956,24.58155,2.5211154
"015","5pm",58.11846,6.789417,5.959492,24.15608,4.9765454
"016","5pm",52.41892,10.725894,7.4417417,26.01947,3.3939742
"017","5pm",55.46945,8.890169,3.3991955,28.66171,3.5794791
"018","5pm",57.85848,7.280391,6.5448903,23.20471,5.1115262
"019","5pm",56.11933,3.474839,7.6314293,30.30048,2.4739202
"020","5pm",58.68758,5.708502,1.7631324,27.73922,6.1015667
"021","5pm",56.5115,4.988912,3.8092346,32.30268,2.3876787
"022","5pm",53.55809,1.424259,4.880077,39.49807,0.6395002
"023","5pm",54.06243,6.240679,2.2449246,35.12667,2.3252991
"024","5pm",48.15628,9.033714,5.5533339,34.78357,2.4730951
"025","5pm",39.31899,14.202442,3.7907492,41.38777,1.3000414
"026","5pm",48.04799,8.579217,1.836539,38.11411,3.4221423
"027","5pm",61.49116,1.601026,0.7679696,32.74808,3.3917649
"028","5pm",60.4684,3.060187,5.0384429,29.69857,1.7344042
"001","6pm",43.74762,34.418532,4.8674049,14.39716,2.5692857
"002","6pm",47.58648,19.271135,10.1389896,22.10551,0.8978882
"003","6pm",40.24546,25.250415,5.3437533,25.05158,4.1087918
"004","6pm",47.92024,14.866569,7.0478043,26.24429,3.9210991
"005","6pm",43.47983,27.143247,9.317144,16.58252,3.4772606
"006","6pm",47.62058,18.289192,5.9158272,21.50238,6.6720135
"007","6pm",42.71461,9.618941,19.8557752,21.30947,6.5011998
"008","6pm",52.51608,10.69391,10.525417,20.87352,5.3910749
"009","6pm",56.86198,9.481147,6.8894522,24.34111,2.4263046
"010","6pm",54.4953,3.617475,12.7905268,22.78849,6.3082141
"011","6pm",63.14936,6.429227,10.0130546,15.41026,4.9980981
"012","6pm",59.01352,9.743213,3.4188214,24.19672,3.6277274
"013","6pm",46.6309,12.765291,2.7578532,31.83967,6.0062896
"014","6pm",56.93431,7.12984,4.6672768,27.5552,3.7133743
"015","6pm",57.06751,7.069451,6.3449168,26.06761,3.4505205
"016","6pm",53.92611,6.664882,8.2472385,26.75723,4.4045373
"017","6pm",53.31733,10.461002,2.4652143,29.36947,4.3869849
"018","6pm",60.369,8.97271,5.5598991,20.11518,4.9832115
"019","6pm",58.53964,6.603694,6.5833615,26.13915,2.1341626
"020","6pm",60.93426,7.636127,2.190965,23.93172,5.3069273
"021","6pm",62.06407,5.032778,3.255511,27.60705,2.0405974
"022","6pm",60.3076,5.445236,3.7125169,30.04815,0.4864995
"023","6pm",60.08197,5.958349,1.8012993,30.29259,1.8657908
"024","6pm",54.04103,7.538424,4.882249,31.36406,2.1742373
"025","6pm",49.11164,11.501938,3.0699622,35.26362,1.0528467
"026","6pm",52.59693,13.091768,1.470062,30.10197,2.739262
"027","6pm",55.04328,11.268599,0.6154377,30.35458,2.7181025
"028","6pm",61.22799,5.259386,3.7607553,28.18484,1.5670242
"001","7pm",41.67575,34.041458,5.4977457,15.7776,3.0074492
"002","7pm",49.28021,17.865108,10.3359237,21.97815,0.5406032
"003","7pm",42.60161,22.770265,5.6291586,26.16775,2.8312121
"004","7pm",47.9698,16.236066,6.227344,24.88524,4.6815505
"005","7pm",46.75887,21.472821,11.0022809,17.27845,3.4875751
"006","7pm",47.27743,19.773873,4.5541067,22.08232,6.3122655
"007","7pm",44.1137,9.130397,21.8150578,18.4075,6.5333478
"008","7pm",49.81637,9.011591,13.0779887,23.20011,4.8939404
"009","7pm",56.25395,10.615743,5.4855672,25.28358,2.361153
"010","7pm",52.54224,3.3557,12.5328149,24.81547,6.7537751
"011","7pm",61.38342,7.696512,7.7094073,17.95223,5.2584264
"012","7pm",57.65113,11.587992,3.5926391,23.35607,3.8121662
"013","7pm",50.93338,11.644787,3.101794,29.18909,5.1309417
"014","7pm",56.63652,8.651006,4.8806001,25.94878,3.8830983
"015","7pm",55.21639,7.247855,7.6682958,26.20678,3.6606804
"016","7pm",55.69462,8.347498,8.040726,24.75643,3.1607249
"017","7pm",54.71553,9.190777,1.5195311,30.24804,4.326115
"018","7pm",64.68592,8.986441,4.2566816,17.20049,4.8704655
"019","7pm",61.25781,6.300142,6.2807444,24.12525,2.0360616
"020","7pm",61.30269,8.951112,1.9744924,22.98912,4.7825903
"021","7pm",63.27593,4.798784,3.1041494,26.87541,1.945722
"022","7pm",62.55405,5.216059,3.5562659,28.2076,0.4660239
"023","7pm",57.84828,10.370747,1.5600915,26.88336,3.3375213
"024","7pm",60.09439,6.705468,4.3427861,26.92336,1.9339955
"025","7pm",53.15911,12.490732,2.6359837,30.81017,0.9040133
"026","7pm",59.03873,10.696062,1.334189,26.44494,2.486081
"027","7pm",59.07623,9.827965,0.5367571,28.18844,2.3706066
"028","7pm",62.20166,7.604875,4.258974,24.46841,1.4660844
"001","8pm",40.76077,34.352365,5.483235,15.97492,3.428713
"002","8pm",50.42527,17.134718,9.638225,22.25847,0.5433115
"003","8pm",42.19314,25.421514,5.861199,23.91008,2.6140651
"004","8pm",48.05786,14.996059,6.493612,26.67915,3.7733182
"005","8pm",48.70219,18.645705,11.53782,17.45695,3.6573339
"006","8pm",48.20553,19.672599,4.37316,21.24477,6.5039471
"007","8pm",43.19501,11.140585,21.670521,17.69045,6.3034325
"008","8pm",45.40811,9.383371,13.67954,26.43314,5.0958435
"009","8pm",59.72592,8.764389,5.217233,24.0468,2.2456538
"010","8pm",50.27362,2.834808,12.242999,27.59222,7.056358
"011","8pm",60.11304,12.294954,7.079668,15.68344,4.8288946
"012","8pm",58.55905,10.496165,3.638626,23.4452,3.8609627
"013","8pm",51.02681,11.024738,3.912463,28.9203,5.1156953
"014","8pm",56.38993,9.277276,5.359508,25.20195,3.7713387
"015","8pm",54.50089,7.270734,7.692502,26.86363,3.6722359
"016","8pm",52.90125,12.0804,7.830631,24.10958,3.0781389
"017","8pm",56.66557,9.85081,1.300086,27.52132,4.6622114
"018","8pm",64.88205,10.142633,4.038036,16.31698,4.6202924
"019","8pm",58.9931,7.560037,6.222008,25.20783,2.0170207
"020","8pm",63.78881,7.768999,1.887935,21.98133,4.5729323
"021","8pm",63.40869,4.710642,3.047133,26.92355,1.9099836
"022","8pm",63.79573,4.873409,3.32265,27.5728,0.4354101
"023","8pm",57.59409,10.335236,1.55475,27.18983,3.3260931
"024","8pm",60.61919,6.429318,4.163938,26.9332,1.8543482
"025","8pm",54.67552,12.086361,2.550647,29.81273,0.8747471
"026","8pm",58.76732,10.683281,1.332595,26.7337,2.4831104
"027","8pm",59.6838,9.427606,1.059524,27.55503,2.274036
"028","8pm",62.70493,7.653551,4.286234,23.87981,1.4754682
"001","9pm",40.06629,36.057333,5.260598,15.32628,3.2894964
"002","9pm",50.40326,15.734747,10.079547,22.35253,1.4299113
"003","9pm",40.4739,26.739234,5.258462,24.88363,2.6447682
"004","9pm",47.78295,15.162571,6.512665,26.75743,3.7843894
"005","9pm",49.75183,18.068037,11.506083,17.02678,3.6472737
"006","9pm",50.58439,17.651827,4.060593,21.20991,6.4932773
"007","9pm",44.38274,9.226406,22.015262,17.97188,6.4037094
"008","9pm",46.23651,9.240984,13.471961,26.03203,5.0185172
"009","9pm",60.19285,8.88096,5.286624,23.36404,2.2755221
"010","9pm",51.37574,2.821808,12.186855,26.5916,7.0239991
"011","9pm",59.66398,10.764501,7.427976,17.07707,5.0664679
"012","9pm",57.12176,11.410639,3.614373,24.018,3.8352284
"013","9pm",50.19393,11.212234,3.979002,29.41214,5.2026971
"014","9pm",54.88811,10.694445,5.662371,25.13676,3.6183157
"015","9pm",52.43128,7.467305,8.739976,27.58992,3.7715184
"016","9pm",53.25556,11.646733,7.549524,23.91231,3.6358702
"017","9pm",56.61017,9.715062,1.28217,27.79464,4.5979644
"018","9pm",64.62065,10.06659,4.532457,16.19465,4.5856525
"019","9pm",59.27674,7.638518,6.286598,24.76019,2.0379592
"020","9pm",63.67281,7.570571,1.839715,22.46077,4.4561349
"021","9pm",63.72935,4.669361,3.02043,26.68761,1.8932457
"022","9pm",65.26805,4.675221,3.187527,26.4515,0.4177033
"023","9pm",59.64057,10.702476,1.609994,26.37932,1.6676364
"024","9pm",61.33011,6.41348,4.153681,26.25295,1.8497802
"025","9pm",55.85281,11.640335,2.45652,29.20787,0.8424661
"026","9pm",59.07878,11.36324,1.275967,25.90442,2.3775927
"027","9pm",59.6838,9.427606,1.059524,27.55503,2.274036
"028","9pm",64.44775,7.295896,4.085936,22.7639,1.4065188
"001","10pm",40.94181,36.99079,4.259465,15.08486,2.72307
"002","10pm",48.65574,15.938686,11.728108,23.67747,0
"003","10pm",42.17556,26.450319,4.416745,24.30465,2.6527185
"004","10pm",48.34332,15.376045,6.839647,25.12037,4.3206198
"005","10pm",49.11709,18.296273,11.651428,17.24186,3.6933462
"006","10pm",49.05408,17.209576,5.138556,22.7925,5.8052858
"007","10pm",44.48636,10.004962,20.905149,18.13994,6.4635917
"008","10pm",46.25545,10.466567,13.164194,25.20992,4.9038691
"009","10pm",59.32885,7.367314,6.474575,23.41202,3.4172441
"010","10pm",50.29851,3.331055,12.046923,26.28627,8.0372437
"011","10pm",63.36868,10.31228,5.877739,15.58768,4.8536238
"012","10pm",56.80034,12.180254,3.482214,23.84219,3.6949933
"013","10pm",50.79799,11.526637,3.884309,28.71218,5.0788824
"014","10pm",54.63577,10.645279,5.63634,25.48093,3.6016811
"015","10pm",52.58855,7.52235,9.515294,26.57448,3.7993196
"016","10pm",55.32075,10.006303,7.458157,23.62292,3.5918676
"017","10pm",55.45031,9.303239,1.834619,28.8099,4.6019323
"018","10pm",64.93902,9.0379,4.992711,16.58579,4.4445764
"019","10pm",58.67837,7.750753,6.378969,25.124,2.0679038
"020","10pm",64.55875,7.385942,1.794849,21.913,4.3474604
"021","10pm",64.52117,4.567425,2.954492,26.105,1.8519145
"022","10pm",65.97036,4.580685,3.123073,25.91663,0.409257
"023","10pm",59.34417,10.634993,1.599843,26.76387,1.6571214
"024","10pm",59.31961,6.746924,4.369635,27.61787,1.9459524
"025","10pm",55.9868,11.605005,2.449064,29.11922,0.8399091
"026","10pm",58.98913,11.242557,1.262416,26.15356,2.3523415
"027","10pm",60.0446,9.220975,1.036302,27.47393,2.2241944
"028","10pm",64.44509,7.130773,3.993462,23.05599,1.374686
"001","11pm",39.15473,39.104232,4.363367,14.58818,2.7894945
"002","11pm",49.80184,16.734966,10.126756,23.33644,0
"003","11pm",42.52036,25.574711,5.084614,24.17058,2.6497333
"004","11pm",49.05568,15.014567,7.180905,24.52981,4.2190458
"005","11pm",49.9199,17.573423,11.622837,17.19955,3.6842832
"006","11pm",49.781,16.283031,5.021964,23.24044,5.6735667
"007","11pm",44.51981,8.447784,21.605099,18.7473,6.6800069
"008","11pm",46.81903,10.356811,13.02615,24.94556,4.8524457
"009","11pm",58.22399,7.274036,6.392599,24.73539,3.3739781
"010","11pm",50.0005,4.373278,12.017133,25.59172,8.0173688
"011","11pm",63.41166,10.300179,5.870842,15.56939,4.8479281
"012","11pm",56.44502,12.129444,3.467688,24.27827,3.6795798
"013","11pm",48.58325,12.226748,3.86677,29.71351,5.6097143
"014","11pm",53.84401,10.155668,5.761697,26.55684,3.6817859
"015","11pm",53.6408,7.355399,9.304112,25.98469,3.7149978
"016","11pm",55.00488,10.077046,7.510885,23.78993,3.6172614
"017","11pm",54.7403,9.940517,1.811127,28.96505,4.5430066
"018","11pm",64.63631,9.115931,5.035817,16.72899,4.48295
"019","11pm",60.52959,7.5272,6.194982,23.73996,2.0082596
"020","11pm",64.25855,7.94899,1.778033,21.7077,4.3067296
"021","11pm",65.06061,4.497978,2.90957,25.70808,1.8237568
"022","11pm",66.30875,4.535135,3.092017,25.65891,0.4051874
"023","11pm",59.01904,10.576728,1.591078,27.16511,1.6480426
"024","11pm",59.31961,6.746924,4.369635,27.61787,1.9459524
"025","11pm",56.2753,11.528937,2.433011,28.92835,0.8344037
"026","11pm",58.52036,11.153216,1.252384,26.74039,2.3336482
"027","11pm",59.73384,9.292693,1.044362,27.68761,2.2414935
"028","11pm",64.97453,6.890044,3.858646,22.9485,1.3282777
"001","12pm",38.63234,39.758774,4.872357,13.93322,2.8033073
"002","12pm",51.52365,16.160953,9.779406,22.53599,0
"003","12pm",42.84976,25.416773,5.057288,24.04068,2.6354931
"004","12pm",48.85995,15.072253,7.208494,24.62405,4.2352554
"005","12pm",48.60392,18.035209,11.928256,17.65151,3.7810969
"006","12pm",50.65994,15.764573,4.968619,22.99357,5.6132999
"007","12pm",44.51981,8.447784,21.605099,18.7473,6.6800069
"008","12pm",45.99781,11.99352,12.952953,24.80538,4.2503374
"009","12pm",57.49111,7.182475,6.312134,25.68277,3.3315087
"010","12pm",49.81756,5.370137,11.802759,25.13519,7.8743471
"011","12pm",62.21965,10.635749,6.062109,16.07662,5.0058691
"012","12pm",57.67133,10.220393,3.543026,24.80573,3.7595213
"013","12pm",48.45929,12.982517,3.804431,29.23448,5.519276
"014","12pm",55.20145,9.856991,5.592246,25.77581,3.573505
"015","12pm",53.27051,7.304624,9.239884,25.80531,4.3796693
"016","12pm",55.72409,9.915973,7.39083,23.40967,3.5594425
"017","12pm",55.08582,10.58405,1.760409,28.15393,4.4157871
"018","12pm",64.63631,9.115931,5.035817,16.72899,4.48295
"019","12pm",61.33497,6.296797,6.27741,24.05584,2.0349806
"020","12pm",63.99027,8.008655,1.791379,21.87064,4.3390558
"021","12pm",65.06061,4.497978,2.90957,25.70808,1.8237568
"022","12pm",65.97839,4.51254,3.076612,26.02929,0.4031687
"023","12pm",59.01904,10.576728,1.591078,27.16511,1.6480426
"024","12pm",59.31961,6.746924,4.369635,27.61787,1.9459524
"025","12pm",55.00199,9.929024,2.650139,31.50998,0.9088678
"026","12pm",58.52036,11.153216,1.252384,26.74039,2.3336482
"027","12pm",60.13374,9.354904,1.051353,27.2035,2.2564996
"028","12pm",64.83631,6.814951,3.816592,23.21835,1.3138012
"001","1am",38.05683,40.599285,4.612588,13.90836,2.8229396
"002","1am",51.59303,16.137825,9.76541,22.50374,0
"003","1am",43.73255,23.889566,5.159988,24.52888,2.6890129
"004","1am",48.85995,15.072253,7.208494,24.62405,4.2352554
"005","1am",48.60392,18.035209,11.928256,17.65151,3.7810969
"006","1am",50.86798,15.6981,4.947668,22.89662,5.5896309
"007","1am",43.74579,8.565642,21.906519,19.00885,6.7732018
"008","1am",45.78694,11.938539,13.351997,24.69167,4.2308529
"009","1am",57.51753,7.178011,6.308211,25.66681,3.3294381
"010","1am",49.81756,5.370137,11.802759,25.13519,7.8743471
"011","1am",60.29072,13.605161,5.82974,15.46039,4.8139877
"012","1am",57.01744,11.282627,3.497967,24.49026,3.7117088
"013","1am",48.45929,12.982517,3.804431,29.23448,5.519276
"014","1am",55.42176,9.808515,5.564744,25.64905,3.5559308
"015","1am",53.27051,7.304624,9.239884,25.80531,4.3796693
"016","1am",56.02397,9.848811,7.340771,23.25111,3.5353342
"017","1am",55.53942,9.765004,1.779149,28.45364,4.4627937
"018","1am",64.45881,9.007617,5.573666,16.53022,4.4296845
"019","1am",61.33497,6.296797,6.27741,24.05584,2.0349806
"020","1am",64.24545,7.951903,1.778685,21.71566,4.3083079
"021","1am",65.06061,4.497978,2.90957,25.70808,1.8237568
"022","1am",65.6835,4.939322,3.062861,25.91295,0.4013667
"023","1am",59.01904,10.576728,1.591078,27.16511,1.6480426
"024","1am",59.26617,6.68137,4.327179,27.79823,1.9270451
"025","1am",55.00199,9.929024,2.650139,31.50998,0.9088678
"026","1am",59.05594,11.009206,1.236213,26.39513,2.3035163
"027","1am",60.13374,9.354904,1.051353,27.2035,2.2564996
"028","1am",64.83631,6.814951,3.816592,23.21835,1.3138012
"001","2am",37.72143,40.172736,4.77725,14.40487,2.9237142
"002","2am",52.4787,15.842559,9.586737,22.092,0
"003","2am",44.02312,23.799745,5.127995,24.3768,2.6723405
"004","2am",47.90648,16.729551,7.067826,24.14353,4.1526078
"005","2am",48.95213,17.91302,11.847443,17.53192,3.75548
"006","2am",50.88161,15.693745,4.946296,22.89027,5.5880802
"007","2am",43.74579,8.565642,21.906519,19.00885,6.7732018
"008","2am",46.04076,11.882646,13.289486,24.57607,4.211045
"009","2am",57.77219,7.134983,6.270396,25.51295,3.3094796
"010","2am",49.81756,5.370137,11.802759,25.13519,7.8743471
"011","2am",60.29072,13.605161,5.82974,15.46039,4.8139877
"012","2am",57.01744,11.282627,3.497967,24.49026,3.7117088
"013","2am",48.45929,12.982517,3.804431,29.23448,5.519276
"014","2am",55.42176,9.808515,5.564744,25.64905,3.5559308
"015","2am",53.27051,7.304624,9.239884,25.80531,4.3796693
"016","2am",55.75044,9.91007,7.38643,23.39573,3.5573237
"017","2am",55.81909,9.703578,1.767958,28.27465,4.434721
"018","2am",64.45881,9.007617,5.573666,16.53022,4.4296845
"019","2am",61.33497,6.296797,6.27741,24.05584,2.0349806
"020","2am",64.24545,7.951903,1.778685,21.71566,4.3083079
"021","2am",65.06061,4.497978,2.90957,25.70808,1.8237568
"022","2am",65.6835,4.939322,3.062861,25.91295,0.4013667
"023","2am",59.01904,10.576728,1.591078,27.16511,1.6480426
"024","2am",59.26617,6.68137,4.327179,27.79823,1.9270451
"025","2am",55.00199,9.929024,2.650139,31.50998,0.9088678
"026","2am",59.05594,11.009206,1.236213,26.39513,2.3035163
"027","2am",60.13374,9.354904,1.051353,27.2035,2.2564996
"028","2am",64.83631,6.814951,3.816592,23.21835,1.3138012
"001","3am",37.75957,39.859667,4.273672,15.20616,2.9009295
"002","3am",51.86581,16.046883,9.710379,22.37692,0
"003","3am",44.02312,23.799745,5.127995,24.3768,2.6723405
"004","3am",48.38375,16.896217,7.138239,23.38782,4.1939777
"005","3am",48.95213,17.91302,11.847443,17.53192,3.75548
"006","3am",50.58911,15.603527,5.492727,22.75868,5.5559562
"007","3am",43.74579,8.565642,21.906519,19.00885,6.7732018
"008","3am",46.04076,11.882646,13.289486,24.57607,4.211045
"009","3am",57.77219,7.134983,6.270396,25.51295,3.3094796
"010","3am",49.81756,5.370137,11.802759,25.13519,7.8743471
"011","3am",60.52411,13.525198,5.795476,15.36952,4.7856938
"012","3am",57.5804,10.242347,3.550637,24.85902,3.7675971
"013","3am",48.81226,13.077079,3.103758,29.44742,5.5594775
"014","3am",55.42176,9.808515,5.564744,25.64905,3.5559308
"015","3am",53.27051,7.304624,9.239884,25.80531,4.3796693
"016","3am",55.65944,9.75323,8.060847,23.02546,3.5010243
"017","3am",55.81909,9.703578,1.767958,28.27465,4.434721
"018","3am",64.45881,9.007617,5.573666,16.53022,4.4296845
"019","3am",61.33497,6.296797,6.27741,24.05584,2.0349806
"020","3am",64.24545,7.951903,1.778685,21.71566,4.3083079
"021","3am",65.06061,4.497978,2.90957,25.70808,1.8237568
"022","3am",65.6835,4.939322,3.062861,25.91295,0.4013667
"023","3am",59.01904,10.576728,1.591078,27.16511,1.6480426
"024","3am",59.26617,6.68137,4.327179,27.79823,1.9270451
"025","3am",55.00199,9.929024,2.650139,31.50998,0.9088678
"026","3am",59.05594,11.009206,1.236213,26.39513,2.3035163
"027","3am",60.13374,9.354904,1.051353,27.2035,2.2564996
"028","3am",64.83631,6.814951,3.816592,23.21835,1.3138012
