"district","hour","age1","age2","age3","age4"
"101","4am",18.663497,17.652051,43.55347,20.13098
"102","4am",14.064505,9.89098,44.01344,32.03107
"103","4am",13.526584,18.466837,37.89562,30.11096
"104","4am",12.577636,18.029793,42.96114,26.43144
"105","4am",9.774379,9.187622,46.37207,34.66593
"106","4am",10.833166,10.671447,55.95905,22.53634
"107","4am",10.529671,12.894279,45.05606,31.51999
"108","4am",11.943837,10.321444,53.49472,24.24
"109","4am",6.573042,11.785412,55.68816,25.95338
"110","4am",10.99628,11.564691,52.16896,25.27007
"111","4am",11.386712,10.084724,54.26296,24.2656
"112","4am",9.254612,12.935092,46.67953,31.13076
"113","4am",10.791227,15.214548,49.76194,24.23228
"114","4am",11.321905,14.553179,51.2687,22.85621
"115","4am",10.45352,9.849557,54.91224,24.78468
"116","4am",10.245853,12.714632,52.34517,24.69434
"117","4am",10.767504,16.575965,45.8556,26.80093
"118","4am",11.051825,6.589202,47.86846,34.49052
"119","4am",8.364356,9.62013,51.03709,30.97842
"120","4am",9.021386,9.978766,52.02944,28.97041
"121","4am",11.1335,8.946964,53.28921,26.63033
"122","4am",9.979054,12.877692,50.17858,26.96468
"123","4am",9.544147,10.644221,50.20097,29.61067
"124","4am",7.016273,10.877193,53.28683,28.81971
"125","4am",6.859093,10.391105,51.81822,30.93158
"126","4am",8.868229,11.05798,51.20751,28.86628
"127","4am",9.730889,10.539434,52.04227,27.6874
"128","4am",6.907296,12.721738,49.33511,31.03586
"129","4am",7.52091,10.064255,51.19849,31.21634
"130","4am",6.178144,7.676388,55.68926,30.45621
"101","5am",18.146736,17.82695,44.45273,19.57359
"102","5am",13.951952,10.873013,43.4003,31.77474
"103","5am",13.573293,17.961894,38.24987,30.21494
"104","5am",12.674704,18.93001,41.75987,26.63542
"105","5am",10.198256,8.871895,44.7606,36.16925
"106","5am",10.684207,10.524711,56.56462,22.22646
"107","5am",9.156223,13.10522,50.32991,27.40865
"108","5am",12.090554,10.122269,53.24942,24.53776
"109","5am",6.62214,11.873444,55.35717,26.14724
"110","5am",11.368793,11.95646,50.54862,26.12613
"111","5am",11.026729,11.526434,53.94837,23.49846
"112","5am",9.227712,12.897495,46.83451,31.04028
"113","5am",10.835919,15.277559,49.55388,24.33264
"114","5am",11.419967,15.860057,49.6658,23.05417
"115","5am",10.541558,9.932508,54.53252,24.99341
"116","5am",10.355339,12.158461,52.52798,24.95822
"117","5am",10.727324,16.51411,45.68448,27.07408
"118","5am",11.296571,5.638854,48.27171,34.79286
"119","5am",8.20526,9.437148,51.9684,30.38919
"120","5am",9.224128,10.203023,50.95138,29.62147
"121","5am",11.190686,8.266126,53.77608,26.76711
"122","5am",10.165645,13.118482,49.24701,27.46887
"123","5am",9.541287,10.641032,50.21589,29.60179
"124","5am",7.238619,9.640944,53.38743,29.733
"125","5am",5.86088,10.502469,52.37357,31.26308
"126","5am",8.77621,10.94324,51.71379,28.56676
"127","5am",10.052133,10.887371,50.45905,28.60144
"128","5am",6.940669,12.783203,49.09032,31.1858
"129","5am",7.686719,10.286136,50.12259,31.90456
"130","5am",6.466449,5.709286,55.94681,31.87745
"101","6am",15.854133,16.659895,47.62856,19.85741
"102","6am",13.615527,11.33134,41.939,33.11413
"103","6am",11.931905,15.627801,41.54635,30.89395
"104","6am",12.634783,16.970662,43.84303,26.55153
"105","6am",11.105246,9.656268,43.38123,35.85726
"106","6am",10.523272,9.990997,57.59407,21.89166
"107","6am",7.911483,12.054489,53.18249,26.85154
"108","6am",10.353309,9.248539,54.69662,25.70153
"109","6am",6.818187,12.224955,54.8566,26.10025
"110","6am",11.234905,14.185907,48.24681,26.33238
"111","6am",9.722622,12.099407,55.12288,23.0551
"112","6am",9.367852,13.966989,45.15348,31.51168
"113","6am",9.155526,15.684454,50.17932,24.9807
"114","6am",11.751133,16.319979,48.20617,23.72272
"115","6am",10.827345,11.777745,49.9811,27.41381
"116","6am",10.639764,12.492411,51.22409,25.64374
"117","6am",11.462038,17.765031,44.06757,26.70537
"118","6am",11.2902,4.627648,49.30891,34.77324
"119","6am",8.16297,10.313697,51.29077,30.23257
"120","6am",10.759395,8.792266,50.02913,30.41921
"121","6am",8.71911,8.670579,54.8834,27.72691
"122","6am",8.30293,13.189618,49.61611,28.89134
"123","6am",9.378877,10.459902,51.42887,28.73235
"124","6am",6.252094,7.881734,55.01178,30.85439
"125","6am",6.134355,9.719313,51.42448,32.72185
"126","6am",9.304626,11.39599,50.96477,28.33461
"127","6am",9.724488,9.79928,50.83824,29.63799
"128","6am",6.322997,11.39043,50.12619,32.16038
"129","6am",8.26104,10.479473,49.82475,31.43473
"130","6am",6.508871,7.035672,54.36888,32.08658
"101","7am",12.892095,17.088835,51.30973,18.70934
"102","7am",19.102741,11.019834,41.46036,28.41706
"103","7am",21.110238,13.444381,39.31911,26.12627
"104","7am",27.436586,11.104864,37.74234,23.71621
"105","7am",6.829213,10.318471,46.85136,36.00096
"106","7am",7.343046,11.442674,61.70783,19.50645
"107","7am",5.56062,16.314633,55.16205,22.9627
"108","7am",5.054788,13.76023,53.24634,27.93865
"109","7am",0,9.146437,55.82219,35.03137
"110","7am",8.982292,15.274496,50.05911,25.6841
"111","7am",9.497843,11.688622,49.98353,28.83
"112","7am",6.168242,12.395811,47.76538,33.67057
"113","7am",6.564279,16.243731,49.17452,28.01747
"114","7am",10.749549,16.783858,47.0196,25.44699
"115","7am",9.632935,7.935496,52.28434,30.14723
"116","7am",7.644018,12.401704,49.09561,30.85867
"117","7am",8.619813,15.739307,47.01817,28.62271
"118","7am",18.00631,1.044264,46.24479,34.70464
"119","7am",8.149376,14.573807,46.13513,31.14169
"120","7am",9.794861,7.371512,50.77543,32.0582
"121","7am",13.249561,9.039437,48.80456,28.90645
"122","7am",6.066751,12.027028,49.20142,32.7048
"123","7am",14.772463,8.016197,49.1058,28.10554
"124","7am",6.829799,6.291048,53.17376,33.70539
"125","7am",4.352668,9.557223,49.06355,37.02656
"126","7am",3.13806,13.090597,51.45928,32.31206
"127","7am",7.995513,9.841091,48.86876,33.29464
"128","7am",5.664641,10.694348,52.01311,31.6279
"129","7am",9.738544,9.833194,50.40326,30.025
"130","7am",7.096175,7.67051,50.25152,34.9818
"101","8am",9.836843,14.359206,56.78018,19.02377
"102","8am",14.860045,9.451652,48.92751,26.76079
"103","8am",23.028439,10.877465,39.7095,26.3846
"104","8am",30.655855,8.718738,38.6306,21.99481
"105","8am",5.514589,11.695177,43.63329,39.15695
"106","8am",8.492516,14.387736,58.51824,18.60151
"107","8am",5.625846,18.04409,57.40228,18.92779
"108","8am",6.312375,12.953233,52.55416,28.18023
"109","8am",0,7.075661,56.44157,36.48277
"110","8am",4.98812,16.612891,53.90731,24.49168
"111","8am",6.015242,10.319326,52.45096,31.21447
"112","8am",7.57605,15.572862,45.53127,31.31982
"113","8am",6.449832,18.095996,47.1834,28.27077
"114","8am",10.653615,16.396203,49.22437,23.72582
"115","8am",10.451916,7.687725,46.88455,34.97581
"116","8am",7.497372,12.226629,48.48752,31.78848
"117","8am",7.939381,13.794734,51.43726,26.82862
"118","8am",19.268952,1.35705,44.49725,34.87675
"119","8am",2.490412,15.059713,48.67169,33.77818
"120","8am",10.375503,6.884342,50.30548,32.43467
"121","8am",12.025752,8.642176,48.2129,31.11917
"122","8am",3.894954,13.123204,44.23278,38.74907
"123","8am",17.44446,7.035547,48.05021,27.46978
"124","8am",7.187886,7.646666,50.66528,34.50016
"125","8am",4.697927,7.703485,47.63503,39.96355
"126","8am",1.927979,10.460572,54.65085,32.9606
"127","8am",9.225308,10.349267,46.03507,34.39036
"128","8am",5.001168,11.384103,51.21642,32.39831
"129","8am",10.276446,6.926103,51.13433,31.66312
"130","8am",7.18785,9.368519,47.72359,35.72004
"101","9am",8.659419,13.715398,54.65683,22.96835
"102","9am",17.045061,8.866881,48.37365,25.71441
"103","9am",19.797621,10.605248,45.62039,23.97674
"104","9am",34.102641,8.183245,35.65653,22.05759
"105","9am",5.687428,12.76475,41.4809,40.06693
"106","9am",8.623059,15.465836,59.59091,16.32019
"107","9am",5.44479,19.566425,56.91977,18.06901
"108","9am",7.374184,13.297268,50.37792,28.95062
"109","9am",5.268748,5.742332,53.92533,35.06359
"110","9am",3.336285,18.941902,52.94097,24.78085
"111","9am",6.416301,9.580906,53.68575,30.31704
"112","9am",6.076379,16.989384,45.30035,31.63389
"113","9am",6.724356,17.036004,45.48165,30.75799
"114","9am",10.34228,17.152742,46.94763,25.55735
"115","9am",10.411012,5.900538,48.12151,35.56694
"116","9am",8.257596,12.47623,45.97316,33.29301
"117","9am",8.010278,14.315733,50.35324,27.32075
"118","9am",18.785341,4.730352,44.33814,32.14617
"119","9am",2.455272,13.078781,50.09699,34.36896
"120","9am",8.670476,9.35948,47.42873,34.54131
"121","9am",12.718355,9.897339,45.37066,32.01364
"122","9am",4.026386,13.566036,45.11505,37.29253
"123","9am",16.662429,7.198324,48.21787,27.92137
"124","9am",7.656651,8.14535,48.9328,35.2652
"125","9am",4.902612,8.039119,46.14552,40.91275
"126","9am",2.001057,10.600014,54.77011,32.62882
"127","9am",9.089317,10.196708,47.09646,33.61752
"128","9am",5.788811,10.48686,51.18159,32.54274
"129","9am",10.126282,6.824896,50.32676,32.72206
"130","9am",2.076036,10.287246,52.96233,34.67439
"101","10am",11.54206,12.576743,53.38746,22.49373
"102","10am",17.740927,9.223857,47.63177,25.40344
"103","10am",20.108122,10.756051,43.79385,25.34198
"104","10am",32.965176,9.838998,37.74463,19.45119
"105","10am",5.532718,13.234382,46.24202,34.99088
"106","10am",7.201064,12.724671,62.1996,17.87467
"107","10am",4.707317,19.886199,58.35438,17.05211
"108","10am",6.589281,11.357875,53.46368,28.58917
"109","10am",6.398435,5.673398,54.3611,33.56706
"110","10am",3.353012,18.00208,52.77728,25.86763
"111","10am",6.801865,10.529417,52.14905,30.51966
"112","10am",5.9563,15.01155,45.34699,33.68516
"113","10am",6.785289,19.078916,44.23533,29.90046
"114","10am",11.140562,18.476698,42.78657,27.59617
"115","10am",10.527603,5.966617,49.72781,33.77797
"116","10am",8.22646,12.429188,46.54759,32.79676
"117","10am",7.715814,10.362032,53.88653,28.03562
"118","10am",18.797729,5.787243,40.18455,35.23048
"119","10am",2.489809,15.752002,50.10912,31.64907
"120","10am",8.383605,11.012995,46.59823,34.00517
"121","10am",13.399888,9.090414,46.57342,30.93628
"122","10am",4.232058,11.927711,43.73864,40.10159
"123","10am",16.434077,6.340435,48.01931,29.20618
"124","10am",5.543723,8.170416,50.5405,35.74536
"125","10am",4.901763,7.259553,47.87404,39.96464
"126","10am",1.888928,8.355694,55.91803,33.83735
"127","10am",8.558238,10.447899,45.82199,35.17187
"128","10am",5.258479,10.893491,53.11405,30.73398
"129","10am",10.07826,6.79253,53.07077,30.05844
"130","10am",2.251244,11.15544,48.99257,37.60074
"101","11am",12.984505,13.606325,55.01591,18.39326
"102","11am",17.141876,11.398121,44.27879,27.18121
"103","11am",15.808932,11.068977,48.91408,24.20801
"104","11am",29.128975,8.633745,41.20825,21.02903
"105","11am",5.932443,10.93409,46.26011,36.87336
"106","11am",7.080744,13.717706,60.93282,18.26873
"107","11am",5.378463,16.795771,57.42077,20.405
"108","11am",8.776954,11.135262,50.02112,30.06666
"109","11am",6.510614,5.772865,52.81766,34.89886
"110","11am",3.547036,17.756669,52.94675,25.74955
"111","11am",11.08439,7.579525,48.76476,32.57133
"112","11am",6.04529,14.638459,47.66545,31.6508
"113","11am",5.699837,16.551966,48.95817,28.79003
"114","11am",9.958647,18.234907,46.15585,25.6506
"115","11am",10.477769,7.70674,45.779,36.03649
"116","11am",7.88398,11.911741,46.91446,33.28982
"117","11am",8.511073,13.61385,47.58118,30.2939
"118","11am",18.378595,4.560104,43.6912,33.3701
"119","11am",2.449273,13.497627,51.98187,32.07123
"120","11am",8.364061,9.52866,47.57611,34.53117
"121","11am",12.921171,8.765654,49.39528,28.91789
"122","11am",4.094719,14.893696,42.31922,38.69236
"123","11am",16.384683,6.321378,48.6175,28.67644
"124","11am",5.438332,8.01509,48.65712,37.88945
"125","11am",6.849314,5.751216,48.19063,39.20884
"126","11am",1.999987,10.594344,53.41321,33.99246
"127","11am",8.394227,11.396671,46.46345,33.74565
"128","11am",5.937048,9.729026,52.44076,31.89316
"129","11am",7.60653,7.015354,54.99815,30.37997
"130","11am",2.157766,10.692237,52.5198,34.6302
"101","12am",12.218197,16.310823,51.64974,19.82124
"102","12am",21.529727,10.799686,39.28667,28.38392
"103","12am",16.256083,13.201171,47.27776,23.26499
"104","12am",27.521115,11.405872,38.45711,22.61591
"105","12am",7.272837,9.955472,42.99997,39.77172
"106","12am",7.573465,11.567065,61.65158,19.20789
"107","12am",7.201544,18.360521,54.03589,20.40205
"108","12am",8.237891,11.412852,54.55579,25.79347
"109","12am",1.069315,7.53882,60.05697,31.3349
"110","12am",9.082596,15.913251,48.99236,26.01179
"111","12am",9.733582,7.506544,51.67762,31.08225
"112","12am",4.884458,16.100916,44.59181,34.42281
"113","12am",5.785411,17.608787,49.11838,27.48742
"114","12am",10.304577,17.368212,46.34861,25.9786
"115","12am",7.964932,5.020371,55.04414,31.97055
"116","12am",6.681141,11.670012,50.64485,31.004
"117","12am",9.086833,14.419915,47.01002,29.48323
"118","12am",17.219394,5.447104,44.44607,32.88743
"119","12am",2.465167,10.961714,54.27691,32.29621
"120","12am",7.60202,10.617795,49.84498,31.9352
"121","12am",13.131057,9.118369,49.92943,27.82115
"122","12am",3.650045,14.308724,44.86566,37.17557
"123","12am",15.171089,7.602472,48.24866,28.97778
"124","12am",8.065226,8.556846,49.20235,34.17558
"125","12am",6.693543,8.108133,47.60404,37.59428
"126","12am",2.005851,9.329637,53.16749,35.49702
"127","12am",7.292602,10.684267,47.49996,34.52317
"128","12am",7.367795,10.473202,51.37571,30.78329
"129","12am",7.752282,8.821226,53.50352,29.92297
"130","12am",1.917219,9.500269,53.92414,34.65837
"101","1pm",12.200562,14.080986,56.00222,17.71623
"102","1pm",20.968922,10.201967,41.09061,27.7385
"103","1pm",20.674322,14.647091,40.46381,24.21478
"104","1pm",31.240774,8.545176,38.35445,21.8596
"105","1pm",6.771498,9.348074,44.29555,39.58488
"106","1pm",1.368028,15.491312,63.63748,19.50318
"107","1pm",7.200091,17.762171,54.82192,20.21582
"108","1pm",6.10279,11.860057,55.07714,26.96001
"109","1pm",1.197177,8.193167,54.93961,35.67004
"110","1pm",8.270656,11.66357,56.01956,24.04621
"111","1pm",6.22401,10.767385,49.9751,33.0335
"112","1pm",4.985273,14.489602,45.86601,34.65912
"113","1pm",5.119397,15.615045,50.06061,29.20494
"114","1pm",9.831027,15.954662,48.60452,25.60979
"115","1pm",8.741047,3.140325,52.1895,35.92913
"116","1pm",6.792739,12.392774,47.79884,33.01565
"117","1pm",5.26314,14.669738,51.12198,28.94514
"118","1pm",18.590269,3.448263,46.19986,31.76161
"119","1pm",2.732745,13.819201,48.36844,35.07961
"120","1pm",12.200134,11.586538,46.02488,30.18845
"121","1pm",12.857242,8.350239,49.22319,29.56933
"122","1pm",6.867385,12.548565,45.46551,35.11854
"123","1pm",16.433769,7.598227,47.91759,28.05042
"124","1pm",8.387807,9.994958,46.54073,35.0765
"125","1pm",7.269148,6.992739,46.83199,38.90612
"126","1pm",1.963253,11.418557,52.77213,33.84606
"127","1pm",8.55653,12.213747,45.38018,33.84955
"128","1pm",5.56182,11.136373,50.98907,32.31274
"129","1pm",6.819604,8.233037,56.50522,28.44214
"130","1pm",2.023249,10.025674,51.28175,36.66933
"101","2pm",9.5179129,12.642127,56.3757,21.46426
"102","2pm",18.6969334,11.12726,43.90729,26.26852
"103","2pm",24.8629207,13.405431,37.35812,24.37353
"104","2pm",26.3218003,8.856467,42.67362,22.14811
"105","2pm",4.2141414,10.670161,50.52695,34.58874
"106","2pm",0.7394767,15.979651,63.42082,19.86005
"107","2pm",5.8973871,20.247041,55.45844,18.39713
"108","2pm",10.7444408,12.857924,50.44165,25.95598
"109","2pm",0,8.281966,60.40713,31.3109
"110","2pm",9.5387157,13.071861,53.80641,23.58301
"111","2pm",7.1738878,7.028053,50.01259,35.78547
"112","2pm",5.3851102,18.839751,43.03745,32.73769
"113","2pm",2.7151041,17.690931,51.87809,27.71587
"114","2pm",10.328393,13.270741,51.59178,24.80908
"115","2pm",10.274197,4.541776,51.19403,33.98999
"116","2pm",8.1100137,12.52264,48.55751,30.80983
"117","2pm",8.686146,15.077376,48.68721,27.54927
"118","2pm",19.5754495,3.767481,45.20116,31.45591
"119","2pm",0.6718105,12.193159,48.59405,38.54098
"120","2pm",11.7661926,6.081081,49.6094,32.54333
"121","2pm",11.769333,8.857592,48.00714,31.36593
"122","2pm",6.6079821,12.074567,51.04711,30.27035
"123","2pm",17.1924023,3.992308,49.94529,28.87
"124","2pm",6.8091016,8.387626,48.2949,36.50837
"125","2pm",7.9732365,8.835104,45.0485,38.14315
"126","2pm",2.04499,12.876477,51.53433,33.5442
"127","2pm",7.1269518,12.07345,47.33887,33.46073
"128","2pm",6.4516325,10.231296,51.38321,31.93386
"129","2pm",6.8413521,8.259292,55.70896,29.19039
"130","2pm",2.1075277,9.300994,52.44576,36.14572
"101","3pm",7.186696,12.952843,57.10151,22.75895
"102","3pm",19.271219,9.043117,45.09868,26.58699
"103","3pm",21.048062,12.202237,41.5329,25.2168
"104","3pm",27.108145,9.520559,43.8628,19.50849
"105","3pm",5.191098,11.713028,49.55056,33.54531
"106","3pm",2.229233,13.664891,62.7419,21.36398
"107","3pm",6.316633,21.200003,52.27561,20.20776
"108","3pm",8.688456,11.960874,49.29146,30.05921
"109","3pm",1.15876,7.032914,55.91513,35.89319
"110","3pm",9.043943,14.235705,52.99901,23.72135
"111","3pm",8.501454,7.014831,50.68353,33.80018
"112","3pm",6.118473,19.403708,42.49913,31.97869
"113","3pm",2.065127,18.409998,52.70557,26.81931
"114","3pm",10.606064,13.627516,49.90621,25.86021
"115","3pm",11.799013,4.379026,51.02021,32.80176
"116","3pm",7.815534,9.793064,50.10565,32.28575
"117","3pm",6.769713,14.857015,51.35824,27.01503
"118","3pm",22.265434,2.29665,42.97331,32.46461
"119","3pm",3.425064,12.284518,48.08603,36.20439
"120","3pm",11.635297,7.039476,49.75671,31.56851
"121","3pm",11.591984,9.7592,48.6921,29.95671
"122","3pm",4.581336,12.610741,50.39669,32.41123
"123","3pm",16.496891,5.615401,51.30419,26.58352
"124","3pm",8.938195,7.2457,49.29273,34.52337
"125","3pm",7.104786,9.133544,47.2506,36.51107
"126","3pm",1.986772,11.555344,51.15031,35.30758
"127","3pm",7.839032,11.627572,50.19794,30.33546
"128","3pm",7.387573,11.700227,48.91818,31.99402
"129","3pm",6.324475,8.167086,55.57997,29.92847
"130","3pm",2.029084,11.728826,52.06849,34.1736
"101","4pm",9.092554,15.278245,54.86309,20.76611
"102","4pm",17.289248,8.996142,46.17813,27.53649
"103","4pm",17.380635,18.617711,38.34667,25.65499
"104","4pm",25.756617,10.450372,44.41557,19.37744
"105","4pm",8.75064,10.178436,46.1082,34.96272
"106","4pm",2.295466,13.940262,57.43173,26.33254
"107","4pm",7.646566,15.39171,54.51708,22.44465
"108","4pm",11.637705,9.652064,52.62964,26.0806
"109","4pm",1.038429,5.962399,57.60006,35.39911
"110","4pm",6.128622,12.265395,54.27645,27.32953
"111","4pm",9.344343,8.507642,53.39361,28.7544
"112","4pm",5.501028,17.652026,43.41778,33.42917
"113","4pm",5.176264,17.285729,47.43858,30.09942
"114","4pm",8.647893,14.882565,50.16084,26.3087
"115","4pm",9.313536,6.93059,52.4837,31.27217
"116","4pm",8.166029,9.305112,49.45686,33.072
"117","4pm",9.751638,15.534208,46.60242,28.11173
"118","4pm",19.771824,5.122704,45.8255,29.27998
"119","4pm",9.005106,9.926894,49.34116,31.72683
"120","4pm",11.926026,10.387824,47.10787,30.57828
"121","4pm",11.048051,10.411378,48.68587,29.8547
"122","4pm",5.266271,13.503775,48.00299,33.22696
"123","4pm",15.39773,6.226986,52.27289,26.1024
"124","4pm",11.319601,7.570596,50.97436,30.13544
"125","4pm",9.276129,7.825126,44.23389,38.66485
"126","4pm",1.994303,11.161902,52.35841,34.48539
"127","4pm",9.816682,10.893311,48.30509,30.98492
"128","4pm",7.534435,12.296505,51.08338,29.08568
"129","4pm",5.89557,7.568342,54.47558,32.06051
"130","4pm",7.156235,9.288567,50.51536,33.03984
"101","5pm",11.764747,16.184725,50.88925,21.16128
"102","5pm",17.435814,9.748968,42.6405,30.17471
"103","5pm",14.677525,17.817897,40.48841,27.01616
"104","5pm",23.190393,11.528034,41.7369,23.54467
"105","5pm",5.494088,7.105388,47.33815,40.06238
"106","5pm",7.055167,9.582227,56.88174,26.48087
"107","5pm",15.862639,14.9113,42.28497,26.9411
"108","5pm",7.729402,10.021341,55.27056,26.9787
"109","5pm",3.625847,10.041647,55.49219,30.84032
"110","5pm",13.00909,11.67808,51.87396,23.43887
"111","5pm",9.618,8.842771,55.22879,26.31044
"112","5pm",7.224822,15.000225,45.58265,32.1923
"113","5pm",6.8098,15.534315,51.32606,26.32983
"114","5pm",9.537058,14.651197,50.65166,25.16009
"115","5pm",8.275091,10.103408,53.82481,27.79669
"116","5pm",9.751368,11.491187,51.50724,27.25021
"117","5pm",11.305433,16.8918,45.72574,26.07702
"118","5pm",11.567233,8.030233,47.81868,32.58385
"119","5pm",8.801609,9.14481,48.01704,34.03654
"120","5pm",10.38514,10.563286,48.92573,30.12584
"121","5pm",8.422772,9.288,52.17482,30.11441
"122","5pm",7.340378,13.410684,49.34242,29.90651
"123","5pm",11.062168,7.682597,52.89687,28.35836
"124","5pm",10.62679,8.765986,50.59057,30.01665
"125","5pm",7.650979,11.55233,45.3183,35.47839
"126","5pm",9.706507,10.225471,46.70394,33.36408
"127","5pm",8.845382,11.271476,50.11651,29.76664
"128","5pm",7.265519,12.083762,50.88953,29.76119
"129","5pm",4.707132,9.658495,53.90265,31.73172
"130","5pm",7.38477,8.145904,49.68394,34.78539
"101","6pm",12.813743,16.339591,47.72692,23.11975
"102","6pm",14.349265,11.783034,40.86401,33.00369
"103","6pm",13.010798,19.412428,39.60735,27.96943
"104","6pm",13.311707,10.27149,47.01581,29.40099
"105","6pm",7.933316,11.478968,43.82419,36.76353
"106","6pm",11.411596,8.381599,58.94475,21.26205
"107","6pm",11.810508,11.313004,43.99428,32.88221
"108","6pm",12.892237,9.645537,53.48448,23.97774
"109","6pm",8.12096,11.695759,55.70652,24.47676
"110","6pm",10.576032,13.626739,49.65585,26.14138
"111","6pm",11.396269,11.057565,52.44417,25.102
"112","6pm",11.656649,14.687878,43.82916,29.82631
"113","6pm",9.067697,11.340667,53.98299,25.60864
"114","6pm",9.920151,14.046769,51.97571,24.05737
"115","6pm",11.448699,11.572286,50.9766,26.00241
"116","6pm",9.294691,12.836705,52.04491,25.8237
"117","6pm",13.041272,14.516414,47.8737,24.56861
"118","6pm",11.396154,7.845248,47.23252,33.52608
"119","6pm",8.651542,10.257558,48.65405,32.43685
"120","6pm",5.006707,10.413425,53.83509,30.74478
"121","6pm",9.736901,9.288085,49.44427,31.53074
"122","6pm",7.369941,13.08883,50.77037,28.77086
"123","6pm",10.98857,8.469114,52.97121,27.5711
"124","6pm",10.12051,8.898574,51.10728,29.87363
"125","6pm",8.233192,10.658296,47.39436,33.71415
"126","6pm",9.371156,10.026793,49.70807,30.89398
"127","6pm",8.30753,10.685079,52.79216,28.21523
"128","6pm",7.155976,12.594067,51.08049,29.16947
"129","6pm",4.639183,10.248281,53.96373,31.14881
"130","6pm",7.020914,6.354217,52.41255,34.21232
"101","7pm",12.562766,14.574169,49.30891,23.55415
"102","7pm",14.001498,11.689425,43.23096,31.07811
"103","7pm",14.421501,17.814579,38.3197,29.44422
"104","7pm",11.032668,15.366443,45.06373,28.53716
"105","7pm",8.903252,8.236238,45.17729,37.68322
"106","7pm",10.426347,8.766754,59.0383,21.7686
"107","7pm",11.856942,13.092429,41.28973,33.7609
"108","7pm",13.329818,10.108169,52.4613,24.10071
"109","7pm",7.790607,11.219986,57.09677,23.89264
"110","7pm",10.691374,12.560774,50.81045,25.9374
"111","7pm",13.002432,11.519101,52.39502,23.08345
"112","7pm",11.778839,13.174125,43.14073,31.9063
"113","7pm",10.494015,14.26626,51.64207,23.59765
"114","7pm",9.341351,15.299526,52.23084,23.12828
"115","7pm",10.431097,13.470656,51.36673,24.73151
"116","7pm",9.454382,11.818592,53.142,25.58503
"117","7pm",12.688468,15.838817,45.67252,25.8002
"118","7pm",11.305985,6.740735,47.59327,34.36001
"119","7pm",8.826974,9.465109,47.7812,33.92672
"120","7pm",5.668353,11.16232,52.35263,30.81669
"121","7pm",9.159488,9.778982,54.3651,26.69643
"122","7pm",6.736763,14.515525,51.23687,27.51085
"123","7pm",7.807854,10.862598,51.1232,30.20635
"124","7pm",9.819176,10.879307,49.80981,29.4917
"125","7pm",8.732731,10.475755,48.19969,32.59183
"126","7pm",8.822244,11.020381,51.19781,28.95957
"127","7pm",9.18447,9.615876,53.23212,27.96753
"128","7pm",6.984473,12.863881,50.84933,29.30232
"129","7pm",10.721602,8.872794,50.53024,29.87537
"130","7pm",1.785699,7.467414,56.01034,34.73655
"101","8pm",12.954344,14.066828,49.1689,23.80993
"102","8pm",13.613868,12.971303,42.89227,30.52256
"103","8pm",17.024851,16.892018,37.54161,28.54152
"104","8pm",12.553545,15.834109,44.45358,27.15877
"105","8pm",10.556917,7.643846,45.38722,36.41202
"106","8pm",9.110517,8.738484,60.58408,21.56692
"107","8pm",13.987828,12.999103,39.49282,33.52025
"108","8pm",11.819755,11.574049,51.11557,25.49062
"109","8pm",6.586603,10.839293,57.36037,25.21374
"110","8pm",10.892274,10.300614,53.77605,25.03106
"111","8pm",13.744723,10.937534,52.50832,22.80942
"112","8pm",10.374719,13.180368,43.95863,32.48628
"113","8pm",10.944853,13.750501,51.58011,23.72454
"114","8pm",9.451418,15.479797,51.66799,23.4008
"115","8pm",10.455462,13.502121,51.25313,24.78928
"116","8pm",9.506766,11.974603,52.9683,25.55033
"117","8pm",12.724344,15.054008,46.71565,25.506
"118","8pm",11.314041,6.745538,47.09375,34.84667
"119","8pm",8.362032,9.779263,49.18307,32.67563
"120","8pm",8.936841,10.395222,51.96903,28.69891
"121","8pm",10.271522,10.097667,53.50738,26.12343
"122","8pm",9.162112,13.803958,50.71233,26.3216
"123","8pm",9.675454,10.379938,49.4266,30.51801
"124","8pm",9.674276,10.718763,51.05052,28.55644
"125","8pm",8.635902,10.3596,48.77405,32.23045
"126","8pm",8.831593,11.659271,50.51888,28.99026
"127","8pm",9.055845,9.481209,53.39852,28.06442
"128","8pm",5.973924,12.862673,50.84456,30.31885
"129","8pm",10.56589,8.743933,51.24869,29.44148
"130","8pm",1.752467,7.328442,56.82901,34.09009
"101","9pm",12.666263,15.925848,48.20688,23.20101
"102","9pm",13.551879,11.013102,44.44801,30.98701
"103","9pm",14.900863,17.545382,37.90828,29.64548
"104","9pm",14.763186,15.780509,42.79789,26.65841
"105","9pm",10.16106,7.357222,47.04054,35.44118
"106","9pm",11.61473,8.883107,57.31421,22.18795
"107","9pm",14.288872,11.095403,43.21305,31.40268
"108","9pm",11.601673,11.327802,52.15787,24.91266
"109","9pm",6.560584,10.796475,57.13378,25.50916
"110","9pm",11.210662,10.601707,53.08391,25.10372
"111","9pm",11.80005,11.484252,54.0717,22.644
"112","9pm",10.425163,13.244453,43.68615,32.64423
"113","9pm",11.019308,13.844042,51.25072,23.88593
"114","9pm",9.237636,15.129658,51.93721,23.69549
"115","9pm",10.239967,13.223832,52.25784,24.27836
"116","9pm",10.239164,12.250149,51.79991,25.71077
"117","9pm",13.239475,14.760863,45.92489,26.07477
"118","9pm",11.363251,6.774877,46.86364,34.99823
"119","9pm",8.265807,10.470084,49.44701,31.8171
"120","9pm",9.035941,10.510493,51.43642,29.01715
"121","9pm",9.863565,10.086924,53.95388,26.09563
"122","9pm",9.770584,13.84579,49.98226,26.40136
"123","9pm",9.680922,10.385804,50.2756,29.65767
"124","9pm",8.10167,10.837749,52.18714,28.87344
"125","9pm",8.516971,10.21693,49.47952,31.78658
"126","9pm",8.78846,11.602328,50.27215,29.33706
"127","9pm",8.944226,9.364347,53.97291,27.71851
"128","9pm",7.414415,13.530029,49.73869,29.31687
"129","9pm",10.631276,8.651871,51.09317,29.62368
"130","9pm",1.743007,7.288884,57.06204,33.90607
"101","10pm",13.610005,17.607724,46.95284,21.82943
"102","10pm",13.612799,11.06261,43.7043,31.62029
"103","10pm",14.476142,17.911604,37.81534,29.79691
"104","10pm",14.151284,15.693788,44.60145,25.55348
"105","10pm",10.1052,7.316775,47.33168,35.24634
"106","10pm",11.986546,9.167477,55.94774,22.89824
"107","10pm",14.711121,11.423282,41.53494,32.33065
"108","10pm",11.556665,11.543984,52.70167,24.19768
"109","10pm",6.559008,9.65333,57.88969,25.89797
"110","10pm",11.073202,11.346513,52.13344,25.44684
"111","10pm",12.140222,10.837384,53.72562,23.29678
"112","10pm",10.400306,13.212874,44.05631,32.33051
"113","10pm",11.003041,13.823605,51.32269,23.85067
"114","10pm",9.204854,15.075968,52.98692,22.73226
"115","10pm",10.303322,11.618796,53.64931,24.42857
"116","10pm",10.28073,12.299878,52.0102,25.4092
"117","10pm",13.28602,14.673317,45.87422,26.16644
"118","10pm",10.976412,7.674983,47.54182,33.80679
"119","10pm",7.891103,9.270496,51.90243,30.93598
"120","10pm",8.768779,12.076431,50.99558,28.15921
"121","10pm",9.863565,10.086924,53.95388,26.09563
"122","10pm",9.737345,13.258143,50.69297,26.31155
"123","10pm",9.605205,10.712317,49.88238,29.8001
"124","10pm",8.046498,10.763945,52.51274,28.67681
"125","10pm",8.469405,10.159871,49.76167,31.60906
"126","10pm",8.78846,11.602328,50.27215,29.33706
"127","10pm",8.817916,10.168576,53.21071,27.8028
"128","10pm",7.342052,13.397979,49.25325,30.00672
"129","10pm",10.547768,8.583911,51.47734,29.39099
"130","10pm",1.723754,7.208371,57.53633,33.53155
"101","11pm",15.610074,17.696238,44.97376,21.71992
"102","11pm",13.901943,10.4114,44.11922,31.56744
"103","11pm",13.704178,17.95224,37.85663,30.48695
"104","11pm",14.03935,17.247615,43.36168,25.35136
"105","11pm",10.046079,7.273969,47.63982,35.04013
"106","11pm",11.859849,9.070578,56.41337,22.65621
"107","11pm",14.442168,11.214438,41.55612,32.78727
"108","11pm",11.623654,11.610899,52.64452,24.12093
"109","11pm",6.464967,10.639122,57.36926,25.52665
"110","11pm",10.91787,11.920319,52.07193,25.08988
"111","11pm",11.906028,9.94771,54.21034,23.93592
"112","11pm",10.447886,13.273322,43.80037,32.47842
"113","11pm",11.428643,14.897733,50.29878,23.37484
"114","11pm",8.972502,14.695414,53.69861,22.63347
"115","11pm",10.504029,9.897147,54.69439,24.90443
"116","11pm",10.229024,12.238017,52.25156,25.2814
"117","11pm",12.945398,15.184828,45.89646,25.97332
"118","11pm",11.101946,6.619085,48.08554,34.19343
"119","11pm",7.896822,9.277216,51.76694,31.05903
"120","11pm",8.768779,12.076431,50.99558,28.15921
"121","11pm",9.807266,10.02935,53.64592,26.51746
"122","11pm",9.737345,13.258143,50.69297,26.31155
"123","11pm",9.605205,10.712317,49.88238,29.8001
"124","11pm",7.943554,10.626235,52.62454,28.80567
"125","11pm",8.492618,10.187717,49.62398,31.69569
"126","11pm",8.719914,11.511834,50.66001,29.10824
"127","11pm",9.366164,10.144404,52.75272,27.73671
"128","11pm",7.266888,13.260819,49.77276,29.69953
"129","11pm",8.178941,8.84919,52.67258,30.29929
"130","11pm",6.196263,7.698901,54.4007,31.70414
"101","12pm",15.978363,18.113745,44.19116,21.71673
"102","12pm",13.943201,10.442299,43.95338,31.66112
"103","12pm",13.345992,19.342112,37.62178,29.69011
"104","12pm",13.841226,17.004216,44.16096,24.9936
"105","12pm",9.700968,9.118618,47.34401,33.83641
"106","12pm",11.803322,9.027345,56.62111,22.54822
"107","12pm",14.456397,11.225487,42.45348,31.86463
"108","12pm",11.715503,10.341148,53.63182,24.31153
"109","12pm",6.464967,10.639122,57.36926,25.52665
"110","12pm",10.810946,11.803577,52.54132,24.84416
"111","12pm",11.849878,9.900795,53.95468,24.29465
"112","12pm",10.3727,13.177803,44.2048,32.24469
"113","12pm",11.422898,14.890244,49.83655,23.8503
"114","12pm",9.030828,14.790943,52.9486,23.22963
"115","12pm",10.504029,9.897147,54.69439,24.90443
"116","12pm",10.182619,12.636161,52.01451,25.16671
"117","12pm",13.068534,15.329265,45.73718,25.86502
"118","12pm",11.051825,6.589202,47.86846,34.49052
"119","12pm",7.862569,9.236975,52.10946,30.79099
"120","12pm",8.711549,11.997613,51.31541,27.97542
"121","12pm",9.700453,9.920118,54.15077,26.22866
"122","12pm",9.737345,13.258143,50.69297,26.31155
"123","12pm",9.569037,10.671981,50.07109,29.68789
"124","12pm",9.435345,10.454035,51.77175,28.33887
"125","12pm",8.492618,10.187717,49.62398,31.69569
"126","12pm",8.804466,10.978473,50.82657,29.39049
"127","12pm",9.242941,10.010942,53.37432,27.3718
"128","12pm",5.753932,13.477172,50.58481,30.18408
"129","12pm",8.178941,8.84919,52.67258,30.29929
"130","12pm",6.133911,7.621427,54.85956,31.3851
"101","1am",16.184643,17.056598,44.76167,21.99709
"102","1am",13.981488,10.470973,44.07407,31.47347
"103","1am",13.345992,19.342112,37.62178,29.69011
"104","1am",13.741581,16.881799,44.56295,24.81367
"105","1am",9.783005,9.19573,46.89872,34.12255
"106","1am",11.662899,10.109639,55.9475,22.27997
"107","1am",12.361876,11.40549,43.13423,33.0984
"108","1am",11.733665,10.357179,53.03366,24.8755
"109","1am",6.464967,10.639122,57.36926,25.52665
"110","1am",10.810946,11.803577,52.54132,24.84416
"111","1am",11.747052,9.814882,54.35423,24.08384
"112","1am",10.431612,13.252646,44.45587,31.85987
"113","1am",11.422898,14.890244,49.83655,23.8503
"114","1am",9.105819,14.913765,52.55789,23.42252
"115","1am",10.504029,9.897147,54.69439,24.90443
"116","1am",10.29497,12.775583,51.48506,25.44439
"117","1am",13.164888,15.442288,45.3371,26.05572
"118","1am",11.051825,6.589202,47.86846,34.49052
"119","1am",7.862569,9.236975,52.10946,30.79099
"120","1am",8.711549,11.997613,51.31541,27.97542
"121","1am",9.627732,9.84575,54.49449,26.03203
"122","1am",9.737345,13.258143,50.69297,26.31155
"123","1am",9.473137,10.565027,50.57148,29.39036
"124","1am",9.435345,10.454035,51.77175,28.33887
"125","1am",8.393574,10.068904,50.21148,31.32604
"126","1am",8.804466,10.978473,50.82657,29.39049
"127","1am",9.200528,9.965005,53.58827,27.2462
"128","1am",6.661835,13.347342,50.09751,29.89331
"129","1am",8.178941,8.84919,52.67258,30.29929
"130","1am",6.133911,7.621427,54.85956,31.3851
"101","2am",16.440563,16.680631,45.46946,21.40934
"102","2am",13.854936,11.281334,43.67514,31.18859
"103","2am",13.40809,18.305066,37.79684,30.49001
"104","2am",14.015152,16.655998,44.02119,25.30766
"105","2am",9.783005,9.19573,46.89872,34.12255
"106","2am",11.586584,10.043488,56.23575,22.13418
"107","2am",12.103527,13.257012,42.23277,32.40669
"108","2am",11.777823,10.396157,52.85691,24.96911
"109","2am",6.464967,10.639122,57.36926,25.52665
"110","2am",10.739607,11.725688,52.85449,24.68022
"111","2am",11.747052,9.814882,54.35423,24.08384
"112","2am",10.431612,13.252646,44.45587,31.85987
"113","2am",11.422898,14.890244,49.83655,23.8503
"114","2am",9.105819,14.913765,52.55789,23.42252
"115","2am",10.504029,9.897147,54.69439,24.90443
"116","2am",10.205661,12.664755,51.90592,25.22366
"117","2am",13.164888,15.442288,45.3371,26.05572
"118","2am",11.051825,6.589202,47.86846,34.49052
"119","2am",7.862569,9.236975,52.10946,30.79099
"120","2am",8.711549,11.997613,51.31541,27.97542
"121","2am",9.627732,9.84575,54.49449,26.03203
"122","2am",9.737345,13.258143,50.69297,26.31155
"123","2am",9.473137,10.565027,50.57148,29.39036
"124","2am",9.435345,10.454035,51.77175,28.33887
"125","2am",8.393574,10.068904,50.21148,31.32604
"126","2am",8.804466,10.978473,50.82657,29.39049
"127","2am",9.200528,9.965005,53.58827,27.2462
"128","2am",6.661835,13.347342,50.09751,29.89331
"129","2am",8.178941,8.84919,52.67258,30.29929
"130","2am",6.133911,7.621427,54.85956,31.3851
"101","3am",16.440563,16.680631,45.46946,21.40934
"102","3am",13.854936,11.281334,43.67514,31.18859
"103","3am",13.40809,18.305066,37.79684,30.49001
"104","3am",13.817705,16.421347,44.80982,24.95113
"105","3am",9.783005,9.19573,46.89872,34.12255
"106","3am",11.586584,10.043488,56.23575,22.13418
"107","3am",12.103527,13.257012,42.23277,32.40669
"108","3am",11.777823,10.396157,52.85691,24.96911
"109","3am",6.464967,10.639122,57.36926,25.52665
"110","3am",10.739607,11.725688,52.85449,24.68022
"111","3am",11.747052,9.814882,54.35423,24.08384
"112","3am",10.431612,13.252646,44.45587,31.85987
"113","3am",11.422898,14.890244,49.83655,23.8503
"114","3am",8.99707,14.735654,53.12448,23.14279
"115","3am",10.504029,9.897147,54.69439,24.90443
"116","3am",10.205661,12.664755,51.90592,25.22366
"117","3am",13.164888,15.442288,45.3371,26.05572
"118","3am",11.051825,6.589202,47.86846,34.49052
"119","3am",7.862569,9.236975,52.10946,30.79099
"120","3am",8.711549,11.997613,51.31541,27.97542
"121","3am",9.627732,9.84575,54.49449,26.03203
"122","3am",9.737345,13.258143,50.69297,26.31155
"123","3am",9.473137,10.565027,50.57148,29.39036
"124","3am",9.519846,10.54766,51.33982,28.59267
"125","3am",8.393574,10.068904,50.21148,31.32604
"126","3am",8.804466,10.978473,50.82657,29.39049
"127","3am",9.200528,9.965005,53.58827,27.2462
"128","3am",6.661835,13.347342,50.09751,29.89331
"129","3am",8.178941,8.84919,52.67258,30.29929
"130","3am",6.133911,7.621427,54.85956,31.3851
