"district","hour","cleduc1","cleduc2","cleduc3","cleduc4"
"101","4am",11.221417,42.3576,27.75886,18.662121
"102","4am",20.452383,40.36519,22.31717,16.865254
"103","4am",14.861586,38.22375,21.1554,25.75926
"104","4am",15.224444,37.6595,26.1589,20.957156
"105","4am",15.473294,39.77243,30.76342,13.990855
"106","4am",11.262769,46.95984,26.32429,15.453095
"107","4am",14.541979,51.61545,22.088,11.754567
"108","4am",15.125944,37.6237,30.25866,16.991702
"109","4am",11.190466,42.68386,30.39622,15.729454
"110","4am",11.078071,39.68866,31.03299,18.200283
"111","4am",10.924506,44.28817,32.27976,12.507557
"112","4am",10.902668,60.18876,15.08471,13.823865
"113","4am",11.221087,35.94071,34.20188,18.63632
"114","4am",8.178485,45.67841,27.55375,18.589348
"115","4am",12.633852,30.19647,30.03411,27.135563
"116","4am",9.137096,37.17279,36.27142,17.418701
"117","4am",9.823894,48.11178,27.83929,14.225035
"118","4am",17.653725,39.07507,28.37701,14.894192
"119","4am",13.156568,41.18055,36.1052,9.557682
"120","4am",10.580449,43.93915,31.62421,13.856187
"121","4am",10.547867,47.49744,30.32716,11.627526
"122","4am",11.903821,42.90077,23.99062,21.204783
"123","4am",11.57596,36.35938,32.75518,19.309477
"124","4am",17.259837,42.84968,30.55615,9.334332
"125","4am",14.665922,41.58296,26.78156,16.969559
"126","4am",12.693651,38.64668,37.42427,11.235396
"127","4am",15.414456,46.79885,25.85947,11.927224
"128","4am",12.491173,40.84033,33.51759,13.150912
"129","4am",11.164134,34.69098,33.81223,20.332653
"130","4am",17.098315,50.43965,17.5996,14.862433
"101","5am",10.873116,44.14676,26.89725,18.082868
"102","5am",20.275074,40.88219,22.1237,16.719042
"103","5am",14.919912,38.41801,20.80172,25.860355
"104","5am",15.350728,37.98457,26.37589,20.288815
"105","5am",16.217495,39.01703,31.0503,13.71517
"106","5am",11.102772,46.05261,27.61104,15.233571
"107","5am",12.523862,47.14985,28.89022,11.436068
"108","5am",15.327859,39.67464,27.77897,17.218522
"109","5am",11.279982,42.22538,30.63936,15.855278
"110","5am",10.8165,39.0776,31.26058,18.845326
"111","5am",10.556912,44.28898,33.06741,12.086696
"112","5am",10.86854,59.70177,15.03749,14.392199
"113","5am",11.270863,35.48758,35.12336,18.118198
"114","5am",8.2514,44.52917,28.46435,18.75508
"115","5am",12.746899,30.46667,30.30285,26.483576
"116","5am",9.241564,36.45445,36.68613,17.617856
"117","5am",9.785093,47.92175,27.72934,14.563819
"118","5am",18.083958,39.30455,27.86215,14.749344
"119","5am",12.90632,42.29934,35.41845,9.375887
"120","5am",10.83193,42.60667,32.37587,14.185527
"121","5am",10.607024,47.99658,30.49725,10.899147
"122","5am",12.14588,42.75641,23.46173,21.635972
"123","5am",11.572233,35.28699,33.83752,19.303261
"124","5am",17.813521,42.93822,29.61449,9.633771
"125","5am",14.665922,41.58296,26.78156,16.969559
"126","5am",12.558834,38.23622,38.08888,11.116066
"127","5am",15.950827,46.95292,24.75401,12.342251
"128","5am",12.553546,40.54492,33.68495,13.216579
"129","5am",11.417642,34.25509,33.53292,20.794355
"130","5am",17.848266,52.65199,15.92986,13.569887
"101","6am",11.05017,46.10732,24.46519,18.377324
"102","6am",21.063046,38.76835,23.6402,16.528402
"103","6am",15.593919,36.85435,21.71751,25.834218
"104","6am",14.773533,38.40539,28.21976,18.601309
"105","6am",16.259726,37.2917,31.9782,14.470373
"106","6am",10.849067,40.98294,29.61473,18.553268
"107","6am",12.117068,50.13664,27.95183,9.794464
"108","6am",16.374652,40.02145,26.93648,16.667416
"109","6am",11.197781,42.24092,31.17223,15.389065
"110","6am",11.220692,37.53382,32.63223,18.61326
"111","6am",10.015524,46.75571,31.22337,12.005392
"112","6am",11.046503,59.54597,14.77967,14.627858
"113","6am",11.35311,35.01681,35.37967,18.25041
"114","6am",7.902047,44.12908,29.31473,18.654145
"115","6am",13.654196,31.05676,29.676,25.613042
"116","6am",9.51368,36.23949,36.11023,18.136609
"117","6am",9.670386,48.50898,30.14006,11.68057
"118","6am",18.072734,40.46484,27.84485,13.617571
"119","6am",12.839802,42.08133,35.7513,9.327564
"120","6am",11.294898,40.82047,32.59866,15.285967
"121","6am",10.841515,49.38986,28.62853,11.140096
"122","6am",12.426118,43.03968,22.39903,22.135173
"123","6am",10.968556,36.31178,33.769,18.950659
"124","6am",18.260994,41.20815,30.80133,9.729522
"125","6am",15.175172,41.56486,26.5418,16.718164
"126","6am",12.526808,38.61368,37.7718,11.087719
"127","6am",16.441183,45.32216,25.51499,12.721673
"128","6am",12.959422,41.34033,32.66243,13.037815
"129","6am",11.244544,34.32697,34.36392,20.064564
"130","6am",17.487297,51.97988,15.51555,15.01727
"101","7am",9.15151,40.08526,31.45578,19.307445
"102","7am",18.300794,39.97584,24.8002,16.923171
"103","7am",14.434771,33.03911,29.02826,23.497858
"104","7am",15.05486,41.40058,24.0056,19.538961
"105","7am",15.552371,36.11953,36.723,11.605095
"106","7am",9.722418,36.6615,32.40684,21.209242
"107","7am",12.182658,44.42186,35.27907,8.116412
"108","7am",14.758332,41.83661,26.31298,17.092071
"109","7am",14.459634,38.67875,31.11245,15.749168
"110","7am",13.721309,40.9911,31.9225,13.365092
"111","7am",13.034952,49.05845,26.87109,11.035502
"112","7am",10.59809,60.58025,16.20828,12.613382
"113","7am",14.133693,34.15822,32.66541,19.042675
"114","7am",8.427681,44.68144,28.66695,18.223927
"115","7am",16.026347,33.75219,23.57098,26.650482
"116","7am",10.91296,39.54668,33.34542,16.194946
"117","7am",10.189203,45.68149,31.9462,12.183109
"118","7am",19.252903,35.39766,28.70797,16.641463
"119","7am",12.818418,48.49412,29.2584,9.429062
"120","7am",11.120335,44.0246,29.3795,15.475563
"121","7am",10.230153,46.39021,35.56222,7.81742
"122","7am",13.05793,46.48852,20.86868,19.584872
"123","7am",11.145411,33.95557,34.87752,20.021506
"124","7am",19.177375,43.41683,29.09915,8.306647
"125","7am",16.049267,42.94251,25.1296,15.878626
"126","7am",14.776916,43.05234,31.77979,10.390958
"127","7am",17.62684,48.08083,22.6186,11.673722
"128","7am",12.33118,42.29829,31.91311,13.457412
"129","7am",10.692583,36.97197,32.50832,19.827123
"130","7am",18.622235,50.12622,15.77294,15.478603
"101","8am",9.145016,45.91281,31.79798,13.144194
"102","8am",15.05472,35.74745,29.50941,19.688417
"103","8am",15.087014,35.21221,24.00371,25.697061
"104","8am",15.146596,36.80027,27.84933,20.203802
"105","8am",15.70693,37.26706,33.5331,13.492904
"106","8am",8.766498,37.50331,30.47732,23.252879
"107","8am",11.533854,47.35222,36.00503,5.108888
"108","8am",16.793095,41.05271,26.57412,15.580079
"109","8am",16.283062,38.78348,31.13463,13.798826
"110","8am",14.05898,40.86956,31.74716,13.324304
"111","8am",12.962939,51.07102,27.12689,8.839148
"112","8am",10.580957,59.4837,17.23451,12.700827
"113","8am",15.516961,34.84272,33.76311,15.877215
"114","8am",8.350657,49.26365,24.18386,18.201833
"115","8am",18.298673,38.30428,25.68253,17.714508
"116","8am",10.780103,42.56078,27.73911,18.920004
"117","8am",11.051677,41.26185,37.13751,10.54896
"118","8am",19.372407,36.14033,24.31979,20.16747
"119","8am",14.114738,49.23879,26.67369,9.972785
"120","8am",11.821078,42.27662,36.11144,9.79086
"121","8am",9.929581,49.93131,33.76902,6.370089
"122","8am",15.015847,48.16409,19.77804,17.042017
"123","8am",11.743605,34.16114,35.80819,18.287069
"124","8am",19.21044,45.27971,26.04588,9.463968
"125","8am",17.322315,42.92251,25.56792,14.187255
"126","8am",14.761494,41.40048,34.389,9.449026
"127","8am",18.928664,47.67333,23.06718,10.33083
"128","8am",13.087772,41.76776,31.17903,13.965435
"129","8am",11.380106,38.67829,33.78342,16.158176
"130","8am",18.876271,47.74055,17.10274,16.280436
"101","9am",9.182701,46.1205,25.92688,18.769915
"102","9am",14.518114,36.9012,31.21629,17.3644
"103","9am",16.073118,32.96889,26.36414,24.593848
"104","9am",15.923893,36.84711,25.79284,21.436158
"105","9am",15.116516,37.30405,33.78628,13.793151
"106","9am",8.150847,39.39135,30.28094,22.176861
"107","9am",10.590867,49.38455,35.1766,4.847992
"108","9am",14.998114,42.55238,27.80544,14.644059
"109","9am",16.975737,43.51547,29.80947,9.699318
"110","9am",11.980947,39.64327,34.86276,13.513028
"111","9am",13.871966,48.71256,28.71879,8.69669
"112","9am",11.046597,57.52968,17.676,13.74772
"113","9am",16.201057,35.5435,30.41145,17.843992
"114","9am",8.67428,46.53449,25.99686,18.79437
"115","9am",18.226182,38.15254,23.0989,20.522375
"116","9am",11.89834,46.81021,26.54416,14.74729
"117","9am",11.776677,43.47806,34.75257,9.992692
"118","9am",16.623503,33.248,33.2639,16.864591
"119","9am",14.915586,48.49169,24.82804,11.764681
"120","9am",11.694225,42.61063,32.7381,12.957048
"121","9am",11.618259,47.91389,32.86134,7.606506
"122","9am",14.570588,46.88088,22.08759,16.460945
"123","9am",10.945517,35.29366,32.11584,21.644976
"124","9am",20.619592,42.7607,27.07916,9.540545
"125","9am",18.077033,44.62295,22.49464,14.805382
"126","9am",13.586374,40.96556,35.64088,9.807183
"127","9am",19.606974,46.93203,22.42802,11.032975
"128","9am",13.250447,43.3481,29.93451,13.466942
"129","9am",11.844625,37.98268,33.8997,16.272992
"130","9am",18.33279,46.5726,18.34382,16.750794
"101","10am",9.597067,45.20556,29.45215,15.745223
"102","10am",13.419894,37.95433,28.6808,19.944975
"103","10am",17.18368,30.06766,27.943,24.805669
"104","10am",15.32654,36.95857,27.74079,19.974093
"105","10am",13.426535,40.60302,31.57164,14.398807
"106","10am",9.532779,38.74204,27.60199,24.123198
"107","10am",12.324297,48.0079,34.91285,4.75495
"108","10am",15.408918,45.63056,24.5881,14.372428
"109","10am",15.517479,44.5396,30.47506,9.467864
"110","10am",14.290583,38.5883,33.62575,13.495369
"111","10am",15.706124,45.06971,26.80289,12.421269
"112","10am",9.593904,60.69751,16.96351,12.745075
"113","10am",15.01078,36.51841,30.40861,18.0622
"114","10am",9.355982,41.97542,29.66204,19.006562
"115","10am",17.643348,38.14088,24.27348,19.94229
"116","10am",10.844595,45.12802,25.53076,18.496622
"117","10am",11.087386,44.48524,35.74786,8.679518
"118","10am",17.460803,33.29372,29.88616,19.359312
"119","10am",12.855166,49.48401,24.46994,13.190885
"120","10am",11.917478,42.07427,34.95254,11.055712
"121","10am",12.274372,46.71605,33.68267,7.326903
"122","10am",14.948757,51.34083,20.33806,13.372356
"123","10am",10.615417,36.80384,32.77929,19.801447
"124","10am",21.722057,43.68204,26.19717,8.398734
"125","10am",18.073903,44.63254,22.49074,14.802818
"126","10am",14.833596,40.68135,33.2699,11.215158
"127","10am",19.119212,46.60676,22.74379,11.530239
"128","10am",13.199929,44.23898,30.51841,12.04268
"129","10am",11.42352,39.57106,32.88718,16.118238
"130","10am",19.879989,46.74912,19.19477,14.176124
"101","11am",9.555476,45.04793,28.33129,17.065305
"102","11am",16.724763,36.84327,28.36375,18.068224
"103","11am",13.716894,30.28403,29.47838,26.520696
"104","11am",14.532227,38.65736,28.58899,18.221423
"105","11am",14.709809,37.40819,33.44187,14.440131
"106","11am",9.597523,42.06474,24.94465,23.393089
"107","11am",12.565789,45.33826,35.02808,7.067871
"108","11am",16.065342,41.54566,25.50066,16.888335
"109","11am",15.792878,47.90881,28.67771,7.620598
"110","11am",13.331273,39.44161,32.86801,14.359111
"111","11am",14.595679,45.44679,29.64374,10.313797
"112","11am",9.530538,59.16958,19.00094,12.298947
"113","11am",14.944196,35.81778,32.01843,17.219592
"114","11am",8.347302,47.7749,25.83469,18.043109
"115","11am",19.221335,33.39005,25.94733,21.441281
"116","11am",12.044739,45.29515,22.67055,19.989563
"117","11am",11.551262,44.55948,32.65345,11.235809
"118","11am",16.338906,36.4569,26.30548,20.898711
"119","11am",14.090207,45.92434,29.0299,10.95556
"120","11am",12.483072,44.8793,30.41168,12.225947
"121","11am",12.106035,49.35927,32.96812,5.566574
"122","11am",12.473487,52.69827,22.84949,11.978759
"123","11am",11.832229,33.93856,34.95755,19.271662
"124","11am",21.155278,46.05542,24.55024,8.239067
"125","11am",18.060507,43.24201,24.51671,14.180772
"126","11am",15.999831,42.9337,31.92218,9.144292
"127","11am",18.08113,44.61765,24.33008,12.971142
"128","11am",13.029397,44.42696,29.6909,12.852752
"129","11am",11.860025,36.13891,33.82349,18.177574
"130","11am",18.892451,48.53987,18.39948,14.168194
"101","12am",10.377224,44.37657,27.33001,17.916197
"102","12am",17.855378,40.50136,25.12174,16.52152
"103","12am",11.399724,35.47636,28.49387,24.630048
"104","12am",15.156091,37.12639,27.50632,20.211198
"105","12am",16.657721,34.06876,32.9417,16.33182
"106","12am",12.124109,40.86284,25.706,21.307047
"107","12am",12.885738,44.04226,36.69093,6.381072
"108","12am",13.612603,37.63464,33.39432,15.358434
"109","12am",14.489968,43.93588,29.27337,12.300786
"110","12am",12.534975,44.13459,30.22883,13.101598
"111","12am",14.436702,41.68009,33.2168,10.666414
"112","12am",10.051638,63.10931,14.44,12.399058
"113","12am",14.23543,36.32275,33.71868,15.72314
"114","12am",8.294394,47.3872,29.32381,14.994598
"115","12am",17.028943,31.5036,24.65036,26.817099
"116","12am",10.910547,43.89319,24.05205,21.144217
"117","12am",11.358087,47.26805,31.64957,9.724293
"118","12am",14.771024,38.34126,25.84215,21.04557
"119","12am",12.765339,37.95141,37.7533,11.52995
"120","12am",11.277402,46.85086,28.66504,13.206696
"121","12am",11.40472,46.93903,34.84103,6.815219
"122","12am",12.892932,50.17888,22.27161,14.656579
"123","12am",12.117734,31.83716,35.41467,20.630436
"124","12am",19.107447,44.19207,26.64149,10.058995
"125","12am",17.640444,43.26572,22.87389,16.219947
"126","12am",16.046738,42.21521,30.90189,10.836156
"127","12am",17.860012,47.25947,22.08819,12.792331
"128","12am",12.561376,43.33626,30.82323,13.279131
"129","12am",12.10043,36.17419,33.77081,17.954569
"130","12am",17.534015,50.36653,16.34831,15.751144
"101","1pm",9.6914,45.4947,28.92169,15.892215
"102","1pm",15.930707,38.4184,26.32229,19.328605
"103","1pm",12.865344,35.46718,26.20574,25.461729
"104","1pm",15.868478,40.35963,19.938,23.833895
"105","1pm",17.395479,33.27211,34.6053,14.727108
"106","1pm",13.142165,34.24784,34.66783,17.94217
"107","1pm",11.903372,48.19579,32.86379,7.037054
"108","1pm",14.168901,41.5259,30.94187,13.363325
"109","1pm",17.21128,46.4265,24.69804,11.664179
"110","1pm",10.589937,41.55892,34.42854,13.422601
"111","1pm",14.459162,47.95244,27.25036,10.338039
"112","1pm",10.558332,58.84672,17.7761,12.818843
"113","1pm",15.147304,34.54107,32.86087,17.450757
"114","1pm",7.297748,47.74739,25.93781,19.017043
"115","1pm",18.708174,35.10501,26.90624,19.280575
"116","1pm",10.535966,44.68426,23.74333,21.03644
"117","1pm",10.630283,47.07849,33.68597,8.605264
"118","1pm",15.566313,36.40124,26.27314,21.759312
"119","1pm",13.596118,39.6188,32.68276,14.102321
"120","1pm",11.622549,45.85684,31.49305,11.027559
"121","1pm",11.581321,46.20807,34.61769,7.592913
"122","1pm",14.837052,50.83979,19.73983,14.583331
"123","1pm",11.425099,33.39086,35.55771,19.626338
"124","1pm",19.882579,44.90502,26.7413,8.471094
"125","1pm",17.289756,43.35537,24.54547,14.809406
"126","1pm",15.705963,40.61525,34.97672,8.702063
"127","1pm",18.479509,51.19663,17.1022,13.221663
"128","1pm",12.502617,42.46717,32.87755,12.152665
"129","1pm",11.68429,36.62031,33.73486,17.960544
"130","1pm",19.04984,50.2123,15.25019,15.48767
"101","2pm",11.950976,42.27851,29.81736,15.95315
"102","2pm",12.827872,32.78562,32.33725,22.049261
"103","2pm",14.818836,41.06513,22.81993,21.296108
"104","2pm",15.736148,39.32935,23.29123,21.643279
"105","2pm",15.749109,35.77428,34.5998,13.876814
"106","2pm",11.828193,36.20917,35.17495,16.787683
"107","2pm",9.875682,48.29945,32.65436,9.170507
"108","2pm",14.37929,44.58176,25.99645,15.042498
"109","2pm",14.455168,46.58589,27.74292,11.216017
"110","2pm",14.393502,41.45022,32.90662,11.249653
"111","2pm",14.116895,45.5721,28.97655,11.334455
"112","2pm",10.004002,55.96601,20.77668,13.253306
"113","2pm",16.128825,40.24169,26.99466,16.63483
"114","2pm",6.174,47.6189,26.09289,20.114208
"115","2pm",18.556484,35.71916,25.06101,20.663342
"116","2pm",10.170084,47.03853,24.13412,18.657259
"117","2pm",10.684396,48.12531,33.14114,8.049151
"118","2pm",14.524956,37.00006,28.18232,20.292668
"119","2pm",14.823075,40.97571,30.91945,13.281763
"120","2pm",11.183262,46.00691,30.57896,12.230866
"121","2pm",12.313774,45.9112,34.72353,7.0515
"122","2pm",14.666815,49.90278,21.15861,14.271797
"123","2pm",10.995237,32.87772,32.44804,23.678998
"124","2pm",20.579921,42.17375,27.72054,9.525787
"125","2pm",18.027722,45.26215,22.97374,13.736391
"126","2pm",16.926185,38.33026,36.35164,8.391913
"127","2pm",17.014707,53.35622,19.13854,10.490531
"128","2pm",13.992981,41.52282,31.36906,13.115135
"129","2pm",12.046092,36.64412,33.777,17.532796
"130","2pm",19.190691,51.31756,14.57879,14.912959
"101","3pm",12.955071,42.78884,28.80601,15.450085
"102","3pm",13.337475,35.84345,28.70239,22.116689
"103","3pm",12.081342,38.3056,26.7362,22.876861
"104","3pm",16.87737,39.99908,23.32456,19.798988
"105","3pm",15.664443,37.57057,31.64658,15.118401
"106","3pm",12.725529,36.88113,35.34065,15.052692
"107","3pm",10.290423,48.85147,32.14971,8.708397
"108","3pm",14.804684,39.84391,28.67893,16.672481
"109","3pm",14.167078,46.85245,26.63394,12.346536
"110","3pm",12.224778,43.15711,32.33684,12.281264
"111","3pm",13.738902,44.8362,31.60366,9.821244
"112","3pm",10.934882,56.90107,19.44786,12.716191
"113","3pm",14.755376,42.78079,27.97711,14.486722
"114","3pm",7.891217,48.04945,23.02205,21.037276
"115","3pm",18.822594,34.34756,24.15364,22.6762
"116","3pm",11.501569,45.25454,28.80183,14.442059
"117","3pm",10.552566,48.65021,32.38108,8.416142
"118","3pm",14.092002,37.80038,27.64212,20.465502
"119","3pm",16.329788,40.74679,29.80167,13.121746
"120","3pm",10.409382,48.6069,29.97058,11.013146
"121","3pm",12.12075,42.54478,35.55019,9.784286
"122","3pm",15.859913,48.19703,19.59651,16.34655
"123","3pm",10.240853,34.06173,34.11651,21.580907
"124","3pm",20.55079,43.18346,27.01694,9.248807
"125","3pm",17.59042,43.5564,24.63236,14.220815
"126","3pm",16.444321,36.47959,38.17499,8.901099
"127","3pm",16.359856,51.56145,18.77063,13.308066
"128","3pm",14.038602,41.52724,31.07789,13.356277
"129","3pm",11.906352,37.34627,34.18828,16.559103
"130","3pm",17.849651,51.61658,16.17588,14.357891
"101","4pm",12.139284,46.09839,26.7377,15.024621
"102","4pm",14.809861,33.77142,30.76247,20.656245
"103","4pm",11.978519,38.95232,23.85906,25.210105
"104","4pm",14.655106,38.96592,28.62597,17.753003
"105","4pm",15.608974,39.35593,33.12189,11.913202
"106","4pm",15.220541,34.48153,36.09919,14.198736
"107","4pm",11.15957,51.09488,29.02111,8.724439
"108","4pm",14.747977,45.5157,23.86097,15.875349
"109","4pm",14.450806,43.98458,27.76506,13.799559
"110","4pm",13.355538,42.19165,31.31976,13.133051
"111","4pm",12.686125,43.83266,32.95816,10.523063
"112","4pm",10.708596,57.32988,18.69134,13.270186
"113","4pm",13.95349,47.55927,27.12539,11.361845
"114","4pm",9.575063,44.74738,25.7691,19.90845
"115","4pm",17.397915,32.41295,23.07349,27.115644
"116","4pm",12.664906,41.25432,29.97734,16.103432
"117","4pm",9.035748,55.41593,25.64718,9.901147
"118","4pm",13.826443,35.02845,30.07595,21.069156
"119","4pm",15.58119,39.65258,33.78391,10.982319
"120","4pm",10.507303,46.2213,33.91213,9.359268
"121","4pm",10.899267,42.24043,37.55271,9.307592
"122","4pm",15.908432,45.56069,19.66124,18.869633
"123","4pm",10.476545,36.55896,34.12525,18.839249
"124","4pm",19.213794,41.84574,28.97968,9.960785
"125","4pm",17.027284,48.0428,22.23614,12.693785
"126","4pm",15.3295,37.59638,37.21043,9.863682
"127","4pm",17.664381,51.55293,21.12525,9.657446
"128","4pm",12.166603,42.6201,31.61024,13.603063
"129","4pm",12.802883,34.79897,35.15176,17.246388
"130","4pm",17.478849,52.97778,14.16078,15.382589
"101","5pm",11.236881,41.70218,29.56521,17.495729
"102","5pm",17.545958,35.73095,26.51481,20.20828
"103","5pm",13.709613,39.73859,25.21981,21.331981
"104","5pm",17.510779,40.62862,22.13286,19.72774
"105","5pm",15.63185,38.27658,32.9978,13.093766
"106","5pm",15.798877,44.70542,30.00582,9.489881
"107","5pm",12.364096,51.17196,21.85685,14.607094
"108","5pm",13.428372,43.766,25.10265,17.702976
"109","5pm",13.365964,44.31506,25.65536,16.663612
"110","5pm",10.716109,38.21569,36.17601,14.892189
"111","5pm",10.881658,44.88306,33.03138,11.203893
"112","5pm",9.724628,60.2467,18.8592,11.169475
"113","5pm",12.398064,39.70179,33.10235,14.7978
"114","5pm",9.298776,46.61885,27.0243,17.058075
"115","5pm",13.817029,33.64838,27.29928,25.235316
"116","5pm",9.448231,41.31368,32.59159,16.646499
"117","5pm",8.834105,57.28519,24.39885,9.481857
"118","5pm",17.305754,36.8355,30.80774,15.05101
"119","5pm",13.764694,41.5135,33.69124,11.03057
"120","5pm",11.607993,45.32811,32.23251,10.831388
"121","5pm",12.317075,43.80902,32.82671,11.047202
"122","5pm",14.534226,43.38048,22.16792,19.917376
"123","5pm",9.79896,33.88126,38.41486,17.904912
"124","5pm",19.280877,43.10592,28.93179,8.681404
"125","5pm",16.490144,43.09343,25.30535,15.111072
"126","5pm",14.759544,36.6066,37.5517,11.082152
"127","5pm",16.435811,50.21501,24.00696,9.342224
"128","5pm",11.717105,42.00008,33.09095,13.191858
"129","5pm",12.666006,35.51771,33.98779,17.8285
"130","5pm",18.703682,54.24644,14.64068,12.409198
"101","6pm",9.888328,45.06663,26.75897,18.286079
"102","6pm",18.401438,39.60357,22.35444,19.640553
"103","6pm",13.573389,37.45949,24.80207,24.165043
"104","6pm",18.020922,39.05491,27.29597,15.628196
"105","6pm",14.704165,36.93463,30.70059,17.660617
"106","6pm",13.004964,43.23371,25.63003,18.131289
"107","6pm",15.525145,52.48223,23.50173,8.490893
"108","6pm",14.05638,39.99682,28.59364,17.353162
"109","6pm",11.114543,43.93374,28.36684,16.584876
"110","6pm",12.463183,39.28732,33.6512,14.598299
"111","6pm",10.604438,47.56164,33.02743,8.806498
"112","6pm",9.60862,58.94003,17.6209,13.830452
"113","6pm",12.363724,35.78332,33.36714,18.485823
"114","6pm",9.61963,45.98623,25.09561,19.298523
"115","6pm",13.91864,32.50084,31.25006,22.330468
"116","6pm",9.625925,39.94732,34.42254,16.004206
"117","6pm",9.287773,52.82741,26.70224,11.182568
"118","6pm",17.213346,36.77941,29.58895,16.418295
"119","6pm",13.498048,37.4581,37.96158,11.082273
"120","6pm",11.602447,46.51604,28.61275,13.26876
"121","6pm",12.368544,47.77415,31.64969,8.207608
"122","6pm",14.049318,43.14868,22.69498,20.107023
"123","6pm",10.508166,33.55758,35.42606,20.508192
"124","6pm",19.009116,41.8238,30.20833,8.958757
"125","6pm",15.343509,43.76421,25.3544,15.537879
"126","6pm",13.431675,38.73906,36.04056,11.788696
"127","6pm",16.155019,47.065,25.93418,10.845799
"128","6pm",11.534337,42.29813,33.94011,12.227424
"129","6pm",11.606615,33.72875,35.33553,19.329113
"130","6pm",19.462171,50.22316,16.93856,13.376117
"101","7pm",10.999877,37.08562,30.6652,21.249305
"102","7pm",19.719028,39.39951,22.46559,18.415877
"103","7pm",15.76784,37.01158,21.54879,25.671781
"104","7pm",16.370731,37.98511,24.84235,20.801808
"105","7pm",15.471623,39.62255,30.21685,14.688978
"106","7pm",12.526169,47.08967,24.5549,15.829258
"107","7pm",16.531525,52.32691,18.81653,12.325033
"108","7pm",14.20815,39.71599,28.31876,17.757095
"109","7pm",10.632568,44.49627,28.41518,16.455982
"110","7pm",12.09473,37.62189,34.04193,16.241445
"111","7pm",9.31891,46.13102,34.31176,10.238309
"112","7pm",10.547028,59.35233,15.90565,14.194987
"113","7pm",11.709703,36.49482,34.83044,16.965036
"114","7pm",8.610757,46.02914,28.77393,16.58617
"115","7pm",12.605078,32.77044,30.23272,24.391765
"116","7pm",9.800665,39.30625,34.23456,16.658524
"117","7pm",9.511807,51.62834,26.06247,12.797379
"118","7pm",18.100544,39.24058,29.6154,13.043484
"119","7pm",13.215646,38.10517,37.2534,11.425785
"120","7pm",11.295261,44.49733,29.4151,14.792307
"121","7pm",10.60274,47.1951,31.35136,10.850803
"122","7pm",12.784064,43.06157,23.83316,20.321209
"123","7pm",11.35777,35.28187,34.6574,18.702957
"124","7pm",18.419677,42.51064,30.38872,8.680962
"125","7pm",15.077859,42.82055,25.07415,17.027433
"126","7pm",12.626271,37.8235,36.57752,12.972709
"127","7pm",16.167259,47.24285,27.03073,9.559163
"128","7pm",12.10857,41.25021,34.51054,12.130687
"129","7pm",10.970785,35.3339,34.3928,19.30252
"130","7pm",17.845337,53.25382,16.08438,12.81646
"101","8pm",10.534679,35.97373,33.02342,20.468169
"102","8pm",20.123852,37.34634,22.85203,19.677783
"103","8pm",14.695647,40.22911,20.17448,24.90077
"104","8pm",15.193123,39.96268,22.91707,21.927133
"105","8pm",15.887385,36.90605,31.40902,15.797544
"106","8pm",12.049718,45.87382,23.29948,18.776983
"107","8pm",15.911769,52.43749,18.2905,13.36024
"108","8pm",15.242642,36.78551,31.76926,16.202593
"109","8pm",11.21518,42.96782,29.38201,16.434988
"110","8pm",10.876741,38.82814,32.80253,17.492594
"111","8pm",9.458629,47.10841,34.23212,9.200837
"112","8pm",10.552483,60.35348,14.89171,14.202328
"113","8pm",11.252317,36.35108,34.76792,17.62868
"114","8pm",8.715361,44.68248,29.12348,17.478683
"115","8pm",12.636345,30.50634,30.94804,25.909276
"116","8pm",9.476539,37.38101,35.5245,17.617952
"117","8pm",9.540015,50.62972,25.59167,14.238587
"118","8pm",18.11474,39.05758,30.36266,12.465017
"119","8pm",12.519541,40.7065,34.79656,11.977401
"120","8pm",10.475768,44.66227,31.14287,13.719096
"121","8pm",10.277453,46.27477,32.11808,11.329697
"122","8pm",12.488579,41.53162,23.9708,22.009005
"123","8pm",11.747262,36.89743,31.79402,19.561284
"124","8pm",17.494026,43.0568,30.50864,8.940526
"125","8pm",14.899604,43.00883,24.44006,17.6515
"126","8pm",12.639968,38.80352,36.6172,11.939312
"127","8pm",15.929135,46.52434,27.55235,9.994177
"128","8pm",11.982306,41.34145,34.15067,12.525574
"129","8pm",11.086518,34.80085,34.54082,19.571808
"130","8pm",17.095159,54.44523,14.65949,13.800115
"101","9pm",10.382187,35.5284,33.76039,20.32903
"102","9pm",20.740249,39.71561,22.09402,17.450127
"103","9pm",15.257917,38.90944,19.97914,25.853499
"104","9pm",15.137898,39.81742,23.19726,21.847431
"105","9pm",16.151921,36.31551,31.02938,16.503191
"106","9pm",12.407675,45.12486,24.8665,17.60096
"107","9pm",14.602942,53.00271,21.9412,10.453151
"108","9pm",14.940243,37.3213,30.44816,17.290297
"109","9pm",11.167766,43.20894,29.25779,16.365507
"110","9pm",11.20915,38.57568,32.18798,18.027193
"111","9pm",9.385787,45.7284,32.78913,12.096687
"112","9pm",10.608507,60.6739,14.77965,13.937936
"113","9pm",11.335066,35.69045,34.40755,18.566934
"114","9pm",8.512259,45.35806,29.05832,17.071361
"115","9pm",12.360124,30.8207,30.7711,26.04808
"116","9pm",9.130719,38.75233,35.70786,16.40909
"117","9pm",9.420667,49.74633,26.83053,14.002474
"118","9pm",18.201498,39.24465,29.25751,13.296342
"119","9pm",12.375473,40.47183,35.79565,11.357051
"120","9pm",10.598482,44.01404,31.50768,13.879802
"121","9pm",10.220876,47.67461,30.83718,11.267328
"122","9pm",12.608198,41.92942,24.2004,21.261985
"123","9pm",11.754403,35.41232,33.2601,19.573175
"124","9pm",17.696237,41.80517,31.45473,9.043868
"125","9pm",14.681023,42.37788,25.54855,17.392547
"126","9pm",12.576778,38.60953,36.93406,11.879625
"127","9pm",15.722777,45.92163,27.19541,11.160178
"128","9pm",11.577501,42.73592,32.99694,12.689639
"129","9pm",11.158994,34.07877,34.76663,19.995606
"130","9pm",17.002417,54.14986,14.57997,14.267753
"101","10pm",10.177,35.95786,33.06956,20.795581
"102","10pm",20.841083,38.23239,23.84046,17.086066
"103","10pm",15.329301,40.76384,19.33709,24.569763
"104","10pm",14.466231,38.05072,24.65127,22.831774
"105","10pm",16.053539,36.09431,30.84038,17.011773
"106","10pm",12.817859,45.15405,23.84526,18.182829
"107","10pm",15.087305,54.76075,19.35207,10.79987
"108","10pm",14.657884,37.02596,30.86912,17.447038
"109","10pm",11.164896,43.22353,29.25027,16.361301
"110","10pm",11.065532,39.7065,31.94284,17.285125
"111","10pm",9.673612,45.35066,33.12304,11.852682
"112","10pm",10.580894,60.25846,15.25899,13.901656
"113","10pm",11.316979,35.6335,34.25394,18.795581
"114","10pm",8.481141,45.85219,29.56339,16.103287
"115","10pm",12.441259,29.23331,31.60352,26.721902
"116","10pm",9.170358,38.48644,35.86288,16.480327
"117","10pm",9.455658,49.14381,27.7087,13.691827
"118","10pm",17.521534,39.53128,28.16452,14.782664
"119","10pm",12.412172,38.68942,34.17297,14.725434
"120","10pm",10.268004,43.56539,32.7196,13.447008
"121","10pm",10.220876,47.67461,30.83718,11.267328
"122","10pm",12.561723,41.77486,24.11119,21.552221
"123","10pm",11.655572,35.51704,32.98045,19.846933
"124","10pm",17.570789,42.21771,31.23175,8.979757
"125","10pm",14.593714,42.12586,25.39661,17.883816
"126","10pm",12.576778,38.60953,36.93406,11.879625
"127","10pm",15.489575,46.72373,26.79205,10.994648
"128","10pm",11.96076,42.30964,33.16654,12.563062
"129","10pm",11.066439,34.62554,34.47827,19.829758
"130","10pm",16.813673,53.54874,14.9546,14.682988
"101","11pm",10.621764,38.57668,32.16882,18.632736
"102","11pm",20.291768,38.32729,23.9017,17.479244
"103","11pm",15.730727,37.94163,21.11448,25.213167
"104","11pm",14.343807,38.31119,24.70645,22.638554
"105","11pm",15.949543,35.86049,31.2884,16.90157
"106","11pm",12.677995,45.75251,23.58507,17.984424
"107","11pm",15.652536,54.81288,18.95584,10.578745
"108","11pm",14.750305,36.91072,31.5953,16.74367
"109","11pm",10.993752,43.03385,29.86189,16.110503
"110","11pm",10.903433,39.89027,32.17438,17.031916
"111","11pm",10.766342,45.41161,31.62285,12.199199
"112","11pm",10.633761,60.55954,14.83558,13.971115
"113","11pm",11.073329,36.3231,34.21265,18.39092
"114","11pm",8.260766,46.14883,29.34638,16.244033
"115","11pm",12.698694,29.83821,30.18826,27.274834
"116","11pm",9.121052,38.2795,36.20773,16.391717
"117","11pm",9.199915,49.87776,27.60081,13.321512
"118","11pm",17.741679,38.77153,28.51839,14.968398
"119","11pm",12.421169,38.24855,34.19774,15.132539
"120","11pm",10.268004,43.56539,32.7196,13.447008
"121","11pm",10.157117,47.37721,30.64482,11.820852
"122","11pm",12.561723,41.77486,24.11119,21.552221
"123","11pm",11.655572,35.51704,32.98045,19.846933
"124","11pm",17.336907,41.65575,31.63133,9.376013
"125","11pm",14.636314,42.95764,25.47074,16.935301
"126","11pm",12.476387,38.30134,37.43747,11.784798
"127","11pm",15.450907,47.20485,26.37704,10.967201
"128","11pm",11.835643,42.33783,32.8196,13.006929
"129","11pm",11.111465,34.35955,34.61855,19.91044
"130","11pm",16.65727,53.05063,14.81549,15.476619
"101","12pm",10.895388,39.57044,30.42144,19.112729
"102","12pm",20.357027,38.45055,23.65696,17.535458
"103","12pm",15.362133,37.0526,22.96288,24.622386
"104","12pm",14.12745,37.73332,25.84215,22.297082
"105","12pm",15.345088,37.13591,31.25797,16.261035
"106","12pm",12.615624,45.52742,23.96101,17.895947
"107","12pm",15.669809,53.80378,19.93599,10.590419
"108","12pm",14.81255,37.06648,29.59484,18.526128
"109","12pm",10.993752,43.03385,29.86189,16.110503
"110","12pm",10.791969,39.48248,31.84547,17.880084
"111","12pm",10.712252,45.68587,31.46397,12.13791
"112","12pm",10.550242,60.0839,15.50448,13.861384
"113","12pm",11.067322,36.82916,33.72257,18.380943
"114","12pm",8.316054,46.45769,28.8735,16.352752
"115","12pm",12.698694,29.83821,30.18826,27.274834
"116","12pm",9.076829,38.09391,36.03218,16.797081
"117","12pm",9.292281,49.37454,27.87792,13.455258
"118","12pm",17.653725,39.07507,28.37701,14.894192
"119","12pm",12.367291,38.5164,34.0494,15.066901
"120","12pm",10.197354,43.26563,33.18253,13.354483
"121","12pm",10.036337,46.81384,31.46954,11.680288
"122","12pm",12.561723,41.77486,24.11119,21.552221
"123","12pm",11.608405,35.37332,32.84699,20.171288
"124","12pm",17.044793,42.63881,31.09836,9.218034
"125","12pm",14.636314,42.95764,25.47074,16.935301
"126","12pm",12.600225,38.34917,37.14883,11.901773
"127","12pm",15.237575,46.55309,27.39356,10.815777
"128","12pm",12.033025,41.3762,33.36693,13.223844
"129","12pm",11.111465,34.35955,34.61855,19.91044
"130","12pm",16.480855,52.48877,15.71766,15.312708
"101","1am",11.049153,40.1289,29.43949,19.382465
"102","1am",20.417615,38.56499,23.72737,17.29002
"103","1am",15.362133,37.0526,22.96288,24.622386
"104","1am",14.018795,37.44311,26.4125,22.125594
"105","1am",15.488371,37.48266,31.54984,15.47913
"106","1am",12.460767,44.96857,24.89439,17.676274
"107","1am",15.545936,53.37845,19.7784,11.297219
"108","1am",14.83744,37.69921,29.64457,17.818783
"109","1am",10.993752,43.03385,29.86189,16.110503
"110","1am",10.791969,39.48248,31.84547,17.880084
"111","1am",10.613284,45.26379,31.17329,12.949642
"112","1am",10.615674,59.83634,15.60064,13.947351
"113","1am",11.067322,36.82916,33.72257,18.380943
"114","1am",8.387169,45.99982,29.12041,16.492593
"115","1am",12.698694,29.83821,30.18826,27.274834
"116","1am",9.183943,37.36337,36.45739,16.995299
"117","1am",9.364626,50.52997,26.54539,13.560013
"118","1am",17.653725,39.07507,28.37701,14.894192
"119","1am",12.367291,38.5164,34.0494,15.066901
"120","1am",10.197354,43.26563,33.18253,13.354483
"121","1am",9.954247,46.43094,32.03006,11.584752
"122","1am",12.561723,41.77486,24.11119,21.552221
"123","1am",11.483468,36.06887,32.49347,19.954192
"124","1am",17.044793,42.63881,31.09836,9.218034
"125","1am",14.454655,42.42447,26.39577,16.725108
"126","1am",12.600225,38.34917,37.14883,11.901773
"127","1am",15.164214,46.32896,27.26167,11.245155
"128","1am",12.033025,41.3762,33.36693,13.223844
"129","1am",11.111465,34.35955,34.61855,19.91044
"130","1am",16.480855,52.48877,15.71766,15.312708
"101","2am",11.24043,40.82358,29.24225,18.69374
"102","2am",20.217455,38.18693,24.4751,17.120521
"103","2am",15.443236,37.24822,21.80532,25.503225
"104","2am",14.317359,38.24055,25.44638,21.995716
"105","2am",15.488371,37.48266,31.54984,15.47913
"106","2am",12.376658,44.66504,25.40134,17.55696
"107","2am",15.191307,52.1608,20.36847,12.279432
"108","2am",14.897984,37.85304,29.35748,17.891492
"109","2am",10.993752,43.03385,29.86189,16.110503
"110","2am",10.717655,39.2106,31.62618,18.445566
"111","2am",10.613284,45.26379,31.17329,12.949642
"112","2am",10.615674,59.83634,15.60064,13.947351
"113","2am",11.067322,36.82916,33.72257,18.380943
"114","2am",8.387169,45.99982,29.12041,16.492593
"115","2am",12.698694,29.83821,30.18826,27.274834
"116","2am",9.098785,37.01692,36.11933,17.764959
"117","2am",9.364626,50.52997,26.54539,13.560013
"118","2am",17.653725,39.07507,28.37701,14.894192
"119","2am",12.367291,38.5164,34.0494,15.066901
"120","2am",10.197354,43.26563,33.18253,13.354483
"121","2am",9.954247,46.43094,32.03006,11.584752
"122","2am",12.561723,41.77486,24.11119,21.552221
"123","2am",11.483468,36.06887,32.49347,19.954192
"124","2am",17.044793,42.63881,31.09836,9.218034
"125","2am",14.454655,42.42447,26.39577,16.725108
"126","2am",12.600225,38.34917,37.14883,11.901773
"127","2am",15.164214,46.32896,27.26167,11.245155
"128","2am",12.033025,41.3762,33.36693,13.223844
"129","2am",11.111465,34.35955,34.61855,19.91044
"130","2am",16.480855,52.48877,15.71766,15.312708
"101","3am",11.24043,40.82358,29.24225,18.69374
"102","3am",20.217455,38.18693,24.4751,17.12052
"103","3am",15.443236,37.24822,21.80532,25.50322
"104","3am",14.101793,37.66479,26.56888,21.66454
"105","3am",15.488371,37.48266,31.54984,15.47913
"106","3am",12.376658,44.66504,25.40134,17.55696
"107","3am",15.191307,52.1608,20.36847,12.27943
"108","3am",14.897984,37.85304,29.35748,17.89149
"109","3am",10.993752,43.03385,29.86189,16.1105
"110","3am",10.717655,39.2106,31.62618,18.44557
"111","3am",10.613284,45.26379,31.17329,12.94964
"112","3am",10.615674,59.83634,15.60064,13.94735
"113","3am",11.067322,36.82916,33.72257,18.38094
"114","3am",8.284053,45.43427,29.99185,16.28982
"115","3am",12.698694,29.83821,30.18826,27.27483
"116","3am",9.098785,37.01692,36.11933,17.76496
"117","3am",9.364626,50.52997,26.54539,13.56001
"118","3am",17.653725,39.07507,28.37701,14.89419
"119","3am",12.367291,38.5164,34.0494,15.0669
"120","3am",10.197354,43.26563,33.18253,13.35448
"121","3am",9.954247,46.43094,32.03006,11.58475
"122","3am",12.561723,41.77486,24.11119,21.55222
"123","3am",11.483468,36.06887,32.49347,19.95419
"124","3am",17.203567,43.036,30.45654,9.3039
"125","3am",14.454655,42.42447,26.39577,16.72511
"126","3am",12.600225,38.34917,37.14883,11.90177
"127","3am",15.164214,46.32896,27.26167,11.24516
"128","3am",12.033025,41.3762,33.36693,13.22384
"129","3am",11.111465,34.35955,34.61855,19.91044
"130","3am",16.480855,52.48877,15.71766,15.31271
