"district","hour","cs1","cs2","cs3","cs4","cs5"
"101","4am",5.9869653,11.020931,45.60462,22.96247,14.425011
"102","4am",5.1452305,14.16787,45.15001,26.55466,8.982233
"103","4am",2.9956773,15.77887,47.81264,16.7575,16.655318
"104","4am",3.4096873,12.271248,54.30438,25.48328,4.531398
"105","4am",4.3604331,8.958171,53.44616,20.83581,12.399429
"106","4am",9.9623116,12.71672,48.09884,17.94794,11.274193
"107","4am",8.9111473,14.661464,51.42774,15.10515,9.894504
"108","4am",2.0104357,18.973685,44.27865,22.91142,11.825806
"109","4am",1.1167882,5.47709,52.16496,30.77546,10.465697
"110","4am",3.4440026,11.603862,47.85766,24.34995,12.744524
"111","4am",4.7865787,14.464467,47.13324,22.50475,11.110968
"112","4am",2.5626275,14.829177,46.00536,21.50824,15.094598
"113","4am",3.3523045,8.518882,48.47658,22.87873,16.773498
"114","4am",4.3459361,13.964315,60.93429,13.86117,6.894296
"115","4am",3.906078,8.038622,44.7984,28.25216,15.004739
"116","4am",6.3310144,9.266139,38.8126,28.41267,17.177574
"117","4am",4.5472841,13.761902,54.98117,18.22096,8.488686
"118","4am",3.1296844,13.101857,55.5189,14.81775,13.431812
"119","4am",2.1811793,12.103135,53.47161,22.17936,10.064714
"120","4am",2.0631435,11.541199,49.93709,25.03647,11.422104
"121","4am",5.4430395,7.689113,49.75002,26.99377,10.124055
"122","4am",4.4530491,12.925576,42.01143,28.21495,12.394993
"123","4am",1.5731973,10.511685,42.86589,31.32829,13.720944
"124","4am",2.9004131,17.71924,43.78468,23.5936,12.002069
"125","4am",0.7213085,7.397197,42.47473,35.33477,14.071993
"126","4am",3.619262,13.304929,49.63132,24.6717,8.772785
"127","4am",3.6052901,14.82869,44.80022,29.98407,6.781727
"128","4am",2.7869056,7.487759,41.2824,36.91031,11.532624
"129","4am",1.6960595,10.60087,44.24599,28.50482,14.95226
"130","4am",3.7297585,23.471621,42.13453,22.23654,8.427553
"101","5am",5.8011363,9.346561,48.62529,22.24974,13.977274
"102","5am",5.1006246,15.194637,44.47593,26.32445,8.904362
"103","5am",3.0066612,14.420141,50.12587,16.81894,15.62839
"104","5am",3.4379701,13.191046,53.94951,24.85249,4.568985
"105","5am",4.5663231,8.603568,52.95685,21.81963,12.053634
"106","5am",9.822905,11.681336,48.32121,19.05812,11.116428
"107","5am",7.6918239,16.014621,51.31634,14.05413,10.923092
"108","5am",2.0369562,19.763545,43.47837,23.21365,11.507478
"109","5am",1.1257217,4.580818,53.50185,30.2422,10.549415
"110","5am",3.5660628,11.360925,47.95185,23.92495,13.196207
"111","5am",4.6271775,15.458449,47.41812,21.7553,10.740953
"112","5am",2.5546059,15.371082,44.97445,21.44091,15.658953
"113","5am",3.3671752,8.556671,48.84882,22.37943,16.847905
"114","5am",4.384682,13.669449,61.00536,13.98474,6.955761
"115","5am",3.9410294,8.110551,45.19925,28.50496,14.244206
"116","5am",6.4033996,8.922465,38.56264,28.73753,17.373972
"117","5am",4.5293238,13.707547,54.76401,18.54396,8.455159
"118","5am",3.2047185,13.415973,54.95205,14.67342,13.753839
"119","5am",2.1396917,11.872924,54.35662,21.75749,9.873276
"120","5am",2.1121812,10.709648,49.85304,25.63154,11.693589
"121","5am",5.4732973,7.962554,50.02658,26.35723,10.180334
"122","5am",4.5414168,12.189859,41.8529,28.77486,12.640964
"123","5am",1.5726945,11.22414,41.79911,31.31828,14.085777
"124","5am",2.9934564,17.001612,44.23192,23.38593,12.387087
"125","5am",0.7213085,7.397197,42.47473,35.33477,14.071993
"126","5am",3.5808223,13.163619,50.16628,24.40967,8.67961
"127","5am",3.7307419,15.344678,42.87946,31.02742,7.017708
"128","5am",2.8008215,7.525148,40.98921,37.09461,11.59021
"129","5am",1.7334517,9.981905,43.86949,29.13325,15.281905
"130","5am",3.9125179,24.621738,41.24353,21.38171,8.840506
"101","6am",5.8956002,9.498757,47.78872,22.61204,14.204876
"102","6am",5.281281,12.718861,45.70641,26.4192,9.874252
"103","6am",3.2099857,14.25547,51.62697,14.22232,16.685255
"104","6am",3.4263343,12.621161,55.32,24.50151,4.130994
"105","6am",4.5779964,7.134159,53.62167,21.87541,12.790767
"106","6am",9.6017275,9.254815,47.87755,22.39978,10.866125
"107","6am",7.4453757,19.958426,49.67215,13.60383,9.320223
"108","6am",2.1743153,19.322,43.93807,22.28215,12.283468
"109","6am",1.1614871,4.726356,52.40173,30.23307,11.477357
"110","6am",3.5221494,12.702877,46.63955,23.63033,13.505089
"111","6am",4.5963705,15.954207,46.24158,22.22702,10.980826
"112","6am",2.5964353,15.024814,46.65279,21.5697,14.156265
"113","6am",3.3917463,7.999492,48.47227,23.16564,16.970848
"114","6am",4.5156755,13.481962,62.99523,13.08004,5.927091
"115","6am",4.2215434,8.067866,45.88359,26.56893,15.258078
"116","6am",6.591946,8.610977,38.98395,27.92758,17.885544
"117","6am",4.4762284,14.695857,56.27882,17.7011,6.847996
"118","6am",3.2027617,13.407781,56.82455,12.81947,13.745441
"119","6am",2.1286638,11.811732,54.59186,21.64536,9.822389
"120","6am",2.2024579,9.715043,48.66792,27.2212,12.193385
"121","6am",5.5932064,8.617578,48.45118,26.93467,10.403365
"122","6am",4.6436169,11.778274,42.79476,28.6983,12.085052
"123","6am",1.5441694,11.657213,42.21809,30.75023,13.830294
"124","6am",3.0686516,15.25929,46.29887,23.3142,12.058984
"125","6am",0.7557535,6.580732,40.8974,37.02213,14.743982
"126","6am",3.5716909,13.487352,50.99381,23.28967,8.657476
"127","6am",3.8454314,15.287249,43.2071,30.42678,7.233445
"128","6am",2.8913766,6.775235,41.45101,36.91743,11.96494
"129","6am",1.7079251,10.122044,43.15974,29.95342,15.056865
"130","6am",3.9394786,24.27394,42.35753,20.52762,8.901425
"101","7am",4.8975073,10.552213,47.09922,21.3451,16.105956
"102","7am",4.6622917,11.828779,46.02218,29.75157,7.735179
"103","7am",2.9762223,12.968907,58.18283,14.33865,11.533398
"104","7am",3.6921619,12.891972,51.29384,23.7853,8.336735
"105","7am",4.6871048,5.698505,53.46265,20.06409,16.087649
"106","7am",8.617695,7.677194,48.99221,21.54011,13.172784
"107","7am",6.2948948,24.418079,51.15354,10.94271,7.190775
"108","7am",2.2104806,21.127062,43.14456,21.21772,12.300185
"109","7am",1.4998219,3.671323,53.95975,28.91862,11.95048
"110","7am",3.4163216,14.76783,48.83959,23.82729,9.14897
"111","7am",5.5275075,13.417743,46.80984,22.20639,12.038514
"112","7am",2.677756,16.748225,44.60206,22.45532,13.516638
"113","7am",3.6834739,9.120497,51.01816,18.57735,17.600523
"114","7am",4.8160523,12.818328,63.26037,13.15953,5.945721
"115","7am",4.8436732,9.616759,45.32504,25.36724,14.84729
"116","7am",7.5697719,9.969261,38.89986,27.83742,15.723687
"117","7am",4.7163784,11.79419,57.32028,17.03444,9.13471
"118","7am",3.5725568,10.560889,57.84208,15.12572,12.898751
"119","7am",2.1251187,11.410801,55.17218,21.84371,9.448189
"120","7am",2.3534406,11.364161,49.9158,24.88924,11.477357
"121","7am",5.7767511,8.282707,53.87142,22.86982,9.199301
"122","7am",5.2249878,11.230547,44.80596,28.10815,10.63036
"123","7am",1.5802053,10.567852,43.70785,30.63752,13.506573
"124","7am",3.3522009,14.228956,46.61881,24.38835,11.41168
"125","7am",0.8356122,5.817243,40.08462,38.72442,14.538111
"126","7am",4.0482372,12.851609,47.95369,25.96838,9.178086
"127","7am",4.2598462,14.693293,38.51986,34.51402,8.012979
"128","7am",2.8709219,7.267726,41.52449,36.45656,11.880296
"129","7am",1.6166949,11.607214,44.40902,28.11448,14.252591
"130","7am",4.3145586,25.28974,39.78532,21.82992,8.780464
"101","8am",5.0205151,9.254237,51.33263,22.079037,12.313578
"102","8am",5.2137191,8.363162,48.95394,28.271204,9.197972
"103","8am",3.2182496,15.458032,55.80936,13.35204,12.162322
"104","8am",3.4261378,12.53239,50.59205,24.737501,8.711919
"105","8am",4.7694343,5.746301,51.13406,24.000972,14.349232
"106","8am",10.5311274,9.192757,44.32674,26.167237,9.782136
"107","8am",4.8861887,27.583932,52.03404,9.957348,5.538491
"108","8am",2.8202776,20.93932,43.1988,20.0122,13.029399
"109","8am",1.6889565,4.134295,55.15801,30.694259,8.324484
"110","8am",3.3297812,15.912621,47.83816,22.815665,10.103774
"111","8am",5.0991937,11.339597,52.8756,21.029749,9.65586
"112","8am",2.6734271,16.721149,43.17211,24.063623,13.369696
"113","8am",2.1550091,10.275875,51.29169,22.632484,13.644941
"114","8am",4.7720365,12.950536,62.70392,11.006398,8.567112
"115","8am",5.5304424,10.980288,42.19767,26.690133,14.601467
"116","8am",7.9365934,11.763644,36.69814,24.646752,18.954869
"117","8am",4.3440762,12.862963,52.84103,22.11614,7.83579
"118","8am",3.63164,9.037338,58.11269,13.246374,15.971963
"119","8am",2.4171768,13.219085,52.84603,20.383184,11.134524
"120","8am",1.5193708,12.080269,56.81978,17.890708,11.689868
"121","8am",6.1014816,8.77417,52.92793,22.082049,10.114374
"122","8am",6.1798309,12.18117,39.97273,32.35391,9.312356
"123","8am",1.5486348,11.285739,44.31976,30.578331,12.267532
"124","8am",3.5279572,14.079018,45.88241,26.692811,9.817805
"125","8am",0.9018941,6.278674,41.46936,37.89882,13.451251
"126","8am",4.2254464,12.481395,53.3289,21.317194,8.647065
"127","8am",3.436471,15.479102,37.81233,36.521463,6.750632
"128","8am",3.0470702,6.600926,42.51125,35.231528,12.609223
"129","8am",1.7068214,11.631242,46.9378,27.017401,12.706735
"130","8am",4.3734157,22.800195,40.05667,24.64521,8.124506
"101","9am",4.3915075,9.501023,49.23402,22.55654,14.316911
"102","9am",5.8975706,8.006834,50.07756,27.85796,8.160073
"103","9am",3.2754945,11.769936,56.46964,15.40476,13.080163
"104","9am",3.6610755,15.15782,48.96943,22.77917,9.432506
"105","9am",3.4739233,4.76241,50.44382,24.7564,16.563453
"106","9am",9.7241015,8.211262,43.86797,29.85376,8.342906
"107","9am",5.1777374,27.181403,50.83816,11.5366,5.266105
"108","9am",3.2260192,21.36228,46.36299,18.14644,10.902274
"109","9am",1.760804,4.310166,60.05577,26.53048,7.342783
"110","9am",3.4888357,16.855514,47.09437,23.39859,9.162695
"111","9am",5.4541835,12.086351,53.2586,20.3096,8.891262
"112","9am",2.6172732,16.36993,42.91077,24.15487,13.94715
"113","9am",2.2485561,10.721941,50.13952,21.1377,15.752282
"114","9am",4.9569729,12.246141,63.08194,12.57926,7.135692
"115","9am",5.5085335,10.93679,42.0305,27.16292,14.361256
"116","9am",8.7598682,12.983905,36.52309,26.37508,15.358059
"117","9am",5.177123,12.013987,51.97228,21.7227,9.113909
"118","9am",2.3825722,9.606349,59.77452,15.95017,12.286398
"119","9am",2.38307,12.885113,53.36044,19.98589,11.385488
"120","9am",2.6098593,13.190816,51.01911,21.62287,11.557344
"121","9am",5.6275259,8.460306,53.13164,23.95581,8.824721
"122","9am",6.3883644,11.436073,41.76391,31.73702,8.674637
"123","9am",1.4694033,11.262328,42.62555,29.2687,15.374016
"124","9am",3.7580362,14.997195,46.05891,25.2684,9.917458
"125","9am",0.9411888,5.782099,42.50601,37.64862,13.122081
"126","9am",4.3856086,12.861938,52.92183,20.8558,8.974826
"127","9am",3.3840338,15.242906,38.18982,35.68895,7.494289
"128","9am",3.084944,6.682973,43.75368,33.71245,12.76595
"129","9am",0.9569396,11.808945,46.19571,27.27217,13.766232
"130","9am",4.5479082,22.971977,41.16127,23.51144,7.807406
"101","10am",5.6803801,6.622417,48.07349,25.61363,14.010084
"102","10am",3.5890137,6.99582,52.1984,27.71532,9.501449
"103","10am",3.7258929,14.099458,54.66969,14.94047,12.564483
"104","10am",3.3082144,15.705688,55.7836,18.56861,6.63389
"105","10am",4.7855107,4.489242,50.18813,26.90631,13.630808
"106","10am",8.9673768,6.87941,46.93144,29.4374,7.784371
"107","10am",4.5721668,26.837821,52.17851,11.50514,4.906364
"108","10am",3.647839,20.114543,44.48238,19.50092,12.254314
"109","10am",1.76067,4.309838,58.29475,27.62465,8.010084
"110","10am",4.7410666,18.015219,49.06864,19.51595,8.659122
"111","10am",5.3077135,12.086789,50.51573,22.15657,9.933193
"112","10am",2.5627484,16.523333,45.42731,22.41371,13.072895
"113","10am",4.1957765,10.821048,47.87728,21.81249,15.293402
"114","10am",5.3465363,14.399713,63.66326,10.22026,6.370222
"115","10am",4.6899221,11.060786,41.59197,28.19914,14.458177
"116","10am",8.7260817,11.925973,34.50739,26.46302,18.37753
"117","10am",5.316669,14.766778,48.55365,21.9461,9.416802
"118","10am",2.3844226,9.740316,59.65196,15.38977,12.833536
"119","10am",2.416591,12.638855,54.58156,20.14915,10.213845
"120","10am",2.5221431,13.262373,52.38372,22.02732,9.804447
"121","10am",5.9418321,7.044973,53.66112,23.34203,10.010045
"122","10am",5.5176285,12.020241,41.00896,30.63457,10.818601
"123","10am",2.064029,10.737869,44.81297,29.22184,13.163287
"124","10am",3.769601,13.193606,49.31506,23.50761,10.214119
"125","10am",0.9410258,5.772922,41.53307,39.40317,12.349811
"126","10am",4.1398613,13.377909,49.95733,21.93536,10.589547
"127","10am",3.4704019,14.849743,39.29622,36.20825,6.175377
"128","10am",3.2068856,6.947137,43.52023,34.63282,11.692919
"129","10am",0.9523601,12.772224,46.53745,26.19234,13.545632
"130","10am",4.9317297,21.762572,42.72619,23.34898,7.230528
"101","11am",3.9687019,5.118727,53.21642,24.42709,13.26906
"102","11am",5.1743098,10.638584,49.7907,27.28952,7.10688
"103","11am",2.6203521,10.357504,58.50295,15.9844,12.534792
"104","11am",3.4918408,14.156794,58.89978,16.14002,7.31157
"105","11am",4.6531045,5.170809,51.11503,24.14739,14.913672
"106","11am",10.319471,6.607282,47.99855,27.59767,7.477029
"107","11am",4.8515295,26.112839,50.04927,10.86172,8.12464
"108","11am",2.7419418,20.951502,43.16829,19.95812,13.180146
"109","11am",1.7919178,4.386327,57.4285,29.35838,7.034875
"110","11am",5.0154117,17.413387,47.88754,19.77884,9.904819
"111","11am",5.367068,11.430463,52.31528,20.72408,10.163108
"112","11am",2.6031452,16.281566,45.72195,22.14353,13.2498
"113","11am",2.1650421,13.939058,46.53257,22.14852,15.214814
"114","11am",6.5164047,14.469388,61.28647,10.95863,6.76911
"115","11am",4.6674484,11.884626,39.0807,30.63987,13.727363
"116","11am",8.3548302,12.383556,34.2898,25.98305,18.988764
"117","11am",5.3719831,13.944229,52.63121,18.14913,9.903447
"118","11am",3.4347919,10.534661,57.83719,14.63472,13.558636
"119","11am",1.6867494,11.466924,52.22109,24.19724,10.428004
"120","11am",2.641842,13.891794,50.68349,21.86757,10.915298
"121","11am",5.7862698,7.86607,54.92909,24.10334,7.315239
"122","11am",5.3385695,10.662046,40.99559,31.56816,11.435627
"123","11am",3.0857454,11.166557,44.24865,28.19419,13.304852
"124","11am",3.6979379,12.79292,47.69065,26.05963,9.758859
"125","11am",0.8994489,6.303014,41.30089,36.95824,14.538402
"126","11am",4.3832629,14.043,51.28028,21.32344,8.970025
"127","11am",3.4015456,13.915867,39.38424,37.85674,5.441601
"128","11am",3.1654554,6.857386,42.69264,35.15105,12.133466
"129","11am",0.9838956,11.782534,44.03444,28.19093,15.008194
"130","11am",4.7269515,23.800075,40.78222,23.09396,7.596797
"101","12am",4.4176428,7.024609,50.43268,23.79702,14.328048
"102","12am",5.0875653,11.059419,48.53442,28.29967,7.018922
"103","12am",3.0295565,11.314734,56.44805,14.80836,14.399295
"104","12am",3.3244526,12.633187,57.20495,21.62329,5.21412
"105","12am",4.8960618,6.837842,48.47831,24.0807,15.707085
"106","12am",9.9100583,6.454426,49.06238,25.86577,8.707368
"107","12am",5.8823408,23.852122,51.65595,11.83061,6.778977
"108","12am",3.2450979,19.058073,45.69516,19.75811,12.243561
"109","12am",1.5762446,4.197722,54.83584,30.81679,8.573404
"110","12am",3.6755652,17.07629,46.08549,21.74525,11.417412
"111","12am",5.0758955,12.982082,51.72779,19.69033,10.5239
"112","12am",2.745477,15.367174,46.9672,22.86083,12.059313
"113","12am",3.6597762,15.195675,47.95963,19.27443,13.910481
"114","12am",4.7398846,12.129969,64.8845,12.58757,5.658078
"115","12am",4.1350775,10.529061,36.91557,33.61529,14.805002
"116","12am",7.5680983,11.21746,37.39475,24.94142,18.878274
"117","12am",4.5533429,13.550123,54.43364,18.84068,8.622216
"118","12am",3.3529149,9.16765,56.98414,14.03324,16.462055
"119","12am",2.3926744,12.044033,54.71266,22.11613,8.734499
"120","12am",2.3866812,14.503067,48.53831,22.54931,12.022635
"121","12am",6.0936336,7.414964,53.67162,23.14337,9.676418
"122","12am",5.7912536,10.367161,41.64426,32.42243,9.774889
"123","12am",1.6286494,10.504494,43.60626,31.35923,12.901369
"124","12am",3.2948091,16.012194,45.06414,26.01181,9.617048
"125","12am",0.8785289,6.156414,40.46383,38.30097,14.200258
"126","12am",4.3961136,14.615558,50.48486,20.00617,10.497302
"127","12am",3.3555231,14.942469,36.52252,39.20853,5.970957
"128","12am",3.0517508,7.181425,41.52802,37.11154,11.127268
"129","12am",0,12.01047,45.50185,28.45918,14.028504
"130","12am",4.1999919,23.98337,39.59524,24.39637,7.825029
"101","1pm",4.5180112,7.558689,49.83424,24.474269,13.614795
"102","1pm",6.9360526,9.573033,45.81883,30.113372,7.558708
"103","1pm",1.8655567,10.665053,59.54117,12.808046,15.120172
"104","1pm",6.3967436,12.481465,51.02843,23.10358,6.989782
"105","1pm",5.3342793,5.780452,48.53282,24.223989,16.128464
"106","1pm",7.3085002,7.732915,52.96681,24.296688,7.695086
"107","1pm",5.7623954,27.329467,51.57462,9.732943,5.600575
"108","1pm",2.7196904,20.777129,46.96656,19.326025,10.210592
"109","1pm",3.4049656,3.019151,53.24105,31.625657,8.709172
"110","1pm",3.5978972,14.691374,45.89225,23.358846,12.459629
"111","1pm",4.8405685,14.507997,47.6643,23.222241,9.764897
"112","1pm",2.8045562,15.322696,45.21087,23.642285,13.019594
"113","1pm",2.1044094,12.479474,50.96109,19.666304,14.788718
"114","1pm",3.7671412,13.285104,63.97833,12.126605,6.842824
"115","1pm",4.5428393,11.567336,42.26661,27.579239,14.043972
"116","1pm",8.1385728,10.61055,35.34775,27.568405,18.334721
"117","1pm",4.3266283,13.615547,48.33675,25.153686,8.567393
"118","1pm",3.4812909,7.862961,59.68559,14.367167,14.602994
"119","1pm",2.6523835,12.318769,56.96872,16.910447,11.149676
"120","1pm",2.459726,14.36289,54.18642,18.192005,10.798961
"121","1pm",6.1870528,7.52864,52.49581,22.580993,11.207503
"122","1pm",5.9145328,10.587848,46.32897,28.256067,8.912579
"123","1pm",1.018286,8.996888,46.73715,32.055578,11.1921
"124","1pm",3.4265899,16.652626,45.22506,25.160014,9.535714
"125","1pm",0.9414446,5.775491,42.47224,36.509097,14.301729
"126","1pm",4.3027558,13.355323,53.1318,21.324687,7.88543
"127","1pm",3.4696841,16.512194,34.20307,39.640955,6.174099
"128","1pm",3.2685536,6.611497,41.40491,38.155037,10.560007
"129","1pm",0.9699118,12.681911,46.0748,27.782012,12.491367
"130","1pm",4.4322695,22.482072,40.16766,25.79479,7.123207
"101","2pm",4.5602029,5.80416,49.32374,25.20134,15.110558
"102","2pm",6.5554616,9.640306,45.52866,27.19889,11.076689
"103","2pm",2.6102701,12.698282,58.68658,14.54304,11.461826
"104","2pm",4.5243976,12.790275,53.91584,19.94289,8.8266
"105","2pm",5.0358741,6.394065,49.23675,23.33318,16.000127
"106","2pm",6.5070444,9.070547,51.94148,22.97003,9.510907
"107","2pm",4.0418024,26.738082,52.884,10.71469,5.621425
"108","2pm",3.331765,19.366509,46.84333,22.36507,8.093326
"109","2pm",3.9318558,4.319883,54.12098,30.26795,7.359337
"110","2pm",3.5213918,15.220159,47.31794,20.05032,13.890192
"111","2pm",3.8934479,12.80461,47.93011,24.53137,10.840467
"112","2pm",2.6183374,16.037629,45.60418,22.85731,12.882546
"113","2pm",2.9036809,11.238221,53.14924,19.95334,12.755515
"114","2pm",3.9609333,13.549058,62.76714,12.52803,7.194837
"115","2pm",4.3528382,12.940737,40.40069,30.28442,12.021317
"116","2pm",8.3339761,10.246459,37.90875,26.12551,17.385299
"117","2pm",4.0095944,14.102831,51.76138,21.68097,8.445234
"118","2pm",3.8663489,7.035665,62.56317,14.50143,12.03339
"119","2pm",2.7923666,11.797708,50.49071,21.78197,13.137238
"120","2pm",2.6636925,13.221632,53.84991,18.25127,12.0135
"121","2pm",6.574206,7.999743,52.14906,23.99399,9.282994
"122","2pm",5.6911225,11.202496,49.63533,26.65841,6.81264
"123","2pm",1.0726022,9.229851,45.76156,31.78805,12.14794
"124","2pm",3.6615896,17.459455,42.07346,27.26406,9.541434
"125","2pm",1.0365099,6.358689,40.95195,38.49946,13.153393
"126","2pm",3.8094495,13.238904,53.08516,22.27759,7.588895
"127","2pm",3.3910177,15.864833,37.47465,39.4725,3.796999
"128","2pm",3.3321708,6.117412,42.15315,37.63173,10.765541
"129","2pm",0.9730336,12.701619,44.97653,29.19905,12.149765
"130","2pm",4.6168955,23.463098,40.95286,24.29633,6.670819
"101","3pm",4.8721086,5.650371,52.86999,25.04266,11.56487
"102","3pm",5.9887691,11.219921,44.39778,28.1483,10.245229
"103","3pm",2.1239219,12.06493,55.88889,16.85629,13.06597
"104","3pm",5.2907085,12.074108,52.19408,21.94092,8.500185
"105","3pm",4.1574296,9.520694,51.79731,20.10457,14.419994
"106","3pm",6.9638028,6.766965,55.66368,21.40473,9.200816
"107","3pm",3.4395183,24.878504,53.64729,11.41818,6.616502
"108","3pm",3.8985578,19.0977,46.48467,17.46544,13.053629
"109","3pm",1.822967,3.712839,57.60314,30.10553,6.755523
"110","3pm",3.3382746,12.280316,54.1468,19.20387,11.030736
"111","3pm",2.7185104,14.467848,48.01785,25.7367,9.059088
"112","3pm",4.0752806,16.603168,44.60337,22.23673,12.481445
"113","3pm",1.9884356,11.313198,53.66156,23.53298,9.503818
"114","3pm",5.0855884,14.677685,60.43276,12.05515,7.748818
"115","3pm",4.4152603,11.882296,42.53683,29.83336,11.332248
"116","3pm",8.0177923,11.482173,35.49525,32.1389,12.865883
"117","3pm",4.1306187,14.528506,48.74135,23.88344,8.716083
"118","3pm",3.7868047,6.890917,62.95205,13.40376,12.966472
"119","3pm",2.6950207,11.514306,53.40133,20.39805,11.991294
"120","3pm",2.6325849,13.067225,53.45977,18.50666,12.333757
"121","3pm",6.4722263,8.941184,49.01211,24.79854,10.775939
"122","3pm",5.9887219,11.788296,46.57186,26.70008,8.951043
"123","3pm",1.0468155,10.148569,43.08057,32.38407,13.339971
"124","3pm",3.6514347,17.411034,43.24333,25.58585,10.108353
"125","3pm",1.0730632,6.582933,37.94094,38.8643,15.538761
"126","3pm",3.7009999,12.07934,52.81074,24.37309,7.035839
"127","3pm",4.2609451,15.265237,37.75582,34.52648,8.19152
"128","3pm",3.3012406,6.060628,39.65875,39.3067,11.672687
"129","3pm",0.9789423,14.567396,46.88361,26.35543,11.214623
"130","3pm",4.4450522,22.54691,43.19351,23.392,6.422528
"101","4pm",4.47105,11.0854,50.50476,21.25519,12.683598
"102","4pm",4.524766,9.485234,46.41159,30.11379,9.46462
"103","4pm",2.17288,11.515364,52.252,17.88188,16.177871
"104","4pm",2.835294,13.304268,52.166,24.58159,7.112847
"105","4pm",8.433855,6.255182,52.22489,20.25718,12.828901
"106","4pm",7.28422,7.362408,55.07222,19.08667,11.194486
"107","4pm",5.842976,22.542384,53.53784,11.68643,6.390366
"108","4pm",2.943116,22.597683,46.53167,17.31148,10.616042
"109","4pm",1.09881,5.514132,56.25623,29.63102,7.499807
"110","4pm",3.296895,14.049066,48.55864,25.78875,8.306655
"111","4pm",4.972229,12.789309,48.68753,22.75584,10.795096
"112","4pm",3.254963,16.733873,45.41708,22.70346,11.89062
"113","4pm",2.084622,9.636703,53.40914,24.02585,10.843682
"114","4pm",4.955073,14.030722,58.15049,12.50403,10.35969
"115","4pm",4.363722,10.538631,40.36082,30.148,14.588832
"116","4pm",7.680092,10.051428,42.61966,27.05448,12.594338
"117","4pm",4.507498,15.963155,52.33272,20.57531,6.621313
"118","4pm",3.340943,8.971334,56.92463,17.99669,12.766397
"119","4pm",2.348268,11.178464,53.23154,21.05306,12.188666
"120","4pm",1.493666,9.564144,57.5801,19.6369,11.725189
"121","4pm",6.160025,8.153747,51.10525,24.61711,9.963873
"122","4pm",6.007043,13.083276,44.60437,26.90959,9.395713
"123","4pm",1.476931,10.703405,42.32445,31.77946,13.715753
"124","4pm",3.415217,16.284683,45.64886,25.90765,8.74359
"125","4pm",1.03871,6.372188,36.73512,41.88444,13.969539
"126","4pm",4.370805,11.739771,53.44879,21.82518,8.615456
"127","4pm",4.016189,17.152125,37.21345,33.02686,8.591366
"128","4pm",3.049168,7.79223,39.85331,36.68738,12.617903
"129","4pm",1.689209,12.878239,46.05097,26.66418,12.717399
"130","4pm",4.353109,24.815727,40.71406,23.12112,6.995985
"101","5pm",4.1969582,9.246382,46.12347,21.75731,18.675881
"102","5pm",4.2506967,10.35255,45.01649,28.46845,11.91181
"103","5pm",3.6781606,11.326877,57.81573,17.26654,9.912697
"104","5pm",3.7930618,16.034186,50.68008,25.18093,4.311739
"105","5pm",4.9440592,9.087506,50.13644,22.89366,12.938334
"106","5pm",8.9609514,12.029476,53.19651,16.94947,8.863589
"107","5pm",6.6178935,11.67894,48.97798,18.76249,13.962692
"108","5pm",3.4630854,21.982681,43.02063,20.24175,11.291852
"109","5pm",0.8603866,4.317659,54.19789,29.35995,11.264108
"110","5pm",3.2530454,10.531508,50.33053,24.69156,11.193359
"111","5pm",5.0845748,13.554078,46.88711,24.17598,10.298263
"112","5pm",3.3129523,14.916565,47.59669,20.80244,13.371356
"113","5pm",2.7155853,9.945838,52.98466,20.34042,14.013495
"114","5pm",5.0427695,13.783527,58.97937,14.48082,7.713515
"115","5pm",4.467631,9.194286,45.45809,24.94333,15.936657
"116","5pm",7.2894599,10.152986,39.07021,28.59979,14.887551
"117","5pm",4.5458329,16.06802,51.81056,19.78977,7.78582
"118","5pm",3.2524078,11.856794,54.14137,17.43508,13.314349
"119","5pm",2.2952021,12.92466,50.23545,21.75422,12.790468
"120","5pm",1.4296389,12.526296,54.76272,20.93236,10.348987
"121","5pm",5.5352086,7.808499,51.31839,27.15311,8.184793
"122","5pm",5.4243072,14.943563,41.607,28.05286,9.972271
"123","5pm",1.0326527,8.261552,46.22799,29.99196,14.485848
"124","5pm",3.1996544,16.440417,44.98289,25.78554,9.591503
"125","5pm",0.8503835,5.263352,41.38034,38.17973,14.326192
"126","5pm",4.2082972,11.645595,54.00286,22.106,8.037243
"127","5pm",3.8014054,17.028692,39.52317,31.72004,7.926693
"128","5pm",2.9365157,7.386588,41.71644,35.80872,12.151732
"129","5pm",2.4103323,13.155974,43.20665,26.819,14.408044
"130","5pm",2.9779928,25.40294,42.8209,21.07279,7.72538
"101","6pm",4.6139406,12.333347,46.18195,21.16513,15.705636
"102","6pm",5.1664782,12.281041,41.9142,30.43917,10.199117
"103","6pm",3.5500048,12.074963,54.80335,16.32113,13.250551
"104","6pm",3.4568229,14.612823,54.67567,22.37242,4.882261
"105","6pm",4.2664196,9.359408,48.27645,24.8192,13.278518
"106","6pm",9.0520825,11.740879,50.56346,16.09206,12.551526
"107","6pm",9.211395,12.98465,55.18941,13.39747,9.217072
"108","6pm",3.0273332,21.147705,43.51046,19.92682,12.38768
"109","6pm",1.2090598,5.988128,53.56893,28.40461,10.829266
"110","6pm",3.3067434,11.730108,50.27595,21.93136,12.755839
"111","6pm",4.9550408,14.451292,45.66701,24.40585,10.520802
"112","6pm",2.4509957,15.006091,48.74326,19.94651,13.85314
"113","6pm",2.680222,6.396373,51.76085,23.8611,15.301453
"114","6pm",4.8683888,15.555885,58.00483,14.52239,7.048506
"115","6pm",4.3033029,8.856102,47.18898,25.76875,13.882857
"116","6pm",6.6697201,9.761872,38.9088,27.57706,17.082552
"117","6pm",4.0790579,14.418124,55.97811,18.98882,6.535891
"118","6pm",3.2353255,12.782706,55.44511,15.29804,13.238816
"119","6pm",2.2560691,11.463455,53.87775,21.26985,11.132879
"120","6pm",2.2624287,12.655998,49.41239,25.06962,10.599562
"121","6pm",5.6136791,7.212982,49.88151,27.10018,10.191655
"122","6pm",4.9670975,14.41767,40.58665,29.18922,10.839363
"123","6pm",0.9813061,8.863951,44.15216,32.54376,13.458824
"124","6pm",3.0426845,17.085134,44.10965,24.75092,11.011613
"125","6pm",0.79206,6.776372,42.39222,36.13458,13.904775
"126","6pm",3.82969,14.078492,49.73231,24.5248,7.834705
"127","6pm",3.6212114,14.66747,42.1103,31.16497,8.436056
"128","6pm",2.8907106,6.88482,41.69549,35.7256,12.803377
"129","6pm",2.3755382,12.652197,45.14266,25.33037,14.499238
"130","6pm",2.8232574,23.479905,42.79146,23.22532,7.680062
"101","7pm",4.9311466,8.869674,44.9452,22.97393,18.280052
"102","7pm",5.4256361,13.102099,43.37612,29.02464,9.071502
"103","7pm",3.7783323,12.851595,51.25268,18.56964,13.547755
"104","7pm",3.6664114,13.195182,54.27658,24.44666,4.415159
"105","7pm",5.1459889,9.837855,50.30207,21.9176,12.796484
"106","7pm",8.7923295,14.090964,46.86193,16.23955,14.015221
"107","7pm",8.0042426,14.555882,52.14749,13.18561,12.106776
"108","7pm",2.408151,19.161191,45.53888,21.02781,11.86397
"109","7pm",1.1566297,5.728457,53.16221,29.00275,10.94996
"110","7pm",2.4631384,11.353314,48.03541,23.97013,14.178008
"111","7pm",4.418886,14.480607,44.23734,25.20977,11.653395
"112","7pm",2.4790359,15.177766,46.42265,22.739,13.181546
"113","7pm",2.5398239,8.275191,51.99341,20.63881,16.552764
"114","7pm",4.5756396,14.620468,58.07279,13.43238,9.298726
"115","7pm",3.8971818,9.833579,46.97604,26.16825,13.124949
"116","7pm",6.790796,9.93908,39.47685,26.6463,17.146975
"117","7pm",4.4028255,14.982927,56.23078,16.15195,8.23152
"118","7pm",3.20761,13.428078,55.87947,16.41011,11.074736
"119","7pm",2.3018164,11.695905,54.093,21.89763,10.011649
"120","7pm",2.2025288,12.320919,47.71588,25.5669,12.193778
"121","7pm",5.7732128,6.761028,50.81575,27.15638,9.493629
"122","7pm",4.5197707,13.119244,43.09764,28.85286,10.410485
"123","7pm",1.5437538,10.314952,42.72696,31.40104,14.013293
"124","7pm",2.9494785,18.521477,43.86202,23.99272,10.674296
"125","7pm",0.7413097,6.955204,43.81239,34.72275,13.768352
"126","7pm",3.6000502,14.02903,49.5657,24.48354,8.321682
"127","7pm",3.6239551,14.585485,44.79468,29.04159,7.954295
"128","7pm",2.8190943,7.574243,40.6625,35.63763,13.306531
"129","7pm",1.6675083,10.492511,45.23898,27.10377,15.497231
"130","7pm",3.9118759,25.31157,40.3411,22.29027,8.145183
"101","8pm",5.0957008,9.165659,45.32224,25.24972,15.166678
"102","8pm",5.3907187,12.996862,43.70533,27.79297,10.114123
"103","8pm",2.9509309,14.980097,48.27679,18.60993,15.182259
"104","8pm",3.4026727,12.246003,54.07417,25.16558,5.111578
"105","8pm",4.741727,9.74151,50.84058,20.19578,14.480402
"106","8pm",9.1222217,12.782091,48.83052,15.6489,13.616271
"107","8pm",8.1361657,13.463787,52.70349,14.29404,11.402515
"108","8pm",2.543408,17.099075,48.02741,19.18207,13.148043
"109","8pm",1.1192546,6.611666,51.25408,30.41887,10.596125
"110","8pm",2.5114678,12.188087,46.36985,24.44045,14.490148
"111","8pm",4.4844768,15.710424,43.87764,25.0646,10.862857
"112","8pm",2.4803181,15.250933,45.97583,22.75076,13.542158
"113","8pm",3.3301508,8.705375,49.62837,21.67345,16.662651
"114","8pm",4.6312244,13.834297,57.83622,14.28658,9.411687
"115","8pm",3.9068487,9.857971,45.71524,26.23316,14.286782
"116","8pm",6.5662119,9.610376,37.54597,28.24205,18.035395
"117","8pm",4.415882,15.027359,55.86826,16.1524,8.5361
"118","8pm",3.2100847,13.438438,55.92413,15.66731,11.760036
"119","8pm",2.1805733,11.079849,55.8522,21.40307,9.484307
"120","8pm",2.042731,13.272938,49.66327,23.71197,11.309095
"121","8pm",5.5976901,6.25884,51.80326,27.13522,9.204995
"122","8pm",4.3141869,12.522509,43.42745,28.21321,11.522643
"123","8pm",1.596308,10.666105,41.58996,31.85063,14.297001
"124","8pm",2.904718,18.2404,43.72063,23.62862,11.50563
"125","8pm",0.7326564,7.513573,43.14296,34.31743,14.293381
"126","8pm",3.6039556,14.044249,49.60845,24.5101,8.233249
"127","8pm",3.5705785,14.370658,45.03198,29.69539,7.3314
"128","8pm",2.7896978,6.997911,40.73584,36.30878,13.167775
"129","8pm",1.6426396,10.73079,43.52329,28.83717,15.26611
"130","8pm",3.8390743,24.840511,41.2747,21.37116,8.674557
"101","9pm",5.0233355,8.633396,45.15467,25.97924,15.209358
"102","9pm",5.3900285,14.068117,45.61984,25.27073,9.651284
"103","9pm",3.0569685,15.27317,47.17049,18.77156,15.727812
"104","9pm",3.3903044,12.201491,54.67965,24.63556,5.092998
"105","9pm",4.5481952,9.343914,51.50941,20.70909,13.88939
"106","9pm",9.3893381,13.380881,46.59109,17.36099,13.277705
"107","9pm",8.3286379,12.119657,57.10521,13.94717,8.499329
"108","9pm",2.4931638,17.936073,46.07109,19.20821,14.291466
"109","9pm",1.1145228,6.583715,51.0374,30.71303,10.551329
"110","9pm",2.5882219,12.560573,45.41985,24.49837,14.932988
"111","9pm",4.4502837,14.583497,45.3127,24.87349,10.780031
"112","9pm",2.4934863,15.331901,46.02881,22.53175,13.614055
"113","9pm",3.3544096,8.76879,48.33155,23.37147,16.173786
"114","9pm",4.5232988,13.511903,57.95089,14.82155,9.192357
"115","9pm",3.8214481,9.642484,44.71594,27.14049,14.679644
"116","9pm",6.3265956,9.259672,40.391,27.21143,16.811299
"117","9pm",4.3606385,14.839364,55.99179,16.30663,8.501576
"118","9pm",3.2252078,13.501748,56.18759,15.27001,11.815438
"119","9pm",2.1554805,10.952348,55.62444,21.96013,9.3076
"120","9pm",2.0666597,11.560869,50.94117,23.98974,11.441571
"121","9pm",5.5671515,7.86444,50.42645,26.98718,9.154776
"122","9pm",4.3545542,12.639681,42.89811,28.4772,11.630459
"123","9pm",1.5972712,10.672541,40.80498,32.61958,14.305628
"124","9pm",2.9378883,18.448696,43.07795,23.89844,11.637018
"125","9pm",0.7220419,7.404719,42.51792,35.26902,14.086303
"126","9pm",3.5859386,13.974039,49.36044,24.38757,8.692012
"127","9pm",3.5243227,14.184491,44.4486,29.31069,8.531896
"128","9pm",2.6954518,7.878255,41.03401,35.66936,12.722921
"129","9pm",1.65308,9.875767,43.79992,29.3081,15.36314
"130","9pm",3.8183516,24.706426,41.0519,21.79559,8.627733
"101","10pm",5.4297374,9.331862,45.18818,25.07142,14.978803
"102","10pm",5.4162333,13.499475,45.61513,26.27036,9.198804
"103","10pm",2.9645249,15.614784,47.86221,17.77771,15.780776
"104","10pm",3.239877,11.660112,55.49571,24.12993,5.474368
"105","10pm",4.5209927,9.288029,51.20134,21.18332,13.806318
"106","10pm",9.6951578,12.375703,46.98125,17.23771,13.710172
"107","10pm",8.5999621,12.514483,55.70781,14.40153,8.776214
"108","10pm",1.9406783,17.457303,46.3036,19.94088,14.357536
"109","10pm",1.1142364,6.582023,50.22632,30.70514,11.372276
"110","10pm",3.4691772,13.110595,44.325,24.86466,14.230565
"111","10pm",4.5853621,14.293946,46.07938,24.59881,10.442499
"112","10pm",2.486996,15.291993,46.16929,22.4731,13.578618
"113","10pm",3.3491076,8.75493,47.80393,23.33452,16.757502
"114","10pm",4.506763,14.122452,57.73904,14.76737,8.864378
"115","10pm",3.8465329,7.91608,45.6399,27.82148,14.776004
"116","10pm",6.3540614,9.299871,40.13222,27.32956,16.884282
"117","10pm",4.3768349,13.931968,56.37498,17.14572,8.170498
"118","10pm",3.1066182,14.2266,54.62542,14.70854,13.332817
"119","10pm",2.0577687,10.455858,52.97115,20.87,13.645227
"120","10pm",2.002218,11.200383,50.08294,25.62966,11.084804
"121","10pm",5.5671515,7.86444,50.42645,26.98718,9.154776
"122","10pm",4.3388726,12.594163,42.61513,28.37465,12.077185
"123","10pm",1.5839385,10.583455,41.67069,32.34729,13.814626
"124","10pm",2.9173111,19.019887,42.77623,23.73106,11.555511
"125","10pm",0.7178011,7.361228,42.26819,35.64921,14.003568
"126","10pm",3.5859386,13.974039,49.36044,24.38757,8.692012
"127","10pm",3.4720494,14.957667,44.28898,28.87595,8.40535
"128","10pm",2.6685651,7.799671,41.62219,35.31356,12.596011
"129","10pm",1.6397465,10.602695,43.44663,29.0717,15.239223
"130","10pm",3.7761741,24.433519,41.13227,21.55483,9.103208
"101","11pm",5.6670322,9.73969,45.86442,22.99796,15.730893
"102","11pm",5.1048245,12.781219,45.31198,26.87489,9.927094
"103","11pm",3.0374642,15.998971,46.57941,18.21511,16.169047
"104","11pm",3.2124588,11.561435,55.87234,23.92573,5.42804
"105","11pm",4.4922316,9.228941,52.23351,20.32683,13.718487
"106","11pm",9.5909123,12.242635,46.96327,17.05237,14.150811
"107","11pm",9.5797886,13.121592,54.58714,14.11181,8.599664
"108","11pm",1.9527243,17.565663,47.88203,19.26394,13.335641
"109","11pm",1.0971565,6.481128,50.98929,30.23447,11.197953
"110","11pm",3.4183573,12.918538,44.44112,25.19989,14.022102
"111","11pm",4.7180074,14.257253,46.05418,24.22598,10.74458
"112","11pm",2.4994221,15.368399,45.90033,22.58539,13.646463
"113","11pm",3.2776674,10.011523,47.47399,22.83677,16.400046
"114","11pm",4.389659,13.755493,57.78899,14.38365,9.682209
"115","11pm",3.9261257,8.07988,44.51508,28.39716,15.08175
"116","11pm",6.3198974,9.249868,39.91644,27.18262,17.331172
"117","11pm",4.258457,14.491637,55.97687,17.32352,7.949515
"118","11pm",3.1450286,13.166092,55.30082,14.8904,13.497665
"119","11pm",2.0592602,10.463437,51.97902,21.44673,14.051548
"120","11pm",2.002218,11.200383,50.08294,25.62966,11.084804
"121","11pm",5.5327324,7.815818,50.11469,27.43858,9.098176
"122","11pm",4.3388726,12.594163,42.61513,28.37465,12.077185
"123","11pm",1.5839385,10.583455,41.67069,32.34729,13.814626
"124","11pm",2.8789382,18.769708,43.01924,23.41891,11.913204
"125","11pm",0.7198704,7.382449,42.39005,35.4637,14.043938
"126","11pm",3.5573147,13.862494,48.96644,24.99113,8.62263
"127","11pm",3.4633819,15.518088,44.17842,28.80387,8.036244
"128","11pm",2.6406502,8.188859,41.1868,35.51945,12.464249
"129","11pm",1.6462338,10.249017,43.61852,29.18672,15.299513
"130","11pm",3.7412203,24.207352,41.67717,21.35531,9.018945
"101","12pm",5.8130191,9.990592,46.17026,23.0274,14.998725
"102","12pm",5.1212417,12.822323,45.1361,26.96132,9.959019
"103","12pm",2.953254,15.555418,47.26001,17.71012,16.521203
"104","12pm",3.1640031,11.387047,56.53795,23.56484,5.346165
"105","12pm",4.3249289,8.885231,53.13042,20.45184,13.207574
"106","12pm",9.5444141,12.183281,47.2204,16.9697,14.082206
"107","12pm",9.5901753,13.135819,53.59545,15.06956,8.608988
"108","12pm",1.9692566,17.714378,45.74851,21.11931,13.448544
"109","12pm",1.0971565,6.481128,50.98929,30.23447,11.197953
"110","12pm",3.383412,12.786474,45.00909,24.94227,13.878756
"111","12pm",4.6945519,14.186373,46.32237,24.10554,10.691163
"112","12pm",2.4797913,15.247693,45.53982,22.408,14.324696
"113","12pm",3.2759057,10.006142,47.96939,22.35733,16.391232
"114","12pm",4.4190383,13.847556,58.17576,14.94223,8.61542
"115","12pm",3.9261257,8.07988,44.51508,28.39716,15.08175
"116","12pm",6.2892562,9.205021,39.72291,27.05083,17.731981
"117","12pm",4.3012113,14.637132,55.53489,17.49744,8.029327
"118","12pm",3.1296844,13.101857,55.5189,14.81775,13.431812
"119","12pm",2.050328,10.418051,52.18732,21.35371,13.990599
"120","12pm",1.9884414,11.123316,50.4264,25.45331,11.008533
"121","12pm",5.4675209,7.723697,49.52401,27.11518,10.16959
"122","12pm",4.3388726,12.594163,42.61513,28.37465,12.077185
"123","12pm",1.5775749,10.540935,41.90503,32.21734,13.759125
"124","12pm",2.8309938,18.457127,43.96817,23.0289,11.714808
"125","12pm",0.7198704,7.382449,42.39005,35.4637,14.043938
"126","12pm",3.592624,14.000091,48.45988,25.23918,8.708216
"127","12pm",3.4155628,15.303829,44.94915,28.40617,7.925287
"128","12pm",2.6846881,8.325424,40.20597,36.1118,12.672114
"129","12pm",1.6462338,10.249017,43.61852,29.18672,15.299513
"130","12pm",3.7017901,23.952222,41.23792,22.18418,8.923891
"101","1am",5.8950575,10.131588,45.41057,23.35238,15.2104
"102","1am",5.136484,12.860486,45.27044,27.04156,9.691032
"103","1am",2.953254,15.555418,47.26001,17.71012,16.521203
"104","1am",3.1396686,11.299468,56.87221,23.3836,5.305047
"105","1am",4.3646078,8.966748,53.61787,20.63948,12.4113
"106","1am",9.4289382,12.035878,47.85897,16.76438,13.911828
"107","1am",9.5156793,13.03378,53.17913,14.9525,9.318909
"108","1am",1.9725278,18.307732,45.8245,21.15439,12.740844
"109","1am",1.0971565,6.481128,50.98929,30.23447,11.197953
"110","1am",3.383412,12.786474,45.00909,24.94227,13.878756
"111","1am",4.6516298,14.056668,45.89885,23.88514,11.507711
"112","1am",2.4951708,14.722066,45.82226,22.54697,14.413537
"113","1am",3.2759057,10.006142,47.96939,22.35733,16.391232
"114","1am",4.456828,13.965974,58.67325,14.21485,8.689095
"115","1am",3.9261257,8.07988,44.51508,28.39716,15.08175
"116","1am",6.3634741,9.313647,39.0116,27.37005,17.941231
"117","1am",4.3346981,14.751088,54.41768,18.40469,8.091839
"118","1am",3.1296844,13.101857,55.5189,14.81775,13.431812
"119","1am",2.050328,10.418051,52.18732,21.35371,13.990599
"120","1am",1.9884414,11.123316,50.4264,25.45331,11.008533
"121","1am",5.4231912,7.661074,49.93326,26.89534,10.087137
"122","1am",4.3388726,12.594163,42.61513,28.37465,12.077185
"123","1am",1.560717,10.428295,42.52583,31.87306,13.612095
"124","1am",2.8309938,18.457127,43.96817,23.0289,11.714808
"125","1am",0.7110452,7.291945,41.87037,36.25487,13.871768
"126","1am",3.592624,14.000091,48.45988,25.23918,8.708216
"127","1am",3.3991185,15.230149,44.73274,28.26941,8.368582
"128","1am",2.6846881,8.325424,40.20597,36.1118,12.672114
"129","1am",1.6462338,10.249017,43.61852,29.18672,15.299513
"130","1am",3.7017901,23.952222,41.23792,22.18418,8.923891
"101","2am",5.9971092,10.30698,45.48982,23.75664,14.449452
"102","2am",5.0861294,12.734411,44.82664,27.75679,9.596028
"103","2am",2.9678338,15.632213,47.49332,16.60174,17.30489
"104","2am",3.2065353,11.540117,56.5548,23.88161,4.816936
"105","2am",4.3646078,8.966748,53.61787,20.63948,12.4113
"106","2am",9.366201,11.955795,47.54053,17.31821,13.819263
"107","2am",9.3022945,12.741503,53.01019,14.6172,10.328815
"108","2am",1.9804843,18.381579,46.00934,20.83636,12.792237
"109","2am",1.0971565,6.481128,50.98929,30.23447,11.197953
"110","2am",3.3601137,12.698425,45.38776,24.77052,13.783186
"111","2am",4.6516298,14.056668,45.89885,23.88514,11.507711
"112","2am",2.4951708,14.722066,45.82226,22.54697,14.413537
"113","2am",3.2759057,10.006142,47.96939,22.35733,16.391232
"114","2am",4.456828,13.965974,58.67325,14.21485,8.689095
"115","2am",3.9261257,8.07988,44.51508,28.39716,15.08175
"116","2am",6.3044688,9.227287,38.64986,28.04351,17.774871
