"district","hour","occ1","occ2","occ3","occ4","occ5"
"101","4am",34.28457,11.878046,18.897118,24.65873,10.281537
"102","4am",33.71486,7.848402,15.701192,36.37569,6.359854
"103","4am",37.88122,12.346224,9.710896,34.70748,5.354182
"104","4am",45.49591,7.244938,10.137876,31.7729,5.34838
"105","4am",38.74354,9.904546,6.495383,42.75386,2.102676
"106","4am",45.43448,3.526928,15.000191,27.36372,8.674684
"107","4am",34.78936,7.537047,12.874158,37.45442,7.34502
"108","4am",47.05936,8.336327,5.858837,32.57543,6.17004
"109","4am",57.47433,6.777782,3.102128,31.31429,1.331467
"110","4am",50.79099,4.367101,5.236943,33.93746,5.667508
"111","4am",52.78561,6.492632,7.334371,30.41981,2.967585
"112","4am",29.85928,7.399374,16.205255,40.77264,5.763459
"113","4am",46.34282,6.892516,8.309491,35.62828,2.826892
"114","4am",55.50829,2.964689,11.178119,26.36137,3.987535
"115","4am",54.48403,6.117918,3.966846,32.18295,3.248258
"116","4am",56.16939,7.011585,3.348841,29.18748,4.282712
"117","4am",36.4805,5.909953,23.591027,31.63993,2.378592
"118","4am",38.07537,9.172049,7.594194,39.7591,5.399292
"119","4am",37.25347,0,16.92499,42.12152,3.700017
"120","4am",36.69091,5.565007,13.016964,41.5838,3.143318
"121","4am",40.4778,8.972573,14.401733,32.75814,3.389754
"122","4am",47.31715,8.36203,10.143618,29.63275,4.544461
"123","4am",42.27304,7.132755,8.616622,37.63462,4.342963
"124","4am",41.39042,1.2345,16.41941,35.33087,5.624798
"125","4am",47.99621,4.563401,5.760188,39.65417,2.026028
"126","4am",57.00491,2.426235,1.816072,35.90763,2.84516
"127","4am",49.03225,5.269523,5.759416,35.7065,4.232312
"128","4am",47.06967,3.420099,7.47979,39.53456,2.495876
"129","4am",43.97296,2.953441,9.036479,40.76943,3.267688
"130","4am",41.10601,5.085233,7.833731,40.66687,5.308158
"101","5am",36.90254,11.526863,17.663363,23.92968,9.977555
"102","5am",34.25184,7.784822,15.573996,36.08101,6.308332
"103","5am",37.65997,12.390198,9.745483,34.8311,5.373252
"104","5am",45.05454,7.303607,10.219972,32.03019,5.391691
"105","5am",35.94582,10.356908,6.792041,44.70652,2.19871
"106","5am",46.24743,3.474381,14.776708,26.95604,8.545442
"107","5am",43.95471,6.477715,11.064696,32.1902,6.312678
"108","5am",46.37099,8.444721,5.935018,32.999,6.250267
"109","5am",57.14671,6.829998,3.126027,31.55554,1.341724
"110","5am",49.08529,4.518475,5.418468,35.11381,5.863958
"111","5am",54.33602,6.279429,7.093527,29.42089,2.870137
"112","5am",30.06985,7.37716,16.156605,40.65023,5.746156
"113","5am",46.1111,6.922282,8.345376,35.78214,2.8391
"114","5am",54.51413,2.991633,11.869509,26.60095,4.023775
"115","5am",54.08163,6.172006,4.001916,32.46747,3.276976
"116","5am",55.66133,7.092858,3.387658,29.5258,4.332354
"117","5am",36.33538,5.886443,23.497182,31.91186,2.36913
"118","5am",37.14064,9.380713,7.766962,40.18956,5.522126
"119","5am",38.50077,0,16.588548,41.28421,3.626467
"120","5am",35.20357,5.695747,13.322774,42.56074,3.217165
"121","5am",40.15011,9.02197,14.48102,32.93848,3.408416
"122","5am",46.27321,8.527728,10.344619,30.21993,4.634512
"123","5am",42.29083,7.130556,8.613966,37.62302,4.341624
"124","5am",39.43842,1.275615,16.966261,36.50757,5.812132
"125","5am",48.52668,3.508596,5.823852,40.09245,2.04842
"126","5am",57.46973,2.400005,1.796438,35.51942,2.814401
"127","5am",47.76009,5.454633,5.961735,36.44255,4.380986
"128","5am",46.79848,3.437622,7.518113,39.73712,2.508664
"129","5am",42.69084,3.021027,9.24327,41.7024,3.342465
"130","5am",38.81674,4.829711,8.204214,42.59014,5.559198
"101","6am",37.44831,11.705516,16.413413,24.30056,10.132196
"102","6am",32.06914,7.492897,16.238896,37.62141,6.577654
"103","6am",36.4144,12.366184,9.119072,36.4737,5.626649
"104","6am",45.74892,7.279473,10.186201,31.41154,5.373874
"105","6am",36.2055,10.382515,6.808835,44.399,2.204146
"106","6am",47.90615,2.635219,14.535842,26.51664,8.406149
"107","6am",46.31921,5.197141,10.822737,31.48627,6.174634
"108","6am",43.79526,8.223129,6.383546,34.87545,6.722619
"109","6am",56.68465,7.03874,3.221566,31.67232,1.382731
"110","6am",49.17293,4.464042,5.353193,35.21652,5.793315
"111","6am",55.46298,5.611876,7.094027,28.96078,2.870339
"112","6am",28.06962,7.492934,17.312931,41.28818,5.836334
"113","6am",46.6683,5.059222,8.577411,36.77703,2.918039
"114","6am",53.12808,3.082795,12.231199,27.41154,4.146389
"115","6am",52.37023,3.823266,4.410717,35.78407,3.611723
"116","6am",54.33723,7.304674,3.488825,30.40753,4.461733
"117","6am",38.51996,3.811598,23.714182,31.56326,2.39101
"118","6am",37.17706,9.375277,7.762462,40.16627,5.518926
"119","6am",38.83195,0,16.499217,41.06189,3.606938
"120","6am",32.03023,7.203189,13.69831,43.76042,3.307848
"121","6am",39.49224,7.721314,15.039009,34.20768,3.53975
"122","6am",46.50187,5.810869,10.914087,31.88353,4.88964
"123","6am",43.67672,7.005759,8.463206,36.58868,4.265638
"124","6am",38.35957,0,17.640054,37.95742,6.042954
"125","6am",47.3611,2.362726,6.104508,42.02453,2.147135
"126","6am",58.27765,1.211387,1.81348,35.85639,2.8411
"127","6am",46.47886,4.927473,6.192174,37.85117,4.550325
"128","6am",45.03206,3.55176,7.767733,41.05649,2.591958
"129","6am",43.56633,2.974876,9.102063,41.06532,3.291403
"130","6am",38.40992,4.861825,8.258766,42.87333,5.596163
"101","7am",48.32591,6.511925,14.248606,22.11773,8.795835
"102","7am",34.02335,13.728035,13.819592,32.13523,6.293793
"103","7am",35.60564,20.604297,9.59437,30.48282,3.712875
"104","7am",31.88031,25.487256,10.138486,27.82109,4.672858
"105","7am",42.11777,5.863127,5.490493,44.17746,2.351147
"106","7am",55.08041,1.402455,13.014624,22.97609,7.526421
"107","7am",57.35217,3.727433,8.788387,25.68424,4.447766
"108","7am",47.45823,1.027671,5.111262,38.61073,7.792109
"109","7am",49.48253,0,4.920939,43.65615,1.940374
"110","7am",49.4052,3.084112,5.31082,36.45241,5.747459
"111","7am",47.19289,5.705413,8.670509,34.92298,3.508205
"112","7am",28.39774,4.045951,17.878534,43.4273,6.250473
"113","7am",44.44272,1.81692,9.671792,40.77822,3.290348
"114","7am",53.21239,2.502358,10.308071,29.51293,4.464254
"115","7am",47.26178,3.537176,5.118784,39.89073,4.191525
"116","7am",50.80224,3.27337,4.239786,36.26249,5.42211
"117","7am",39.07884,0,24.187885,34.10438,2.628889
"118","7am",30.64071,14.613816,8.04942,40.97311,5.722947
"119","7am",37.93596,0,16.470508,41.99287,3.600662
"120","7am",28.97582,5.878347,14.897678,46.65069,3.59747
"121","7am",40.20797,6.83383,14.459523,34.79659,3.702086
"122","7am",44.57163,2.945043,11.666644,36.08393,4.732755
"123","7am",40.85314,11.980861,7.413314,35.64815,4.104536
"124","7am",33.14836,0,19.364848,40.85297,6.633816
"125","7am",44.28178,0,6.228287,47.04981,2.440124
"126","7am",51.63206,1.369962,2.050872,41.73409,3.213012
"127","7am",41.43601,3.522992,7.013742,42.8732,5.154054
"128","7am",45.29781,2.853245,8.77014,40.48773,2.591073
"129","7am",45.86477,4.298452,7.763976,38.99149,3.081311
"130","7am",32.77037,5.307002,9.014987,46.79906,6.10858
"101","8am",47.82496,5.3353624,16.657258,22.01578,8.166639
"102","8am",41.18838,11.4169908,11.754022,29.37924,6.261364
"103","8am",32.11071,25.3204662,8.93324,30.70282,2.932765
"104","8am",33.90198,26.5875559,8.064543,26.82556,4.620361
"105","8am",37.63793,3.5893258,7.578396,49.20638,1.987965
"106","8am",56.16768,0.6459961,13.170162,23.3655,6.65066
"107","8am",64.68581,3.3765706,6.211582,21.80624,3.919789
"108","8am",46.01861,1.0278642,6.735811,37.75877,8.458938
"109","8am",47.58599,0,3.890646,46.32572,2.197644
"110","8am",48.45255,0.8730667,7.102011,37.80682,5.76555
"111","8am",45.42962,4.8071489,8.226231,36.59601,4.940991
"112","8am",32.19218,5.5115426,17.48126,39.52878,5.286234
"113","8am",41.95086,3.3988779,10.203171,40.97597,3.471123
"114","8am",53.49083,2.4788152,10.211091,29.39701,4.422254
"115","8am",41.65519,1.3056418,6.036222,46.06018,4.94277
"116","8am",49.78957,2.2724617,4.515228,37.64838,5.774362
"117","8am",42.06668,0,23.184714,31.66911,3.079498
"118","8am",28.55618,16.1063845,8.141738,41.39099,5.804703
"119","8am",38.61105,0,12.269394,45.70148,3.418074
"120","8am",28.52953,6.2456035,14.923852,47.45277,2.848249
"121","8am",41.73887,4.9739923,11.592438,37.68528,4.00942
"122","8am",39.10442,0,11.995689,43.23829,5.661596
"123","8am",42.09934,13.2971361,6.830833,34.73003,3.042656
"124","8am",31.24029,0,19.662417,42.09431,7.002987
"125","8am",42.37014,0,5.642783,49.34559,2.641484
"126","8am",52.91786,0,1.482905,42.97873,2.620496
"127","8am",38.35921,5.6606577,6.268631,44.30492,5.406581
"128","8am",43.53363,1.9108186,9.327758,42.47197,2.755817
"129","8am",43.51788,5.1533485,8.208693,39.86227,3.257807
"130","8am",32.11465,5.3765901,9.133196,47.18689,6.188679
"101","9am",49.60932,4.6623538,12.298999,26.29284,7.13649
"102","9am",38.43999,14.0724416,12.976538,27.65888,6.852144
"103","9am",36.8214,22.1966025,7.975592,29.82401,3.182396
"104","9am",31.67784,27.9753187,10.559417,25.99959,3.787832
"105","9am",40.15872,3.6539573,6.545099,47.61846,2.023761
"106","9am",58.32544,0.6445876,14.515465,21.31258,5.201935
"107","9am",66.45859,3.2567507,5.728069,20.03426,4.522334
"108","9am",40.23789,2.7417421,8.253822,39.294,9.472548
"109","9am",47.08263,0,5.349711,45.27151,2.296153
"110","9am",47.14204,0.9160767,8.253877,36.68824,6.999764
"111","9am",46.40663,5.1420245,8.113685,35.05247,5.285191
"112","9am",32.25482,5.3986407,17.535928,40.44111,4.369504
"113","9am",41.27115,3.5803254,8.852339,42.63976,3.656428
"114","9am",53.35075,1.7511551,10.029202,30.231,4.637898
"115","9am",41.88272,1.3001502,6.010833,45.88432,4.921981
"116","9am",50.47309,2.5318803,3.917228,37.78428,5.293517
"117","9am",42.18189,0,21.882426,32.6634,3.272292
"118","9am",31.0814,15.6859005,10.242191,38.34588,4.644628
"119","9am",37.78895,0,10.936274,47.21499,4.05978
"120","9am",25.99378,1.706446,16.363251,51.74564,4.190878
"121","9am",41.45106,5.2861888,12.320047,38.44084,2.501866
"122","9am",39.86798,0,13.447419,40.81732,5.867281
"123","9am",41.83958,12.6861422,7.007081,35.56434,2.902848
"124","9am",29.5833,0,19.687539,43.32248,7.406678
"125","9am",41.53258,0,4.945184,50.76081,2.761423
"126","9am",54.10663,0,1.552374,41.59774,2.743259
"127","9am",38.62974,5.5712441,6.169614,44.30822,5.321181
"128","9am",42.62692,1.9576975,10.332655,42.25931,2.823427
"129","9am",41.63778,5.0378016,8.02464,42.11502,3.184761
"130","9am",35.88378,0,10.043604,47.26704,6.805574
"101","10am",47.48216,6.8826676,11.54716,24.9889,9.099112
"102","10am",41.57055,14.5561254,12.072484,26.77702,5.023825
"103","10am",32.28169,23.0087886,7.904743,31.33897,5.465809
"104","10am",32.81546,25.9581733,12.209403,25.01491,4.002046
"105","10am",47.16356,3.629562,5.726173,42.01511,1.465593
"106","10am",58.05056,0.6814732,11.42866,22.32678,7.512523
"107","10am",67.54476,3.2533715,5.340329,19.75339,4.108158
"108","10am",39.32704,0.9332625,10.377642,40.91213,8.449924
"109","10am",47.62801,1.2562058,5.282084,43.56657,2.267127
"110","10am",47.21171,0.9281425,6.181523,38.58667,7.09196
"111","10am",43.9399,4.6702723,10.55356,36.88906,3.947206
"112","10am",33.41785,5.2888995,13.572245,42.81018,4.910829
"113","10am",42.56109,3.6591792,9.047304,40.99547,3.736957
"114","10am",52.79395,1.8946314,10.019224,30.98435,4.307851
"115","10am",41.79751,1.3036083,6.026821,44.51397,6.358089
"116","10am",52.0801,2.4860381,4.93959,36.6888,3.805465
"117","10am",40.5061,0,23.789273,32.54916,3.155468
"118","10am",28.53907,15.6966604,9.917542,41.19891,4.647814
"119","10am",37.78361,0,14.666171,43.4304,4.119811
"120","10am",28.82476,1.6467659,15.790973,49.69319,4.044309
"121","10am",43.18679,5.5963906,11.861165,36.70697,2.64868
"122","10am",40.50442,0,11.982754,41.39659,6.116241
"123","10am",40.30694,12.9619558,6.744508,36.28842,3.698168
"124","10am",32.00803,0,17.499451,44.80867,5.68385
"125","10am",42.14057,0,4.10041,51.02007,2.738946
"126","10am",51.69338,0,1.461039,43.70913,3.136454
"127","10am",41.39287,5.7185672,6.33276,43.31464,3.241163
"128","10am",44.34109,2.0389868,9.953418,40.72584,2.940664
"129","10am",41.09437,5.0132257,9.070661,41.65252,3.169225
"130","10am",35.52336,0,8.411595,48.67483,7.390208
"101","11am",51.26163,8.7125741,11.451091,20.60545,7.969255
"102","11am",42.70413,13.9004398,11.286101,27.95263,4.156699
"103","11am",37.64765,17.5461702,9.698745,29.8377,5.269733
"104","11am",33.72352,22.543307,11.94051,25.97373,5.818937
"105","11am",39.69989,4.0912014,7.342215,46.48989,2.376811
"106","11am",59.50219,0.6746918,10.680931,22.06875,7.073446
"107","11am",62.16677,3.9955558,6.157932,22.17475,5.50499
"108","11am",38.2625,2.9394935,9.661834,41.99915,7.13703
"109","11am",45.87677,1.2794196,5.379693,45.15509,2.309022
"110","11am",50.15338,0.9892275,4.370091,38.11596,6.371343
"111","11am",39.68539,4.9154493,12.007984,39.43743,3.95374
"112","11am",33.01695,5.3702164,15.759286,40.46308,5.390471
"113","11am",44.30969,2.5947752,8.533017,40.31189,4.250636
"114","11am",52.99844,1.7137081,10.480015,30.26912,4.53872
"115","11am",41.03761,1.2970346,5.996429,46.75874,4.910186
"116","11am",48.20287,2.371716,5.465076,39.00169,4.958654
"117","11am",35.17984,0,23.509297,37.16047,4.150387
"118","11am",32.5835,15.3329209,8.625432,37.93219,5.525948
"119","11am",41.56463,0,14.247477,41.60778,2.580119
"120","11am",28.89488,6.5922102,10.802566,49.676,4.034345
"121","11am",42.98194,5.3341085,13.454014,34.81782,3.412123
"122","11am",40.74964,0,11.919381,41.35635,5.974627
"123","11am",40.61659,13.1390625,6.836662,36.40119,3.006486
"124","11am",29.456,0,17.338081,45.84373,7.362181
"125","11am",41.97506,2.3421501,3.640938,49.48906,2.552798
"126","11am",52.30393,0,2.274979,42.67938,2.741713
"127","11am",42.87251,5.6010936,6.202669,41.79158,3.532144
"128","11am",42.64161,2.0113334,10.615743,41.83053,2.900782
"129","11am",42.10359,5.182555,8.255216,41.18237,3.27627
"130","11am",34.7498,0,10.445779,47.72633,7.078089
"101","12am",46.01897,7.3018597,13.773145,23.95096,8.955066
"102","12am",37.21201,16.1678107,11.344337,30.99445,4.281394
"103","12am",41.90457,14.5803989,9.491197,28.16981,5.854025
"104","12am",36.12577,21.0913975,10.736615,26.41504,5.631174
"105","12am",35.11958,7.3842458,7.487646,47.58463,2.42389
"106","12am",53.65553,1.526417,12.502074,24.95038,7.365593
"107","12am",57.08866,6.5314105,8.728575,21.78403,5.867328
"108","12am",45.02056,5.248434,7.681929,35.55366,6.495411
"109","12am",52.00656,1.1198737,4.708836,40.14365,2.021083
"110","12am",46.66786,4.8340498,4.920941,37.59387,5.983279
"111","12am",42.52501,3.788362,12.338377,37.57412,3.774126
"112","12am",29.35154,4.1477777,17.058101,43.64212,5.800457
"113","12am",47.49813,2.4100665,7.925596,38.63283,3.533375
"114","12am",53.20905,1.6715856,10.222419,30.03959,4.857348
"115","12am",48.6361,1.1422747,3.873758,42.02355,4.324311
"116","12am",51.87364,2.1579131,4.972416,36.48438,4.511647
"117","12am",36.21692,0.8910443,22.511802,36.39527,3.98496
"118","12am",36.27973,14.1635686,7.861506,36.23251,5.462681
"119","12am",42.18426,0,13.470151,41.72904,2.616552
"120","12am",33.03519,5.870663,10.470448,47.03093,3.592768
"121","12am",43.09063,6.2778862,13.254266,34.24355,3.133667
"122","12am",41.82508,0,11.639342,41.25453,5.281051
"123","12am",41.09978,12.3131724,6.591892,36.75392,3.241234
"124","12am",32.84226,1.4296034,18.213318,41.00107,6.513754
"125","12am",42.31827,2.287242,4.593221,48.30831,2.492951
"126","12am",50.19628,0,2.282004,43.94661,3.575115
"127","12am",41.36573,5.5226698,5.053608,43.9513,4.106688
"128","12am",42.60538,3.754373,10.026678,40.87375,2.739818
"129","12am",42.53902,5.231323,8.332897,40.58966,3.3071
"130","12am",37.66278,0,9.263588,46.7966,6.277033
"101","1pm",47.72098,6.3201838,14.273743,22.15918,9.525913
"102","1pm",41.0921,14.345637,10.002593,30.41273,4.146945
"103","1pm",38.3966,19.0342714,9.20622,28.83177,4.531138
"104","1pm",33.1083,25.0796,10.529657,26.30933,4.973113
"105","1pm",35.53754,4.7081185,8.172465,48.84667,2.735214
"106","1pm",54.04106,0.6342037,12.364475,25.6657,7.294564
"107","1pm",59.18284,5.0922286,9.472237,21.57686,4.675839
"108","1pm",44.9634,4.4294488,8.565455,34.70252,7.33918
"109","1pm",46.12893,1.282775,5.393802,44.87942,2.315077
"110","1pm",50.317,4.0562928,4.851903,34.48142,6.293385
"111","1pm",43.08241,4.2169255,7.846121,41.29049,3.564048
"112","1pm",29.93531,4.2136225,16.449806,43.50873,5.892537
"113","1pm",45.08295,2.5209341,8.290188,40.41001,3.695917
"114","1pm",52.243,1.643883,11.45654,30.30279,4.35379
"115","1pm",42.41656,1.2606454,4.275185,47.27519,4.772427
"116","1pm",48.64426,3.5388294,5.315681,37.67813,4.823103
"117","1pm",42.01661,0,20.409272,35.18143,2.392687
"118","1pm",33.59311,15.5165372,8.230164,37.06807,5.592123
"119","1pm",34.92244,0,14.781607,45.75145,4.544505
"120","1pm",29.25995,6.0460547,15.322705,45.67119,3.700105
"121","1pm",42.23747,4.0256864,14.065077,36.40861,3.263149
"122","1pm",38.58369,3.361119,13.508444,39.14535,5.4014
"123","1pm",45.52943,13.1967539,4.605869,34.11071,2.55724
"124","1pm",32.08132,1.4901869,18.228827,41.40988,6.789793
"125","1pm",40.98353,3.8393071,3.944797,48.59736,2.635001
"126","1pm",52.88391,0,2.231019,41.38983,3.49524
"127","1pm",39.49325,5.7173417,6.331403,44.20655,4.251447
"128","1pm",45.59223,2.0802151,6.855108,42.47232,3.000124
"129","1pm",43.41759,5.1074423,9.703142,38.14845,3.623372
"130","1pm",35.5937,0,9.784128,48.79121,5.830956
"101","2pm",42.2115,8.0148856,11.657202,28.88744,9.228971
"102","2pm",44.28684,12.4103269,10.16157,29.53173,3.609538
"103","2pm",33.32404,20.824146,10.513455,30.00165,5.336716
"104","2pm",34.33391,23.9187692,10.29231,25.71998,5.735028
"105","2pm",40.68423,4.887956,8.907575,43.8196,1.700647
"106","2pm",56.7779,0.7040149,9.709894,25.34543,7.462769
"107","2pm",64.24407,4.445439,7.91648,20.27812,3.115889
"108","2pm",44.17622,1.2803735,14.189882,33.39277,6.960755
"109","2pm",51.02846,0,5.487748,41.12839,2.3554
"110","2pm",44.81466,5.654815,6.287445,35.8675,7.37558
"111","2pm",39.52154,5.8407573,7.268686,43.56976,3.799252
"112","2pm",34.35392,3.9365472,16.121474,39.30574,6.282321
"113","2pm",48.47356,1.0983869,8.470984,38.12304,3.834024
"114","2pm",54.39687,1.7508091,10.266265,29.85021,3.735848
"115","2pm",42.71022,3.8816463,3.976948,44.99169,4.439502
"116","2pm",49.19548,4.9708385,5.377846,35.40756,5.048273
"117","2pm",35.94131,1.1688568,25.655786,35.01462,2.219423
"118","2pm",32.56331,16.8890346,6.370435,38.27191,5.905312
"119","2pm",34.67333,0,10.350719,50.03461,4.941346
"120","2pm",29.59969,4.9873814,13.009216,48.87705,3.526663
"121","2pm",42.2557,4.2928887,12.956794,37.01488,3.479739
"122","2pm",43.87769,3.2255642,14.804186,32.909,5.18356
"123","2pm",43.17472,13.8225329,4.3399,35.98435,2.678503
"124","2pm",32.45823,1.5989146,15.262337,44.29125,6.389268
"125","2pm",42.22297,4.2245102,4.401848,46.2513,2.899375
"126","2pm",53.74231,0,2.931464,39.70324,3.62298
"127","2pm",44.95348,4.4294255,5.080699,41.40769,4.128703
"128","2pm",46.33811,2.1228306,7.072977,40.38389,4.082192
"129","2pm",42.18083,5.1242075,9.734993,40.33224,2.627735
"130","2pm",37.23403,0,9.037093,46.86838,6.860501
"101","3pm",43.97863,6.1842991,10.944213,31.14787,7.74499
"102","3pm",44.80149,11.4570034,10.27981,28.23026,5.231442
"103","3pm",35.9219,18.8232961,8.639866,30.60602,6.008911
"104","3pm",36.95753,24.7277844,9.960315,24.4551,3.899271
"105","3pm",41.01713,7.3912844,8.144694,42.00487,1.442023
"106","3pm",49.23331,3.0085022,11.675275,28.04787,8.035043
"107","3pm",60.73684,4.7532516,9.441079,22.47641,2.592423
"108","3pm",44.15199,0.8343746,13.037154,35.7218,6.254679
"109","3pm",45.25844,1.2262889,3.69891,47.25598,2.56038
"110","3pm",47.07747,3.4232501,5.585391,36.10427,7.809618
"111","3pm",42.50975,6.3433451,8.737555,39.73836,2.671
"112","3pm",32.9789,3.8866594,16.675081,39.52518,6.934174
"113","3pm",48.34163,1.1994346,8.196052,39.86551,2.39737
"114","3pm",55.8519,1.7984261,8.387268,29.19932,4.763094
"115","3pm",43.4324,3.9384542,5.500965,42.6237,4.504474
"116","3pm",48.0508,4.7237279,5.110502,37.47804,4.636937
"117","3pm",37.70841,1.2065341,25.634698,33.15939,2.290965
"118","3pm",31.87888,16.5869728,7.673083,38.06137,5.799695
"119","3pm",33.94943,0,11.245512,50.04478,4.760287
"120","3pm",31.01846,4.886769,13.689451,46.9498,3.455518
"121","3pm",44.22664,4.22232,13.63409,34.49441,3.422537
"122","3pm",44.93826,0.8978862,14.548316,35.32438,4.291152
"123","3pm",44.12953,13.24675,5.536874,34.4389,2.647952
"124","3pm",33.772,1.5941978,16.31219,41.9512,6.37042
"125","3pm",39.56158,4.4109765,5.641812,47.35828,3.027351
"126","3pm",50.71449,0,2.84421,42.92615,3.515143
"127","3pm",46.59173,4.2572704,5.909634,39.27313,3.968236
"128","3pm",45.72408,4.0707806,6.046521,40.19758,3.961039
"129","3pm",41.42519,5.1559442,9.795286,40.36413,3.259447
"130","3pm",41.48244,0,8.695313,44.45899,5.363254
"101","4pm",42.00929,6.222889,16.579758,28.10725,7.080818
"102","4pm",44.44957,10.955915,10.320131,30.23758,4.036809
"103","4pm",40.49704,14.533969,8.385135,30.35277,6.231088
"104","4pm",36.34896,22.074733,11.105594,25.20873,5.261989
"105","4pm",38.93749,7.075416,9.115372,41.54817,3.32356
"106","4pm",42.33517,3.101482,12.888129,32.59277,9.082442
"107","4pm",54.68587,6.020624,8.393685,25.858,5.041819
"108","4pm",45.37228,5.209064,9.717528,35.1596,4.541522
"109","4pm",48.18819,1.086309,4.350868,44.10652,2.268115
"110","4pm",47.78971,4.216943,4.213546,35.38027,8.399526
"111","4pm",46.61816,4.590708,8.314221,36.14809,4.328812
"112","4pm",31.65328,3.126716,16.384791,42.09493,6.740288
"113","4pm",41.17226,3.936531,8.3734,43.56657,2.951236
"114","4pm",53.66116,1.750458,8.200184,31.75215,4.63605
"115","4pm",45.18003,6.4327,5.291734,38.76239,4.333146
"116","4pm",47.56199,5.070188,4.729904,38.43201,4.205906
"117","4pm",36.30881,1.301736,23.703177,36.21454,2.471733
"118","4pm",37.84223,16.624206,7.409988,33.58626,4.537315
"119","4pm",30.58984,0,22.011263,43.35021,4.048693
"120","4pm",28.93917,5.575492,17.238289,45.47576,2.771288
"121","4pm",45.29778,4.007104,11.604911,35.84212,3.248087
"122","4pm",43.46877,1.646997,13.356871,36.18512,5.342246
"123","4pm",45.58351,10.501574,7.38393,33.49982,3.031168
"124","4pm",33.03704,4.848943,17.201876,38.37725,6.534884
"125","4pm",37.22734,4.269476,6.312492,49.26045,2.930235
"126","4pm",51.42419,0,2.8752,42.14717,3.553444
"127","4pm",44.92785,4.815428,6.569726,39.92833,3.758662
"128","4pm",46.80011,3.751105,7.52052,38.27828,3.649981
"129","4pm",40.6643,4.163334,8.944756,42.99309,3.23452
"130","4pm",38.99017,5.352589,8.056975,42.63074,4.969529
"101","5pm",41.86429,9.276152,14.267517,26.53613,8.055916
"102","5pm",41.19573,9.771696,11.75482,33.08331,4.19445
"103","5pm",37.74511,12.702529,10.687962,32.46948,6.394917
"104","5pm",32.71368,19.687094,12.61033,29.02987,5.959032
"105","5pm",33.56018,8.763042,5.99805,49.11023,2.568494
"106","5pm",40.92626,3.182115,17.019983,30.74697,8.124672
"107","5pm",40.47159,9.896925,11.831074,31.99354,5.806879
"108","5pm",45.36371,3.446906,7.805403,35.89795,7.48604
"109","5pm",51.72457,1.674154,4.532007,40.32152,1.74774
"110","5pm",50.42124,7.011497,3.442345,33.06866,6.056254
"111","5pm",48.42908,3.96901,7.933216,34.54031,5.128386
"112","5pm",30.0635,4.927613,17.904806,41.1469,5.957175
"113","5pm",44.75302,4.951722,8.430525,38.00081,3.863921
"114","5pm",53.06384,2.623823,9.041018,30.59037,4.68095
"115","5pm",52.53452,3.368949,4.705519,36.57741,2.813605
"116","5pm",53.95939,7.272539,3.898156,30.76809,4.101826
"117","5pm",34.74084,3.03441,26.682017,33.09228,2.450449
"118","5pm",37.89707,9.634433,9.374805,38.19044,4.903248
"119","5pm",32.26349,0,19.98376,43.84992,3.902824
"120","5pm",31.51076,6.352204,15.372234,44.11558,2.649225
"121","5pm",40.80044,7.487059,11.51093,37.80212,2.399456
"122","5pm",44.10301,5.132363,12.642183,33.4466,4.675844
"123","5pm",47.55013,8.087218,6.99108,34.62444,2.747132
"124","5pm",36.43416,4.536256,16.092602,37.73832,5.198662
"125","5pm",43.4401,4.962719,5.16607,44.03304,2.398071
"126","5pm",54.85308,0,2.17955,40.34066,2.626707
"127","5pm",47.35427,3.844511,6.186049,38.06934,4.545824
"128","5pm",47.21769,3.608726,7.892319,37.76982,3.511441
"129","5pm",42.14457,2.928279,8.959493,41.97278,3.994873
"130","5pm",37.31399,5.526157,9.387264,44.10337,3.669215
"101","6pm",41.07278,6.872259,16.639193,27.03715,8.378609
"102","6pm",38.84374,6.82858,13.220714,35.88554,5.221423
"103","6pm",38.86318,11.972386,11.027837,32.29578,5.840819
"104","6pm",37.66115,7.980379,12.594304,36.38092,5.383247
"105","6pm",36.07106,11.010996,7.220991,43.35938,2.337569
"106","6pm",44.28979,3.352358,16.702443,26.84258,8.812828
"107","6pm",32.14848,10.084126,10.912318,39.55057,7.304508
"108","6pm",46.51588,8.239285,6.595622,32.13563,6.513584
"109","6pm",56.02529,6.673262,4.347989,31.50637,1.447086
"110","6pm",50.58474,4.22465,4.737313,34.10952,6.343777
"111","6pm",48.40433,4.931272,8.949339,32.77308,4.941983
"112","6pm",32.12174,8.543765,16.124918,38.50782,4.701751
"113","6pm",43.52649,7.367998,7.126836,38.22394,3.754736
"114","6pm",54.35556,3.328783,8.647572,29.19084,4.477245
"115","6pm",52.2089,6.73195,5.005599,32.47927,3.574273
"116","6pm",55.54961,5.738523,3.59362,29.95138,5.166868
"117","6pm",32.81661,6.03657,28.823595,29.59488,2.728337
"118","6pm",39.03065,9.465685,6.79925,39.81904,4.885375
"119","6pm",35.73448,0,18.740421,42.36635,3.158748
"120","6pm",37.25564,5.17644,10.469407,43.6744,3.424107
"121","6pm",40.73043,8.91437,9.544758,38.41096,2.39948
"122","6pm",46.10998,5.368021,11.473388,31.9084,5.140213
"123","6pm",44.02272,8.804455,7.584996,36.05634,3.53149
"124","6pm",36.00388,4.309135,16.001064,37.87853,5.807388
"125","6pm",44.22343,5.779596,5.624482,42.16626,2.206233
"126","6pm",54.74436,2.570006,1.923686,38.4436,2.31835
"127","6pm",48.84673,4.32844,5.844005,36.68636,4.294472
"128","6pm",48.13037,3.55092,7.765896,37.09762,3.455193
"129","6pm",43.71449,2.884475,8.825468,40.64046,3.935114
"130","6pm",38.00778,5.249893,8.917976,44.33857,3.485784
"101","7pm",41.21801,8.623047,12.862807,28.4613,8.834831
"102","7pm",35.76455,7.174694,14.909357,36.44981,5.701592
"103","7pm",39.82026,12.64341,7.78596,33.66871,6.08166
"104","7pm",38.51743,7.826153,12.864429,35.01454,5.777446
"105","7pm",33.5663,11.623353,7.622574,44.72021,2.467569
"106","7pm",47.59254,4.427438,12.694398,26.90357,8.382056
"107","7pm",29.40248,8.862731,15.132448,39.28137,7.320968
"108","7pm",46.50911,8.785728,6.713413,32.67999,5.311766
"109","7pm",57.44724,6.392996,4.16538,30.60807,1.386311
"110","7pm",51.06962,4.272046,6.267191,32.84507,5.546073
"111","7pm",50.33669,5.379074,9.324638,30.54873,4.410873
"112","7pm",29.56501,8.636137,16.299256,40.74702,4.752585
"113","7pm",46.39897,8.064064,6.681227,35.33577,3.519969
"114","7pm",55.07009,3.124561,9.703823,27.89897,4.202564
"115","7pm",55.57428,6.10415,4.538793,30.54183,3.240948
"116","7pm",56.87228,5.846144,3.661015,29.76827,3.852295
"117","7pm",35.54241,4.974604,24.813144,31.67514,2.994702
"118","7pm",37.38911,9.388744,9.11471,38.58058,5.526853
"119","7pm",32.20374,0,19.519441,45.05134,3.225472
"120","7pm",37.42515,5.853917,10.109831,43.3046,3.306504
"121","7pm",44.83511,8.329122,10.336426,32.88462,3.614719
"122","7pm",49.73397,4.879054,10.428291,30.28669,4.671997
"123","7pm",42.60218,5.348034,8.22555,39.48377,4.340465
"124","7pm",37.08172,4.174502,16.422759,36.69507,5.625945
"125","7pm",45.53218,6.476199,5.808577,40.13999,2.043047
"126","7pm",58.12033,2.413124,1.806258,35.48345,2.17683
"127","7pm",47.81146,5.297057,5.789509,36.84754,4.254426
"128","7pm",47.7247,3.460638,7.568449,37.87886,3.367345
"129","7pm",42.62955,5.573455,9.531952,39.14271,3.122334
"130","7pm",41.09097,0,8.619128,45.57906,4.710845
"101","8pm",39.69657,8.9084969,13.372259,28.89538,9.127292
"102","8pm",36.46024,7.8312836,14.706972,34.58778,6.41372
"103","8pm",40.64495,12.0303956,9.121473,32.95223,5.250954
"104","8pm",42.63893,7.2303836,11.885119,32.90793,5.337635
"105","8pm",36.17487,10.7412367,7.044084,43.75951,2.280301
"106","8pm",49.34549,3.2117268,12.419102,26.12427,8.899406
"107","8pm",29.99581,11.1834623,12.733371,38.82266,7.264697
"108","8pm",43.02368,7.5980537,8.280584,34.39392,6.703769
"109","8pm",55.42954,6.7922015,4.009102,32.43486,1.334299
"110","8pm",53.47679,4.3546697,4.46939,32.04582,5.653337
"111","8pm",49.87463,6.0883894,9.399037,30.99922,3.638716
"112","8pm",28.94797,8.6403584,16.307222,41.34954,4.754908
"113","8pm",46.53195,7.7601969,7.294809,35.02571,3.387331
"114","8pm",54.51309,3.163296,9.824122,28.24483,4.254664
"115","8pm",55.48448,6.1191112,3.967619,31.1799,3.248892
"116","8pm",56.07464,7.2757542,3.475012,29.51802,3.656574
"117","8pm",36.75525,4.9569702,26.283297,29.02039,2.984087
"118","8pm",36.86699,9.3956167,8.941005,39.26548,5.530899
"119","8pm",33.79194,0,18.567145,44.5728,3.068111
"120","8pm",35.48502,5.5105648,14.714864,41.17699,3.112567
"121","8pm",44.08219,9.5532512,10.141325,32.77425,3.44898
"122","8pm",49.25735,7.5391952,9.887887,28.88567,4.42989
"123","8pm",40.55099,7.2337436,9.128833,38.68199,4.404452
"124","8pm",39.22719,4.1099075,16.16864,34.95537,5.538891
"125","8pm",46.15475,6.4021763,5.742185,39.68119,2.019695
"126","8pm",57.42041,2.4157892,1.808253,35.52264,2.832911
"127","8pm",48.36249,5.218326,5.703459,36.52454,4.191192
"128","8pm",48.23568,2.388951,7.567695,38.44066,3.367009
"129","8pm",42.69229,5.4896811,9.388679,39.35394,3.075403
"130","8pm",42.42917,0.5112715,8.456497,43.9811,4.621958
"101","9pm",40.6588,9.7069536,13.118236,27.56211,8.953908
"102","9pm",36.14334,7.6225454,14.738359,35.06835,6.427408
"103","9pm",38.19823,12.0080253,9.485553,34.84764,5.460543
"104","9pm",43.27083,7.2047173,11.842929,32.36283,5.318688
"105","9pm",37.40096,10.3171326,6.765957,43.32569,2.190266
"106","9pm",48.0339,3.294888,12.74067,26.80071,9.129838
"107","9pm",30.76178,11.4434328,13.02937,37.33185,7.433572
"108","9pm",44.96992,7.4488369,7.405247,33.60388,6.572115
"109","9pm",55.61108,6.7645363,3.992773,32.30275,1.328864
"110","9pm",53.66914,4.4857953,4.60397,32.3319,4.909198
"111","9pm",50.2517,6.0425893,9.328333,30.76603,3.611344
"112","9pm",28.91261,8.6836963,16.389015,41.23592,4.778758
"113","9pm",46.74688,7.8152363,7.346547,34.67998,3.411356
"114","9pm",53.84311,3.0881033,9.590599,29.32466,4.153529
"115","9pm",55.95249,5.9869059,3.881897,31.00001,3.178698
"116","9pm",55.08141,7.0066244,3.346471,30.28581,4.279682
"117","9pm",36.31059,5.7023122,26.398349,29.29373,2.295023
"118","9pm",37.75175,9.4376051,7.814068,39.44096,5.555616
"119","9pm",34.01329,0,18.661281,43.69362,3.631807
"120","9pm",36.58423,5.5743846,13.038897,41.65387,3.148614
"121","9pm",43.66651,9.1189849,11.03237,32.73707,3.445067
"122","9pm",48.48079,8.1773315,9.919569,28.97823,4.444084
"123","9pm",41.41956,7.2379506,9.134142,37.80134,4.407014
"124","9pm",40.28196,4.1577723,14.594397,35.36247,5.603399
"125","9pm",46.91883,6.311327,5.660701,39.1181,1.991035
"126","9pm",57.1282,2.4034954,1.799051,35.85076,2.818494
"127","9pm",49.03746,5.1501154,5.628907,36.04711,4.136407
"128","9pm",48.31274,2.3053653,9.037005,37.09568,3.249203
"129","9pm",42.32517,5.5248486,9.448824,39.60605,3.095104
"130","9pm",42.19699,0.5084737,8.41022,44.28765,4.596665
"101","10pm",40.11217,8.4633706,15.446712,26.30949,9.668267
"102","10pm",35.77148,7.6573629,14.38393,35.73046,6.456766
"103","10pm",37.82675,11.6551451,10.880794,34.33724,5.300074
"104","10pm",45.15723,6.8922041,11.903524,30.95905,5.087983
"105","10pm",37.76322,10.257427,6.726802,43.07496,2.177591
"106","10pm",46.24271,3.4084574,13.17982,27.72448,9.444529
"107","10pm",28.54657,11.8095541,13.446232,38.52624,7.671402
"108","10pm",45.27668,8.5354611,7.374676,32.80717,6.006018
"109","10pm",56.39086,6.7628614,2.815784,32.70196,1.328535
"110","10pm",52.68301,4.429156,4.545838,32.59396,5.748041
"111","10pm",50.1402,6.2234659,8.229918,31.68697,3.719445
"112","10pm",29.33077,8.662339,16.348707,40.89118,4.767004
"113","10pm",46.70504,7.8032086,6.865793,35.21985,3.406106
"114","10pm",54.93893,3.076589,9.55484,28.2916,4.138042
"115","10pm",55.66673,6.0257458,3.907081,31.20112,3.19932
"116","10pm",55.32382,7.037459,3.361198,29.97901,4.298516
"117","10pm",34.09416,5.6868928,27.931709,29.99842,2.288817
"118","10pm",38.96939,9.1078028,7.541001,39.02034,5.361472
"119","10pm",33.00015,0,21.513273,42.00497,3.481608
"120","10pm",38.13565,5.4024754,12.636789,40.77357,3.051514
"121","10pm",43.66651,9.1189849,11.03237,32.73707,3.445067
"122","10pm",48.66606,8.1479242,9.883896,28.87401,4.428102
"123","10pm",41.50577,7.1797047,9.060637,37.88234,4.371549
"124","10pm",40.70848,4.1280769,14.490161,35.10991,5.563378
"125","10pm",46.64888,6.2750142,5.628132,39.46839,1.97958
"126","10pm",57.1282,2.4034954,1.799051,35.85076,2.818494
"127","10pm",49.29596,5.0730508,5.544678,36.0118,4.074511
"128","10pm",47.81382,2.2815579,8.943681,37.74529,3.215649
"129","10pm",42.79402,5.4799367,9.372014,39.28409,3.069944
"130","10pm",42.84419,0.5027804,8.316054,43.79178,4.545198
"101","11pm",37.36056,8.781417,17.580494,26.24593,10.031593
"102","11pm",35.13082,7.790812,14.634606,35.87447,6.569292
"103","11pm",39.02931,11.933624,8.452688,35.15767,5.42671
"104","11pm",45.0415,6.835173,11.805025,31.27242,5.045882
"105","11pm",38.14639,10.194275,6.685387,42.80976,2.164184
"106","11pm",45.95363,3.38715,13.097427,28.17631,9.385487
"107","11pm",28.30294,11.708765,13.331474,39.05089,7.60593
"108","11pm",45.90906,8.520308,7.361584,32.21369,5.995355
"109","11pm",56.57941,6.662928,3.932799,31.51596,1.308904
"110","11pm",52.61175,4.365203,5.234667,32.12333,5.665045
"111","11pm",50.23116,6.400941,7.230793,32.31159,3.825513
"112","11pm",28.99723,8.703223,16.425869,41.08418,4.789504
"113","11pm",46.40644,7.641048,8.129253,34.48793,3.335323
"114","11pm",55.63405,2.995095,9.301746,28.04068,4.028431
"115","11pm",54.76033,6.148944,3.986962,31.83903,3.264731
"116","11pm",55.5673,6.999105,3.34288,29.81563,4.275089
"117","11pm",34.97369,5.566944,27.342567,29.87625,2.240541
"118","11pm",38.25267,9.21476,7.629558,39.47857,5.424435
"119","11pm",33.82367,0,21.402366,41.31031,3.463659
"120","11pm",38.13565,5.402475,12.636789,40.77357,3.051514
"121","11pm",43.66651,9.118985,11.03237,32.73707,3.445067
"122","11pm",48.66606,8.147924,9.883896,28.87401,4.428102
"123","11pm",41.50577,7.179705,9.060637,37.88234,4.371549
"124","11pm",40.98394,4.072722,14.295857,35.15871,5.488777
"125","11pm",45.81253,6.292734,5.644025,40.26554,1.98517
"126","11pm",56.66407,2.383969,1.784434,36.37193,2.795596
"127","11pm",49.42366,5.060274,5.530714,35.9211,4.06425
"128","11pm",47.89157,2.256858,8.846858,37.82388,3.180836
"129","11pm",44.16416,2.863552,9.672079,40.13198,3.168235
"130","11pm",41.37392,5.100338,7.857002,41.37444,4.294299
"101","12pm",36.33109,9.003078,18.024261,26.35676,10.28481
"102","12pm",34.93592,7.814218,14.678574,35.98226,6.589028
"103","12pm",38.75561,12.176299,9.577241,34.21036,5.28049
"104","12pm",45.85234,6.734329,11.630859,30.81104,4.971437
"105","12pm",39.82469,9.826404,6.444138,41.81868,2.086087
"106","12pm",46.23209,3.369698,13.029945,28.03114,9.33713
"107","12pm",29.26994,11.72138,13.345838,38.04872,7.614124
"108","12pm",46.896,8.167941,6.408004,32.48265,6.045411
"109","12pm",56.57941,6.662928,3.932799,31.51596,1.308904
"110","12pm",52.08154,4.321211,5.181913,32.80738,5.607953
"111","12pm",49.98497,6.369569,7.195353,32.64335,3.806763
"112","12pm",29.52424,8.638624,16.303949,40.77923,4.753954
"113","12pm",45.92701,7.637047,8.124997,34.97737,3.333576
"114","12pm",54.85997,3.015532,9.365218,28.70336,4.05592
"115","12pm",54.76033,6.148944,3.986962,31.83903,3.264731
"116","12pm",55.78565,6.964711,3.326453,29.66911,4.254081
"117","12pm",35.10576,5.587966,27.44582,29.61145,2.249001
"118","12pm",38.07537,9.172049,7.594194,39.7591,5.399292
"119","12pm",33.8707,0,21.432129,41.22869,3.468476
"120","12pm",38.55668,5.365708,12.550788,40.49608,3.030747
"121","12pm",43.1568,9.01254,12.070876,32.35493,3.404853
"122","12pm",48.66606,8.147924,9.883896,28.87401,4.428102
"123","12pm",41.34498,7.151892,9.412914,37.7356,4.354615
"124","12pm",40.28836,4.0036,15.75042,34.562,5.395622
"125","12pm",45.81253,6.292734,5.644025,40.26554,1.98517
"126","12pm",56.5645,2.408057,1.802465,36.40113,2.823843
"127","12pm",50.12806,4.989798,5.453685,35.42081,4.007645
"128","12pm",48.71862,2.295832,7.272714,38.47707,3.235767
"129","12pm",44.16416,2.863552,9.672079,40.13198,3.168235
"130","12pm",40.95226,5.048359,7.776928,40.95278,5.269668
"101","1am",36.83336,9.127543,16.890966,26.72113,10.426995
"102","1am",35.03304,7.835941,14.719379,35.80429,6.607345
"103","1am",38.75561,12.176299,9.577241,34.21036,5.28049
"104","1am",46.25974,6.68366,11.543348,30.57922,4.934032
"105","1am",39.28992,9.913731,6.501407,42.19032,2.104626
"106","1am",45.63809,3.326403,14.147351,27.67099,9.217165
"107","1am",29.78396,9.379497,13.580207,39.5085,7.747838
"108","1am",46.2529,8.18132,6.418501,33.09196,6.055314
"109","1am",56.57941,6.662928,3.932799,31.51596,1.308904
"110","1am",52.08154,4.321211,5.181913,32.80738,5.607953
"111","1am",50.43585,6.312148,7.130488,32.34907,3.772445
"112","1am",29.69723,8.689238,16.399474,40.43225,4.781807
"113","1am",45.92701,7.637047,8.124997,34.97737,3.333576
"114","1am",55.33836,3.041828,9.446884,28.08164,4.091288
"115","1am",54.76033,6.148944,3.986962,31.83903,3.264731
"116","1am",55.25673,7.048027,3.366246,30.02403,4.304971
"117","1am",35.38095,5.631769,26.100777,30.61987,2.266631
"118","1am",38.07537,9.172049,7.594194,39.7591,5.399292
"119","1am",33.8707,0,21.432129,41.22869,3.468476
"120","1am",38.55668,5.365708,12.550788,40.49608,3.030747
"121","1am",42.81024,8.940167,12.776971,32.09511,3.377511
"122","1am",48.66606,8.147924,9.883896,28.87401,4.428102
"123","1am",41.94956,7.078175,9.315891,37.34664,4.30973
"124","1am",40.28836,4.0036,15.75042,34.562,5.395622
"125","1am",46.46341,6.217148,5.576231,39.78189,1.961325
"126","1am",56.5645,2.408057,1.802465,36.40113,2.823843
"127","1am",50.37025,4.965566,5.4272,35.2488,3.988183
"128","1am",48.22213,3.291526,7.198599,38.08495,3.202792
"129","1am",44.16416,2.863552,9.672079,40.13198,3.168235
"130","1am",40.95226,5.048359,7.776928,40.95278,5.269668
"101","2am",36.76556,9.282273,17.177302,26.17111,10.603754
"102","2am",35.62829,7.764145,14.584515,35.47624,6.546806
"103","2am",37.7795,12.234713,9.623187,35.05677,5.305823
"104","2am",45.14059,6.822849,11.78374,31.21603,5.036784
"105","2am",39.28992,9.913731,6.501407,42.19032,2.104626
"106","2am",46.02205,3.302909,14.04743,27.47555,9.152065
"107","2am",31.38785,9.165247,13.270004,38.60604,7.570859
"108","2am",46.03912,8.213862,6.444031,33.22359,6.079399
"109","2am",56.57941,6.662928,3.932799,31.51596,1.308904
"110","2am",51.72796,4.291874,5.146732,33.26356,5.56988
"111","2am",50.43585,6.312148,7.130488,32.34907,3.772445
"112","2am",29.69723,8.689238,16.399474,40.43225,4.781807
"113","2am",45.92701,7.637047,8.124997,34.97737,3.333576
"114","2am",55.33836,3.041828,9.446884,28.08164,4.091288
"115","2am",54.76033,6.148944,3.986962,31.83903,3.264731
"116","2am",55.67725,6.981786,3.334608,29.74185,4.264511
"117","2am",35.38095,5.631769,26.100777,30.61987,2.266631
"118","2am",38.07537,9.172049,7.594194,39.7591,5.399292
"119","2am",33.8707,0,21.432129,41.22869,3.468476
"120","2am",38.55668,5.365708,12.550788,40.49608,3.030747
"121","2am",42.81024,8.940167,12.776971,32.09511,3.377511
"122","2am",48.66606,8.147924,9.883896,28.87401,4.428102
"123","2am",41.94956,7.078175,9.315891,37.34664,4.30973
"124","2am",40.28836,4.0036,15.75042,34.562,5.395622
"125","2am",46.46341,6.217148,5.576231,39.78189,1.961325
"126","2am",56.5645,2.408057,1.802465,36.40113,2.823843
"127","2am",50.37025,4.965566,5.4272,35.2488,3.988183
"128","2am",48.22213,3.291526,7.198599,38.08495,3.202792
"129","2am",44.16416,2.863552,9.672079,40.13198,3.168235
"130","2am",40.95226,5.048359,7.776928,40.95278,5.269668
"101","3am",36.76556,9.282273,17.177302,26.17111,10.603754
"102","3am",35.62829,7.764145,14.584515,35.47624,6.546806
"103","3am",37.7795,12.234713,9.623187,35.05677,5.305823
"104","3am",45.94853,6.722366,11.610197,30.7563,4.962605
"105","3am",39.28992,9.913731,6.501407,42.19032,2.104626
"106","3am",46.02205,3.302909,14.04743,27.47555,9.152065
"107","3am",31.38785,9.165247,13.270004,38.60604,7.570859
"108","3am",46.03912,8.213862,6.444031,33.22359,6.079399
"109","3am",56.57941,6.662928,3.932799,31.51596,1.308904
"110","3am",51.72796,4.291874,5.146732,33.26356,5.56988
