"district","hour","age1","age2","age3","age4"
"001","4am",38.667608,27.6455045,23.87118,9.815709
"002","4am",39.672189,34.9339959,17.60979,7.784027
"003","4am",32.306006,23.7019264,26.92059,17.071481
"004","4am",28.359042,28.1260762,28.23247,15.28241
"005","4am",31.235525,22.8098961,30.82493,15.129645
"006","4am",25.623126,28.3451363,31.71955,14.312191
"007","4am",24.007325,34.7547337,27.28824,13.949703
"008","4am",17.776079,20.8358147,42.96998,18.418128
"009","4am",15.686278,24.5486551,39.76132,20.003751
"010","4am",15.566443,17.4057476,38.72468,28.303129
"011","4am",23.477016,24.723956,33.86235,17.936683
"012","4am",22.908345,22.1828159,36.98638,17.922458
"013","4am",17.542988,21.8312795,35.02101,25.604723
"014","4am",20.399814,18.4746591,42.33421,18.791322
"015","4am",16.6528,17.835689,42.73338,22.778127
"016","4am",21.080503,12.1253324,46.71062,20.08354
"017","4am",26.882484,14.917186,39.76083,18.439495
"018","4am",18.690026,25.0235459,38.36046,17.925969
"019","4am",18.205654,23.3857772,39.29072,19.117848
"020","4am",16.54498,12.9177907,50.85658,19.680649
"021","4am",14.075349,10.9834405,50.36103,24.580181
"022","4am",15.781194,10.351795,46.7407,27.126315
"023","4am",15.987552,20.9851447,42.11357,20.913731
"024","4am",20.755314,18.1427489,41.94853,19.153404
"025","4am",13.611216,20.1922766,44.91924,21.277266
"026","4am",13.692995,20.1470182,40.31222,25.847772
"027","4am",14.458613,13.2403698,46.32712,25.973893
"028","4am",14.404255,15.7595853,44.90853,24.927632
"029","4am",14.683994,19.8031753,49.1649,16.347927
"030","4am",45.658612,15.6318419,25.24021,13.46934
"031","4am",25.440417,23.0602246,39.47182,12.027541
"032","4am",15.505434,20.0826067,38.23158,26.180375
"033","4am",15.046287,21.6342934,41.78777,21.53165
"034","4am",15.515496,16.2117021,52.85791,15.414897
"035","4am",14.807158,11.5332054,47.48519,26.174445
"036","4am",15.997851,12.7836498,55.33265,15.885849
"037","4am",13.23071,13.3699263,49.41961,23.979756
"038","4am",24.179088,15.4175853,46.13567,14.267657
"039","4am",16.789625,14.4444394,48.00302,20.762912
"040","4am",14.739035,14.8547647,49.80459,20.601612
"041","4am",14.721356,10.1175097,53.75738,21.40376
"042","4am",13.192926,14.9305104,46.30537,25.571192
"043","4am",15.517441,13.1690237,47.61017,23.703366
"044","4am",15.174189,13.1745108,50.75572,20.895578
"045","4am",11.785202,13.0479382,49.50468,25.662177
"046","4am",16.27733,19.9123315,40.94726,22.863075
"047","4am",15.712227,20.7243714,45.67656,17.886842
"048","4am",13.406166,13.506768,54.97656,18.110507
"049","4am",18.532613,12.8494236,47.2542,21.363763
"050","4am",15.832406,13.1248879,49.30902,21.733691
"051","4am",16.914442,12.9060252,44.87522,25.30431
"052","4am",8.504788,19.7090521,42.5396,29.246559
"053","4am",24.524867,7.5826578,52.6461,15.246378
"101","4am",9.135189,6.6568511,60.58692,23.621038
"102","4am",7.261241,6.7086936,51.65272,34.377345
"103","4am",5.700853,12.4030861,43.06435,38.831716
"104","4am",7.917517,0.8993092,22.06594,69.117238
"105","4am",11.218682,9.0096266,58.83243,20.939257
"106","4am",12.363325,14.4921887,49.28294,23.861551
"107","4am",11.098886,6.7970813,64.05067,18.053362
"108","4am",12.444691,14.0804223,56.2347,17.240189
"109","4am",10.12455,14.0536648,54.55984,21.26195
"110","4am",10.711075,8.2963324,62.90346,18.089135
"111","4am",9.568012,7.6985791,54.93629,27.797117
"112","4am",13.854419,12.1724562,50.75277,23.220358
"113","4am",14.82665,13.6486839,54.27118,17.253491
"114","4am",11.472044,10.8854917,50.7122,26.930262
"115","4am",11.15851,13.0621966,44.75335,31.025943
"116","4am",12.743136,14.3227507,42.75453,30.179586
"117","4am",11.356583,9.9824577,57.20226,21.458702
"118","4am",16.120755,16.9685636,44.19378,22.716903
"119","4am",13.61383,16.5584636,47.63507,22.192634
"120","4am",11.492736,15.1798451,51.8171,21.51032
"121","4am",13.572976,22.5982915,49.92235,13.90638
"122","4am",11.965942,20.6470611,49.57141,17.815591
"123","4am",9.900174,16.9441082,54.98337,18.172343
"124","4am",10.445664,16.0405587,53.49603,20.017747
"125","4am",10.403351,18.3292578,51.41756,19.849833
"126","4am",10.010509,23.2520241,50.03602,16.701446
"127","4am",8.782964,13.5070606,59.37769,18.332285
"128","4am",13.13604,14.2516922,61.35844,11.253829
"129","4am",10.220323,18.3219386,51.19203,20.265703
"130","4am",11.833819,10.6162279,61.53407,16.015884
"131","4am",8.408406,11.8538621,50.28854,29.449191
"132","4am",14.122138,5.2343783,57.73416,22.909319
"133","4am",5.288261,11.7736136,42.94157,39.996554
"134","4am",10.845137,14.3530141,56.22137,18.580484
"135","4am",9.285709,22.0598172,52.66765,15.986827
"136","4am",11.644415,13.423947,56.47398,18.457661
"200","4am",8.793735,12.4643492,62.62981,16.112109
"201","4am",8.599758,17.9594819,59.52948,13.911285
"202","4am",12.831453,15.2484238,56.22782,15.692305
"203","4am",13.379803,13.5576003,59.74773,13.31487
"204","4am",11.275247,11.8729636,60.27901,16.57278
"205","4am",8.138117,20.2503924,52.52317,19.088323
"206","4am",7.547861,16.6926119,52.23169,23.527837
"207","4am",13.346808,11.8956911,50.24291,24.514595
"208","4am",9.74412,19.4783243,52.76753,18.01003
"209","4am",8.777496,15.9767158,52.18706,23.058726
"210","4am",15.302024,8.7109618,46.90481,29.082208
"211","4am",11.848452,18.2943829,54.95687,14.900291
"212","4am",4.5175,9.1263857,59.34002,27.016091
"213","4am",10.970397,20.6609383,47.79527,20.573394
"214","4am",7.607008,18.5806584,57.71439,16.097942
"215","4am",10.424276,19.3751041,56.71116,13.489457
"216","4am",4.376719,17.0896759,57.16924,21.364362
"217","4am",15.529995,11.6680139,48.18621,24.615782
"218","4am",12.655612,14.5662772,56.04765,16.730462
"219","4am",14.382838,20.1377969,49.20673,16.272639
"220","4am",15.847764,15.2413379,52.49726,16.413639
"221","4am",5.449567,25.5563014,55.85975,13.134382
"222","4am",14.915697,13.3704174,56.25582,15.458062
"223","4am",12.220269,12.905146,55.61247,19.262118
"224","4am",12.283455,15.890524,53.17449,18.651533
"225","4am",12.455701,16.52176,58.23637,12.786167
"226","4am",9.827194,16.1797266,56.84052,17.152556
"227","4am",13.260113,10.3549824,58.96739,17.417513
"228","4am",11.922663,8.5730886,64.04861,15.45564
"229","4am",6.222336,22.5409848,58.33534,12.901342
"230","4am",9.047269,19.1875233,49.25829,22.506916
"231","4am",10.498682,12.7342439,55.16512,21.601953
"232","4am",9.609435,12.9468768,57.12653,20.317155
"233","4am",10.284269,22.5650844,49.6969,17.453746
"001","5am",38.831711,28.3829266,22.70783,10.077536
"002","5am",38.995012,34.3376969,19.01613,7.651159
"003","5am",31.704557,24.3666899,27.54139,16.387359
"004","5am",28.137854,27.1364388,29.56249,15.163214
"005","5am",31.644288,23.1083974,29.91968,15.327639
"006","5am",24.938436,28.6394493,32.49237,13.929747
"007","5am",23.973228,34.1303743,27.96651,13.92989
"008","5am",16.908552,21.2277527,43.09911,18.764588
"009","5am",15.837253,24.7849267,39.18154,20.196279
"010","5am",14.979019,17.5268436,38.9941,28.50004
"011","5am",23.267393,25.3960854,33.55999,17.776528
"012","5am",22.346123,22.5558319,36.87421,18.223834
"013","5am",16.392211,22.9274097,34.80187,25.878514
"014","5am",21.196734,17.912073,42.1009,18.790292
"015","5am",16.6528,17.835689,42.73338,22.778127
"016","5am",21.075315,12.1223485,46.72374,20.078598
"017","5am",27.243795,14.2737168,39.79516,18.687328
"018","5am",18.555645,24.8436267,38.80365,17.797082
"019","5am",18.309286,23.4830733,39.01025,19.197388
"020","5am",17.271216,12.8877027,50.20627,19.634809
"021","5am",13.826412,10.7891873,51.23894,24.145456
"022","5am",15.627586,10.8458779,46.66426,26.862279
"023","5am",16.180889,20.649131,42.00334,21.166639
"024","5am",19.908265,18.3520772,43.36793,18.371731
"025","5am",13.611216,20.1922766,44.91924,21.277266
"026","5am",13.692995,20.1470182,40.31222,25.847772
"027","5am",14.211776,13.0143309,47.24343,25.530468
"028","5am",15.120109,15.5317377,44.78092,24.567235
"029","5am",14.317298,20.5758541,49.16717,15.939678
"030","5am",45.817345,14.6595282,26.00696,13.516167
"031","5am",24.725311,23.3518216,40.23341,11.689459
"032","5am",15.613037,20.2219736,37.80293,26.362059
"033","5am",15.029113,22.7752468,40.68857,21.507074
"034","5am",16.517302,17.1870238,51.2062,15.089479
"035","5am",14.907766,11.6115683,47.12838,26.352289
"036","5am",15.857404,13.7039307,54.69228,15.746386
"037","5am",13.292095,13.4319564,49.18494,24.091011
"038","5am",23.628414,15.0368084,47.37571,13.959067
"039","5am",16.429736,15.0599671,48.19244,20.317855
"040","5am",14.712603,14.8281244,49.89461,20.564666
"041","5am",14.782525,10.1595494,53.56523,21.492695
"042","5am",12.175781,14.4334946,47.47709,25.913634
"043","5am",14.309122,13.3691333,48.2582,24.06355
"044","5am",15.525398,12.4455651,50.64983,21.37921
"045","5am",11.848066,13.1175383,49.23533,25.799064
"046","5am",16.477541,19.8831834,40.49499,23.14429
"047","5am",15.356051,22.9557114,44.20687,17.481371
"048","5am",13.647004,11.9529415,55.9642,18.435857
"049","5am",19.649433,12.6099188,46.32896,21.411686
"050","5am",16.018847,12.4226899,49.56884,21.989625
"051","5am",16.992966,12.9659402,44.61931,25.421782
"052","5am",8.039882,17.7250024,43.56647,30.668643
"053","5am",25.434166,7.3733793,52.36687,14.825584
"101","5am",9.135189,6.6568511,60.58692,23.621038
"102","5am",7.261241,6.7086936,51.65272,34.377345
"103","5am",5.674833,12.3464756,43.32421,38.654479
"104","5am",7.769555,0.8825029,23.52237,67.825576
"105","5am",11.28753,9.0649178,58.57979,21.067759
"106","5am",13.099303,14.0578895,49.69634,23.146472
"107","5am",11.355202,6.9540523,63.22046,18.470284
"108","5am",12.795959,14.4778609,54.99936,17.726816
"109","5am",10.372785,12.8460603,54.9979,21.783254
"110","5am",10.57236,8.1888901,63.38388,17.85487
"111","5am",9.885754,6.1602591,55.23376,28.720225
"112","5am",13.621218,14.1157879,49.89848,22.364513
"113","5am",14.65678,17.425205,51.82029,16.097723
"114","5am",11.542846,10.9526736,50.40801,27.096467
"115","5am",11.15851,13.0621966,44.75335,31.025943
"116","5am",12.698955,14.2730936,42.953,30.074953
"117","5am",11.594304,10.1914144,56.3064,21.907884
"118","5am",16.065322,16.9102162,44.38567,22.638789
"119","5am",12.061414,15.1834078,53.09322,19.661958
"120","5am",11.444984,13.6015269,52.28989,22.663601
"121","5am",12.79849,24.7049756,49.38366,13.11287
"122","5am",11.623963,20.5489907,49.23338,18.593662
"123","5am",11.649754,16.4978807,53.78722,18.065143
"124","5am",10.562431,15.2253641,53.97069,20.241515
"125","5am",10.682793,18.8215963,50.1126,20.383015
"126","5am",7.541956,24.1038919,51.04083,17.313325
"127","5am",8.863467,12.727736,59.90848,18.500316
"128","5am",12.820451,13.4024089,62.23027,11.546871
"129","5am",10.324008,18.1026144,51.10208,20.471299
"130","5am",12.106003,10.8604072,60.64933,16.384258
"131","5am",8.465016,10.5966477,51.29088,29.64746
"132","5am",13.927038,6.08987,57.39027,22.592822
"133","5am",5.994935,11.6509813,42.4943,39.859786
"134","5am",11.06703,14.6466784,55.32565,18.960642
"135","5am",8.549917,23.5164309,50.89121,17.04244
"136","5am",10.010285,13.5334679,57.848,18.60825
"200","5am",6.873522,12.7267677,63.94839,16.451325
"201","5am",8.748947,16.9437543,60.15468,14.152618
"202","5am",12.811185,15.224338,56.29696,15.667518
"203","5am",13.536859,13.7167434,59.27523,13.471163
"204","5am",11.358029,11.9601344,59.98738,16.694457
"205","5am",8.188046,18.9730178,53.6335,19.205435
"206","5am",7.547861,16.6926119,52.23169,23.527837
"207","5am",13.346808,11.8956911,50.24291,24.514595
"208","5am",9.856572,19.7031139,52.22244,18.217874
"209","5am",8.777496,15.9767158,52.18706,23.058726
"210","5am",15.099395,8.5956113,47.60789,28.697102
"211","5am",12.076401,17.8857739,54.85087,15.186953
"212","5am",4.639138,8.1813477,59.43599,27.743525
"213","5am",10.815575,20.3693564,48.53202,20.283048
"214","5am",7.143169,18.9804297,57.4321,16.444297
"215","5am",10.12027,19.6788357,56.49997,13.700923
"216","5am",4.443375,16.4184393,57.44845,21.689734
"217","5am",16.323805,11.4632176,48.02925,24.183728
"218","5am",13.189027,16.1177844,53.25756,17.435625
"219","5am",14.662861,19.0949677,49.65272,16.589454
"220","5am",16.237457,14.6087369,52.33656,16.817247
"221","5am",7.087039,24.0064177,55.30667,13.599873
"222","5am",14.903275,13.3592825,56.29225,15.445188
"223","5am",12.220269,12.905146,55.61247,19.262118
"224","5am",12.210994,16.3866877,52.86081,18.541507
"225","5am",12.578426,15.5512697,58.95816,12.912148
"226","5am",8.579579,15.6926574,58.43956,17.288208
"227","5am",13.084261,11.0366138,58.6926,17.186527
"228","5am",12.19416,8.768311,63.22994,15.807589
"229","5am",5.743337,22.8671074,58.30156,13.087998
"230","5am",9.119002,19.3396557,48.85598,22.685367
"231","5am",11.66193,12.4512306,54.76498,21.121858
"232","5am",7.981485,13.5878621,57.10762,21.323034
"233","5am",10.284269,22.5650844,49.6969,17.453746
"001","6am",37.891747,27.0580248,24.64866,10.401568
"002","6am",35.705132,37.427473,20.1956,6.671795
"003","6am",31.380629,23.7487509,28.29642,16.574196
"004","6am",26.974814,28.7566862,29.73204,14.536463
"005","6am",30.108117,23.0039971,31.61968,15.268208
"006","6am",25.708204,28.8747058,31.80997,13.607119
"007","6am",24.135995,33.2836764,28.55586,14.024468
"008","6am",17.892251,19.2863813,44.14727,18.674103
"009","6am",14.22725,26.5686587,38.52692,20.677176
"010","6am",14.623899,17.1113207,40.44041,27.824367
"011","6am",22.739335,24.9885134,34.07887,18.193277
"012","6am",21.609537,22.0240441,37.96325,18.403173
"013","6am",16.453955,22.6731561,34.8969,25.975991
"014","6am",22.75343,16.1794547,41.63624,19.430877
"015","6am",17.094405,16.103113,43.42032,23.382165
"016","6am",21.242496,12.8993605,45.62027,20.237872
"017","6am",27.051875,13.649626,40.74281,18.555685
"018","6am",19.250257,21.4999498,40.7865,18.463298
"019","6am",17.740707,24.9219049,37.62307,19.714314
"020","6am",16.21083,13.0751082,50.79373,19.920327
"021","6am",13.213823,10.3796976,51.44165,24.96483
"022","6am",12.080164,11.8450329,48.33333,27.741475
"023","6am",16.6861,19.7183976,42.00597,21.589533
"024","6am",20.659582,18.2270264,42.78856,18.324834
"025","6am",13.912183,20.6387616,43.70131,21.747742
"026","6am",12.59245,20.8201393,40.97818,25.609231
"027","6am",13.073386,14.2881106,46.44638,26.192121
"028","6am",15.460025,15.8809072,43.53954,25.119532
"029","6am",14.617511,20.7850125,48.32357,16.27391
"030","6am",45.945153,13.4787123,27.02226,13.55387
"031","6am",23.650862,26.1393257,39.05817,11.151639
"032","6am",15.744458,20.4362917,37.23529,26.583958
"033","6am",11.505636,23.0131049,43.74957,21.731688
"034","6am",16.190821,17.6030963,51.41853,14.787549
"035","6am",14.010664,12.0441738,46.61108,27.334081
"036","6am",17.517473,13.6219506,53.20839,15.652187
"037","6am",13.423614,13.5648597,48.68215,24.329381
"038","6am",23.214676,14.1823553,48.49406,14.108909
"039","6am",16.272934,14.8369917,49.05588,19.834198
"040","6am",15.109005,15.2276397,49.9305,19.732857
"041","6am",13.084224,8.372169,56.30926,22.234346
"042","6am",12.07884,14.8481981,47.36565,25.707315
"043","6am",13.275939,15.4305629,45.81299,25.480512
"044","6am",12.726783,10.9870176,53.46765,22.818544
"045","6am",12.998557,13.8874355,47.20331,25.910696
"046","6am",17.964973,18.6631781,40.07073,23.301122
"047","6am",14.204019,23.680534,45.94555,16.169895
"048","6am",12.668464,10.8651411,57.21113,19.255264
"049","6am",19.308111,12.2228496,46.60723,21.861811
"050","6am",18.246069,11.8108212,47.03796,22.905147
"051","6am",16.06649,13.4152941,43.97714,26.541076
"052","6am",7.534219,18.2212825,43.60444,30.640056
"053","6am",24.347958,7.7124193,53.865,14.074618
"101","6am",7.669171,6.9690905,60.63276,24.728982
"102","6am",5.405609,7.0501836,51.41697,36.127242
"103","6am",5.806969,12.6339595,42.00453,39.554537
"104","6am",7.682039,0.8725625,24.3838,67.061597
"105","6am",11.285564,9.4499921,58.20035,21.06409
"106","6am",13.0828,13.2876929,50.83002,22.799488
"107","6am",11.198263,6.6561672,61.91586,20.229708
"108","6am",11.969189,14.3684271,54.92517,18.737215
"109","6am",8.826641,11.7990616,56.61668,22.75762
"110","6am",10.289915,8.8136285,63.51859,17.377869
"111","6am",9.988894,6.2245301,54.76671,29.019868
"112","6am",13.769774,15.1273212,48.49448,22.608427
"113","6am",14.821159,18.39034,50.94743,15.84107
"114","6am",10.161768,11.2387738,50.59668,28.002781
"115","6am",10.372789,12.6725133,44.67051,32.284186
"116","6am",12.813965,13.7778929,42.76984,30.638302
"117","6am",9.358958,12.1618701,54.59382,23.885355
"118","6am",15.899614,15.6128489,46.08226,22.405278
"119","6am",12.264585,13.2885809,57.13887,17.307962
"120","6am",10.881462,13.6134257,52.82169,22.683427
"121","6am",12.806614,25.2446609,49.66445,12.284271
"122","6am",9.137844,21.0564562,51.25905,18.54665
"123","6am",14.059314,14.8542343,53.44852,17.637933
"124","6am",8.36812,14.6878603,54.95382,21.990204
"125","6am",9.518547,17.0677007,51.86358,21.550173
"126","6am",7.399668,23.195372,51.06416,18.340797
"127","6am",9.312588,10.8638816,60.38578,19.437747
"128","6am",13.404033,14.3325403,59.77562,12.487804
"129","6am",6.418509,19.9302,51.11327,22.53802
"130","6am",12.79158,11.4754442,58.42086,17.312117
"131","6am",8.479296,10.6145234,51.20871,29.697473
"132","6am",14.033173,6.1362796,57.06555,22.764998
"133","6am",6.071343,11.7994786,41.76136,40.367818
"134","6am",10.929349,15.4499408,53.62022,20.000494
"135","6am",9.0992,23.299017,49.46446,18.137319
"136","6am",10.348908,12.1170574,58.29631,19.237721
"200","6am",7.106633,13.1583875,62.72572,17.009261
"201","6am",8.363837,16.0716107,60.57478,14.989774
"202","6am",13.9941,17.2234886,52.62196,16.160453
"203","6am",14.890681,13.0759742,57.21493,14.818415
"204","6am",11.72692,13.1470026,57.88941,17.236666
"205","6am",7.369516,17.9985566,54.83149,19.800438
"206","6am",2.774206,17.9004272,54.09514,25.230223
"207","6am",11.105357,12.1281342,50.24195,26.524561
"208","6am",9.987391,20.2239686,50.97847,18.810167
"209","6am",7.791367,14.0781057,53.58349,24.547042
"210","6am",14.903933,9.7532811,47.01717,28.325618
"211","6am",10.455012,17.9948686,55.53307,16.017052
"212","6am",4.738685,8.3569031,58.56557,28.338845
"213","6am",10.893968,18.9598054,48.54655,21.599679
"214","6am",5.833969,18.0648219,57.3127,18.788514
"215","6am",9.197029,18.5387838,58.47457,13.78962
"216","6am",4.587466,16.9508613,56.06858,22.393095
"217","6am",14.91445,12.5359415,48.33328,24.21633
"218","6am",13.712947,13.4702544,53.52679,19.290007
"219","6am",13.209111,18.7347853,50.09091,17.965197
"220","6am",16.638563,14.2630427,51.86572,17.232675
"221","6am",7.419158,25.4781348,52.8655,14.237203
"222","6am",13.942093,13.6192822,56.50125,15.937378
"223","6am",10.839488,9.95508,57.65606,21.549375
"224","6am",10.626455,14.5530284,54.95548,19.865032
"225","6am",8.572498,17.2082145,59.93139,14.287902
"226","6am",8.638033,14.4358698,58.37242,18.553681
"227","6am",13.509444,9.361304,58.65642,18.472828
"228","6am",12.763258,8.5903677,61.37123,17.275149
"229","6am",5.334085,22.9229568,57.36192,14.381033
"230","6am",8.454849,19.4790281,48.17396,23.892166
"231","6am",10.511054,11.1508643,56.9006,21.437485
"232","6am",6.446496,11.3861451,57.24414,24.92322
"233","6am",10.061373,22.6184489,49.34356,17.976621
"001","7am",27.538054,31.26618,30.30227,10.893491
"002","7am",33.952568,34.109958,25.64378,6.293692
"003","7am",31.019703,22.418212,28.21942,18.342663
"004","7am",22.894905,23.546524,40.33849,13.220085
"005","7am",38.844219,19.342014,28.04578,13.767984
"006","7am",21.88236,23.833503,42.21196,12.072175
"007","7am",21.753804,28.283797,38.44235,11.520048
"008","7am",10.436548,22.740195,47.60964,19.213613
"009","7am",22.26319,20.933994,35.73416,21.068654
"010","7am",12.579783,12.166914,43.65809,31.59521
"011","7am",18.633513,24.115379,36.54502,20.706092
"012","7am",18.300037,20.74279,38.67559,22.281581
"013","7am",12.383849,23.157282,37.02247,27.436397
"014","7am",26.959051,17.540856,35.98617,19.513919
"015","7am",15.682608,18.547573,40.82539,24.944435
"016","7am",21.211778,10.944036,47.85319,19.990995
"017","7am",34.465771,12.427835,37.14854,15.95785
"018","7am",17.54399,19.701368,43.01622,19.738425
"019","7am",11.682044,26.213037,40.18649,21.918433
"020","7am",22.760774,9.853303,49.08755,18.298376
"021","7am",9.051087,10.838943,52.19409,27.915882
"022","7am",23.327118,10.728437,39.65611,26.288333
"023","7am",21.378995,18.209134,40.65039,19.761481
"024","7am",18.497182,16.407168,46.18194,18.913711
"025","7am",9.30164,24.238942,42.42966,24.02976
"026","7am",13.102906,20.200069,41.17679,25.520233
"027","7am",12.497806,17.042697,41.97938,28.480114
"028","7am",20.594923,15.972977,39.54496,23.887141
"029","7am",12.14977,22.289716,48.22877,17.33174
"030","7am",56.270989,12.167529,22.72629,8.835193
"031","7am",17.804905,24.700237,46.7639,10.730959
"032","7am",25.732517,16.375155,30.81063,27.0817
"033","7am",9.586016,22.313198,46.59202,21.508771
"034","7am",12.07131,21.164382,54.16393,12.600383
"035","7am",9.660559,16.101008,46.54498,27.693453
"036","7am",10.164795,15.987841,55.83941,18.007951
"037","7am",9.409726,14.231904,48.97821,27.380164
"038","7am",20.095376,16.779388,50.17239,12.952848
"039","7am",14.457129,16.433746,47.05239,22.056733
"040","7am",12.808912,14.984822,53.519,18.687266
"041","7am",25.577631,9.789392,43.453,21.17998
"042","7am",6.588343,15.898779,51.8625,25.650382
"043","7am",12.344679,11.788988,48.1487,27.717636
"044","7am",9.012804,9.038854,56.4756,25.472742
"045","7am",8.995574,14.344898,47.14433,29.515201
"046","7am",15.122801,18.484629,41.21822,25.174352
"047","7am",10.661026,26.674155,48.11102,14.553801
"048","7am",10.326334,11.751278,56.13259,21.789794
"049","7am",23.597542,12.176831,44.04331,20.182313
"050","7am",14.162264,10.381993,48.07258,27.383162
"051","7am",13.136796,13.594798,42.40355,30.864857
"052","7am",6.697021,19.952308,42.30491,31.045766
"053","7am",19.921157,13.737962,52.18789,14.152993
"101","7am",5.749099,3.591039,63.38366,27.2762
"102","7am",2.923319,8.45412,48.14637,40.476188
"103","7am",4.655403,8.01418,45.24023,42.090184
"104","7am",8.45376,1.837131,31.0659,58.643209
"105","7am",9.811076,8.948867,57.41506,23.824992
"106","7am",14.663356,20.475148,44.42755,20.43395
"107","7am",10.442233,3.951261,64.37397,21.232539
"108","7am",14.018794,13.065793,52.00521,20.910201
"109","7am",5.782932,11.972804,56.15251,26.091752
"110","7am",11.448874,10.307024,62.73789,15.506209
"111","7am",6.295931,7.974929,51.90893,33.820207
"112","7am",5.90306,15.991486,50.03631,28.069143
"113","7am",32.599268,16.128437,40.54396,10.728333
"114","7am",9.167565,9.355211,50.05404,31.423183
"115","7am",11.412478,8.949606,40.7777,38.860216
"116","7am",26.539049,8.693449,38.98605,25.781449
"117","7am",7.592329,13.816468,50.27864,28.312558
"118","7am",14.947493,14.852724,48.17331,22.026468
"119","7am",14.304261,14.986992,57.48202,13.226732
"120","7am",8.516998,15.294096,52.75219,23.436716
"121","7am",8.228244,26.484135,55.10652,10.181102
"122","7am",5.37241,18.944463,56.37167,19.311454
"123","7am",12.579331,12.155504,55.86464,19.400521
"124","7am",6.006431,15.650306,51.87065,26.472617
"125","7am",9.66407,15.220122,51.27738,23.838431
"126","7am",7.048257,21.550974,47.7773,23.623474
"127","7am",10.933193,7.728249,59.18785,22.150707
"128","7am",6.124783,21.405547,58.40787,14.061804
"129","7am",4.448282,17.342307,54.18716,24.022254
"130","7am",11.777013,10.738942,57.92283,19.561215
"131","7am",7.275366,10.494337,48.75909,33.471211
"132","7am",9.896287,6.363289,56.85667,26.88375
"133","7am",12.071103,9.58795,41.28316,37.057784
"134","7am",5.227978,13.275079,56.8988,24.598143
"135","7am",4.655982,25.520734,49.37462,20.448661
"136","7am",2.657683,10.934381,65.8708,20.537136
"200","7am",1.605434,15.575069,64.83437,17.985125
"201","7am",4.039216,16.24387,59.95746,19.759452
"202","7am",9.996668,14.448839,55.51031,20.044188
"203","7am",13.957355,12.054027,57.07399,16.914628
"204","7am",10.102285,8.713659,58.83594,22.34812
"205","7am",9.346696,19.569151,50.49141,20.592748
"206","7am",1.761088,19.037138,51.59171,27.610061
"207","7am",11.366289,9.382657,49.24094,30.01011
"208","7am",6.987368,18.797138,52.95605,21.259443
"209","7am",5.23479,14.422825,53.73159,26.6108
"210","7am",18.134192,8.371991,48.58963,24.904188
"211","7am",7.911781,18.576917,54.62615,18.885156
"212","7am",1.218507,8.513169,55.74231,34.526018
"213","7am",8.662202,18.093319,49.00781,24.236666
"214","7am",3.734866,17.686963,58.12565,20.45252
"215","7am",6.918454,17.901243,57.01211,18.16819
"216","7am",3.006939,14.618547,55.42491,26.949601
"217","7am",18.018902,13.352345,49.34157,19.287188
"218","7am",6.718094,12.887662,56.85392,23.540324
"219","7am",15.357289,17.160572,46.59529,20.88685
"220","7am",11.127448,10.596446,56.23437,22.041731
"221","7am",7.315621,23.626189,50.50498,18.553207
"222","7am",10.400716,12.412831,58.30962,18.876832
"223","7am",8.461407,7.412181,56.87122,27.255188
"224","7am",7.796051,16.81259,53.26488,22.126478
"225","7am",10.454288,18.132036,53.98937,17.424308
"226","7am",4.397928,16.838853,57.24019,21.523025
"227","7am",10.092291,9.173642,55.96336,24.770708
"228","7am",10.287394,13.070413,57.41499,19.2272
"229","7am",4.650656,21.693297,57.34674,16.309302
"230","7am",5.494312,17.980289,49.32458,27.200821
"231","7am",14.264709,10.204365,54.16875,21.362173
"232","7am",2.593431,12.003477,53.50111,31.901983
"233","7am",11.930874,18.838532,48.51273,20.71786
"001","8am",21.721399,27.01885,43.53361,7.726143
"002","8am",29.630446,29.825688,36.08436,4.459511
"003","8am",33.269513,23.20967,27.32946,16.191359
"004","8am",23.494941,19.047983,45.93647,11.52061
"005","8am",39.055114,15.392762,31.72282,13.829301
"006","8am",18.254585,24.679539,46.26497,10.800911
"007","8am",21.28598,23.874807,46.03763,8.801581
"008","8am",12.852893,21.114857,45.61393,20.418316
"009","8am",18.966053,16.359438,38.45025,26.224255
"010","8am",17.391077,12.84398,43.39917,26.365777
"011","8am",17.47063,22.159651,35.30004,25.069677
"012","8am",11.695185,21.664102,40.1515,26.489211
"013","8am",11.607702,22.437057,34.87088,31.084357
"014","8am",27.404962,18.450436,34.89389,19.250714
"015","8am",18.975206,16.645364,33.69361,30.685822
"016","8am",16.05949,14.428387,47.92911,21.583011
"017","8am",34.826618,12.27701,35.12377,17.772601
"018","8am",11.67149,19.6289,48.07439,20.625223
"019","8am",11.494006,22.971679,40.81489,24.719423
"020","8am",25.619171,12.854138,44.35494,17.171752
"021","8am",9.366543,11.927753,47.79294,30.912761
"022","8am",24.297073,9.604128,39.18309,26.915713
"023","8am",23.019951,16.677029,42.86871,17.434305
"024","8am",17.380765,17.347567,47.21692,18.054746
"025","8am",10.512932,22.751541,42.29085,24.444675
"026","8am",12.166061,18.853681,44.68702,24.293235
"027","8am",11.292217,22.889766,39.48824,26.329776
"028","8am",21.592751,15.864187,35.00391,27.539147
"029","8am",8.085621,25.203879,47.75655,18.953948
"030","8am",55.192471,13.391766,25.12624,6.289528
"031","8am",19.807169,23.449051,48.27727,8.466513
"032","8am",27.473705,16.007892,32.68419,23.834213
"033","8am",4.881807,26.617113,45.6206,22.88048
"034","8am",20.627745,21.072545,49.95148,8.348225
"035","8am",9.307251,14.701387,49.03428,26.957084
"036","8am",9.990925,15.958495,54.61127,19.439314
"037","8am",11.164643,16.28582,44.14408,28.405456
"038","8am",20.971508,19.783555,46.34187,12.903066
"039","8am",19.239319,15.068901,43.61402,22.077761
"040","8am",13.000791,12.24259,56.30259,18.454025
"041","8am",23.742408,12.047496,42.88016,21.329934
"042","8am",5.057881,17.513402,51.49004,25.938673
"043","8am",6.170602,13.996122,53.38354,26.449735
"044","8am",6.908956,13.084407,57.21202,22.794621
"045","8am",9.865943,13.612113,41.48439,35.037554
"046","8am",14.808341,13.517913,43.47172,28.202026
"047","8am",11.093919,24.345747,50.37017,14.190161
"048","8am",14.076204,14.458778,47.84897,23.616045
"049","8am",17.916105,16.488955,46.78446,18.810486
"050","8am",19.422872,7.659608,43.06156,29.855958
"051","8am",12.149056,14.328395,43.37543,30.147116
"052","8am",9.584099,12.623865,44.714,33.078035
"053","8am",15.260225,22.61446,52.36141,9.76391
"101","8am",6.706058,5.250767,56.22675,31.816427
"102","8am",2.410546,10.174864,45.46537,41.949221
"103","8am",4.752565,9.563899,42.47059,43.212946
"104","8am",12.665314,4.478217,38.10682,44.749648
"105","8am",6.759154,12.712522,48.69264,31.835688
"106","8am",13.708398,16.872563,50.57808,18.840957
"107","8am",14.602831,4.086047,61.54029,19.770836
"108","8am",11.706196,15.784214,50.51963,21.989965
"109","8am",6.001844,11.588896,54.437,27.972263
"110","8am",12.222971,8.928731,64.02629,14.822013
"111","8am",2.995981,7.065765,56.73647,33.201784
"112","8am",2.564971,12.356449,52.06219,33.016392
"113","8am",33.277103,19.167398,39.01365,8.541848
"114","8am",8.358893,12.894516,44.37443,34.372165
"115","8am",9.66404,8.852234,40.44972,41.034008
"116","8am",29.770586,4.940468,38.54949,26.73946
"117","8am",1.506098,13.233825,53.17043,32.089647
"118","8am",11.020368,15.550301,52.83555,20.593783
"119","8am",13.864189,16.560658,60.2982,9.276957
"120","8am",7.705752,16.542313,50.08423,25.6677
"121","8am",7.37029,28.551955,55.05073,9.027022
"122","8am",4.648195,14.7715,60.34542,20.234881
"123","8am",13.009701,9.032882,56.96119,20.996222
"124","8am",5.393862,11.095994,56.14048,27.369662
"125","8am",15.140911,15.330881,45.73372,23.794486
"126","8am",2.920705,17.554229,53.87795,25.647112
"127","8am",16.082032,9.390117,50.43583,24.092026
"128","8am",7.167997,16.551756,62.20288,14.077363
"129","8am",4.43106,18.261125,55.52368,21.784133
"130","8am",13.267448,9.118629,54.58158,23.03234
"131","8am",8.091931,12.413477,43.67925,35.815343
"132","8am",9.801309,7.80864,55.5082,26.881852
"133","8am",11.993057,8.393001,43.35132,36.262621
"134","8am",5.461519,17.101266,51.74024,25.696974
"135","8am",5.052414,20.997527,51.7603,22.189756
"136","8am",5.11725,11.761758,62.60116,20.519828
"200","8am",3.216497,13.928927,62.68691,20.167668
"201","8am",5.796804,17.122407,54.98809,22.092699
"202","8am",10.304995,12.397059,56.14618,21.15177
"203","8am",12.63793,9.507029,60.08742,17.767624
"204","8am",1.685141,9.916476,59.9178,28.480584
"205","8am",8.867134,21.480621,50.04279,19.609454
"206","8am",2.608153,18.127676,52.65173,26.61244
"207","8am",7.189324,7.353798,50.27612,35.180757
"208","8am",8.390947,14.462307,54.3715,22.775247
"209","8am",4.565731,13.516427,54.12584,27.792
"210","8am",16.63014,10.547758,51.02658,21.79552
"211","8am",9.251295,19.34628,50.14201,21.260412
"212","8am",2.212537,5.436782,55.55235,36.79833
"213","8am",9.204828,14.184635,50.2939,26.316634
"214","8am",5.698905,13.026066,58.14985,23.125184
"215","8am",5.943155,20.268876,53.82502,19.962951
"216","8am",3.761685,14.837542,52.78553,28.61524
"217","8am",18.865943,13.108175,49.7126,18.313287
"218","8am",7.008721,17.488225,51.97209,23.530963
"219","8am",15.594333,16.519446,44.94043,22.945792
"220","8am",6.929957,12.539849,55.61661,24.913581
"221","8am",6.71374,24.479114,50.15036,18.656789
"222","8am",8.812691,5.826969,58.29793,27.06241
"223","8am",10.242365,2.057882,60.57829,27.121459
"224","8am",21.79675,16.567691,41.75351,19.882044
"225","8am",5.940345,16.826061,56.35454,20.879051
"226","8am",5.160564,14.773943,55.748,24.317492
"227","8am",2.705941,9.977766,61.51575,25.80054
"228","8am",8.504791,14.587654,57.45897,19.44859
"229","8am",5.583721,17.493857,59.90901,17.013411
"230","8am",2.914947,18.240199,49.10968,29.735176
"231","8am",14.862702,11.036058,53.41231,20.688931
"232","8am",3.177259,11.299356,49.29137,36.232014
"233","8am",13.342883,13.491515,52.34508,20.820521
"001","9am",23.622791,22.738172,44.21982,9.419215
"002","9am",28.076977,30.487571,38.14282,3.29263
"003","9am",34.060972,22.088136,28.32805,15.522843
"004","9am",22.915868,20.7745,44.37212,11.937515
"005","9am",39.992315,14.78435,32.30269,12.920645
"006","9am",15.436675,24.285541,48.36865,11.909136
"007","9am",18.740668,22.730544,49.82036,8.708424
"008","9am",12.8079,18.352181,47.51155,21.328372
"009","9am",18.104115,18.246545,39.78104,23.868302
"010","9am",13.350145,13.522761,48.92251,24.204587
"011","9am",16.164315,20.079398,38.45078,25.305511
"012","9am",12.459946,21.772905,39.81024,25.956909
"013","9am",13.491981,21.925304,35.81808,28.764633
"014","9am",25.983636,18.93368,36.6538,18.428888
"015","9am",17.435162,18.31845,32.92963,31.31676
"016","9am",14.880858,15.00708,47.94894,22.163123
"017","9am",39.980334,10.007043,33.82386,16.188762
"018","9am",10.065929,19.390113,50.70843,19.83553
"019","9am",11.378028,21.397509,42.31158,24.912885
"020","9am",26.057114,11.017288,44.972,17.953603
"021","9am",8.95512,15.199874,45.79437,30.050639
"022","9am",27.353886,10.362796,37.69747,24.585847
"023","9am",21.561296,15.716335,43.32027,19.402103
"024","9am",14.760494,16.685004,47.45013,21.104372
"025","9am",17.352746,21.496089,40.84351,20.307654
"026","9am",10.56158,23.75751,47.50219,18.178721
"027","9am",11.233773,22.196854,39.43743,27.131946
"028","9am",21.240906,15.200137,38.29511,25.263851
"029","9am",6.075431,26.682005,50.31532,16.927245
"030","9am",54.996736,13.095621,26.13587,5.771771
"031","9am",20.016184,25.007606,47.86025,7.115959
"032","9am",27.216668,15.132846,30.58357,27.066918
"033","9am",4.914671,26.361024,49.84583,18.878477
"034","9am",17.385443,21.749732,50.55662,10.308202
"035","9am",9.161178,13.698951,47.29835,29.841523
"036","9am",10.459641,18.875763,56.42557,14.239022
"037","9am",10.820265,16.383506,41.97432,30.821905
"038","9am",17.758492,20.150033,48.0454,14.046077
"039","9am",19.596402,15.750194,44.54989,20.10351
"040","9am",14.784994,12.885987,53.65595,18.673073
"041","9am",21.222453,10.582925,45.41283,22.781792
"042","9am",4.321512,20.398728,52.40318,22.876581
"043","9am",6.40071,13.593575,53.77748,26.228232
"044","9am",8.644732,12.847982,57.80859,20.698695
"045","9am",7.163629,15.39876,40.92977,36.507844
"046","9am",16.273404,15.577214,43.65855,24.490828
"047","9am",11.08544,24.12871,50.51662,14.269228
"048","9am",13.51462,16.950003,45.65337,23.882004
"049","9am",16.90187,16.392139,47.16676,19.539231
"050","9am",19.212738,8.404797,39.62187,32.760592
"051","9am",12.186913,15.617351,42.41276,29.782978
"052","9am",8.747582,9.66198,45.10017,36.490264
"053","9am",15.358971,23.694572,51.92284,9.023621
"101","9am",7.586941,5.256387,55.88523,31.271441
"102","9am",4.713947,11.737102,45.654,37.89495
"103","9am",4.593798,9.963368,43.6452,41.797631
"104","9am",11.593267,4.115954,41.66548,42.625298
"105","9am",7.831231,13.676315,49.39258,29.09987
"106","9am",15.244274,16.643288,49.70321,18.409232
"107","9am",13.408546,5.096302,60.23266,21.262492
"108","9am",11.454858,15.445319,54.71452,18.385302
"109","9am",6.44496,8.401818,54.10917,31.044053
"110","9am",11.833216,11.202117,62.01847,14.946194
"111","9am",3.098731,8.795591,55.44934,32.656342
"112","9am",4.297724,13.719136,50.7899,31.193244
"113","9am",32.20832,17.601706,38.44648,11.74349
"114","9am",8.642921,13.008695,45.76263,32.58575
"115","9am",8.118473,10.083271,40.74942,41.04884
"116","9am",30.464023,5.044982,37.50782,26.98318
"117","9am",1.494733,13.559038,53.49467,31.451561
"118","9am",10.080778,13.973298,53.38178,22.564143
"119","9am",13.3939,17.473341,58.84812,10.284636
"120","9am",6.4026,16.07676,54.67949,22.841147
"121","9am",7.329927,28.311779,55.9897,8.36859
"122","9am",5.414179,14.138996,60.24736,20.199466
"123","9am",12.172296,7.99577,60.2236,19.608335
"124","9am",6.96026,11.346341,52.70332,28.990077
"125","9am",14.944247,15.961949,46.56556,22.528246
"126","9am",3.047928,18.318874,51.86892,26.764275
"127","9am",14.86206,8.677789,52.43934,24.020814
"128","9am",4.49331,19.187171,62.01495,14.304573
"129","9am",4.494758,18.043182,56.16279,21.299273
"130","9am",10.352109,8.260108,56.35813,25.029653
"131","9am",6.798769,10.561195,45.16,37.480037
"132","9am",5.508691,6.63205,58.37123,29.488033
"133","9am",13.055956,10.240091,40.60118,36.102771
"134","9am",5.731607,17.946974,49.35366,26.967764
"135","9am",5.497121,21.646395,51.79549,21.060995
"136","9am",4.98293,12.924409,63.00031,19.092353
"200","9am",3.24685,15.024244,60.73839,20.990512
"201","9am",4.349824,17.338733,55.33542,22.976027
"202","9am",9.900724,11.937895,56.03891,22.122474
"203","9am",12.144719,9.102582,59.98773,18.764969
"204","9am",1.619708,8.354862,60.38808,29.637352
"205","9am",12.13965,18.27829,49.59644,19.985618
"206","9am",2.590758,14.297556,56.01003,27.101654
"207","9am",6.854133,6.486374,50.81908,35.840412
"208","9am",6.05807,15.684737,57.27619,20.981007
"209","9am",4.634534,12.315623,53.93343,29.116412
"210","9am",15.483124,9.753174,53.17004,21.593659
"211","9am",9.477354,22.734993,47.21924,20.568412
"212","9am",2.388649,5.869535,54.63927,37.10255
"213","9am",6.645935,10.614731,56.28859,26.45074
"214","9am",6.179126,14.123715,55.75458,23.942575
"215","9am",6.978034,19.777296,53.24691,19.997759
"216","9am",3.65753,15.205748,53.31379,27.822929
"217","9am",18.415465,13.891938,49.81664,17.875957
"218","9am",7.214588,15.286986,55.39211,22.106318
"219","9am",16.264847,16.714079,44.87569,22.145379
"220","9am",6.590166,13.826315,53.92812,25.655402
"221","9am",7.222002,22.186076,50.52272,20.069197
"222","9am",6.65752,8.139088,57.00479,28.198601
"223","9am",10.109279,4.097707,62.6378,23.155217
"224","9am",21.745531,15.610483,41.98529,20.658696
"225","9am",6.844939,15.919777,53.17677,24.05851
"226","9am",4.560204,16.467059,54.0486,24.924134
"227","9am",3.039238,9.314017,61.95076,25.69599
"228","9am",7.08168,16.419399,58.192,18.306916
"229","9am",2.094223,17.959329,62.30789,17.638555
"230","9am",4.165149,17.375532,47.98669,30.472629
"231","9am",15.15758,9.259307,53.25673,22.326382
"232","9am",3.176826,9.239684,52.43389,35.149602
"233","9am",13.977739,15.103293,49.1078,21.811163
"001","10am",22.578663,22.560508,43.23998,11.620854
"002","10am",26.305153,29.400159,39.00089,5.293802
"003","10am",31.763697,24.198451,30.0345,14.003356
"004","10am",24.106817,20.071084,43.07826,12.743834
"005","10am",40.188791,14.517235,31.31445,13.979525
"006","10am",14.703553,26.033215,48.96961,10.293626
"007","10am",18.821541,22.970681,48.39183,9.815944
"008","10am",12.221877,17.381082,44.56486,25.832181
"009","10am",18.671825,18.224265,43.63826,19.465652
"010","10am",13.37488,14.22584,47.2268,25.172481
"011","10am",17.463162,18.287352,40.50911,23.740372
"012","10am",8.98551,22.743047,40.70584,27.565605
"013","10am",13.285802,21.087367,33.86985,31.756982
"014","10am",26.41114,19.726777,35.3107,18.551383
"015","10am",17.309421,17.62646,32.46542,32.598699
"016","10am",17.324898,16.052252,50.28026,16.342592
"017","10am",41.274622,10.926796,33.82558,13.973006
"018","10am",10.829697,17.633868,52.90593,18.630505
"019","10am",11.935525,25.249201,40.62674,22.188534
"020","10am",23.961889,12.92522,45.16591,17.946976
"021","10am",7.881896,15.132669,50.29987,26.685566
"022","10am",26.288109,9.37476,37.78947,26.547662
"023","10am",24.220284,15.492806,44.65637,15.630543
"024","10am",15.829013,14.99193,46.8393,22.339762
"025","10am",11.640298,23.078944,45.10716,20.173597
"026","10am",10.029938,23.064203,46.20135,20.704506
"027","10am",9.337316,20.590401,40.35662,29.715662
"028","10am",19.654723,12.81784,40.27745,27.249986
"029","10am",9.682794,24.87127,48.83407,16.611863
"030","10am",55.851062,13.160149,25.61607,5.372723
"031","10am",20.91724,24.768409,47.05423,7.260122
"032","10am",28.529018,14.277904,32.08606,25.107016
"033","10am",3.721129,25.214112,55.49382,15.570937
"034","10am",15.064737,23.944357,48.58769,12.40322
"035","10am",8.046063,13.421894,48.3759,30.156148
"036","10am",11.85765,18.665934,57.25084,12.22558
"037","10am",10.507919,11.676876,47.63962,30.175582
"038","10am",18.024287,18.020508,49.59685,14.358355
"039","10am",20.690123,16.57212,45.75733,16.980427
"040","10am",14.66011,13.616248,52.76186,18.96178
"041","10am",23.758544,11.083732,45.06063,20.097097
"042","10am",6.453926,20.865294,47.88962,24.791163
"043","10am",1.84931,13.304615,56.23488,28.611193
"044","10am",8.778521,11.986307,57.75443,21.480742
"045","10am",4.430339,15.777962,41.10466,38.687037
"046","10am",15.589273,17.470364,42.5986,24.341765
"047","10am",10.832771,25.386925,50.05546,13.724847
"048","10am",14.083946,15.507494,45.58226,24.826295
"049","10am",16.81896,16.97915,45.55615,20.64574
"050","10am",18.648083,9.177178,40.83348,31.34126
"051","10am",11.939235,14.162142,43.05297,30.845653
