"district","hour","cleduc1","cleduc2","cleduc3","cleduc4"
"001","4am",0.7655863,12.03881,27.03384,60.161769
"002","4am",0,19.18018,22.95054,57.869282
"003","4am",0,11.94257,30.08584,57.971588
"004","4am",0.6698373,11.37473,29.34353,58.611903
"005","4am",1.8755421,17.1351,31.56439,49.424972
"006","4am",4.9004045,31.92396,26.88589,36.289744
"007","4am",3.219512,26.32325,34.62223,35.835014
"008","4am",2.6570288,28.39009,26.1791,42.773775
"009","4am",3.3734984,12.32845,29.62966,54.668386
"010","4am",0,21.95456,26.86119,51.18425
"011","4am",1.56009,21.92489,34.17986,42.335167
"012","4am",2.1769466,26.985,30.58859,40.249463
"013","4am",2.3277115,33.47158,30.66581,33.534905
"014","4am",18.9952252,40.80609,25.8172,14.381484
"015","4am",11.657586,43.39979,19.73489,25.207735
"016","4am",7.352838,35.11337,27.97247,29.561329
"017","4am",3.3133355,30.17664,21.15376,45.356268
"018","4am",1.9026965,38.57036,25.3546,34.172349
"019","4am",9.1149736,39.7552,27.09067,24.039157
"020","4am",5.0460752,32.74402,26.0501,36.159804
"021","4am",9.8693687,39.13981,31.19264,19.798186
"022","4am",3.2508878,35.69201,31.71771,29.339398
"023","4am",4.6608637,37.3839,31.79569,26.159542
"024","4am",2.8568309,35.46535,33.80586,27.871961
"025","4am",5.2973906,47.7903,27.93989,18.972415
"026","4am",5.8288281,29.46925,34.39275,30.30918
"027","4am",8.2486184,32.03526,38.10499,21.611132
"028","4am",6.7834615,32.50107,28.78357,31.931904
"029","4am",11.7479872,37.69389,23.41844,27.139678
"030","4am",10.4896167,24.61353,28.64752,36.249329
"031","4am",4.1460006,32.83386,43.97681,19.043327
"032","4am",3.2038348,36.06208,40.09751,20.636579
"033","4am",9.9449547,31.89124,36.36093,21.802877
"034","4am",1.9331475,43.0168,29.726,25.324055
"035","4am",3.9554568,49.32234,21.93961,24.782597
"036","4am",0.6730609,27.88513,33.8068,37.635011
"037","4am",2.9477495,29.64127,33.59112,33.81986
"038","4am",2.4683493,24.91667,34.24068,38.374294
"039","4am",6.0283776,34.18172,32.80123,26.988679
"040","4am",5.1353755,46.26838,34.64607,13.950175
"041","4am",5.4213235,42.62784,22.996,28.954834
"042","4am",7.6727149,38.84781,25.67298,27.806496
"043","4am",14.5911832,31.4986,26.89091,27.01931
"044","4am",12.0350887,39.86695,31.70156,16.396399
"045","4am",5.6407996,35.81575,31.48923,27.054213
"046","4am",2.5107768,51.97196,25.63471,19.882555
"047","4am",7.5620332,42.96904,35.57469,13.894234
"048","4am",11.3361685,36.68662,29.53246,22.444743
"049","4am",9.5954888,37.49403,33.44515,19.465335
"050","4am",8.162699,50.03601,20.53411,21.267178
"051","4am",6.4994521,54.09595,28.23378,11.170816
"052","4am",6.4570601,39.57759,34.64556,19.319793
"053","4am",4.6193744,32.24098,37.09431,26.045331
"101","4am",8.2602791,39.98004,38.99108,12.768601
"102","4am",7.6692797,30.54633,34.07022,27.714174
"103","4am",12.9325006,39.66145,28.97366,18.432386
"104","4am",16.7372404,40.44679,21.46706,21.348914
"105","4am",5.920183,37.46988,25.97833,30.631609
"106","4am",16.8753272,40.20168,26.02274,16.90025
"107","4am",5.5779296,39.05834,37.5885,17.775236
"108","4am",5.846457,43.47082,35.73204,14.950686
"109","4am",8.4905868,57.2253,23.13904,11.145074
"110","4am",1.2261058,51.73951,30.40412,16.630267
"111","4am",4.2941962,48.435,31.78371,15.487091
"112","4am",5.1684736,35.11845,35.29505,24.418029
"113","4am",12.042309,46.55651,22.55649,18.844686
"114","4am",13.4055641,56.98105,17.0778,12.535581
"115","4am",4.6950435,39.76741,33.09691,22.440642
"116","4am",3.2728009,42.13068,32.98247,21.614043
"117","4am",5.3004265,61.68845,18.23782,14.773302
"118","4am",5.9330521,39.93473,30.1932,23.939016
"119","4am",7.4738305,68.03265,17.5628,6.930717
"120","4am",7.9997205,57.82402,25.98165,8.194615
"121","4am",6.5387357,56.13353,29.79092,7.536816
"122","4am",12.3451269,53.59334,24.62512,9.436412
"123","4am",9.2136126,35.79374,36.56665,18.425991
"124","4am",8.46688,42.74371,32.01772,16.771698
"125","4am",6.8726307,46.17559,31.6635,15.288277
"126","4am",7.3384589,36.28906,42.1928,14.179687
"127","4am",6.2800905,32.7505,32.57105,28.398363
"128","4am",5.5638519,39.23904,34.50274,20.694372
"129","4am",5.4369515,38.84719,33.31419,22.401668
"130","4am",7.6374911,37.30387,42.19584,12.862796
"131","4am",6.2056654,41.84791,29.53169,22.414736
"132","4am",5.1558829,38.28491,37.20471,19.354494
"133","4am",12.6109568,34.45532,29.99118,22.942545
"134","4am",9.6321555,43.63722,31.23648,15.49415
"135","4am",10.2309652,37.14422,31.07952,21.545292
"136","4am",9.41567,33.77045,40.9251,15.888785
"200","4am",5.0136225,33.27114,35.75173,25.963504
"201","4am",7.6946065,28.92115,40.8864,22.497843
"202","4am",3.8770625,35.64702,31.22198,29.253944
"203","4am",5.3182326,36.75037,41.0454,16.885999
"204","4am",3.8555461,39.48928,37.52554,19.129638
"205","4am",12.5241474,39.57111,33.13889,14.765853
"206","4am",12.1603453,28.05163,40.90546,18.882565
"207","4am",9.2827176,37.06424,41.5526,12.10044
"208","4am",8.2936626,44.69099,30.29059,16.72475
"209","4am",6.9663214,41.66728,37.72548,13.640917
"210","4am",16.0239151,41.0613,28.88673,14.028055
"211","4am",8.2786035,40.97109,31.49553,19.254774
"212","4am",10.8975734,44.83033,30.3269,13.945196
"213","4am",16.5001738,40.33658,32.79501,10.368235
"214","4am",8.3965009,35.46811,42.31461,13.820777
"215","4am",5.6488401,35.06962,36.49462,22.786915
"216","4am",13.5027779,38.09359,30.00115,18.402479
"217","4am",11.3034328,42.81052,26.43202,19.454029
"218","4am",9.5366374,42.83965,27.04715,20.576559
"219","4am",11.7792704,39.03414,28.33844,20.848141
"220","4am",6.8552718,36.59359,35.71946,20.831678
"221","4am",5.4125068,33.0911,38.04165,23.454742
"222","4am",9.9610943,24.54012,35.34788,30.150905
"223","4am",12.0873375,38.27244,37.54148,12.098738
"224","4am",3.5510471,32.64807,38.28753,25.513344
"225","4am",5.1035335,38.27929,36.48477,20.132406
"226","4am",11.5927099,33.08175,39.22491,16.100628
"227","4am",10.9840448,35.08393,32.06821,21.863813
"228","4am",5.8547493,36.90999,38.14418,19.091084
"229","4am",6.7958093,32.06526,43.0438,18.095134
"230","4am",10.1743526,49.96012,31.46161,8.403912
"231","4am",5.0682734,46.65747,33.11984,15.154414
"232","4am",8.2324854,40.4984,36.95966,14.309457
"233","4am",13.5352199,32.50534,33.99381,19.965631
"001","5am",0.7874995,12.38339,27.80762,59.021489
"002","5am",0,19.50652,24.08804,56.405439
"003","5am",1.2752011,11.64418,30.55745,56.523164
"004","5am",0.6631346,12.43802,28.87343,58.025409
"005","5am",1.9113911,17.46262,30.25632,50.369676
"006","5am",4.746167,31.52834,28.57795,35.147544
"007","5am",3.2139065,26.07465,34.93882,35.772622
"008","5am",2.7141853,28.49049,25.10143,43.6939
"009","5am",3.4120542,11.87342,29.42134,55.293192
"010","5am",0,21.95456,26.86119,51.18425
"011","5am",1.5423752,22.81143,33.79174,41.85445
"012","5am",2.2216129,27.53868,29.5816,40.658106
"013","5am",2.3556507,32.37102,31.66981,33.603518
"014","5am",18.0832551,40.80339,26.1006,15.012748
"015","5am",11.657586,43.39979,19.73489,25.207735
"016","5am",7.3785498,35.10362,27.9647,29.553125
"017","5am",3.3717731,30.05265,21.52685,45.048733
"018","5am",1.886834,39.08249,25.14322,33.887458
"019","5am",9.257474,40.37672,25.95083,24.414977
"020","5am",5.0763491,32.34052,26.20639,36.376744
"021","5am",9.6783328,38.60143,32.30527,19.414964
"022","5am",3.2167101,36.3681,31.38425,29.030943
"023","5am",4.7228893,37.8814,30.88804,26.507667
"024","5am",4.3795569,36.76729,32.25765,26.595504
"025","5am",5.2973906,47.7903,27.93989,18.972415
"026","5am",5.8288281,29.46925,34.39275,30.30918
"027","5am",8.0897931,32.15274,38.56245,21.195014
"028","5am",6.6758932,32.99926,28.8993,31.425546
"029","5am",11.4213761,37.5418,23.2409,27.795922
"030","5am",10.5447556,25.76958,28.79811,34.887555
"031","5am",4.0068018,34.06065,43.54519,18.38735
"032","5am",3.2292018,36.34761,39.62322,20.799973
"033","5am",9.9325927,31.90723,36.3844,21.775775
"034","5am",1.8883763,42.87813,30.49594,24.737555
"035","5am",3.9860344,49.52817,22.43506,24.050742
"036","5am",0.6660054,29.3303,33.61237,36.39132
"037","5am",2.9626626,29.28531,33.76107,33.99096
"038","5am",2.3733645,25.84615,35.9256,35.854883
"039","5am",5.8885175,33.43474,32.78898,27.887762
"040","5am",5.12557,46.37098,34.57991,13.923538
"041","5am",5.4465607,42.36076,23.10305,29.089624
"042","5am",7.6850218,39.51886,24.94502,27.851098
"043","5am",14.8456389,32.92162,25.34536,26.887383
"044","5am",12.3410415,39.47383,31.37191,16.813224
"045","5am",5.6747972,36.03162,31.07631,27.217272
"046","5am",2.5450769,52.36751,26.67006,18.417355
"047","5am",7.377856,44.06701,33.77462,14.780508
"048","5am",11.5526229,36.34988,30.09636,22.001136
"049","5am",9.6211016,36.1512,35.17622,19.051473
"050","5am",8.2678472,50.32959,19.86143,21.541132
"051","5am",6.532759,53.86071,28.37847,11.228062
"052","5am",6.7287144,40.81483,32.32386,20.132593
"053","5am",4.4667202,31.98882,38.35984,25.184623
"101","5am",8.2602791,39.98004,38.99108,12.768601
"102","5am",7.6692797,30.54633,34.07022,27.714174
"103","5am",12.8721704,39.94293,28.8385,18.346399
"104","5am",16.418429,40.58531,21.05815,21.93811
"105","5am",5.959825,37.05118,26.15228,30.836721
"106","5am",16.5331014,40.82968,26.0797,16.557519
"107","5am",5.7174037,38.37089,37.692,18.2197
"108","5am",6.0203226,43.18887,36.79466,13.996144
"109","5am",8.7114898,55.41269,23.74106,12.134768
"110","5am",1.2091755,51.63279,30.7574,16.400634
"111","5am",4.4497296,48.52397,30.97828,16.048025
"112","5am",4.559554,36.83614,34.63968,23.964627
"113","5am",11.1982445,43.85275,26.56369,18.385314
"114","5am",13.4924139,56.70235,17.18844,12.616795
"115","5am",4.6950435,39.76741,33.09691,22.440642
"116","5am",3.2603887,43.50341,31.70413,21.532071
"117","5am",5.4214453,59.87395,19.594,15.110605
"118","5am",5.9098526,40.60337,29.64136,23.845409
"119","5am",8.6248126,65.57123,18.99365,6.810314
"120","5am",8.4529805,57.85888,26.24013,7.448003
"121","5am",6.1408638,54.00383,31.77947,8.075834
"122","5am",11.3999255,54.2128,24.84597,9.541304
"123","5am",8.3150795,35.15249,38.21925,18.313176
"124","5am",8.5680197,42.87866,31.58128,16.972041
"125","5am",7.0672753,45.41891,31.79255,15.721267
"126","5am",7.6292436,36.8311,40.7981,14.741554
"127","5am",6.3402217,33.06408,31.92542,28.670274
"128","5am",5.7176471,39.02819,35.45646,19.797711
"129","5am",5.4959799,40.19285,31.66629,22.64488
"130","5am",7.8230773,37.11768,41.88389,13.175354
"131","5am",6.2498261,42.84729,28.32864,22.574244
"132","5am",5.3254855,37.95573,37.65569,19.063097
"133","5am",12.4755303,34.08531,30.74299,22.69617
"134","5am",9.0717973,43.14071,31.94292,15.844567
"135","5am",8.9367643,36.31495,31.67837,23.069915
"136","5am",9.4970178,34.06221,40.41471,16.026058
"200","5am",5.1259772,34.01674,34.31194,26.545343
"201","5am",7.8400218,29.46771,41.21515,21.477111
"202","5am",3.8703278,34.90391,32.02263,29.203129
"203","5am",5.3876116,37.22979,40.27631,17.106285
"204","5am",3.8871219,39.81268,37.83286,18.467333
"205","5am",12.6039773,38.75043,33.78562,14.859972
"206","5am",12.1603453,28.05163,40.90546,18.882565
"207","5am",9.2827176,37.06424,41.5526,12.10044
"208","5am",8.3944031,44.84007,29.83762,16.9279
"209","5am",6.9663214,41.66728,37.72548,13.640917
"210","5am",15.8035545,41.87183,28.48948,13.835142
"211","5am",8.4525735,40.5614,32.15739,18.828633
"212","5am",11.2021485,44.52441,29.93849,14.334949
"213","5am",16.2570466,40.42852,33.09897,10.215461
"214","5am",7.9314476,35.55676,42.38155,14.130249
"215","5am",6.164137,34.87109,36.71648,22.248298
"216","5am",13.1102112,38.68389,29.51825,18.687646
"217","5am",11.0896827,41.41223,26.42287,21.075217
"218","5am",9.9826077,41.5858,27.6994,20.732188
"219","5am",12.0178742,37.7992,28.91248,21.270446
"220","5am",7.0338748,34.94164,36.65007,21.374413
"221","5am",5.6116382,31.42332,38.64738,24.317665
"222","5am",9.9518794,24.51742,35.40769,30.123013
"223","5am",12.0873375,38.27244,37.54148,12.098738
"224","5am",3.5278731,32.43502,38.69027,25.346845
"225","5am",5.1579797,38.68767,36.56723,19.587118
"226","5am",11.6898075,34.01561,38.0591,16.235482
"227","5am",10.8207727,35.13094,32.50947,21.538819
"228","5am",5.9943468,35.4057,39.05367,19.546282
"229","5am",6.8580076,31.44349,43.43775,18.260748
"230","5am",10.258184,49.39796,31.8707,8.473156
"231","5am",4.9476783,46.4315,33.82699,14.793827
"232","5am",8.6566786,40.26122,36.03533,15.046776
"233","5am",13.5352199,32.50534,33.99381,19.965631
"001","6am",0.757616,16.70817,25.75243,56.781782
"002","6am",0,19.17686,25.61893,55.204216
"003","6am",1.2829421,12.91892,29.77672,56.021421
"004","6am",0.6283759,12.67652,30.90471,55.790395
"005","6am",1.878509,15.43271,31.21196,51.476826
"006","6am",4.6172194,31.40205,28.17728,35.803451
"007","6am",3.2406977,24.99647,36.20533,35.557496
"008","6am",2.7324919,28.88664,24.39226,43.988606
"009","6am",3.4277186,13.31866,27.70658,55.547039
"010","6am",0,22.43384,25.88316,51.683
"011","6am",1.5886543,24.2206,31.08045,43.110297
"012","6am",2.2223541,27.7245,30.05326,39.999883
"013","6am",2.3656153,32.50795,31.75476,33.371677
"014","6am",18.067128,40.61665,26.62099,14.695232
"015","6am",12.0146853,44.46455,19.14288,24.377888
"016","6am",8.0737463,35.90742,26.73391,29.284926
"017","6am",3.3406723,30.78013,20.64278,45.236415
"018","6am",1.969224,38.0172,25.95674,34.056841
"019","6am",9.5393162,39.27007,26.45248,24.738128
"020","6am",5.1597728,31.80899,27.30981,35.721419
"021","6am",9.9211027,37.90293,33.11561,19.060356
"022","6am",3.3307254,33.95467,32.01044,30.704166
"023","6am",5.8411493,39.92644,29.2111,25.021309
"024","6am",4.5289497,36.90991,32.38017,26.180966
"025","6am",5.4249041,48.94066,26.20534,19.4291
"026","6am",5.7053399,28.84492,33.40889,32.040852
"027","6am",8.2566547,31.33634,40.29649,20.110509
"028","6am",6.8408633,32.59239,28.36463,32.202112
"029","6am",11.6886305,36.99334,24.83995,26.478081
"030","6am",10.5892948,26.86833,28.77866,33.763715
"031","6am",3.7885627,34.82398,40.65823,20.729231
"032","6am",3.2602507,37.13615,39.51842,20.085182
"033","6am",9.84602,32.18453,36.0401,21.92935
"034","6am",1.8332942,41.69626,33.87296,22.59748
"035","6am",4.1558677,49.71361,21.05505,25.075474
"036","6am",0.6612536,30.20514,34.55818,34.575427
"037","6am",2.994657,29.09019,33.55712,34.358035
"038","6am",2.363004,26.81523,36.46137,34.360396
"039","6am",5.6189153,37.11161,31.23357,26.035901
"040","6am",5.2728591,44.51128,37.32877,12.887085
"041","6am",5.5208372,40.24336,23.68378,30.552019
"042","6am",7.6175549,41.39266,24.09308,26.896704
"043","6am",15.5206332,31.42498,26.27106,26.783324
"044","6am",13.1002049,37.07345,33.84521,15.981132
"045","6am",4.640654,34.1402,34.09143,27.12771
"046","6am",2.5642459,52.00875,26.87093,18.556071
"047","6am",6.8444868,47.13922,32.4371,13.579193
"048","6am",11.8988769,36.69824,30.2637,21.139185
"049","6am",9.7746448,35.50442,34.28093,20.44001
"050","6am",8.6458689,50.88164,20.14424,20.328249
"051","6am",6.8110587,53.68788,28.61761,10.883454
"052","6am",7.432077,40.14765,32.3075,20.112778
"053","6am",4.2213684,32.44933,38.39603,24.933268
"101","6am",8.5053903,39.69961,38.64751,13.14749
"102","6am",7.8981372,30.78187,34.25348,27.066511
"103","6am",13.1786705,39.51231,30.12663,17.182384
"104","6am",16.2299721,41.26729,20.81644,21.686296
"105","6am",5.9586924,38.38999,26.14731,29.504007
"106","6am",15.5182182,39.99818,26.61757,17.866032
"107","6am",6.227592,36.83963,38.62056,18.312217
"108","6am",6.2796932,44.97686,34.14432,14.599132
"109","6am",9.4973178,55.11753,22.84041,12.54474
"110","6am",1.1747935,51.03276,31.78668,16.005765
"111","6am",4.5004112,47.93766,31.33112,16.230809
"112","6am",5.5615668,35.7604,34.42476,24.253273
"113","6am",10.9284432,45.59435,25.53485,17.942354
"114","6am",14.4290448,56.26432,16.10589,13.200741
"115","6am",4.8405264,37.90101,34.12246,23.135999
"116","6am",3.3461427,43.11629,31.43917,22.098403
"117","6am",5.9055421,61.63234,17.65074,14.81137
"118","6am",6.5295671,42.0179,28.5306,22.921925
"119","6am",5.9863716,63.80212,20.48994,9.721569
"120","6am",8.4098211,57.1319,26.10616,8.35212
"121","6am",5.728795,55.12903,31.11882,8.023354
"122","6am",10.6822775,55.47498,24.12478,9.717959
"123","6am",8.1111749,34.68152,39.97979,17.227511
"124","6am",9.061099,43.17997,29.81017,17.948762
"125","6am",7.3571035,43.18054,33.09636,16.365994
"126","6am",8.0695877,37.07736,40.7766,14.076448
"127","6am",6.6765861,35.29102,30.31857,27.713831
"128","6am",6.184309,38.52567,36.6834,18.606619
"129","6am",5.7854838,39.66763,31.47498,23.071907
"130","6am",8.2926256,35.37034,42.37088,13.966151
"131","6am",6.2171573,43.04015,28.98624,21.756454
"132","6am",5.3697448,37.76367,37.64506,19.221527
"133","6am",12.6395316,34.27603,31.70211,21.382324
"134","6am",9.5459142,43.68523,31.30515,15.463711
"135","6am",9.5549046,34.61304,31.16643,24.665621
"136","6am",9.8378983,33.69275,40.982,15.487344
"200","6am",5.3114263,34.39089,35.25641,25.041276
"201","6am",8.266191,28.86578,40.69152,22.176506
"202","6am",3.376958,34.2394,33.19151,29.192131
"203","6am",5.993175,35.27827,41.96143,16.76712
"204","6am",4.028477,38.40884,38.42379,19.138897
"205","6am",13.0630876,38.32472,34.12914,14.483052
"206","6am",11.4239923,28.57954,41.67533,18.32113
"207","6am",10.1295107,38.92968,37.73654,13.204273
"208","6am",8.5688139,47.41156,27.48393,16.535694
"209","6am",7.440591,40.04122,37.9486,14.569596
"210","6am",15.5912047,41.9999,28.69538,13.713511
"211","6am",8.8366993,41.46431,31.63945,18.059537
"212","6am",11.4518597,44.71028,29.89461,13.943244
"213","6am",16.3162397,40.20871,34.88006,8.594983
"214","6am",9.0439485,37.27663,37.5672,16.112222
"215","6am",5.8371633,35.44621,37.32986,21.38677
"216","6am",12.9213614,38.95089,29.45641,18.671335
"217","6am",11.1057915,41.71359,25.62448,21.556146
"218","6am",10.1878183,39.85207,28.45425,21.505856
"219","6am",12.9904947,34.93612,30.52301,21.550376
"220","6am",6.7177732,34.95563,37.12289,21.203704
"221","6am",5.8851244,32.04295,37.53187,24.540048
"222","6am",10.1430275,24.64845,36.08777,29.120746
"223","6am",13.2495638,39.30843,34.83497,12.60704
"224","6am",3.7070919,34.88292,36.70857,24.701418
"225","6am",5.5256233,39.068,36.16814,19.23824
"226","6am",12.5240934,33.6092,36.47252,17.394187
"227","6am",11.4671321,35.5065,30.77073,22.255639
"228","6am",6.5408826,31.5905,41.5773,20.291319
"229","6am",6.3489825,29.48428,44.90547,19.261271
"230","6am",10.6984262,50.60264,30.77742,7.921509
"231","6am",4.9889545,46.73978,33.35402,14.917245
"232","6am",9.8896338,40.5925,33.3018,16.216061
"233","6am",13.8895126,32.41694,34.22239,19.471152
"001","7am",0,17.37133,37.04784,45.580835
"002","7am",1.307238,19.49527,33.27914,45.91835
"003","7am",1.3132849,18.05331,29.1062,51.527199
"004","7am",0.5463748,13.92254,32.84347,52.687621
"005","7am",1.8919437,16.56121,33.57142,47.975425
"006","7am",4.7651725,26.17228,35.05299,34.009564
"007","7am",3.1620243,27.11129,32.10975,37.616931
"008","7am",2.7815305,33.61159,25.73632,37.870568
"009","7am",4.779396,21.14965,27.85405,46.216904
"010","7am",0,28.26508,32.25429,39.480634
"011","7am",1.7693955,27.48557,25.67949,45.06554
"012","7am",1.9901836,30.27161,26.55476,41.183448
"013","7am",2.4784973,34.08386,31.56434,31.873299
"014","7am",16.9038586,41.88333,29.24535,11.967456
"015","7am",12.2913943,44.89091,19.50378,23.313914
"016","7am",8.0669991,33.73485,29.30543,28.892723
"017","7am",3.3313982,28.37971,19.10948,49.179417
"018","7am",2.4902987,35.39331,27.33128,34.785118
"019","7am",9.9665704,39.72759,26.61029,23.695548
"020","7am",5.2800861,31.80629,27.52066,35.392961
"021","7am",8.6247412,38.71756,33.94404,18.713656
"022","7am",3.6042941,35.62383,28.62269,32.149192
"023","7am",5.4030294,37.7833,31.3241,25.489569
"024","7am",4.329559,38.81179,31.98774,24.870904
"025","7am",6.647208,48.71969,24.183,20.450104
"026","7am",6.6005933,27.88878,34.57398,30.936652
"027","7am",8.6219641,34.33004,34.87168,22.17632
"028","7am",7.2955923,35.67647,27.47535,29.552589
"029","7am",10.0917228,39.3971,25.24662,25.264552
"030","7am",8.6164372,25.15096,32.82457,33.408036
"031","7am",3.8218123,33.54214,41.7833,20.852746
"032","7am",3.6254652,39.22027,37.33911,19.815156
"033","7am",8.3917671,30.97059,37.03545,23.60219
"034","7am",0.9444548,38.88121,34.16661,26.007726
"035","7am",5.278578,45.18152,27.70627,21.833628
"036","7am",0.7100545,30.43064,32.09021,36.769102
"037","7am",3.3226707,33.39208,32.03134,31.253913
"038","7am",2.1019163,29.4651,35.7555,32.67749
"039","7am",6.4501732,38.67248,28.72572,26.151624
"040","7am",4.8643504,43.15362,39.21488,12.767146
"041","7am",6.1234952,42.18534,24.83059,26.860569
"042","7am",7.1354895,43.04033,27.16171,22.662466
"043","7am",17.9850395,33.8929,21.78702,26.335049
"044","7am",15.3329151,39.07641,28.12115,17.469518
"045","7am",6.3141645,36.80221,33.00115,23.882469
"046","7am",2.6836515,56.37655,24.53867,16.401128
"047","7am",5.0710362,46.14585,32.18058,16.602539
"048","7am",13.3214463,36.8684,34.9355,14.874651
"049","7am",9.3391003,34.99487,34.46109,21.204933
"050","7am",9.8613732,53.55406,22.19034,14.394227
"051","7am",6.9221887,58.30725,24.86244,9.908127
"052","7am",7.6665546,42.14629,30.45895,19.728208
"053","7am",2.7402244,31.0167,40.60531,25.637766
"101","7am",9.1755149,41.20867,36.18449,13.431328
"102","7am",8.6109883,31.26363,32.22818,27.897203
"103","7am",13.750291,41.51459,29.16053,15.574589
"104","7am",15.486635,42.45745,24.54435,17.511568
"105","7am",6.5807075,40.11011,26.0842,27.224986
"106","7am",14.0911678,38.27934,27.00291,20.626584
"107","7am",6.9286786,36.11178,39.02386,17.93568
"108","7am",6.8594408,45.49771,33.61953,14.023318
"109","7am",9.7038914,53.67192,24.2268,12.397384
"110","7am",1.0666112,53.14444,33.84065,11.948297
"111","7am",5.027719,47.64858,30.62833,16.695371
"112","7am",6.2522815,36.83216,32.75791,24.157652
"113","7am",11.3220865,46.0121,25.32495,17.340871
"114","7am",14.5896803,59.88598,14.02662,11.497725
"115","7am",5.8767225,39.97445,37.58071,16.568114
"116","7am",3.364509,41.96744,30.04195,24.626098
"117","7am",6.6292643,58.82859,18.85633,15.68582
"118","7am",5.5557085,41.82546,31.64665,20.972185
"119","7am",4.5310807,54.90839,26.7385,13.822029
"120","7am",8.5312932,60.39376,23.44156,7.633377
"121","7am",4.5690583,55.35139,30.97396,9.105587
"122","7am",10.8139798,52.73214,25.95193,10.50195
"123","7am",9.0692426,36.25203,35.40115,19.277579
"124","7am",10.4243203,48.11217,26.8973,14.566215
"125","7am",9.2944839,44.25995,29.28076,17.164803
"126","7am",10.3545665,42.69394,31.4923,15.459199
"127","7am",7.1262165,40.77728,30.7066,21.389905
"128","7am",6.6183967,34.46871,39.62983,19.283066
"129","7am",6.1205751,42.98119,31.17364,19.72459
"130","7am",8.2314014,37.43331,38.58969,15.745602
"131","7am",7.3573342,46.1792,25.08099,21.382471
"132","7am",6.0662381,40.60179,35.17436,18.157613
"133","7am",12.4023528,34.26737,29.77575,23.554524
"134","7am",11.0034121,43.86742,29.46843,15.660744
"135","7am",10.6812866,39.46636,30.897,18.955362
"136","7am",7.8743371,37.94044,37.33977,16.84545
"200","7am",5.3422843,37.21166,37.58343,19.862625
"201","7am",9.8985046,30.07552,39.83592,20.190046
"202","7am",3.9456841,38.31291,31.91342,25.827981
"203","7am",8.0150793,35.93292,43.34022,12.711778
"204","7am",5.7780877,45.87266,32.70462,15.644633
"205","7am",13.065244,37.7542,31.78535,17.395206
"206","7am",12.3792462,26.53485,43.05535,18.030551
"207","7am",11.2819496,43.35872,34.31903,11.040294
"208","7am",9.4408808,45.90973,29.26823,15.381168
"209","7am",8.1852405,41.76539,36.97464,13.074732
"210","7am",14.5307566,41.01274,29.46213,14.994369
"211","7am",10.0863127,40.71736,33.83419,15.362133
"212","7am",13.4305197,47.07629,26.24047,13.252716
"213","7am",15.4686557,42.90316,34.64008,6.988098
"214","7am",9.6165692,39.71681,39.02322,11.643401
"215","7am",6.9215654,40.30697,33.0834,19.688065
"216","7am",17.8092114,38.4129,26.39339,17.384497
"217","7am",9.4893833,42.79482,24.46347,23.252327
"218","7am",12.4391731,44.91554,24.81989,17.825396
"219","7am",14.4284512,39.24602,27.40659,18.918946
"220","7am",8.5344371,40.02093,27.73314,23.711501
"221","7am",7.5756174,33.03963,32.29215,27.092605
"222","7am",10.4860837,26.03603,35.64664,27.831248
"223","7am",16.4399205,45.72362,28.41825,9.418207
"224","7am",3.9464529,35.5802,40.02502,20.448328
"225","7am",6.8107074,41.31542,34.67754,17.196335
"226","7am",15.2405087,33.09222,32.54704,19.120237
"227","7am",13.22602,43.0516,25.88888,17.833495
"228","7am",6.9633007,31.43813,45.14965,16.448916
"229","7am",7.1317975,30.6444,45.39087,16.832925
"230","7am",11.4786859,48.33792,32.08655,8.096842
"231","7am",5.1659654,47.93708,32.71308,14.18388
"232","7am",12.4442968,42.10963,29.44652,15.999549
"233","7am",15.819558,30.81092,39.11336,14.256165
"001","8am",0,18.17031,39.54009,42.289605
"002","8am",0.8418041,14.97349,28.41398,55.770726
"003","8am",0,23.25439,33.55339,43.19222
"004","8am",0.4732962,17.11982,33.60119,48.805696
"005","8am",2.9241297,17.27254,37.33099,42.472341
"006","8am",5.0989956,25.52388,40.98448,28.392646
"007","8am",2.8157909,22.80642,34.13631,40.241488
"008","8am",3.0305627,35.10509,27.24391,34.620441
"009","8am",5.7360061,24.81921,31.34999,38.094796
"010","8am",0.2929869,30.97674,34.43842,34.291855
"011","8am",2.2737974,31.69821,23.9846,42.043394
"012","8am",2.0247471,33.97979,27.37634,36.619117
"013","8am",2.9664483,36.81782,32.92991,27.285827
"014","8am",16.1390605,39.75486,26.24214,17.86394
"015","8am",13.8664307,47.77584,21.68004,16.677685
"016","8am",8.3003146,33.97509,28.8815,28.843088
"017","8am",3.7514943,32.73924,23.82998,39.679291
"018","8am",2.3977738,33.20753,29.86562,34.52908
"019","8am",11.3435808,39.47436,27.03435,22.147716
"020","8am",4.1839725,32.3433,25.70709,37.765636
"021","8am",9.9435706,46.36804,33.46566,10.222728
"022","8am",2.6630328,36.63277,33.02417,27.68002
"023","8am",4.9861518,37.61369,36.63709,20.763067
"024","8am",3.7580204,37.1107,35.69469,23.436598
"025","8am",6.969695,50.91383,28.56465,13.551823
"026","8am",6.2854168,27.73577,35.48764,30.491174
"027","8am",8.3445091,32.31896,30.24837,29.088154
"028","8am",9.3160824,40.20884,30.38159,20.093483
"029","8am",9.9395223,40.43826,23.99221,25.630006
"030","8am",6.2785636,21.55949,30.80491,41.357036
"031","8am",4.1672871,28.30519,37.93778,29.589748
"032","8am",3.4831143,40.5298,37.33026,18.656828
"033","8am",8.5777828,33.07668,36.45266,21.892872
"034","8am",0,32.12371,38.04513,29.831165
"035","8am",5.0566487,43.18815,27.9805,23.774701
"036","8am",0.7139517,31.99406,40.93255,26.359439
"037","8am",4.9074015,33.34294,27.49644,34.253211
"038","8am",1.9804831,26.78097,36.28063,34.957921
"039","8am",7.2292231,39.2181,32.08061,21.472062
"040","8am",4.9905275,46.86401,35.6845,12.460962
"041","8am",6.439432,42.40034,23.00547,28.154753
"042","8am",7.7734545,45.60132,23.09227,23.532954
"043","8am",16.3828513,34.50854,19.23624,29.872372
"044","8am",14.156445,39.13987,30.08182,16.621861
"045","8am",9.0709631,43.33506,31.83781,15.756174
"046","8am",2.8712782,53.32441,28.16364,15.640663
"047","8am",4.2492765,46.30258,32.01976,17.428383
"048","8am",15.4208479,35.0914,36.03215,13.455604
"049","8am",6.8889008,33.77,33.77811,25.562992
"050","8am",9.4810225,53.41392,24.30499,12.800067
"051","8am",6.7618184,59.04107,24.58609,9.611018
"052","8am",8.5240118,46.75823,27.78461,16.933153
"053","8am",3.9828796,25.56048,41.08396,29.372681
"101","8am",10.7709147,37.60571,37.21606,14.407319
"102","8am",8.3662928,29.89029,30.54314,31.200272
"103","8am",13.3254771,42.60435,27.10281,16.967359
"104","8am",12.0083471,36.74154,33.39444,17.855681
"105","8am",9.3010351,42.53239,23.51742,24.649153
"106","8am",11.3556808,42.76509,26.15101,19.728227
"107","8am",7.8430011,37.32931,39.03613,15.791564
"108","8am",7.6761634,44.03253,33.94548,14.345826
"109","8am",10.3549455,59.03904,20.39025,10.215758
"110","8am",0.9695882,52.9898,30.9125,15.128112
"111","8am",4.6857159,48.83779,29.09002,17.386475
"112","8am",6.7918189,43.178,29.43033,20.599853
"113","8am",9.2510481,39.08583,33.72891,17.93421
"114","8am",14.8864235,60.09008,12.4916,12.531899
"115","8am",6.167234,44.17592,32.19777,17.459075
"116","8am",3.5839259,48.32637,25.23955,22.850151
"117","8am",7.280417,60.31204,17.81876,14.588784
"118","8am",5.5708738,41.61101,34.84536,17.972761
"119","8am",4.0148255,43.01612,28.27313,24.695927
"120","8am",8.4489172,60.5838,19.18475,11.782536
"121","8am",4.5755091,48.61902,32.83746,13.968016
"122","8am",11.0867427,51.95749,27.13235,9.823417
"123","8am",10.5247138,39.96841,35.00498,14.50189
"124","8am",8.7957387,51.29416,25.62489,14.285211
"125","8am",9.6839574,42.9318,30.82536,16.558882
"126","8am",11.3745196,44.16974,27.95487,16.500873
"127","8am",7.1227421,44.69961,28.99943,19.178219
"128","8am",7.7575948,34.49497,42.75948,14.987956
"129","8am",6.0965101,40.70096,28.77939,24.423135
"130","8am",7.8625163,43.89668,33.70877,14.532031
"131","8am",7.7234649,48.55784,26.48955,17.229148
"132","8am",6.0330402,41.43361,36.54105,15.992309
"133","8am",12.314007,35.08067,27.33661,25.268711
"134","8am",16.1393246,42.44177,31.0464,10.372508
"135","8am",8.2087568,41.15737,33.57528,17.058594
"136","8am",9.675143,35.97044,39.88408,14.470339
"200","8am",6.3609224,40.58293,39.48448,13.571672
"201","8am",10.6255659,31.65642,36.57637,21.141642
"202","8am",4.4495621,41.322,31.00749,23.220947
"203","8am",7.1665629,38.60882,37.69614,16.528472
"204","8am",7.6101534,49.82583,27.38872,15.175299
"205","8am",13.108439,38.24621,30.56406,18.081287
"206","8am",12.2538493,26.66215,42.57385,18.510154
"207","8am",12.5865763,45.81123,29.28521,12.316975
"208","8am",10.2773782,47.10083,33.16792,9.453864
"209","8am",8.2697365,43.82068,35.10272,12.806866
"210","8am",12.9118269,37.36616,31.36912,18.352892
"211","8am",11.8228957,42.37184,33.44579,12.359473
"212","8am",13.5603906,51.94226,21.38677,13.110579
"213","8am",17.8529819,41.98239,34.21854,5.946081
"214","8am",10.8939463,40.42658,38.66693,10.012539
"215","8am",7.4388812,45.34211,28.40376,18.815247
"216","8am",17.4428192,42.48729,26.47787,13.592015
"217","8am",9.3081007,40.51264,27.66302,22.516244
"218","8am",13.0036633,41.76211,23.61996,21.614264
"219","8am",15.7108833,40.06008,28.24329,15.985738
"220","8am",8.988723,41.98584,30.69111,18.334328
"221","8am",7.8122952,37.50821,30.87865,23.800845
"222","8am",13.8130312,26.88277,33.65036,25.653839
"223","8am",16.8421826,51.70735,25.73043,5.720039
"224","8am",4.0735505,34.49706,37.81414,23.615249
"225","8am",7.8873033,44.69443,35.0935,12.324769
"226","8am",15.0721045,35.57828,31.57134,17.778275
"227","8am",11.5928756,43.68588,22.27892,22.44232
"228","8am",7.0434791,35.32333,41.06344,16.569751
"229","8am",7.0770479,32.47229,43.31693,17.133722
"230","8am",12.5481782,46.45044,32.96703,8.034348
"231","8am",5.4529556,48.06386,29.35962,17.12357
"232","8am",15.2457345,46.09706,25.04602,13.611189
"233","8am",16.5560056,32.39181,39.61846,11.433726
"001","9am",0.8871522,22.82445,38.5843,37.704093
"002","9am",0.7509542,16.69609,27.31972,55.233237
"003","9am",0,21.70962,34.69885,43.591536
"004","9am",0.4363425,17.89203,34.91772,46.753906
"005","9am",2.7756604,19.05983,37.73166,40.432849
"006","9am",5.1922695,24.07519,38.51629,32.216254
"007","9am",2.5191695,22.99894,34.31399,40.167901
"008","9am",5.0724766,38.44699,24.4071,32.073431
"009","9am",5.8404608,26.09268,34.84032,33.226542
"010","9am",2.5169712,26.43873,36.8097,34.234596
"011","9am",2.0664736,34.94635,25.09603,37.891141
"012","9am",1.0584014,35.49854,26.76035,36.682711
"013","9am",2.3296314,31.96069,36.29968,29.409997
"014","9am",16.1024008,39.56655,23.58141,20.749639
"015","9am",14.5819466,48.92719,19.14958,17.341284
"016","9am",7.2103794,34.73547,30.98226,27.071893
"017","9am",3.8827255,31.95677,25.36163,38.798871
"018","9am",2.327881,30.32769,31.52079,35.823634
"019","9am",12.2729129,33.37802,34.91043,19.438642
"020","9am",3.3293716,32.55266,26.21413,37.903841
"021","9am",9.1582679,43.04082,36.56449,11.236424
"022","9am",3.0187696,30.79106,34.74017,31.450001
"023","9am",4.7057876,42.14001,32.63576,20.518439
"024","9am",5.6555348,37.07128,36.09549,21.1777
"025","9am",6.9411522,49.3342,28.5139,15.210746
"026","9am",5.5803207,24.26661,36.24882,33.904248
"027","9am",8.4907366,30.60822,30.64736,30.253686
"028","9am",8.3829966,39.48627,32.32898,19.801753
"029","9am",8.1890318,39.24899,24.35202,28.209957
"030","9am",5.1744471,20.24627,31.73884,42.840442
"031","9am",2.9867234,26.94368,35.25488,34.814715
"032","9am",3.2131293,42.43922,34.20481,20.142841
"033","9am",9.8238883,32.95092,32.30129,24.923902
"034","9am",0.3623581,31.03152,33.98913,34.616996
"035","9am",4.308377,45.17352,28.84134,21.676763
"036","9am",0.6577818,27.59257,38.18558,33.564067
"037","9am",5.4470381,38.49403,30.23435,25.82458
"038","9am",3.3502214,27.00875,33.488,36.153024
"039","9am",5.8301133,40.31542,33.91099,19.943484
"040","9am",7.0891587,45.58682,34.76509,12.558932
"041","9am",6.8287759,47.37241,19.74293,26.055883
"042","9am",7.0971229,39.98421,27.68676,25.231907
"043","9am",16.3901145,35.19752,19.73967,28.672692
"044","9am",12.9462768,38.50102,32.08362,16.469085
"045","9am",5.1140959,39.31302,37.24807,18.324817
"046","9am",7.1852334,52.19933,27.13796,13.477482
"047","9am",4.9287352,44.77477,31.41429,18.882205
"048","9am",11.9664727,37.75677,35.99016,14.286602
"049","9am",7.013866,31.21139,37.19871,24.576038
"050","9am",10.2678667,55.42708,23.93372,10.371332
"051","9am",6.6214317,58.81297,24.74139,9.824212
"052","9am",7.8838357,50.01749,29.49758,12.601087
"053","9am",4.7978616,25.56284,39.85783,29.78147
"101","9am",11.0227903,37.18758,37.18698,14.602647
"102","9am",8.8323643,31.50753,33.68839,25.97171
"103","9am",13.8462871,40.50571,28.68562,16.96239
"104","9am",12.4401983,33.90181,35.91901,17.738976
"105","9am",7.3310925,48.49586,22.22122,21.95183
"106","9am",11.4689354,40.07074,26.7638,21.696519
"107","9am",7.5304594,39.29176,37.32828,15.849494
"108","9am",7.2667163,46.50726,32.77154,13.45449
"109","9am",10.3677893,61.24176,17.41537,10.97508
"110","9am",1.2273914,52.61,31.06435,15.098262
"111","9am",4.5857758,46.11957,29.94228,19.352381
"112","9am",6.9696512,44.39612,29.19463,19.439603
"113","9am",9.7901652,39.43945,32.43668,18.333703
"114","9am",13.4978515,55.94998,19.70962,10.842552
"115","9am",7.5324896,46.60819,29.77207,16.087243
"116","9am",4.3403563,45.52446,25.85781,24.277376
"117","9am",6.4610153,56.75527,18.06243,18.72128
"118","9am",5.8665711,41.16233,32.96522,20.005879
"119","9am",3.9329941,41.10162,29.63623,25.329156
"120","9am",8.2778046,54.41688,24.80472,12.500605
"121","9am",4.4661863,48.48332,33.03251,14.017986
"122","9am",11.9886226,52.7975,26.1898,9.024074
"123","9am",9.8286211,41.16243,35.93442,13.074527
"124","9am",9.0725574,50.46985,25.7228,14.734793
"125","9am",8.798514,43.70998,31.15967,16.331838
"126","9am",11.8855587,43.27556,24.63051,20.208371
"127","9am",6.5185332,42.73382,28.90334,21.844304
"128","9am",7.8004067,41.3699,35.42651,15.403183
"129","9am",6.1855337,38.08089,29.92572,25.807854
"130","9am",8.813389,45.21171,30.53415,15.440751
"131","9am",8.0302825,51.77537,28.27551,11.918834
"132","9am",6.9036205,43.75565,34.08345,15.257277
"133","9am",11.8171117,35.06984,28.24163,24.871426
"134","9am",16.9530857,42.06778,31.59087,9.388268
"135","9am",8.57552,40.47109,36.80867,14.144717
"136","9am",10.8126394,33.69967,40.75355,14.73415
"200","9am",6.4228534,41.21923,35.50588,16.852028
"201","9am",9.6373209,35.09836,34.37737,20.886942
"202","9am",5.2959949,37.19708,36.35261,21.154309
"203","9am",7.7683694,41.66709,35.86825,14.69629
"204","9am",8.0923935,49.31626,26.41569,16.175654
"205","9am",13.5091833,37.55815,30.59324,18.339428
"206","9am",12.1699496,27.47779,42.34695,18.005315
"207","9am",11.0391698,46.23748,29.36905,13.354303
"208","9am",10.0720385,47.06193,32.86844,9.997585
"209","9am",8.1831725,44.50447,35.46423,11.848125
"210","9am",12.9734441,37.56394,31.48338,17.979234
"211","9am",10.690403,43.45383,32.87698,12.978784
"212","9am",13.8185933,51.86,23.68823,10.633184
"213","9am",18.621001,41.66399,33.06394,6.651076
"214","9am",11.8283633,43.30607,34.72583,10.139733
"215","9am",7.7621268,46.20171,27.80054,18.235625
"216","9am",17.8521332,41.03432,27.11033,14.003217
"217","9am",9.5048675,40.7684,27.62923,22.097505
"218","9am",13.4049132,44.74609,20.99906,20.84993
"219","9am",18.4916314,39.83239,27.05351,14.622472
"220","9am",9.7666566,36.7278,32.85948,20.646071
"221","9am",8.4037232,36.94763,34.03483,20.613817
"222","9am",14.6693155,28.32179,30.91225,26.096644
"223","9am",14.4335129,49.15357,26.46693,9.945991
"224","9am",5.1337632,36.96089,37.61963,20.285716
"225","9am",5.6198258,47.43787,34.07997,12.86234
"226","9am",15.7874492,36.02133,31.73886,16.45236
"227","9am",9.5037753,47.22871,21.5596,21.707918
"228","9am",7.2320558,37.41237,40.51203,14.843544
"229","9am",7.0782017,31.65645,42.86306,18.402297
"230","9am",12.9153433,46.8219,32.60928,7.653485
"231","9am",5.5743465,47.79578,28.20098,18.428898
"232","9am",17.1439298,44.6019,26.13371,12.120459
"233","9am",14.8232834,33.93221,39.36304,11.881457
"001","10am",0.7693525,25.98482,36.54348,36.702349
"002","10am",1.3556852,16.93527,27.73292,53.976129
"003","10am",0.7865298,25.56882,36.83178,36.812874
"004","10am",0.402073,18.2564,34.37291,46.968613
"005","10am",1.0310385,20.19329,36.96589,41.809776
"006","10am",4.5437273,25.16531,39.31409,30.976881
"007","10am",2.4300879,23.72922,33.4804,40.360297
"008","10am",6.3089529,40.44305,25.7521,27.495901
"009","10am",3.9726846,24.03202,31.99066,40.004631
"010","10am",1.9978427,28.57207,36.46059,32.969497
"011","10am",2.1672564,32.76404,25.29707,39.771626
"012","10am",1.0883112,32.96019,26.74827,39.203233
"013","10am",3.8919624,32.63468,36.33199,27.141368
"014","10am",16.1599547,39.5087,23.58903,20.742322
"015","10am",15.9890646,48.15428,19.32786,16.528796
"016","10am",6.9982009,33.30803,30.76154,28.932225
"017","10am",3.7176238,29.07998,27.73165,39.470743
"018","10am",2.3013793,31.50724,31.42764,34.763741
"019","10am",12.4207948,34.40089,33.35146,19.826857
"020","10am",3.9690304,31.94805,27.3003,36.782627
"021","10am",6.7559891,40.06051,38.42287,14.760637
"022","10am",3.7406099,35.24467,31.19691,29.817807
"023","10am",4.3801528,36.14326,36.59006,22.886524
"024","10am",4.633763,36.14317,36.91163,22.311438
"025","10am",6.5550192,51.87348,28.03408,13.537414
"026","10am",5.1316236,26.21639,35.45391,33.198072
"027","10am",7.6495751,30.49374,34.64851,27.208173
"028","10am",8.3864296,41.55871,30.47074,19.584113
"029","10am",9.4322173,41.5274,24.03135,25.009037
"030","10am",4.2048088,18.20222,32.25125,45.341718
"031","10am",2.8655862,25.06787,35.93096,36.135587
"032","10am",3.3824973,39.17189,36.25399,21.191632
"033","10am",9.8769969,33.69622,31.93713,24.489652
"034","10am",0.8022787,32.2964,36.93412,29.967207
"035","10am",3.7290536,43.63626,29.20199,23.432695
"036","10am",0.6220964,24.67387,42.41714,32.286901
"037","10am",5.2833969,39.29026,27.90079,27.525558
"038","10am",2.964909,27.6709,33.39667,35.967516
"039","10am",6.5069556,40.02954,35.44914,18.01437
"040","10am",6.0029917,45.62691,37.00094,11.369158
"041","10am",7.0274752,45.03969,22.01626,25.916583
"042","10am",6.9999007,41.91295,25.81656,25.270582
"043","10am",16.8498288,36.41183,17.44043,29.297905
"044","10am",14.0612809,40.20623,31.30687,14.425621
"045","10am",4.7209079,39.67245,36.20751,19.399128
"046","10am",6.662838,51.86709,27.91793,13.55214
"047","10am",3.6916719,45.71771,32.60925,17.981367
"048","10am",15.5620556,36.28608,34.06806,14.083802
"049","10am",8.5735957,31.0155,34.79523,25.615672
"050","10am",9.6296741,51.26427,26.90006,12.205997
"051","10am",5.4596068,59.05213,23.70846,11.779801
"052","10am",8.353077,55.99927,20.6433,15.004354
"053","10am",3.9717431,20.75993,42.20258,33.065751
"101","10am",10.8633443,38.6496,35.15524,15.33182
"102","10am",8.7847299,33.25744,32.49595,25.461876
"103","10am",13.5987835,41.81807,26.79142,17.791726
"104","10am",13.2627111,33.62551,35.93216,17.179616
"105","10am",7.5818919,52.21675,16.99619,23.205164
"106","10am",10.0020129,41.56057,27.04966,21.387758
"107","10am",9.6627683,36.91149,35.67999,17.745757
"108","10am",7.3283715,46.3113,33.91951,12.440809
"109","10am",12.086233,60.87554,17.49767,9.540555
"110","10am",2.0752723,52.06293,29.3068,16.554994
"111","10am",3.8348002,45.08812,31.7271,19.349985
"112","10am",7.0964542,43.25488,31.70217,17.946496
