"district","hour","cs1","cs2","cs3","cs4","cs5"
"001","4am",1.1098879,6.084332,11.93238,26.24154,54.631863
"002","4am",4.2177459,3.301013,20.36959,33.94348,38.168174
"003","4am",5.6762552,4.116625,16.48895,36.12805,37.590127
"004","4am",1.8865206,7.118179,10.34446,37.78865,42.862186
"005","4am",0.6693588,4.914733,21.04959,39.21202,34.154291
"006","4am",4.0421935,10.435221,27.91275,36.31592,21.29391
"007","4am",7.3685536,10.617816,25.02304,32.56329,24.427304
"008","4am",1.3259841,12.874871,22.5393,34.95486,28.304986
"009","4am",5.741866,4.447354,13.53307,27.70875,48.56896
"010","4am",10.6563372,2.910999,22.59199,24.42925,39.41143
"011","4am",1.3865534,2.683193,28.89692,36.61551,30.417816
"012","4am",6.2413743,10.239038,20.17564,35.22811,28.115832
"013","4am",2.0388773,19.459914,19.49589,29.4054,29.599913
"014","4am",7.702139,21.32146,36.75068,21.4073,12.818417
"015","4am",5.453016,17.172757,30.4572,23.36806,23.548962
"016","4am",8.1385891,12.110564,36.91177,22.22441,20.614664
"017","4am",2.8013435,10.063231,30.88601,20.45108,35.798336
"018","4am",1.6021435,20.552393,21.49347,29.46037,26.891621
"019","4am",3.9844306,22.734429,24.98417,29.86908,18.427891
"020","4am",5.3479864,9.927443,22.58098,32.18421,29.959381
"021","4am",3.4327567,19.689867,32.2082,29.90408,14.765102
"022","4am",4.8030497,10.012511,27.66692,37.22584,20.291684
"023","4am",5.2382009,12.605239,32.1927,32.17256,17.791301
"024","4am",8.9323355,17.363507,19.9006,33.31092,20.492633
"025","4am",4.6988403,17.797072,37.20944,27.27155,13.023101
"026","4am",2.3676251,13.498448,31.12394,34.88204,18.127949
"027","4am",7.2774939,12.461403,29.88401,29.24744,21.129657
"028","4am",4.4289768,12.473089,28.04895,29.21291,25.836068
"029","4am",7.0972298,18.944822,35.69286,16.25241,22.012687
"030","4am",5.479287,7.615706,43.30952,21.83485,21.760629
"031","4am",3.3157784,18.199488,23.4844,33.6694,21.330933
"032","4am",3.1614262,17.225691,36.61676,27.05886,15.937264
"033","4am",4.7070352,16.573008,31.28116,31.04145,16.397347
"034","4am",2.7491713,9.972815,37.76414,32.88734,16.626535
"035","4am",3.1886535,11.082261,32.74125,37.36973,15.618103
"036","4am",2.3503744,7.185735,29.86005,29.89947,30.704371
"037","4am",6.8050708,6.927176,25.90393,32.67162,27.692206
"038","4am",3.2548748,10.22759,17.70477,37.84397,30.968796
"039","4am",3.0786088,16.521808,23.61813,31.83915,24.942297
"040","4am",1.6703928,13.595337,26.63834,47.17283,10.923105
"041","4am",6.9720718,14.692476,30.60483,25.91545,21.81517
"042","4am",6.448351,12.633976,31.59318,31.24416,18.080339
"043","4am",1.1052053,20.379185,24.36701,30.83377,23.314836
"044","4am",2.0949931,14.906407,35.94226,36.61504,10.441302
"045","4am",2.8002875,10.362032,24.49904,40.06421,22.274423
"046","4am",1.4831023,28.145236,23.89956,31.39894,15.073162
"047","4am",5.7807568,26.255117,27.40903,28.67967,11.875426
"048","4am",4.8622957,21.759233,33.90488,22.73283,16.74076
"049","4am",4.8882466,20.576523,25.84387,34.78773,13.903624
"050","4am",2.9681115,15.228763,30.70446,30.8126,20.286061
"051","4am",0.9338475,24.252721,38.56256,24.57361,11.67726
"052","4am",0.8425362,23.069912,25.62449,30.30793,20.155135
"053","4am",1.8295683,15.611532,27.35196,34.56016,20.646786
"101","4am",5.0515741,14.179393,39.40234,33.2351,8.131586
"102","4am",1.8327534,19.538965,20.95949,33.52176,24.147032
"103","4am",2.8910807,10.507489,36.49324,34.84955,15.258639
"104","4am",7.4274491,9.780418,31.32279,30.07826,21.391076
"105","4am",2.2738935,12.448892,28.63742,25.35427,31.285533
"106","4am",4.0701558,21.056785,35.11608,25.26403,14.492955
"107","4am",5.1213747,13.236093,27.22052,33.62868,20.793323
"108","4am",0.8436623,24.204102,37.52517,30.33686,7.090211
"109","4am",4.6945221,23.857083,38.38355,23.0037,10.061151
"110","4am",1.9867907,19.664845,24.73712,41.51004,12.101209
"111","4am",5.3318613,11.228548,42.0853,28.8166,12.53769
"112","4am",4.0045653,10.02182,29.01817,32.73187,24.223574
"113","4am",8.0888982,27.235529,33.51637,21.38271,9.776496
"114","4am",11.840507,25.799866,41.72048,11.26111,9.378034
"115","4am",1.4924332,14.644975,36.70495,24.4824,22.675244
"116","4am",3.7146333,14.594224,27.30503,35.31612,19.069992
"117","4am",8.1159773,28.784358,31.77261,20.94901,10.378042
"118","4am",2.0880063,23.924055,25.93653,26.47701,21.574393
"119","4am",5.6784438,35.184074,35.47815,19.22964,4.429688
"120","4am",8.7418029,27.771546,34.02427,26.58026,2.882114
"121","4am",7.3249044,42.465746,22.08473,23.13345,4.991174
"122","4am",7.982935,33.382324,26.58232,23.30549,8.746932
"123","4am",3.4295303,25.707858,26.65725,31.09291,13.112458
"124","4am",3.6047317,24.74803,32.75997,30.21135,8.675925
"125","4am",3.4401946,28.310831,35.01859,30.08962,3.140767
"126","4am",1.5040547,26.537655,26.36132,35.34238,10.254593
"127","4am",1.3196687,12.520788,33.19209,34.15855,18.80891
"128","4am",1.9543674,28.021716,25.29937,36.72125,8.003305
"129","4am",1.3625625,30.087547,29.72268,31.0374,7.789813
"130","4am",2.0496573,27.604725,32.64551,33.7365,3.963604
"131","4am",6.7465203,13.989635,29.36111,40.23745,9.665277
"132","4am",1.3560918,18.339831,34.22025,35.40064,10.683194
"133","4am",3.6010058,9.420363,31.31531,38.94146,16.721856
"134","4am",3.1797448,21.34055,34.67371,33.5031,7.302903
"135","4am",0,23.868122,27.85312,33.49225,14.78651
"136","4am",0.5617035,15.997044,35.75846,39.22127,8.461528
"200","4am",2.3141106,13.774477,33.63212,36.08121,14.198078
"201","4am",0,14.911219,34.9209,40.87906,9.288828
"202","4am",2.6930707,15.15877,30.65643,37.92638,13.565348
"203","4am",1.5431199,15.207197,30.85292,41.91868,10.478082
"204","4am",0,13.740113,32.49284,36.45403,17.313017
"205","4am",0,25.993891,33.42049,30.91424,9.671386
"206","4am",1.1169645,14.254694,29.64798,47.90941,7.070952
"207","4am",3.280279,14.666928,45.3834,34.89576,1.773636
"208","4am",1.7904958,26.156139,41.16412,25.81897,5.070278
"209","4am",1.5374031,21.877605,38.95747,33.519,4.108524
"210","4am",6.0221845,26.724907,32.59297,26.63107,8.028866
"211","4am",2.6201907,27.166155,32.84388,31.58851,5.781257
"212","4am",0.9865236,26.273727,33.81689,33.6672,5.25566
"213","4am",4.6909998,28.54601,31.58884,33.16241,2.011743
"214","4am",0,21.967367,34.63325,38.42551,4.973879
"215","4am",1.2277577,17.839874,32.96647,32.39098,15.57491
"216","4am",2.6703305,23.278225,28.54326,37.38954,8.118646
"217","4am",3.0644367,26.782144,32.86862,26.26842,11.016385
"218","4am",0.6364711,26.275317,36.60412,24.09599,12.388104
"219","4am",3.0203837,20.886973,39.09659,29.17948,7.816565
"220","4am",0,29.776748,31.14123,26.79332,12.288703
"221","4am",0,29.459425,24.43169,34.09415,12.014731
"222","4am",2.2763481,13.001273,33.52056,35.22278,15.979035
"223","4am",0.5788397,32.101454,31.25039,31.05856,5.010756
"224","4am",0.6272414,13.199874,31.76053,44.06901,10.343346
"225","4am",2.9232805,19.186626,34.49869,32.71441,10.676986
"226","4am",1.7924193,25.44928,27.9702,35.53234,9.255761
"227","4am",0,17.226691,36.5686,32.27804,13.92667
"228","4am",0.97764,21.057661,27.79331,35.23872,14.932664
"229","4am",0.4652971,22.710007,31.40145,37.31303,8.110218
"230","4am",1.1835958,29.561811,35.12402,32.01252,2.118048
"231","4am",2.7083561,33.76057,27.88984,28.77127,6.869962
"232","4am",0,22.603328,37.35168,35.54649,4.498501
"233","4am",0,22.092664,32.05631,39.64377,6.207248
"001","5am",1.1424102,6.262617,12.28202,27.01048,53.302471
"002","5am",4.1098309,3.216554,22.40701,33.075,37.191606
"003","5am",5.5344336,4.01377,17.58273,36.21813,36.650936
"004","5am",1.8676434,8.475318,10.80143,36.42231,42.43329
"005","5am",0.6822678,5.009517,19.52698,39.96825,34.812979
"006","5am",3.9149677,11.345587,28.94285,35.1729,20.623696
"007","5am",7.3557242,10.420652,24.95539,32.88346,24.384773
"008","5am",1.3550631,11.677259,21.63237,36.40959,28.925718
"009","5am",5.8074899,4.498182,13.0918,27.47847,49.124055
"010","5am",10.6563372,2.910999,22.59199,24.42925,39.41143
"011","5am",1.3708091,2.652725,28.5688,37.33525,30.072421
"012","5am",6.3694342,10.449122,20.58961,34.79488,27.79696
"013","5am",2.0633497,19.693488,18.86351,29.75835,29.621294
"014","5am",7.7016303,21.952267,36.79974,20.72879,12.81757
"015","5am",5.453016,17.172757,30.4572,23.36806,23.548962
"016","5am",8.1363304,12.107203,36.92928,22.21825,20.608943
"017","5am",2.8507511,9.133229,30.77453,20.81178,36.429715
"018","5am",1.588844,21.211893,21.31505,29.21582,26.668392
"019","5am",4.0467219,22.589632,24.31162,30.33604,18.715986
"020","5am",5.3805464,9.379057,22.71846,32.38015,30.141781
"021","5am",3.3650898,21.272949,31.5733,29.31461,14.474051
"022","5am",4.7525536,10.316084,28.01854,36.83447,20.078351
"023","5am",5.3083881,12.774138,32.62406,31.95015,17.343268
"024","5am",8.5198743,17.217824,21.86858,32.84736,19.546362
"025","5am",4.6988403,17.797072,37.20944,27.27155,13.023101
"026","5am",2.3676251,13.498448,31.12394,34.88204,18.127949
"027","5am",7.1364899,13.418583,30.04391,28.68076,20.720262
"028","5am",4.3587446,12.275298,29.18991,28.74967,25.426375
"029","5am",6.8999165,19.787508,36.11131,15.80056,21.400702
"030","5am",5.508089,7.841061,42.82621,21.94963,21.875015
"031","5am",3.2044537,18.351369,24.86332,32.9661,20.614764
"032","5am",3.1858414,16.586438,36.89954,27.26783,16.060345
"033","5am",4.7011439,17.841861,30.73526,30.34491,16.376824
"034","5am",2.6855011,9.153986,36.88953,33.58406,17.686923
"035","5am",3.2133034,10.992477,33.3202,37.65862,14.815402
"036","5am",2.3257362,7.893172,29.54703,28.73687,31.497186
"037","5am",6.8394988,6.456305,26.03498,32.83691,27.832305
"038","5am",3.1296237,11.746988,19.44002,36.94901,28.734357
"039","5am",3.0076955,16.79845,23.81751,31.75781,24.618535
"040","5am",1.6672033,13.569378,26.10985,47.75132,10.902248
"041","5am",7.0045281,13.869428,31.17323,26.03609,21.916723
"042","5am",6.4586941,13.262973,30.87472,31.29427,18.10934
"043","5am",1.124479,19.626491,24.75925,31.37148,23.118307
"044","5am",2.1482514,13.446485,36.85597,36.84256,10.706737
"045","5am",2.8174759,10.425634,24.03561,40.31013,22.411145
"046","5am",1.503782,27.774967,24.61117,30.82674,15.283335
"047","5am",5.6399635,27.317627,27.47505,27.98116,11.586194
"048","5am",4.955137,21.137462,34.55226,23.1669,16.188241
"049","5am",4.9012945,22.720726,25.30974,33.59332,13.474916
"050","5am",3.0063453,15.424933,30.16279,31.20952,20.196417
"051","5am",0.9386331,23.86455,38.76017,24.69954,11.737101
"052","5am",0.8779824,20.740944,26.70253,31.40933,20.269216
"053","5am",1.7694764,18.904829,25.9691,33.67108,19.685517
"101","5am",5.0515741,14.179393,39.40234,33.2351,8.131586
"102","5am",1.8327534,19.538965,20.95949,33.52176,24.147032
"103","5am",2.8776276,10.458595,36.32343,34.68738,15.652968
"104","5am",7.2859709,9.025635,32.20359,29.50533,21.979468
"105","5am",2.2891196,12.532251,28.15957,25.52404,31.495023
"106","5am",3.988683,21.151468,34.41315,25.66673,14.779971
"107","5am",5.2494329,12.730675,27.06478,33.64186,21.313253
"108","5am",0.8687517,23.983493,38.64111,30.53946,5.967184
"109","5am",4.8166614,23.798953,36.75955,24.30192,10.322916
"110","5am",1.9593567,21.676782,23.94422,40.48553,11.934113
"111","5am",5.5249784,11.635239,41.65298,27.89692,13.289882
"112","5am",3.9302074,9.835732,30.84913,31.61114,23.773784
"113","5am",7.5173548,26.463983,36.19266,20.74029,9.085711
"114","5am",11.9152532,25.962734,41.35258,11.3322,9.437235
"115","5am",1.4924332,14.644975,36.70495,24.4824,22.675244
"116","5am",3.7005454,14.538875,27.58073,35.18219,18.997668
"117","5am",8.3012806,28.936536,32.01551,20.13169,10.614992
"118","5am",2.0797782,23.115856,26.94231,26.37268,21.489376
"119","5am",5.0040843,38.533268,33.08607,19.47295,3.903628
"120","5am",9.2336817,24.912658,35.93873,27.47326,2.441672
"121","5am",6.8791953,44.195478,22.02775,23.14645,3.751121
"122","5am",8.0716706,33.360264,25.79366,23.44212,9.332291
"123","5am",3.4085328,26.680734,25.97602,30.90254,13.032176
"124","5am",3.6477914,24.668015,32.3324,30.57223,8.779561
"125","5am",3.5376267,27.04819,35.24266,30.94181,3.229719
"126","5am",1.5636526,24.522623,26.50998,36.74281,10.660928
"127","5am",1.3323044,11.697239,34.57421,33.40724,18.989003
"128","5am",2.0083898,28.796288,24.70319,36.2676,8.224531
"129","5am",1.3773557,29.214566,29.23543,32.29827,7.874387
"130","5am",2.0994627,28.275503,33.43878,32.12634,4.059917
"131","5am",6.7945299,12.675983,29.57005,41.22538,9.734057
"132","5am",1.3356748,19.569291,33.70503,34.86765,10.52235
"133","5am",3.5623353,9.319199,32.0529,38.52328,16.542283
"134","5am",3.2516583,19.561577,35.45789,34.26081,7.468067
"135","5am",0,22.099387,26.20548,35.86228,15.832857
"136","5am",0.5665564,17.102366,34.23632,39.56013,8.534633
"200","5am",2.3659696,11.842174,34.38581,36.88979,14.516255
"201","5am",0,15.193016,35.58084,39.76177,9.464371
"202","5am",2.6883927,15.98733,29.92199,37.8605,13.541785
"203","5am",1.5632507,14.101032,31.25541,42.46553,10.614774
"204","5am",0,13.852641,32.75894,36.75258,16.635834
"205","5am",0,25.138904,34.01678,31.11129,9.733032
"206","5am",1.1169645,14.254694,29.64798,47.90941,7.070952
"207","5am",3.280279,14.666928,45.3834,34.89576,1.773636
"208","5am",1.8122444,26.473849,41.27036,26.13258,4.310964
"209","5am",1.5374031,21.877605,38.95747,33.519,4.108524
"210","5am",5.9393676,27.732585,32.14475,26.26484,7.918453
"211","5am",2.6752524,26.991184,33.00926,31.42156,5.902747
"212","5am",1.0140958,25.449172,33.52602,34.60816,5.40255
"213","5am",4.6218787,28.811678,31.12338,33.46096,1.982101
"214","5am",0,21.80619,34.7032,38.40536,5.085253
"215","5am",1.2484885,16.846951,33.52312,32.54355,15.837894
"216","5am",2.7117102,23.037139,28.98557,37.02113,8.244453
"217","5am",3.0064876,26.835868,32.24707,26.26236,11.648217
"218","5am",0.666235,27.316352,35.34777,23.70222,12.96742
"219","5am",3.0815653,19.28444,39.88854,29.77055,7.974899
"220","5am",0,29.014537,31.95257,26.42403,12.608866
"221","5am",0,26.864169,25.33056,35.34851,12.456765
"222","5am",2.2742423,13.081754,33.48955,35.1902,15.964253
"223","5am",0.5788397,32.101454,31.25039,31.05856,5.010756
"224","5am",0.6231481,13.113732,32.20586,43.78142,10.275845
"225","5am",2.954467,19.391316,33.63967,33.22365,10.790892
"226","5am",1.8074321,26.319212,27.55311,34.98696,9.333285
"227","5am",0,18.457073,36.02502,31.79824,13.719658
"228","5am",1.0009503,19.175402,28.456,36.07894,15.28871
"229","5am",0.4695557,22.917859,30.7736,37.65454,8.184446
"230","5am",1.193348,29.709191,35.41343,31.54853,2.1355
"231","5am",2.6439131,33.833568,28.72934,28.08668,6.706497
"232","5am",0,20.117577,37.77404,37.37809,4.730294
"233","5am",0,22.092664,32.05631,39.64377,6.207248
"001","6am",1.0980695,8.468731,10.78254,28.41704,51.2336265
"002","6am",3.368624,2.331123,26.14207,35.31308,32.845106
"003","6am",5.56803,4.038136,17.33853,36.43799,36.617311
"004","6am",1.7697493,8.142421,12.51865,37.31103,40.2581538
"005","6am",0.6645587,6.319976,21.80361,37.3025,33.9093642
"006","6am",3.8086028,11.244643,30.15426,33.1183,21.6741974
"007","6am",7.4170417,9.909443,24.45638,34.33986,23.8772847
"008","6am",1.3643818,11.757564,19.61196,36.65998,30.6061146
"009","6am",5.8341516,4.518833,12.55323,27.7442,49.3495795
"010","6am",10.378173,2.835013,23.05462,25.62639,38.1058079
"011","6am",1.4119403,2.179119,27.49308,37.94112,30.9747473
"012","6am",6.371559,10.452607,20.77311,34.71826,27.6844681
"013","6am",2.0720779,19.776794,19.71209,29.55039,28.8886513
"014","6am",8.0255977,22.319543,35.2749,21.60075,12.7792109
"015","6am",5.6182696,16.780719,32.03081,22.89249,22.6777143
"016","6am",8.2091911,12.51319,36.62432,21.8598,20.7934961
"017","6am",2.8244561,9.048985,31.49535,19.93431,36.6968978
"018","6am",1.6579113,18.178732,22.9764,31.05379,26.1331666
"019","6am",4.1699236,21.995214,23.70961,31.25962,18.8656328
"020","6am",5.3892181,10.52187,22.71935,31.93107,29.4384896
"021","6am",3.4510899,21.816612,32.38021,28.0392,14.3128904
"022","6am",4.9210065,7.723105,29.516,37.04987,20.7900225
"023","6am",5.4784302,12.224724,34.24001,31.60249,16.4543397
"024","6am",8.8129871,16.788604,23.52297,30.65661,20.2188233
"025","6am",4.8106248,16.857455,38.09465,27.92033,12.3169424
"026","6am",2.3174652,12.39998,31.02183,34.14303,20.11769
"027","6am",7.2846294,13.697126,29.38533,28.48254,21.1503741
"028","6am",4.4664549,11.884638,28.68891,28.9053,26.0546935
"029","6am",7.061371,19.333709,37.50141,15.1226,20.9809032
"030","6am",5.5313542,8.864086,41.88581,21.75134,21.9674108
"031","6am",3.0299162,19.556943,23.66086,33.09825,20.6540381
"032","6am",3.2157125,17.683141,36.25877,26.63144,16.2109297
"033","6am",4.6598886,16.072927,30.02293,33.01115,16.2331076
"034","6am",2.6071677,8.343861,37.93394,33.94402,17.171013
"035","6am",3.3502129,9.799717,32.81507,38.58836,15.4466426
"036","6am",2.3585072,9.168231,29.91051,26.62175,31.9410006
"037","6am",6.9133598,6.526028,26.31614,33.19152,27.0529534
"038","6am",3.1159619,13.375789,20.42931,35.30915,27.7697848
"039","6am",2.8709311,19.585915,23.4167,31.19846,22.9279851
"040","6am",1.7151123,12.481195,24.93224,49.65592,11.2155369
"041","6am",7.100051,14.57889,32.06122,24.04423,22.2156083
"042","6am",6.4019932,13.122052,31.29158,31.94391,17.2404688
"043","6am",1.1756063,19.083782,26.7235,30.54765,22.4694625
"044","6am",2.2804019,13.76996,36.65385,35.87109,11.4246905
"045","6am",2.8080345,10.170931,24.53897,40.14602,22.3360449
"046","6am",1.515344,26.451366,25.56869,31.06376,15.4008433
"047","6am",5.2322322,28.849152,25.82772,28.65969,11.4312119
"048","6am",5.1036519,20.159987,33.99825,25.58605,15.1520661
"049","6am",4.9795143,21.859603,24.73024,34.74068,13.6899627
"050","6am",3.1438011,13.344596,33.72251,31.03321,18.7558896
"051","6am",0.9786194,25.24175,38.58366,22.95886,12.2371091
"052","6am",0.8771183,22.261919,25.23328,31.37841,20.2492656
"053","6am",1.672842,19.204316,26.11516,32.79625,20.2114246
"101","6am",5.2014719,12.704624,40.57155,34.2213,7.3010522
"102","6am",1.8874442,19.446034,20.75152,33.88082,24.0341848
"103","6am",2.9459711,10.706986,36.40787,35.5112,14.4279703
"104","6am",7.2023397,8.922036,32.98179,29.16666,21.7271796
"105","6am",2.2886847,12.951746,29.07819,25.51919,30.1621845
"106","6am",3.9329055,21.282479,34.84826,26.83116,13.1051975
"107","6am",5.717862,12.965128,28.72503,31.40927,21.1827095
"108","6am",0.9061797,23.43464,38.79314,30.64177,6.2242648
"109","6am",4.9793917,22.599392,37.15801,24.59153,10.6716742
"110","6am",1.9036438,22.316568,23.98457,39.49757,12.2976544
"111","6am",5.5879069,10.628781,42.1274,28.21466,13.4412514
"112","6am",3.9775453,10.645021,30.58856,30.72874,24.0601309
"113","6am",7.3348104,26.18655,36.99441,20.61915,8.865082
"114","6am",12.4519734,24.104569,42.45717,11.12396,9.8623332
"115","6am",1.5386784,12.49715,37.34528,25.24102,23.3778697
"116","6am",3.7978763,14.506268,27.60482,34.59369,19.4973406
"117","6am",9.0425263,30.185421,34.06018,16.79754,9.9143306
"118","6am",2.0552306,24.306595,26.99018,25.54587,21.1021256
"119","6am",4.3832316,36.453292,29.8339,23.52419,5.8053782
"120","6am",9.1868608,25.503739,35.76598,26.17847,3.3649502
"121","6am",6.4175825,42.97701,21.47324,24.90589,4.2262779
"122","6am",7.2049399,35.247438,24.35339,23.68915,9.5050765
"123","6am",3.3249478,26.417508,27.79366,29.50815,12.9557342
"124","6am",3.8577175,24.470346,32.86803,31.61743,7.1864824
"125","6am",3.6827044,24.056443,36.68796,32.21073,3.3621695
"126","6am",1.6539033,25.075857,28.04008,33.9539,11.2762551
"127","6am",1.4029864,12.816032,34.67183,32.24831,18.8608398
"128","6am",2.1723102,29.046736,25.04525,35.67337,8.0623304
"129","6am",1.4499087,29.687389,29.02997,31.54356,8.2891744
"130","6am",2.2254744,27.621796,33.12933,33.58849,3.4349171
"131","6am",6.7590137,12.543731,29.41549,42.29838,8.9833858
"132","6am",1.3467754,19.408346,33.98515,34.64993,10.6097992
"133","6am",3.6091652,8.003031,34.21057,39.0297,15.1475395
"134","6am",3.4215989,18.873784,37.31102,33.98602,6.4075843
"135","6am",0,20.879399,25.70147,37.45492,15.9642174
"136","6am",0.586892,17.074608,34.58185,40.11659,7.640066
"200","6am",2.4515663,12.270603,35.62983,36.69531,12.9526901
"201","6am",0,14.538435,37.51495,38.69912,9.2474925
"202","6am",2.7669044,18.507019,28.95736,35.39738,14.3713373
"203","6am",1.7389589,13.77064,32.98022,40.50718,11.0029993
"204","6am",0,11.35784,34.9665,36.43486,17.2407961
"205","6am",0,23.226884,35.25587,32.14313,9.3741175
"206","6am",1.139116,12.623964,30.20755,48.81819,7.2111819
"207","6am",3.5795144,15.178343,43.63192,35.67479,1.935432
"208","6am",1.8498975,26.916006,40.93503,26.20924,4.0898288
"209","6am",1.64207,19.828297,39.44317,34.69823,4.3882335
"210","6am",5.8595612,27.80253,33.27739,25.24846,7.8120544
"211","6am",2.7968289,25.808804,33.47042,31.75295,6.1709965
"212","6am",1.0367014,24.0741,33.9866,35.37962,5.5229799
"213","6am",4.9039976,26.114403,33.02315,35.26415,0.6943032
"214","6am",0,16.438401,36.09663,41.66644,5.7985338
"215","6am",1.2858281,17.350239,34.01439,31.5227,15.8268414
"216","6am",2.8012358,22.787569,29.94251,36.58532,7.8833666
"217","6am",3.0108548,27.219958,30.56503,28.3804,10.8237624
"218","6am",0.7384932,24.380497,35.15055,25.35663,14.3738353
"219","6am",3.33096,20.650791,37.43533,30.7384,7.8445135
"220","6am",0,26.699713,32.79009,26.83999,13.6702107
"221","6am",0,28.880744,23.33821,35.67995,12.1011013
"222","6am",2.3179242,12.996383,34.17136,34.28966,16.2246727
"223","6am",0.6344965,32.443451,31.23703,30.19247,5.4925517
"224","6am",0.6548045,15.187508,33.26427,40.75036,10.143062
"225","6am",3.1650516,17.708035,36.0374,33.72127,9.3682501
"226","6am",1.9364261,25.278727,25.5337,36.69366,10.5574868
"227","6am",0,18.414894,36.15621,31.45948,13.9694143
"228","6am",1.0922121,16.091067,30.40468,36.35113,16.0609188
"229","6am",0.5128856,22.106536,30.57555,38.54989,8.2551408
"230","6am",1.244562,30.068914,35.25897,31.20041,2.2271474
"231","6am",2.6659701,32.599463,29.02705,28.94507,6.7624464
"232","6am",0,18.484868,35.56494,41.51997,4.4302212
"233","6am",0,21.731711,32.89541,40.02025,5.3526356
"001","7am",1.006735,12.215275,15.78214,29.34393,41.651927
"002","7am",2.6289633,4.802129,23.02989,39.06254,30.4764814
"003","7am",5.6997194,4.890706,16.07506,39.16919,34.1653338
"004","7am",1.5388025,5.601104,19.33647,35.97451,37.5491125
"005","7am",0.6693115,6.160288,21.85989,38.27079,33.0397143
"006","7am",3.2525739,12.894405,26.83748,35.89475,21.1207947
"007","7am",5.8982475,11.095211,25.25064,31.43735,26.3185493
"008","7am",1.3893563,13.766033,20.77527,35.83916,28.2301725
"009","7am",6.2118428,10.996359,15.96895,25.68761,41.1352313
"010","7am",11.4487569,5.194706,26.67748,25.67196,31.0070914
"011","7am",1.5899797,2.453896,25.86715,37.97728,32.111697
"012","7am",7.2724889,9.86064,19.05376,36.02039,27.7927205
"013","7am",2.1709529,20.314027,20.50389,31.33299,25.6781403
"014","7am",8.3089561,24.039175,35.35492,21.28111,11.0158413
"015","7am",5.7462491,15.337417,33.40311,24.50192,21.0113015
"016","7am",8.2023307,13.669609,34.60306,23.73618,19.7888216
"017","7am",2.8166151,6.493921,30.97184,21.28908,38.4285499
"018","7am",1.6340859,18.655208,23.59072,28.93299,27.1869993
"019","7am",4.3566893,23.150076,25.2932,28.88173,18.3183027
"020","7am",5.5148815,10.545082,23.29232,32.29386,28.3538608
"021","7am",3.6305816,22.621012,30.20414,29.7308,13.8134712
"022","7am",5.3251927,8.259539,29.81267,40.59523,16.0073703
"023","7am",5.2556894,7.934295,35.60431,35.7971,15.4086057
"024","7am",8.4218141,16.959622,23.82297,31.76373,19.0318643
"025","7am",5.0988076,17.627944,34.63247,29.44509,13.1956884
"026","7am",2.2694631,13.073271,31.32798,30.56589,22.7633988
"027","7am",7.609084,12.596233,31.57709,28.91439,19.3032102
"028","7am",4.7633512,11.264421,31.35895,30.18541,22.4278587
"029","7am",7.2970406,21.163996,37.22092,15.287,19.0310376
"030","7am",4.5008253,8.556816,38.69983,23.30387,24.938654
"031","7am",2.7849484,20.210558,26.41199,30.87945,19.7130451
"032","7am",3.5660147,18.6102,34.55847,28.60621,14.6591039
"033","7am",4.5586489,15.585269,25.84955,32.67213,21.3344071
"034","7am",1.9975221,14.543254,32.78024,31.28082,19.3981633
"035","7am",3.1900114,16.503871,32.11124,35.40899,12.7858956
"036","7am",2.4795584,9.717779,29.58696,26.91002,31.3056872
"037","7am",7.6706008,6.586427,32.55835,31.28963,21.8950013
"038","7am",2.7836374,14.190915,21.73777,39.86755,21.4201262
"039","7am",3.1712964,20.776429,26.46984,29.00297,20.5794594
"040","7am",1.582236,14.604815,24.51805,47.49311,11.8017854
"041","7am",8.0868899,14.820524,39.56487,19.94482,17.582888
"042","7am",5.9968527,17.483551,26.4139,36.29916,13.8065417
"043","7am",1.2946899,23.791073,26.7302,27.1553,21.0287326
"044","7am",2.5396892,15.352023,37.60303,34.45301,10.0522544
"045","7am",3.1125579,10.712764,26.73713,38.49111,20.9464414
"046","7am",1.5751244,29.927755,25.2327,28.6725,14.5919286
"047","7am",4.545158,29.823877,24.31079,27.32073,13.9994432
"048","7am",5.9385198,19.885018,37.44461,25.25012,11.4817328
"049","7am",4.7576341,25.748585,21.81944,34.58769,13.0866463
"050","7am",3.5857814,15.220684,37.49829,24.61518,19.08007
"051","7am",1.1222452,26.420063,38.79046,23.97353,9.6937021
"052","7am",0.9047908,22.894519,27.13604,30.83155,18.2330989
"053","7am",1.5979723,16.95091,30.04114,31.11462,20.2953608
"101","7am",5.6112866,11.652397,42.18577,33.97411,6.5764313
"102","7am",2.0577966,17.77074,23.96158,33.70228,22.5076086
"103","7am",3.0734096,11.730985,36.60603,34.03913,14.550452
"104","7am",7.5072464,11.522308,33.80721,28.1253,19.037937
"105","7am",2.5275955,13.909223,30.72847,23.71555,29.1191574
"106","7am",3.7254841,17.310647,34.22403,30.38738,14.3524595
"107","7am",5.875113,13.520921,29.50069,31.11507,19.9882044
"108","7am",0.9898391,26.019093,38.15373,28.03844,6.7988952
"109","7am",5.466688,19.525314,39.8684,23.28915,11.8504472
"110","7am",1.7283444,27.323195,23.0541,36.52708,11.3672807
"111","7am",6.2426353,12.589624,40.45665,27.22515,13.4859421
"112","7am",4.4715336,8.92176,33.18563,29.57612,23.8449557
"113","7am",6.5487818,25.156397,34.61196,26.51456,7.1683042
"114","7am",13.7133553,27.561423,42.27579,10.65687,5.792565
"115","7am",1.8680584,11.798694,44.40901,22.85256,19.0716767
"116","7am",3.8187221,15.034461,28.56098,30.87786,21.7079786
"117","7am",10.1506848,24.804938,33.41472,21.56125,10.0684072
"118","7am",2.3675832,20.923929,29.80408,28.10102,18.8033861
"119","7am",3.0101702,32.105018,25.57195,28.71003,10.6028372
"120","7am",9.3186299,27.086388,35.55171,24.63006,3.4132144
"121","7am",5.1184077,43.224499,16.57242,28.81006,6.2746109
"122","7am",7.2937699,35.817846,24.57262,23.58972,8.726049
"123","7am",4.349168,25.799246,26.78017,30.63895,12.4324588
"124","7am",4.5519194,25.845393,36.17513,26.59056,6.8369919
"125","7am",3.3842315,20.046839,42.19022,30.55694,3.8217653
"126","7am",2.1222214,27.07097,28.58201,35.7935,6.4312949
"127","7am",1.6245889,14.632518,38.76999,30.84701,14.1259006
"128","7am",2.3247885,28.24545,26.65569,34.06495,8.7091307
"129","7am",1.5338864,28.242173,29.52044,30.61202,10.0914863
"130","7am",2.4896267,26.002943,33.04882,33.59573,4.8628831
"131","7am",7.4479804,13.687844,29.48166,40.91097,8.4715414
"132","7am",1.5214615,20.403432,33.94041,35.31621,8.8184869
"133","7am",3.5414398,8.343788,35.78497,36.26563,16.064172
"134","7am",3.9440185,15.838462,39.1206,33.71101,7.3859129
"135","7am",0,25.450206,25.09675,37.29103,12.1620176
"136","7am",0.6167394,19.058886,32.69716,41.95886,5.6683522
"200","7am",2.4473276,15.985451,32.96443,36.64696,11.9558371
"201","7am",0,12.862762,36.65722,39.59242,10.8876009
"202","7am",3.1916442,16.668924,32.80263,34.38697,12.9498361
"203","7am",2.0649606,15.090426,32.38863,43.00083,7.4551572
"204","7am",0,12.796772,36.02353,34.17333,17.0063673
"205","7am",0,20.917004,34.95097,33.24546,10.8865673
"206","7am",1.2343668,12.221102,27.85795,51.88659,6.7999979
"207","7am",3.9867573,16.90519,43.05158,33.90084,2.1556269
"208","7am",2.0381656,29.183025,38.67626,25.59649,4.5060596
"209","7am",1.8064073,20.077634,39.40258,34.80525,3.9081342
"210","7am",5.4610186,26.148965,33.61256,27.49675,7.2807114
"211","7am",3.1923334,29.665368,32.88132,29.25152,5.0094593
"212","7am",1.2158234,24.224074,35.23909,32.84377,6.4772441
"213","7am",5.5256598,26.130622,32.26792,35.29348,0.7823175
"214","7am",0,16.043057,37.30164,41.91316,4.7421386
"215","7am",1.6573659,21.78908,31.76652,30.79817,13.9888632
"216","7am",2.6148894,20.819117,32.72453,37.60125,6.2402157
"217","7am",3.064564,27.534,27.03102,31.66167,10.7087478
"218","7am",0.8487245,28.820659,34.32256,21.23534,14.7727235
"219","7am",3.8970729,21.099041,40.84362,25.24036,8.9198983
"220","7am",0,22.896718,32.27863,27.78211,17.0425396
"221","7am",0,31.825285,19.31822,34.10906,14.747438
"222","7am",2.7210336,13.946414,34.46008,34.29043,14.5820483
"223","7am",0.7872766,36.642824,30.76077,24.99403,6.8151009
"224","7am",0.6970842,14.868418,34.47773,40.12689,9.8298757
"225","7am",3.9011419,18.378175,39.97497,26.7103,11.0354099
"226","7am",2.1938157,21.726611,28.40488,36.14157,11.5331257
"227","7am",0,21.538713,34.70925,32.60299,11.1490407
"228","7am",1.1627485,19.278488,29.94546,38.57743,11.0358701
"229","7am",0.5761233,24.966277,32.50338,35.13501,6.8192071
"230","7am",1.4345163,27.424503,36.02763,32.54627,2.5670713
"231","7am",2.7605602,30.536993,29.11917,29.19203,8.3912508
"232","7am",0,17.120543,39.71868,39.07324,4.0875293
"233","7am",0,23.846726,32.27578,36.49857,7.3789281
"001","8am",0.6280324,9.703599,25.72666,30.29988,33.6418274
"002","8am",1.688525,3.719099,22.25072,31.01786,41.3237995
"003","8am",5.2911451,6.955222,23.67562,36.74239,27.3356269
"004","8am",1.7657114,5.970086,22.62451,32.79917,36.840528
"005","8am",0.6213174,4.864766,30.1509,35.236,29.1270186
"006","8am",3.0301233,12.084805,29.53382,37.14092,18.2103257
"007","8am",4.5032452,8.170287,26.58756,30.77096,29.9679503
"008","8am",1.5164558,12.826871,27.79724,35.7175,22.1419307
"009","8am",6.3269231,12.995627,20.31404,24.51887,35.8445329
"010","8am",10.5815144,4.801207,29.82257,32.60516,22.1895423
"011","8am",2.0208715,3.118913,25.65801,41.73883,27.4633688
"012","8am",7.3987902,10.269737,20.57401,38.35109,23.4063723
"013","8am",2.2328791,21.074484,25.43378,32.6261,18.6327536
"014","8am",8.2968249,22.065191,35.97066,19.82404,13.8432796
"015","8am",7.0817774,18.902099,33.55521,22.42762,18.0332867
"016","8am",8.5387039,11.735717,36.57428,24.67217,18.4791329
"017","8am",3.171796,7.865829,35.5454,19.62185,33.7951264
"018","8am",1.5910596,18.115387,23.12703,31.50163,25.6648932
"019","8am",4.7913998,24.835882,29.72757,23.92562,16.7195318
"020","8am",4.4686834,10.519529,21.02661,34.96104,29.0241408
"021","8am",4.0004196,26.748724,34.85977,29.44263,4.9484613
"022","8am",4.451928,10.559748,31.73897,38.27929,14.970065
"023","8am",4.8476381,9.701958,33.62781,38.66364,13.1589551
"024","8am",5.7009275,14.589435,26.00328,35.17112,18.53523
"025","8am",5.3429649,19.407182,35.90482,28.87697,10.4680704
"026","8am",2.1610969,11.83546,34.52109,33.86974,17.612623
"027","8am",7.3626417,13.175927,31.77233,27.68851,20.0005845
"028","8am",5.6864716,11.529256,35.41499,30.57603,16.7932507
"029","8am",7.1869887,21.687014,34.38793,18.18194,18.5561244
"030","8am",3.4822534,7.728989,32.23165,23.37017,33.1869353
"031","8am",2.2894954,17.711769,27.61641,30.15046,22.2318746
"032","8am",5.5490868,17.898845,37.83748,27.95841,10.7561825
"033","8am",5.8920096,17.445259,28.73304,30.79782,17.1318765
"034","8am",1.0486177,11.907344,33.03818,31.51255,22.4933111
"035","8am",3.0558925,11.081832,37.52702,34.57251,13.7627444
"036","8am",1.403808,8.681757,25.5898,35.50169,28.8229449
"037","8am",10.649397,4.325793,32.73968,34.26297,18.0221577
"038","8am",2.6115528,14.912254,21.24969,38.66033,22.5661751
"039","8am",3.2503323,23.258928,30.27496,26.26084,16.9549412
"040","8am",1.6232778,19.770301,26.16518,40.77578,11.6654595
"041","8am",7.6777403,15.213758,35.97544,25.76321,15.3698547
"042","8am",5.4434779,18.74891,25.20746,32.57149,18.0286627
"043","8am",4.3808257,21.004513,27.34596,32.58603,14.6826663
"044","8am",1.6572495,15.342322,41.83263,28.99472,12.1730777
"045","8am",3.8573101,15.699821,26.07002,38.45312,15.919732
"046","8am",0.8270784,28.512897,31.92814,29.6541,9.0777839
"047","8am",2.6156357,28.427798,26.47661,28.80958,13.6703764
"048","8am",6.8744045,22.672211,39.66545,22.26678,8.5211568
"049","8am",4.3938453,25.54076,19.15737,34.59555,16.3124822
"050","8am",3.9861572,16.920172,35.74418,28.26208,15.0874114
"051","8am",1.0962455,27.022932,35.12916,25.56994,11.1817192
"052","8am",1.0059861,24.726776,33.83435,28.13329,12.299596
"053","8am",1.2127763,18.108435,23.86611,31.26485,25.5478313
"101","8am",6.5869534,11.006318,37.72085,34.91037,9.7755025
"102","8am",1.2882935,16.547998,24.88803,33.27579,23.9998908
"103","8am",3.1375538,10.687244,38.9088,32.92439,14.3420087
"104","8am",6.9730414,11.012151,33.13605,29.26785,19.6109081
"105","8am",3.5724509,13.549918,32.89114,24.98934,24.9971451
"106","8am",3.0049248,20.280953,36.82282,26.71102,13.1802836
"107","8am",5.8312671,16.552253,27.51052,36.14346,13.9624986
"108","8am",1.0174487,25.681182,32.0735,35.19129,6.0365813
"109","8am",6.2691236,21.370301,38.50893,23.28901,10.5626359
"110","8am",1.5711277,24.892997,24.43969,36.21055,12.8856367
"111","8am",5.0412356,13.101256,37.41996,31.21741,13.2201443
"112","8am",4.1884463,10.482788,36.53572,25.3918,23.401248
"113","8am",4.3800331,23.151435,35.49938,29.56827,7.4008868
"114","8am",14.6033177,27.20646,39.22018,12.71892,6.2511256
"115","8am",1.9604046,14.566468,45.29074,18.5718,19.6105829
"116","8am",4.0677605,13.72214,33.67872,31.79048,16.7409074
"117","8am",11.1477255,25.887825,32.6274,24.16087,6.1761806
"118","8am",2.152292,20.540293,33.58358,24.18413,19.5397087
"119","8am",2.4853979,27.958765,21.7055,30.64122,17.209122
"120","8am",9.7656616,29.030285,30.99267,26.83071,3.3806764
"121","8am",3.8821348,39.905792,14.32131,30.19149,11.6992731
"122","8am",7.289123,36.065318,21.61058,22.08303,12.9519571
"123","8am",4.7411657,29.86942,27.37302,27.79229,10.2241058
"124","8am",3.4937722,27.084378,34.11188,29.84935,5.4606228
"125","8am",3.5260434,18.685387,43.51007,32.59606,1.6824312
"126","8am",2.3312661,28.028075,24.89362,39.20896,5.5380799
"127","8am",1.6237968,16.317638,43.10207,29.34873,9.6077588
"128","8am",2.724945,32.398387,25.7647,32.73573,6.3762451
"129","8am",1.9402803,27.881652,25.81368,33.25274,11.1116529
"130","8am",2.2312121,28.824269,34.28993,30.61074,4.0438553
"131","8am",7.8186221,13.220498,31.17949,40.55539,7.2260047
"132","8am",1.5131352,20.655325,36.90676,31.31843,9.6063554
"133","8am",3.516213,7.762001,34.71534,37.44826,16.5581821
"134","8am",4.0610892,19.559192,38.66247,31.80169,5.9155591
"135","8am",0,24.180043,22.75793,42.0042,11.0578203
"136","8am",0.6162196,20.354938,32.29902,41.73045,4.9993758
"200","8am",2.6920067,18.010021,35.53304,32.89768,10.8672533
"201","8am",0,12.139149,34.54513,41.57055,11.7451727
"202","8am",3.5992285,19.337926,30.82194,34.76102,11.4798908
"203","8am",2.1765422,15.905847,34.41867,41.82802,5.6709162
"204","8am",0,12.573732,34.60851,37.44214,15.3756201
"205","8am",0,21.727903,34.32899,34.1658,9.7773101
"206","8am",1.2218632,12.956424,29.56244,49.52816,6.7311166
"207","8am",4.4477796,17.723556,42.55019,32.87358,2.4049002
"208","8am",2.2187547,31.498706,37.24736,25.26722,3.7679579
"209","8am",2.0262522,17.239082,39.40552,36.94538,4.3837652
"210","8am",4.8525846,23.952215,35.61314,26.54626,9.0357973
"211","8am",3.7419646,36.559983,25.7966,29.33644,4.5650139
"212","8am",1.2958421,25.168553,32.54035,35.09641,5.8988389
"213","8am",5.8800282,26.96949,28.21542,38.10258,0.8324887
"214","8am",0,18.17407,32.2035,43.8796,5.7428318
"215","8am",1.7812369,21.647683,32.11578,33.03243,11.4228673
"216","8am",2.7952186,23.671344,31.75406,37.31725,4.4621272
"217","8am",2.8578679,25.717307,27.83094,32.52373,11.0701513
"218","8am",0.8872397,29.951025,34.61094,20.86652,13.6842731
"219","8am",4.2434532,21.986039,39.37948,28.24891,6.1421124
"220","8am",0,30.573459,24.91594,31.89876,12.6118329
"221","8am",0,31.912083,16.68366,35.26328,16.1409781
"222","8am",3.7181364,16.758298,30.45729,32.76569,16.3005873
"223","8am",0.8065402,37.539423,31.52935,24.01338,6.1113145
"224","8am",0.7195341,14.34593,37.53772,38.36596,9.0308523
"225","8am",4.5178111,20.771475,41.61774,27.23654,5.8564327
"226","8am",2.2710461,22.491467,26.06611,37.89937,11.2720029
"227","8am",0,21.494404,29.71365,36.28983,12.5021199
"228","8am",0,21.952917,30.21325,35.6184,12.215426
"229","8am",0.5717005,27.19836,31.13506,33.98767,7.1072101
"230","8am",1.5681731,28.345892,34.80651,33.33612,1.9432999
"231","8am",2.9139204,30.000821,29.21496,28.92141,8.9488932
"232","8am",0,17.456919,39.08947,39.51514,3.9384733
"233","8am",0,24.346029,37.47187,31.1844,6.9977028
"001","9am",0.4677172,8.676921,27.26236,32.84146,30.751544
"002","9am",2.0490934,6.032021,21.51338,31.02452,39.380984
"003","9am",5.8245756,7.804207,25.8772,35.49736,24.996659
"004","9am",2.1476742,5.975139,21.56975,31.96322,38.344214
"005","9am",0.6350412,6.575047,27.42951,36.34837,29.012029
"006","9am",3.0855521,10.974887,29.38657,33.92164,22.631354
"007","9am",3.8416364,7.983103,26.02649,30.46314,31.685629
"008","9am",1.5199086,13.744378,30.0957,38.22691,16.413105
"009","9am",6.5260633,12.399532,25.15168,26.06267,29.860051
"010","9am",10.9132542,5.852396,33.38327,28.15117,21.699917
"011","9am",1.8366094,3.25294,30.03287,42.72843,22.149151
"012","9am",7.8207405,9.522188,25.79443,33.56721,23.295425
"013","9am",2.3775684,20.729059,26.73108,29.95393,20.208361
"014","9am",7.9114529,21.245734,35.01117,19.93288,15.898766
"015","9am",7.4472012,17.180107,34.56816,22.69662,18.10791
"016","9am",8.4280143,11.921003,33.41702,26.40618,19.827777
"017","9am",3.2827487,8.69155,36.99525,20.63513,30.395328
"018","9am",1.5443767,17.675238,24.46809,31.50938,24.802916
"019","9am",5.7055885,20.539656,31.31357,27.02338,15.417809
"020","9am",2.7855889,11.237183,22.93646,33.21398,29.826786
"021","9am",3.8131905,25.707747,31.91839,28.18244,10.37823
"022","9am",5.0466315,7.861585,32.77181,39.01425,15.305727
"023","9am",4.8007175,12.11041,31.62446,38.76656,12.697847
"024","9am",7.0010224,13.009768,25.65792,36.77096,17.560331
"025","9am",4.1794281,18.278568,38.11452,28.66718,10.760305
"026","9am",2.3843431,12.808007,29.91694,34.34118,20.549532
"027","9am",6.5073031,11.720781,31.05878,31.16994,19.543195
"028","9am",5.3970088,10.008812,41.03534,28.18631,15.372528
"029","9am",6.7785265,21.184297,34.09152,18.83064,19.115013
"030","9am",3.2087564,6.928915,29.56124,25.29815,35.002938
"031","9am",1.6900575,14.759957,24.13513,30.98006,28.434796
"032","9am",2.4233099,17.626139,36.51718,31.60165,11.831717
"033","9am",5.2093866,18.654517,25.55345,31.06938,19.513268
"034","9am",1.1230079,11.198755,31.44496,35.43102,20.802263
"035","9am",2.9054081,14.359148,34.35463,34.69517,13.685638
"036","9am",1.293364,6.223953,23.5627,33.62427,35.295712
"037","9am",11.8204456,8.405238,33.48487,31.8442,14.445239
"038","9am",2.4046787,16.877943,19.89329,37.15031,23.673781
"039","9am",2.8303541,25.344499,29.52949,28.0823,14.213356
"040","9am",2.7239996,19.887396,27.17885,36.91454,13.295218
"041","9am",7.8715989,19.527554,31.47242,26.77815,14.350276
"042","9am",6.0163436,16.146405,24.70987,31.0035,22.123887
"043","9am",2.464869,24.271359,28.46218,31.98378,12.817807
"044","9am",1.8362526,18.623267,40.27253,28.28298,10.984971
"045","9am",4.7619626,9.558031,31.18269,38.36108,16.136236
"046","9am",4.213979,26.27583,31.27487,28.38974,9.845577
"047","9am",3.0891834,27.72732,26.76922,28.89279,13.521489
"048","9am",6.3192823,24.947422,34.84756,23.3065,10.579238
"049","9am",2.9509561,22.501921,22.9907,35.27684,16.27958
"050","9am",4.3169743,18.324402,36.764,27.74612,12.848507
"051","9am",1.0734856,26.874757,35.98401,24.95711,11.110631
"052","9am",1.0322619,25.853056,36.30652,23.71299,13.095165
"053","9am",1.1574472,16.752845,24.15176,32.23437,25.703575
"101","9am",6.6550595,10.281674,38.03953,34.3126,10.71113
"102","9am",4.5521675,18.129235,25.24105,35.1619,16.915644
"103","9am",3.9443695,11.887767,37.08927,31.31996,15.75864
"104","9am",6.3032296,13.429675,32.93317,29.10999,18.223936
"105","9am",4.1833767,12.821072,32.58257,28.98145,21.431531
"106","9am",3.2235263,19.036882,37.44345,26.10875,14.187397
"107","9am",5.207474,18.686503,22.90928,40.04451,13.152231
"108","9am",0.9956035,24.798123,33.0466,36.58704,4.572629
