"district","hour","cspmen1","cspmen2","cspmen3","cspmen4","cspmen5"
"001","4am",1.0551676,7.660782,14.84102,30.209667,46.233362
"002","4am",3.9248996,5.75862,23.98605,35.006204,31.324231
"003","4am",11.1882429,3.173135,18.58013,37.395081,29.663407
"004","4am",3.5732255,9.605802,13.61448,47.230616,25.975881
"005","4am",2.9907271,5.472737,24.6102,36.405064,30.521275
"006","4am",4.889119,13.13443,36.54931,33.979329,11.447813
"007","4am",11.3322191,11.937648,33.08443,29.477855,14.167848
"008","4am",2.0404779,16.933977,21.30587,42.69529,17.024383
"009","4am",8.92522,6.355683,19.38331,31.798091,33.537697
"010","4am",12.503915,4.965634,27.13385,23.76784,31.628763
"011","4am",2.4946194,5.51104,28.8652,37.688596,25.440546
"012","4am",11.8148103,11.352572,17.88218,41.002051,17.948383
"013","4am",3.0715255,26.89535,19.74824,28.583784,21.701099
"014","4am",14.0218069,28.288408,35.26153,14.785798,7.642454
"015","4am",8.2490856,20.800695,28.03726,23.565252,19.347706
"016","4am",12.4149583,15.180422,40.77325,19.040517,12.590852
"017","4am",6.7588181,16.274236,33.57384,22.382094,21.011009
"018","4am",4.2961414,23.877818,20.35288,32.326786,19.146377
"019","4am",9.7229888,24.035924,22.29719,28.563491,15.380411
"020","4am",11.7719021,15.862325,23.46286,28.609841,20.293068
"021","4am",5.7581634,29.634712,36.87053,22.945255,4.791341
"022","4am",9.3650588,16.333347,32.13855,34.847791,7.315258
"023","4am",6.4501202,20.476928,36.35404,31.54529,5.173625
"024","4am",16.768367,28.368833,18.83831,25.034786,10.989704
"025","4am",10.0332622,21.221747,43.2733,19.161041,6.310645
"026","4am",3.6819461,22.614035,33.42804,30.493607,9.782369
"027","4am",12.1990814,14.848077,35.60433,27.418537,9.929975
"028","4am",9.063847,20.283797,27.8428,28.881436,13.928118
"029","4am",14.5369253,25.620811,30.19208,12.24624,17.403947
"030","4am",9.6585582,9.154122,48.86921,24.113294,8.204817
"031","4am",2.9546567,20.882062,32.01423,31.031633,13.117419
"032","4am",4.8980118,19.283248,35.87106,28.515299,11.432379
"033","4am",9.1433056,27.633483,30.33211,26.076727,6.81437
"034","4am",4.5348991,22.499682,42.57911,22.57762,7.80869
"035","4am",4.9901474,20.621709,37.94712,32.150549,4.290471
"036","4am",3.4367402,16.331218,38.66669,21.750651,19.814703
"037","4am",13.1814383,9.460701,33.84151,32.925725,10.590625
"038","4am",6.8193153,12.407921,25.58134,39.812876,15.378548
"039","4am",5.8222923,25.541989,27.61751,27.251278,13.766927
"040","4am",2.6171243,17.238131,34.94756,42.524158,2.673032
"041","4am",13.7101529,24.049641,33.84739,13.564294,14.828518
"042","4am",10.6660573,18.867703,39.40474,24.747533,6.313967
"043","4am",1.9302976,26.880857,26.77088,34.860075,9.557891
"044","4am",3.8232533,27.578223,42.57038,26.028148,0
"045","4am",4.9358903,14.353413,26.39127,39.54969,14.769732
"046","4am",2.8048119,39.535509,30.13567,24.023592,3.500417
"047","4am",11.2900005,29.492392,29.37972,23.332665,6.505218
"048","4am",7.9300125,38.883544,33.42156,10.757155,9.007733
"049","4am",6.3111692,31.326837,31.01766,22.284901,9.05943
"050","4am",3.3505318,26.084678,31.71232,32.200597,6.651876
"051","4am",1.511725,40.974193,38.42609,13.369876,5.718116
"052","4am",0.7928637,42.385791,24.03016,25.89928,6.89191
"053","4am",4.1130605,28.171182,36.75596,21.896405,9.063389
"101","4am",5.8886502,16.824413,41.17483,31.835044,4.277067
"102","4am",1.7441709,20.377356,24.64827,32.86566,20.364538
"103","4am",4.8255957,18.279794,43.2196,23.034051,10.640962
"104","4am",15.1925641,13.309599,33.50437,30.393699,7.599763
"105","4am",3.2196542,27.613814,26.71879,33.679537,8.768201
"106","4am",5.3300788,35.63407,30.7654,18.973725,9.296731
"107","4am",10.7625292,22.523591,28.64729,30.453801,7.612788
"108","4am",2.1047264,29.845413,35.09077,28.123149,4.835943
"109","4am",10.3007203,35.998459,29.2612,20.178337,4.261288
"110","4am",3.5942216,31.076137,34.26483,26.480167,4.584647
"111","4am",11.0624355,16.340097,45.02564,21.233974,6.33785
"112","4am",7.7620846,15.434198,34.4253,27.184164,15.194258
"113","4am",15.4247712,35.542867,24.50376,17.622815,6.905784
"114","4am",18.1604109,36.187275,33.98198,7.046387,4.623946
"115","4am",1.3841524,21.625724,40.0079,26.01613,10.966093
"116","4am",7.5601581,19.243751,23.75521,35.89781,13.543069
"117","4am",12.7302489,43.228939,28.75563,10.290137,4.995041
"118","4am",4.3766692,32.29502,24.73439,22.792207,15.801712
"119","4am",12.0052237,49.885594,30.61029,6.396618,1.102278
"120","4am",12.9574181,42.260017,29.74186,13.961721,1.078983
"121","4am",14.9403906,51.668794,14.46313,17.474366,1.453316
"122","4am",15.9583722,40.990655,22.43137,18.319712,2.299891
"123","4am",3.3035958,27.91905,25.83431,28.947018,13.996025
"124","4am",4.9437687,25.995143,33.22277,26.490176,9.348141
"125","4am",3.2873665,29.831588,35.0519,28.827901,3.001241
"126","4am",1.4097737,30.890598,26.30312,32.533933,8.862577
"127","4am",1.2638013,15.035498,33.14074,31.577904,18.982057
"128","4am",1.9145644,34.714788,21.98261,32.805559,8.582478
"129","4am",1.3144106,29.438094,30.22065,31.512314,7.514528
"130","4am",1.9871457,34.549626,30.21895,31.099294,2.144983
"131","4am",6.9082136,16.025303,28.15711,40.283827,8.625543
"132","4am",1.3176249,24.099073,31.09362,33.731935,9.75775
"133","4am",4.9625426,10.696526,33.13795,37.933825,13.269161
"134","4am",3.0112739,25.219721,29.79691,33.883021,8.089074
"135","4am",0,25.525164,26.34454,33.309124,14.821172
"136","4am",0.536557,20.887834,31.56762,37.419836,9.588152
"200","4am",2.2307239,14.699553,35.42459,36.825962,10.819167
"201","4am",0,15.725376,35.28339,38.617059,10.374179
"202","4am",2.5108389,18.929803,30.00206,35.321819,13.235479
"203","4am",1.4640991,16.346963,31.47606,41.806723,8.906156
"204","4am",0,16.397317,33.52842,34.578155,15.496112
"205","4am",0,29.05359,33.07394,30.240881,7.631585
"206","4am",1.0588742,14.778816,28.58614,48.872958,6.703211
"207","4am",3.9000385,14.629205,49.21214,30.582427,1.676189
"208","4am",1.715677,30.295885,40.30365,22.826382,4.858408
"209","4am",2.1074971,23.931123,38.43999,32.042765,3.478621
"210","4am",5.8930858,29.071173,30.84722,27.174625,7.013899
"211","4am",3.1484885,29.162557,33.41779,30.340889,3.930275
"212","4am",0.9513635,27.838907,35.83536,30.306026,5.068346
"213","4am",5.2621895,33.488818,28.02701,31.246465,1.975516
"214","4am",0,22.688316,34.80633,38.388934,4.116419
"215","4am",1.6048787,21.47969,35.08574,29.559449,12.270242
"216","4am",3.2780299,24.975921,27.72789,38.325114,5.693043
"217","4am",2.9661622,31.519504,29.40517,25.511436,10.597733
"218","4am",0.5790934,29.409284,33.23289,25.507413,11.27132
"219","4am",2.9318178,23.345232,40.42557,27.766152,5.531232
"220","4am",0.6597549,32.552241,28.0962,27.511896,11.179911
"221","4am",0,32.083797,24.43697,31.726455,11.752779
"222","4am",3.6050608,13.017908,36.57434,33.974777,12.827918
"223","4am",0.5333691,35.225378,31.75003,29.504136,2.98709
"224","4am",0.6032877,13.533189,32.03661,42.520115,11.306795
"225","4am",4.6632824,19.241193,36.95992,29.167721,9.967884
"226","4am",2.2315261,27.514857,28.58146,32.88232,8.789837
"227","4am",0,15.830178,42.80493,29.21209,12.152801
"228","4am",1.4948492,22.110287,31.18138,32.851742,12.361741
"229","4am",0.4583922,24.15896,31.71776,36.286844,7.378043
"230","4am",1.1516403,33.084529,34.9908,28.304292,2.468743
"231","4am",2.6312571,34.707029,28.15459,27.832731,6.674394
"232","4am",0,26.825634,35.40283,34.115735,3.655797
"233","4am",0,21.433202,40.26229,32.282548,6.021963
"001","5am",1.0845197,7.873886,15.25386,29.731483,46.056252
"002","5am",3.8312836,5.621267,25.79912,34.171242,30.5770914
"003","5am",10.9332538,4.264026,18.36699,37.448377,28.9873537
"004","5am",3.539346,10.868163,14.01647,45.846427,25.729591
"005","5am",3.0428987,5.568206,23.29506,37.04013,31.0537021
"006","5am",4.7482299,13.890146,37.24355,33.00015,11.1179224
"007","5am",11.3130143,11.743501,33.00492,29.794726,14.143838
"008","5am",2.0807009,14.677954,21.72587,44.155502,17.3599779
"009","5am",9.0211114,6.423967,19.03135,31.625552,33.8980215
"010","5am",12.503915,4.965634,27.13385,23.76784,31.6287633
"011","5am",2.4697021,5.455993,28.57688,38.310987,25.1864355
"012","5am",12.0464593,11.575158,18.23279,40.701266,17.4443223
"013","5am",3.105887,25.796022,20.56188,28.903554,21.6326619
"014","5am",13.2591288,29.620729,35.25959,14.218525,7.6420313
"015","5am",8.2490856,20.800695,28.03726,23.565252,19.3477061
"016","5am",13.1280166,14.486257,40.76261,19.035548,12.5875664
"017","5am",6.8623172,15.561883,33.51821,22.724835,21.3327544
"018","5am",4.2638694,24.449637,20.19999,32.083952,19.0025521
"019","5am",9.7646815,23.681444,21.42035,29.687166,15.4463626
"020","5am",11.3592851,15.870243,23.59408,28.769838,20.4065549
"021","5am",5.6546174,30.900053,36.20751,22.532643,4.7051809
"022","5am",9.2718434,16.557841,32.42694,34.500933,7.2424453
"023","5am",6.531875,20.736472,36.81482,30.677632,5.2392004
"024","5am",16.0653665,28.319056,20.12573,24.96088,10.5289695
"025","5am",10.0332622,21.221747,43.2733,19.161041,6.3106451
"026","5am",3.6819461,22.614035,33.42804,30.493607,9.7823686
"027","5am",11.9853504,15.671796,35.6487,26.938157,9.7559989
"028","5am",8.9328044,20.914647,27.96192,28.463876,13.7267488
"029","5am",14.6010431,25.790453,30.72014,11.931587,16.9567724
"030","5am",9.7025976,9.356615,48.47532,24.223242,8.2422276
"031","5am",2.8625276,21.288172,32.68019,30.46071,12.7084049
"032","5am",4.2273516,19.419233,36.12403,28.716389,11.5130007
"033","5am",9.1327366,28.792548,29.82905,25.43917,6.8064932
"034","5am",4.4391646,21.488853,41.68024,24.747901,7.6438434
"035","5am",5.0240532,20.607612,37.67971,32.368997,4.3196233
"036","5am",2.8559976,18.356413,38.32029,20.830101,19.637194
"037","5am",13.2431127,9.037079,33.99985,33.079781,10.6401775
"038","5am",6.6540318,13.84988,27.16277,38.277425,14.0558957
"039","5am",5.6925434,25.608618,27.72127,26.683225,14.29434
"040","5am",2.6124308,17.386554,34.88488,42.447896,2.6682381
"041","5am",13.7671206,23.353882,34.36821,13.620656,14.8901327
"042","5am",10.6817476,19.453735,38.75732,24.783937,6.3232556
"043","5am",1.9596294,26.323793,27.14919,35.38979,9.1776022
"044","5am",3.9117431,25.902009,43.55567,26.630574,0
"045","5am",4.9626946,14.431359,25.99154,39.764464,14.8499383
"046","5am",2.8397193,39.346777,30.84844,23.421079,3.5439815
"047","5am",11.0304473,30.420892,29.39674,22.796256,6.3556657
"048","5am",8.072473,38.606185,34.02196,10.950405,8.3489737
"049","5am",6.3253263,33.152889,29.76694,21.675098,9.0797518
"050","5am",3.3899874,26.39185,31.229,32.579789,6.4093706
"051","5am",1.5188415,40.696328,38.60698,13.432815,5.7450343
"052","5am",0.8314159,39.748832,25.1986,26.994133,7.2270215
"053","5am",3.9995417,29.777521,35.94842,21.292072,8.9824454
"101","5am",5.8886502,16.824413,41.17483,31.835044,4.2770673
"102","5am",1.7441709,20.377356,24.64827,32.86566,20.3645381
"103","5am",4.8035706,18.196361,43.47876,22.928918,10.592394
"104","5am",14.9086455,12.503129,34.32776,29.825702,8.4347658
"105","5am",3.2394129,27.783278,26.26907,33.886224,8.8220104
"106","5am",5.170348,35.911494,31.49491,18.405124,9.0181283
"107","5am",11.0110778,21.506829,28.5364,31.157098,7.7885964
"108","5am",2.1641351,29.795256,35.47921,28.25296,4.3084427
"109","5am",10.5532749,34.689189,29.05929,21.332479,4.3657674
"110","5am",3.5476743,32.392037,33.82108,25.713938,4.5252734
"111","5am",11.4298051,16.882731,44.72691,20.138928,6.8216274
"112","5am",7.623879,16.844846,34.39928,26.208275,14.9237208
"113","5am",14.3915046,34.904839,26.99484,17.265637,6.4431825
"114","5am",18.2735506,36.412723,33.57069,7.090286,4.6527532
"115","5am",1.3841524,21.625724,40.0079,26.01613,10.9660934
"116","5am",7.5336834,19.176362,24.02221,35.7721,13.4956425
"117","5am",13.0014554,42.469726,28.918,10.509359,5.1014557
"118","5am",4.3605123,31.506822,25.68122,22.708068,15.7433786
"119","5am",11.3416943,50.719618,29.38838,7.573726,0.9765829
"120","5am",13.65707,40.298849,30.19124,14.715601,1.1372445
"121","5am",14.0878789,52.765723,15.26197,16.881318,1.0031144
"122","5am",16.2114474,41.2679,21.69015,18.494139,2.3363642
"123","5am",3.2841076,28.843368,25.1828,28.776258,13.9134616
"124","5am",4.9990325,25.934206,32.82783,26.786295,9.4526387
"125","5am",3.3762224,28.66766,35.26665,29.607106,3.082363
"126","5am",1.4620042,29.167828,26.43996,33.739279,9.1909255
"127","5am",1.2753851,14.270183,34.46334,30.835046,19.1560433
"128","5am",1.9663795,35.654297,21.30914,32.255427,8.8147516
"129","5am",1.3281715,28.589487,29.75602,32.733127,7.5931987
"130","5am",2.0339248,35.362952,30.93033,29.477315,2.1954781
"131","5am",6.9554902,15.450619,28.34981,40.559511,8.6845717
"132","5am",1.2983414,25.209882,30.63856,33.238269,9.6149456
"133","5am",4.9100244,10.583326,33.84554,37.532374,13.1287347
"134","5am",3.0756918,23.620002,30.43433,34.607855,8.2621178
"135","5am",0,23.975581,24.69839,35.520769,15.8052619
"136","5am",0.5409834,21.983612,30.07962,37.728537,9.6672514
"200","5am",2.2788739,12.858349,36.18923,37.620848,11.0526978
"201","5am",0,16.002084,35.90424,37.536949,10.5567261
"202","5am",2.506772,19.69628,29.3183,35.264608,13.2140416
"203","5am",1.4822088,15.312242,31.86539,42.323838,9.0163178
"204","5am",0,16.525136,33.78978,34.847696,14.8373925
"205","5am",0,28.232114,33.65807,30.430406,7.6794142
"206","5am",1.0588742,14.778816,28.58614,48.872958,6.7032106
"207","5am",3.9000385,14.629205,49.21214,30.582427,1.6761892
"208","5am",1.7356358,30.648323,40.39539,23.091926,4.128728
"209","5am",2.1074971,23.931123,38.43999,32.042765,3.478621
"210","5am",5.8137581,30.025956,30.43198,26.808824,6.9194837
"211","5am",3.2102391,29.038411,33.58339,30.1606,4.0073583
"212","5am",0.9769799,27.086675,35.60948,31.122045,5.2048163
"213","5am",5.1860281,33.678233,27.62137,31.567448,1.9469242
"214","5am",0,23.034094,34.65886,38.127895,4.1791551
"215","5am",1.6371016,20.278692,35.7902,29.777405,12.5166048
"216","5am",3.3279531,24.764837,28.15018,37.977285,5.7797465
"217","5am",2.9118374,31.484774,28.86661,26.333138,10.4036367
"218","5am",0.6036293,30.485278,31.95176,25.210448,11.74888
"219","5am",2.9894298,21.838919,41.21995,28.311773,5.6399238
"220","5am",0.6762699,31.88939,28.7995,27.175077,11.4597654
"221","5am",0,29.64153,25.31572,32.867338,12.1754094
"222","5am",3.6018985,13.094207,36.54226,33.944975,12.8166652
"223","5am",0.5333691,35.225378,31.75003,29.504136,2.9870901
"224","5am",0.5995001,13.448223,32.46331,42.253161,11.2358072
"225","5am",4.7096949,19.432696,36.18301,29.607504,10.067092
"226","5am",2.2492685,28.357072,28.19039,32.343542,8.8597231
"227","5am",0,17.006673,42.20662,28.803774,11.982934
"228","5am",1.5290655,20.327434,31.89511,33.6037,12.6446946
"229","5am",0.4652438,24.520066,30.69714,36.829225,7.4883229
"230","5am",1.160871,33.256133,35.27126,27.82321,2.4885302
"231","5am",2.5703897,34.756103,28.96462,27.188891,6.519999
"232","5am",0,24.622309,35.71557,35.823337,3.8387808
"233","5am",0,21.433202,40.26229,32.282548,6.0219632
"001","6am",1.0444802,9.912849,13.71783,30.96894,44.3558972
"002","6am",3.1791727,6.638938,28.62279,36.18644,25.3726597
"003","6am",10.2450406,5.134106,17.73568,37.97239,28.9127791
"004","6am",3.3630753,11.339748,15.91149,44.890914,24.4947704
"005","6am",2.9712794,7.642329,24.37179,34.691801,30.3228053
"006","6am",5.4686784,13.734071,36.30093,32.177393,12.3189329
"007","6am",11.4047865,11.256756,32.58461,30.495273,14.2585741
"008","6am",2.070189,13.745497,20.54768,45.248317,18.3883166
"009","6am",9.1640074,6.525724,18.76372,32.259192,33.2873566
"010","6am",12.1892436,4.84067,29.2345,22.902785,30.8327993
"011","6am",2.5346525,5.114609,27.1834,39.318523,25.8488105
"012","6am",12.617767,11.578848,17.83993,40.072299,17.8911589
"013","6am",3.1181287,25.897696,21.35924,28.357941,21.2669908
"014","6am",13.0701293,31.019346,33.77762,14.707611,7.4252966
"015","6am",8.4678379,20.553849,29.35008,22.118487,19.5097492
"016","6am",13.1337253,15.059987,40.61305,18.499735,12.6935001
"017","6am",6.8072933,15.437104,33.52692,22.542621,21.6860665
"018","6am",3.4265398,22.847354,22.75425,31.576376,19.3954842
"019","6am",10.0359004,23.169469,20.79082,30.511742,15.492073
"020","6am",10.9457086,16.92945,24.02658,27.661502,20.436761
"021","6am",5.849834,31.966828,35.86826,21.447459,4.8676197
"022","6am",9.582396,14.316618,33.98964,34.626316,7.4850249
"023","6am",6.7294583,19.741368,37.94527,30.186224,5.3976815
"024","6am",16.5655915,27.652765,21.56877,23.356065,10.8568084
"025","6am",10.2551144,20.424137,44.23015,18.640415,6.450184
"026","6am",3.6473246,22.950568,32.62957,30.206874,10.565666
"027","6am",12.3043391,16.088899,34.6577,26.933405,10.0156536
"028","6am",9.1336231,20.753467,27.47853,28.599036,14.0353403
"029","6am",14.9162404,25.501387,31.88621,11.222609,16.4735525
"030","6am",9.7381264,10.249062,47.68074,24.059659,8.2724089
"031","6am",4.785489,21.602009,30.91039,29.555588,13.1465207
"032","6am",4.2635157,20.444093,34.71885,28.962052,11.6114919
"033","6am",9.2293437,25.081,29.72783,29.083336,6.8784931
"034","6am",4.35034,19.876179,43.89703,24.385559,7.4908954
"035","6am",5.2112315,19.128819,38.19448,32.984911,4.480557
"036","6am",2.8903185,18.948385,37.94212,20.346,19.8731763
"037","6am",13.37527,9.127263,33.81377,32.937337,10.7463593
"038","6am",6.7341782,15.321907,26.97885,38.253938,12.7111305
"039","6am",5.5517966,27.690844,25.91841,26.898038,13.940916
"040","6am",2.6828177,16.469118,35.20214,42.905798,2.7401286
"041","6am",12.1042269,24.226832,34.17433,14.090665,15.4039478
"042","6am",10.0372424,19.27452,39.63483,25.432619,5.6207836
"043","6am",2.0750206,26.015175,29.26488,32.926908,9.7180178
"044","6am",4.1750974,26.083641,42.519,26.514504,0.7077601
"045","6am",4.9845575,14.29899,25.88733,39.913761,14.9153591
"046","6am",2.1737503,38.931137,31.74515,23.581677,3.5682826
"047","6am",10.1921019,31.917756,29.53728,23.090949,5.2619093
"048","6am",8.5088333,37.677053,31.81078,13.203051,8.8002803
"049","6am",6.4582999,31.985769,29.99301,22.292287,9.2706301
"050","6am",3.531127,24.619904,33.76585,32.810489,5.2726291
"051","6am",1.5866943,40.900951,39.33532,12.175343,6.0016882
"052","6am",0.8306409,39.804993,25.17511,26.968971,7.2202851
"053","6am",4.2647842,29.382324,34.87818,21.027012,10.447697
"101","6am",6.1710145,15.805277,40.18,33.361553,4.4821552
"102","6am",1.8340264,20.770291,22.85613,33.935707,20.6038428
"103","6am",4.9154202,18.620057,43.72815,23.462811,9.273561
"104","6am",14.7407164,13.488683,33.94109,29.489749,8.3397576
"105","6am",3.2388487,28.165092,27.11133,32.664253,8.8204739
"106","6am",5.0928404,35.775778,30.50226,19.746177,8.8829395
"107","6am",12.0599603,22.718235,29.1677,27.987108,8.0669949
"108","6am",2.2874872,28.415718,36.0465,28.696273,4.5540168
"109","6am",10.480285,33.529435,29.64866,21.780572,4.5610482
"110","6am",4.0182298,32.706886,33.00188,25.20823,5.0647698
"111","6am",11.5490543,16.015554,45.19355,20.349041,6.8927987
"112","6am",8.6196123,16.793682,32.97988,26.510822,15.0959994
"113","6am",13.2848227,34.456011,27.68539,18.233316,6.3404559
"114","6am",17.9561524,36.173527,33.60556,7.405295,4.8594667
"115","6am",1.4420152,18.815187,41.21458,27.103702,11.4245172
"116","6am",7.6762464,18.515881,23.63407,36.422775,13.7510261
"117","6am",10.8181751,46.011585,28.69084,9.866115,4.6132825
"118","6am",4.3122622,32.530284,25.25674,22.331538,15.5691742
"119","6am",9.0099565,48.227379,30.19394,10.906614,1.6621123
"120","6am",13.6691024,40.361926,29.73558,15.09515,1.1382465
"121","6am",13.1976689,51.076755,16.24436,17.858592,1.6226216
"122","6am",15.6423005,42.239411,20.95177,18.772455,2.3940616
"123","6am",3.2064441,27.924485,27.80279,28.095749,12.970536
"124","6am",5.4309048,25.800883,33.44585,28.413818,6.9085409
"125","6am",3.5472686,25.73333,36.37382,31.107061,3.2385217
"126","6am",1.5406076,29.93291,27.86148,30.97993,9.6850676
"127","6am",1.3400103,14.214739,34.55096,30.852192,19.0420974
"128","6am",2.1232463,35.851138,21.37272,31.949599,8.703299
"129","6am",1.4310743,29.752294,30.33865,30.296487,8.1814974
"130","6am",2.1519708,34.022197,31.6055,30.737424,1.4829119
"131","6am",6.9205188,15.309458,28.20727,41.59496,7.9677952
"132","6am",1.3088277,25.09903,30.88602,33.013521,9.6926023
"133","6am",4.9736218,9.770698,35.52688,38.018514,11.7102842
"134","6am",3.2273082,23.171325,31.9346,34.365775,7.300996
"135","6am",0,22.956978,24.13009,36.98672,15.9262104
"136","6am",0.5594947,22.124176,30.26678,38.196347,8.8532007
"200","6am",2.3581791,13.824513,37.44862,36.940525,9.4281613
"201","6am",0,15.577114,37.37564,35.856601,11.1906502
"202","6am",2.5748996,20.673229,28.20641,34.568339,13.9771217
"203","6am",1.639256,15.129126,32.55428,41.464418,9.2129199
"204","6am",0,14.24703,35.92291,34.479996,15.3500594
"205","6am",0,26.358632,34.42392,31.29484,7.9226097
"206","6am",1.1188778,13.736862,30.17815,47.88305,7.0830639
"207","6am",4.2345864,15.106876,46.81525,32.023313,1.8199739
"208","6am",2.2242508,29.851893,39.89566,24.065191,3.9630035
"209","6am",1.604292,22.708934,38.88011,33.096669,3.7099983
"210","6am",5.7372699,30.064269,31.56352,25.806494,6.8284481
"211","6am",3.3893089,27.092883,34.47747,30.809446,4.230892
"212","6am",0.9979439,25.798148,36.09755,31.789862,5.3165012
"213","6am",5.5318437,31.523839,30.38216,31.876546,0.6856079
"214","6am",0,18.204816,35.50378,41.516485,4.7749147
"215","6am",1.6906506,20.526302,36.47263,28.847255,12.4631652
"216","6am",3.435873,24.575724,29.06304,37.580219,5.3451439
"217","6am",2.9159338,31.863295,27.23285,27.569651,10.4182725
"218","6am",0.6682016,28.409309,31.72247,26.194318,13.0056983
"219","6am",3.2398428,22.219772,39.14677,29.281262,6.1123585
"220","6am",0.6932833,29.739932,29.98639,28.312682,11.2677147
"221","6am",0,31.742544,23.36981,33.072874,11.8147734
"222","6am",3.723002,13.210746,37.08783,33.546813,12.4316099
"223","6am",0.5967034,36.82702,29.8499,29.384591,3.3417885
"224","6am",0.6395614,15.721714,34.06843,38.223226,11.3470724
"225","6am",5.2171312,18.569269,36.18311,30.993108,9.037379
"226","6am",2.4011009,27.510505,26.32338,33.779364,9.9856501
"227","6am",0,17.257507,39.76168,30.048782,12.9320297
"228","6am",1.6624138,17.477737,34.05893,33.648186,13.1527296
"229","6am",0.5128856,24.104813,30.80278,36.324376,8.2551408
"230","6am",1.2233364,34.145941,33.12121,29.32035,2.1891641
"231","6am",2.5912321,32.928108,29.89186,28.01593,6.5728675
"232","6am",0,23.925205,34.26681,38.282338,3.5256443
"233","6am",0,21.066564,41.28392,32.46071,5.1888062
"001","7am",0.9678488,15.206627,21.46159,27.741035,34.6229035
"002","7am",3.8023646,8.749516,29.04792,31.422694,26.977507
"003","7am",10.0925809,8.943212,14.98306,37.094571,28.8865778
"004","7am",2.8935326,8.751024,21.39909,44.637892,22.3184636
"005","7am",1.0463761,8.659364,27.01828,36.051349,27.2246313
"006","7am",6.008102,14.081044,31.07498,35.898278,12.9375998
"007","7am",8.7867811,12.714393,33.33595,29.584708,15.5781653
"008","7am",1.2741148,16.998189,23.05813,42.701879,15.9676847
"009","7am",8.6450983,15.021645,19.72751,28.093763,28.5119842
"010","7am",14.3739821,6.401639,33.15819,22.386831,23.679362
"011","7am",5.1960406,6.664409,25.25562,38.797801,24.0861297
"012","7am",14.1362383,12.031818,15.68899,40.430596,17.7123562
"013","7am",3.3752842,27.317303,21.20305,28.159843,19.9445213
"014","7am",14.4572682,30.241177,34.2272,16.347599,4.726757
"015","7am",7.0661885,21.99453,28.58208,23.920048,18.43715
"016","7am",11.9639803,17.504294,38.75859,18.97208,12.8010573
"017","7am",7.4096494,14.438344,31.76548,23.64228,22.7442438
"018","7am",3.5054487,23.511229,23.65546,30.26384,19.0640257
"019","7am",9.455011,26.453581,22.54819,28.530417,13.0128025
"020","7am",7.4154276,15.120893,29.00631,29.6814,18.775967
"021","7am",7.3797591,32.410973,30.37199,22.869802,6.9674778
"022","7am",8.6819832,14.249504,36.20202,35.569643,5.2968533
"023","7am",5.8515027,15.959601,40.7112,29.505083,7.9726131
"024","7am",12.2763407,27.057274,24.36573,25.777458,10.523194
"025","7am",8.1431533,20.723994,42.4681,22.049416,6.6153317
"026","7am",4.5424716,22.790985,34.1364,25.254625,13.2755144
"027","7am",13.0572314,14.766201,35.68155,26.528323,9.9666914
"028","7am",9.9764599,18.861838,32.61534,27.865194,10.6811654
"029","7am",13.5803099,28.949046,32.0387,11.977109,13.4548343
"030","7am",7.4467051,12.589338,39.85276,27.721054,12.3901418
"031","7am",4.1018586,21.449579,31.9022,29.989402,12.5569599
"032","7am",7.5661739,21.40066,33.71478,25.241828,12.0765539
"033","7am",7.9427866,24.015456,28.189,30.319756,9.5330053
"034","7am",6.0303322,19.442155,38.44725,26.322723,9.757537
"035","7am",5.2797456,22.947268,40.01304,28.254986,3.5049615
"036","7am",3.2607592,22.715548,37.29482,23.111463,13.6174076
"037","7am",12.5718175,11.526822,39.0737,24.055565,12.7720953
"038","7am",6.0948208,18.57968,28.80788,34.618624,11.8989954
"039","7am",5.6345922,28.920674,27.99558,24.8336,12.6155572
"040","7am",2.5406624,18.708729,35.80289,38.700052,4.2476649
"041","7am",13.2797708,23.353685,39.52977,11.230915,12.6058611
"042","7am",9.4575595,23.611977,32.70416,29.26818,4.958123
"043","7am",2.3530115,28.43017,30.34907,32.111289,6.7564603
"044","7am",4.0199458,26.824767,41.52902,25.82184,1.8044238
"045","7am",4.8594805,14.588917,26.77125,42.475401,11.3049497
"046","7am",2.3507549,42.505316,26.62809,23.074326,5.4415169
"047","7am",9.1673916,33.316878,26.54253,23.242891,7.7303096
"048","7am",9.0712065,36.749616,32.3241,14.374128,7.4809475
"049","7am",5.4234009,33.59323,26.20566,23.259876,11.5178358
"050","7am",3.8219404,27.471358,38.1433,27.059708,3.5036925
"051","7am",1.0662271,43.416665,39.59288,13.093766,2.8304639
"052","7am",0.8652651,42.485129,23.56173,26.132449,6.9554262
"053","7am",3.3306536,26.112821,36.49677,23.058147,11.0016096
"101","7am",6.7644225,14.043246,40.59049,33.688676,4.9131616
"102","7am",2.0577966,17.77074,26.98194,34.839742,18.3497847
"103","7am",5.2305237,20.374528,42.94679,22.081766,9.366392
"104","7am",14.8873614,14.646915,36.22397,26.999359,7.2423898
"105","7am",5.339548,27.837584,27.04445,31.541583,8.2368369
"106","7am",4.5614598,33.997428,29.78776,20.022999,11.6303538
"107","7am",10.7754603,27.873329,29.72487,24.733817,6.8925188
"108","7am",4.3429369,30.862076,32.24129,27.471544,5.0821535
"109","7am",10.6692144,31.894632,29.63339,23.153748,4.6490126
"110","7am",4.9946324,37.679151,26.97351,24.788752,5.5639594
"111","7am",8.8575845,19.003099,40.39125,23.71509,8.0329752
"112","7am",10.1104106,17.679607,33.46525,25.339787,13.4049466
"113","7am",8.7348672,31.810437,26.74169,29.310249,3.402758
"114","7am",19.1887211,39.897603,30.52039,6.650665,3.7426246
"115","7am",1.730559,19.454703,48.44315,20.073183,10.2984092
"116","7am",8.6973325,20.547958,26.58808,28.099794,16.0668374
"117","7am",11.0611234,41.471733,28.27345,14.00669,5.1870034
"118","7am",4.3715631,28.756571,28.55978,25.618387,12.6936982
"119","7am",6.0832528,42.608013,31.34734,16.160047,3.801343
"120","7am",15.5514208,37.938999,29.55308,15.788756,1.1677403
"121","7am",12.6312067,48.35584,14.49173,22.183992,2.3372305
"122","7am",15.5221711,41.428289,21.18976,19.366998,2.492785
"123","7am",4.2347115,26.62761,29.25483,29.676447,10.2064011
"124","7am",6.5379233,28.08982,34.97158,23.695063,6.7056136
"125","7am",3.2214463,19.944336,40.16082,30.318246,6.3551463
"126","7am",1.9726418,34.074371,25.83946,32.135532,5.9780007
"127","7am",1.5498044,15.213352,37.52129,31.051114,14.6644372
"128","7am",2.3040248,38.087062,20.31101,29.773419,9.5244883
"129","7am",1.5102928,29.135954,30.21148,29.20601,9.9362628
"130","7am",2.4776113,30.52657,30.73373,33.539441,2.7226442
"131","7am",7.8095203,16.644737,28.63386,39.326734,7.58515
"132","7am",1.4944308,27.163023,29.73842,33.648235,7.9558943
"133","7am",3.3859621,9.772612,36.88876,37.287614,12.6650463
"134","7am",3.8163108,20.76146,34.91487,31.873886,8.6334705
"135","7am",0,28.888392,23.95677,36.422899,10.7319344
"136","7am",0.6167394,23.491392,31.07698,39.146534,5.6683522
"200","7am",3.1378851,17.955189,36.26858,35.042617,7.5957327
"201","7am",0,13.666554,37.45833,37.849122,11.025992
"202","7am",3.6332728,19.599677,33.24395,30.137763,13.3853332
"203","7am",2.7808587,15.247103,32.53095,44.813178,4.6279137
"204","7am",0.8159715,15.584131,37.53338,30.668879,15.3976398
"205","7am",0,24.900859,32.59457,33.293258,9.211317
"206","7am",1.2263545,13.607402,27.58402,50.82636,6.7558587
"207","7am",4.7427057,16.91959,45.87779,30.421556,2.0383574
"208","7am",2.4931865,32.280916,37.65457,23.129155,4.4421729
"209","7am",1.8064073,22.715846,39.69652,32.523101,3.2581282
"210","7am",5.6738276,28.217271,33.64079,26.384452,6.0836605
"211","7am",3.0456031,30.196598,33.7537,29.288609,3.7154869
"212","7am",1.2158234,26.533034,36.7148,29.059095,6.4772441
"213","7am",6.2683953,31.723804,29.52027,31.710633,0.7768949
"214","7am",0,16.687695,38.31618,41.201427,3.794693
"215","7am",1.6264526,23.79152,36.85146,30.223725,7.5068389
"216","7am",3.4001076,23.15223,30.28858,39.148179,4.010905
"217","7am",2.8613681,33.007665,23.29006,30.424762,10.4161447
"218","7am",0.8107243,31.987561,32.80585,21.60461,12.7912504
"219","7am",3.7729294,22.911904,42.72809,24.359422,6.2276593
"220","7am",0.89134,25.228156,29.44301,31.897241,12.5402564
"221","7am",0,34.764364,17.72397,33.764426,13.7472354
"222","7am",5.0236081,14.765851,37.31284,31.649527,11.2481714
"223","7am",0.7546977,39.688826,28.92423,26.405626,4.2266225
"224","7am",0.6904038,16.236412,36.99923,37.48619,8.587768
"225","7am",6.3780809,17.403788,39.9831,25.676101,10.5589273
"226","7am",2.7853748,23.997478,28.30789,35.026505,9.8827498
"227","7am",0.8508391,20.986342,39.1657,28.689404,10.3077163
"228","7am",1.8502625,20.974308,32.25645,35.950963,8.9680202
"229","7am",1.292382,27.210937,32.75864,32.635096,6.1029484
"230","7am",1.4345163,30.806797,33.43474,31.756874,2.5670713
"231","7am",2.589269,30.859577,31.76755,27.584796,7.1988113
"232","7am",0,22.608871,37.72873,36.693989,2.9684052
"233","7am",0,23.018941,41.81098,28.9551,6.2149808
"001","8am",0.6024387,15.811747,26.07393,31.96388,25.548004
"002","8am",3.2390491,7.608955,28.08436,33.275089,27.792546
"003","8am",8.0548327,13.413265,21.94924,32.170224,24.412439
"004","8am",3.8941262,8.983786,24.81461,37.753619,24.553859
"005","8am",1.3662914,8.28615,33.94765,33.912084,22.487827
"006","8am",5.9267443,15.374935,31.23311,36.045382,11.419825
"007","8am",8.3321142,11.604921,32.55542,31.765807,15.741737
"008","8am",5.5379438,16.118132,30.71303,34.197169,13.433727
"009","8am",9.5269012,16.758368,25.26493,24.818601,23.631199
"010","8am",11.2411215,6.932092,32.91171,29.255506,19.659572
"011","8am",6.4145691,9.15292,23.18921,38.93891,22.304387
"012","8am",11.9790195,12.951335,16.84116,39.590139,18.638347
"013","8am",3.5661719,27.433497,27.62329,26.365451,15.011586
"014","8am",13.4852231,27.715902,37.5108,13.348203,7.939868
"015","8am",7.7789829,27.469114,27.18012,20.77353,16.798256
"016","8am",11.2109323,20.775875,39.29914,18.216664,10.497387
"017","8am",7.4180406,14.505526,37.00732,19.686168,21.382949
"018","8am",4.7231908,21.83958,22.73171,33.705332,17.000188
"019","8am",11.2274786,29.385262,26.46423,23.871777,9.051253
"020","8am",5.4795652,14.081853,26.82174,33.386086,20.230756
"021","8am",10.271408,34.508961,31.48367,23.735963,0
"022","8am",7.5246196,17.373535,36.68048,33.103666,5.317701
"023","8am",4.6627765,16.634905,36.56374,33.015269,9.123313
"024","8am",6.9830968,27.486134,25.0466,29.016877,11.467293
"025","8am",8.5204189,19.895959,45.03967,22.288733,4.255217
"026","8am",5.4203767,21.539913,34.98005,25.811513,12.248143
"027","8am",11.678201,15.704255,35.25793,24.514977,12.844639
"028","8am",11.7349944,20.079775,33.73871,29.394949,5.051572
"029","8am",13.0290891,29.452795,28.77233,16.989678,11.756111
"030","8am",7.9620724,11.374194,32.64569,28.090209,19.92783
"031","8am",3.2254357,18.734346,31.11224,31.711384,15.216595
"032","8am",10.4584346,23.767415,35.14592,23.264006,7.364222
"033","8am",9.169601,23.406735,34.03262,24.573506,8.817536
"034","8am",3.0488832,19.818816,39.34533,27.265955,10.52102
"035","8am",5.0763667,16.453744,43.714,28.831444,5.924445
"036","8am",1.3014724,20.40492,34.00297,31.181966,13.108675
"037","8am",15.6573593,9.512838,38.92289,26.01859,9.888319
"038","8am",6.9188027,18.629821,28.07489,32.253093,14.12339
"039","8am",5.093016,32.313804,29.208,22.318711,11.066473
"040","8am",2.6347647,23.544191,35.36522,33.015809,5.440017
"041","8am",12.7217065,22.216369,38.96543,17.696766,8.399732
"042","8am",8.8678618,24.344448,28.81573,30.791729,7.180235
"043","8am",7.014287,28.241548,26.85535,31.106793,6.782024
"044","8am",2.4347833,26.21545,43.26095,24.183919,3.9049
"045","8am",5.465013,19.294873,25.93824,40.767175,8.534703
"046","8am",1.7284347,36.152987,33.62835,24.447939,4.042286
"047","8am",6.2425522,35.645822,27.66555,22.269866,8.176213
"048","8am",10.9578328,38.92441,28.38895,14.84,6.888803
"049","8am",6.5011738,31.641921,21.49682,28.537117,11.822963
"050","8am",4.0387687,27.824395,36.59633,29.604316,1.936186
"051","8am",1.0625214,45.52801,35.32043,14.608162,3.48088
"052","8am",0.9767417,41.178556,30.87106,21.903837,5.069802
"053","8am",2.4939057,27.628777,28.49084,26.31594,15.07054
"101","8am",7.9113882,13.576773,36.20776,34.553296,7.75078
"102","8am",1.2796462,18.31083,27.94287,33.162599,19.304052
"103","8am",4.6290573,18.521219,42.77186,24.515984,9.561875
"104","8am",12.9054032,22.162313,31.44196,26.735518,6.754802
"105","8am",8.4202388,25.326454,28.77939,33.139443,4.334474
"106","8am",4.6123016,32.524945,33.47952,18.987841,10.395394
"107","8am",10.608555,27.516103,30.06934,26.584435,5.221564
"108","8am",4.5429668,31.433497,28.92536,29.061592,6.036581
"109","8am",12.2255278,32.030514,29.23605,21.180751,5.327162
"110","8am",4.1877694,37.397305,29.39034,23.306428,5.718162
"111","8am",9.3479466,18.955916,38.21266,25.743695,7.739786
"112","8am",8.8529496,18.091895,37.32791,22.994839,12.732411
"113","8am",6.9372259,30.476952,26.86115,31.696057,4.028614
"114","8am",20.3484668,39.237207,29.32822,7.953599,3.132505
"115","8am",1.8389784,22.088263,48.10278,15.809084,12.1609
"116","8am",9.2089862,20.51518,28.88066,29.221182,12.173994
"117","8am",12.9653734,35.709603,31.30968,17.524328,2.491019
"118","8am",5.1684296,25.067051,33.22089,23.624512,12.919116
"119","8am",5.7510172,36.8238,28.10085,23.455958,5.868377
"120","8am",16.4575984,37.311339,27.97101,15.860366,2.399688
"121","8am",10.8609151,45.888073,13.44641,23.048416,6.75619
"122","8am",15.0609268,40.184535,19.8841,18.805878,6.06456
"123","8am",4.605469,30.10511,30.59608,26.073266,8.620079
"124","8am",5.7028504,28.200579,31.52296,29.112989,5.460623
"125","8am",3.2154158,18.759611,42.8253,30.953326,4.246343
"126","8am",2.2631767,34.917362,23.33131,34.111825,5.376329
"127","8am",1.4951869,17.086188,40.72247,28.595649,12.100505
"128","8am",2.696462,40.394222,19.05342,30.501035,7.354865
"129","8am",1.9105511,28.777496,27.19037,33.155314,8.966269
"130","8am",2.2190127,33.933667,31.66038,29.102454,3.084488
"131","8am",7.6567333,16.246565,30.61795,38.40236,7.076386
"132","8am",1.4797698,27.563265,31.93404,30.318104,8.704824
"133","8am",3.3628945,10.2725,34.97822,38.225708,13.160673
"134","8am",3.9867904,23.612204,36.15267,30.441004,5.807332
"135","8am",0,27.94306,21.57998,40.943092,9.533867
"136","8am",0.6162196,26.547593,29.75273,39.090291,3.993162
"200","8am",3.3981892,21.339357,39.0319,28.950351,7.280204
"201","8am",0,13.189976,37.29245,40.281964,9.235606
"202","8am",4.590311,20.770224,30.32793,34.198555,10.112982
"203","8am",2.9932124,17.282113,35.37624,38.913986,5.434453
"204","8am",1.0036247,16.52738,35.38296,31.71042,15.37562
"205","8am",0,25.394583,31.79514,35.746013,7.064263
"206","8am",1.1899951,16.648829,28.0712,47.534413,6.555559
"207","8am",5.4175751,18.226811,43.35803,30.669173,2.328408
"208","8am",2.710687,34.831154,35.28868,24.46893,2.700547
"209","8am",2.0115576,19.017329,42.74448,32.598483,3.628148
"210","8am",4.9980253,26.126779,35.7515,26.74204,6.381656
"211","8am",3.6595402,36.753224,26.43253,28.690246,4.46446
"212","8am",1.2958421,27.629476,34.11319,31.062649,5.898839
"213","8am",6.6674325,30.887613,26.01513,35.603469,0.826351
"214","8am",0,17.879313,33.43331,44.032033,4.655348
"215","8am",1.7685336,22.238977,36.58355,33.463551,5.945384
"216","8am",3.6887636,25.715611,31.40385,35.623197,3.568582
"217","8am",2.6264817,30.695084,23.83038,34.208785,8.639264
"218","8am",0.8457965,33.857331,32.35996,21.268995,11.667923
"219","8am",4.0966763,23.92378,41.47629,27.188315,3.314939
"220","8am",0.9523014,30.858759,24.23282,35.817678,8.138438
"221","8am",0,34.660798,15.60556,36.178694,13.554947
"222","8am",6.8708309,16.630008,33.98025,29.682027,12.83688
"223","8am",0.772382,44.729817,23.61782,25.027486,5.852491
"224","8am",0.6569442,16.17323,39.5286,36.488214,7.153015
"225","8am",7.7196037,19.145302,42.51095,24.767714,5.856433
"226","8am",2.8617412,25.546278,26.51691,35.562608,9.512463
"227","8am",0.9005115,20.909914,34.44476,32.137063,11.607752
"228","8am",0.6954303,25.056926,33.03435,32.961693,8.251596
"229","8am",1.2824606,28.471176,32.96048,30.889433,6.39645
"230","8am",1.5681731,31.178365,32.83699,32.47317,1.9433
"231","8am",2.7237243,30.873207,32.03715,26.707781,7.658135
"232","8am",0,22.806637,39.41112,35.214828,2.567414
"233","8am",0,23.399428,47.95006,22.9417,5.708807
"001","9am",2.5076265,13.417581,27.18567,33.72929,23.159825
"002","9am",4.5423739,8.972371,27.3191,32.60337,26.562782
"003","9am",7.8591839,13.25017,24.42908,29.47463,24.986937
"004","9am",4.4063609,9.456653,24.20469,38.10477,23.827531
"005","9am",0.4736239,10.262665,34.25473,34.42954,20.579437
"006","9am",5.8376682,15.177827,31.42858,33.24913,14.306792
"007","9am",7.1614729,11.266046,32.4733,31.85937,17.239809
"008","9am",5.580421,15.586553,35.00818,31.98877,11.836077
"009","9am",10.3565534,18.088088,25.19105,26.25549,20.10881
"010","9am",11.3838308,8.084624,36.82605,26.30205,17.403447
"011","9am",7.3858215,8.799953,28.75768,37.84396,17.212592
"012","9am",12.5607225,13.924426,21.28429,31.38647,20.844096
"013","9am",4.2287458,24.550796,30.80238,21.02226,19.39582
"014","9am",12.97594,28.122534,34.73029,15.89889,8.272348
"015","9am",7.5635757,27.449107,29.09747,22.47377,13.416074
"016","9am",10.0174918,20.016754,36.61165,20.55127,12.802836
"017","9am",6.1730094,15.724069,38.34522,22.31845,17.439259
"018","9am",4.6147584,20.878332,25.4142,32.37384,16.718875
"019","9am",12.4046176,26.249242,29.39737,24.33036,7.618413
"020","9am",4.7507899,14.862722,28.77018,30.9281,20.688211
"021","9am",8.2555427,36.664845,27.33173,23.67601,4.071878
"022","9am",8.2788053,16.328722,37.80833,31.73346,5.85069
"023","9am",5.0378156,18.947213,34.77326,32.86582,8.375898
"024","9am",7.3622503,26.079676,25.23043,30.49686,10.830788
"025","9am",8.4364067,19.323584,48.25148,19.72215,4.266385
"026","9am",4.7136442,21.033212,32.109,28.70007,13.444076
"027","9am",10.0988416,15.688368,37.14591,22.85351,14.213364
"028","9am",11.3307815,19.474568,37.41624,27.39581,4.382599
"029","9am",10.9876181,28.55165,28.4409,18.00182,14.018012
"030","9am",6.8615551,12.458193,30.30355,30.42786,19.948845
"031","9am",2.6781449,16.776754,28.47452,33.08577,18.984809
"032","9am",7.3534766,24.161047,34.33317,25.16583,8.986474
"033","9am",7.064145,23.854204,31.62059,26.53047,10.930594
"034","9am",4.3560888,17.800226,36.43082,31.20367,10.209188
"035","9am",5.5791974,19.411644,39.44158,29.0469,6.520676
"036","9am",1.1897395,16.405134,31.77095,29.90152,20.732655
"037","9am",17.8963209,13.157431,38.50244,22.43604,8.007767
"038","9am",6.9123027,20.073016,27.21813,30.06653,15.73002
"039","9am",3.8461301,32.965999,28.12268,25.45236,9.612831
"040","9am",5.1293667,22.718319,38.81698,27.96101,5.374329
"041","9am",12.8588367,23.999865,38.12762,16.40118,8.612505
"042","9am",8.287416,23.471842,22.70097,34.08025,11.459521
"043","9am",5.2626062,29.844188,29.26629,29.68832,5.938599
"044","9am",2.6899466,27.309285,38.48896,25.09314,6.418672
"045","9am",6.7826006,10.815361,34.32925,37.137,10.935793
"046","9am",5.0121436,32.234498,35.28677,23.53381,3.932784
"047","9am",6.5160323,36.399218,25.57055,22.98415,8.530057
"048","9am",10.6358207,37.007387,29.42993,15.8123,7.11456
"049","9am",5.340205,30.834928,24.94722,28.70633,10.171311
"050","9am",4.4316935,30.531382,34.07197,30.96496,0
"051","9am",1.0525194,44.724951,35.34113,14.79497,4.086431
