"district","hour","educmen1","educmen2","educmen3","educmen4"
"001","4am",0.720916,14.291,28.81891,56.16918
"002","4am",0,24.00348,21.84591,54.150608
"003","4am",0,16.64155,30.92924,52.429204
"004","4am",0.6343635,13.93041,32.58624,52.848988
"005","4am",1.6875729,21.49461,33.52512,43.292697
"006","4am",4.4743562,35.59273,34.15908,25.77384
"007","4am",3.1335728,34.97439,31.50594,30.386092
"008","4am",4.9492466,29.25646,29.0108,36.783492
"009","4am",3.1734139,16.54576,36.15967,44.121155
"010","4am",0,26.76881,28.43992,44.791273
"011","4am",1.3704312,24.94345,40.34072,33.345393
"012","4am",6.4084219,25.87449,34.89465,32.822445
"013","4am",2.1712593,36.71204,32.02925,29.087448
"014","4am",27.0431774,35.41867,27.11614,10.422013
"015","4am",12.1646268,45.88042,22.72891,19.226045
"016","4am",8.4930417,44.05652,22.6243,24.82614
"017","4am",5.5641947,36.18176,23.50804,34.746009
"018","4am",1.7129843,45.35325,26.84311,26.090656
"019","4am",10.0276707,45.92084,25.08509,18.966403
"020","4am",7.1832089,41.79333,22.33797,28.685492
"021","4am",12.4189675,46.02358,31.46602,10.091436
"022","4am",5.5871638,46.52541,26.04292,21.844508
"023","4am",5.2922861,43.96878,34.80273,15.936198
"024","4am",4.3426775,48.67267,29.98191,17.002735
"025","4am",8.7296272,49.08112,30.16735,12.0219
"026","4am",10.5900316,33.21109,33.71405,22.484821
"027","4am",10.7626196,34.12205,40.89098,14.224351
"028","4am",10.1169983,38.27179,32.9061,18.705112
"029","4am",17.0867488,43.64186,18.77443,20.496961
"030","4am",9.3956407,36.53999,28.95168,25.112689
"031","4am",4.6103888,37.56947,47.99452,9.825621
"032","4am",2.8559942,43.24329,36.85487,17.045846
"033","4am",9.8427743,41.36756,36.77778,12.011891
"034","4am",2.5680228,57.56836,23.69589,16.167731
"035","4am",4.1559655,52.23733,27.24101,16.365696
"036","4am",0.5743085,38.65124,32.74987,28.024582
"037","4am",6.0256265,39.27215,34.3285,20.373725
"038","4am",2.2158197,30.4173,40.19573,27.171142
"039","4am",7.5204512,42.28736,27.92645,22.265735
"040","4am",6.009739,58.95388,26.83977,8.196612
"041","4am",5.600004,48.87798,21.51057,24.011448
"042","4am",9.5659627,49.57513,26.01936,14.839544
"043","4am",15.7741613,41.42069,24.12549,18.679651
"044","4am",14.596136,48.59295,30.29327,6.51764
"045","4am",5.826105,40.45627,32.39158,21.326039
"046","4am",3.153302,70.50184,15.96379,10.381063
"047","4am",13.8941254,45.33178,28.05588,12.718208
"048","4am",15.4974902,39.70017,35.99523,8.80711
"049","4am",9.6084928,52.48811,28.18097,9.72242
"050","4am",9.7337623,64.19344,11.78781,14.284985
"051","4am",8.6661415,60.29537,25.48538,5.553108
"052","4am",8.1536694,49.4145,31.41756,11.014272
"053","4am",4.872144,40.86014,41.65041,12.617311
"101","4am",7.8180103,44.33537,36.33255,11.514065
"102","4am",8.5263966,29.97867,34.26163,27.233296
"103","4am",21.6942544,41.94215,26.68644,9.677153
"104","4am",23.8270245,45.42622,17.7475,12.999254
"105","4am",6.8979104,46.92155,27.84004,18.340499
"106","4am",22.6061263,43.82432,24.73065,8.838899
"107","4am",6.6556969,50.07502,34.97402,8.295257
"108","4am",5.5573071,48.32023,32.19472,13.927749
"109","4am",11.3917816,65.16989,18.00999,5.428339
"110","4am",1.1489553,66.36747,25.3842,7.099376
"111","4am",5.4261219,57.50015,25.30181,11.771922
"112","4am",7.4575707,44.34228,30.39747,17.80268
"113","4am",15.5597461,49.15546,23.32637,11.958427
"114","4am",15.1110236,61.53583,14.35231,9.000838
"115","4am",6.2767794,48.19313,31.4474,14.08269
"116","4am",5.0837582,45.75429,29.61805,19.543895
"117","4am",6.6801105,71.13481,14.20193,7.983149
"118","4am",8.849012,43.91035,30.59638,16.644264
"119","4am",8.9145455,76.22671,10.63306,4.225682
"120","4am",8.7870591,69.27551,17.99914,3.938289
"121","4am",8.8696241,62.64307,25.87633,2.610985
"122","4am",17.7320819,63.40994,13.72135,5.13663
"123","4am",9.5473503,39.26591,32.40841,18.778329
"124","4am",8.9745981,44.06207,33.71292,13.250412
"125","4am",6.5673192,48.2346,31.62068,13.577401
"126","4am",10.1977389,34.94766,43.70627,11.14833
"127","4am",6.0142268,34.66809,31.03204,28.285646
"128","4am",8.0867106,41.86649,33.25098,16.795817
"129","4am",5.9375988,40.66808,30.35313,23.041193
"130","4am",7.6042611,39.01631,40.90893,12.4705
"131","4am",5.9695037,44.22446,29.64536,20.160676
"132","4am",5.0096308,44.3803,34.13804,16.472033
"133","4am",12.4259472,37.34608,30.45074,19.777235
"134","4am",9.8424902,46.36695,31.62082,12.169741
"135","4am",11.7958148,38.15279,29.75266,20.298736
"136","4am",9.6711798,33.31569,41.75507,15.258052
"200","4am",4.8329616,39.1546,34.15062,21.861819
"201","4am",7.1736197,31.29096,38.76556,22.769855
"202","4am",3.6147136,37.4218,31.6441,27.319388
"203","4am",5.045894,39.99796,43.7911,11.165047
"204","4am",5.2835617,38.46216,34.49798,21.756294
"205","4am",12.3154614,42.83994,32.602,12.242602
"206","4am",12.7130068,30.11209,41.24063,15.934269
"207","4am",8.7727067,41.72744,38.63298,10.866875
"208","4am",7.9470984,46.63519,30.22057,15.197145
"209","4am",6.8160473,44.43547,36.74771,12.000769
"210","4am",15.6804073,43.23849,27.08218,13.998928
"211","4am",7.7370622,41.01336,33.12499,18.124594
"212","4am",10.5091799,45.62305,30.18578,13.681987
"213","4am",17.5417922,42.17558,32.81389,7.468735
"214","4am",7.5066318,35.6148,45.57304,11.305528
"215","4am",5.36243,39.29404,34.64868,20.69485
"216","4am",13.8706883,43.2024,28.56265,14.364259
"217","4am",12.8569835,44.85031,23.58745,18.705251
"218","4am",8.6769118,44.10855,28.89154,18.323002
"219","4am",12.0130317,41.50467,27.61877,18.863527
"220","4am",7.2528139,41.78611,30.41748,20.543596
"221","4am",5.2945003,35.31944,36.46429,22.921776
"222","4am",9.3451869,30.75551,31.89638,28.00292
"223","4am",11.9915474,42.22518,34.95556,10.82772
"224","4am",3.4154365,34.72104,37.74704,24.116484
"225","4am",5.7879936,44.43744,33.26747,16.507105
"226","4am",11.0091466,35.54344,38.15727,15.290141
"227","4am",9.9652616,36.56436,32.91627,20.554104
"228","4am",6.4610541,43.70761,31.48702,18.344314
"229","4am",7.3304636,36.12171,39.33304,17.214786
"230","4am",9.899659,50.38682,31.12862,8.584897
"231","4am",4.9239944,48.13065,32.94129,14.004069
"232","4am",9.3142726,41.7699,35.95307,12.962754
"233","4am",13.1311961,37.71293,29.78622,19.369661
"001","5am",0.7403142,14.67554,29.59436,54.989791
"002","5am",0,24.19411,22.9332,52.872687
"003","5am",1.1632095,16.47259,31.1299,51.2343
"004","5am",0.6283488,14.91369,32.11006,52.3479
"005","5am",1.7165408,21.86357,32.38405,44.035833
"006","5am",4.3454193,35.08933,35.53413,25.031118
"007","5am",3.1282623,34.71776,31.81938,30.334596
"008","5am",5.0461671,29.36482,28.08519,37.503819
"009","5am",3.2075087,16.16331,36.03399,44.595187
"010","5am",0,26.76881,28.43992,44.791273
"011","5am",1.3567428,25.69315,39.93778,33.012326
"012","5am",6.5340697,26.3818,34.01681,33.067321
"013","5am",2.1955494,35.41269,33.29012,29.101643
"014","5am",26.2797798,35.41671,27.88207,10.421437
"015","5am",12.1646268,45.88042,22.72891,19.226045
"016","5am",8.5169205,44.04502,22.61839,24.819662
"017","5am",5.6494004,36.16606,23.86802,34.316519
"018","5am",1.7001166,45.76375,26.64147,25.894666
"019","5am",10.0706698,44.68775,26.19385,19.047732
"020","5am",8.0500462,40.64498,22.46122,28.843762
"021","5am",12.1993256,45.40992,32.4778,9.912959
"022","5am",5.5315518,47.05767,25.7837,21.627078
"023","5am",5.3593654,44.52608,33.97636,16.138188
"024","5am",5.6644055,49.30605,28.73432,16.295225
"025","5am",8.7296272,49.08112,30.16735,12.0219
"026","5am",10.5900316,33.21109,33.71405,22.484821
"027","5am",10.5740558,35.27624,40.17456,13.975137
"028","5am",9.9707295,38.77406,32.82053,18.434679
"029","5am",16.6477241,43.7861,18.29204,21.274133
"030","5am",9.4384814,37.59715,29.08369,23.880678
"031","5am",4.4666324,38.19703,47.81709,9.519249
"032","5am",2.8761347,43.54825,36.40957,17.166053
"033","5am",9.8314687,41.33049,36.83994,11.998094
"034","5am",2.5138102,57.13477,24.525,15.82642
"035","5am",4.1842034,52.72444,27.4261,15.665257
"036","5am",0.5691636,39.92653,32.45648,27.047827
"037","5am",6.0538196,38.98801,34.48912,20.469052
"038","5am",2.1621136,32.45107,39.82415,25.562666
"039","5am",7.352859,41.38922,28.02333,23.234592
"040","5am",5.9989612,59.02749,26.79164,8.181913
"041","5am",5.6232728,48.66556,21.59995,24.111219
"042","5am",9.5800347,50.20634,25.35225,14.861374
"043","5am",16.0138572,41.05608,24.49209,18.437971
"044","5am",14.933966,47.40312,30.99442,6.668492
"045","5am",5.8574635,40.67403,32.02769,21.440825
"046","5am",3.1920876,71.70278,14.59638,10.508749
"047","5am",13.5747043,46.53754,26.30594,13.581815
"048","5am",15.7758983,39.43748,36.64188,8.144747
"049","5am",9.6300463,51.39327,29.62392,9.352765
"050","5am",9.8483864,63.77179,11.92662,14.453204
"051","5am",8.7069375,60.10846,25.60536,5.579249
"052","5am",8.5501331,50.06169,29.83835,11.549829
"053","5am",4.7376747,41.59055,41.40269,12.269078
"101","5am",7.8180103,44.33537,36.33255,11.514065
"102","5am",8.5263966,29.97867,34.26163,27.233296
"103","5am",21.5952368,42.20714,26.56464,9.632984
"104","5am",23.3817451,45.46906,17.41584,13.733351
"105","5am",6.9402422,46.59581,28.01089,18.453053
"106","5am",23.0351498,43.85631,24.53453,8.574016
"107","5am",6.8094028,49.69453,35.00924,8.486826
"108","5am",5.7141695,48.1895,33.10346,12.992875
"109","5am",11.671087,63.65651,18.45156,6.220838
"110","5am",1.1340756,66.07794,25.78055,7.007435
"111","5am",5.6063166,56.08878,26.14205,12.162853
"112","5am",6.8329174,45.82515,29.85624,17.4857
"113","5am",14.5174379,50.64511,22.85676,11.980692
"114","5am",15.2051656,61.29619,14.44173,9.056913
"115","5am",6.2767794,48.19313,31.4474,14.08269
"116","5am",5.0659555,47.00912,28.44947,19.475454
"117","5am",6.8224242,70.51986,14.50449,8.153223
"118","5am",8.8165816,44.11591,30.48424,16.583265
"119","5am",9.8543899,74.62492,11.10059,4.420097
"120","5am",9.2615273,69.34879,18.39274,2.996945
"121","5am",8.3635156,60.27449,27.96447,3.397524
"122","5am",16.9868133,63.80569,13.98941,5.218089
"123","5am",8.6796485,38.62758,34.02522,18.667554
"124","5am",9.0749204,44.2031,33.32345,13.398531
"125","5am",6.7448307,47.5681,31.74268,13.944392
"126","5am",10.5755537,35.40478,42.4583,11.561364
"127","5am",6.0693522,34.98585,30.39989,28.544907
"128","5am",8.3055666,41.73116,34.15087,15.812402
"129","5am",5.9997607,40.78557,29.93225,23.282416
"130","5am",7.7832717,38.87624,40.57642,12.764065
"131","5am",6.0103562,45.20181,28.48919,20.298646
"132","5am",5.4169517,43.7308,34.62129,16.230965
"133","5am",12.2944444,36.95085,31.18677,19.567934
"134","5am",8.5808685,46.69179,32.29726,12.430079
"135","5am",10.6853671,37.44166,30.22645,21.646524
"136","5am",9.7509636,34.514,40.35111,15.383925
"200","5am",4.9372807,37.84126,34.88776,22.333705
"201","5am",7.2998485,31.84157,39.03435,21.824237
"202","5am",3.6088588,36.54351,32.5725,27.275139
"203","5am",5.1083076,40.49271,43.09584,11.303149
"204","5am",5.3247477,38.76198,34.7669,21.146374
"205","5am",12.392645,42.0535,33.23453,12.319329
"206","5am",12.7130068,30.11209,41.24063,15.934269
"207","5am",8.7727067,41.72744,38.63298,10.866875
"208","5am",8.0395486,46.80058,29.78593,15.373937
"209","5am",6.8160473,44.43547,36.74771,12.000769
"210","5am",15.4693311,44.00256,26.71762,13.810487
"211","5am",7.8888076,40.63182,33.77466,17.70471
"212","5am",10.7921497,45.34967,29.80779,14.050387
"213","5am",17.2879041,42.23927,33.11219,7.360638
"214","5am",7.6210357,35.47965,45.42149,11.477828
"215","5am",5.4700974,38.45072,34.96882,21.110363
"216","5am",13.4904753,43.86036,28.06614,14.583022
"217","5am",12.6215097,44.57143,23.63069,19.176372
"218","5am",9.0445484,43.02628,29.56064,18.368524
"219","5am",12.249095,40.3552,28.1615,19.234207
"220","5am",7.4343656,40.3289,31.17889,21.057842
"221","5am",5.4848905,35.23496,35.53411,23.746043
"222","5am",9.3369895,30.26532,32.41933,27.978356
"223","5am",11.9915474,42.22518,34.95556,10.82772
"224","5am",3.3939934,34.50305,38.13789,23.965074
"225","5am",5.8456001,44.87971,33.31238,15.96231
"226","5am",11.0966778,36.44949,37.04212,15.411709
"227","5am",9.8259708,37.45104,32.45618,20.266806
"228","5am",5.7545038,43.27355,32.20774,18.764205
"229","5am",7.4400325,35.75478,39.33309,17.472096
"230","5am",9.9790072,49.84337,31.52391,8.653707
"231","5am",4.8100904,49.33051,32.17928,13.68012
"232","5am",9.7804816,39.47631,37.13163,13.611581
"233","5am",13.1311961,37.71293,29.78622,19.369661
"001","6am",0.7138444,18.66849,27.59403,53.023637
"002","6am",0,25.1683,24.74157,50.090126
"003","6am",1.1794862,16.92173,31.5655,50.333282
"004","6am",0.597055,15.62794,33.26796,50.507047
"005","6am",1.6899745,19.96928,33.21085,45.129892
"006","6am",5.0759107,34.58677,34.45207,25.885246
"007","6am",3.153639,33.73866,32.3349,30.772802
"008","6am",5.0208403,29.40097,28.2626,37.315587
"009","6am",3.2583162,17.74134,33.69876,45.301583
"010","6am",0,27.10972,29.22622,43.664064
"011","6am",1.3924236,27.00404,37.72302,33.880513
"012","6am",7.1036201,25.99153,34.46893,32.43592
"013","6am",2.2042031,35.55227,33.37565,28.867878
"014","6am",26.538662,35.10799,28.36155,9.9918
"015","6am",12.4872128,46.86796,22.29581,18.349023
"016","6am",8.4838234,44.87567,22.11273,24.527777
"017","6am",5.6041019,36.74944,23.08073,34.565724
"018","6am",1.7667194,45.06975,27.43002,25.73351
"019","6am",10.3503877,43.79787,26.65827,19.193472
"020","6am",7.741158,40.23338,23.89727,28.128189
"021","6am",12.6133086,44.33303,33.57993,9.473735
"022","6am",5.7168264,45.1351,26.18784,22.960235
"023","6am",6.4420924,46.36128,31.86185,15.334777
"024","6am",5.8394212,49.20396,29.35513,15.601492
"025","6am",8.9226539,49.22208,29.56755,12.287724
"026","6am",11.3657346,32.89881,33.46206,22.273396
"027","6am",10.855483,34.86092,41.32924,12.954358
"028","6am",10.1948819,37.90238,33.05363,18.849109
"029","6am",17.0071038,42.44836,19.66042,20.884114
"030","6am",9.473043,39.44277,28.21811,22.866075
"031","6am",4.239809,38.69865,45.8017,11.259839
"032","6am",2.9007394,43.87922,35.90713,17.312905
"033","6am",9.9348022,39.80609,37.81147,12.447642
"034","6am",2.4635107,56.0589,27.27304,14.204549
"035","6am",4.3400918,53.00567,26.40535,16.248889
"036","6am",0.5656896,38.41577,34.85707,26.161467
"037","6am",6.1142327,38.90453,34.30792,20.673319
"038","6am",2.1881558,33.83253,39.62282,24.356498
"039","6am",7.1710613,43.4561,27.27726,22.095585
"040","6am",6.1605917,57.62484,27.81221,8.402359
"041","6am",5.8173156,47.48282,20.78583,25.91403
"042","6am",9.5028461,50.72309,25.68395,14.090108
"043","6am",16.9568201,37.78527,26.90497,18.352943
"044","6am",15.9393806,45.07313,32.92512,6.06237
"045","6am",4.9692199,38.52349,34.97285,21.534442
"046","6am",3.213718,71.51103,14.69529,10.579959
"047","6am",12.5429881,50.20002,25.31814,11.93885
"048","6am",16.6286698,40.85571,33.93061,8.585014
"049","6am",9.8324931,50.60961,29.09259,10.465309
"050","6am",9.1944936,61.89405,14.32519,14.586265
"051","6am",9.0959117,59.26331,26.56974,5.071035
"052","6am",9.2145277,49.42124,29.82517,11.539064
"053","6am",4.4976953,41.78347,40.55222,13.166616
"101","6am",8.1928885,45.0484,36.62928,10.129434
"102","6am",8.9656559,30.86625,35.21688,24.951217
"103","6am",22.0980754,41.83876,27.77135,8.291811
"104","6am",23.1183761,46.08329,17.21967,13.578661
"105","6am",6.9390334,47.82118,28.00601,17.233769
"106","6am",21.9627437,44.43308,25.15869,8.445485
"107","6am",7.4580462,47.75051,35.49618,9.295256
"108","6am",6.0398676,48.67381,31.55287,13.733447
"109","6am",12.661227,61.56277,19.2769,6.499096
"110","6am",1.1037783,65.12827,26.28734,7.480619
"111","6am",5.6648083,55.63065,26.4148,12.28975
"112","6am",7.8195199,44.89789,29.59503,17.687554
"113","6am",14.2859797,51.16715,22.75719,11.789679
"114","6am",16.1803509,61.07982,13.28054,9.459296
"115","6am",6.5391724,46.02741,32.76202,14.671399
"116","6am",5.1618207,45.72452,28.75087,20.362797
"117","6am",6.8657169,71.74011,14.29706,7.097114
"118","6am",9.3659042,45.95521,28.27781,16.401082
"119","6am",7.5784982,71.41177,13.49338,7.516353
"120","6am",9.2696871,68.99613,18.73459,2.999586
"121","6am",7.8350269,61.23896,26.72309,4.202928
"122","6am",16.5202573,64.37998,13.75281,5.346952
"123","6am",8.4743898,38.09121,35.82219,17.612202
"124","6am",9.8589135,45.89291,29.69213,14.556046
"125","6am",7.0865372,46.02782,32.91431,13.971334
"126","6am",11.1441392,35.55748,41.11543,12.18295
"127","6am",6.3768929,35.95581,30.04226,27.625043
"128","6am",8.9681382,40.86058,35.24595,14.925331
"129","6am",6.4646045,41.33744,29.42575,22.772201
"130","6am",7.1150167,38.40867,40.97145,13.504873
"131","6am",5.9801368,45.37548,29.12091,19.523475
"132","6am",5.4607026,43.59079,34.58645,16.362057
"133","6am",12.9215033,36.70807,32.13754,18.232887
"134","6am",9.003863,47.38044,31.71317,11.902531
"135","6am",11.3759072,35.92435,29.65431,23.045427
"136","6am",10.0846206,34.17724,40.88975,14.848387
"200","6am",5.1090989,38.85294,35.2976,20.740367
"201","6am",7.7381994,30.0897,39.4755,22.696603
"202","6am",3.1426195,35.96967,32.49888,28.388839
"203","6am",5.6495576,38.9988,44.98309,10.36856
"204","6am",3.8276768,39.07286,35.22244,21.877031
"205","6am",12.7851014,41.58714,33.81696,11.810797
"206","6am",11.8810523,28.664,43.53701,15.917938
"207","6am",9.5252353,42.80327,35.87245,11.799043
"208","6am",8.3030957,49.92376,26.61607,15.157066
"209","6am",7.2694104,42.58674,37.34486,12.798989
"210","6am",15.2658102,44.09993,26.94254,13.691719
"211","6am",8.3288517,42.01195,32.49829,17.160909
"212","6am",11.0237276,45.54631,29.76274,13.66722
"213","6am",17.5192508,42.40198,34.44323,5.635536
"214","6am",8.7074528,37.39154,41.53788,12.363123
"215","6am",5.1607694,38.84659,35.64978,20.34286
"216","6am",13.3173096,44.29048,27.95831,14.433895
"217","6am",12.6392656,44.86773,22.85354,19.639467
"218","6am",9.2181167,41.09534,30.68758,18.998957
"219","6am",13.2751546,37.4705,29.81105,19.443302
"220","6am",7.1410447,41.65969,30.31324,20.886029
"221","6am",5.7458747,36.83169,33.48647,23.935965
"222","6am",9.650919,30.16101,33.50934,26.67873
"223","6am",13.4154691,43.65848,31.42861,11.497439
"224","6am",3.6207951,38.18352,34.51723,23.67846
"225","6am",6.4754221,43.70333,33.82246,15.998783
"226","6am",11.8457373,36.22939,35.47283,16.452047
"227","6am",10.6042266,36.56715,30.46905,22.359576
"228","6am",6.2563483,40.31046,34.02456,19.408628
"229","6am",7.0600327,33.54304,40.82021,18.576716
"230","6am",10.515968,51.62572,30.0719,7.78641
"231","6am",4.8490937,49.01769,32.34216,13.791048
"232","6am",11.023933,40.84745,33.15889,14.96973
"233","6am",13.4643929,37.75938,29.90104,18.875194
"001","7am",1.1018353,19.99211,36.16196,42.744096
"002","7am",1.1691874,25.28666,29.08238,44.461773
"003","7am",1.1619339,19.83444,32.65409,46.349542
"004","7am",0.5136959,19.04069,33.39953,47.046083
"005","7am",1.4788965,20.80056,35.4771,42.243445
"006","7am",5.2815676,30.26263,37.8461,26.6097
"007","7am",3.0261157,36.15528,29.19745,31.621162
"008","7am",5.2768787,33.92003,27.73845,33.064634
"009","7am",4.431171,25.62144,32.8991,37.048296
"010","7am",0,31.59413,36.7973,31.608572
"011","7am",2.5269539,33.59443,29.34467,34.533944
"012","7am",7.7261013,28.87853,29.8457,33.549671
"013","7am",2.3859862,35.94774,33.54946,28.116819
"014","7am",24.4525132,34.07114,33.73972,7.736634
"015","7am",12.3517402,46.71465,22.72493,18.208678
"016","7am",7.4179984,43.3896,25.51429,23.678109
"017","7am",5.1637889,35.5198,24.1283,35.188108
"018","7am",2.3191359,42.63304,28.99564,26.052182
"019","7am",11.2728232,44.00715,26.21746,18.502568
"020","7am",6.3755563,39.10978,27.46148,27.053186
"021","7am",12.1982481,44.84139,32.65192,10.308441
"022","7am",4.8493844,46.57632,25.47554,23.098755
"023","7am",4.6559788,49.19743,28.6022,17.544388
"024","7am",5.8041005,47.47836,31.933,14.784533
"025","7am",10.7137103,48.1048,28.11608,13.065412
"026","7am",10.9110655,33.54546,36.12034,19.423137
"027","7am",11.519721,40.32015,35.87643,12.283697
"028","7am",10.2210144,42.50858,31.38506,15.88534
"029","7am",15.4033281,44.55208,20.26576,19.778833
"030","7am",8.1973033,35.19389,35.57924,21.029562
"031","7am",4.4971819,36.06779,44.12145,15.313578
"032","7am",5.6273085,44.20549,34.27757,15.889631
"033","7am",8.6491037,38.55513,38.14384,14.651929
"034","7am",1.5160662,50.15659,29.37691,18.950437
"035","7am",5.6266245,49.4258,32.33252,12.615053
"036","7am",0.6498274,41.29577,36.30781,21.7466
"037","7am",6.0257297,42.67294,32.16322,19.13811
"038","7am",1.9724247,38.81167,34.51771,24.698194
"039","7am",9.38843,44.43973,23.36066,22.811183
"040","7am",5.8341584,54.70338,30.89,8.57246
"041","7am",5.8628029,52.55669,19.60154,21.978963
"042","7am",9.4815492,50.68897,26.73456,13.094925
"043","7am",16.7090143,42.37483,23.23216,17.684003
"044","7am",19.0542661,44.20005,28.09988,8.645803
"045","7am",6.8430257,40.72762,35.22649,17.202857
"046","7am",3.4720761,68.6993,16.51522,11.313406
"047","7am",10.4304783,50.26288,26.31879,12.987846
"048","7am",18.9718247,41.7427,36.21989,3.065589
"049","7am",9.1372459,46.21771,31.49843,13.14662
"050","7am",10.992041,63.80311,15.85388,9.350973
"051","7am",9.922604,64.45981,23.53124,2.086344
"052","7am",9.5986233,50.41154,28.18567,11.804165
"053","7am",2.4497679,41.59144,41.51411,14.44469
"101","7am",8.980721,44.61908,34.76051,11.639684
"102","7am",10.0595592,31.26363,33.36564,25.311167
"103","7am",21.3069118,43.82799,27.88687,6.978235
"104","7am",22.2659054,46.14902,21.24567,10.339396
"105","7am",7.8485432,52.29726,25.05165,14.802549
"106","7am",17.517321,39.65966,31.45338,11.369637
"107","7am",8.0854065,47.49434,35.41224,9.008014
"108","7am",6.7403209,51.27768,28.54608,13.435921
"109","7am",13.2169994,60.21272,19.41456,7.155718
"110","7am",0.9848973,63.41627,27.77807,7.820765
"111","7am",6.6018561,53.88061,26.56819,12.949341
"112","7am",9.1719388,48.54804,25.84676,16.433255
"113","7am",12.6755102,57.18574,18.7862,11.352554
"114","7am",16.8363832,65.76517,10.58331,6.815136
"115","7am",7.8476451,49.46331,30.54131,12.147731
"116","7am",5.7186666,48.98989,26.31428,18.977169
"117","7am",7.7195569,70.11937,15.55702,6.604051
"118","7am",8.0667773,42.17277,32.46757,17.292886
"119","7am",5.6049693,62.64477,22.01921,9.731048
"120","7am",10.1026673,68.72408,18.81569,2.35756
"121","7am",6.371084,62.07802,26.07129,5.47961
"122","7am",16.0641832,60.16009,17.55653,6.219204
"123","7am",9.5669716,37.4937,36.24783,16.691491
"124","7am",11.6063237,50.03939,25.76136,12.592929
"125","7am",8.8474092,45.56537,27.87232,17.714894
"126","7am",14.2693021,41.72753,30.3616,13.641574
"127","7am",6.7981762,40.37699,30.5475,22.277335
"128","7am",7.2116666,41.56614,36.1693,15.052895
"129","7am",6.822459,44.79338,28.96297,19.421194
"130","7am",8.6742941,37.25265,39.43746,14.635598
"131","7am",6.7483381,49.71416,23.29937,20.238128
"132","7am",6.2350776,47.74885,30.82762,15.188454
"133","7am",12.3032925,35.85988,29.94306,21.893771
"134","7am",10.6471206,49.74992,26.40848,13.194481
"135","7am",13.2941527,39.71672,28.47504,18.514083
"136","7am",8.652544,38.85864,35.64336,16.84545
"200","7am",5.2647094,40.29065,38.09773,16.346911
"201","7am",9.6130627,31.15423,40.70216,18.53055
"202","7am",3.7698466,41.46848,29.33896,25.422711
"203","7am",7.5215459,40.1335,43.96819,8.376761
"204","7am",5.5852614,46.42418,31.19942,16.79114
"205","7am",12.6787486,40.10931,32.85703,14.35491
"206","7am",13.0223174,26.36261,44.97883,15.636248
"207","7am",10.6681937,47.93935,31.6444,9.748055
"208","7am",9.3070285,50.53862,26.57397,13.58038
"209","7am",8.1852405,44.45606,35.90022,11.458479
"210","7am",13.6007488,43.01072,29.33337,14.055162
"211","7am",9.6227121,42.06061,33.66064,14.656038
"212","7am",13.4305197,48.0414,25.9992,12.528881
"213","7am",16.9561726,44.0011,33.1472,5.895524
"214","7am",9.4786286,39.80106,41.87754,8.842778
"215","7am",6.2454243,44.78682,34.56907,14.398685
"216","7am",18.300241,41.60865,27.5465,12.544602
"217","7am",10.4118407,45.02295,22.54868,22.016532
"218","7am",11.8822304,43.5281,27.56238,17.027295
"219","7am",14.7141423,44.20864,24.52822,16.548998
"220","7am",9.1810931,41.08027,26.79847,22.940165
"221","7am",7.4335469,37.77446,28.20747,26.58452
"222","7am",10.2060368,31.28644,34.09165,24.415871
"223","7am",15.7596066,49.23385,26.43172,8.574818
"224","7am",3.9086331,39.67878,38.19838,18.214206
"225","7am",7.9163748,44.88687,29.91394,17.282819
"226","7am",14.760099,34.73308,33.27612,17.230701
"227","7am",12.6964446,44.77785,26.36262,16.16309
"228","7am",6.9633007,38.91068,37.67711,16.448916
"229","7am",7.9305186,34.00244,42.00308,16.063967
"230","7am",11.4786859,50.5496,29.87487,8.096842
"231","7am",4.8454201,50.69479,32.24014,12.219655
"232","7am",13.9313913,40.62254,29.44652,15.999549
"233","7am",15.2704185,36.9257,34.95039,12.85349
"001","8am",0.6909827,26.37606,38.358093,34.574865
"002","8am",0.7482611,19.87781,29.973702,49.400227
"003","8am",0,23.78536,40.242088,35.972552
"004","8am",2.2947069,23.50007,32.321004,41.884221
"005","8am",2.2330003,23.9126,36.366576,37.487824
"006","8am",5.4986207,28.56072,42.603324,23.337339
"007","8am",3.0186461,30.70402,35.254095,31.023235
"008","8am",6.5302416,38.24066,27.29838,27.930723
"009","8am",5.4306626,30.53255,36.890742,27.146048
"010","8am",0.2658124,35.30894,33.166062,31.25919
"011","8am",3.1492466,38.93361,26.089716,31.827424
"012","8am",5.278183,33.37063,31.840518,29.510671
"013","8am",2.9335492,41.00297,30.360311,25.703166
"014","8am",22.2377789,34.26876,31.428235,12.065228
"015","8am",14.3685539,51.22305,22.726281,11.682112
"016","8am",7.7450922,42.23799,26.898872,23.11805
"017","8am",5.7009124,36.65671,29.176767,28.465609
"018","8am",2.3022532,42.50526,29.994771,25.19772
"019","8am",13.0148023,45.84215,23.944391,17.198656
"020","8am",5.251839,36.08087,28.000123,30.667172
"021","8am",15.7954352,49.02996,29.046506,6.128101
"022","8am",3.3109827,50.33084,25.304222,21.053951
"023","8am",4.6620008,46.21581,32.420113,16.702074
"024","8am",4.2095886,49.58941,32.812433,13.388567
"025","8am",8.6087031,53.27376,32.192348,5.925192
"026","8am",10.3671127,35.43853,33.316198,20.878157
"027","8am",10.2094687,39.19009,32.583065,18.017372
"028","8am",12.533847,45.23747,30.69138,11.537303
"029","8am",14.2656931,46.99197,22.950491,15.791849
"030","8am",6.7910723,30.94171,34.449346,27.817867
"031","8am",4.5122576,30.53905,41.451389,23.497304
"032","8am",6.4632961,47.60355,32.949162,12.983993
"033","8am",9.074855,41.11794,33.202687,16.604514
"034","8am",0.4301761,43.90043,36.422157,19.247238
"035","8am",5.4834083,46.81485,31.656781,16.044961
"036","8am",0.6619056,42.2316,42.325244,14.781254
"037","8am",7.6708664,44.21862,25.454733,22.655782
"038","8am",1.8468002,35.51389,36.314885,26.324427
"039","8am",10.1878661,45.1226,26.997873,17.691657
"040","8am",6.0502469,55.14498,31.691501,7.113268
"041","8am",6.2890339,51.88975,20.061687,21.759525
"042","8am",9.988718,52.68984,22.887933,14.433505
"043","8am",16.5373287,43.77633,19.220216,20.466129
"044","8am",17.5386682,41.53316,30.533318,10.394859
"045","8am",9.8146734,45.82394,33.461546,10.89984
"046","8am",3.7426929,63.31639,20.263719,12.677202
"047","8am",10.0805647,49.18024,27.391585,13.347606
"048","8am",21.8213679,41.50942,33.460525,3.208687
"049","8am",8.8765313,42.25719,32.539825,16.326452
"050","8am",12.0953942,62.34113,18.190206,7.373272
"051","8am",11.3132125,64.12409,20.833112,3.729583
"052","8am",10.8352638,51.32417,28.08498,9.755587
"053","8am",4.7016771,38.34183,37.597119,19.359373
"101","8am",10.503479,41.68385,35.52502,12.287654
"102","8am",9.8775986,33.33396,31.223029,25.565407
"103","8am",20.6436469,44.45093,26.332369,8.573055
"104","8am",16.6435241,43.84931,27.135242,12.371925
"105","8am",12.0580455,52.61641,23.97331,11.352239
"106","8am",15.6000524,46.38911,25.372122,12.638713
"107","8am",8.1507787,46.49232,36.039567,9.317338
"108","8am",10.9761911,51.87221,25.232345,11.919249
"109","8am",14.3764422,63.72997,14.572083,7.321509
"110","8am",2.1421629,64.83167,22.044322,10.981841
"111","8am",6.3608998,56.27542,25.206843,12.156835
"112","8am",8.3292975,52.73345,25.466001,13.471256
"113","8am",9.7005995,50.91574,26.565979,12.817677
"114","8am",18.1167756,63.54435,9.525735,8.813139
"115","8am",8.3392998,51.87213,25.662489,14.126082
"116","8am",5.8215934,53.55206,23.706457,16.919892
"117","8am",9.0485329,66.34776,16.637784,7.965928
"118","8am",8.4519067,41.12133,34.14517,16.281593
"119","8am",5.3297368,51.07318,26.908217,16.688862
"120","8am",9.9829073,67.99244,14.352377,7.67228
"121","8am",6.1711663,53.97799,30.155719,9.695125
"122","8am",14.6237208,59.20953,19.151057,7.01569
"123","8am",11.024363,41.21243,34.782884,12.980325
"124","8am",10.2684574,52.14564,25.206059,12.379843
"125","8am",8.8308469,48.85165,28.109794,14.207713
"126","8am",11.0423035,46.11345,29.583001,13.261246
"127","8am",6.5585981,43.78776,29.280649,20.37299
"128","8am",8.4400069,40.0271,37.972069,13.560826
"129","8am",6.7960453,41.60955,27.545487,24.048922
"130","8am",8.3662871,43.65667,34.695898,13.281142
"131","8am",7.0429084,51.61117,24.473508,16.872409
"132","8am",6.1739089,48.31119,32.495835,13.019069
"133","8am",12.2194737,37.836,26.980963,22.963568
"134","8am",15.8440511,48.02663,25.94658,10.18274
"135","8am",11.1065558,41.38634,30.879447,16.627659
"136","8am",10.4526941,36.88787,39.039154,13.620281
"200","8am",6.1668865,43.26455,37.170827,13.397732
"201","8am",10.4445939,32.14341,38.154207,19.257785
"202","8am",4.2700407,42.27987,28.717308,24.732782
"203","8am",6.8677346,45.91202,35.504054,11.716188
"204","8am",7.6101534,49.82583,27.388719,15.175299
"205","8am",12.6651099,40.63182,33.740334,12.962731
"206","8am",15.2443802,25.96676,42.971231,15.817632
"207","8am",12.186238,49.24739,27.431205,11.135167
"208","8am",10.1189546,51.2453,30.029361,8.606384
"209","8am",8.2097632,48.03677,31.763305,11.990163
"210","8am",11.9807812,39.53046,33.125449,15.363307
"211","8am",11.5624725,43.64121,32.709084,12.087231
"212","8am",13.5603906,52.9709,21.129607,12.339106
"213","8am",19.4176132,41.82449,33.966262,4.791637
"214","8am",10.7172629,40.51033,42.386925,6.385483
"215","8am",6.7910021,48.31737,29.639097,15.252535
"216","8am",18.2593009,44.1544,26.516458,11.069836
"217","8am",9.9787515,42.72494,25.586338,21.709971
"218","8am",12.3962596,40.46195,28.279166,18.862628
"219","8am",15.9767308,45.42039,25.088995,13.513887
"220","8am",9.8090152,47.98599,24.972015,17.232982
"221","8am",7.8122952,42.18077,26.206089,23.800845
"222","8am",13.4565862,30.30834,32.745656,23.489417
"223","8am",16.128891,55.04641,21.450686,7.374013
"224","8am",3.7192059,39.47398,35.312429,21.494387
"225","8am",9.5814521,46.9536,32.647822,10.817125
"226","8am",14.4872057,37.59723,32.941919,14.97364
"227","8am",11.0371234,45.51106,21.932716,21.519102
"228","8am",7.0434791,40.30817,37.190884,15.457465
"229","8am",7.8696374,37.18512,38.574575,16.370667
"230","8am",12.5481782,48.00323,31.414242,8.034348
"231","8am",5.0970327,52.08864,28.582944,14.231381
"232","8am",17.0676011,44.84753,24.47368,13.611189
"233","8am",15.9122896,39.17941,34.935947,9.972353
"001","9am",1.7441156,29.39083,37.02363,31.841431
"002","9am",0.6787848,23.3669,27.59643,48.357885
"003","9am",1.2215769,21.6046,40.3321,36.841715
"004","9am",2.1284512,23.94828,34.4347,39.488565
"005","9am",2.0701319,25.1588,39.04847,33.722598
"006","9am",5.6482627,27.2639,39.71927,27.368572
"007","9am",2.7021788,30.79157,36.10911,30.397139
"008","9am",8.8472363,39.65158,26.90105,24.60013
"009","9am",5.569567,28.31766,41.1758,24.936976
"010","9am",2.3006572,29.67618,36.88825,31.134907
"011","9am",2.9056972,44.01479,26.08016,26.999344
"012","9am",4.4613441,34.06736,32.60524,28.86606
"013","9am",2.2270046,35.84647,37.39203,24.534491
"014","9am",21.9746103,34.32347,29.81098,13.890937
"015","9am",15.5130487,54.33597,17.16843,12.982544
"016","9am",6.7036853,43.50128,28.35207,21.44297
"017","9am",4.8875132,36.76861,29.73125,28.61262
"018","9am",2.2497331,39.55515,29.95047,28.244647
"019","9am",13.0827413,44.77077,28.48039,13.666104
"020","9am",4.522335,36.8521,28.40532,30.220238
"021","9am",14.0264308,48.05819,29.60906,8.306317
"022","9am",3.6428395,45.69262,27.73898,22.925559
"023","9am",4.848558,50.16772,29.43557,15.548152
"024","9am",6.0782846,47.40593,32.75068,13.765111
"025","9am",7.9311011,52.1394,34.49344,5.436057
"026","9am",9.3727254,30.07623,37.43032,23.120724
"027","9am",10.1737313,38.75406,33.0874,17.984804
"028","9am",10.2359217,45.80047,34.44033,9.523273
"029","9am",12.0732017,45.53132,22.57551,19.819963
"030","9am",5.8321711,30.56163,34.28313,29.32307
"031","9am",3.3485044,33.11285,36.64926,26.889392
"032","9am",5.997568,47.59543,32.00494,14.402061
"033","9am",10.2859189,38.75618,30.95832,19.999579
"034","9am",1.0570505,41.88343,32.20268,24.856837
"035","9am",4.7678296,47.60343,33.42473,14.20401
"036","9am",0.6050803,37.5449,37.41123,24.438796
"037","9am",8.4897203,48.67013,27.33372,15.506434
"038","9am",3.1861848,33.7734,35.2582,27.782216
"039","9am",8.1009924,46.51272,28.73678,16.649505
"040","9am",7.9422862,54.85826,30.17006,7.029396
"041","9am",7.3807117,53.91232,18.19064,20.516331
"042","9am",8.2229283,47.08085,27.49395,17.202276
"043","9am",16.550102,43.29604,20.02086,20.132997
"044","9am",15.8330344,40.82465,31.46791,11.874412
"045","9am",6.3610309,45.34898,34.24062,14.04937
"046","9am",7.3864747,62.86296,19.68264,10.067925
"047","9am",11.5329077,47.06949,27.1383,14.259298
"048","9am",18.9128519,43.57983,33.02639,4.480926
"049","9am",7.6661322,40.69484,36.1868,15.452237
"050","9am",13.272134,61.88653,19.525,5.316341
"051","9am",11.2067161,62.51932,22.17482,4.099148
"052","9am",10.2727387,55.04238,26.22987,8.455012
"053","9am",6.0418713,35.75159,37.51399,20.692545
"101","9am",11.408097,40.62126,35.49483,12.475815
"102","9am",9.6511407,34.24889,34.38361,21.716362
"103","9am",20.9186057,42.68019,28.74353,7.657671
"104","9am",16.7889751,40.93366,30.11642,12.160947
"105","9am",7.3756856,55.13106,24.94928,12.543972
"106","9am",14.1513324,46.60005,26.61939,12.629235
"107","9am",7.9298174,48.88707,34.11432,9.068796
"108","9am",10.4958908,54.17862,24.24548,11.080013
"109","9am",14.6861068,64.09156,13.36028,7.862056
"110","9am",2.218871,63.71129,22.98135,11.088494
"111","9am",6.3196634,54.5539,24.30568,14.820758
"112","9am",7.6583477,53.84796,25.22187,13.271816
"113","9am",10.9021844,51.43235,26.32858,11.336884
"114","9am",16.4532967,59.75362,16.38645,7.406637
"115","9am",8.1454875,52.3168,25.6886,13.849107
"116","9am",6.3865504,51.1447,25.1058,17.362954
"117","9am",7.2254819,63.21371,16.50013,13.06067
"118","9am",9.3328522,42.0578,30.46465,18.144693
"119","9am",5.5878345,48.3739,28.8017,17.236562
"120","9am",12.2249053,60.53992,19.27573,7.959438
"121","9am",6.1811567,53.85096,29.22211,10.745774
"122","9am",15.6026859,57.76806,19.42367,7.20559
"123","9am",10.3147495,43.62465,34.37148,11.689125
"124","9am",10.5001333,51.76839,25.07232,12.659155
"125","9am",8.0336285,51.18275,27.83129,12.952334
"126","9am",11.5232954,45.33119,26.43088,16.714627
"127","9am",6.0428443,42.03713,29.16946,22.750563
"128","9am",7.8004067,48.68694,30.50084,13.011814
"129","9am",6.8937413,39.98818,28.44357,24.674517
"130","9am",9.3718875,44.9348,31.65937,14.033943
"131","9am",7.3166725,54.87818,26.14269,11.662455
"132","9am",7.1799517,46.64959,31.78498,14.38548
"133","9am",12.0508053,38.27325,27.40055,22.275389
"134","9am",16.6275858,47.93601,26.22839,9.208012
"135","9am",10.2971164,43.64438,32.30256,13.75594
"136","9am",11.569781,34.59301,40.57444,13.262771
"200","9am",6.2250795,44.3984,33.29291,16.083607
"201","9am",9.6373209,36.15116,35.75948,18.452043
"202","9am",6.7137694,38.67451,34.25788,20.353839
"203","9am",7.4610256,48.47552,33.51923,10.54422
"204","9am",8.0923935,49.31626,26.41569,16.175654
"205","9am",12.8128091,39.50998,31.86364,15.81357
"206","9am",15.142709,26.76591,41.91746,16.173927
"207","9am",10.6594954,49.93841,27.36138,12.04071
"208","9am",10.0720385,50.37553,30.25334,9.299088
"209","9am",8.1244438,48.67184,32.15693,11.046791
"210","9am",12.1040561,39.56206,33.54794,14.785941
"211","9am",10.4491712,44.72981,32.13511,12.685914
"212","9am",13.8185933,52.9705,23.4106,9.800304
"213","9am",20.158215,41.9056,32.57196,5.364226
"214","9am",11.6203597,43.34624,38.8286,6.204805
"215","9am",7.0838998,50.66331,27.72923,14.523563
"216","9am",18.6455301,43.44979,27.14783,10.756852
"217","9am",10.1517046,42.10117,26.41269,21.334434
"218","9am",12.7603752,44.14798,25.03743,18.054221
"219","9am",18.6685907,44.43621,22.80025,14.094948
"220","9am",10.6884244,43.3717,26.3235,19.616374
"221","9am",8.4037232,41.97393,29.00853,20.613817
"222","9am",15.392264,31.99925,29.36694,23.241546
"223","9am",13.8301748,51.27901,23.48899,11.401824
"224","9am",4.6724724,42.48646,34.44302,18.398051
"225","9am",7.5719593,48.9082,32.39472,11.125112
"226","9am",15.3049543,38.91538,31.38374,14.395923
"227","9am",8.8859826,49.26846,21.17284,20.672712
"228","9am",7.2320558,41.62991,38.1866,12.951426
"229","9am",7.8709203,36.37004,38.8831,16.875937
"230","9am",12.9153433,48.30108,31.1301,7.653485
"231","9am",5.2029401,51.92205,27.48537,15.389643
"232","9am",18.9655479,43.35254,25.56145,12.120459
"233","9am",14.2190938,40.98494,34.46473,10.331235
"001","10am",1.9832558,32.43812,35.96491,29.613716
"002","10am",1.2238007,23.37779,28.95954,46.438868
"003","10am",0.6368574,25.89566,41.76086,31.706623
"004","10am",2.3968846,24.97642,32.56063,40.066071
"005","10am",0.7590387,26.22424,38.5346,34.482118
"006","10am",5.0732372,27.95297,39.31912,27.654674
"007","10am",2.6181177,31.51374,35.04264,30.825508
"008","10am",11.3682409,41.13192,24.91496,22.584887
"009","10am",3.7555088,24.59515,38.53514,33.114203
"010","10am",1.8475485,32.84123,35.59575,29.715471
"011","10am",3.0002378,44.52598,24.09993,28.373856
"012","10am",5.6393187,31.41441,32.7402,30.206071
"013","10am",3.7228059,37.69463,35.51009,23.07248
"014","10am",20.5757064,35.73289,29.92377,13.767639
"015","10am",16.3527576,52.09409,18.33705,13.216111
"016","10am",6.3655789,41.81618,30.10043,21.717818
"017","10am",4.7374856,34.41797,31.57659,29.267959
"018","10am",2.2249714,41.46721,31.10876,25.199061
"019","10am",13.0881523,42.14226,31.31465,13.454935
"020","10am",5.1058537,36.67136,29.04586,29.17693
"021","10am",11.0189491,44.1215,34.17682,10.682728
"022","10am",4.6135615,49.34916,24.94481,21.092468
"023","10am",4.1139476,43.94504,34.69024,17.250765
"024","10am",5.0977555,47.45091,31.43326,16.018075
"025","10am",7.7152028,53.62935,30.55726,8.098188
"026","10am",9.7864529,31.53381,35.25034,23.429394
"027","10am",8.9116178,37.46661,37.81144,15.810329
"028","10am",9.8297527,47.86121,31.04282,11.266209
"029","10am",13.3215649,46.61941,21.70458,18.354445
"030","10am",4.7512242,31.21922,34.75421,29.275349
"031","10am",3.2196601,32.45253,36.08441,28.243406
"032","10am",6.2144255,45.61242,32.71734,15.455818
"033","10am",10.4564853,39.44504,29.63387,20.464604
"034","10am",2.4119704,43.12713,34.43498,20.025921
"035","10am",4.2377507,45.44194,35.52925,14.791059
"036","10am",1.0271234,35.49148,38.2496,25.231798
"037","10am",6.3127627,54.11198,23.87714,15.698115
"038","10am",2.817325,34.68237,33.77208,28.728228
"039","10am",8.9094015,45.8362,31.19973,14.054667
"040","10am",6.8986515,54.8182,32.34234,5.940811
"041","10am",7.2606479,52.78589,18.62249,21.330972
"042","10am",9.233222,45.02875,28.96576,16.772265
"043","10am",18.0323757,43.63926,15.95186,22.376501
"044","10am",18.7582918,40.71505,30.70509,9.821566
"045","10am",5.950233,46.11635,34.76594,13.167475
"046","10am",6.225576,60.51925,22.2945,10.960678
"047","10am",9.3748865,47.93412,28.29828,14.392714
"048","10am",21.0901195,41.19268,33.33534,4.381856
"049","10am",9.6844795,39.55095,34.34366,16.420917
"050","10am",11.440768,59.87382,19.90223,8.783174
"051","10am",9.9739336,64.31157,21.62813,4.08636
"052","10am",9.9829978,59.44046,20.30532,10.271217
"053","10am",5.2325513,30.22634,41.644,22.897111
"101","10am",11.2715455,42.21216,33.43375,13.082548
"102","10am",10.0891447,35.60184,32.40211,21.9069
"103","10am",20.6138386,43.17301,28.18211,8.031038
"104","10am",17.1699243,41.26012,29.53392,12.036033
"105","10am",8.1685727,55.14532,23.51693,13.169179
"106","10am",12.7073527,46.57865,27.74761,12.966382
"107","10am",9.456185,48.48705,32.50697,9.549797
"108","10am",10.5849442,52.50656,26.86231,10.046185
"109","10am",16.7319158,61.88844,15.1867,6.192953
