"district","hour","mode1","mode2","mode3"
"001","4am",14.1865345,20.86618,64.947286
"002","4am",19.7187428,22.61919,57.662069
"003","4am",18.1200896,31.79017,50.08974
"004","4am",16.6537208,35.00578,48.340501
"005","4am",23.0290531,31.93943,45.031516
"006","4am",24.6117734,39.38175,36.006478
"007","4am",24.8203505,33.83336,41.346292
"008","4am",26.8961146,53.44726,19.656629
"009","4am",23.9070279,45.56456,30.528408
"010","4am",17.7732926,40.35333,41.873377
"011","4am",25.3683576,39.92477,34.706873
"012","4am",20.418203,39.10439,40.477412
"013","4am",21.2225248,53.78134,24.99614
"014","4am",30.2201053,53.25121,16.528684
"015","4am",20.0492384,49.55852,30.392243
"016","4am",23.1730037,47.31956,29.507433
"017","4am",21.2371794,55.8621,22.900718
"018","4am",18.5395369,60.99632,20.464146
"019","4am",18.0330891,58.0039,23.963006
"020","4am",11.7989594,64.14609,24.054951
"021","4am",10.3627683,71.01828,18.618951
"022","4am",12.5580768,70.47173,16.970197
"023","4am",16.644079,51.22101,32.134912
"024","4am",20.3247064,61.07454,18.600756
"025","4am",14.6033267,58.63854,26.758133
"026","4am",9.5377286,78.85361,11.608662
"027","4am",20.5309464,56.2027,23.26635
"028","4am",13.1046923,72.6907,14.204608
"029","4am",18.2495532,64.35319,17.397258
"030","4am",29.2758733,42.21759,28.506533
"031","4am",12.9958847,62.33897,24.665143
"032","4am",14.8053091,60.78307,24.411623
"033","4am",12.078582,77.78147,10.139948
"034","4am",8.0829763,80.01592,11.901103
"035","4am",7.5782724,74.79541,17.626316
"036","4am",10.0375497,82.40789,7.554561
"037","4am",13.0839969,71.13446,15.78154
"038","4am",9.8178981,80.0748,10.107302
"039","4am",2.1300725,91.09936,6.770566
"040","4am",9.1078582,83.29998,7.592167
"041","4am",13.3112638,69.19096,17.497772
"042","4am",11.4604383,75.1655,13.374061
"043","4am",7.0841588,84.18966,8.72618
"044","4am",7.4231919,78.47726,14.099545
"045","4am",8.2642565,73.88749,17.848257
"046","4am",21.1556327,64.10632,14.738044
"047","4am",15.0097648,71.78679,13.203441
"048","4am",7.1326828,74.58589,18.281425
"049","4am",8.065912,88.52834,3.405748
"050","4am",3.9219583,79.83409,16.243947
"051","4am",4.0279184,79.53129,16.440787
"052","4am",5.5176865,84.05616,10.426155
"053","4am",10.5444954,82.3225,7.133003
"101","4am",3.8787379,78.27964,17.841627
"102","4am",5.861821,76.97415,17.164028
"103","4am",0,69.74314,30.256863
"104","4am",1.8552279,70.63698,27.507789
"105","4am",0.3743774,90.85769,8.767934
"106","4am",0.5430013,82.6958,16.761199
"107","4am",3.5046122,93.84479,2.650601
"108","4am",4.0607126,77.00886,18.930423
"109","4am",3.3569681,81.92723,14.715803
"110","4am",1.1633592,91.25665,7.579993
"111","4am",3.5600256,74.2127,22.227278
"112","4am",1.8826966,86.84488,11.27242
"113","4am",14.9609334,59.39213,25.64694
"114","4am",8.1304672,69.24034,22.629194
"115","4am",3.3983879,65.51803,31.083579
"116","4am",5.7316807,68.22515,26.043169
"117","4am",5.1397554,67.64876,27.211482
"118","4am",9.1237121,53.63617,37.240119
"119","4am",4.2328791,66.70773,29.059389
"120","4am",2.5833085,80.2706,17.14609
"121","4am",4.8778793,78.40498,16.717138
"122","4am",4.1659805,82.09765,13.736367
"123","4am",2.785603,83.28392,13.930481
"124","4am",3.3490952,86.33607,10.314832
"125","4am",6.2569823,81.40379,12.339226
"126","4am",4.6972126,91.46014,3.842648
"127","4am",9.9039513,69.35984,20.736207
"128","4am",3.1358549,83.6123,13.251844
"129","4am",4.9550117,83.14882,11.896173
"130","4am",1.3633151,83.06782,15.56887
"131","4am",0.7911658,72.11387,27.094961
"132","4am",6.5489484,70.19224,23.258807
"133","4am",0,75.01775,24.982249
"134","4am",4.3960431,79.28634,16.31762
"135","4am",2.057877,87.4508,10.491323
"136","4am",4.6669125,78.72852,16.604571
"200","4am",2.3289312,81.60517,16.065897
"201","4am",2.5500779,83.29187,14.158048
"202","4am",9.344614,81.70859,8.946799
"203","4am",4.9434075,83.41956,11.637035
"204","4am",9.4569353,77.19145,13.351619
"205","4am",1.5670092,80.25719,18.175801
"206","4am",4.3194776,82.858,12.822519
"207","4am",0.6178357,84.13409,15.248074
"208","4am",5.5550242,84.02372,10.421259
"209","4am",0.8405421,89.25393,9.905526
"210","4am",3.7799084,77.26901,18.951083
"211","4am",2.979837,89.07853,7.941633
"212","4am",2.0058077,83.79002,14.204177
"213","4am",3.9492852,77.89313,18.157589
"214","4am",1.5149922,82.01636,16.468645
"215","4am",2.0765776,87.87605,10.047374
"216","4am",1.6961332,84.40566,13.898203
"217","4am",3.843408,70.97633,25.180259
"218","4am",6.4602716,83.97616,9.563567
"219","4am",1.585202,80.08744,18.327357
"220","4am",4.6301883,83.56038,11.809431
"221","4am",6.493991,79.56533,13.940682
"222","4am",3.3698775,88.92552,7.704605
"223","4am",3.2943295,86.46451,10.241158
"224","4am",3.2440946,79.03062,17.725282
"225","4am",12.0795497,76.29515,11.6253
"226","4am",6.4897475,75.32408,18.186173
"227","4am",5.230116,79.57105,15.198831
"228","4am",7.7545306,85.35012,6.895349
"229","4am",6.4093474,83.7114,9.879255
"230","4am",2.4344943,80.50157,17.063938
"231","4am",2.0604637,78.43082,19.50872
"232","4am",4.6802471,80.77466,14.545095
"233","4am",4.2513146,77.71659,18.032097
"001","5am",12.4671033,21.28427,66.248625
"002","5am",19.9675524,23.53091,56.501537
"003","5am",18.5809022,31.13825,50.280844
"004","5am",16.4965268,36.55143,46.952044
"005","5am",23.3689575,32.41085,44.220192
"006","5am",23.7369115,40.06682,36.196272
"007","5am",24.3631208,34.35835,41.278529
"008","5am",26.0931054,53.82364,20.083252
"009","5am",24.1695233,45.49234,30.338138
"010","5am",17.9163892,39.8731,42.210508
"011","5am",25.1324372,40.48346,34.384107
"012","5am",20.419877,38.30689,41.273235
"013","5am",19.6093462,55.42758,24.963076
"014","5am",30.2180836,53.20219,16.579726
"015","5am",20.0492384,49.55852,30.392243
"016","5am",23.1668069,48.04095,28.792244
"017","5am",21.5789195,56.16229,22.258786
"018","5am",19.2099992,60.49429,20.295715
"019","5am",18.1225699,56.63696,25.240469
"020","5am",11.0860776,64.92645,23.987476
"021","5am",10.1586848,71.58904,18.252271
"022","5am",12.4244731,70.78587,16.789654
"023","5am",16.8713304,50.555,32.573669
"024","5am",19.3675889,62.90759,17.724822
"025","5am",14.6033267,58.63854,26.758133
"026","5am",9.5377286,78.85361,11.608662
"027","5am",20.1487095,57.0181,22.833186
"028","5am",14.0038452,72.0429,13.953254
"029","5am",17.7331535,64.45006,17.816784
"030","5am",29.1425005,42.23194,28.625564
"031","5am",12.5807182,63.91515,23.504128
"032","5am",14.9154394,60.49135,24.593211
"033","5am",12.0634171,77.80937,10.127217
"034","5am",7.8897487,80.49365,11.616601
"035","5am",7.6422898,74.5825,17.775214
"036","5am",9.1881867,83.32773,7.484084
"037","5am",13.149782,70.98933,15.860888
"038","5am",10.6358478,80.45928,8.904868
"039","5am",1.46471,91.05328,7.482005
"040","5am",8.6077605,83.81472,7.577521
"041","5am",13.3769683,69.03889,17.584141
"042","5am",9.4253227,76.99081,13.583864
"043","5am",7.1670425,84.371,8.461957
"044","5am",7.6076654,77.9424,14.449932
"045","5am",8.315068,73.72694,17.957995
"046","5am",21.4442607,63.61662,14.939116
"047","5am",14.4153157,72.90415,12.68053
"048","5am",7.277284,73.3067,19.416016
"049","5am",8.0867489,88.4987,3.414546
"050","5am",3.9766904,79.55267,16.470636
"051","5am",4.0502441,79.41784,16.531914
"052","5am",5.8302004,83.15312,11.016678
"053","5am",10.214785,82.87525,6.909965
"101","5am",3.8787379,78.27964,17.841627
"102","5am",5.861821,76.97415,17.164028
"103","5am",0,69.90448,30.095522
"104","5am",1.8119341,71.3222,26.865866
"105","5am",0.3770672,90.792,8.83093
"106","5am",0.5241286,83.29723,16.178643
"107","5am",3.5973323,94.56689,1.835778
"108","5am",4.1937509,76.25562,19.550628
"109","5am",3.4642727,81.34954,15.18619
"110","5am",1.1445524,91.39799,7.457454
"111","5am",3.6978661,74.42817,21.873961
"112","5am",1.8473232,87.09205,11.060625
"113","5am",13.684349,62.02924,24.286411
"114","5am",8.187204,69.02569,22.787107
"115","5am",3.3983879,64.08727,32.514342
"116","5am",5.7085286,68.3535,25.937973
"117","5am",5.2652197,66.85905,27.87573
"118","5am",9.0874819,54.91829,35.994225
"119","5am",3.6729754,70.45551,25.871517
"120","5am",2.7395291,79.82636,17.434106
"121","5am",4.5730831,79.31108,16.11584
"122","5am",4.1497006,82.16761,13.682688
"123","5am",2.7671228,83.95611,13.276763
"124","5am",3.3915674,86.16279,10.445642
"125","5am",6.4206227,82.60084,10.978533
"126","5am",4.9004274,91.09068,4.008892
"127","5am",10.0043701,70.1911,19.804528
"128","5am",3.2274328,83.94783,12.824734
"129","5am",5.0152163,82.94407,12.040714
"130","5am",1.3990467,84.06643,14.534526
"131","5am",0.797188,71.90161,27.301201
"132","5am",6.4447174,70.66666,22.888627
"133","5am",0,75.34585,24.65415
"134","5am",4.5022534,78.78589,16.711861
"135","5am",2.2192239,86.46689,11.31389
"136","5am",4.7103687,78.53045,16.759185
"200","5am",2.3839408,81.17068,16.445376
"201","5am",2.599005,82.9713,14.429691
"202","5am",9.3288633,81.73942,8.931718
"203","5am",5.0142567,83.18193,11.803818
"204","5am",8.7020164,77.83504,13.462941
"205","5am",1.5780895,80.11759,18.304322
"206","5am",4.3194776,82.858,12.822519
"207","5am",0.6178357,84.13409,15.248074
"208","5am",5.6271394,83.81631,10.556547
"209","5am",0.8405421,89.25393,9.905526
"210","5am",3.7197464,76.87456,19.40569
"211","5am",3.0468315,89.7218,7.231371
"212","5am",2.0724589,84.24552,13.68202
"213","5am",3.88226,77.25749,18.860252
"214","5am",1.5520739,81.57619,16.87174
"215","5am",2.1139408,87.65791,10.228153
"216","5am",1.7249333,84.14087,14.134192
"217","5am",3.7661058,72.18626,24.047632
"218","5am",6.7647953,83.22083,10.014373
"219","5am",1.6213395,79.6335,18.745162
"220","5am",4.7181822,83.24796,12.033862
"221","5am",6.7647571,78.71331,14.521937
"222","5am",3.3668166,88.93558,7.697607
"223","5am",3.2943295,86.46451,10.241158
"224","5am",3.222865,79.16785,17.609287
"225","5am",12.2111927,77.2903,10.498512
"226","5am",6.5470446,75.79282,17.66014
"227","5am",5.1558939,79.86097,14.98314
"228","5am",7.9491732,84.9824,7.068426
"229","5am",6.5127621,84.08317,9.404071
"230","5am",2.4581281,80.31228,17.229593
"231","5am",2.011181,78.94671,19.042104
"232","5am",4.943114,83.02203,12.034851
"233","5am",4.2513146,77.71659,18.032097
"001","6am",12.0499642,23.91804,64.032
"002","6am",21.2377647,29.93184,48.830397
"003","6am",19.0809709,31.45976,49.459267
"004","6am",17.6811982,37.20425,45.114552
"005","6am",22.1986793,32.50634,45.294984
"006","6am",24.4336433,42.74296,32.823399
"007","6am",24.4716759,34.82137,40.70695
"008","6am",23.8277713,56.35153,19.820701
"009","6am",23.4614863,45.73878,30.799729
"010","6am",17.4266667,40.41463,42.158703
"011","6am",23.9339654,42.33779,33.728244
"012","6am",19.9344516,38.68195,41.383599
"013","6am",19.6939651,55.5758,24.730233
"014","6am",30.1215407,52.60322,17.275239
"015","6am",19.9739685,48.75108,31.274949
"016","6am",24.059158,48.34565,27.595192
"017","6am",21.8902482,55.61412,22.495628
"018","6am",17.2220714,61.60778,21.170153
"019","6am",16.9292799,57.34288,25.727841
"020","6am",10.5998291,65.18596,24.214216
"021","6am",8.1546667,72.90069,18.944648
"022","6am",9.932648,72.67523,17.392118
"023","6am",18.6751403,47.92575,33.399109
"024","6am",18.1378967,63.76122,18.10088
"025","6am",14.9744286,59.04341,25.982159
"026","6am",8.5569096,80.8008,10.642286
"027","6am",20.1515081,57.86518,21.98331
"028","6am",13.7702245,72.093,14.136777
"029","6am",18.1556661,65.47393,16.370407
"030","6am",26.994055,43.49876,29.507182
"031","6am",10.6876788,68.08793,21.224388
"032","6am",15.0500951,60.62865,24.321256
"033","6am",10.9269252,78.8294,10.24368
"034","6am",6.8392901,81.97156,11.189145
"035","6am",7.9995183,74.39064,17.609843
"036","6am",9.1297993,83.43367,7.436526
"037","6am",12.7827154,71.18618,16.031103
"038","6am",8.9330695,81.71983,9.347099
"039","6am",1.0779324,91.0453,7.876766
"040","6am",8.3611884,84.7292,6.909607
"041","6am",11.2883526,70.40199,18.309652
"042","6am",8.9471923,77.59546,13.457345
"043","6am",5.0459579,85.89943,9.054617
"044","6am",8.1603338,76.34,15.499665
"045","6am",7.5190224,75.47786,17.003114
"046","6am",20.0781422,64.87037,15.051485
"047","6am",13.1562376,74.99059,11.853174
"048","6am",4.810675,76.42204,18.767283
"049","6am",6.4520111,90.05051,3.497478
"050","6am",5.6321756,78.27103,16.096798
"051","6am",4.2497418,80.13923,15.611033
"052","6am",5.2231691,83.77253,11.0043
"053","6am",9.5559421,83.97978,6.46428
"101","6am",1.9319602,78.46952,19.598516
"102","6am",3.4652969,78.28403,18.250677
"103","6am",0,71.6713,28.328699
"104","6am",1.7865197,71.72444,26.489042
"105","6am",0.3769903,89.46106,10.161952
"106","6am",0,84.10197,15.898032
"107","6am",2.3853147,95.57576,2.03893
"108","6am",2.6508831,77.23856,20.11056
"109","6am",2.9487134,80.96731,16.083973
"110","6am",1.1066347,90.8905,8.002863
"111","6am",3.7429261,74.11657,22.140504
"112","6am",1.8698409,86.93471,11.195447
"113","6am",13.7594049,64.24229,21.998306
"114","6am",7.5087378,67.51556,24.975703
"115","6am",1.3109448,63.5755,35.113555
"116","6am",5.8334951,68.24441,25.922091
"117","6am",4.4702987,66.6903,28.839405
"118","6am",9.6789236,53.85718,36.463892
"119","6am",3.1724718,74.90865,21.918876
"120","6am",1.9973944,79.77557,18.227032
"121","6am",4.2585293,81.10866,14.632808
"122","6am",3.3714572,83.39124,13.237303
"123","6am",2.6937471,85.06992,12.236337
"124","6am",1.8321512,86.68641,11.481439
"125","6am",5.1565719,83.04718,11.796244
"126","6am",4.5434537,91.16366,4.292882
"127","6am",9.3618908,70.62219,20.015915
"128","6am",3.002999,82.98849,14.00851
"129","6am",0.7859044,88.20127,11.012829
"130","6am",0.5486468,85.22662,14.22473
"131","6am",0.7987087,71.84801,27.353282
"132","6am",6.5013643,70.40883,23.089811
"133","6am",0,74.94832,25.051681
"134","6am",3.9086415,79.13554,16.955816
"135","6am",2.3905781,85.42195,12.187476
"136","6am",4.8930993,77.69757,17.409329
"200","6am",2.4750235,82.93293,14.592045
"201","6am",2.770107,83.93637,13.293524
"202","6am",8.446473,82.97973,8.573793
"203","6am",4.4599136,85.66932,9.870763
"204","6am",7.2220037,78.8163,13.961693
"205","6am",1.6347046,79.40429,18.961003
"206","6am",2.6141287,83.39114,13.994732
"207","6am",0.6549968,83.1798,16.165203
"208","6am",4.4168828,83.83933,11.743783
"209","6am",0,89.31863,10.681373
"210","6am",2.8215275,78.07393,19.104539
"211","6am",3.2049736,89.18832,7.606707
"212","6am",2.127617,84.44691,13.425469
"213","6am",4.1893551,76.61049,19.200159
"214","6am",0.9374486,80.18122,18.881326
"215","6am",1.6808826,87.65665,10.662466
"216","6am",1.1165536,84.23632,14.647125
"217","6am",2.7713204,73.70046,23.528218
"218","6am",6.5843269,82.92375,10.491928
"219","6am",1.1873595,81.69749,17.115153
"220","6am",4.3398731,84.76868,10.891449
"221","6am",6.2033382,78.46741,15.32925
"222","6am",2.1229357,89.91114,7.965927
"223","6am",2.2135186,85.4447,12.341781
"224","6am",2.5491793,77.51529,19.935527
"225","6am",8.6189068,80.50019,10.880908
"226","6am",5.1328793,75.75146,19.115663
"227","6am",4.8946511,77.99274,17.112604
"228","6am",8.1439177,84.05738,7.798701
"229","6am",7.2385908,83.4166,9.34481
"230","6am",2.0893703,81.57859,16.332039
"231","6am",2.0435616,78.60775,19.348688
"232","6am",1.4408287,87.84568,10.71349
"233","6am",3.2723516,78.05868,18.668967
"001","7am",11.1987592,26.72008,62.081163
"002","7am",25.087025,36.10204,38.810939
"003","7am",19.6228551,33.37408,47.003066
"004","7am",24.3746298,36.80113,38.824235
"005","7am",30.4655459,32.12378,37.41067
"006","7am",25.7611997,43.91495,30.323854
"007","7am",29.394031,37.44577,33.160204
"008","7am",18.4956113,62.37028,19.134106
"009","7am",23.868821,45.80025,30.330929
"010","7am",18.1839653,44.56989,37.246148
"011","7am",28.0990464,43.11048,28.790475
"012","7am",18.202519,39.77706,42.020421
"013","7am",16.3941151,58.95997,24.645912
"014","7am",32.8526602,50.74971,16.397627
"015","7am",20.15604,45.94832,33.895635
"016","7am",20.8471336,54.92134,24.231528
"017","7am",25.6815155,51.16708,23.151403
"018","7am",13.0530898,66.23353,20.713381
"019","7am",15.0029435,57.57617,27.42089
"020","7am",18.4496383,60.6382,20.912164
"021","7am",9.0787772,69.85183,21.069395
"022","7am",15.5635845,66.22282,18.213597
"023","7am",25.3861206,50.30859,24.305291
"024","7am",13.7859187,67.90314,18.31094
"025","7am",11.3793352,62.09625,26.524416
"026","7am",10.1428673,80.75395,9.103184
"027","7am",19.1060859,62.12147,18.772445
"028","7am",17.2513816,68.50494,14.243674
"029","7am",17.1156374,65.98231,16.902048
"030","7am",41.6124565,41.20212,17.185422
"031","7am",10.5762842,73.8693,15.554416
"032","7am",24.4230732,52.2387,23.338231
"033","7am",7.0841144,83.11486,9.801024
"034","7am",8.1030639,83.16361,8.733329
"035","7am",3.8419521,78.44617,17.711875
"036","7am",7.8434389,83.44771,8.708848
"037","7am",7.2082561,74.41778,18.373963
"038","7am",8.6274173,84.53697,6.835609
"039","7am",2.5770761,89.25086,8.17206
"040","7am",3.3316227,89.94586,6.722517
"041","7am",14.3243174,67.8956,17.780087
"042","7am",6.546026,82.88619,10.567782
"043","7am",2.8791443,86.18076,10.940092
"044","7am",7.445305,77.17903,15.375661
"045","7am",5.4204703,73.519,21.060525
"046","7am",14.3717847,70.86724,14.760973
"047","7am",9.1852534,80.92118,9.89357
"048","7am",5.0642517,73.68995,21.245798
"049","7am",10.1740715,85.86725,3.958678
"050","7am",4.5636879,77.01179,18.424518
"051","7am",0.5038436,83.16411,16.332051
"052","7am",3.0385467,85.99642,10.965038
"053","7am",7.5092445,87.55124,4.939519
"101","7am",0,78.97512,21.024878
"102","7am",1.3228378,77.71105,20.96611
"103","7am",0,68.498,31.502004
"104","7am",3.5708245,74.27106,22.15812
"105","7am",0.4361633,90.38288,9.180957
"106","7am",8.2098656,77.01237,14.777761
"107","7am",4.8769323,91.94815,3.174922
"108","7am",0,77.95073,22.049269
"109","7am",0,82.8043,17.195697
"110","7am",3.1399495,91.03646,5.823586
"111","7am",0.8704265,74.80996,24.319609
"112","7am",0,86.84836,13.151641
"113","7am",13.7029121,70.84625,15.450839
"114","7am",5.4942885,68.62338,25.88233
"115","7am",0.6594686,58.3556,40.984934
"116","7am",15.9157814,60.53661,23.547609
"117","7am",4.1750892,63.08832,32.736586
"118","7am",11.3722797,55.44993,33.177793
"119","7am",6.1130448,79.72965,14.157307
"120","7am",1.8196349,78.58484,19.595526
"121","7am",1.2790893,87.36748,11.353433
"122","7am",1.5286424,84.675,13.796356
"123","7am",1.5862766,85.94354,12.470188
"124","7am",2.2741288,82.51484,15.21103
"125","7am",6.2687787,82.57257,11.15865
"126","7am",4.0196733,90.12428,5.856051
"127","7am",7.2374205,69.15525,23.60733
"128","7am",1.1004613,85.50245,13.397094
"129","7am",1.0472141,88.68774,10.265047
"130","7am",6.1383634,79.25483,14.606802
"131","7am",0,72.19312,27.806882
"132","7am",3.0328636,72.59054,24.376594
"133","7am",5.7874565,69.61064,24.601906
"134","7am",1.5859752,78.60438,19.809649
"135","7am",0.8756841,83.18783,15.936487
"136","7am",1.1115873,82.96318,15.925233
"200","7am",1.1039961,87.71732,11.178684
"201","7am",2.007816,81.96902,16.023168
"202","7am",4.4737731,87.13319,8.393035
"203","7am",6.8919421,81.61571,11.492344
"204","7am",6.0183988,77.73459,16.247012
"205","7am",4.6105838,77.05799,18.331422
"206","7am",0,84.75264,15.247359
"207","7am",0,81.93942,18.060581
"208","7am",3.3059286,83.19349,13.500582
"209","7am",0,89.31927,10.680726
"210","7am",7.1539584,76.56057,16.28547
"211","7am",0,92.91911,7.08089
"212","7am",0,86.00855,13.991453
"213","7am",0,79.77694,20.223058
"214","7am",0,80.30493,19.695068
"215","7am",0,87.63842,12.361582
"216","7am",0,83.66557,16.334429
"217","7am",6.8646126,73.63128,19.504104
"218","7am",6.2038014,81.62074,12.175462
"219","7am",1.4239356,79.30987,19.266193
"220","7am",1.8077384,85.88984,12.302419
"221","7am",3.3375472,78.52411,18.13834
"222","7am",2.6292425,87.64095,9.729809
"223","7am",0,85.14856,14.851436
"224","7am",2.8304865,78.22862,18.940898
"225","7am",6.7711888,75.84692,17.381886
"226","7am",2.4162343,77.58996,19.993805
"227","7am",2.5084015,81.19367,16.297932
"228","7am",3.4401006,88.77356,7.786342
"229","7am",7.0485496,83.02818,9.923272
"230","7am",0,82.43113,17.568872
"231","7am",9.0592569,73.959,16.981743
"232","7am",1.9312291,87.20197,10.866804
"233","7am",0,80.53,19.469996
"001","8am",32.7833583,26.34537,40.871275
"002","8am",37.7751415,32.04164,30.183214
"003","8am",26.6864192,32.04084,41.272742
"004","8am",34.8388533,30.87454,34.286602
"005","8am",34.3001148,29.68196,36.017921
"006","8am",30.8326287,41.14735,28.020022
"007","8am",36.1727229,40.63756,23.189714
"008","8am",22.6233833,53.40246,23.974161
"009","8am",22.3600605,50.44051,27.199434
"010","8am",20.2056228,47.09551,32.698871
"011","8am",26.5878113,46.37015,27.04204
"012","8am",14.0949739,37.60689,48.298136
"013","8am",16.7029832,58.29661,25.000411
"014","8am",36.0350945,46.08532,17.879584
"015","8am",17.5765835,47.73298,34.690436
"016","8am",21.1394963,51.4756,27.384908
"017","8am",30.2069878,49.52315,20.269865
"018","8am",7.0510163,71.30944,21.639544
"019","8am",16.9249923,55.23811,27.836895
"020","8am",22.0947659,58.03214,19.873093
"021","8am",7.6711929,68.52581,23.803
"022","8am",12.4521251,69.44092,18.106952
"023","8am",30.1361591,51.27945,18.584393
"024","8am",9.4441078,71.57476,18.981128
"025","8am",10.610085,62.93088,26.459039
"026","8am",5.4547278,85.43975,9.105523
"027","8am",25.6669876,59.34477,14.988245
"028","8am",14.0162438,71.30899,14.674771
"029","8am",11.745249,71.03328,17.221468
"030","8am",41.6033285,42.58156,15.815108
"031","8am",11.6276737,74.74547,13.626857
"032","8am",25.0219645,52.79357,22.184463
"033","8am",2.6127763,83.69819,13.689036
"034","8am",11.225239,83.07791,5.69685
"035","8am",3.6560054,81.97404,14.369951
"036","8am",4.446316,84.45397,11.099719
"037","8am",7.8993378,73.27452,18.826143
"038","8am",9.8030663,80.81139,9.385545
"039","8am",3.6985374,87.46974,8.831722
"040","8am",4.1097854,89.30245,6.587768
"041","8am",14.5896287,68.52119,16.889177
"042","8am",6.0206081,80.01087,13.96852
"043","8am",3.5892478,84.03895,12.371799
"044","8am",3.3652601,82.17466,14.460075
"045","8am",8.6626944,58.24439,33.092911
"046","8am",6.2686363,74.82694,18.904424
"047","8am",7.5345009,82.65533,9.810173
"048","8am",6.4438039,65.90888,27.647312
"049","8am",11.5098996,83.89141,4.598695
"050","8am",4.8895671,73.83082,21.279615
"051","8am",1.9617585,81.04155,16.996692
"052","8am",3.5281026,83.45548,13.016422
"053","8am",7.7519769,88.69969,3.548334
"101","8am",0,71.14516,28.854842
"102","8am",1.4431334,79.39812,19.158747
"103","8am",0,68.36955,31.630448
"104","8am",5.5876395,76.45288,17.95948
"105","8am",0.6701294,84.72095,14.608918
"106","8am",7.6454927,79.08398,13.270525
"107","8am",7.7868134,89.2048,3.008391
"108","8am",0,73.10262,26.897383
"109","8am",0,79.11698,20.883021
"110","8am",3.274898,90.33695,6.388148
"111","8am",0.8042077,76.59866,22.59713
"112","8am",0,84.69035,15.30965
"113","8am",13.309402,76.69937,9.991231
"114","8am",5.8766872,68.61024,25.513074
"115","8am",0.7165704,56.74112,42.542313
"116","8am",17.7685797,54.48694,27.744484
"117","8am",5.0707777,57.53781,37.391413
"118","8am",11.4868613,57.08958,31.423563
"119","8am",8.6588778,81.23293,10.108194
"120","8am",1.768021,79.23853,18.993448
"121","8am",0.7376847,89.18041,10.081901
"122","8am",1.652076,84.59169,13.756235
"123","8am",2.2972639,83.33331,14.369422
"124","8am",0,83.59735,16.402645
"125","8am",7.3738604,83.25682,9.369324
"126","8am",3.8419032,91.05064,5.10746
"127","8am",13.7934916,66.23205,19.974463
"128","8am",1.3146589,85.91953,12.765809
"129","8am",1.0422393,87.96658,10.991183
"130","8am",7.0683383,74.32647,18.605189
"131","8am",0.5816899,69.30895,30.109362
"132","8am",3.0347673,75.14681,21.818424
"133","8am",5.741451,70.86213,23.396415
"134","8am",0.6253454,76.25255,23.122104
"135","8am",0,81.88798,18.112023
"136","8am",0,87.45337,12.546631
"200","8am",2.4073015,77.57692,20.01578
"201","8am",1.6386358,78.91127,19.450097
"202","8am",4.1363522,86.22291,9.640737
"203","8am",7.4090467,77.35929,15.231662
"204","8am",1.2529228,76.52956,22.217515
"205","8am",5.8490278,76.22901,17.921967
"206","8am",0,86.52802,13.471977
"207","8am",0.9323803,86.11761,12.950013
"208","8am",2.0300729,84.14899,13.820934
"209","8am",0.8832206,84.37423,14.742545
"210","8am",5.6567634,80.14459,14.198643
"211","8am",0,89.65426,10.345743
"212","8am",0,79.20664,20.793362
"213","8am",0,78.77065,21.229349
"214","8am",0,74.50877,25.491227
"215","8am",0,86.16007,13.839931
"216","8am",0,82.92203,17.077974
"217","8am",6.8340403,74.92073,18.245235
"218","8am",6.5192033,78.85432,14.626477
"219","8am",0,78.2948,21.705198
"220","8am",0.790723,85.85671,13.352567
"221","8am",1.2041995,82.30209,16.49371
"222","8am",0,91.70244,8.297555
"223","8am",0,85.04662,14.953383
"224","8am",16.7155187,68.30061,14.983876
"225","8am",3.5783024,76.54728,19.87442
"226","8am",2.4921056,78.08758,19.420318
"227","8am",2.7475122,77.20934,20.043152
"228","8am",2.1571123,90.87589,6.967001
"229","8am",4.9192067,85.49785,9.58294
"230","8am",0,84.09239,15.907609
"231","8am",10.2698111,72.68568,17.04451
"232","8am",0,84.59692,15.40308
"233","8am",0,69.47839,30.521612
"001","9am",42.8511945,22.46085,34.687954
"002","9am",42.0152956,28.86598,29.118729
"003","9am",28.9630407,28.14902,42.887936
"004","9am",40.1615964,29.60419,30.234214
"005","9am",37.4971887,30.29951,32.203299
"006","9am",34.8438493,40.10701,25.049142
"007","9am",32.9935568,43.18323,23.82321
"008","9am",19.2658211,57.60126,23.132923
"009","9am",21.3419958,49.46646,29.191545
"010","9am",15.4992148,50.15666,34.344126
"011","9am",27.9617887,46.1949,25.843312
"012","9am",17.8562931,42.33899,39.804719
"013","9am",15.1843059,60.55239,24.263304
"014","9am",35.1644029,44.74368,20.091918
"015","9am",20.6516954,45.43352,33.914787
"016","9am",18.77423,57.41111,23.814662
"017","9am",33.7551429,46.46516,19.779694
"018","9am",8.1274992,71.01816,20.854344
"019","9am",14.8100171,61.16421,24.025768
"020","9am",21.2494762,62.81278,15.937743
"021","9am",8.4081412,72.85272,18.739142
"022","9am",14.3660071,67.38961,18.244383
"023","9am",28.6573866,55.43474,15.907873
"024","9am",7.747734,71.60499,20.647278
"025","9am",10.6472008,67.09128,22.26152
"026","9am",4.912516,87.16403,7.923451
"027","9am",25.8169427,57.98411,16.198944
"028","9am",14.8408699,72.54936,12.609766
"029","9am",12.7405057,72.80639,14.453104
"030","9am",43.0685032,40.84537,16.086129
"031","9am",13.3086862,76.48389,10.207419
"032","9am",23.510443,53.20147,23.288084
"033","9am",1.4400525,84.52526,14.034686
"034","9am",11.0980918,84.708,4.193904
"035","9am",3.5623972,82.55807,13.879536
"036","9am",4.0530992,86.57247,9.374433
"037","9am",5.7887434,67.83531,26.375948
"038","9am",7.5405736,82.42884,10.03059
"039","9am",5.9967174,84.58741,9.415874
"040","9am",4.0564214,89.96356,5.980022
"041","9am",12.4400121,73.41178,14.148212
"042","9am",8.2272908,77.62132,14.151391
"043","9am",3.7486851,85.36759,10.883726
"044","9am",3.7543635,82.20271,14.042929
"045","9am",7.9548024,69.91981,22.125391
"046","9am",6.5274582,79.43052,14.042023
"047","9am",7.8340631,81.59203,10.573906
"048","9am",6.6871583,71.91315,21.399687
"049","9am",9.0476835,85.38844,5.563874
"050","9am",2.7926658,82.00777,15.199567
"051","9am",1.9389129,80.59729,17.463798
"052","9am",2.1918637,81.66619,16.141941
"053","9am",6.789025,90.12013,3.090842
"101","9am",0,70.17763,29.822367
"102","9am",0.6118884,74.27685,25.111264
"103","9am",1.4273328,64.38766,34.18501
"104","9am",3.9880106,75.73814,20.273849
"105","9am",0.8156826,88.08412,11.100196
"106","9am",7.899541,78.83724,13.263217
"107","9am",8.8977178,88.53104,2.571244
"108","9am",0,71.87747,28.122527
"109","9am",0,80.25285,19.747153
"110","9am",3.1548252,91.45575,5.389423
"111","9am",0.8355741,77.53802,21.626408
"112","9am",0.7426416,82.89749,16.359871
"113","9am",11.8447526,79.60708,8.548168
"114","9am",6.1107496,68.61752,25.271727
"115","9am",1.7358671,54.95487,43.309258
"116","9am",18.6388565,57.35909,24.002049
"117","9am",4.9668271,65.30599,29.727186
"118","9am",10.2944021,58.2595,31.446096
"119","9am",9.6502985,81.20631,9.143392
"120","9am",0.9525904,83.51414,15.533268
"121","9am",0.4540426,89.52752,10.018442
"122","9am",2.2780676,84.28718,13.434751
"123","9am",1.6176229,83.02711,15.355267
"124","9am",0,81.03856,18.961435
"125","9am",7.2477057,83.54326,9.20903
"126","9am",4.0651017,88.59304,7.341863
"127","9am",11.8390075,69.87021,18.290781
"128","9am",1.3389629,87.48341,11.177624
"129","9am",1.0606836,86.10094,12.838379
"130","9am",8.0534066,70.09608,21.850509
"131","9am",0.6077122,67.40452,31.987767
"132","9am",0.9467707,72.88238,26.17085
"133","9am",5.3825364,74.13877,20.478698
"134","9am",0.6624827,76.02002,23.317493
"135","9am",0,79.10278,20.897218
"136","9am",0,85.48513,14.514869
"200","9am",2.4332007,80.66884,16.897958
"201","9am",0,79.20786,20.792141
"202","9am",3.4219866,88.33807,8.239943
"203","9am",4.6255056,83.82952,11.544976
"204","9am",1.3732096,68.1039,30.52289
"205","9am",6.9320775,77.54115,15.526776
"206","9am",0,85.91083,14.089167
"207","9am",1.0487655,85.47401,13.47722
"208","9am",3.1380711,81.59898,15.262953
"209","9am",0.9003139,81.40164,17.698042
"210","9am",6.1425465,81.24462,12.612834
"211","9am",0,89.3358,10.664197
"212","9am",0,79.07778,20.922217
"213","9am",0,78.35844,21.641564
"214","9am",0,74.40628,25.593723
"215","9am",0,85.12191,14.878094
"216","9am",0,84.49151,15.508487
"217","9am",6.4139851,73.40329,20.182725
"218","9am",6.7454076,79.37031,13.884287
"219","9am",0,78.18181,21.818187
"220","9am",0.8444843,83.82179,15.333727
"221","9am",1.3221059,84.01541,14.662487
"222","9am",0,94.90054,5.099462
"223","9am",0,87.12941,12.870591
"224","9am",17.0463764,65.02121,17.932409
"225","9am",0,76.42143,23.578568
"226","9am",1.9185588,73.73274,24.348706
"227","9am",1.7101383,79.01543,19.274436
"228","9am",2.2225335,88.29741,9.480061
"229","9am",2.0569923,88.06972,9.873286
"230","9am",0,81.28965,18.710346
"231","9am",10.4903546,68.93606,20.573587
"232","9am",0,84.59951,15.400492
"233","9am",0,67.88904,32.110958
"001","10am",43.1235518,22.48892,34.387532
"002","10am",42.7099874,29.80342,27.486588
"003","10am",28.2862623,29.41266,42.301076
"004","10am",38.4857032,27.98055,33.533744
"005","10am",37.3576017,29.11258,33.529815
"006","10am",32.729765,40.81848,26.451754
"007","10am",33.3907312,43.12826,23.481013
"008","10am",18.6162805,59.57409,21.809633
"009","10am",17.4307491,49.91863,32.650616
"010","10am",15.1058449,48.83277,36.061389
"011","10am",28.7912546,48.36668,22.842062
"012","10am",16.8601385,39.29008,43.849782
"013","10am",16.5003764,51.50054,31.999083
"014","10am",34.8081719,46.19058,19.001246
"015","10am",16.544828,51.22886,32.226311
"016","10am",17.6781086,58.51354,23.808352
"017","10am",34.4209042,42.6131,22.965991
"018","10am",11.573952,66.07838,22.347671
"019","10am",13.8683413,57.69877,28.432888
"020","10am",21.4070358,61.61304,16.979926
"021","10am",6.7599854,75.69559,17.544426
"022","10am",12.836722,68.86687,18.296412
"023","10am",32.8282781,49.52073,17.65099
"024","10am",7.164319,74.4284,18.407285
"025","10am",11.3157389,62.23026,26.453997
"026","10am",4.0589265,89.89135,6.049725
"027","10am",23.8506247,57.173,18.976379
"028","10am",13.6755615,74.53773,11.786707
"029","10am",15.0671659,69.11207,15.820768
"030","10am",43.4105131,40.78734,15.802142
"031","10am",11.8211563,78.10106,10.077786
"032","10am",24.9240285,51.97784,23.098133
"033","10am",2.344548,81.52103,16.134424
"034","10am",11.6737937,83.35022,4.975988
"035","10am",4.4502616,78.98022,16.569518
"036","10am",3.8438001,87.62695,8.529246
"037","10am",2.6463605,72.49102,24.862621
"038","10am",6.6172878,82.32049,11.062219
"039","10am",5.8363651,86.04516,8.118477
"040","10am",4.2290146,90.91137,4.859616
"041","10am",12.2348346,72.83993,14.925238
"042","10am",6.6320136,80.67327,12.694717
"043","10am",6.3792576,83.0671,10.553644
"044","10am",2.7992995,76.21411,20.98659
"045","10am",7.3124091,72.65405,20.033545
"046","10am",6.004222,75.32071,18.675071
"047","10am",7.4418403,81.85359,10.70457
"048","10am",6.5173513,75.08607,18.396577
"049","10am",8.9978819,84.99142,6.0107
"050","10am",3.1331358,88.67606,8.190806
"051","10am",3.2124837,77.91738,18.870138
"052","10am",3.3511273,80.6008,16.048073
"053","10am",7.2447535,89.75331,3.00194
"101","10am",0,70.61099,29.389013
"102","10am",0.6329021,74.20471,25.162393
"103","10am",1.5060721,65.54714,32.946785
"104","10am",3.9978743,75.79165,20.210478
"105","10am",0,80.74429,19.255709
"106","10am",7.8189357,78.21601,13.965059
"107","10am",8.7889925,88.87958,2.331425
"108","10am",0,74.12736,25.872638
"109","10am",0,75.70662,24.293381
"110","10am",3.0631672,91.76732,5.169511
"111","10am",0.4068698,77.67162,21.921507
"112","10am",1.2294792,86.85939,11.911131
"113","10am",11.4979395,79.47148,9.03058
"114","10am",5.6085211,67.95088,26.440602
"115","10am",1.5742509,61.61121,36.814537
"116","10am",20.2046329,55.44649,24.348878
"117","10am",5.8917708,59.56155,34.546678
"118","10am",9.7809061,55.24857,34.970522
"119","10am",10.6766851,79.38361,9.939707
"120","10am",0.8426342,85.31112,13.846242
"121","10am",0.4627616,90.10008,9.437154
"122","10am",1.8131079,83.60416,14.582728
"123","10am",1.6851455,82.81584,15.499016
"124","10am",0,83.68818,16.311817
"125","10am",7.2870279,80.35065,12.36232
"126","10am",0,95.53794,4.462065
"127","10am",10.5820794,69.87815,19.539775
"128","10am",1.3686975,89.29126,9.340038
"129","10am",1.0726643,80.62821,18.299123
"130","10am",7.643106,75.73372,16.623169
"131","10am",0.6033686,70.03466,29.361974
"132","10am",1.1002558,70.9423,27.957442
"133","10am",5.1054445,75.9369,18.95766
"134","10am",0.6674294,67.88673,31.445844
"135","10am",0,82.34363,17.656368
"136","10am",0,83.52563,16.47437
"200","10am",2.4409805,79.47828,18.080741
"201","10am",0,78.96096,21.039041
"202","10am",3.2998468,88.38161,8.318541
"203","10am",5.9949841,82.61388,11.391138
"204","10am",1.3846463,73.66792,24.947439
"205","10am",6.2054169,76.41262,17.381965
"206","10am",0,83.21394,16.786056
"207","10am",1.0466387,81.63243,17.320936
"208","10am",2.8733236,83.54612,13.580557
"209","10am",0.9402378,82.70151,16.358255
"210","10am",5.0624558,81.07291,13.864633
"211","10am",0,87.74651,12.253489
"212","10am",0,76.59924,23.400758
"213","10am",0,76.41826,23.581736
"214","10am",0,77.54386,22.456137
"215","10am",0,84.95477,15.045235
"216","10am",0,83.75446,16.24554
"217","10am",6.1447946,74.16984,19.685364
"218","10am",6.9719134,81.23232,11.795768
"219","10am",0,75.58744,24.412563
"220","10am",0,83.83827,16.161726
"221","10am",1.29203,81.38618,17.321791
"222","10am",0,95.15177,4.848226
"223","10am",0,86.45983,13.540167
"224","10am",16.4214576,63.12877,20.449768
"225","10am",0,73.39897,26.601026
"226","10am",0,77.06451,22.93549
"227","10am",1.6828808,76.30434,22.012781
"228","10am",2.2389037,85.05935,12.70175
"229","10am",2.0348607,87.04851,10.916625
"230","10am",0,82.05593,17.944068
"231","10am",8.6590185,71.42001,19.920973
"232","10am",0,84.21636,15.783639
"233","10am",0,67.95462,32.045379
"001","11am",40.0861637,21.26931,38.644525
"002","11am",41.6084651,28.86492,29.526617
"003","11am",27.0096871,28.92507,44.065243
"004","11am",38.3901957,30.39659,31.213211
"005","11am",31.5990072,28.26215,40.138843
"006","11am",31.5871246,40.11837,28.294506
"007","11am",31.22801,43.83905,24.932944
"008","11am",18.5772669,59.21159,22.211144
"009","11am",17.8355836,49.82462,32.339801
"010","11am",12.9592022,49.46133,37.579469
"011","11am",31.0700281,40.49867,28.431305
"012","11am",23.4285896,32.88653,43.684884
"013","11am",20.8324856,49.79403,29.373483
"014","11am",36.9758763,41.22021,21.803919
"015","11am",20.5408872,47.16127,32.297844
"016","11am",15.5656676,55.09187,29.342457
"017","11am",31.3534838,44.76938,23.877134
"018","11am",9.2038112,65.81446,24.981724
"019","11am",15.2651251,56.19583,28.53905
"020","11am",19.8333864,59.62498,20.541635
"021","11am",7.3033134,76.69904,15.997644
"022","11am",12.8035959,68.49837,18.698034
"023","11am",31.0866922,49.7332,19.180112
"024","11am",8.0319875,72.54227,19.425747
"025","11am",7.7120073,66.41714,25.87085
"026","11am",4.9292676,88.467,6.603737
"027","11am",18.7084777,60.59486,20.696659
"028","11am",12.9369093,72.76511,14.297977
"029","11am",16.274816,66.93488,16.790304
"030","11am",41.1245252,40.74939,18.126086
"031","11am",12.2601673,77.22062,10.519213
"032","11am",24.85284,53.13126,22.015899
"033","11am",4.4243566,83.48321,12.092429
"034","11am",10.4305248,83.89294,5.676536
"035","11am",2.5389463,76.73674,20.724317
"036","11am",3.7672508,86.15109,10.081664
"037","11am",5.2036745,65.33653,29.459797
"038","11am",6.9150399,81.80159,11.283366
"039","11am",6.0835601,83.45327,10.463173
"040","11am",3.4960536,88.90908,7.59487
"041","11am",12.9743324,70.43751,16.588161
"042","11am",9.652507,77.78207,12.565418
"043","11am",5.3862157,83.51763,11.096151
"044","11am",2.5687827,79.65399,17.777226
"045","11am",8.669077,70.3039,21.027024
"046","11am",8.6563646,68.765,22.578636
"047","11am",6.0312496,83.31509,10.653661
"048","11am",6.4095748,73.76572,19.824701
"049","11am",8.6265776,86.04009,5.333328
"050","11am",0,92.45435,7.545652
"051","11am",3.8134338,76.75076,19.435806
"052","11am",2.1264349,82.32041,15.553152
"053","11am",7.66207,89.91768,2.420252
"101","11am",0,68.83003,31.169971
"102","11am",0.6210936,73.55672,25.822188
"103","11am",1.523416,66.16724,32.309348
"104","11am",4.0653811,75.33195,20.602667
"105","11am",0,83.44818,16.551816
"106","11am",7.6064084,77.59469,14.7989
"107","11am",10.2756824,86.6458,3.078515
"108","11am",0,73.36766,26.632336
"109","11am",0,75.47595,24.524051
"110","11am",3.3874017,90.87122,5.741377
"111","11am",0.5593724,78.17219,21.268436
"112","11am",1.240725,84.21125,14.548027
"113","11am",12.7685387,78.13746,9.093998
"114","11am",6.4842285,68.2048,25.310973
"115","11am",0.7896858,63.33625,35.874061
"116","11am",17.416054,56.05506,26.528886
"117","11am",5.5237061,60.70816,33.768132
"118","11am",8.0826549,54.60701,37.310335
"119","11am",11.123359,77.20143,11.675211
"120","11am",1.6173892,83.20515,15.177462
"121","11am",0.4567485,89.61484,9.92841
"122","11am",1.7418246,84.19224,14.065939
"123","11am",1.7265015,83.06689,15.206605
"124","11am",0,84.73524,15.26476
"125","11am",7.5029966,81.0744,11.422606
"126","11am",0,98.14385,1.856152
"127","11am",8.4389416,70.55392,21.007141
"128","11am",1.4097704,87.56014,11.030092
"129","11am",1.0857108,83.08986,15.824434
"130","11am",7.6222283,73.73087,18.646904
"131","11am",0.6112989,68.28322,31.105476
"132","11am",1.0664313,72.81458,26.118989
"133","11am",5.1196641,77.26461,17.615725
"134","11am",0.6228871,71.37943,27.997687
"135","11am",0,84.98968,15.01032
"136","11am",0,82.28969,17.71031
"200","11am",2.6016722,81.9432,15.455125
"201","11am",0,80.8926,19.107396
"202","11am",3.245646,89.25631,7.498041
"203","11am",3.5786349,85.13531,11.286059
"204","11am",1.3568368,77.24157,21.401588
"205","11am",5.6248536,71.80622,22.568929
"206","11am",0,85.21398,14.786021
"207","11am",1.0232323,79.3645,19.612266
"208","11am",2.8751898,82.29731,14.827504
"209","11am",0.86147,83.78156,15.356972
"210","11am",5.441547,80.50245,14.056003
"211","11am",0,89.35645,10.643552
"212","11am",0,77.41453,22.585473
"213","11am",1.9722205,73.9313,24.096477
"214","11am",0,77.49386,22.506142
"215","11am",0,84.81395,15.186047
"216","11am",0,86.84689,13.153112
"217","11am",6.2849758,73.61468,20.100344
"218","11am",7.063353,79.67757,13.259081
"219","11am",0,74.78662,25.213382
"220","11am",0,83.89936,16.100636
"221","11am",1.3068363,84.58792,14.105241
"222","11am",3.0903776,92.95608,3.953541
"223","11am",0,85.4815,14.518502
"224","11am",15.1988429,64.44314,20.358013
"225","11am",0,74.54437,25.455627
"226","11am",1.2044242,79.02812,19.767452
"227","11am",0,80.44357,19.556435
"228","11am",1.1863715,85.70139,13.112241
"229","11am",0,85.40326,14.596735
"230","11am",0,80.81682,19.183176
"231","11am",8.8069577,71.28067,19.912375
"232","11am",0,83.17363,16.826369
"233","11am",0,67.01061,32.989386
"001","12am",31.7187207,18.45409,49.827194
"002","12am",33.2860121,24.79305,41.920935
"003","12am",16.4061972,28.12981,55.463991
"004","12am",28.730045,26.11355,45.156403
"005","12am",21.54874,23.51016,54.941102
"006","12am",23.1320266,38.62311,38.244862
"007","12am",23.6825132,32.60073,43.716757
"008","12am",19.0654529,56.03076,24.903788
"009","12am",15.5074213,47.55334,36.939235
"010","12am",9.0202294,45.28974,45.690032
