"district","hour","age1","age2","age3","age4"
"7501","4am",9.829647,19.672209,55.84404,14.654103
"7502","4am",15.468232,13.961616,50.58478,19.98537
"7503","4am",11.732607,15.625367,57.7492,14.892828
"7504","4am",8.797692,23.614789,56.13405,11.453466
"7505","4am",9.992022,17.111047,58.86021,14.03672
"7506","4am",9.625279,22.596965,50.12562,17.652139
"7507","4am",16.758276,19.350725,47.71432,16.176676
"7508","4am",13.184484,22.066749,47.34468,17.404088
"7509","4am",12.718459,19.145286,49.77847,18.357785
"7510","4am",9.626342,16.170889,50.08812,24.114651
"7511","4am",13.380983,19.162697,50.2814,17.174925
"7512","4am",11.372003,30.993492,44.58027,13.054231
"7513","4am",12.416771,17.705209,55.11776,14.76026
"7514","4am",10.932754,22.10704,51.81458,15.145623
"7701","4am",10.548754,26.471787,55.56437,7.415086
"7702","4am",11.658346,17.161072,60.91107,10.269515
"7703","4am",13.307873,22.286209,52.98207,11.423844
"7704","4am",14.519813,10.963745,58.101,16.415445
"7705","4am",13.435423,8.836529,66.90901,10.81904
"7706","4am",9.133698,16.568058,56.35002,17.948228
"7707","4am",10.000052,12.595561,59.41177,17.992616
"7708","4am",12.587091,11.714824,59.84466,15.853424
"7709","4am",10.075998,12.378215,63.68468,13.861107
"7710","4am",12.511427,15.494143,58.65476,13.339668
"7711","4am",14.96025,9.669712,62.28203,13.088011
"7712","4am",12.274723,19.981065,50.20829,17.535922
"7713","4am",11.286904,13.145344,56.18735,19.380402
"7714","4am",13.775386,16.435214,49.22706,20.56234
"7715","4am",8.706161,13.759101,57.10518,20.429555
"7716","4am",15.915886,19.392577,57.10115,7.590392
"7801","4am",12.715907,15.591511,57.82178,13.870805
"7802","4am",10.240607,13.659903,56.02838,20.071107
"7803","4am",13.521314,13.06651,56.12985,17.28233
"7804","4am",16.330862,11.5609,53.22378,18.884458
"7805","4am",10.438412,17.870709,55.79804,15.892839
"7806","4am",10.522169,16.172035,57.4785,15.827293
"7807","4am",17.327294,16.843671,46.16855,19.660487
"7808","4am",13.131586,11.629629,64.79442,10.444367
"7809","4am",14.057761,20.898343,53.21421,11.829683
"7810","4am",8.597894,16.745071,53.39975,21.257289
"7811","4am",8.244124,16.256675,52.17505,23.324153
"7812","4am",14.026842,16.953431,48.6953,20.324422
"7813","4am",14.845992,7.400798,63.56617,14.187042
"7814","4am",9.058089,15.892429,55.90602,19.143466
"7815","4am",8.212508,19.012046,58.22899,14.546459
"7816","4am",12.412718,21.132541,59.21606,7.238681
"9101","4am",18.631552,22.35102,49.9676,9.049825
"9102","4am",8.963685,14.500347,60.40218,16.133783
"9103","4am",7.655421,16.846189,58.09457,17.403819
"9104","4am",7.667276,17.055018,55.15625,20.121457
"9105","4am",11.871683,15.87568,60.81677,11.43587
"9106","4am",17.241346,19.691734,47.9372,15.129717
"9107","4am",10.204584,15.246658,57.34309,17.205668
"9108","4am",14.289178,17.861629,51.98416,15.865033
"9109","4am",9.955223,16.589101,55.41437,18.041311
"9110","4am",12.285757,20.369555,52.98015,14.364539
"9111","4am",12.108495,17.770977,55.19816,14.922366
"9112","4am",10.540267,15.446158,57.98616,16.027416
"9113","4am",10.718048,17.346798,54.42231,17.512839
"9114","4am",15.815089,13.414604,54.38036,16.389943
"9201","4am",13.438435,20.369871,52.52401,13.667683
"9202","4am",12.185675,18.954159,54.84748,14.012691
"9203","4am",11.007372,20.280628,51.09904,17.612962
"9204","4am",16.730589,18.242998,51.78332,13.243089
"9205","4am",12.151653,24.699791,49.31719,13.831369
"9206","4am",9.739575,13.455149,61.10326,15.702012
"9207","4am",10.37185,10.473951,60.33232,18.82188
"9208","4am",9.977973,18.124653,53.45494,18.442437
"9209","4am",11.877065,20.746115,53.02073,14.356089
"9210","4am",11.370664,15.217755,54.14418,19.267401
"9211","4am",15.113065,24.915299,42.67839,17.293243
"9212","4am",12.491041,15.484108,52.15758,19.867267
"9302","4am",12.292714,19.893313,47.77409,20.039885
"9303","4am",11.718759,17.771781,57.05308,13.456379
"9304","4am",8.42453,19.434453,58.5942,13.546821
"9305","4am",13.025693,15.493178,56.59363,14.887496
"9306","4am",12.190031,21.760538,48.12505,17.924379
"9307","4am",16.068282,15.121077,54.87739,13.933252
"9308","4am",12.254606,15.654896,57.45038,14.640118
"9309","4am",14.377306,17.388142,56.15041,12.084137
"9310","4am",13.536274,18.390731,53.31912,14.75387
"9311","4am",14.927274,19.466925,52.39525,13.210552
"9312","4am",12.875345,26.36356,49.51522,11.245878
"9402","4am",14.067856,21.057653,50.26614,14.608349
"9403","4am",12.67643,21.260841,50.91126,15.151469
"9404","4am",12.041308,12.77753,59.83209,15.349069
"9405","4am",7.571876,17.490679,59.36645,15.570997
"9406","4am",17.210581,17.786025,50.85084,14.152553
"9407","4am",9.284543,21.557497,52.91349,16.244471
"9408","4am",7.882764,19.620215,51.63497,20.862053
"9409","4am",7.989129,20.609852,53.3878,18.013215
"9410","4am",17.081729,18.725565,50.62242,13.570288
"9411","4am",11.39339,20.386658,52.36134,15.858613
"9412","4am",9.50064,17.141772,57.77405,15.583537
"9413","4am",12.818786,18.3336,53.1339,15.713713
"9414","4am",15.822672,12.016344,57.03026,15.130723
"9501","4am",18.555064,23.309276,52.30482,5.830835
"9502","4am",14.364186,22.515163,50.6595,12.461149
"9503","4am",10.624023,19.799714,53.67264,15.903622
"9504","4am",10.084397,16.227926,57.59074,16.096934
"9505","4am",10.500354,17.498472,57.16625,14.834922
"9506","4am",20.291825,19.242919,50.45395,10.011306
"9507","4am",13.479212,22.703282,50.77551,13.042
"9508","4am",11.408927,17.755252,58.18683,12.648991
"9509","4am",9.084378,14.20784,64.56042,12.147365
"9510","4am",9.717826,16.243385,56.75307,17.285719
"9511","4am",7.543464,17.570642,55.42773,19.458167
"9512","4am",13.420349,18.288906,51.96063,16.33012
"9513","4am",9.500307,11.063378,64.33742,15.098899
"7501","5am",9.207654,19.187119,57.31247,14.292753
"7502","5am",15.403735,13.903401,50.79083,19.902038
"7503","5am",11.725098,15.201359,58.58484,14.488699
"7504","5am",8.631203,23.638025,56.07942,11.651353
"7505","5am",9.943992,17.028796,59.05797,13.969247
"7506","5am",9.378024,23.099159,49.85703,17.665789
"7507","5am",16.886157,19.44103,47.37269,16.300119
"7508","5am",13.163479,22.031592,47.42857,17.376359
"7509","5am",12.763792,19.133223,49.75677,18.346217
"7510","5am",9.479908,16.312708,50.45956,23.747824
"7511","5am",13.172577,19.245259,50.67473,16.907429
"7512","5am",11.378046,31.37169,44.63619,12.61407
"7513","5am",12.365794,17.856258,55.07829,14.699661
"7514","5am",11.356057,22.065409,51.14233,15.436202
"7701","5am",10.897022,26.254754,55.18833,7.659896
"7702","5am",11.962566,16.499814,61.12131,10.416312
"7703","5am",14.507107,22.190677,51.96605,11.336162
"7704","5am",14.829925,11.197907,57.20613,16.766043
"7705","5am",13.933496,9.366179,65.2328,11.46752
"7706","5am",9.16022,15.845984,56.3775,18.616293
"7707","5am",10.234124,12.561494,58.79061,18.413771
"7708","5am",13.347083,12.616839,57.22545,16.810633
"7709","5am",9.99082,12.273574,63.99168,13.743931
"7710","5am",12.60726,15.460595,58.60402,13.328127
"7711","5am",14.955501,9.666643,62.294,13.083856
"7712","5am",12.521912,20.383444,49.20558,17.889061
"7713","5am",11.100378,13.288587,55.68996,19.921073
"7714","5am",14.046862,16.524504,48.46106,20.967569
"7715","5am",8.51283,13.701936,56.88964,20.895596
"7716","5am",16.392908,19.18805,56.60116,7.817887
"7801","5am",13.035695,15.364993,57.37968,14.219637
"7802","5am",10.318552,13.455842,56.00173,20.223875
"7803","5am",13.531041,13.075909,56.09829,17.294762
"7804","5am",16.285653,11.248548,53.63362,18.83218
"7805","5am",10.5731,17.961687,55.36731,16.097906
"7806","5am",10.482181,15.757717,57.7462,16.013902
"7807","5am",18.207047,17.127381,44.31716,20.34841
"7808","5am",13.229067,12.055025,63.8895,10.826408
"7809","5am",13.574644,21.074383,53.19047,12.160506
"7810","5am",8.705902,16.657499,53.11227,21.524325
"7811","5am",8.215646,16.200518,52.34025,23.243582
"7812","5am",14.057935,16.991011,48.58158,20.369474
"7813","5am",15.202934,6.991357,64.17018,13.635525
"7814","5am",9.042068,15.606666,55.78593,19.565332
"7815","5am",8.344403,20.146987,56.72853,14.780077
"7816","5am",12.195699,21.528225,58.80151,7.474564
"9101","5am",18.433778,22.903954,49.70851,8.953761
"9102","5am",9.16074,14.819117,60.31518,15.704965
"9103","5am",6.930639,17.196974,58.10617,17.766216
"9104","5am",7.732909,17.521331,54.45206,20.2937
"9105","5am",12.012423,15.708815,60.70732,11.571443
"9106","5am",16.913702,20.309477,47.33015,15.446675
"9107","5am",10.48328,15.346488,56.49466,17.675569
"9108","5am",14.578053,18.222726,51.01345,16.185767
"9109","5am",10.1292,16.592638,54.92156,18.356599
"9110","5am",12.661583,20.36834,52.16612,14.803957
"9111","5am",11.861142,17.407951,56.11338,14.617532
"9112","5am",10.131549,14.810852,58.90136,16.156234
"9113","5am",10.515382,17.446988,54.30634,17.731287
"9114","5am",15.815089,13.414604,54.38036,16.389943
"9201","5am",13.463235,20.317749,52.52611,13.692907
"9202","5am",12.792842,18.50855,54.55251,14.146093
"9203","5am",11.321751,20.431444,50.50287,17.74394
"9204","5am",16.120758,18.851755,51.71112,13.316371
"9205","5am",12.576584,24.418306,49.13658,13.868532
"9206","5am",9.873449,13.340806,61.21717,15.568574
"9207","5am",10.407967,10.162208,60.54241,18.88742
"9208","5am",9.968583,17.942407,53.66393,18.425081
"9209","5am",11.897589,20.781965,52.93955,14.380896
"9210","5am",11.603537,15.472516,53.63345,19.290498
"9211","5am",15.182478,25.309174,42.13568,17.37267
"9212","5am",12.556104,15.564762,51.90838,19.970753
"9302","5am",12.861715,19.073171,47.09763,20.967484
"9303","5am",11.762164,18.176831,56.55478,13.50622
"9304","5am",8.518522,19.651281,58.13224,13.697961
"9305","5am",12.779038,15.313629,56.50338,15.403952
"9306","5am",10.731092,22.831609,48.31126,18.126039
"9307","5am",16.108016,15.058339,54.48357,14.350077
"9308","5am",12.226713,15.991872,56.82616,14.955251
"9309","5am",14.167937,17.454117,56.21525,12.1627
"9310","5am",13.400372,18.362927,53.10686,15.129837
"9311","5am",15.568349,20.113136,50.54061,13.7779
"9312","5am",13.06429,26.560798,48.79685,11.578061
"9402","5am",14.269873,20.692932,50.56969,14.4675
"9403","5am",12.737281,20.549915,51.4886,15.224202
"9404","5am",11.61355,12.754661,60.31019,15.321598
"9405","5am",7.434517,17.93984,59.33711,15.28853
"9406","5am",17.846064,18.508966,48.96985,14.675122
"9407","5am",9.431376,21.85501,52.43117,16.282444
"9408","5am",8.032763,18.671035,52.03717,21.259031
"9409","5am",7.994268,20.356582,53.62435,18.024802
"9410","5am",17.250096,18.68837,50.35749,13.704045
"9411","5am",11.505448,19.41437,53.06559,16.014588
"9412","5am",9.35267,19.422657,55.39893,15.825738
"9413","5am",12.296253,18.990011,52.79427,15.919465
"9414","5am",15.568114,11.847174,57.26345,15.321258
"9501","5am",18.333278,23.970963,51.58207,6.113688
"9502","5am",15.341895,22.569112,49.57358,12.515413
"9503","5am",11.049119,19.836814,52.87972,16.234349
"9504","5am",10.069358,15.550918,57.822,16.557727
"9505","5am",11.059367,16.464733,58.05817,14.417728
"9506","5am",20.61694,19.551228,49.66013,10.171706
"9507","5am",13.605635,22.916219,50.31382,13.164323
"9508","5am",11.393213,18.417307,57.06758,13.121896
"9509","5am",9.278648,14.233012,64.0812,12.407136
"9510","5am",9.681668,16.536277,56.56065,17.221402
"9511","5am",7.558245,17.60507,55.34039,19.496293
"9512","5am",13.775553,17.638856,51.82325,16.762338
"9513","5am",9.137192,11.053142,64.72474,15.084929
"7501","6am",8.991137,19.544688,57.01932,14.444853
"7502","6am",15.785614,12.244177,52.62313,19.347076
"7503","6am",10.825829,14.639132,61.40874,13.126295
"7504","6am",7.534559,24.594154,57.22845,10.642837
"7505","6am",10.620696,17.064553,58.2746,14.040153
"7506","6am",8.591758,23.621489,51.33563,16.451128
"7507","6am",16.865603,18.65032,48.61484,15.86924
"7508","6am",12.882165,21.98852,48.1243,17.005013
"7509","6am",12.862297,19.64735,49.00255,18.487804
"7510","6am",9.462407,15.882148,50.04817,24.607273
"7511","6am",12.605434,18.878793,51.51867,16.997108
"7512","6am",11.144402,31.836863,44.17046,12.848273
"7513","6am",13.229221,16.701205,54.44495,15.624626
"7514","6am",11.320534,22.605557,50.68599,15.387915
"7701","6am",10.498826,25.806958,55.83362,7.860595
"7702","6am",12.320851,15.976367,61.20378,10.499
"7703","6am",13.941803,22.835296,50.84937,12.373536
"7704","6am",15.017492,10.594645,56.36612,18.021745
"7705","6am",13.120703,9.342962,65.24608,12.290251
"7706","6am",8.363694,15.169585,56.35063,20.116089
"7707","6am",9.352237,12.233883,58.45203,19.961851
"7708","6am",14.298157,13.566822,53.56477,18.570255
"7709","6am",10.143512,11.769466,63.14679,14.94023
"7710","6am",13.31932,13.025211,59.28643,14.369039
"7711","6am",13.823744,9.463481,63.25884,13.453931
"7712","6am",12.189448,20.974519,47.96463,18.871405
"7713","6am",11.489127,13.015729,53.89151,21.60363
"7714","6am",13.487794,15.579839,49.13655,21.795812
"7715","6am",7.348854,13.1517,56.79673,22.702718
"7716","6am",16.464086,18.763262,56.35341,8.419238
"7801","6am",13.161978,13.636617,58.42238,14.779024
"7802","6am",9.903649,14.426174,53.73241,21.937763
"7803","6am",13.064754,12.752663,56.63357,17.549015
"7804","6am",15.529638,11.467373,52.87651,20.126484
"7805","6am",10.746617,18.459515,54.27081,16.523062
"7806","6am",9.093353,14.647677,59.69122,16.567747
"7807","6am",17.008329,16.708171,43.86148,22.422016
"7808","6am",12.949196,12.329882,62.84038,11.880544
"7809","6am",14.26619,19.289442,53.27115,13.173215
"7810","6am",7.948887,16.063668,53.93967,22.047774
"7811","6am",7.528731,17.874315,50.70633,23.890628
"7812","6am",14.5276,15.939335,48.7922,20.740863
"7813","6am",14.738202,6.504245,64.55994,14.197616
"7814","6am",9.104599,15.034703,55.40674,20.453955
"7815","6am",8.123832,21.740392,54.18676,15.949019
"7816","6am",11.648406,22.550354,58.14552,7.655717
"9101","6am",18.021567,23.626437,49.23616,9.115833
"9102","6am",9.85115,14.056864,60.18219,15.909799
"9103","6am",6.670989,16.523518,57.53601,19.269479
"9104","6am",8.130616,17.918766,52.6132,21.337416
"9105","6am",11.886855,15.553494,60.75363,11.806022
"9106","6am",17.998482,17.896577,47.10167,17.003267
"9107","6am",10.247251,15.129691,55.52143,19.101626
"9108","6am",14.380307,18.839058,49.64309,17.137543
"9109","6am",9.812568,16.881934,55.49288,17.812615
"9110","6am",12.900641,19.861167,51.57738,15.660817
"9111","6am",11.437449,18.336281,55.46691,14.759356
"9112","6am",10.333261,15.121499,57.13925,17.405989
"9113","6am",10.705945,17.576158,53.34963,18.368266
"9114","6am",16.793182,11.728316,54.07491,17.403589
"9201","6am",12.932419,21.777183,51.54557,13.744828
"9202","6am",12.575999,17.891449,55.29728,14.235276
"9203","6am",10.335779,20.26119,51.84707,17.555956
"9204","6am",16.080078,18.669261,52.65972,12.590938
"9205","6am",12.056792,25.138329,49.13135,13.673533
"9206","6am",10.069105,13.28772,60.76609,15.877087
"9207","6am",10.513453,10.126001,59.98428,19.376263
"9208","6am",10.325549,17.941066,53.56536,18.168028
"9209","6am",11.671805,20.353741,53.08688,14.887577
"9210","6am",12.017778,15.031137,53.22346,19.727628
"9211","6am",15.186642,26.653579,40.49427,17.66551
"9212","6am",12.059375,15.984537,51.70242,20.253674
"9302","6am",13.710998,18.971681,45.8607,21.456623
"9303","6am",11.545296,17.186074,57.60772,13.660912
"9304","6am",8.883069,19.922653,56.91012,14.284161
"9305","6am",13.443681,14.380925,55.97028,16.205117
"9306","6am",11.23182,24.131556,45.6648,18.971825
"9307","6am",16.09401,14.133354,55.13852,14.634113
"9308","6am",12.903033,14.228631,56.829,16.039337
"9309","6am",14.09843,17.59516,54.89219,13.414225
"9310","6am",13.807465,18.682614,51.04028,16.469639
"9311","6am",15.340585,20.915026,49.22632,14.518074
"9312","6am",13.14215,25.653041,49.44575,11.759057
"9402","6am",14.068232,20.308241,50.97664,14.646888
"9403","6am",13.043457,20.571479,51.24894,15.136124
"9404","6am",11.731846,12.665165,59.43363,16.169359
"9405","6am",7.274655,18.250052,59.20079,15.274501
"9406","6am",18.12403,18.562311,48.56907,14.744588
"9407","6am",8.738899,22.059462,52.28186,16.919775
"9408","6am",8.158635,18.708475,50.73989,22.393004
"9409","6am",8.220984,18.116539,55.12649,18.535982
"9410","6am",16.603947,16.901382,51.86044,14.63423
"9411","6am",11.546032,18.726928,52.913,16.814042
"9412","6am",7.940628,19.521382,56.49149,16.046499
"9413","6am",13.114673,18.449799,51.45649,16.979042
"9414","6am",15.028622,11.82052,56.87697,16.273885
"9501","6am",17.561295,22.97194,53.01605,6.450713
"9502","6am",16.642546,21.593551,48.40012,13.363783
"9503","6am",11.441991,20.922499,50.55839,17.07712
"9504","6am",10.179463,15.637609,57.51114,16.671787
"9505","6am",11.196017,15.958782,57.99099,14.854207
"9506","6am",20.454692,18.764728,50.38817,10.392408
"9507","6am",14.726832,22.750702,48.27331,14.249152
"9508","6am",11.959673,16.992308,57.35243,13.695587
"9509","6am",9.703737,13.860183,62.77131,13.664767
"9510","6am",9.546021,16.897765,54.83775,18.718464
"9511","6am",7.581106,15.869978,55.82875,20.720164
"9512","6am",13.869817,17.507813,51.26619,17.356182
"9513","6am",9.126261,10.560613,64.3453,15.967824
"7501","7am",7.772686,18.987933,59.96982,13.269559
"7502","7am",17.872697,12.982052,51.59619,17.549056
"7503","7am",11.32613,17.696662,59.98809,10.989113
"7504","7am",6.362107,25.663913,57.06931,10.904671
"7505","7am",12.048195,17.277403,56.15715,14.517255
"7506","7am",7.322873,23.383577,52.81055,16.483001
"7507","7am",17.571233,18.354832,48.38583,15.688103
"7508","7am",12.872053,21.189373,48.50504,17.433537
"7509","7am",13.729441,17.941908,49.92496,18.403686
"7510","7am",8.629948,15.884445,50.50511,24.9805
"7511","7am",11.468136,16.94875,54.92891,16.654202
"7512","7am",10.335448,30.707396,45.22144,13.735719
"7513","7am",12.033287,16.161014,57.23039,14.575304
"7514","7am",11.549457,23.932052,48.19615,16.322346
"7701","7am",11.232143,25.762012,54.81988,8.18596
"7702","7am",14.202731,16.830108,57.77214,11.195022
"7703","7am",12.899931,21.184181,52.63716,13.278724
"7704","7am",15.000016,10.925285,55.17187,18.902829
"7705","7am",13.050217,8.054295,66.51062,12.384865
"7706","7am",9.957985,13.915717,54.59559,21.530705
"7707","7am",9.445721,12.60772,56.16817,21.778386
"7708","7am",13.592738,13.546755,51.19116,21.669346
"7709","7am",9.403154,11.124857,63.65637,15.815622
"7710","7am",11.753723,13.856,58.80164,15.588633
"7711","7am",11.665255,8.345259,64.74549,15.243999
"7712","7am",10.635818,20.1801,48.96533,20.218753
"7713","7am",10.3525,11.690047,55.53141,22.426043
"7714","7am",11.046328,13.11152,50.2862,25.555951
"7715","7am",7.359358,13.619039,54.41006,24.611544
"7716","7am",13.29048,19.405868,56.61224,10.691409
"7801","7am",10.09393,13.320016,58.13326,18.452792
"7802","7am",8.267187,16.029096,50.5478,25.155918
"7803","7am",13.489496,10.507822,56.79146,19.211221
"7804","7am",15.46126,10.964604,50.96794,22.606193
"7805","7am",8.427381,18.138482,55.5084,17.925735
"7806","7am",6.543029,15.899027,59.61606,17.941887
"7807","7am",14.32812,14.920524,47.23779,23.513562
"7808","7am",11.647054,13.028177,62.09598,13.228785
"7809","7am",10.315973,19.395239,56.55022,13.738566
"7810","7am",5.054008,17.119222,52.89025,24.93652
"7811","7am",4.75684,17.097766,50.54738,27.598011
"7812","7am",14.508808,17.016099,49.08975,19.385343
"7813","7am",15.040995,7.867977,60.28991,16.801113
"7814","7am",7.773467,15.454685,51.61531,25.156539
"7815","7am",5.466299,21.34065,54.33012,18.862936
"7816","7am",10.188586,21.760805,60.44249,7.608117
"9101","7am",20.153362,21.151774,50.56135,8.133519
"9102","7am",8.704406,13.671739,59.5786,18.045254
"9103","7am",5.010694,13.162259,59.3556,22.471443
"9104","7am",9.002842,16.620185,47.41716,26.95981
"9105","7am",8.916201,14.330671,62.57771,14.175415
"9106","7am",15.093711,18.083501,50.05392,16.768868
"9107","7am",7.278618,13.817401,56.79599,22.107994
"9108","7am",14.786989,16.680442,48.92393,19.608643
"9109","7am",9.009522,16.755653,55.66581,18.569016
"9110","7am",10.967475,17.86292,53.35801,17.811597
"9111","7am",10.264584,16.80057,57.11411,15.820731
"9112","7am",6.239772,16.103632,57.71335,19.943248
"9113","7am",8.728627,17.41477,53.8078,20.048804
"9114","7am",16.679484,12.819639,51.4311,19.069781
"9201","7am",12.906153,19.32614,52.40718,15.360531
"9202","7am",13.882996,16.728286,53.13964,16.249073
"9203","7am",11.210653,20.400841,50.91806,17.47045
"9204","7am",13.871317,18.937019,54.45556,12.7361
"9205","7am",10.108872,22.753001,53.66331,13.474819
"9206","7am",10.503386,13.362799,60.71779,15.416026
"9207","7am",9.266335,10.618875,59.25008,20.864706
"9208","7am",9.370841,17.546276,53.77866,19.304225
"9209","7am",10.40734,20.600754,53.24248,15.749429
"9210","7am",10.618835,17.194291,51.42974,20.757137
"9211","7am",14.002639,27.776674,39.65749,18.563197
"9212","7am",11.295883,16.659368,50.03001,22.014742
"9302","7am",9.872493,18.75285,47.99204,23.382621
"9303","7am",11.653384,18.005372,56.98364,13.357605
"9304","7am",9.644109,18.739089,57.40015,14.216651
"9305","7am",11.812795,17.529395,50.6315,20.026313
"9306","7am",12.959245,20.779415,45.08224,21.179098
"9307","7am",14.038462,12.46274,57.19338,16.305416
"9308","7am",12.7356,15.482294,55.05977,16.722333
"9309","7am",12.661246,18.482695,54.58655,14.269511
"9310","7am",12.673214,18.791486,51.16918,17.366121
"9311","7am",15.766378,21.355755,48.06159,14.816273
"9312","7am",12.978663,23.668591,52.24724,11.105507
"9402","7am",11.350442,20.67342,53.14325,14.832886
"9403","7am",11.424503,19.89844,54.11392,14.563139
"9404","7am",11.782269,13.143417,59.36597,15.708341
"9405","7am",7.221423,17.34366,59.41414,16.020776
"9406","7am",17.561493,18.599927,50.01277,13.825814
"9407","7am",8.101861,21.0387,51.33194,19.527504
"9408","7am",11.127675,17.371036,48.27759,23.223698
"9409","7am",8.571067,18.85197,52.92194,19.655026
"9410","7am",14.401884,17.575757,50.79881,17.223549
"9411","7am",11.770509,16.478504,53.7445,18.006486
"9412","7am",8.802727,18.455654,53.20926,19.532362
"9413","7am",15.037895,17.609365,49.81181,17.540928
"9414","7am",8.952291,13.382515,58.79099,18.874206
"9501","7am",15.319688,22.166669,55.20354,7.310105
"9502","7am",15.474874,20.157528,50.01426,14.353335
"9503","7am",11.102984,18.035621,50.7128,20.148592
"9504","7am",7.88233,16.667121,54.93055,20.520001
"9505","7am",8.444158,17.402916,57.84862,16.30431
"9506","7am",15.315282,21.333787,51.54581,11.80512
"9507","7am",15.636528,21.357063,47.41283,15.593582
"9508","7am",10.493192,16.64613,58.08976,14.770916
"9509","7am",7.453408,12.036297,64.19411,16.316186
"9510","7am",9.380887,19.290811,49.4917,21.836602
"9511","7am",7.770714,16.267246,53.41009,22.55195
"9512","7am",12.680138,20.080095,46.59618,20.643586
"9513","7am",8.044534,11.494039,59.11621,21.345218
"7501","8am",7.597821,18.610496,63.91568,9.876002
"7502","8am",20.820531,15.524146,49.38383,14.271496
"7503","8am",9.357337,18.781963,64.80856,7.052136
"7504","8am",9.71336,23.552014,57.52223,9.212394
"7505","8am",13.425213,21.783686,51.63947,13.15163
"7506","8am",7.565239,22.022702,53.97219,16.439865
"7507","8am",20.093766,16.277844,48.56264,15.065752
"7508","8am",12.536394,17.494529,51.30129,18.667788
"7509","8am",16.089653,14.268935,51.56137,18.080041
"7510","8am",9.079473,14.074278,52.89717,23.949079
"7511","8am",11.240954,14.974949,55.96782,17.816275
"7512","8am",11.147313,28.913051,45.2746,14.66504
"7513","8am",12.081875,17.174364,55.40944,15.334318
"7514","8am",12.999163,22.904875,46.34891,17.747048
"7701","8am",10.797,24.736293,55.89849,8.56822
"7702","8am",17.140254,15.678982,56.40944,10.771323
"7703","8am",13.553141,20.431935,53.0808,12.934125
"7704","8am",18.30775,12.318423,51.3291,18.044725
"7705","8am",13.197294,8.450232,68.64829,9.704185
"7706","8am",10.123067,12.936435,54.62603,22.314466
"7707","8am",12.036065,11.305053,56.85294,19.805942
"7708","8am",13.983078,12.73331,49.15607,24.127547
"7709","8am",7.905685,14.963589,61.69221,15.438516
"7710","8am",14.06563,12.413134,56.02628,17.494952
"7711","8am",12.466811,12.869502,57.8241,16.839588
"7712","8am",10.970327,15.79438,53.18889,20.046407
"7713","8am",13.108143,12.014257,51.22703,23.650569
"7714","8am",19.401985,9.83409,46.65136,24.112564
"7715","8am",5.719044,15.436641,54.21042,24.633891
"7716","8am",13.211937,19.30794,58.88586,8.594258
"7801","8am",12.612203,11.931243,50.47427,24.982288
"7802","8am",10.816482,18.650134,44.70855,25.82483
"7803","8am",14.956332,8.094451,54.56181,22.387405
"7804","8am",16.999527,8.620995,49.69528,24.684194
"7805","8am",10.171645,18.485656,53.22409,18.118614
"7806","8am",7.051465,15.663383,58.45254,18.83261
"7807","8am",17.25983,14.929885,45.46988,22.34041
"7808","8am",12.454625,15.779965,58.19179,13.573619
"7809","8am",12.931191,15.822509,56.25472,14.991582
"7810","8am",6.938333,17.281216,49.61384,26.166607
"7811","8am",4.34552,17.392874,46.33465,31.926961
"7812","8am",16.921435,17.57314,47.10842,18.397008
"7813","8am",12.98268,7.329636,61.82823,17.85945
"7814","8am",7.150571,11.428828,54.54593,26.874669
"7815","8am",10.846531,19.994165,49.82343,19.335873
"7816","8am",12.811052,17.188266,62.93729,7.063395
"9101","8am",18.509378,20.718269,53.40202,7.370334
"9102","8am",9.988444,13.560975,55.555,20.895577
"9103","8am",4.841904,14.074104,58.66521,22.418779
"9104","8am",9.28411,11.657281,48.92127,30.137342
"9105","8am",7.007454,17.017857,62.08024,13.894448
"9106","8am",17.076631,16.778208,47.89532,18.249837
"9107","8am",5.774431,13.644462,53.40806,27.17305
"9108","8am",16.205308,14.471702,50.64763,18.675358
"9109","8am",13.141646,13.809941,53.37276,19.675654
"9110","8am",7.93132,20.450019,53.6727,17.945962
"9111","8am",9.768006,17.099781,60.4701,12.662108
"9112","8am",9.950185,16.495151,53.15054,20.40412
"9113","8am",9.970425,18.59808,53.63931,17.792185
"9114","8am",14.325077,16.397896,50.97345,18.303577
"9201","8am",13.490041,20.370643,48.8985,17.240816
"9202","8am",15.554204,16.130713,50.09599,18.219095
"9203","8am",12.476253,19.077598,51.89033,16.555819
"9204","8am",14.65069,19.932586,55.7925,9.624222
"9205","8am",9.166876,24.534034,57.30048,8.998611
"9206","8am",8.957002,15.046943,60.19763,15.79843
"9207","8am",10.334109,11.730602,54.33261,23.602683
"9208","8am",9.766801,19.932435,49.95971,20.341059
"9209","8am",9.284053,18.183322,56.9813,15.551324
"9210","8am",14.186799,14.36193,48.62483,22.826445
"9211","8am",11.722209,28.805316,41.36698,18.105494
"9212","8am",9.281239,16.533946,52.43739,21.747421
"9302","8am",8.788396,16.285455,49.07113,25.855024
"9303","8am",13.016986,15.849309,56.90612,14.227581
"9304","8am",11.064618,17.983983,58.79328,12.158123
"9305","8am",8.867479,16.9459,51.72594,22.460684
"9306","8am",13.560254,18.669685,45.6451,22.12496
"9307","8am",13.061867,13.864291,55.74388,17.329966
"9308","8am",13.736053,16.402215,53.99735,15.864379
"9309","8am",11.906962,19.55854,55.58768,12.946818
"9310","8am",13.028346,18.872844,51.10405,16.994764
"9311","8am",15.964085,20.046197,48.57947,15.410244
"9312","8am",13.171016,24.353012,52.54486,9.931109
"9402","8am",13.135472,20.061049,51.76279,15.040689
"9403","8am",10.658947,19.664545,55.82259,13.853922
"9404","8am",12.546417,12.48258,58.62325,16.347757
"9405","8am",6.061999,20.550413,58.19897,15.188613
"9406","8am",18.418948,17.074373,51.55938,12.947301
"9407","8am",7.089898,19.581066,51.07081,22.258224
"9408","8am",14.59789,18.602614,41.73714,25.062362
"9409","8am",9.118515,15.303023,54.38771,21.190751
"9410","8am",14.719873,17.869449,50.37669,17.033987
"9411","8am",10.683237,17.739249,54.88646,16.691049
"9412","8am",9.365295,24.078179,47.65549,18.901033
"9413","8am",16.468753,13.541108,50.78097,19.209169
"9414","8am",6.968145,14.631253,58.55297,19.847627
"9501","8am",18.043296,22.249677,52.88395,6.823078
"9502","8am",15.004086,18.688053,53.0833,13.224561
"9503","8am",12.867969,15.718015,50.47266,20.941353
"9504","8am",7.532982,10.438334,57.26773,24.760958
"9505","8am",5.067297,20.73981,57.55474,16.638152
"9506","8am",19.251031,16.888161,52.22353,11.637278
"9507","8am",16.25489,19.90588,48.25766,15.581573
"9508","8am",8.998196,16.394469,59.65148,14.955851
"9509","8am",10.085579,10.66664,59.32924,19.918541
"9510","8am",10.129148,18.372126,48.49149,23.00724
"9511","8am",10.03518,12.826517,52.27707,24.86123
"9512","8am",15.527952,20.673987,41.04694,22.75112
"9513","8am",6.258878,9.665256,60.0436,24.032263
"7501","9am",8.640016,17.395475,65.19458,8.769929
"7502","9am",18.987063,18.446271,49.32261,13.244054
"7503","9am",9.353628,22.527567,61.14927,6.969537
"7504","9am",13.557252,21.264872,58.21504,6.962831
"7505","9am",15.779089,21.010055,48.94521,14.265647
"7506","9am",8.028569,23.747873,53.25382,14.969735
"7507","9am",18.302651,16.992072,52.51824,12.187034
"7508","9am",10.389707,18.206765,55.2678,16.135726
"7509","9am",15.187106,13.413238,53.60542,17.794232
"7510","9am",10.424863,13.363232,55.1889,21.023001
"7511","9am",8.487468,16.851437,58.02943,16.631662
"7512","9am",9.815029,26.764844,48.80414,14.615989
"7513","9am",14.811684,16.621942,53.47274,15.093631
"7514","9am",12.716489,22.81864,47.55658,16.908288
"7701","9am",11.934708,23.43891,56.42575,8.200629
"7702","9am",16.757679,17.210878,55.93076,10.100683
"7703","9am",12.078538,19.633089,53.46015,14.828226
"7704","9am",16.061383,12.923936,52.24685,18.76783
"7705","9am",13.983232,7.894087,66.26682,11.855865
"7706","9am",10.261638,11.056886,54.41762,24.263857
"7707","9am",11.957275,11.854968,56.66425,19.523506
"7708","9am",14.55491,12.809011,49.20639,23.429692
"7709","9am",9.092571,16.240117,59.30349,15.363817
"7710","9am",11.974893,10.688966,58.06039,19.275755
"7711","9am",11.827237,13.521919,57.52841,17.122439
"7712","9am",10.228773,14.673486,55.22158,19.87616
"7713","9am",13.247607,12.495325,50.35487,23.902198
"7714","9am",18.622768,11.440553,47.04904,22.887643
"7715","9am",6.495564,14.520488,53.41304,25.570909
"7716","9am",12.465994,21.216735,56.83557,9.481705
"7801","9am",11.460972,11.786118,50.22738,26.525527
"7802","9am",10.98318,18.142331,45.14746,25.727029
"7803","9am",14.22961,9.257496,55.42628,21.086609
"7804","9am",16.700639,7.063167,48.84302,27.393175
"7805","9am",11.790054,19.298768,51.70726,17.20392
"7806","9am",7.051907,16.608642,58.2151,18.124348
"7807","9am",16.169713,14.224151,46.85579,22.75035
"7808","9am",11.762572,16.025968,59.35317,12.858287
"7809","9am",12.771829,15.439112,56.73312,15.055939
"7810","9am",6.965494,15.786619,46.46932,30.778569
"7811","9am",4.364523,19.045516,44.52338,32.066581
"7812","9am",14.459701,18.610975,50.48663,16.442689
"7813","9am",15.01754,8.036409,59.32164,17.62441
"7814","9am",6.199059,10.412088,54.79496,28.593896
"7815","9am",12.003422,20.682117,51.60598,15.708482
"7816","9am",11.166174,21.356034,60.91021,6.567577
"9101","9am",20.38079,19.377,53.91696,6.325248
"9102","9am",8.888281,12.451155,57.22091,21.439653
"9103","9am",6.138895,14.304113,57.80641,21.750579
"9104","9am",9.352955,11.66854,44.92781,34.050696
"9105","9am",6.39001,17.2059,62.96798,13.436115
"9106","9am",15.84818,16.76114,51.4462,15.944478
"9107","9am",6.59435,14.568391,52.60287,26.234384
"9108","9am",17.61182,15.144435,49.3711,17.872641
"9109","9am",13.024808,13.783223,54.15507,19.036904
"9110","9am",8.47558,22.023239,52.39899,17.102194
"9111","9am",9.081698,18.398325,59.71833,12.801646
"9112","9am",9.435881,17.91126,53.46086,19.191994
"9113","9am",9.46133,18.357038,55.79001,16.39162
"9114","9am",14.056668,17.962323,48.93592,19.045091
"9201","9am",15.809947,17.861463,50.56963,15.75896
"9202","9am",14.235966,16.163164,53.04353,16.557345
"9203","9am",11.717763,19.609637,54.45603,14.216574
"9204","9am",13.489547,22.920887,55.87408,7.715486
"9205","9am",9.284801,26.290507,58.07192,6.352775
"9206","9am",10.373505,16.877748,59.76588,12.982864
"9207","9am",11.709423,14.907488,52.45387,20.929214
"9208","9am",11.744648,20.578601,48.68062,18.996132
"9209","9am",9.070038,19.781064,58.05015,13.098747
"9210","9am",16.526354,14.159876,50.37904,18.934735
"9211","9am",9.663063,28.822406,42.24424,19.270286
"9212","9am",9.067496,17.747104,51.21176,21.973638
"9302","9am",8.424549,18.308612,48.20886,25.057977
"9303","9am",12.802676,18.758475,55.49085,12.948003
"9304","9am",9.858651,18.148583,60.21135,11.781419
"9305","9am",10.226885,17.431964,49.30021,23.040944
"9306","9am",15.484465,18.261467,45.05096,21.203112
"9307","9am",13.385808,14.47167,55.65402,16.488502
"9308","9am",13.348418,16.987495,54.3157,15.348388
"9309","9am",11.029661,19.654249,58.01507,11.301025
"9310","9am",12.354119,19.936204,51.22954,16.480133
"9311","9am",16.476324,19.384064,47.66938,16.470228
"9312","9am",13.377197,24.99621,54.89321,6.733387
"9402","9am",12.587173,18.941793,54.10457,14.366465
"9403","9am",10.787746,21.832711,52.8621,14.517442
"9404","9am",12.624823,11.885355,57.9792,17.510625
"9405","9am",5.491836,20.198864,59.23771,15.071589
"9406","9am",17.239335,16.371177,53.69965,12.689835
"9407","9am",5.882401,21.760309,52.53964,19.817655
"9408","9am",15.197423,17.800776,43.69762,23.304184
"9409","9am",8.820821,16.480107,53.09299,21.606078
"9410","9am",14.02353,17.403086,54.29341,14.27998
"9411","9am",9.778843,17.43921,56.7764,16.005549
"9412","9am",5.903842,20.07455,53.24865,20.77296
"9413","9am",18.634881,13.51017,49.66348,18.191473
"9414","9am",11.598011,13.214999,55.15565,20.031339
"9501","9am",18.550482,21.365807,53.78966,6.294048
"9502","9am",14.776951,19.168876,54.39667,11.657499
"9503","9am",12.987799,14.741467,52.43058,19.840153
"9504","9am",7.580287,16.098609,53.06613,23.254975
"9505","9am",4.462226,21.028271,60.4427,14.0668
"9506","9am",17.356199,15.780699,53.18834,13.67476
"9507","9am",17.981767,20.059799,51.3064,10.652036
"9508","9am",9.193352,17.725665,59.56409,13.516896
"9509","9am",13.041895,10.229784,53.64376,23.084559
"9510","9am",8.419455,17.263588,52.07575,22.24121
"9511","9am",9.638187,11.361876,49.90008,29.099855
"9512","9am",16.962665,18.764846,41.17756,23.09493
"9513","9am",5.923845,11.520232,57.18173,25.374196
"7501","10am",7.785359,18.340336,63.74531,10.128992
"7502","10am",20.675345,18.331457,47.77965,13.213544
"7503","10am",8.917964,22.66858,62.21793,6.195528
"7504","10am",15.841594,20.613944,57.0449,6.499567
"7505","10am",14.867444,20.393637,47.68533,17.053587
"7506","10am",9.820246,23.693559,52.27531,14.210881
"7507","10am",18.118524,16.225881,53.00281,12.652786
"7508","10am",9.831315,19.43162,55.08948,15.647581
"7509","10am",15.406265,14.424645,52.899,17.27009
"7510","10am",11.268681,13.335228,53.1248,22.271296
"7511","10am",9.348223,15.665561,57.79846,17.187752
"7512","10am",10.740591,26.94545,46.92942,15.384542
"7513","10am",14.278435,17.77558,52.71423,15.231756
"7514","10am",13.06208,21.167517,50.99998,14.770422
"7701","10am",11.364175,23.289719,56.33768,9.008429
"7702","10am",16.584358,17.452621,55.69592,10.267099
"7703","10am",11.698765,18.427858,55.6098,14.263572
"7704","10am",16.509014,12.717002,52.78833,17.98565
"7705","10am",13.456932,9.373261,63.61462,13.55519
"7706","10am",10.028403,10.704616,55.24586,24.021125
"7707","10am",12.542157,12.937831,56.64938,17.870632
"7708","10am",12.573647,11.690357,49.58854,26.147454
"7709","10am",8.688829,15.056734,60.36361,15.89083
"7710","10am",12.305133,10.729312,57.06385,19.901702
"7711","10am",11.298563,15.055588,57.32157,16.324284
"7712","10am",9.715837,14.714381,54.24763,21.322148
"7713","10am",12.037811,13.543484,51.50865,22.910051
"7714","10am",19.34145,11.210416,46.93561,22.512522
"7715","10am",7.32881,13.513073,52.34468,26.813433
"7716","10am",11.016585,19.930682,58.93342,10.119314
"7801","10am",10.606242,13.247013,49.21521,26.931532
"7802","10am",7.950966,16.245677,48.11989,27.683471
"7803","10am",14.284645,10.710234,53.70324,21.301882
"7804","10am",16.843827,6.265159,47.43626,29.454755
"7805","10am",11.677457,18.149247,53.48468,16.688618
"7806","10am",6.871784,16.602215,58.72122,17.804777
"7807","10am",16.08473,15.078337,47.59256,21.244375
"7808","10am",11.126184,16.577873,57.5417,14.75424
"7809","10am",12.47825,19.478988,53.81198,14.230782
"7810","10am",6.378659,15.40581,45.27731,32.938217
"7811","10am",4.62589,17.408307,45.04899,32.916816
"7812","10am",14.794315,18.816603,50.22004,16.169042
"7813","10am",14.280821,8.598437,59.11942,18.001326
"7814","10am",6.417614,9.918799,57.88653,25.777054
"7815","10am",12.315928,20.48735,49.30101,17.895716
"7816","10am",11.906331,21.848973,59.54144,6.70326
"9101","10am",20.041235,18.830181,55.20696,5.921626
"9102","10am",8.718276,13.698424,60.71983,16.863473
"9103","10am",10.316028,13.268649,53.34078,23.074542
"9104","10am",9.622286,12.789421,47.50393,30.084362
"9105","10am",5.561305,17.842456,61.98581,14.610426
"9106","10am",14.878772,17.735102,48.20931,19.176813
"9107","10am",6.659543,14.05391,54.52804,24.758508
"9108","10am",18.3219,15.181342,47.63241,18.864352
"9109","10am",13.901909,15.044924,53.20872,17.844443
"9110","10am",8.696003,22.868808,51.69364,16.741549
"9111","10am",8.695558,17.543757,61.07407,12.686611
"9112","10am",8.832773,16.895964,55.18274,19.08852
"9113","10am",9.879899,19.591567,54.96783,15.560708
"9114","10am",14.846695,17.290182,47.83008,20.033047
"9201","10am",16.583992,18.8182,50.20385,14.393953
"9202","10am",13.936986,14.180247,56.42492,15.457851
"9203","10am",12.167536,20.091131,54.03401,13.707325
"9204","10am",13.721989,22.68214,56.07777,7.5181
"9205","10am",9.074842,25.706135,58.61201,6.607018
"9206","10am",10.488,16.497075,58.79985,14.215073
"9207","10am",12.166175,16.617209,52.83974,18.376876
"9208","10am",11.892705,21.123848,47.27875,19.704697
"9209","10am",9.247063,19.018822,59.90478,11.829339
"9210","10am",17.32088,13.186658,50.27431,19.218153
"9211","10am",8.632266,28.880686,43.60746,18.879584
"9212","10am",8.545434,19.068903,49.45676,22.928902
"9302","10am",7.305133,18.393331,48.38796,25.913577
"9303","10am",11.744855,20.237307,54.10042,13.917419
"9304","10am",9.272475,20.53972,59.25061,10.937198
"9305","10am",10.519704,16.389361,52.12011,20.970824
"9306","10am",14.226758,18.061196,47.46048,20.25157
"9307","10am",13.931662,15.327345,51.37159,19.3694
"9308","10am",13.217197,15.427629,55.14172,16.213457
"9309","10am",11.100841,22.735783,55.64403,10.519343
"9310","10am",11.32419,18.348884,52.63622,17.690711
"9311","10am",16.920451,19.999231,48.17907,14.901244
"9312","10am",12.712004,24.634557,54.02219,8.631249
"9402","10am",10.695514,18.759088,55.62283,14.922572
"9403","10am",11.225292,22.131581,52.76612,13.87701
"9404","10am",14.028199,13.1715,56.60234,16.197964
"9405","10am",4.887488,21.069589,58.59973,15.443188
"9406","10am",18.211989,14.743491,54.96174,12.082775
"9407","10am",6.586251,21.235454,54.08538,18.092911
"9408","10am",15.184095,17.741369,43.7584,23.316132
"9409","10am",8.354393,16.990402,53.2846,21.370606
"9410","10am",13.385639,16.887725,55.61465,14.111982
"9411","10am",9.683571,16.936994,56.79346,16.585973
"9412","10am",7.901165,19.356477,54.0081,18.734263
"9413","10am",17.425552,15.392298,49.45843,17.723722
"9414","10am",11.785263,12.161279,56.71786,19.335596
"9501","10am",18.983367,22.453191,51.93199,6.631453
"9502","10am",14.552974,19.992106,53.69752,11.757395
"9503","10am",13.09938,13.415028,52.21676,21.268832
"9504","10am",6.640568,16.005412,55.25545,22.098568
"9505","10am",4.060911,21.242763,60.20822,14.48811
"9506","10am",17.042814,17.030104,54.49673,11.430348
"9507","10am",19.589629,15.447431,49.52229,15.440649
"9508","10am",9.490993,20.378522,56.70506,13.42542
"9509","10am",10.25755,9.291436,60.50765,19.943363
"9510","10am",9.29361,18.763902,50.16037,21.782113
"9511","10am",9.728318,11.94582,52.20431,26.121553
"9512","10am",17.83838,17.07411,41.22568,23.861832
"9513","10am",5.912461,12.887343,57.78933,23.410866
"7501","11am",7.830795,16.932943,65.68848,9.547784
"7502","11am",20.383539,18.448135,47.41055,13.757772
"7503","11am",9.726192,22.142988,61.54599,6.584826
"7504","11am",13.62479,22.572917,55.86438,7.937912
"7505","11am",14.467241,20.27855,48.79663,16.457582
"7506","11am",9.057338,22.430389,53.63091,14.881365
"7507","11am",18.181762,15.985435,53.32653,12.506271
"7508","11am",9.378234,19.599475,52.66323,18.359063
"7509","11am",15.316276,14.600219,53.4914,16.592106
"7510","11am",11.287377,15.048749,52.90333,20.760547
"7511","11am",9.160455,15.770438,60.38922,14.679889
"7512","11am",12.222236,22.572868,46.36605,18.838848
"7513","11am",13.967721,17.420305,51.90934,16.702635
"7514","11am",11.825722,24.412582,49.1735,14.588195
"7701","11am",11.357181,25.063464,54.86641,8.712947
