"district","hour","cs1","cs2","cs3","cs4","cs5"
"7501","4am",1.889235,4.836701,14.01725,27.20147,52.055343
"7502","4am",10.320685,4.00331,12.01177,23.51202,50.15222
"7503","4am",7.901212,5.181315,14.54665,23.4727,48.898124
"7504","4am",7.208123,7.42966,16.21725,29.4337,39.71127
"7505","4am",8.974645,7.732083,14.52304,25.71388,43.056352
"7506","4am",5.631615,5.801039,21.07306,24.66425,42.830038
"7507","4am",6.942342,6.662608,21.56273,25.50687,39.325453
"7508","4am",6.249245,2.456289,18.67333,28.05571,44.56542
"7509","4am",8.707632,5.626495,12.95117,28.41841,44.2963
"7510","4am",12.443511,3.516885,13.02085,26.26714,44.751608
"7511","4am",8.696204,5.662078,16.39305,27.03414,42.214529
"7512","4am",10.087597,10.47366,18.89441,24.50956,36.034781
"7513","4am",11.543014,10.909351,24.80472,26.5427,26.200207
"7514","4am",10.740907,8.285419,20.9153,28.39066,31.667712
"7701","4am",5.863744,12.599805,32.06565,33.49201,15.97879
"7702","4am",9.26629,15.003226,20.25531,31.62237,23.8528
"7703","4am",6.601562,14.390203,30.80045,32.2869,15.920885
"7704","4am",14.179703,21.992694,29.44679,25.26905,9.111763
"7705","4am",4.323946,20.949015,24.08587,44.45688,6.184286
"7706","4am",8.331826,19.48645,26.47394,34.59024,11.117545
"7707","4am",11.926047,22.140595,24.55657,31.69306,9.683723
"7708","4am",7.117384,13.057529,26.23991,36.57257,17.012615
"7709","4am",4.801075,23.314188,26.49043,31.33188,14.06243
"7710","4am",6.749242,18.296456,28.0644,29.64222,17.247687
"7711","4am",8.345136,17.078927,32.52078,23.46708,18.588076
"7712","4am",13.315244,16.947193,21.38067,31.70402,16.652873
"7713","4am",14.854943,22.097494,26.13377,24.44846,12.465332
"7714","4am",7.531063,14.223103,27.36259,30.76306,20.120184
"7715","4am",9.956832,25.398611,28.25897,26.80356,9.582025
"7716","4am",6.843172,17.943089,30.02959,30.41928,14.764874
"7801","4am",4.363086,9.910591,26.51529,29.107,30.104031
"7802","4am",13.411947,5.124137,21.27432,24.00881,36.180793
"7803","4am",7.610533,6.252374,23.81667,26.92309,35.39733
"7804","4am",9.618406,16.37239,18.18049,28.90342,26.925291
"7805","4am",12.130896,10.470194,22.74194,25.75966,28.897307
"7806","4am",8.586379,22.417795,23.711,29.82898,15.455842
"7807","4am",14.231872,19.175452,29.16384,29.45392,7.97491
"7808","4am",9.837056,17.020838,31.93991,26.022,15.180193
"7809","4am",6.973841,8.475933,24.91926,32.01742,27.613555
"7810","4am",11.119341,11.203437,13.00705,42.36972,22.300449
"7811","4am",6.541438,7.759509,15.15872,38.23409,32.306244
"7812","4am",7.909149,4.175953,20.32571,32.47628,35.112911
"7813","4am",13.127694,9.28482,22.03151,26.68679,28.869182
"7814","4am",7.629047,6.161487,20.48921,35.80767,29.912587
"7815","4am",12.97467,13.658626,21.03963,30.9558,21.371272
"7816","4am",7.19701,12.438382,23.65564,30.74933,25.959638
"9101","4am",10.575408,16.548172,29.44491,26.89763,16.533872
"9102","4am",7.718968,11.898869,25.40536,34.57306,20.403749
"9103","4am",6.619051,18.658324,24.86288,31.69198,18.167758
"9104","4am",8.964388,11.457442,23.67659,37.21516,18.686422
"9105","4am",7.174659,15.132792,25.24376,30.95181,21.496983
"9106","4am",9.355517,19.611245,29.79409,26.23284,15.006308
"9107","4am",7.260087,15.171314,27.64403,31.01884,18.905731
"9108","4am",8.874329,9.874665,25.5378,33.47663,22.236584
"9109","4am",4.363036,14.497178,31.97598,29.89542,19.268385
"9110","4am",11.458527,19.876282,32.58885,24.16158,11.914759
"9111","4am",8.890373,17.242113,25.32306,28.72089,19.823564
"9112","4am",6.583667,12.428918,24.79466,32.91572,23.27704
"9113","4am",5.086626,7.897381,21.20317,33.64085,32.171974
"9114","4am",8.502827,8.983011,14.44812,26.35393,41.712115
"9201","4am",8.602352,15.214811,25.8522,30.64965,19.680983
"9202","4am",8.449249,13.949702,25.74114,28.96877,22.891143
"9203","4am",10.866063,8.554414,17.54842,26.27585,36.755257
"9204","4am",11.520032,12.444617,27.05632,26.00327,22.975759
"9205","4am",6.023858,7.620287,19.71771,26.81659,39.821558
"9206","4am",7.75502,8.838107,16.61567,27.93807,38.853131
"9207","4am",7.650142,3.705432,15.53351,29.89841,43.212513
"9208","4am",7.158406,4.703848,17.74349,28.53254,41.861722
"9209","4am",6.083911,7.73522,22.50839,30.98511,32.687371
"9210","4am",8.650959,9.411283,17.40755,26.54575,37.984464
"9211","4am",8.855817,11.925775,26.36098,26.71102,26.146409
"9212","4am",6.682125,9.88645,20.1666,28.66706,34.59777
"9302","4am",7.7548,13.059881,38.96827,25.72427,14.492777
"9303","4am",13.399094,21.491126,26.57619,24.66289,13.870704
"9304","4am",11.371147,20.349178,24.55624,28.19713,15.526306
"9305","4am",12.591381,24.889313,30.67031,18.9456,12.903393
"9306","4am",5.721654,15.406767,27.52786,32.08868,19.255045
"9307","4am",23.579253,18.293862,22.21136,25.25353,10.661996
"9308","4am",13.069771,26.59396,27.09155,22.58779,10.656927
"9309","4am",14.914046,22.632948,26.48808,22.50505,13.459875
"9310","4am",14.13212,20.452865,32.43929,23.57707,9.398655
"9311","4am",16.293647,22.11839,31.44432,21.79514,8.348505
"9312","4am",17.67878,23.7451,28.7061,20.47279,9.397237
"9402","4am",9.340844,19.764107,28.84711,27.39183,14.656106
"9403","4am",8.028035,13.679088,26.7401,29.57889,21.973885
"9404","4am",12.439827,18.509282,27.32832,28.13856,13.584012
"9405","4am",6.257125,13.291384,22.65231,38.65794,19.141237
"9406","4am",11.101426,16.834579,29.42313,25.92371,16.717155
"9407","4am",7.994677,14.142735,25.57212,28.2089,24.081564
"9408","4am",7.592568,9.258435,18.55881,29.09336,35.496828
"9409","4am",5.745374,7.458099,19.66999,31.8703,35.256244
"9410","4am",6.736733,13.763559,27.99484,29.37811,22.126762
"9411","4am",11.60093,19.37463,32.735,27.82282,8.466616
"9412","4am",8.73196,17.852961,21.47323,35.51677,16.425082
"9413","4am",11.28712,23.711137,33.45164,20.4892,11.060902
"9414","4am",9.32681,9.210369,22.50013,35.12758,23.835118
"9501","4am",8.148373,12.40476,31.36529,27.94892,20.132664
"9502","4am",10.745057,19.739641,25.22045,27.91073,16.384121
"9503","4am",7.144979,16.978723,25.02412,31.73481,19.117368
"9504","4am",7.261247,16.333607,25.96656,32.49358,17.945004
"9505","4am",11.669289,16.603652,34.46259,25.90943,11.355041
"9506","4am",14.564125,23.061699,29.50216,22.59263,10.279387
"9507","4am",19.222759,26.151539,33.3954,16.11831,5.111999
"9508","4am",12.818728,16.771019,31.34728,26.66273,12.400242
"9509","4am",8.026376,13.309652,23.39813,33.73203,21.533814
"9510","4am",9.263029,12.685665,29.41966,29.54192,19.089729
"9511","4am",5.283735,11.440895,27.20497,28.49624,27.574163
"9512","4am",10.570244,12.014543,25.00549,28.07102,24.338706
"9513","4am",9.603025,13.027357,19.08283,36.72991,21.556877
"7501","5am",1.829582,5.442769,15.65735,26.65861,50.411689
"7502","5am",10.270439,4.270256,11.95329,23.39755,50.108466
"7503","5am",7.658926,6.820807,14.29672,23.82485,47.398695
"7504","5am",7.319102,6.529205,15.52593,30.30309,40.322677
"7505","5am",8.92684,7.690897,14.82492,25.73033,42.827006
"7506","5am",5.620688,6.488805,20.76908,24.74845,42.372978
"7507","5am",7.004131,6.649101,21.70284,24.96846,39.675461
"7508","5am",6.23787,2.451818,18.63935,28.00465,44.666321
"7509","5am",8.706683,5.836413,13.08367,28.08176,44.291474
"7510","5am",12.232159,4.292304,13.66303,25.821,43.991505
"7511","5am",8.544992,6.746201,16.66425,26.56406,41.480489
"7512","5am",10.093447,10.279461,18.98203,24.52377,36.12129
"7513","5am",11.489966,10.859215,24.47444,27.09658,26.0798
"7514","5am",10.967395,8.365524,20.00788,28.32373,32.335471
"7701","5am",6.080551,13.911898,32.02942,31.40854,16.569592
"7702","5am",9.412779,14.219743,20.45429,31.6833,24.229886
"7703","5am",6.523898,15.282443,32.21743,30.66789,15.308333
"7704","5am",14.507598,21.768818,29.89167,25.36609,8.465819
"7705","5am",4.592763,19.579865,23.84166,45.41695,6.568759
"7706","5am",8.657636,19.602942,27.09774,33.46765,11.174034
"7707","5am",12.21897,22.067131,25.15972,30.63261,9.92157
"7708","5am",7.58204,9.451102,25.88338,38.9602,18.12328
"7709","5am",4.757162,24.448866,26.24814,31.00998,13.535849
"7710","5am",6.750723,17.822295,28.52679,29.64872,17.251471
"7711","5am",8.342194,16.302787,32.50931,24.26418,18.581524
"7712","5am",13.610267,15.930827,21.03058,32.40648,17.021847
"7713","5am",15.296936,21.507656,26.53978,24.20016,12.455464
"7714","5am",7.695043,13.598035,27.48403,30.66462,20.558276
"7715","5am",10.195992,23.997389,28.93774,27.0567,9.812182
"7716","5am",7.070575,17.792336,29.92034,29.96123,15.25552
"7801","5am",4.482807,9.507557,26.19059,29.90569,29.913357
"7802","5am",13.527553,4.655176,21.45769,23.86692,36.492659
"7803","5am",7.616733,5.608375,23.52162,26.94503,36.308251
"7804","5am",9.589093,16.121404,18.12509,29.32118,26.843234
"7805","5am",12.301843,10.134718,22.78665,25.34897,29.427825
"7806","5am",8.696126,22.361959,23.67535,30.16607,15.100501
"7807","5am",14.79212,19.127353,30.3119,28.24035,7.52828
"7808","5am",10.190166,14.867687,32.26096,26.95609,15.7251
"7809","5am",7.155644,7.798221,25.12843,31.58429,28.333418
"7810","5am",11.268959,11.354187,13.18207,41.59427,22.600516
"7811","5am",6.517593,8.176771,15.47272,37.64444,32.188481
"7812","5am",7.928982,4.186425,19.8597,32.82394,35.200959
"7813","5am",13.063221,8.129529,21.95639,28.12346,28.7274
"7814","5am",7.810089,5.622843,20.19449,36.0306,30.341977
"7815","5am",13.196498,12.724508,21.82468,31.48505,20.76926
"7816","5am",7.439643,11.382618,22.82045,31.52247,26.834816
"9101","5am",10.447966,16.843783,30.13879,26.23483,16.334627
"9102","5am",7.898602,12.081809,24.79886,34.73803,20.482699
"9103","5am",6.701917,18.248303,25.17415,31.48042,18.395206
"9104","5am",9.045889,11.606493,23.50732,36.98398,18.856312
"9105","5am",7.268269,14.418729,25.57312,30.96242,21.777461
"9106","5am",9.570385,18.694505,30.03091,26.83532,14.868881
"9107","5am",7.475675,13.9954,28.46492,31.03717,19.026836
"9108","5am",9.073184,8.356298,26.11004,33.72562,22.734858
"9109","5am",4.443527,13.987567,32.23904,30.44694,18.882932
"9110","5am",11.839458,19.520838,33.04947,23.27938,12.310857
"9111","5am",8.688623,18.817079,24.55774,28.56285,19.373707
"9112","5am",6.641097,12.661003,25.01094,32.20687,23.480088
"9113","5am",5.156404,6.918004,21.49404,33.81825,32.613305
"9114","5am",8.502827,8.983011,14.44812,26.35393,41.712115
"9201","5am",8.619849,16.302794,24.63239,30.72396,19.721014
"9202","5am",8.537456,12.688571,27.13321,28.51064,23.130118
"9203","5am",10.980857,7.237649,17.7338,26.90414,37.143554
"9204","5am",11.590996,11.488797,26.18729,27.61563,23.11729
"9205","5am",6.042057,6.69455,19.48367,27.07892,40.700805
"9206","5am",7.684044,8.757219,17.37882,27.68238,38.497538
"9207","5am",7.679492,3.719648,15.78272,29.43984,43.378297
"9208","5am",7.151012,5.481423,17.04602,28.50306,41.818484
"9209","5am",6.095389,7.749813,22.55086,30.8549,32.749038
"9210","5am",8.662307,9.663546,17.68921,26.58057,37.404373
"9211","5am",8.901072,12.29763,26.13013,26.39115,26.280022
"9212","5am",6.720409,9.943092,19.70922,28.83129,34.795988
"9302","5am",8.144449,10.755187,39.2608,26.61858,15.220983
"9303","5am",13.453297,20.60336,27.25387,24.76266,13.926816
"9304","5am",11.509554,21.31957,24.10922,27.97993,15.081727
"9305","5am",13.083515,23.192562,31.45558,19.0519,13.216443
"9306","5am",5.792422,15.343684,27.117,32.25369,19.493199
"9307","5am",24.362205,16.55024,22.85647,25.64021,10.590869
"9308","5am",13.376174,24.873057,27.72668,23.11733,10.906764
"9309","5am",15.020978,21.958868,26.15895,22.91107,13.950141
"9310","5am",14.529802,18.413628,33.27304,24.24054,9.542988
"9311","5am",17.087895,20.657002,31.49963,22.00002,8.75546
"9312","5am",18.255712,23.570014,27.84525,20.62512,9.703907
"9402","5am",9.65779,19.603053,29.40292,26.18283,15.153405
"9403","5am",8.072445,13.241146,27.2717,29.31927,22.095441
"9404","5am",12.359274,18.371016,27.15136,28.6223,13.49605
"9405","5am",6.135409,15.162562,22.21167,37.50454,18.985816
"9406","5am",11.561352,16.741939,28.59713,26.03313,17.066451
"9407","5am",8.014754,12.926701,25.70272,28.94083,24.414999
"9408","5am",7.748632,8.372358,18.2918,29.36075,36.22646
"9409","5am",5.749381,7.611141,19.6837,32.07235,34.883427
"9410","5am",6.811541,13.916398,27.19525,29.70434,22.372471
"9411","5am",11.723104,18.648031,32.95725,28.11583,8.555782
"9412","5am",8.852179,17.304309,23.43543,34.17694,16.231145
"9413","5am",11.449929,23.371255,33.93416,20.02421,11.220447
"9414","5am",9.432965,8.530193,22.67535,35.25509,24.106403
"9501","5am",8.582565,11.768272,32.57786,26.2995,20.771805
"9502","5am",10.796651,19.279342,25.61579,27.84543,16.462793
"9503","5am",7.443947,15.473076,26.07121,31.84248,19.169283
"9504","5am",7.488295,15.47297,25.35477,33.17785,18.506116
"9505","5am",11.355022,16.9283,33.27358,27.02764,11.415457
"9506","5am",14.831185,23.612903,29.18321,21.90482,10.467878
"9507","5am",19.426183,26.016775,32.79533,16.59562,5.166096
"9508","5am",13.339843,15.519461,31.37303,26.86332,12.904344
"9509","5am",8.214668,13.426742,23.36321,32.9564,22.038978
"9510","5am",9.225392,13.384707,28.93537,29.44237,19.012165
"9511","5am",5.294738,11.464718,27.05338,28.55558,27.631582
"9512","5am",10.882305,11.517398,24.06885,28.89975,24.631701
"9513","5am",9.593487,13.113737,19.06387,36.69343,21.535467
"7501","6am",1.781965,5.758784,15.24985,28.59597,48.613432
"7502","6am",10.451816,5.887094,12.92388,22.70219,48.035017
"7503","6am",6.854925,11.538751,17.24337,21.88069,42.482271
"7504","6am",6.187464,7.784501,18.38667,29.55203,38.089338
"7505","6am",9.168292,6.624896,13.58422,26.32374,44.29885
"7506","6am",5.210506,8.441885,23.14056,23.59398,39.613068
"7507","6am",6.803663,7.503017,21.9634,24.74997,38.979944
"7508","6am",6.086034,2.005728,19.64023,27.83488,44.433131
"7509","6am",8.7825,5.272381,13.49505,28.06167,44.388393
"7510","6am",12.206949,5.796513,14.06518,25.08337,42.847989
"7511","6am",8.595624,6.26275,16.54667,26.86868,41.726275
"7512","6am",10.179593,10.464775,19.44402,24.26214,35.649472
"7513","6am",11.414357,8.617773,26.08582,26.12945,27.752602
"7514","6am",10.9297,7.962219,19.08874,30.06592,31.953422
"7701","6am",6.120924,18.262281,29.88337,29.9793,15.754125
"7702","6am",9.523243,13.170116,21.64749,31.23486,24.424288
"7703","6am",6.92382,15.649831,32.6331,29.07858,15.714667
"7704","6am",15.582008,21.604704,29.58261,24.8466,8.384079
"7705","6am",4.858504,21.293198,23.39543,44.08834,6.364527
"7706","6am",9.243769,18.338004,27.56317,33.95275,10.902305
"7707","6am",12.558418,21.27455,25.9247,30.446,9.796325
"7708","6am",8.447525,8.409319,25.91459,39.17172,18.05685
"7709","6am",5.168012,23.588177,27.61811,31.0674,12.558294
"7710","6am",7.168108,19.356514,27.24853,29.34947,16.877374
"7711","6am",8.561965,17.191293,33.23567,23.776,17.235065
"7712","6am",14.358927,14.637842,20.01806,33.60825,17.376919
"7713","6am",16.547209,21.055807,27.03768,22.56912,12.790187
"7714","6am",8.010515,12.239772,27.66499,31.85527,20.229456
"7715","6am",10.94293,24.940857,28.39501,25.43124,10.289964
"7716","6am",7.621483,17.568845,29.52793,29.8254,15.456349
"7801","6am",4.675913,8.133465,26.72322,30.46232,30.00508
"7802","6am",14.344227,5.054994,22.19404,22.74333,35.663404
"7803","6am",8.003413,4.707719,24.14027,28.13292,35.015677
"7804","6am",10.259029,16.629214,17.24026,28.33168,27.539816
"7805","6am",12.687827,12.617765,22.73466,23.29111,28.668641
"7806","6am",9.051223,22.568349,22.61073,30.59541,15.174293
"7807","6am",16.063282,16.719301,31.24231,28.1703,7.804806
"7808","6am",11.09544,15.56948,33.25801,25.85832,14.218742
"7809","6am",7.728945,8.894537,25.17259,30.08586,28.118072
"7810","6am",12.453946,9.787465,13.49436,42.54847,21.71576
"7811","6am",6.687158,9.432923,14.61165,36.86201,32.406256
"7812","6am",8.229967,2.611675,20.6979,32.52264,35.937813
"7813","6am",13.503357,9.20745,22.30813,26.4798,28.501269
"7814","6am",8.162698,6.078635,20.15345,36.06253,29.542681
"7815","6am",13.392253,13.672524,23.0656,30.13161,19.73802
"7816","6am",7.584538,10.099074,23.08928,32.92727,26.299843
"9101","6am",10.573439,16.366837,29.24022,27.19146,16.628041
"9102","6am",9.635745,10.3849,25.02299,33.86204,21.094325
"9103","6am",6.994854,17.661814,26.07093,30.92153,18.350874
"9104","6am",9.541591,12.604508,22.84715,35.3286,19.678149
"9105","6am",7.430762,13.857806,26.14485,30.86667,21.699911
"9106","6am",10.565576,15.43826,32.03587,25.9506,16.009702
"9107","6am",8.040861,12.960756,28.76727,31.15369,19.077422
"9108","6am",9.555888,7.485954,27.48577,32.704,22.768393
"9109","6am",4.593055,15.135441,30.00512,30.68498,19.581407
"9110","6am",12.520413,19.261091,33.23047,23.77806,11.209967
"9111","6am",7.468671,20.86823,24.24737,28.08485,19.330877
"9112","6am",7.15684,12.717776,25.01692,31.68328,23.425188
"9113","6am",5.349801,7.882581,21.67435,33.11743,31.975841
"9114","6am",9.108739,8.065817,15.13467,26.18445,41.506319
"9201","6am",8.926428,17.681608,24.43369,28.82374,20.134527
"9202","6am",8.578482,11.350531,26.98695,29.37526,23.708782
"9203","6am",10.918887,7.303624,18.47675,28.01668,35.284053
"9204","6am",11.187143,15.751439,24.68957,26.44033,21.931518
"9205","6am",5.946701,6.778038,19.64812,27.4288,40.198338
"9206","6am",7.566946,8.296028,17.13456,28.58457,38.417896
"9207","6am",7.88478,3.819081,16.20463,29.89688,42.194629
"9208","6am",7.04166,6.490327,17.31496,27.97404,41.179004
"9209","6am",6.330613,6.320951,22.09779,31.84311,33.407538
"9210","6am",8.892323,8.924492,17.43781,28.04412,36.701255
"9211","6am",9.068326,10.609799,27.58201,26.52732,26.212549
"9212","6am",6.825275,9.299925,18.84083,29.34481,35.689168
"9302","6am",8.479514,10.779491,40.01449,24.29338,16.433122
"9303","6am",13.569601,20.745619,27.14412,23.9819,14.558756
"9304","6am",12.049008,19.801566,22.79025,29.51486,15.84431
"9305","6am",13.855279,20.74581,32.61656,18.7863,13.996048
"9306","6am",6.090942,13.854412,27.97717,33.38459,18.692883
"9307","6am",26.222956,15.2725,22.89865,24.94652,10.659374
"9308","6am",14.405915,25.04464,28.62762,20.39954,11.522283
"9309","6am",15.707385,19.912311,27.82154,23.55062,13.008146
"9310","6am",15.296955,16.707492,34.28135,23.78107,9.933141
"9311","6am",18.04745,20.008803,31.37516,21.18043,9.388157
"9312","6am",18.190992,22.534931,27.73447,21.3975,10.142105
"9402","6am",9.718104,19.822155,29.3611,25.65119,15.447453
"9403","6am",8.008947,14.674193,28.56282,27.02221,21.731835
"9404","6am",12.505098,18.880789,25.41986,29.52172,13.672535
"9405","6am",6.214737,15.30651,23.78641,35.71282,18.979518
"9406","6am",11.658516,16.577788,29.2271,25.38353,17.153067
"9407","6am",8.352773,12.706654,24.50103,29.2117,25.227851
"9408","6am",8.170196,6.987917,19.56565,30.49809,34.778137
"9409","6am",5.862276,7.680681,19.63609,31.37707,35.443886
"9410","6am",7.292224,14.438057,27.92168,26.98855,23.359485
"9411","6am",12.281518,15.76056,32.51634,30.83575,8.60583
"9412","6am",9.210097,15.912735,24.58781,32.72463,17.564732
"9413","6am",12.249858,21.020021,32.8254,20.69486,13.209865
"9414","6am",10.16407,6.405519,22.07741,36.56898,24.784022
"9501","6am",9.039618,11.30315,32.69414,26.23652,20.726564
"9502","6am",11.38987,18.378135,26.23957,27.16033,16.832091
"9503","6am",7.973259,16.020517,27.53191,29.83136,18.64296
"9504","6am",7.851361,15.138067,27.29077,31.43773,18.282072
"9505","6am",11.741205,16.530145,33.58752,26.35405,11.787074
"9506","6am",14.88424,22.496954,29.04204,23.07144,10.505325
"9507","6am",21.251722,23.57107,32.58348,16.94216,5.651571
"9508","6am",14.029404,14.675839,30.74345,27.53859,13.012718
"9509","6am",9.224971,12.209516,23.88394,32.84837,21.833209
"9510","6am",10.043375,12.275607,28.72896,29.09687,19.855184
"9511","6am",5.622271,10.725607,27.42762,28.4334,27.791096
"9512","6am",11.314102,10.594019,24.68877,28.93487,24.468236
"9513","6am",10.139144,15.081297,18.35655,36.45087,19.972144
"7501","7am",1.534808,9.674715,14.41207,29.70357,44.674836
"7502","7am",9.58118,7.845721,14.71691,21.86184,45.994346
"7503","7am",5.76207,15.034943,18.72788,21.4449,39.030207
"7504","7am",6.116834,9.292361,19.14584,29.31313,36.13183
"7505","7am",9.630303,6.630437,14.64059,25.05293,44.045743
"7506","7am",5.283396,10.065991,23.55152,26.77193,34.327163
"7507","7am",6.874651,7.07727,22.14949,25.63562,38.262969
"7508","7am",6.275587,3.624242,20.77681,27.8279,41.495461
"7509","7am",8.965917,5.669364,16.11538,26.74528,42.504061
"7510","7am",11.111005,6.153218,15.67099,25.5606,41.504192
"7511","7am",9.355121,7.123653,16.61918,28.84366,38.058391
"7512","7am",10.472265,14.086886,18.97106,23.0912,33.378586
"7513","7am",12.108012,9.185703,24.92335,27.52314,26.25979
"7514","7am",11.782898,9.632391,19.44378,28.3067,30.834229
"7701","7am",6.418192,21.130708,31.54192,29.01843,11.890751
"7702","7am",10.309665,11.911039,24.03342,29.56717,24.178709
"7703","7am",7.260982,21.635825,29.97073,26.38724,14.745229
"7704","7am",16.276592,21.909213,29.63618,23.07173,9.106289
"7705","7am",5.432151,22.946845,23.10766,38.39992,10.113428
"7706","7am",11.927515,18.477627,28.33367,31.72347,9.537716
"7707","7am",11.329515,21.688772,24.22502,32.10546,10.651235
"7708","7am",9.769359,9.212918,26.54081,35.99382,18.483093
"7709","7am",5.39685,29.307055,25.04663,26.95098,13.298491
"7710","7am",7.710741,18.63523,27.72954,26.97715,18.947341
"7711","7am",9.437791,18.168684,33.47655,19.76629,19.150681
"7712","7am",15.089743,15.908426,21.43947,32.91622,14.646142
"7713","7am",17.36971,21.419435,26.18947,22.668,12.353388
"7714","7am",8.232363,12.380759,28.90224,29.97963,20.505009
"7715","7am",11.828176,25.520551,29.59233,23.21197,9.846968
"7716","7am",8.557665,18.929298,29.26188,30.16276,13.088396
"7801","7am",5.445287,8.205332,26.87755,28.33266,31.139171
"7802","7am",13.13226,7.68182,22.38398,23.33948,33.462462
"7803","7am",9.613304,6.680024,27.42373,22.29913,33.98381
"7804","7am",11.571084,18.237932,17.16691,23.46867,29.555412
"7805","7am",13.779003,14.458159,23.09905,21.11305,27.550733
"7806","7am",9.574688,25.254143,22.6424,28.85113,13.677638
"7807","7am",16.389133,17.97823,31.19901,27.05531,7.378315
"7808","7am",12.19371,18.481132,34.27205,20.15037,14.902735
"7809","7am",8.104894,10.026754,25.491,28.60573,27.771624
"7810","7am",14.324487,11.25751,11.86701,43.78612,18.764863
"7811","7am",7.185266,9.6668,14.86669,36.71864,31.562603
"7812","7am",7.789555,4.478109,19.59616,34.01714,34.119044
"7813","7am",15.945783,11.382416,24.64006,22.20297,25.82877
"7814","7am",9.325727,8.143186,19.66511,35.8211,27.044874
"7815","7am",15.508766,13.183259,22.44352,28.62875,20.2357
"7816","7am",7.514445,9.642872,21.7145,33.97128,27.156903
"9101","7am",10.957543,17.363599,27.28135,27.87863,16.518883
"9102","7am",9.030795,11.420334,26.47645,33.01544,20.056984
"9103","7am",8.334921,16.830724,26.8392,30.48261,17.512545
"9104","7am",11.863879,12.35552,23.79149,33.03924,18.94987
"9105","7am",8.647601,17.088934,28.08181,27.98055,18.201106
"9106","7am",10.21234,17.512636,31.32334,27.66959,13.282088
"9107","7am",9.332737,13.793473,25.51299,31.29246,20.068339
"9108","7am",11.091312,9.916601,27.29644,30.85481,20.84083
"9109","7am",4.769468,14.196067,30.85796,31.58671,18.589802
"9110","7am",13.929103,19.186212,32.77717,20.56112,13.546389
"9111","7am",7.855997,24.73669,22.95844,27.10832,17.340552
"9112","7am",7.852995,11.765686,25.13086,30.97957,24.27089
"9113","7am",5.442618,7.598843,21.93833,32.76156,32.258654
"9114","7am",9.918252,10.162309,14.85464,26.35243,38.712361
"9201","7am",9.028067,18.586701,21.39415,32.26646,18.724621
"9202","7am",9.416162,11.374995,27.71459,29.75607,21.738181
"9203","7am",11.042668,8.758424,18.31158,27.87886,34.008474
"9204","7am",11.006222,15.848287,24.39196,27.58283,21.1707
"9205","7am",5.610072,7.496334,22.87315,26.47378,37.546665
"9206","7am",6.497732,8.556528,19.003,30.72048,35.222258
"9207","7am",8.441491,5.119351,15.09703,29.14156,42.200575
"9208","7am",7.472913,6.891787,18.53981,28.52633,38.569167
"9209","7am",5.979482,6.788068,23.01216,32.35511,31.865183
"9210","7am",9.243137,12.100837,16.26299,28.57672,33.816314
"9211","7am",8.241292,13.885189,24.77584,26.45813,26.639551
"9212","7am",7.3648,9.313085,20.9858,27.88808,34.448236
"9302","7am",8.934786,10.725248,39.8878,24.10538,16.346787
"9303","7am",13.072056,22.752854,26.11146,24.01589,14.047731
"9304","7am",12.146915,20.703415,23.16396,27.77807,16.207639
"9305","7am",16.740407,20.992411,34.15146,15.50076,12.614963
"9306","7am",7.033744,13.160413,29.10578,33.16084,17.539219
"9307","7am",29.549872,13.384202,24.53997,23.76133,8.764627
"9308","7am",14.895474,27.237433,27.13623,20.38439,10.346468
"9309","7am",16.316759,20.589666,27.77378,22.31097,13.008822
"9310","7am",15.986973,17.304922,32.55732,26.17445,7.976331
"9311","7am",19.056319,20.528311,29.44054,21.8936,9.08123
"9312","7am",17.516742,19.492071,26.44505,25.18906,11.357074
"9402","7am",9.127827,20.426225,28.51697,29.01061,12.918371
"9403","7am",8.156056,15.762071,27.99047,27.23526,20.856141
"9404","7am",12.932607,20.828273,24.12364,27.70405,14.411435
"9405","7am",6.574157,14.191622,26.49672,35.89481,16.842698
"9406","7am",11.796669,17.166047,28.73515,25.72865,16.573485
"9407","7am",7.273643,14.129752,24.6211,28.2199,25.755607
"9408","7am",8.815643,9.929825,19.98039,29.3821,31.892041
"9409","7am",5.071254,8.738937,21.668,33.57992,30.941887
"9410","7am",8.371371,17.159609,24.68122,25.15092,24.636878
"9411","7am",12.999769,13.662497,30.98642,32.768,9.583314
"9412","7am",11.22224,18.274873,24.12546,33.02522,13.352202
"9413","7am",13.986125,25.180564,33.76273,15.30158,11.769007
"9414","7am",11.300276,13.700375,20.61159,34.88461,19.503147
"9501","7am",9.841548,11.418081,32.39748,27.98101,18.361877
"9502","7am",11.885602,20.989268,27.17656,24.95166,14.996915
"9503","7am",11.663268,16.569964,27.95871,28.04628,15.761779
"9504","7am",9.064711,15.149435,26.49507,32.94084,16.349939
"9505","7am",12.498146,17.721436,29.32475,28.39517,12.060495
"9506","7am",16.639246,24.702423,25.89472,19.31958,13.44404
"9507","7am",23.450418,23.451076,32.11172,14.16482,6.821958
"9508","7am",14.851068,13.314237,30.42395,27.71587,13.69487
"9509","7am",10.978706,14.201702,22.71273,30.05434,22.052521
"9510","7am",11.725567,12.012851,32.15348,28.508,15.600106
"9511","7am",6.337046,11.698848,29.89043,25.38024,26.693441
"9512","7am",13.388643,10.719641,20.72677,30.12493,25.040023
"9513","7am",10.112081,16.47319,18.13468,34.69987,20.580178
"7501","8am",1.809552,7.187495,18.5672,27.760249,44.675506
"7502","8am",7.901953,7.488192,19.98858,24.324944,40.29633
"7503","8am",3.331845,10.728478,22.28244,27.784917,35.872319
"7504","8am",6.086606,8.585384,20.12557,32.941756,32.260681
"7505","8am",9.902605,6.708564,17.3348,25.900055,40.153974
"7506","8am",5.80282,10.269281,27.92031,24.649359,31.358232
"7507","8am",6.720019,7.783039,20.86687,27.963047,36.667025
"7508","8am",6.601876,4.982354,23.09867,30.626042,34.691054
"7509","8am",8.936148,5.910011,17.17164,28.628218,39.353987
"7510","8am",12.476126,7.902176,19.83479,23.862915,35.923998
"7511","8am",8.826097,7.738328,21.27799,27.755335,34.402248
"7512","8am",14.456512,16.681771,20.19687,22.555215,26.10963
"7513","8am",13.235925,8.45968,26.65203,26.648743,25.003622
"7514","8am",12.83691,11.663459,20.61846,27.168755,27.712419
"7701","8am",5.71296,19.707372,29.37419,30.657545,14.547936
"7702","8am",10.059269,11.099212,25.95014,28.365584,24.525789
"7703","8am",7.486194,22.472402,28.46637,24.681072,16.893959
"7704","8am",14.499884,22.098881,27.47726,24.984838,10.939137
"7705","8am",7.687278,22.343791,21.2407,37.229437,11.498792
"7706","8am",10.58797,17.918167,28.55765,34.315266,8.620946
"7707","8am",12.69806,24.256184,23.23611,29.738189,10.071458
"7708","8am",11.16533,7.015785,29.04569,39.068064,13.705134
"7709","8am",5.311384,30.723742,27.86143,24.783132,11.320308
"7710","8am",9.012536,21.468524,27.85462,23.511932,18.15239
"7711","8am",10.085426,17.595114,35.49649,20.858813,15.964155
"7712","8am",14.951012,14.621527,21.39566,32.905381,16.126417
"7713","8am",17.761626,21.246065,27.10586,21.419483,12.466962
"7714","8am",9.693588,12.679365,27.68452,29.734125,20.208403
"7715","8am",11.904055,27.731326,27.19435,22.671837,10.498433
"7716","8am",7.649184,18.790556,26.46108,30.245113,16.854069
"7801","8am",7.483388,10.508278,32.51916,23.501221,25.987957
"7802","8am",13.788193,7.674599,26.83931,27.743182,23.954715
"7803","8am",10.963503,10.942764,25.26073,26.29367,26.539335
"7804","8am",14.518934,18.411657,18.88804,24.145561,24.035808
"7805","8am",12.494646,12.218356,24.55895,27.412638,23.315406
"7806","8am",9.150151,26.554199,22.92768,27.319752,14.048219
"7807","8am",17.005186,17.540465,32.43108,26.390164,6.633102
"7808","8am",11.577798,20.720628,33.07271,21.961672,12.667192
"7809","8am",7.462955,11.192669,25.19072,31.995216,24.15844
"7810","8am",15.631529,9.788253,12.94982,44.073444,17.55695
"7811","8am",8.342282,7.615325,12.63778,41.395128,30.009488
"7812","8am",7.243047,5.453298,21.84596,34.786998,30.670697
"7813","8am",15.643322,10.614491,23.44461,27.103714,23.193863
"7814","8am",10.370899,7.480479,20.81993,39.438455,21.890235
"7815","8am",17.022037,15.336099,23.9299,28.78183,14.930134
"7816","8am",6.38301,8.515831,22.3045,32.911815,29.88484
"9101","8am",8.992205,17.018353,28.09002,27.330029,18.56939
"9102","8am",9.697794,12.229191,23.32683,31.506887,23.239297
"9103","8am",8.340814,17.602814,27.26521,30.061366,16.729793
"9104","8am",13.905945,11.807649,26.36849,30.59047,17.327442
"9105","8am",8.551727,16.597279,25.45979,30.130443,19.260756
"9106","8am",10.413216,16.625995,29.60816,27.887461,15.465169
"9107","8am",10.392036,14.701057,26.52104,32.950856,15.435013
"9108","8am",11.413495,8.397887,33.83268,28.199964,18.155977
"9109","8am",4.68688,14.644852,33.13397,29.562494,17.9718
"9110","8am",13.597503,20.548228,31.04276,23.070061,11.74145
"9111","8am",6.889974,23.165956,23.4151,27.555899,18.973074
"9112","8am",7.632911,13.700631,27.54968,28.716101,22.40068
"9113","8am",4.469403,8.623769,22.47978,36.316988,28.110056
"9114","8am",11.668269,9.631222,14.56501,27.318118,36.817379
"9201","8am",9.841748,20.234704,22.18002,32.16075,15.582776
"9202","8am",9.297176,11.434115,26.75399,26.27587,26.238845
"9203","8am",10.655891,8.8382,22.07405,30.336427,28.095431
"9204","8am",9.19538,14.376065,22.83037,30.315109,23.283076
"9205","8am",4.276133,5.905356,21.47317,25.70456,42.640784
"9206","8am",6.541338,7.809401,20.89921,29.230317,35.519737
"9207","8am",8.92088,6.069918,17.34674,30.430425,37.232037
"9208","8am",7.99787,7.237568,18.02335,33.664246,33.076968
"9209","8am",6.03563,7.882556,21.80707,32.046872,32.227875
"9210","8am",9.745637,12.995874,17.54759,30.417768,29.293129
"9211","8am",8.536949,16.839702,23.19608,23.78888,27.638393
"9212","8am",7.798529,9.412507,19.53889,25.612184,37.637887
"9302","8am",10.409018,10.847922,39.43202,26.959597,12.351443
"9303","8am",13.86283,21.364458,24.29272,28.179526,12.300464
"9304","8am",9.768766,20.117646,23.71863,30.043653,16.351301
"9305","8am",16.110787,22.054363,32.92419,16.175234,12.735421
"9306","8am",7.986684,13.989093,28.49087,37.461292,12.072057
"9307","8am",30.368644,15.084357,23.96974,21.993949,8.583309
"9308","8am",15.620655,29.501688,28.65222,16.060421,10.165015
"9309","8am",13.916037,21.444962,26.51121,22.411226,15.716568
"9310","8am",15.741828,16.875276,31.91659,26.967301,8.499007
"9311","8am",19.879716,19.249579,25.74014,24.466887,10.663682
"9312","8am",15.833922,16.91909,26.95731,24.102921,16.186754
"9402","8am",9.524088,20.399513,27.56823,28.651037,13.857136
"9403","8am",7.675206,16.958244,27.58736,29.348797,18.430397
"9404","8am",14.335148,22.07073,22.27681,28.115252,13.202058
"9405","8am",5.97657,14.010774,25.25063,30.612007,24.15002
"9406","8am",10.768872,17.718783,26.77802,24.767118,19.967211
"9407","8am",6.714106,15.093249,26.38591,29.46132,22.345414
"9408","8am",11.553892,9.063261,22.12845,29.736569,27.517831
"9409","8am",7.084317,11.538273,19.95784,34.800975,26.618598
"9410","8am",7.061727,15.68276,21.18374,29.391134,26.68064
"9411","8am",13.433013,15.52278,29.85819,33.583865,7.602153
"9412","8am",13.928728,19.928754,25.56205,31.182641,9.397827
"9413","8am",14.857128,24.897073,33.95745,9.840327,16.448024
"9414","8am",11.983079,13.41989,21.4879,33.308411,19.800725
"9501","8am",9.500991,11.171576,30.91965,26.424694,21.983091
"9502","8am",10.331539,21.530479,25.08215,30.237233,12.818596
"9503","8am",12.042206,19.593716,26.63786,30.073287,11.652928
"9504","8am",11.099868,14.959751,31.66605,28.853461,13.420864
"9505","8am",12.434098,18.870422,23.43871,34.018713,11.238061
"9506","8am",13.597544,23.120328,27.1221,23.026192,13.133835
"9507","8am",24.270573,22.74261,31.10208,15.300331,6.58441
"9508","8am",15.817669,15.123927,26.02056,29.340135,13.69771
"9509","8am",13.618017,17.814697,21.64614,31.257989,15.663153
"9510","8am",12.719754,12.18189,33.68354,25.34274,16.072077
"9511","8am",7.453544,13.368755,31.28497,22.942949,24.949782
"9512","8am",15.28695,12.844035,22.11347,24.88578,24.869769
"9513","8am",11.622795,18.509388,17.90017,33.445941,18.521703
"7501","9am",3.47464,7.040996,19.29676,27.70086,42.486748
"7502","9am",6.082017,5.498645,23.32644,22.59422,42.498671
"7503","9am",2.652924,9.148375,21.69488,28.23677,38.267051
"7504","9am",5.902337,9.124604,20.90762,36.36045,27.704992
"7505","9am",10.415447,7.981456,17.29449,22.85744,41.451176
"7506","9am",5.743467,9.951101,28.13244,25.38707,30.785927
"7507","9am",6.082296,7.411044,20.03279,28.40929,38.064575
"7508","9am",6.598387,5.646549,19.53029,31.95473,36.270043
"7509","9am",8.235061,6.505862,18.23208,27.76393,39.263064
"7510","9am",9.165908,7.629007,20.42462,29.16773,33.612734
"7511","9am",8.532162,6.991589,18.55721,30.99479,34.92425
"7512","9am",12.260762,17.473513,23.29458,23.71099,23.260157
"7513","9am",12.484819,8.823959,26.7857,26.53767,25.367854
"7514","9am",12.731717,11.36448,22.30565,25.45864,28.139511
"7701","9am",5.542507,18.913956,30.38679,32.14104,13.015707
"7702","9am",9.328071,9.825097,23.75894,28.65063,28.437258
"7703","9am",7.390884,22.635325,25.54358,24.63697,19.793241
"7704","9am",15.015259,20.420814,28.38955,25.71252,10.461857
"7705","9am",7.069756,21.937709,22.39335,36.91806,11.68113
"7706","9am",9.751314,18.48885,29.85706,34.11179,7.790984
"7707","9am",11.186349,24.478222,22.2678,29.99715,12.070479
"7708","9am",10.933577,6.870162,28.40444,40.8691,12.922716
"7709","9am",5.520264,31.351605,26.78711,24.68962,11.651403
"7710","9am",7.913277,21.357442,28.53747,22.34096,19.850856
"7711","9am",9.496003,17.125815,36.09568,20.64221,16.640293
"7712","9am",14.123943,13.812684,22.88765,32.38796,16.787767
"7713","9am",17.967215,21.42814,27.1981,21.20208,12.204468
"7714","9am",9.329938,13.997648,27.74077,28.85786,20.073787
"7715","9am",12.369687,27.4066,26.51711,23.91268,9.793922
"7716","9am",7.273566,17.134536,25.74994,32.68542,17.156544
"7801","9am",7.980725,10.757868,32.60232,24.36248,24.296605
"7802","9am",14.398807,9.776487,24.52486,27.18418,24.115674
"7803","9am",11.994797,9.562514,26.81125,24.02525,27.606184
"7804","9am",11.664528,20.253731,20.71582,23.81451,23.551418
"7805","9am",13.510881,11.916269,21.90038,25.35517,27.317301
"7806","9am",9.555958,24.813824,23.15901,27.6503,14.82091
"7807","9am",15.891008,19.576591,30.70894,26.74897,7.074492
"7808","9am",12.761385,16.436319,34.92451,22.96085,12.916936
"7809","9am",8.947108,10.652206,26.09812,29.07965,25.222915
"7810","9am",14.04626,9.82872,11.95417,47.97739,16.193461
"7811","9am",6.966945,7.785633,14.81976,40.11224,30.31542
"7812","9am",7.075848,5.938659,21.6066,34.79586,30.583032
"7813","9am",17.954657,11.338637,23.2332,26.20357,21.269938
"7814","9am",9.77434,8.557889,19.32846,38.56273,23.776579
"7815","9am",18.027045,16.120126,24.71001,24.7694,16.373425
"7816","9am",6.00615,7.806672,21.08893,30.85893,34.239319
"9101","9am",8.258159,15.760845,25.9151,26.05587,24.01003
"9102","9am",9.535531,12.604897,25.39304,31.23516,21.231366
"9103","9am",9.406738,17.160685,28.19299,28.96907,16.270513
"9104","9am",15.594901,10.784625,30.82257,26.95277,15.845133
"9105","9am",6.952096,16.890262,25.69053,29.91189,20.555218
"9106","9am",10.975482,18.451662,29.63611,26.24559,14.691149
"9107","9am",9.944544,14.546069,24.30908,38.29946,12.900846
"9108","9am",11.725603,11.485061,33.19792,27.48278,16.108639
"9109","9am",4.441472,13.524061,32.37964,30.3688,19.286024
"9110","9am",13.595106,20.139911,29.75808,23.49684,13.010067
"9111","9am",6.551124,22.102117,23.17091,26.11896,22.056892
"9112","9am",7.858517,15.377778,28.75093,26.15366,21.859117
"9113","9am",3.94711,8.62418,20.05248,34.09398,33.282253
"9114","9am",10.664212,9.171224,14.52057,27.1921,38.451897
"9201","9am",9.943682,19.081187,22.02346,32.02953,16.922145
"9202","9am",8.723721,11.058935,24.69795,31.10369,24.415706
"9203","9am",8.391066,10.337184,21.61063,30.05328,29.607848
"9204","9am",7.71091,12.500243,22.50515,31.0293,26.254399
"9205","9am",3.199359,4.842534,19.66062,23.63316,48.664328
"9206","9am",6.55071,8.802153,18.24122,31.78365,34.622266
"9207","9am",8.642595,7.018626,17.51382,28.22703,38.597934
"9208","9am",6.591143,8.920795,18.05032,31.71028,34.727459
"9209","9am",6.183883,6.378239,20.40079,32.69753,34.339563
"9210","9am",10.178896,11.58403,17.37718,32.07297,28.786923
"9211","9am",7.766112,16.032597,20.77387,26.9856,28.44182
"9212","9am",7.476415,8.552721,19.7176,23.36593,40.887333
"9302","9am",10.550597,12.755055,39.97539,29.55301,7.165947
"9303","9am",13.623285,18.120228,22.5039,29.64039,16.112191
"9304","9am",9.299289,18.811117,19.98813,31.17913,20.722328
"9305","9am",17.563783,21.428636,30.56287,19.07617,11.368538
"9306","9am",7.221277,15.214596,27.76089,35.05283,14.750407
"9307","9am",31.575533,16.070884,23.98052,21.63031,6.742756
"9308","9am",15.790158,29.695303,28.47388,15.35661,10.684053
"9309","9am",12.600096,21.119639,28.00005,22.44615,15.834065
"9310","9am",16.585275,16.9602,30.36851,28.12985,7.956167
"9311","9am",19.246343,19.884251,25.00563,23.76441,12.099361
"9312","9am",13.48019,14.942845,24.41768,23.82743,23.331861
"9402","9am",9.363032,20.254972,25.02598,32.2952,13.060816
"9403","9am",7.666115,15.088775,26.25032,28.5718,22.422989
"9404","9am",14.340998,23.443929,21.04855,29.66855,11.497971
"9405","9am",5.960901,13.236885,25.51727,27.83653,27.448416
"9406","9am",9.056139,18.106996,26.71882,22.56739,23.550654
"9407","9am",8.064372,12.877252,26.95472,28.59444,23.509213
"9408","9am",11.162012,12.101582,22.58433,31.25263,22.899453
"9409","9am",7.157378,10.586335,18.36508,35.7657,28.125501
"9410","9am",7.005498,15.14783,21.70806,26.12117,30.017441
"9411","9am",13.70625,15.838524,27.99727,34.09622,8.361738
"9412","9am",15.856393,17.394456,27.21103,29.08067,10.457444
"9413","9am",13.727075,24.581493,36.25405,11.04112,14.396263
"9414","9am",10.248763,19.936748,23.59721,25.95845,20.258833
"9501","9am",9.325677,10.03857,30.59796,26.53318,23.504609
"9502","9am",9.898598,20.908991,26.67122,26.27967,16.24152
"9503","9am",12.159826,19.135165,25.97262,30.05149,12.680892
"9504","9am",13.159123,15.417427,32.83612,27.04627,11.541055
"9505","9am",11.577656,19.837526,24.07752,31.98791,12.519386
"9506","9am",13.636063,23.445075,27.39045,23.18056,12.347851
"9507","9am",24.94059,18.713262,33.88734,15.23468,7.224124
"9508","9am",15.737698,14.861518,27.18555,27.55804,14.65719
"9509","9am",14.313946,16.756547,20.63556,33.90395,14.389995
"9510","9am",12.348359,12.705453,32.87476,27.62485,14.446578
"9511","9am",7.399806,17.583407,31.56178,19.76398,23.691025
"9512","9am",15.567514,13.079764,21.52984,25.41911,24.403774
"9513","9am",11.59297,19.778181,14.16679,35.22273,19.239327
"7501","10am",3.212707,7.145658,20.61627,27.12057,41.904804
"7502","10am",6.007633,5.866875,21.63937,24.67687,41.809259
"7503","10am",3.121051,8.844064,23.66456,27.71935,36.650978
"7504","10am",5.848521,11.182252,19.45983,33.25025,30.259146
"7505","10am",9.949114,8.102032,17.4425,23.21319,41.29316
"7506","10am",6.508783,9.120027,27.4797,25.91422,30.977266
"7507","10am",6.464686,8.039233,20.36685,29.52018,35.609054
"7508","10am",5.8431,6.19031,19.16966,32.07863,36.718297
"7509","10am",8.595148,6.349273,18.71088,26.57894,39.765762
"7510","10am",8.969588,6.718338,21.33219,27.92462,35.055256
"7511","10am",8.313383,6.965889,19.14844,30.82237,34.749915
"7512","10am",12.760552,16.196161,22.77054,24.21156,24.061183
"7513","10am",12.533095,9.851884,26.3251,26.61653,24.673391
"7514","10am",11.409935,10.561867,22.73992,26.26814,29.020132
"7701","10am",5.392381,18.879229,30.2016,32.24309,13.283695
