"district","hour","cspmen1","cspmen2","cspmen3","cspmen4","cspmen5"
"7501","4am",2.291142,6.043973,17.14562,31.029262,43.4900079
"7502","4am",14.406597,5.133996,12.51557,29.358767,38.5850714
"7503","4am",10.763177,5.920396,12.98258,29.312932,41.0209155
"7504","4am",11.345309,8.88397,16.41412,32.26313,31.0934725
"7505","4am",11.143134,10.578414,15.25734,27.648352,35.3727552
"7506","4am",10.418936,8.662896,23.04577,23.138044,34.7343487
"7507","4am",11.178169,5.188961,26.71923,27.242721,29.6709207
"7508","4am",9.779563,5.594855,19.67939,29.231994,35.7141956
"7509","4am",11.575361,8.046434,16.01465,32.352631,32.0109275
"7510","4am",15.639037,2.597356,15.66486,31.016764,35.0819796
"7511","4am",15.30344,8.182649,13.31912,29.279739,33.915053
"7512","4am",13.263126,8.927622,20.37401,28.630933,28.8043118
"7513","4am",19.241993,10.671854,26.59685,22.807764,20.6815342
"7514","4am",14.562306,9.878697,18.05845,31.649387,25.8511566
"7701","4am",7.297309,21.967455,33.15165,28.140512,9.4430772
"7702","4am",11.549194,23.700812,18.85373,36.696621,9.1996439
"7703","4am",10.529001,22.80272,33.79963,28.378672,4.489973
"7704","4am",20.826894,25.298796,32.87594,16.239813,4.758553
"7705","4am",6.090628,37.975478,23.25689,31.754032,0.9229723
"7706","4am",16.169236,27.659511,28.06572,26.471878,1.6336573
"7707","4am",22.571585,28.052311,23.43671,22.235725,3.7036726
"7708","4am",8.96976,19.135739,28.55511,32.267354,11.0720367
"7709","4am",14.737172,30.614868,29.01521,20.669172,4.9635766
"7710","4am",8.486839,28.38152,28.19759,26.110302,8.8237451
"7711","4am",8.982449,26.677827,42.30572,7.497592,14.5364105
"7712","4am",25.361055,20.781134,23.9741,23.982584,5.9011257
"7713","4am",20.237027,25.781558,26.80386,20.565795,6.6117552
"7714","4am",16.312311,19.558679,26.32515,26.060678,11.7431786
"7715","4am",21.055823,32.518551,22.72839,18.569338,5.1279005
"7716","4am",14.146284,25.367296,31.39903,21.561009,7.5263769
"7801","4am",5.241457,22.50349,25.35785,33.023707,13.8734925
"7802","4am",26.021557,3.630711,21.8178,30.997079,17.5328563
"7803","4am",13.117251,11.090628,29.27824,29.150768,17.3631113
"7804","4am",16.324934,18.492436,24.09015,28.368982,12.7235017
"7805","4am",16.266348,17.19838,28.99784,20.15299,17.384443
"7806","4am",14.275443,27.812053,26.97142,23.957037,6.984044
"7807","4am",26.920376,21.987918,26.17697,19.977254,4.9374821
"7808","4am",16.864619,23.568174,31.06277,21.72613,6.7783069
"7809","4am",15.802184,12.706706,33.35499,27.930438,10.2056801
"7810","4am",16.787018,14.821478,15.9629,46.411558,6.0170505
"7811","4am",12.173078,11.319461,18.25127,39.635202,18.6209928
"7812","4am",15.76318,2.847626,23.31828,35.457001,22.6139121
"7813","4am",23.676677,10.071772,28.68381,22.943343,14.6243939
"7814","4am",13.615104,8.592185,25.50842,37.281165,15.0031279
"7815","4am",16.333799,18.997901,26.57742,28.877055,9.2138266
"7816","4am",10.734945,19.504443,24.669,29.677574,15.4140359
"9101","4am",18.164455,23.819142,24.14366,25.414588,8.4581535
"9102","4am",12.300264,18.736126,27.89547,33.138808,7.9293319
"9103","4am",13.194194,24.266669,25.55321,27.272726,9.7132047
"9104","4am",10.220912,13.019088,32.04784,34.401266,10.3108912
"9105","4am",11.113705,23.990639,26.85285,26.001678,12.041126
"9106","4am",17.587753,26.360217,26.88364,18.810574,10.3578194
"9107","4am",14.335711,20.921486,21.77326,33.517578,9.451967
"9108","4am",14.286561,14.916285,29.75244,31.113662,9.9310554
"9109","4am",6.135456,21.664459,39.23098,22.362465,10.6066367
"9110","4am",20.417721,25.870476,30.71672,18.167511,4.8275726
"9111","4am",17.94473,19.188857,29.45136,19.989355,13.4256967
"9112","4am",10.494131,16.595879,26.31107,36.343196,10.2557232
"9113","4am",7.786446,12.628657,26.42587,34.107788,19.0512389
"9114","4am",14.119504,13.860759,13.15376,29.097859,29.7681215
"9201","4am",13.306422,21.235213,27.83811,24.267536,13.3527181
"9202","4am",13.628564,18.42566,27.12947,27.604134,13.2121681
"9203","4am",16.88819,8.718204,20.60697,28.990446,24.7961946
"9204","4am",16.135525,15.081985,32.00271,19.428313,17.3514655
"9205","4am",6.095375,12.792592,23.63274,24.432697,33.0465976
"9206","4am",12.534541,11.591904,20.93202,31.077625,23.8639127
"9207","4am",15.708231,2.139388,20.99951,32.201296,28.9515798
"9208","4am",11.872239,4.93614,20.97583,33.520672,28.6951215
"9209","4am",10.742667,6.937307,26.8166,31.707906,23.7955184
"9210","4am",10.474782,13.454501,17.4071,26.422729,32.240888
"9211","4am",13.297556,15.562449,30.84691,24.071668,16.2214215
"9212","4am",9.286004,13.825833,25.30366,28.7136,22.8709003
"9302","4am",9.416746,25.297507,35.74054,21.880475,7.6647346
"9303","4am",25.829759,22.625308,21.44313,20.596758,9.5050441
"9304","4am",18.847121,26.97675,22.46092,20.243055,11.4721548
"9305","4am",19.422321,28.814462,27.45297,15.894743,8.415505
"9306","4am",8.530578,20.460813,32.90531,25.971483,12.1318155
"9307","4am",31.149608,20.572231,25.1518,19.735691,3.3906707
"9308","4am",22.803632,34.724564,21.02831,14.114181,7.3293101
"9309","4am",21.280682,24.602931,29.185,19.759002,5.1723888
"9310","4am",22.402509,28.738174,27.82088,16.25179,4.7866474
"9311","4am",25.515509,28.72555,25.06188,16.450372,4.2466931
"9312","4am",27.802541,27.388624,23.67759,15.442336,5.6889126
"9402","4am",14.039403,30.191231,20.82025,23.834361,11.1147593
"9403","4am",9.992771,21.209731,24.66251,28.156319,15.9786682
"9404","4am",15.195837,24.305365,31.85019,19.905075,8.743535
"9405","4am",8.688677,18.334056,25.96722,37.166239,9.8438076
"9406","4am",16.837612,23.718416,28.77733,21.563102,9.1035425
"9407","4am",12.515612,19.53021,22.83008,27.474891,17.649204
"9408","4am",9.387258,15.329898,19.21761,36.79998,19.26525
"9409","4am",8.75596,10.00786,21.77893,33.738259,25.7189866
"9410","4am",15.493208,19.631787,32.58976,22.661127,9.6241191
"9411","4am",20.796287,25.18908,31.14302,17.127687,5.7439262
"9412","4am",15.213126,22.949442,25.68013,26.762075,9.3952256
"9413","4am",17.65479,24.985081,33.73582,17.297202,6.3271117
"9414","4am",16.38249,16.390405,27.72216,28.279165,11.2257811
"9501","4am",9.590887,23.158396,27.91254,32.244059,7.0941163
"9502","4am",16.964444,31.066763,21.99623,23.067449,6.9051135
"9503","4am",11.926121,29.743235,20.88269,30.902545,6.5454068
"9504","4am",12.180887,24.060314,22.6765,30.851782,10.230521
"9505","4am",16.168241,26.46283,34.3316,19.750599,3.2867286
"9506","4am",23.72969,32.021309,27.72337,10.879592,5.6460359
"9507","4am",26.645173,41.886358,21.18483,8.196795,2.0868443
"9508","4am",25.351475,19.930056,32.87848,16.045332,5.7946592
"9509","4am",13.999028,20.742136,26.52701,32.968654,5.7631721
"9510","4am",13.05013,18.656661,30.92577,28.795004,8.5724367
"9511","4am",7.281534,16.47007,27.4077,32.8828,15.9578917
"9512","4am",16.158876,12.552957,28.69633,27.137335,15.4545006
"9513","4am",17.079682,20.024175,17.05761,34.35737,11.4811599
"7501","5am",2.222113,6.585903,18.61632,30.395947,42.1797142
"7502","5am",14.342416,5.556623,12.45981,29.227974,38.4131753
"7503","5am",11.012655,7.74137,12.90349,28.482994,39.8594887
"7504","5am",10.723554,8.90681,15.90823,32.81262,31.6487859
"7505","5am",11.086415,10.886962,15.17968,27.654231,35.1927075
"7506","5am",10.771962,8.935513,22.75487,23.220419,34.3172345
"7507","5am",11.266397,5.165352,26.88419,26.778952,29.9051107
"7508","5am",9.36043,5.988105,19.64626,29.182781,35.8224222
"7509","5am",11.567508,8.370548,16.13168,31.941053,31.9892121
"7510","5am",16.067267,3.327118,15.54259,30.530754,34.5322708
"7511","5am",15.445071,8.76186,13.6214,28.805698,33.3659661
"7512","5am",13.080401,8.932534,20.52022,28.646687,28.8201618
"7513","5am",19.388499,10.627506,26.06428,23.324121,20.5955899
"7514","5am",14.846541,9.008483,18.13821,31.651036,26.3557331
"7701","5am",7.542242,23.718598,33.18008,25.799052,9.7600333
"7702","5am",11.716205,23.249082,18.8763,36.825735,9.3326791
"7703","5am",10.055915,23.095352,34.93606,27.457266,4.4554025
"7704","5am",21.271711,25.162632,32.11881,16.58666,4.8601853
"7705","5am",5.955835,38.000647,23.05782,32.007406,0.9782941
"7706","5am",16.379448,27.79317,28.88036,25.252558,1.694465
"7707","5am",22.602054,28.380753,22.46931,22.757329,3.790553
"7708","5am",8.443058,16.167326,29.43345,34.215615,11.7405517
"7709","5am",14.612589,32.878328,28.40211,19.185354,4.9216164
"7710","5am",8.039197,28.463858,28.59321,26.087648,8.8160895
"7711","5am",9.34313,24.921375,42.29229,8.911407,14.5317961
"7712","5am",24.606731,21.199625,23.70814,24.465546,6.0199627
"7713","5am",20.388437,25.330402,26.53997,20.944621,6.7965742
"7714","5am",16.635345,19.095845,25.95207,26.341015,11.9757294
"7715","5am",20.977579,31.908767,23.24687,18.621904,5.2448788
"7716","5am",14.350248,24.825085,31.63635,21.434315,7.754006
"7801","5am",5.373273,22.450799,25.03116,33.854209,13.2905611
"7802","5am",26.22019,3.204007,21.98434,30.924768,17.6666921
"7803","5am",13.126771,10.520481,29.01938,29.171924,18.1614487
"7804","5am",16.279742,18.258577,24.48295,28.290448,12.6882788
"7805","5am",16.477073,16.97714,29.11998,19.702808,17.7230016
"7806","5am",13.947137,28.167074,26.38016,24.54943,6.9561959
"7807","5am",27.876797,22.044429,26.54097,18.424902,5.1128998
"7808","5am",17.098649,21.908373,31.44589,22.520843,7.0262485
"7809","5am",14.727618,12.564577,33.50063,28.714866,10.4923072
"7810","5am",16.997898,15.007667,16.16342,45.738375,6.0926374
"7811","5am",12.553253,11.280359,18.53815,39.071569,18.5566681
"7812","5am",15.798889,2.854077,22.90406,35.777832,22.6651403
"7813","5am",25.088757,9.835039,28.16418,22.35193,14.5600906
"7814","5am",13.915141,7.929912,25.27125,37.549944,15.3337529
"7815","5am",16.596122,18.605723,27.00426,29.340826,8.4530716
"7816","5am",10.765839,18.365196,24.50756,30.647933,15.7134691
"9101","5am",17.734841,23.9349,24.82401,25.139612,8.3666395
"9102","5am",12.206313,19.10339,27.0933,33.493352,8.1036475
"9103","5am",13.468934,24.156038,25.78689,26.672673,9.9154607
"9104","5am",10.308405,13.172795,31.96013,34.159512,10.3991545
"9105","5am",11.245459,23.446837,27.17119,25.952636,12.1838745
"9106","5am",17.958291,25.661463,27.03955,19.206874,10.1338212
"9107","5am",13.942959,20.774471,22.37552,33.603772,9.3032777
"9108","5am",14.576479,13.643528,30.10989,31.53752,10.1325869
"9109","5am",6.243331,21.304791,39.60924,22.189673,10.6529617
"9110","5am",20.652112,26.119068,30.39215,17.860777,4.9758953
"9111","5am",17.402514,20.577119,28.84525,20.025727,13.1493933
"9112","5am",10.578476,16.843211,26.28065,35.959511,10.338152
"9113","5am",7.686675,11.986603,26.49791,34.537536,19.2912786
"9114","5am",14.119504,13.860759,13.15376,29.097859,29.7681215
"9201","5am",13.330979,21.777524,26.96476,24.549381,13.3773603
"9202","5am",13.75896,17.312662,28.12997,27.459823,13.3385808
"9203","5am",15.996136,8.865354,20.8133,29.280728,25.0444792
"9204","5am",15.985689,14.23537,31.48651,20.844656,17.4477762
"9205","5am",6.112335,11.954347,24.5345,24.260262,33.1385516
"9206","5am",12.645256,11.492864,21.38976,30.812102,23.6600227
"9207","5am",15.762929,2.146837,21.24474,31.793104,29.0523936
"9208","5am",11.860848,5.658211,20.32484,33.488511,28.6675899
"9209","5am",10.761866,7.115024,26.68115,31.603909,23.838046
"9210","5am",10.487338,13.689872,17.66449,26.454403,31.7039009
"9211","5am",13.359356,15.917535,30.65781,23.768493,16.29681
"9212","5am",9.141244,13.898292,25.10562,28.864084,22.9907637
"9302","5am",9.933983,23.73757,35.78042,22.527765,8.0202605
"9303","5am",25.653047,22.725861,21.40738,20.673333,9.5403824
"9304","5am",19.06411,27.97093,21.41469,19.946038,11.6042351
"9305","5am",19.18128,27.786575,28.0921,16.23028,8.7097619
"9306","5am",8.446122,20.460284,32.55494,26.268223,12.270429
"9307","5am",30.892758,20.056862,25.49533,20.06294,3.4921055
"9308","5am",24.328652,32.279757,21.48371,14.419843,7.4880368
"9309","5am",21.246359,23.913134,29.52519,20.109305,5.2060162
"9310","5am",22.59048,26.835812,28.99779,16.666983,4.9089344
"9311","5am",26.246239,27.715124,25.20788,16.401209,4.4295448
"9312","5am",28.172333,27.292042,23.07037,15.606176,5.8590827
"9402","5am",13.338299,30.434811,20.99139,23.757078,11.478421
"9403","5am",10.135407,20.860962,25.02627,27.920897,16.0564611
"9404","5am",15.598337,23.815095,32.39771,19.461049,8.7278084
"9405","5am",8.973695,19.5522,25.49388,36.112587,9.8676429
"9406","5am",16.672526,24.752732,27.39613,22.044543,9.1340677
"9407","5am",12.545362,18.39201,22.94717,28.165936,17.9495179
"9408","5am",9.567359,14.290576,19.00119,37.506012,19.6348668
"9409","5am",8.864067,10.051621,21.79327,33.93017,25.3608747
"9410","5am",15.645917,19.825289,31.92533,22.884488,9.7189798
"9411","5am",21.003602,25.01444,30.88234,17.298431,5.8011866
"9412","5am",14.961055,24.823888,23.87569,27.187628,9.1517354
"9413","5am",17.886684,24.692314,34.17893,16.831853,6.4102176
"9414","5am",17.537155,15.334492,27.37069,28.390521,11.3671423
"9501","5am",9.813969,21.904747,29.14504,32.065487,7.0707573
"9502","5am",17.03901,31.618934,21.42021,22.986383,6.9354645
"9503","5am",12.403316,28.814198,21.71826,30.256916,6.8073058
"9504","5am",12.529578,23.49359,22.02222,31.431233,10.5233809
"9505","5am",16.601581,25.512297,34.38507,20.308172,3.1928799
"9506","5am",22.392056,32.648122,28.16873,11.054362,5.7367344
"9507","5am",26.898031,41.91483,20.53084,8.549647,2.106648
"9508","5am",25.410271,19.786163,32.14705,16.645215,6.0113028
"9509","5am",14.019734,20.958465,26.5621,32.573288,5.8864177
"9510","5am",13.236906,19.28248,30.47095,28.469534,8.5401333
"9511","5am",7.295881,16.50252,27.26468,32.947588,15.989333
"9512","5am",16.590335,12.117702,27.94776,27.861931,15.4822761
"9513","5am",17.831156,19.330896,17.04183,34.32558,11.4705368
"7501","6am",2.166863,6.859378,19.23153,31.075765,40.666467
"7502","6am",14.835172,7.091739,12.40829,28.846597,36.818198
"7503","6am",10.820538,12.135396,15.71636,25.36901,35.958699
"7504","6am",9.4983,12.626125,15.97012,31.988278,29.917177
"7505","6am",11.372614,9.125382,15.00807,28.093536,36.400397
"7506","6am",12.419929,10.035074,23.60033,22.202153,31.742514
"7507","6am",10.958635,5.556708,27.09808,26.907617,29.478962
"7508","6am",9.306303,6.21662,20.34582,28.325441,35.805816
"7509","6am",12.216336,7.517954,16.18602,31.824543,32.255151
"7510","6am",16.036714,4.716868,15.52521,29.6816,34.039604
"7511","6am",15.658578,8.34772,13.7055,28.738233,33.549972
"7512","6am",12.976849,9.762948,20.596,27.934722,28.729478
"7513","6am",19.925779,8.584307,27.3486,22.392884,21.748432
"7514","6am",15.345849,8.086471,17.29314,33.253507,26.021031
"7701","6am",7.64041,27.917196,30.49312,24.628599,9.320673
"7702","6am",11.810304,22.593516,20.06841,36.37393,9.15384
"7703","6am",10.251076,23.521635,34.37906,26.71746,5.130767
"7704","6am",21.732616,25.40533,30.90701,16.730851,5.224192
"7705","6am",6.383133,40.272696,20.55646,31.739234,1.048481
"7706","6am",15.440271,27.179313,29.94267,25.606773,1.830977
"7707","6am",22.419669,27.814437,22.60417,23.544818,3.616909
"7708","6am",9.643171,13.993695,28.33401,37.017591,11.011537
"7709","6am",14.066321,32.107361,29.6312,18.845114,5.350004
"7710","6am",7.955692,28.75001,28.66948,25.982894,8.641926
"7711","6am",9.545897,24.498251,43.50599,8.660621,13.789243
"7712","6am",25.957963,20.392294,22.54627,24.752938,6.350538
"7713","6am",21.405172,23.68807,27.17787,20.726035,7.002851
"7714","6am",16.073711,19.060839,26.55906,26.418878,11.887507
"7715","6am",21.371454,33.462991,20.43682,19.262002,5.466732
"7716","6am",14.917959,23.262456,32.34364,21.140083,8.33586
"7801","6am",5.839797,20.601908,26.04267,34.333686,13.181934
"7802","6am",26.829458,3.516223,22.90502,29.549908,17.199391
"7803","6am",13.914114,10.086337,28.95755,30.082177,16.959819
"7804","6am",16.637327,19.38965,22.41245,28.479698,13.080878
"7805","6am",17.008303,18.513938,28.39958,18.633725,17.444451
"7806","6am",14.313288,27.39797,26.23089,24.737177,7.320674
"7807","6am",25.995413,21.956157,26.41108,20.334334,5.303014
"7808","6am",18.163275,22.450578,32.00209,21.449772,5.934289
"7809","6am",14.299022,13.654644,32.01396,29.483798,10.54858
"7810","6am",16.045379,13.992651,16.6504,47.241011,6.070564
"7811","6am",14.137572,10.678758,17.1157,39.225587,18.842378
"7812","6am",15.353007,2.838236,23.51345,35.242934,23.052371
"7813","6am",25.524665,10.966684,28.62096,20.01483,14.87286
"7814","6am",14.310019,8.173694,25.60084,36.34656,15.568883
"7815","6am",16.188782,18.162106,27.96638,28.56112,9.121617
"7816","6am",11.312168,17.568048,26.00047,29.493646,15.625672
"9101","6am",17.820298,24.841958,23.37666,25.794424,8.166662
"9102","6am",13.822039,17.506784,26.86522,34.314446,7.49151
"9103","6am",13.896858,23.132325,25.86569,26.350683,10.754443
"9104","6am",11.915048,13.991558,31.5058,31.653605,10.933988
"9105","6am",11.438961,23.524784,26.64641,26.174707,12.215135
"9106","6am",18.512751,24.396289,28.15797,18.209413,10.723574
"9107","6am",14.111106,20.430081,22.11708,33.797615,9.544115
"9108","6am",15.249842,12.841788,31.26157,30.418477,10.228324
"9109","6am",5.858845,22.309865,38.24814,22.063301,11.519844
"9110","6am",21.929125,25.875058,30.62531,16.30527,5.265234
"9111","6am",16.360811,22.197925,28.40981,20.895782,12.135667
"9112","6am",9.771719,17.995211,26.18821,34.907006,11.137853
"9113","6am",7.544843,12.716355,25.29904,35.058661,19.381105
"9114","6am",15.002283,13.034226,11.97609,28.985391,31.002012
"9201","6am",11.477641,22.599406,26.64812,25.170304,14.104531
"9202","6am",13.104957,16.52787,27.78728,29.1264,13.453495
"9203","6am",15.73551,8.962814,22.00499,29.990568,23.30612
"9204","6am",14.827762,18.665646,29.14479,20.862497,16.499301
"9205","6am",6.023377,11.954788,24.81625,24.674971,32.530612
"9206","6am",12.380654,10.966301,21.69928,30.821309,24.132452
"9207","6am",14.925766,2.202402,21.79459,32.518575,28.558667
"9208","6am",12.005755,6.088296,20.52831,33.117702,28.259934
"9209","6am",10.229165,6.666351,26.17252,32.372904,24.559057
"9210","6am",10.929089,12.487147,17.42877,27.317367,31.837625
"9211","6am",13.182134,15.235263,31.41005,24.107313,16.065237
"9212","6am",9.033791,13.666657,24.45659,29.524465,23.318501
"9302","6am",10.695303,23.27108,36.43329,20.561562,9.038764
"9303","6am",26.452881,22.954091,20.47737,20.142266,9.973391
"9304","6am",18.634205,26.099369,22.18628,21.287636,11.792514
"9305","6am",19.613987,26.425385,28.18022,16.613858,9.166546
"9306","6am",8.590119,19.254926,33.44956,26.907043,11.798356
"9307","6am",31.643185,18.633296,25.60203,20.374962,3.746526
"9308","6am",22.300336,33.639729,21.47735,14.754467,7.828122
"9309","6am",21.370822,22.978516,30.89631,19.8736,4.880748
"9310","6am",23.429444,25.524442,29.67753,16.192863,5.175717
"9311","6am",27.332826,27.226866,24.93365,16.028423,4.478233
"9312","6am",27.434076,27.212214,23.03584,16.499262,5.818605
"9402","6am",12.972038,29.992259,21.30836,24.132035,11.595311
"9403","6am",9.282541,23.034471,25.47503,26.384726,15.823228
"9404","6am",15.872535,23.191803,31.18905,20.21703,9.529577
"9405","6am",10.517724,18.923893,26.82555,33.718655,10.014173
"9406","6am",16.759943,25.741901,27.46184,21.169406,8.866908
"9407","6am",12.401406,18.075343,22.04613,28.812688,18.664437
"9408","6am",10.082125,12.099556,20.60521,37.807415,19.405689
"9409","6am",9.086871,10.611973,22.38584,33.364652,24.550668
"9410","6am",14.388206,21.505725,31.07632,23.175033,9.854718
"9411","6am",19.767966,23.581432,31.77433,19.448823,5.427446
"9412","6am",15.716084,23.398866,23.56698,27.70448,9.61359
"9413","6am",20.178333,21.899069,34.49436,17.050944,6.377291
"9414","6am",18.21016,13.636792,26.81702,28.62745,12.708577
"9501","6am",10.775909,21.163639,28.35193,32.235252,7.473268
"9502","6am",17.177276,31.075908,21.059,23.393451,7.294367
"9503","6am",12.710462,29.614296,22.8374,28.314247,6.523599
"9504","6am",12.804926,24.187134,22.99574,29.352355,10.659847
"9505","6am",15.463885,25.333336,33.85984,21.431824,3.911117
"9506","6am",21.620539,32.696065,28.52961,11.382594,5.771193
"9507","6am",26.675217,40.087877,22.00831,8.946128,2.282469
"9508","6am",26.598074,18.767508,32.07028,17.085958,5.478178
"9509","6am",13.25435,21.129006,26.69482,33.357131,5.564693
"9510","6am",13.909911,17.896323,30.66073,28.240208,9.292831
"9511","6am",7.756573,15.536692,28.39128,31.31649,16.998966
"9512","6am",16.782282,12.223142,27.6171,27.341695,16.035783
"9513","6am",17.591476,21.104817,15.92359,34.098106,11.282008
"7501","7am",4.578647,9.779106,19.13025,30.705381,35.806617
"7502","7am",15.198962,8.684414,13.61855,28.283858,34.214218
"7503","7am",13.051118,13.869869,17.38911,24.476603,31.213303
"7504","7am",8.967281,14.478184,18.07321,31.461931,27.019395
"7505","7am",12.346298,9.300309,16.19063,27.299561,34.863205
"7506","7am",12.817931,11.542597,24.66821,24.858886,26.112372
"7507","7am",10.105985,7.427101,26.28879,27.838183,28.339936
"7508","7am",9.563327,7.647104,20.49208,28.096777,34.200716
"7509","7am",12.927507,7.221623,18.15855,31.45149,30.240834
"7510","7am",14.63135,6.874876,17.0949,30.066991,31.331887
"7511","7am",14.104456,10.21036,14.52442,30.841946,30.318819
"7512","7am",13.33796,13.071763,20.15213,25.331455,28.106689
"7513","7am",21.612504,10.230028,25.79129,22.582114,19.784061
"7514","7am",16.577175,8.986151,18.85647,30.299914,25.280286
"7701","7am",7.381414,31.148352,32.51154,21.332067,7.626631
"7702","7am",13.031049,20.77862,21.91653,34.567673,9.706132
"7703","7am",10.55723,29.362839,30.41105,24.586998,5.081882
"7704","7am",22.02315,26.428529,30.95661,16.463265,4.128443
"7705","7am",9.338463,41.466022,17.30966,29.620509,2.26535
"7706","7am",19.252343,26.717996,29.62296,23.03506,1.371636
"7707","7am",20.700405,28.529502,22.86194,24.499316,3.408835
"7708","7am",11.551639,15.841548,27.16536,32.313034,13.128423
"7709","7am",14.905693,33.553714,26.19915,20.871166,4.47028
"7710","7am",9.560901,28.153273,28.13287,22.095928,12.057025
"7711","7am",11.708254,28.033609,39.06992,5.898041,15.290172
"7712","7am",25.836841,22.999291,21.40501,24.596262,5.162592
"7713","7am",22.670814,25.088401,27.23831,18.443996,6.558477
"7714","7am",15.759505,18.672473,26.21546,26.571057,12.78151
"7715","7am",22.693841,33.93612,20.72621,17.028073,5.615756
"7716","7am",16.0975,23.990891,30.92569,22.256202,6.729722
"7801","7am",6.489569,16.354059,28.67595,34.814857,13.665564
"7802","7am",24.0348,6.21675,23.52343,28.777469,17.447554
"7803","7am",17.328162,13.844574,27.11889,25.165637,16.542735
"7804","7am",19.15772,19.243294,21.32809,25.732597,14.538303
"7805","7am",17.904795,20.473242,25.94536,18.693401,16.983203
"7806","7am",16.656538,26.964927,26.82089,22.700714,6.856927
"7807","7am",25.551708,21.494517,28.60231,19.376104,4.975358
"7808","7am",19.458117,25.813708,28.87902,19.10961,6.739547
"7809","7am",14.775042,14.898232,30.71306,28.212948,11.400716
"7810","7am",18.08978,15.872559,15.6609,45.312303,5.064461
"7811","7am",14.635139,9.716304,16.4579,41.211141,17.979515
"7812","7am",13.742216,5.243407,21.8275,35.058154,24.128727
"7813","7am",23.405808,12.421618,34.20031,15.584583,14.38768
"7814","7am",13.599114,10.580918,24.87354,36.277965,14.668462
"7815","7am",18.570319,15.812437,26.05716,29.123644,10.436445
"7816","7am",11.514485,16.965535,25.14711,30.795637,15.577231
"9101","7am",17.236267,24.606317,21.96167,26.899293,9.296457
"9102","7am",12.631555,18.729735,28.71634,31.781195,8.141178
"9103","7am",16.974526,22.435614,25.57443,24.448768,10.566657
"9104","7am",14.704824,13.473399,31.88225,29.923376,10.016151
"9105","7am",14.008958,24.488065,29.12185,21.558466,10.822657
"9106","7am",18.922918,24.367368,32.3604,15.240476,9.108834
"9107","7am",13.672885,24.266325,20.91818,32.018625,9.123981
"9108","7am",17.407674,13.92868,33.95216,25.431096,9.280392
"9109","7am",6.543159,20.550785,38.61913,23.390082,10.896845
"9110","7am",23.782088,26.313114,29.15728,14.258363,6.489158
"9111","7am",19.638834,24.569633,24.4615,19.723098,11.606932
"9112","7am",9.536271,18.666409,27.18362,32.856961,11.756742
"9113","7am",8.213983,11.240124,26.25082,34.093851,20.201227
"9114","7am",16.215529,14.781869,12.83465,29.408084,26.759865
"9201","7am",11.648935,21.782382,26.90684,26.050235,13.611611
"9202","7am",14.749242,16.354343,28.49493,27.896786,12.504697
"9203","7am",16.998055,11.40069,21.34188,29.270806,20.988565
"9204","7am",15.609817,18.651321,28.86833,21.375175,15.495357
"9205","7am",6.906914,12.005027,27.62776,24.44304,29.017256
"9206","7am",11.337813,12.440724,23.45321,32.92281,19.845445
"9207","7am",14.472959,3.108204,20.48587,31.236833,30.696132
"9208","7am",12.562726,6.533225,21.49975,31.72627,27.678024
"9209","7am",10.072613,7.36652,27.49687,33.199221,21.864773
"9210","7am",12.214912,14.710663,16.88829,26.899177,29.286956
"9211","7am",12.456391,17.871185,30.0316,23.081509,16.559316
"9212","7am",10.045593,12.755804,24.58517,28.559978,24.053455
"9302","7am",11.657584,24.730293,33.39668,21.036853,9.178587
"9303","7am",26.526804,24.159931,20.60475,18.857491,9.851027
"9304","7am",17.978909,26.870641,23.05411,20.128892,11.967452
"9305","7am",24.145978,24.117421,28.7101,14.991851,8.034649
"9306","7am",9.746039,18.445722,34.57262,26.030031,11.205593
"9307","7am",35.214468,14.915648,27.16363,19.944416,2.761841
"9308","7am",22.082708,36.378229,18.90368,14.493584,8.141798
"9309","7am",23.876243,23.853777,28.4049,19.745666,4.119415
"9310","7am",23.266861,25.275253,29.18959,18.035437,4.232858
"9311","7am",27.697856,27.694822,23.80121,16.337901,4.468216
"9312","7am",25.938314,24.074837,24.58577,19.523312,5.877763
"9402","7am",15.722946,30.126519,21.19712,23.896982,9.056438
"9403","7am",8.923575,24.847835,24.20946,26.444642,15.574489
"9404","7am",15.078447,27.294077,27.31543,20.586191,9.725853
"9405","7am",12.449719,20.339525,26.23009,32.575363,8.405302
"9406","7am",17.473917,25.037329,25.87846,22.880842,8.729452
"9407","7am",12.291452,19.647095,21.75951,26.900022,19.401918
"9408","7am",10.867164,12.308338,21.76384,37.442193,17.618462
"9409","7am",7.964966,12.53473,24.73738,33.779225,20.983696
"9410","7am",16.641761,20.889278,29.8568,20.906955,11.705203
"9411","7am",20.439048,21.536962,32.06571,19.031898,6.926386
"9412","7am",17.555028,27.889179,18.68674,29.149983,6.719069
"9413","7am",20.902318,25.775732,36.768,10.50492,6.049027
"9414","7am",21.622666,15.482827,26.66679,25.934163,10.293549
"9501","7am",10.977228,23.609774,25.81502,32.639892,6.958083
"9502","7am",19.153191,31.175183,21.18024,21.355631,7.135759
"9503","7am",16.325984,30.400701,21.74411,25.997253,5.531947
"9504","7am",14.9856,22.183089,24.5878,30.873556,7.369959
"9505","7am",17.131195,24.058049,31.53704,22.973514,4.300199
"9506","7am",24.670102,31.327608,24.78971,10.706007,8.50657
"9507","7am",29.498868,40.337288,19.75263,7.393888,3.017325
"9508","7am",27.98478,16.210204,30.84089,18.203297,6.760824
"9509","7am",15.217538,22.299728,25.89307,31.608659,4.98101
"9510","7am",14.904222,18.768973,32.82755,25.929976,7.569282
"9511","7am",9.789079,15.803487,30.01332,29.06276,15.331356
"9512","7am",18.109102,13.430543,25.39488,24.615789,18.449683
"9513","7am",17.75289,23.408329,15.40855,32.879756,10.550474
"7501","8am",6.340318,9.270212,22.63919,28.189195,33.561082
"7502","8am",12.462544,10.057508,19.36283,27.630923,30.486192
"7503","8am",11.966358,11.921258,24.81078,27.188011,24.113593
"7504","8am",9.714648,13.567907,19.74578,33.209228,23.762432
"7505","8am",12.413364,9.664272,17.58429,29.700577,30.637495
"7506","8am",13.70344,13.1699,27.13458,24.593751,21.398329
"7507","8am",10.07229,9.487322,24.56689,28.629102,27.244395
"7508","8am",11.157957,8.622867,23.05246,29.207307,27.959409
"7509","8am",12.247824,7.354906,20.83495,30.085393,29.476929
"7510","8am",16.508703,9.552614,18.22552,29.277681,26.43548
"7511","8am",12.768687,13.596694,18.04521,28.515704,27.073702
"7512","8am",17.574913,15.130449,21.85025,23.483193,21.961193
"7513","8am",22.24407,9.041672,27.54238,23.350653,17.821223
"7514","8am",17.725636,12.292296,19.35428,27.621655,23.006133
"7701","8am",7.213348,30.09843,30.67433,24.459035,7.554861
"7702","8am",11.83749,18.974477,24.33919,34.031869,10.816974
"7703","8am",10.973465,30.744062,29.39705,20.510352,8.375073
"7704","8am",18.41851,27.678928,29.33356,18.253863,6.315139
"7705","8am",12.554494,39.924243,14.25092,31.898034,1.372306
"7706","8am",17.817137,26.39933,30.41419,23.905111,1.464233
"7707","8am",19.999512,29.719586,22.14109,23.889487,4.250325
"7708","8am",12.136751,14.082465,29.10852,35.603101,9.069166
"7709","8am",12.494963,35.207703,27.89297,20.064097,4.340268
"7710","8am",12.207124,29.553395,27.81395,17.93614,12.489388
"7711","8am",13.328457,29.649477,33.69299,11.649919,11.679159
"7712","8am",26.041776,22.955389,19.13156,25.778413,6.092859
"7713","8am",22.640255,25.811586,25.94575,18.735538,6.866875
"7714","8am",16.509809,17.338409,29.76068,23.450186,12.940919
"7715","8am",24.130879,35.232179,19.14936,15.532992,5.95459
"7716","8am",14.374872,21.328592,35.69838,18.489283,10.108872
"7801","8am",8.785895,18.542479,32.38225,26.940209,13.349169
"7802","8am",23.023807,5.669093,27.52747,32.435033,11.344594
"7803","8am",16.52657,16.138494,26.17204,25.625445,15.537451
"7804","8am",17.814433,22.799762,20.61487,26.752331,12.018603
"7805","8am",18.950434,19.994924,28.38457,21.599631,11.070445
"7806","8am",17.286325,27.091581,27.20667,21.5589,6.856526
"7807","8am",25.141772,21.844577,29.87378,20.003338,3.136536
"7808","8am",19.262469,27.556063,26.51914,16.805587,9.856744
"7809","8am",13.623948,14.820083,28.80498,34.320085,8.430904
"7810","8am",19.377242,11.891991,16.2397,47.398044,5.093028
"7811","8am",13.971194,6.752989,16.09457,44.627632,18.553611
"7812","8am",11.625531,6.753289,24.90062,34.276364,22.444192
"7813","8am",23.067911,11.833427,36.79719,17.72388,10.57759
"7814","8am",16.739725,9.89118,23.80871,39.183181,10.377205
"7815","8am",18.752127,19.33023,26.48044,28.79741,6.63979
"7816","8am",11.937541,15.234105,26.6356,26.936913,19.255844
"9101","8am",19.563586,22.706878,21.18729,25.599567,10.942682
"9102","8am",12.385027,18.696579,24.55746,34.343746,10.017193
"9103","8am",16.934745,23.376504,26.87413,21.94705,10.86757
"9104","8am",16.816639,12.922462,38.3724,22.019409,9.869085
"9105","8am",14.62363,22.463647,28.14555,24.547086,10.220088
"9106","8am",19.649704,23.970223,31.60584,15.91702,8.857211
"9107","8am",14.409757,25.571173,21.87292,30.305506,7.840646
"9108","8am",18.291595,15.410616,35.83968,21.925058,8.533053
"9109","8am",7.671007,22.080362,36.8769,23.702937,9.668798
"9110","8am",24.22907,26.736883,27.46564,17.229422,4.338983
"9111","8am",17.942419,22.435131,25.65381,21.750232,12.218405
"9112","8am",9.570565,21.70731,25.51518,32.554591,10.652357
"9113","8am",7.992989,14.083232,26.77392,32.557945,18.591917
"9114","8am",18.878671,12.336455,12.76705,28.486352,27.531475
"9201","8am",11.566236,23.72076,28.29261,27.306824,9.113565
"9202","8am",14.397773,15.423213,29.24265,22.492312,18.44405
"9203","8am",16.300571,12.327292,24.18032,29.36493,17.826884
"9204","8am",15.105091,16.93239,29.05516,25.292473,13.614884
"9205","8am",8.088581,11.83366,24.03942,25.206875,30.831458
"9206","8am",10.674072,12.628722,28.58691,29.490427,18.619868
"9207","8am",14.608525,6.57355,20.58491,32.862919,25.370095
"9208","8am",11.742593,7.665554,20.21491,36.578053,23.798892
"9209","8am",10.185121,9.485715,27.29305,32.01977,21.016342
"9210","8am",10.32476,16.740918,17.74976,29.255597,25.928965
"9211","8am",10.929196,20.543023,27.79504,20.566483,20.16626
"9212","8am",12.838329,11.542005,22.64389,26.846829,26.128945
"9302","8am",12.77767,23.880429,33.89639,22.024956,7.420556
"9303","8am",24.871059,24.847497,19.28692,22.404313,8.590209
"9304","8am",15.592242,26.368573,23.73925,23.042827,11.257106
"9305","8am",22.460627,28.463854,27.16734,12.985412,8.922763
"9306","8am",10.626286,20.74359,37.84492,24.191557,6.59365
"9307","8am",36.258439,16.644355,23.29053,20.39332,3.413351
"9308","8am",25.159955,38.916071,17.51334,11.216899,7.193736
"9309","8am",23.654099,22.025746,28.13937,20.180529,6.000257
"9310","8am",20.904393,26.495926,30.834,17.226188,4.539495
"9311","8am",28.550949,23.710809,23.50169,18.130471,6.106082
"9312","8am",24.069875,21.418888,24.3277,20.770997,9.412545
"9402","8am",16.264482,28.344664,20.81454,26.866704,7.709614
"9403","8am",9.393822,26.364316,24.34366,27.033319,12.864881
"9404","8am",16.507721,27.089933,25.79704,19.725136,10.880168
"9405","8am",13.246775,18.194637,25.0554,30.43171,13.071478
"9406","8am",14.615827,23.560441,26.18618,21.817309,13.82024
"9407","8am",10.627526,23.118265,25.51332,26.429382,14.311503
"9408","8am",13.237646,12.591279,24.07357,30.899991,19.197516
"9409","8am",9.587925,14.530345,23.52444,35.377228,16.980066
"9410","8am",14.707062,18.818995,29.65177,25.70821,11.113965
"9411","8am",23.17492,21.479551,27.87081,21.578769,5.895953
"9412","8am",19.049622,27.752177,22.01896,27.243237,3.935998
"9413","8am",22.566481,23.99813,34.399,9.383035,9.653352
"9414","8am",23.260711,16.025319,29.19194,20.759954,10.762076
"9501","8am",10.92775,24.246775,24.49853,30.385568,9.941382
"9502","8am",17.102956,30.821187,22.63751,22.633113,6.805236
"9503","8am",15.786198,30.820788,22.1428,26.849833,4.400383
"9504","8am",19.148893,21.430456,26.47216,25.573761,7.37473
"9505","8am",16.400282,24.071112,26.3442,28.035568,5.148843
"9506","8am",22.075712,31.093072,27.01404,12.108789,7.708391
"9507","8am",29.780583,37.138148,18.79703,10.256871,4.027364
"9508","8am",28.046626,17.540879,25.02669,22.639205,6.746602
"9509","8am",16.593619,23.433721,23.64799,32.57559,3.749083
"9510","8am",15.652559,21.210673,34.03681,23.837592,5.262368
"9511","8am",11.594812,19.337472,30.94991,22.139243,15.978565
"9512","8am",18.388774,13.1833,26.73036,21.88633,19.811232
"9513","8am",18.945886,26.284959,15.07303,29.570433,10.125691
"7501","9am",7.305867,10.610107,23.85161,28.240744,29.991667
"7502","9am",10.535134,8.717744,22.56904,26.669997,31.508085
"7503","9am",10.374027,11.580024,23.5234,28.910286,25.612263
"7504","9am",10.266935,13.345213,19.48249,36.28746,20.617902
"7505","9am",12.440864,9.984286,18.31119,28.438965,30.824693
"7506","9am",11.731791,14.315524,27.06035,27.669872,19.222463
"7507","9am",9.636753,10.032533,23.50473,28.77744,28.048541
"7508","9am",10.937991,9.338217,20.08705,32.073861,27.562876
"7509","9am",11.828619,7.705977,20.19543,33.598063,26.671913
"7510","9am",14.102809,10.222508,19.33543,34.099666,22.239591
"7511","9am",12.300683,11.578732,17.51295,30.813508,27.794128
"7512","9am",16.313952,17.439349,25.09076,22.232561,18.923377
"7513","9am",22.513669,10.253315,26.13833,24.126369,16.968316
"7514","9am",18.309362,12.103145,20.43342,25.625788,23.52828
"7701","9am",7.426763,29.348732,31.47111,24.769661,6.983733
"7702","9am",11.146833,16.639588,23.77377,34.213888,14.225918
"7703","9am",11.041048,30.787783,26.17762,21.49667,10.496879
"7704","9am",17.302415,27.432331,30.2808,18.768029,6.216427
"7705","9am",12.058133,38.107768,19.19246,29.249341,1.392295
"7706","9am",16.768759,26.613837,31.5256,23.579939,1.51187
"7707","9am",17.796453,31.071598,20.16662,26.615723,4.349609
"7708","9am",12.151608,14.867824,29.6654,35.108368,8.206798
"7709","9am",12.838138,33.530921,27.9595,21.891704,3.779733
"7710","9am",11.531019,28.558234,29.18182,16.76451,13.964416
"7711","9am",12.600305,29.329186,33.83728,11.822984,12.410247
"7712","9am",25.562786,20.590442,21.0861,25.53546,7.225213
"7713","9am",22.822448,26.086208,25.59046,18.709573,6.791314
"7714","9am",16.691962,18.906318,29.79918,21.469452,13.133091
"7715","9am",22.720786,34.72522,18.66127,18.233484,5.659244
"7716","9am",13.977053,20.941847,35.1873,19.370146,10.523651
"7801","9am",9.328629,20.96476,30.10589,27.352209,12.248508
"7802","9am",23.275281,7.610976,24.03334,32.295897,12.784505
"7803","9am",17.613519,14.912038,28.29712,23.16983,16.007492
"7804","9am",14.790314,23.301201,22.12574,29.16253,10.620214
"7805","9am",20.710184,19.712091,24.37637,22.115054,13.086298
"7806","9am",17.047792,25.801961,27.41774,22.323869,7.408634
"7807","9am",23.450346,23.856809,27.9361,21.044932,3.711817
"7808","9am",19.167167,25.310273,27.51754,18.087061,9.917957
"7809","9am",13.486884,14.838982,27.94318,34.527691,9.203258
"7810","9am",17.297617,11.938543,14.54326,51.107615,5.112965
"7811","9am",12.685595,9.489579,15.4858,43.540793,18.798237
"7812","9am",12.791497,7.632886,23.41711,34.228757,21.929748
"7813","9am",24.667521,11.824007,35.93556,18.28016,9.292749
"7814","9am",15.331911,11.559915,20.31235,41.274744,11.521078
"7815","9am",19.561926,20.019384,28.89905,23.318348,8.201296
"7816","9am",11.298078,13.922525,26.44703,26.532368,21.799999
"9101","9am",17.413987,22.278679,21.09878,25.575939,13.63261
"9102","9am",12.523226,22.217553,22.53904,32.868294,9.851884
"9103","9am",17.121316,22.310256,29.12503,21.032604,10.410797
"9104","9am",18.895999,11.563241,38.99087,21.301973,9.247915
"9105","9am",13.455672,24.448955,26.48782,25.420953,10.1866
"9106","9am",20.209666,25.020015,32.45468,14.463217,7.852418
"9107","9am",14.020261,24.686224,19.98461,35.073276,6.235625
"9108","9am",17.480084,19.137016,34.74732,19.465192,9.170384
"9109","9am",6.289081,20.755576,36.77628,26.073605,10.105463
"9110","9am",21.468565,27.71263,26.01221,19.079392,5.727205
"9111","9am",15.888503,21.944272,26.11636,22.361722,13.689139
"9112","9am",11.439063,21.786863,28.18228,27.609677,10.982113
"9113","9am",7.274996,14.224096,25.38978,30.440436,22.670691
"9114","9am",18.620716,11.9988,12.96888,26.124002,30.2876
"9201","9am",12.719004,22.555857,27.04724,27.176265,10.501629
"9202","9am",16.069269,14.414055,28.33514,23.508181,17.673357
"9203","9am",14.543575,12.632069,23.93573,28.75294,20.135691
"9204","9am",13.274675,14.952672,29.43168,26.942822,15.398152
"9205","9am",7.890222,10.452708,21.05909,25.613761,34.984222
"9206","9am",10.621391,12.385277,26.74414,33.008342,17.240851
"9207","9am",14.882029,8.27879,20.17701,30.868491,25.793679
"9208","9am",11.117489,9.189308,20.43146,33.632711,25.629035
"9209","9am",9.83107,8.812101,26.57615,32.161156,22.619519
"9210","9am",10.988646,14.936237,15.78232,32.016941,26.275858
"9211","9am",10.394006,19.094969,25.78501,24.707926,20.018092
"9212","9am",12.257176,10.598421,23.31219,27.40871,26.423501
"9302","9am",13.129999,27.168292,33.65534,21.155938,4.890428
"9303","9am",23.241339,21.229627,18.71671,25.737602,11.074719
"9304","9am",15.928377,23.701646,20.4421,25.60268,14.325196
"9305","9am",23.044975,28.762972,26.26602,14.31321,7.612826
"9306","9am",11.238971,20.89086,37.01565,23.124818,7.729705
"9307","9am",38.343264,17.567834,21.63841,20.064999,2.385489
"9308","9am",25.014256,38.035284,19.60344,9.621013,7.726006
"9309","9am",21.79282,22.192449,29.87558,19.950433,6.188716
"9310","9am",21.142328,26.887171,29.96464,17.452174,4.553686
"9311","9am",29.901975,24.591711,21.99241,17.237943,6.27596
"9312","9am",21.353413,18.636253,24.24957,21.361027,14.399734
"9402","9am",16.684863,27.095154,19.76681,30.133235,6.319932
"9403","9am",9.778751,25.054687,24.19825,25.075721,15.892591
"9404","9am",16.546146,27.820544,24.187,22.374146,9.072168
"9405","9am",11.532927,17.989965,25.44468,28.787958,16.244467
"9406","9am",14.133822,22.842819,26.03061,21.950072,15.042673
"9407","9am",11.238736,20.946534,25.3864,25.825564,16.602762
"9408","9am",13.347988,15.83123,23.89663,30.178136,16.746018
"9409","9am",10.4152,14.633078,22.29841,35.464453,17.188858
"9410","9am",14.925861,18.294568,29.86161,23.058254,13.859702
"9411","9am",21.740839,22.085416,27.39448,23.582685,5.19658
"9412","9am",21.586918,24.660794,22.97779,25.19356,5.580941
"9413","9am",20.440024,25.407094,35.8579,11.289547,7.005437
"9414","9am",20.074676,25.232595,25.39235,17.705221,11.595157
"9501","9am",10.961512,22.626478,24.11381,31.747439,10.550762
"9502","9am",16.573773,29.697017,22.89781,20.643323,10.18808
"9503","9am",15.529011,30.365971,21.28348,28.018845,4.802697
"9504","9am",20.449828,21.908712,28.50926,23.407559,5.724642
"9505","9am",15.597696,24.991733,26.54477,26.163672,6.702128
"9506","9am",23.226701,29.349278,28.1804,13.930729,5.312896
"9507","9am",29.29453,33.83319,21.82223,11.127816,3.922239
"9508","9am",28.84295,16.825188,25.79511,21.496663,7.040086
"9509","9am",15.841293,22.704674,25.66755,32.929086,2.857399
"9510","9am",15.487026,20.834405,34.37978,23.415556,5.883229
"9511","9am",12.507877,24.240581,30.5114,17.379248,15.36089
"9512","9am",19.673615,13.881978,24.33117,22.95369,19.159548
