"district","hour","dep1","dep2","dep3","dep4","dep5"
"7501","4am",99.3948655,0,0,0.4557295,0.149405
"7502","4am",97.6424832,0,0.6562406,1.2892316,0.4120447
"7503","4am",98.4832811,0,0,0.2560574,1.2606615
"7504","4am",96.9974492,1.0724124,0,0.7810911,1.1490473
"7505","4am",99.4578317,0,0,0.4332753,0.1088931
"7506","4am",98.7758414,0.5101234,0,0,0.7140353
"7507","4am",96.9484181,0.6323497,0.9529006,0.6562378,0.8100938
"7508","4am",97.1040693,0.4399017,0.6884038,0,1.7676253
"7509","4am",98.2598138,0,0,0.8047908,0.9353955
"7510","4am",99.395677,0,0.2896684,0,0.3146546
"7511","4am",98.7670039,0.9641884,0,0.2688077,0
"7512","4am",99.3594666,0.5267507,0,0,0.1137827
"7513","4am",99.2820956,0,0.1677993,0,0.5501051
"7514","4am",99.256506,0,0,0.2372887,0.5062053
"7701","4am",0,0.5235592,0.2335481,0,99.2428927
"7702","4am",0.585556,39.5460339,31.85053,0,28.0178802
"7703","4am",0.5873708,0,0.3377577,0.9012355,98.173636
"7704","4am",0,0,0,0,100
"7705","4am",0,0.3024303,0,0,99.6975697
"7706","4am",0,0,0,0,100
"7707","4am",0,0,0,0,100
"7708","4am",0,0.8208406,0,0,99.1791594
"7709","4am",0,0,0.359749,0,99.640251
"7710","4am",0,0,0,0,100
"7711","4am",0,0,0,0,100
"7712","4am",0.8170428,0,0,0,99.1829572
"7713","4am",0,0,0,1.1412887,98.8587113
"7714","4am",0,0,0,0,100
"7715","4am",0,0,0,0,100
"7716","4am",0,0,0,0,100
"7801","4am",0,0.7087964,0,0,99.2912036
"7802","4am",0,0.5627339,0,0,99.4372661
"7803","4am",0.6520822,0.4504977,0.1409486,0.166276,98.5901954
"7804","4am",0.8446862,1.894341,0,0,97.2609728
"7805","4am",0,0,0,0,100
"7806","4am",0,0,0.1191807,0,99.8808193
"7807","4am",0,0.3939057,0,1.2688772,98.3372172
"7808","4am",0,0,0,0,100
"7809","4am",2.2736265,0,0,0,97.7263735
"7810","4am",0,0,0,0,100
"7811","4am",1.070152,0,0,0,98.929848
"7812","4am",0,0.4257645,0,0,99.5742355
"7813","4am",0,0,0,0,100
"7814","4am",0,0,0,0,100
"7815","4am",0,0,5.1536169,0.3735431,94.47284
"7816","4am",0,0,0,0,100
"9101","4am",0,0,0,0,100
"9102","4am",0.8160249,0,0.5966792,0,98.5872959
"9103","4am",0,0,0,0.3846677,99.6153323
"9104","4am",0,0,0,0,100
"9105","4am",0,0,0,0,100
"9106","4am",0,0,0,0,100
"9107","4am",0.4303187,0,0,0,99.5696813
"9108","4am",0,0,0,0,100
"9109","4am",1.2984755,0,0.4395983,0.3910222,97.870904
"9110","4am",0,0,0,0,100
"9111","4am",0.8343615,0,0.1610305,0,99.004608
"9112","4am",0,0,0,0,100
"9113","4am",0,0,0,0,100
"9114","4am",0,0,0,0,100
"9201","4am",0,1.9861801,0.3375037,97.1433913,0.5329249
"9202","4am",0,0.7012467,0,98.6752679,0.6234854
"9203","4am",0.2853816,0.2181626,0.2222512,98.9187745,0.3554301
"9204","4am",0,0,0,99.3999012,0.6000988
"9205","4am",0.4074624,0,0,99.3217202,0.2708174
"9206","4am",0,0,0,99.1818656,0.8181344
"9207","4am",0,0.3423713,0,99.1171538,0.5404749
"9208","4am",0,0,0,99.5565671,0.4434329
"9209","4am",0,0,0.409921,98.2154441,1.3746349
"9210","4am",0.4728146,0,0,99.3058234,0.221362
"9211","4am",1.3687285,0,0,98.6312715,0
"9212","4am",0,0,0,99.3596405,0.6403595
"9302","4am",0,96.903906,1.4944209,0,1.6016731
"9303","4am",0.3806561,99.6193439,0,0,0
"9304","4am",0,100,0,0,0
"9305","4am",0,100,0,0,0
"9306","4am",0,99.3249252,0.3422719,0,0.332803
"9307","4am",4.5028648,95.0804403,0,0,0.416695
"9308","4am",1.3605838,97.7136164,0.9257998,0,0
"9309","4am",1.3208757,95.9292403,0,0,2.749884
"9310","4am",0.6436901,98.9573588,0,0,0.3989511
"9311","4am",0,98.9106284,0,0.1396602,0.9497114
"9312","4am",0.1972832,98.303168,0,0,1.4995488
"9402","4am",0.3431863,0,98.5214379,0,1.1353758
"9403","4am",0,0,99.5719314,0,0.4280686
"9404","4am",0,0.5622336,97.8314836,0.3612716,1.2450112
"9405","4am",2.1643756,0.7326291,91.0467465,0.4736469,5.5826019
"9406","4am",0.6293087,0.1365829,98.3114238,0.9226845,0
"9407","4am",0,0,99.5060846,0.1852297,0.3086857
"9408","4am",0,1.0940629,98.1171659,0,0.7887713
"9409","4am",0,0.3689668,99.6310332,0,0
"9410","4am",0,1.0689051,98.9310949,0,0
"9411","4am",0,0,100,0,0
"9412","4am",1.8310306,0,97.4207929,0,0.7481766
"9413","4am",0,0,100,0,0
"9414","4am",0,1.197535,98.802465,0,0
"9501","4am",0.615625,0,0,0.2698179,99.1145571
"9502","4am",0,0,0,0,100
"9503","4am",0,0,0.7542797,0,99.2457203
"9504","4am",0,0,0,0,100
"9505","4am",0.7759269,0.2371371,0,0,98.986936
"9506","4am",0.4146574,0,0,0,99.5853426
"9507","4am",0,0,0.4116312,0,99.5883688
"9508","4am",0,0,0,0,100
"9509","4am",0,0,0,0,100
"9510","4am",0,0.6417286,0,0,99.3582714
"9511","4am",0,0,0,0,100
"9512","4am",0,0,0,0.8520216,99.1479784
"9513","4am",0.7861272,0,0.3880499,0,98.8258229
"7501","5am",96.5643123,0.9289758,0.33811751,0.4444918,1.7241026
"7502","5am",97.2353472,0,0.72460755,1.2838559,0.7561894
"7503","5am",95.8108542,0.4930029,1.40198165,0.6991694,1.5949918
"7504","5am",96.7071171,0.5636563,0,1.1535107,1.5757159
"7505","5am",99.4604378,0,0,0.4311925,0.1083696
"7506","5am",98.1055545,0.6312373,0,0.1247604,1.1384478
"7507","5am",96.1483578,0.8691367,0.96017214,0.6612455,1.3610878
"7508","5am",96.9493611,0.4392008,0.68730699,0,1.924131
"7509","5am",97.9547789,0.1867692,0.05334742,0.8042836,1.0008208
"7510","5am",97.8836887,0,0.50705367,0.4167496,1.192508
"7511","5am",97.9173084,0.9491713,0,0.2646211,0.8688991
"7512","5am",98.9959983,0.6744056,0,0.1556291,0.173967
"7513","5am",98.0878829,0.8275069,0.16711039,0,0.9174997
"7514","5am",98.8037031,0,0.21355145,0.2418413,0.7409042
"7701","5am",0,0.5408445,0.54334156,0,98.9158139
"7702","5am",0.5939262,38.9839734,31.89607,0,28.5260304
"7703","5am",0.5828625,1.9082918,0.33516533,0.8943182,96.2793622
"7704","5am",0,0,0,0,100
"7705","5am",0,0.3205576,0,0,99.6794424
"7706","5am",0,0,0,0,100
"7707","5am",0,0,0,0,100
"7708","5am",0,1.0650909,0,0,98.9349091
"7709","5am",0,0,0.35670779,0,99.6432922
"7710","5am",0,0.4188816,0.10665774,0,99.4744607
"7711","5am",1.416195,0,0,0,98.583805
"7712","5am",0.8334964,0,0,0,99.1665036
"7713","5am",0,0,0,1.1731281,98.8268719
"7714","5am",0,0,0,0,100
"7715","5am",0,0,0,0,100
"7716","5am",0,0,0,0,100
"7801","5am",0,0.7266217,0,0,99.2733783
"7802","5am",0,0.5670171,0,0,99.4329829
"7803","5am",0.6525512,0.4508218,0.14105003,0.1663956,98.5891813
"7804","5am",0.8423478,1.8890969,0,0,97.2685553
"7805","5am",0,0,0,0,100
"7806","5am",0,0,0.12058586,0,99.8794141
"7807","5am",0,0.4076885,0,1.3132754,98.2790362
"7808","5am",0,0,0,0.5357879,99.4642121
"7809","5am",2.3372095,0,0,0,97.6627905
"7810","5am",0,0,0,0,100
"7811","5am",1.0664552,0,0,0,98.9335448
"7812","5am",0,0.4267083,0,0.2353399,99.3379517
"7813","5am",0,0,0,0,100
"7814","5am",0,0,0,0,100
"7815","5am",0,0,5.23638498,0.3795422,94.3840728
"7816","5am",0,0,0,0,100
"9101","5am",0,0,0.45885706,0,99.5411429
"9102","5am",0.8339641,0,0.60979638,0,98.5562395
"9103","5am",0,0,0,0.3926775,99.6073225
"9104","5am",0,0,0,0,100
"9105","5am",0,0,0,0,100
"9106","5am",0,0,0,0,100
"9107","5am",0.442071,0,0,0,99.557929
"9108","5am",0,0,0,0,100
"9109","5am",1.3211675,0,0.44728069,0.3978557,97.8336961
"9110","5am",0,0,0,0,100
"9111","5am",1.5525537,0.3062461,0.15774099,0,97.9834592
"9112","5am",0,0,1.17390874,0,98.8260913
"9113","5am",0,0,0,0,100
"9114","5am",0,0,0,0,100
"9201","5am",0,2.6759901,0.57518601,95.9419974,0.8068264
"9202","5am",0,0,0,98.1647688,1.8352312
"9203","5am",0.5200268,0.5438341,0.22390398,98.4876662,0.224569
"9204","5am",0,0,0.79670538,98.5998751,0.6034196
"9205","5am",0.4085572,0.8279779,0.39341144,98.0985084,0.271545
"9206","5am",0,0,0,98.8695896,1.1304104
"9207","5am",0,0.3435635,0,98.9419736,0.714463
"9208","5am",0.7128725,0,0,98.8441119,0.4430156
"9209","5am",0,0,0.41062935,98.0525158,1.5368549
"9210","5am",0.7099005,0,0,98.9624857,0.3276138
"9211","5am",1.375015,0,0.27944135,98.3455436,0
"9212","5am",0,0,0,99.3563049,0.6436951
"9302","5am",0,96.7605951,1.56359412,0,1.6758107
"9303","5am",0.3820661,99.4525579,0.16537604,0,0
"9304","5am",0,100,0,0,0
"9305","5am",0,99.9512687,0,0,0.0487313
"9306","5am",0,98.4364526,0.34612265,0,1.2174247
"9307","5am",4.6375718,94.9332675,0,0,0.4291607
"9308","5am",1.3898707,97.3454581,0,1.2646711,0
"9309","5am",2.0929999,94.7659499,0.09275369,0,3.0482965
"9310","5am",0.660093,98.1640334,0,0.7667562,0.4091174
"9311","5am",0,98.8638437,0,0.1456581,0.9904982
"9312","5am",0.528832,97.4628907,0,0.1480337,1.8602436
"9402","5am",0.806298,0.271303,97.75060437,0,1.1717946
"9403","5am",0,0,99.47720648,0,0.5227935
"9404","5am",0,0.5612273,97.23354296,0.360625,1.8446047
"9405","5am",2.1251125,0.7193387,90.23891417,0.4650547,6.4515799
"9406","5am",0.6525453,0.1416261,98.24907483,0.9567537,0
"9407","5am",0,0,99.00373857,0.1856627,0.8105988
"9408","5am",0,1.1148815,98.08133794,0,0.8037806
"9409","5am",0,0.5055698,99.49443019,0,0
"9410","5am",0,1.0794408,98.92055921,0,0
"9411","5am",0,0,99.55091056,0,0.4490894
"9412","5am",3.8739555,0,95.36623966,0,0.7598048
"9413","5am",0,0,100,0,0
"9414","5am",0,1.212615,98.787385,0,0
"9501","5am",0.6454889,0,0,0.2829068,99.0716043
"9502","5am",0,0,0,0,100
"9503","5am",0,0,0.78446044,0,99.2155396
"9504","5am",0,0,0,0,100
"9505","5am",1.2219154,0.6784955,1.65854581,0,96.4410433
"9506","5am",0.421301,0.51035,0,0,99.0683489
"9507","5am",0,0,0.41549197,0,99.584508
"9508","5am",0,0,0,0,100
"9509","5am",0,0,0,0,100
"9510","5am",0,0.6393408,0,0,99.3606592
"9511","5am",0,0,0,0,100
"9512","5am",0,0,0,0.8745726,99.1254274
"9513","5am",0.7853998,0,0.38769085,0,98.8269093
"7501","6am",95.34865,1.172297,1.06260342,0.4340397,1.9824099
"7502","6am",92.1058752,2.1112802,1.46366267,2.2451806,2.0740014
"7503","6am",89.9969148,2.5910858,1.49106093,1.0135871,4.9073513
"7504","6am",89.856664,4.7485007,0.27512044,1.1036704,4.0160444
"7505","6am",98.4962455,0.6689227,0,0.4416897,0.3931421
"7506","6am",92.2056067,0.8845214,1.85257482,1.6577908,3.3995064
"7507","6am",92.4737114,1.2320287,1.80196427,1.2167529,3.2755427
"7508","6am",95.6927418,0.5785689,0.67261871,0.7141364,2.3419343
"7509","6am",96.2584795,0.1882106,0.25226162,1.8845553,1.416493
"7510","6am",95.5721559,0.5469366,1.02347745,0.8917488,1.9656812
"7511","6am",96.4395635,1.3889414,0,0.3894527,1.7820424
"7512","6am",97.6286815,0.8211517,0.28398896,0.1568454,1.1093324
"7513","6am",96.7191717,0.8795771,0.71286389,0,1.6883873
"7514","6am",95.9408864,0,0.94953609,0.2410848,2.8684928
"7701","6am",0,2.2635839,0.89163982,0,96.8447762
"7702","6am",0.9466355,38.0165974,31.78620736,0,29.2505597
"7703","6am",0.9713794,3.1450809,0,0.9600374,94.9235023
"7704","6am",0,0,0,0,100
"7705","6am",0,0.3435558,0,0,99.6564442
"7706","6am",0,0,0,0,100
"7707","6am",0,0,0,0,100
"7708","6am",0,1.3169339,0,0,98.6830661
"7709","6am",0,0,0.38775634,0,99.6122437
"7710","6am",0,0.4425401,0.40081934,0,99.1566406
"7711","6am",1.4562519,0,0,0,98.5437481
"7712","6am",0.8792663,0,0.09624149,0,99.0244922
"7713","6am",0,0,0,1.2722119,98.7277881
"7714","6am",0,0,0,0,100
"7715","6am",0,0,0,0,100
"7716","6am",0,0.1608785,0,0,99.8391215
"7801","6am",0,0.7552063,0.5707114,0,98.6740823
"7802","6am",0,0.6034699,0,0,99.3965301
"7803","6am",0.6913243,0.4776086,0,0.1762825,98.6547846
"7804","6am",0.9002409,2.0189313,0,0,97.0808277
"7805","6am",0,0,0,0,100
"7806","6am",0,0.819717,0.1271563,0,99.0531267
"7807","6am",0,0.449234,0,1.4471048,98.1036612
"7808","6am",0,0,0,0.587956,99.412044
"7809","6am",2.531849,0,0,0,97.468151
"7810","6am",0,0,0,0,100
"7811","6am",1.0961428,0,0,0,98.9038572
"7812","6am",0,0.4409643,0.12020612,0.8497974,98.5890321
"7813","6am",0,0,0.20127986,0,99.7987201
"7814","6am",0,0,0,0,100
"7815","6am",0,0,5.65052542,0.4095598,93.9399147
"7816","6am",0,0,0,0.4609236,99.5390764
"9101","6am",0,0,0,0,100
"9102","6am",0.8448412,0,0.61774975,0,98.537409
"9103","6am",0,0,0.26066656,0.4259034,99.3134301
"9104","6am",0,0,0,0,100
"9105","6am",0,0.8653584,0,0,99.1346416
"9106","6am",0,0,0,0,100
"9107","6am",0.4777371,0,0.25420281,0,99.2680601
"9108","6am",0,0,0,0,100
"9109","6am",1.3632077,0,0.46151338,0.4105156,97.7647633
"9110","6am",0,0,0,0,100
"9111","6am",1.5676171,0.6806686,0.15927145,0.333708,97.2587349
"9112","6am",0,0,1.26471565,0,98.7352844
"9113","6am",0,0.3103386,0.17215834,0.4611047,99.0563984
"9114","6am",0,0,0,0,100
"9201","6am",0.1916345,3.531482,0.57736701,91.8221669,3.8773497
"9202","6am",0.9065789,0,0.24894966,95.1193582,3.7251132
"9203","6am",1.9212384,1.6207651,0.40067418,94.6474445,1.4098778
"9204","6am",1.26645,0.7211363,0.75330341,94.0905611,3.1685493
"9205","6am",0.4028127,1.1477247,0.38787985,95.6197253,2.4418575
"9206","6am",0,0.4503771,0.4865225,96.9876504,2.07545
"9207","6am",0,0.3524556,0.20182901,98.7127608,0.7329546
"9208","6am",0.9850289,0,0,97.9224314,1.0925397
"9209","6am",0.5039732,0,0.425097,97.3397514,1.7311784
"9210","6am",1.5923691,0,0.40598554,97.4625044,0.539141
"9211","6am",1.3981927,1.0587119,1.23243418,95.9624958,0.3481653
"9212","6am",0,0,0.37973295,96.9106372,2.7096298
"9302","6am",0,90.9981889,1.60007037,1.2555866,6.1461541
"9303","6am",0.386442,99.0511865,0.16727015,0,0.3951013
"9304","6am",0.8419423,98.3285972,0,0,0.8294605
"9305","6am",0,99.6634824,0,0,0.3365176
"9306","6am",0,98.3634953,0.36227321,0,1.2742314
"9307","6am",4.9754467,94.5641256,0,0,0.4604277
"9308","6am",0,97.8332584,0,1.3563454,0.8103961
"9309","6am",3.2669566,92.6581783,0.09732171,0,3.9775435
"9310","6am",0.7117863,97.3409101,0,0.8268025,1.120501
"9311","6am",0.3995943,96.2996567,0.14604683,0.1534831,3.001219
"9312","6am",0.7693177,95.0713313,0.22503657,0.1503479,3.7839666
"9402","6am",1.3748768,0.4575822,96.06035162,0.2952627,1.8119267
"9403","6am",0,0.896168,97.13340627,0.6207701,1.3496556
"9404","6am",0,0.5710433,93.12732323,0.7775811,5.5240523
"9405","6am",1.0113108,2.1153035,88.15126499,0.4719267,8.250194
"9406","6am",3.2566046,0.8130629,94.73833741,0,1.1919951
"9407","6am",0,0.7239958,97.34555049,0.1929299,1.7375238
"9408","6am",0.577318,1.1743501,97.40167714,0,0.8466548
"9409","6am",0,0.4170394,98.90745775,0,0.6755029
"9410","6am",0,1.8279119,96.56145029,0,1.6106378
"9411","6am",0,1.0076694,94.03752897,0,4.9548016
"9412","6am",4.064825,0,92.9373808,0,2.9977942
"9413","6am",0,0,96.96367601,0,3.036324
"9414","6am",0,1.3162426,98.68375737,0,0
"9501","6am",0.6810723,0,0,0.2985024,99.0204254
"9502","6am",0,0,0,0,100
"9503","6am",0,0,0.84101655,0,99.1589835
"9504","6am",0,1.0327333,0,0,98.9672667
"9505","6am",1.2589074,2.6317932,1.70875623,0,94.4005432
"9506","6am",0.423825,0.5134074,0,0,99.0627676
"9507","6am",0,0.1747811,0.44973132,0,99.3754875
"9508","6am",0.3458604,0,0.27580312,0,99.3783365
"9509","6am",0,0,0,0,100
"9510","6am",0,0.6949189,0,0,99.3050811
"9511","6am",0,0,0.53467075,0.1784645,99.2868648
"9512","6am",0,0,0,0.9055563,99.0944437
"9513","6am",0.8313679,1.5574454,0.41038172,0,97.200805
"7501","7am",82.6962845,3.1135914,2.11380755,2.5751116,9.501205
"7502","7am",81.4558244,3.1804943,3.03739114,5.1183924,7.207898
"7503","7am",75.812077,5.2348613,3.65081203,3.0098865,12.292363
"7504","7am",82.3926375,5.9793133,0.97944366,2.4683693,8.180236
"7505","7am",95.351471,0.9275751,0,1.6399961,2.080958
"7506","7am",83.8988313,3.3564282,3.74405633,2.8977609,6.102923
"7507","7am",85.2735973,1.7487122,5.11369453,2.0315078,5.832488
"7508","7am",92.2899862,1.1978706,1.50707998,1.4213679,3.583695
"7509","7am",89.0866408,1.299558,1.36641516,3.9967429,4.250643
"7510","7am",89.8984361,1.2281858,1.43837256,2.3443867,5.090619
"7511","7am",88.0551777,2.3490486,1.19799847,1.9625967,6.435179
"7512","7am",93.6669783,2.1654058,0.57534967,0.9986581,2.593608
"7513","7am",90.4701215,2.0520624,0.82865582,1.3352911,5.313869
"7514","7am",94.8872246,0.9817703,1.57526513,0.4728384,2.082902
"7701","7am",0,3.2700657,1.34307263,0.6851467,94.701715
"7702","7am",1.2865343,38.1747294,30.03525151,0.2293947,30.27409
"7703","7am",1.0424408,5.8886381,0.55902944,0.691912,91.81798
"7704","7am",0,0.7756055,0.57430263,0,98.650092
"7705","7am",0,0.381215,0,2.2556373,97.363148
"7706","7am",0,0,0,0,100
"7707","7am",0,0,0.57149865,0,99.428501
"7708","7am",0,2.3197714,0,0,97.680229
"7709","7am",0,0.5097997,3.19047036,0,96.29973
"7710","7am",0,0.4801013,1.30927326,0,98.210625
"7711","7am",1.6500086,0.1501526,1.64735037,0,96.552488
"7712","7am",0.9420426,0,0.10311278,0,98.954845
"7713","7am",0,0,0,1.3468168,98.653183
"7714","7am",0,0,0,0,100
"7715","7am",0,0,0,0,100
"7716","7am",0,0.1873721,2.921655,0,96.890973
"7801","7am",0,0,0.68969919,0,99.310301
"7802","7am",0,0.6919958,0,3.4066221,95.901382
"7803","7am",0.7568051,0.5228467,0,0.545322,98.175026
"7804","7am",1.0111563,2.2676763,0,0,96.721167
"7805","7am",0.6762129,0,0,0.4303829,98.893404
"7806","7am",0.6262653,0.8877049,0.13770273,0,98.348327
"7807","7am",0,0.4711036,0.60787218,1.5175526,97.403472
"7808","7am",0.920762,0,0,0.6546791,98.424559
"7809","7am",1.271365,0,0,0.6904919,98.038143
"7810","7am",0,0,0,0,100
"7811","7am",1.3138328,0,0.37062861,0,98.315539
"7812","7am",0.8209669,1.2688158,0.49542509,3.8050025,93.60979
"7813","7am",0,0,0.2381897,0.5998721,99.161938
"7814","7am",0,0,0,0,100
"7815","7am",0.6062494,0,8.18509858,0.4843872,90.724265
"7816","7am",1.0917327,0.2872878,0.26942883,1.7830051,96.568546
"9101","7am",0,0.4750821,2.06973081,0,97.455187
"9102","7am",0.958238,0,0.70066573,0,98.341096
"9103","7am",0,0,0.73681656,0.4966747,98.766509
"9104","7am",0,0,0,0,100
"9105","7am",1.0124228,1.5135094,0,0,97.474068
"9106","7am",0.9358307,0,0.09967949,0.6653741,98.299116
"9107","7am",0,0.2359981,0.60961212,0,99.15439
"9108","7am",0,0,0.63380469,0,99.366195
"9109","7am",2.340969,0.39275,0.7897849,0.4279479,96.048548
"9110","7am",0,0.3386716,0,0,99.661328
"9111","7am",1.6803476,1.9333841,1.20823458,0.3577056,94.820328
"9112","7am",0,0,1.44907244,0,98.550928
"9113","7am",0.8319167,0.3241549,0.69475253,2.4386153,95.710561
"9114","7am",0,0,2.98467148,0,97.015329
"9201","7am",0.2141611,6.4126371,0.51145546,85.7962553,7.065491
"9202","7am",1.7744442,0.9545235,0.7219586,90.2633816,6.285692
"9203","7am",2.7811733,3.1074879,1.05174621,88.6912562,4.368336
"9204","7am",2.7611192,2.678333,1.73340098,82.1568358,10.670311
"9205","7am",4.5726758,2.7301919,1.15509853,84.6614848,6.880549
"9206","7am",1.8496374,0.5904315,0.68806706,88.7412234,8.130641
"9207","7am",0.3956844,0.3884598,1.44598735,94.8612238,2.908645
"9208","7am",2.3354494,0.6663418,0.32391908,93.7487861,2.925504
"9209","7am",1.2135784,0.3668998,1.68832544,90.4158059,6.31539
"9210","7am",2.8582808,0.303079,1.74293497,89.6298497,5.465856
"9211","7am",4.7560916,2.9954959,3.76810753,86.6233089,1.856996
"9212","7am",0.9773314,0.6261093,0.76764603,92.1278644,5.501049
"9302","7am",0,89.4477088,1.48674885,1.3682911,7.697251
"9303","7am",2.1909283,93.9527979,0.21492365,0.9117588,2.729591
"9304","7am",1.2578261,92.1169904,2.41905083,1.2927374,2.913395
"9305","7am",0,98.2695601,0,0.5549899,1.17545
"9306","7am",0.490442,95.7733113,1.2707906,0,2.465456
"9307","7am",5.7072553,92.9567632,0,0,1.335981
"9308","7am",0.7419235,91.8793179,0,2.1357283,5.24303
"9309","7am",3.3845644,88.7661832,0.10082521,0,7.748427
"9310","7am",1.129099,95.5582301,0.87785129,0.8800875,1.554732
"9311","7am",0.7342315,93.5403769,0.67471972,1.3671724,3.6835
"9312","7am",2.5454279,86.5419296,0.88116158,1.410371,8.62111
"9402","7am",1.8730057,1.662812,88.72042995,3.4352596,4.308493
"9403","7am",2.1009816,3.0294997,91.4204316,1.1844692,2.264618
"9404","7am",0,0.5952531,90.17132001,0.8105472,8.42288
"9405","7am",1.060721,2.2186522,80.5650366,0.95473,15.20086
"9406","7am",3.2693247,0.9960923,90.8649741,1.7565407,3.113068
"9407","7am",0.7608219,2.2218992,93.74573748,0.8317923,2.439749
"9408","7am",0.9851519,2.3249098,95.41926512,0,1.270673
"9409","7am",1.4822182,3.3184023,92.00839874,0.3247649,2.866216
"9410","7am",0,2.2940974,94.95934768,0,2.746555
"9411","7am",0,1.0791328,89.90695281,0,9.013914
"9412","7am",4.9203352,0,93.35878353,0,1.720881
"9413","7am",0,2.9047187,92.21336156,0,4.88192
"9414","7am",0,1.5265583,95.8321335,0,2.641308
"9501","7am",0,1.4491479,0.25134887,2.2257741,96.073729
"9502","7am",0,0.8262782,0,0.3340059,98.839716
"9503","7am",0,0,0.9216903,0,99.07831
"9504","7am",0,1.2256841,0,0,98.774316
"9505","7am",2.354005,5.7494895,1.99864255,0,89.897863
"9506","7am",0.5086553,1.0986142,0.81162239,0,97.581108
"9507","7am",0.5907622,0.191272,0.49216419,1.8153219,96.91048
"9508","7am",0.7573869,0.792896,0.29745819,1.0856046,97.066654
"9509","7am",0,0,0,0.9996035,99.000396
"9510","7am",0,1.5076159,0,0.5541868,97.938197
"9511","7am",0,0,0.60513299,0,99.394867
"9512","7am",0,0,0,1.0937458,98.906254
"9513","7am",1.1283616,2.1138194,0,0,96.757819
"7501","8am",62.9164767,7.252777,7.0231104,8.3445344,14.463101
"7502","8am",66.5814284,5.2013429,5.7864299,7.9583871,14.472412
"7503","8am",52.9717381,5.8836066,7.4403411,12.6871939,21.01712
"7504","8am",71.3904934,8.8505654,3.2153953,2.5346296,14.008916
"7505","8am",84.3719421,2.6627247,4.6969928,2.1625562,6.105784
"7506","8am",70.1718739,5.6888688,6.8913702,4.4563677,12.791519
"7507","8am",71.4423,3.8683271,7.7628235,4.8222927,12.104257
"7508","8am",79.5513288,2.9389541,3.7900384,5.7752645,7.944414
"7509","8am",73.4842495,3.1694066,3.0011911,10.3080031,10.03715
"7510","8am",75.3582935,3.8237198,4.2252719,7.9066062,8.686109
"7511","8am",71.599113,5.7962227,3.3446418,4.8024771,14.457545
"7512","8am",85.4067704,4.2505561,2.994592,2.6253711,4.72271
"7513","8am",82.7568343,3.9043439,1.4606305,2.680424,9.197767
"7514","8am",86.7589167,4.3336575,2.8104803,0.8869147,5.210031
"7701","8am",1.754132,6.958012,4.3043244,0.6244924,86.359039
"7702","8am",5.3277672,29.6037581,29.6708164,1.0428999,34.354758
"7703","8am",3.0164335,10.118166,0.5429465,1.2631212,85.059333
"7704","8am",0.7467416,0.746118,0.9744376,0,97.532703
"7705","8am",1.4407269,0.4496634,0,2.6606441,95.448966
"7706","8am",0,0,0,0.6277166,99.372283
"7707","8am",0,0,0.5380917,0,99.461908
"7708","8am",0,3.8258126,0,0,96.174187
"7709","8am",0,0.5115563,4.5454856,0,94.942958
"7710","8am",1.1429908,0.5498382,1.1414517,0,97.165719
"7711","8am",2.215767,0.159546,1.8241048,0,95.800582
"7712","8am",0.9340126,0,0.1022338,0,98.963754
"7713","8am",0,0,0,1.3366045,98.663395
"7714","8am",0.7810279,0,0,0,99.218972
"7715","8am",0,0,0,0,100
"7716","8am",2.311946,1.5660424,2.760193,0,93.361819
"7801","8am",0.8225972,0,0,0.7355748,98.441828
"7802","8am",1.1787606,1.3520284,0,4.9546124,92.514599
"7803","8am",2.0195738,1.5744992,0.5352095,2.8589895,93.011728
"7804","8am",1.1041035,2.7254555,0,0,96.170441
"7805","8am",1.2342991,0,0,1.0231093,97.742592
"7806","8am",0.9108605,1.3031781,0.142523,0.3855526,97.257886
"7807","8am",0,0.4695327,0.6058452,1.5124922,97.41213
"7808","8am",0.9701998,0,0,0.6898303,98.33997
"7809","8am",0,0,0,0.7253001,99.2747
"7810","8am",0,0,0,0,100
"7811","8am",3.5948998,0.5054673,0.4287644,0.8723879,94.598481
"7812","8am",3.0894054,1.1490034,1.0700851,6.264354,88.427152
"7813","8am",0,0,0.2582538,0.6504027,99.091344
"7814","8am",0,0,0,2.6253852,97.374615
"7815","8am",1.9222577,0,8.5032176,0.5032132,89.071311
"7816","8am",3.4057475,0.8410929,0.4854797,5.3257693,89.941911
"9101","8am",4.4924467,0.3902038,3.4416842,0,91.675665
"9102","8am",1.9914808,0,1.6996089,0,96.30891
"9103","8am",0,0,1.5214727,0.4955107,97.983017
"9104","8am",1.1490649,0,0,0,98.850935
"9105","8am",2.7157568,1.5219465,0.9153808,0.8244573,94.022459
"9106","8am",2.5974052,0,0.7862073,1.0504155,95.565972
"9107","8am",0,0.2676137,4.3192597,1.7205824,93.692544
"9108","8am",0,2.3086052,1.5497874,0,96.141607
"9109","8am",2.5561578,0.4288528,2.389974,0.9711252,93.65389
"9110","8am",0,0.3385497,1.3135112,0,98.347939
"9111","8am",5.2273987,2.0397172,2.2828045,4.61361,85.83647
"9112","8am",2.508205,0,1.7701919,1.4972193,94.224384
"9113","8am",1.7486768,0.3067157,2.8629641,9.9010668,85.180577
"9114","8am",3.4160379,0,3.1316392,0.4774551,92.974868
"9201","8am",1.9001471,9.4981717,0.9388302,73.1048604,14.557991
"9202","8am",3.6242871,1.358676,1.1344523,83.143263,10.739322
"9203","8am",7.1940212,5.5949583,2.5910048,75.2559423,9.364073
"9204","8am",5.3014098,2.1224033,4.5309466,67.8341079,20.211132
"9205","8am",13.2404928,4.6544891,1.9807665,60.9142015,19.21005
"9206","8am",6.5384518,2.0271603,1.1136307,76.5351756,13.785582
"9207","8am",6.0747184,0.4394356,3.0895067,81.5634445,8.832895
"9208","8am",7.6405727,1.3165733,0.9352027,83.9143905,6.193261
"9209","8am",7.3915397,0.8123512,5.0401518,73.6599534,13.096004
"9210","8am",5.5071446,0.9092173,3.1661371,77.8391499,12.578351
"9211","8am",7.8864108,5.7588139,4.9079417,78.1269097,3.319924
"9212","8am",4.5156061,1.6276098,1.6177949,80.9535536,11.285436
"9302","8am",0,84.1048738,2.6846364,2.971194,10.239296
"9303","8am",4.8540857,83.6543819,2.3540134,3.7488806,5.388638
"9304","8am",6.9253588,80.1545604,4.1991422,2.1063112,6.614627
"9305","8am",0,94.4785254,0,2.1427343,3.37874
"9306","8am",2.26986,92.3645067,1.4399322,0,3.925701
"9307","8am",5.8169965,89.3943139,0.4923069,0,4.296383
"9308","8am",2.3357775,87.568016,0,2.2344074,7.861799
"9309","8am",4.8817266,80.005798,1.5781367,0.8587025,12.675636
"9310","8am",1.7647855,92.4060927,1.3561686,0.9287342,3.544219
"9311","8am",3.2033584,86.712154,0.7017686,2.002777,7.379942
"9312","8am",8.5893771,73.228338,2.0916012,3.7152889,12.375395
"9402","8am",3.0945573,1.6861073,82.3191798,6.0325286,6.867627
"9403","8am",6.460403,4.0285005,77.4692208,5.391985,6.649891
"9404","8am",0.7962146,0.5965451,85.2951432,1.9986607,11.313436
"9405","8am",5.396858,2.0609789,69.413799,5.654458,17.473906
"9406","8am",5.708896,1.3778346,82.2301615,3.191586,7.491522
"9407","8am",2.8717953,3.6675102,85.4797869,1.7125649,6.268343
"9408","8am",2.8289892,2.4652743,91.3788822,0,3.326854
"9409","8am",6.0181104,6.3271891,81.4538623,1.5578789,4.642959
"9410","8am",4.5855744,2.4060765,86.1005368,1.0255693,5.882243
"9411","8am",0,1.0954385,82.1939242,0,16.710637
"9412","8am",5.6226188,0,88.3072841,0,6.070097
"9413","8am",0.7624268,5.6180693,86.7795758,0,6.839928
"9414","8am",0,1.6661832,90.9466271,0,7.38719
"9501","8am",0.4722156,1.7061806,0.2346031,2.6237781,94.963223
"9502","8am",0,0.7451482,0.3355444,0.3012108,98.618097
"9503","8am",0,0.9144938,0.9383122,0,98.147194
"9504","8am",1.3276691,1.510651,0,0,97.16168
"9505","8am",4.4720181,9.1512804,2.6866181,0.580877,83.109206
"9506","8am",0.4855446,3.3806602,0.7747465,0,95.359049
"9507","8am",1.9738875,2.0562804,0.4917851,2.4710863,93.006961
"9508","8am",1.3870421,0.8513921,0.3194032,2.5194092,94.922753
"9509","8am",0,0,0,1.5867983,98.413202
"9510","8am",0,0.8050532,0,0.6010628,98.593884
"9511","8am",2.7580599,0.7036205,0.6896569,0.3390317,95.509631
"9512","8am",1.9189383,1.2112062,0,1.2432305,95.626625
"9513","8am",1.3020773,2.4392501,0,0,96.258673
"7501","9am",53.5204195,8.6070909,7.704031,9.6613461,20.507112
"7502","9am",57.7584559,7.1881866,7.2313164,10.4579943,17.364047
"7503","9am",46.6833677,6.2206516,8.3213747,14.3826718,24.391934
"7504","9am",61.9122373,11.0168758,5.0398926,4.783358,17.247636
"7505","9am",79.1271699,3.3734168,5.3195269,4.4925832,7.687303
"7506","9am",60.8347389,6.7504657,11.1944011,4.7615556,16.458839
"7507","9am",63.7699391,4.2370414,9.6877482,6.5765356,15.728736
"7508","9am",69.5855286,3.8696393,6.5350852,8.4523244,11.557423
"7509","9am",64.3217176,3.9432917,5.5114644,13.4654847,12.758042
"7510","9am",64.767767,4.2499508,6.4344345,10.3672173,14.18063
"7511","9am",62.4039678,8.1594483,3.3431555,7.3861972,18.707231
"7512","9am",79.1226757,7.1048574,3.0192244,4.6728291,6.080413
"7513","9am",73.4152122,7.0376209,1.7375043,5.3159694,12.493693
"7514","9am",82.3666489,5.5232879,4.4242897,1.4921556,6.193618
"7701","9am",2.5538026,8.1381125,5.7065248,0.5977007,83.003859
"7702","9am",6.7256529,27.6422842,29.2651434,1.3648041,35.002115
"7703","9am",2.8584155,12.3083556,0.7744412,0.3521316,83.706656
"7704","9am",0.7350693,2.0963431,0.5438328,0,96.624755
"7705","9am",1.4617132,0.4562134,0,2.6994004,95.382673
"7706","9am",0,0,0,0.6481383,99.351862
"7707","9am",1.1632458,0,0.5506611,0,98.286093
"7708","9am",0,5.5628286,0,0,94.437171
"7709","9am",0,1.0975282,5.9882915,0,92.91418
"7710","9am",1.2029149,0,3.1345507,0,95.662534
"7711","9am",2.7256446,0.1508481,2.7408225,0,94.382685
"7712","9am",0.8859139,0,1.2183432,0,97.895743
"7713","9am",0,0,0,1.3508253,98.649175
"7714","9am",1.505233,0,0,0,98.494767
"7715","9am",0,0,0,0,100
"7716","9am",2.2864276,0.1635562,3.9361997,0,93.613817
"7801","9am",0.8734117,0,0,0.7810137,98.345575
"7802","9am",1.1412234,1.3089735,0.5111447,6.4708695,90.567789
"7803","9am",1.9843231,0.9680912,0.5258676,3.1037759,93.417942
"7804","9am",1.2057428,2.9763498,0,0,95.817907
"7805","9am",1.2005267,0,0.1659521,3.6617515,94.97177
"7806","9am",0.8766046,1.2541678,1.470865,0.6988582,95.699504
"7807","9am",0,0.4382343,0.5654604,1.4116717,97.584634
"7808","9am",1.8358994,0,0,0.7620096,97.402091
"7809","9am",1.3009889,0,0.3213359,1.4324687,96.945207
"7810","9am",0,0,0,0,100
"7811","9am",3.6106207,0.5076778,0.5832212,1.4558987,93.842582
"7812","9am",4.4223654,1.046185,0.7005521,7.958305,85.872592
"7813","9am",0,0,0.2708253,3.2284854,96.500689
"7814","9am",0,0,0,2.6115492,97.388451
"7815","9am",1.9766962,0,8.7440292,0,89.279275
"7816","9am",5.1442709,0.7570452,0.3331167,7.6728886,86.092679
"9101","9am",5.2327119,0.3348743,4.4570155,0,89.975398
"9102","9am",1.9586163,0,1.6715609,0,96.369823
"9103","9am",0,0,1.1534422,0.5245191,98.322039
"9104","9am",1.1787827,0,0,1.807861,97.013356
"9105","9am",2.5462553,1.4269556,1.3579589,1.2857036,93.383127
"9106","9am",4.7050102,0,0.9343925,1.0833442,93.277253
"9107","9am",0,0.2757084,4.968433,1.7726262,92.983232
"9108","9am",0,4.5269916,1.9537016,0,93.519307
"9109","9am",2.4435168,0.4099547,3.3301932,1.8826612,91.933674
"9110","9am",0,0.352595,1.3680046,0,98.2794
"9111","9am",7.2889282,2.3884431,2.3779552,4.5666334,83.37804
"9112","9am",3.8951603,0.8827281,1.7891057,1.5132165,91.919789
"9113","9am",4.9316717,0.2716634,2.9093525,12.2877205,79.599592
"9114","9am",6.0074972,0,3.5692969,1.6987952,88.724411
"9201","9am",3.7142696,9.9204288,1.2569963,68.0955995,17.012706
"9202","9am",6.0845891,4.48634,1.0773003,75.3790287,12.972742
"9203","9am",12.1484608,5.1559709,4.0016504,66.2369828,12.456935
"9204","9am",9.5209395,3.599324,4.5454703,58.9004656,23.433801
"9205","9am",21.3065618,4.9230917,3.5204497,46.792109,23.457788
"9206","9am",7.9832561,3.1060855,1.7147339,69.4415897,17.754335
"9207","9am",10.8275973,1.133653,3.797763,72.8720449,11.368942
"9208","9am",12.2288152,3.5127332,2.0910286,76.0724261,6.094997
"9209","9am",11.5898063,1.7422106,5.7488956,64.6507802,16.268307
"9210","9am",8.4646503,0.4932735,4.0364161,70.7410035,16.264657
"9211","9am",10.4111882,6.2084269,7.1764511,71.3128025,4.891131
"9212","9am",7.0964478,1.949052,2.0323872,74.0645549,14.857558
"9302","9am",1.5540108,80.9577131,4.7979965,3.1818865,9.508393
"9303","9am",7.4203541,78.3746,4.0560484,3.6321603,6.516837
"9304","9am",9.240406,70.9888887,6.8547875,3.1668941,9.749024
"9305","9am",1.6347023,89.7083562,0,2.238692,6.41825
"9306","9am",2.1867809,91.7685355,1.0820043,0.3765617,4.586118
"9307","9am",5.8708376,89.6459734,0.4968636,0,3.986325
"9308","9am",3.0080788,87.719785,0,2.1808463,7.09129
"9309","9am",4.9611693,75.4185203,1.6717957,1.075449,16.873066
"9310","9am",1.9385394,90.74379,1.4896916,1.0201737,4.807805
"9311","9am",5.3963947,81.3100946,0.9354939,3.3217642,9.036253
"9312","9am",12.7314697,62.0992156,3.5196298,6.3881109,15.261574
"9402","9am",4.8241664,2.2513935,80.0748319,6.0525024,6.797106
"9403","9am",10.6150511,4.1314443,69.81057,6.5547195,8.888215
"9404","9am",1.5078205,1.1019301,83.8299811,2.8193056,10.740963
"9405","9am",5.400174,1.5288392,66.3402715,6.7662575,19.964458
"9406","9am",7.0550232,1.9451762,76.894384,3.1767269,10.92869
"9407","9am",4.3973908,3.9220585,79.3869772,2.7900701,9.503503
"9408","9am",2.7583528,5.7828524,86.5384084,0,4.920386
"9409","9am",8.1545492,7.6336527,75.6740509,2.3005786,6.237169
"9410","9am",4.5845242,2.4055255,82.0254834,1.6335599,9.350907
"9411","9am",0.7637509,1.130688,78.8213805,0,19.284181
"9412","9am",5.4542564,0,88.6574081,0,5.888336
"9413","9am",0.8519933,6.2780545,85.4062775,0,7.463675
"9414","9am",0,1.6530993,88.3232264,0,10.023674
"9501","9am",0.9606876,1.6710104,0.8251686,3.1264676,93.416666
"9502","9am",0,0.6857523,0.8995614,4.317122,94.097564
"9503","9am",1.4265981,1.5000374,0.94705,0,96.126314
"9504","9am",1.3095999,1.4900914,0,0,97.200309
"9505","9am",4.4121262,11.88531,2.6506374,0.9226345,80.129292
"9506","9am",1.0060858,3.4870834,1.7973846,1.373635,92.335811
"9507","9am",2.8854866,3.5989029,0.4791209,3.5189152,89.517574
"9508","9am",2.6822487,1.4473789,0.5715586,3.5860438,91.71277
"9509","9am",0,0,0,1.6336985,98.366302
"9510","9am",0,2.4237439,0,0.8894885,96.686768
"9511","9am",3.8727659,0.7079461,0.6938967,0.8305353,93.894856
"9512","9am",1.9688291,2.7580736,0,1.7389818,93.534116
"9513","9am",3.1679374,2.4415988,0,0,94.390464
"7501","10am",51.6098815,9.243418,7.8798913,10.6266024,20.640207
"7502","10am",55.5512473,7.6710571,7.585566,11.3756521,17.816477
"7503","10am",44.1340507,6.6371951,8.4487083,15.2073625,25.572683
"7504","10am",58.5837148,12.8434069,5.7080081,5.3358212,17.529049
"7505","10am",78.2781554,3.5888254,5.1597518,4.6939683,8.279299
"7506","10am",56.6657429,7.30577,13.2189345,5.0835661,17.725987
"7507","10am",61.7839496,4.8407331,10.5340431,6.2490987,16.592175
"7508","10am",66.2439171,5.0074627,7.0515057,11.0717611,10.625353
"7509","10am",63.0396678,4.4556659,5.8371602,12.7960257,13.87148
"7510","10am",61.0818085,5.748913,7.1726249,10.0760593,15.920594
"7511","10am",61.2525097,8.3903204,3.5598294,7.8815235,18.915817
"7512","10am",75.0620199,8.3822428,2.9274492,4.8478419,8.780446
"7513","10am",74.7731409,5.6794487,1.7392305,5.221238,12.586942
"7514","10am",80.8284313,6.8069725,4.4117948,1.8113324,6.141469
"7701","10am",2.529389,8.2745609,5.651972,0.5919868,82.952091
"7702","10am",7.1400758,29.0686147,28.5043443,1.656175,33.63079
"7703","10am",4.5861145,16.4531439,1.3727313,0.3346507,77.25336
"7704","10am",0.7334019,2.0915881,0.5425992,0.5463552,96.086056
"7705","10am",1.4836367,0.4630559,0,2.7398873,95.31342
"7706","10am",0,0,0,0.6584216,99.341578
"7707","10am",1.1844892,0,0.5607174,0,98.254793
"7708","10am",0,9.8664548,0.2313877,0,89.902157
"7709","10am",0,1.7099495,5.7245866,0,92.565464
"7710","10am",1.1938352,0,3.6595825,0,95.146582
"7711","10am",2.8390082,0.157122,1.9252687,0,95.078601
"7712","10am",0.888383,0,1.2217387,0,97.889878
"7713","10am",1.4911426,0,0,1.2752192,97.233638
"7714","10am",2.2779732,0,0,0,97.722027
"7715","10am",0,0,0,0,100
"7716","10am",2.304097,0.1648202,3.6949528,0,93.83613
"7801","10am",0.8867803,0,0,0,99.11322
"7802","10am",1.2991007,0.6545124,0.5818566,7.3660524,90.098478
"7803","10am",2.7779904,0.9595168,0.52121,3.3370203,92.404263
"7804","10am",0,3.0018685,0,0,96.998132
"7805","10am",1.2779686,0.2863425,0.1766571,3.1777959,95.081236
"7806","10am",0.8792338,1.2579295,1.4752766,0.7009543,95.686606
"7807","10am",1.7212076,0.433001,0.5587079,1.3948139,95.89227
"7808","10am",1.8991244,0,0,0.7882518,97.312624
"7809","10am",1.2710837,0,0.3139495,1.3995413,97.015425
"7810","10am",0,0,0,0,100
"7811","10am",3.6875176,0.51849,0.4398109,2.5778157,92.776366
"7812","10am",4.6862562,1.139927,0.6764209,9.2999499,84.197446
"7813","10am",0,0,0.2575393,3.0701046,96.672356
"7814","10am",0,0,0,0,100
"7815","10am",2.1067237,0,9.3192134,0,88.574063
"7816","10am",5.3910447,0.756824,0.3330194,7.8693265,85.649785
"9101","10am",5.19387,0.3323886,4.4239315,0.6586664,89.391144
"9102","10am",2.0386081,1.6678931,1.7398292,0,94.55367
"9103","10am",0,0,4.2823203,0.5022972,95.215383
"9104","10am",1.9365453,0,0,1.8599209,96.203534
"9105","10am",3.7003679,1.4579731,1.3874766,1.5853782,91.868804
"9106","10am",4.7266427,0.903106,1.4005023,1.0883252,91.881424
"9107","10am",0,0.2784341,5.5052308,1.7901508,92.426184
"9108","10am",0,4.6588048,2.4480558,0,92.893139
"9109","10am",3.0092836,0.4107354,3.6593438,1.8862464,91.034391
"9110","10am",0,0.3617649,1.4035821,0,98.234653
"9111","10am",7.1720328,2.0641269,2.339819,4.4933965,83.930625
"9112","10am",3.8119306,1.7728645,3.7808714,1.4808829,89.153451
"9113","10am",5.1300514,0.2825912,3.0263831,12.1494126,79.411562
"9114","10am",5.8579015,0,3.119822,2.7965524,88.225724
"9201","10am",4.3048411,9.908071,1.1814115,67.2552814,17.350395
"9202","10am",6.0602051,4.9456825,1.072983,73.3395918,14.581538
"9203","10am",13.3015574,5.4159012,4.6384108,63.0394621,13.604668
"9204","10am",9.5114607,4.502394,4.352383,58.1195055,23.514257
"9205","10am",21.1250342,4.779373,4.3442805,45.8714817,23.879831
"9206","10am",9.5445373,2.9931247,1.6523731,66.4282054,19.381759
"9207","10am",11.534605,1.6861442,4.0457449,70.0337154,12.69979
"9208","10am",13.2364333,3.3940764,2.0203956,74.0206543,7.32844
"9209","10am",13.8543154,2.0408021,6.9387733,59.8831798,17.282929
"9210","10am",10.0294676,0.8253272,3.9089812,67.31488,17.921344
"9211","10am",11.1734074,6.2355345,5.8861531,71.0508373,5.654068
"9212","10am",6.9808581,1.9126893,2.3337848,74.1923013,14.580366
"9302","10am",1.5651749,80.820912,4.8324656,3.2047454,9.576702
"9303","10am",8.0311264,76.2487426,4.940385,4.0529003,6.726846
"9304","10am",11.6660109,69.384229,6.2837962,3.100328,9.565636
"9305","10am",0.8101589,89.0221322,1.610951,2.3027909,6.253967
"9306","10am",3.7775833,89.6262912,1.4908212,0.3873839,4.71792
"9307","10am",0.4020638,94.6191095,0.5203182,0,4.458509
"9308","10am",3.3398859,85.7825347,0,2.7766611,8.100918
"9309","10am",5.5673467,72.8383277,2.0610818,1.1496553,18.383589
"9310","10am",1.8370547,91.1647008,1.4117046,0.9667665,4.619773
"9311","10am",5.3112624,78.8569777,1.1941596,3.37269,11.26491
"9312","10am",12.2983465,60.041884,3.5332628,8.3871603,15.739346
"9402","10am",5.9366887,3.2512733,77.8396037,6.0862668,6.886168
"9403","10am",11.526161,4.2812723,67.2725453,7.6089036,9.311118
"9404","10am",1.4526145,2.0237783,83.2286845,2.0970652,11.197858
"9405","10am",5.306973,2.0266532,66.46364,7.2811978,18.921536
"9406","10am",4.7587437,2.2975195,78.7701692,3.1968257,10.976742
"9407","10am",5.5893835,3.8833975,77.8369954,2.7625675,9.927656
"9408","10am",2.57377,5.8807494,86.0752871,0,5.470193
"9409","10am",8.7842282,7.5899719,74.1432908,2.435267,7.047242
"9410","10am",4.6678919,2.0442053,83.5995137,1.6632655,8.025124
"9411","10am",0.7645928,1.1319344,77.1395415,0,20.963931
"9412","10am",5.8263886,0.3889647,86.7675508,0,7.017096
"9413","10am",0.8350121,6.1529262,82.8141749,0,10.197887
"9414","10am",0,1.6137584,85.784467,0,12.601775
"9501","10am",0.978629,1.7022176,0.8405791,3.1848564,93.293718
"9502","10am",0,0.6991266,0.9171055,4.4013187,93.982449
"9503","10am",1.4388544,1.5129245,0.9551864,0,96.093035
"9504","10am",1.2821149,1.4588184,0,2.6054572,94.653609
"9505","10am",4.0153167,11.1146528,4.3483515,1.5996838,78.921995
"9506","10am",0.9580369,6.4920488,1.7115447,1.3080326,89.530337
"9507","10am",2.9197809,2.9499358,0.4848153,3.5607379,90.08473
"9508","10am",2.6105797,1.4087053,0.5562867,6.4136974,89.010731
"9509","10am",1.0724539,0,0,1.5934675,97.334079
"9510","10am",0.5455253,2.5239995,0,0.9262812,96.004194
"9511","10am",3.3942412,0.7145664,1.4555477,1.4340795,93.001565
"9512","10am",1.9741703,3.7157047,0,1.7436995,92.566425
"9513","10am",4.5510985,2.4369068,0,0,93.011995
"7501","11am",51.384344,10.0440226,8.1178366,9.8488129,20.604984
"7502","11am",56.1616061,7.1872841,7.967194,10.4079074,18.276008
"7503","11am",45.2105993,7.1988726,8.4438664,14.9004163,24.246245
"7504","11am",58.6342288,11.8352026,6.6364186,5.2447076,17.649442
"7505","11am",76.8105531,3.6323881,5.6160902,4.582458,9.358511
"7506","11am",56.3932661,7.9454358,14.2062126,4.7153245,16.739761
"7507","11am",62.4346263,4.6272339,9.8638237,6.4509023,16.623414
"7508","11am",63.7221894,6.3856764,9.2939462,10.5413501,10.056838
"7509","11am",59.4475919,5.1860975,5.7771536,13.9535812,15.635576
"7510","11am",60.7620731,5.7539403,6.8077695,9.0905003,17.585717
"7511","11am",60.2468363,7.3161445,4.1491999,7.9421584,20.345661
"7512","11am",72.5004038,11.4587194,3.9636879,4.1222487,7.95494
"7513","11am",71.6510975,6.5129571,2.1701295,5.4124239,14.253392
"7514","11am",77.8911649,8.0572357,4.6979144,1.9314529,7.422232
"7701","11am",3.1056132,7.6496298,5.4953554,0.5796029,83.169799
"7702","11am",7.9558254,28.8862509,27.9587991,1.6645335,33.534591
"7703","11am",3.9053418,12.0930585,1.4668903,0.3576052,82.177104
