"district","hour","mode1","mode2","mode3"
"7501","4am",33.910626,13.417171,52.6722
"7502","4am",29.790119,13.491454,56.71843
"7503","4am",34.560613,8.827053,56.61233
"7504","4am",35.848617,11.537318,52.61407
"7505","4am",35.802724,17.934736,46.26254
"7506","4am",43.428821,14.323884,42.24729
"7507","4am",39.634438,15.494882,44.87068
"7508","4am",37.867081,17.565963,44.56696
"7509","4am",39.693937,18.788283,41.51778
"7510","4am",34.628596,28.425313,36.94609
"7511","4am",37.836008,14.187341,47.97665
"7512","4am",36.40547,15.166559,48.42797
"7513","4am",45.989596,17.901991,36.10841
"7514","4am",40.641305,11.973444,47.38525
"7701","4am",11.586783,63.423178,24.99004
"7702","4am",17.984368,57.762642,24.25299
"7703","4am",10.992334,71.999722,17.00794
"7704","4am",15.896461,62.385195,21.71834
"7705","4am",12.161662,73.510435,14.3279
"7706","4am",9.284629,70.576042,20.13933
"7707","4am",6.284472,74.818048,18.89748
"7708","4am",26.953426,56.377345,16.66923
"7709","4am",10.132971,61.286246,28.58078
"7710","4am",15.688241,67.623442,16.68832
"7711","4am",19.185342,59.795673,21.01898
"7712","4am",16.074936,66.588009,17.33705
"7713","4am",10.978074,62.79101,26.23092
"7714","4am",17.103121,57.935229,24.96165
"7715","4am",13.140385,64.181723,22.67789
"7716","4am",18.89901,65.814207,15.28678
"7801","4am",31.138209,44.054591,24.8072
"7802","4am",30.131195,43.302263,26.56654
"7803","4am",21.251657,57.677545,21.0708
"7804","4am",27.939644,48.458634,23.60172
"7805","4am",16.736944,59.613265,23.64979
"7806","4am",14.833032,71.746257,13.42071
"7807","4am",12.205503,50.879857,36.91464
"7808","4am",8.262192,72.267131,19.47068
"7809","4am",13.304329,67.10942,19.58625
"7810","4am",9.398214,78.410018,12.19177
"7811","4am",16.403852,55.427949,28.1682
"7812","4am",29.768062,49.554507,20.67743
"7813","4am",16.814702,69.375889,13.80941
"7814","4am",11.320312,71.109604,17.57008
"7815","4am",18.365597,60.163995,21.47041
"7816","4am",17.672442,60.587876,21.73968
"9101","4am",23.294589,47.453971,29.25144
"9102","4am",11.641109,71.743722,16.61517
"9103","4am",6.568355,74.940731,18.49091
"9104","4am",14.119683,70.024126,15.85619
"9105","4am",12.177887,74.523746,13.29837
"9106","4am",17.880531,63.085222,19.03425
"9107","4am",26.494666,50.533591,22.97174
"9108","4am",19.007619,60.4986,20.49378
"9109","4am",17.556612,57.570918,24.87247
"9110","4am",19.253191,50.999736,29.74707
"9111","4am",23.072988,52.25953,24.66748
"9112","4am",10.383769,68.604524,21.01171
"9113","4am",17.564128,62.285812,20.15006
"9114","4am",10.444196,71.487191,18.06861
"9201","4am",26.175834,29.03377,44.7904
"9202","4am",22.318082,35.487086,42.19483
"9203","4am",34.768601,25.379837,39.85156
"9204","4am",29.704781,36.763608,33.53161
"9205","4am",32.258639,20.503575,47.23779
"9206","4am",25.3646,47.560562,27.07484
"9207","4am",26.155979,48.721403,25.12262
"9208","4am",25.746758,32.770123,41.48312
"9209","4am",31.252598,24.161371,44.58603
"9210","4am",26.43273,49.977247,23.59002
"9211","4am",24.483912,40.264255,35.25183
"9212","4am",27.298921,46.14517,26.55591
"9302","4am",24.082271,45.093689,30.82404
"9303","4am",39.549431,23.956108,36.49446
"9304","4am",35.394033,34.775959,29.83001
"9305","4am",24.277295,43.446248,32.27646
"9306","4am",30.184306,41.177364,28.63833
"9307","4am",22.895701,53.108001,23.9963
"9308","4am",24.957081,47.529231,27.51369
"9309","4am",20.26228,45.649918,34.0878
"9310","4am",30.419653,42.951124,26.62922
"9311","4am",35.145285,28.413392,36.44132
"9312","4am",39.247938,21.466387,39.28567
"9402","4am",33.312722,34.43585,32.25143
"9403","4am",28.627146,34.606514,36.76634
"9404","4am",22.943197,39.19985,37.85695
"9405","4am",13.59111,56.379836,30.02905
"9406","4am",25.441879,43.567989,30.99013
"9407","4am",29.910271,27.513954,42.57577
"9408","4am",28.17915,45.743911,26.07694
"9409","4am",35.553905,25.317329,39.12877
"9410","4am",23.660655,54.369781,21.96956
"9411","4am",26.333169,40.302105,33.36473
"9412","4am",20.540261,52.91778,26.54196
"9413","4am",20.648263,48.084958,31.26678
"9414","4am",19.310887,67.340211,13.3489
"9501","4am",21.065016,54.611186,24.3238
"9502","4am",19.472481,62.882387,17.64513
"9503","4am",12.648084,64.617761,22.73416
"9504","4am",15.910208,64.110813,19.97898
"9505","4am",21.590539,60.735462,17.674
"9506","4am",32.205053,38.632637,29.16231
"9507","4am",27.37752,32.990867,39.63161
"9508","4am",22.530976,45.332026,32.137
"9509","4am",20.061387,53.420372,26.51824
"9510","4am",19.35358,57.212018,23.4344
"9511","4am",17.384981,56.384464,26.23056
"9512","4am",19.915895,41.342761,38.74134
"9513","4am",15.073701,70.367648,14.55865
"7501","5am",35.603816,13.073427,51.32276
"7502","5am",30.026711,13.507303,56.46599
"7503","5am",35.308404,9.748384,54.94321
"7504","5am",35.395238,11.871728,52.73303
"7505","5am",36.014237,17.338643,46.64712
"7506","5am",43.433463,14.94328,41.62326
"7507","5am",40.299139,15.259823,44.44104
"7508","5am",37.386346,18.124029,44.48962
"7509","5am",40.044685,18.845192,41.11012
"7510","5am",34.927732,28.731373,36.3409
"7511","5am",38.311589,14.516072,47.17234
"7512","5am",35.387581,15.775642,48.83678
"7513","5am",45.151554,18.905308,35.94314
"7514","5am",40.313787,11.293772,48.39244
"7701","5am",12.072096,63.493834,24.43407
"7702","5am",17.447563,58.677425,23.87501
"7703","5am",10.398056,73.295015,16.30693
"7704","5am",16.142632,61.802697,22.05467
"7705","5am",12.083244,73.138416,14.77834
"7706","5am",7.718546,70.939023,21.34243
"7707","5am",6.458644,74.120138,19.42122
"7708","5am",26.897963,55.327538,17.7745
"7709","5am",10.034059,62.514662,27.45128
"7710","5am",15.671968,67.657024,16.67101
"7711","5am",19.178681,59.809634,21.01169
"7712","5am",15.595928,66.673552,17.73052
"7713","5am",10.578824,62.308631,27.11254
"7714","5am",16.935705,57.896353,25.16794
"7715","5am",12.389491,65.097766,22.51274
"7716","5am",19.547588,64.550783,15.90163
"7801","5am",31.983836,42.535269,25.48089
"7802","5am",30.374354,42.844711,26.78093
"7803","5am",21.267802,57.645392,21.08681
"7804","5am",27.852681,48.619059,23.52826
"7805","5am",16.058847,59.96172,23.97943
"7806","5am",13.575869,73.276842,13.14729
"7807","5am",11.657296,50.616785,37.72592
"7808","5am",7.218904,72.557351,20.22375
"7809","5am",11.919194,67.8871,20.19371
"7810","5am",9.528184,78.111448,12.36037
"7811","5am",16.343526,56.046147,27.61033
"7812","5am",29.347927,49.925395,20.72668
"7813","5am",16.733681,69.52345,13.74287
"7814","5am",11.356733,70.968251,17.67502
"7815","5am",15.899351,62.232979,21.86767
"7816","5am",16.493027,60.997781,22.50919
"9101","5am",23.208242,47.872638,28.91912
"9102","5am",9.896308,73.361095,16.7426
"9103","5am",6.72347,74.670759,18.60577
"9104","5am",13.478217,70.900617,15.62117
"9105","5am",12.342733,74.178886,13.47838
"9106","5am",16.899777,63.519511,19.58071
"9107","5am",26.091646,50.811048,23.09731
"9108","5am",19.352641,60.200875,20.44648
"9109","5am",17.017319,57.629144,25.35354
"9110","5am",19.272508,51.01167,29.71582
"9111","5am",23.206939,52.682714,24.11035
"9112","5am",10.475235,68.726558,20.79821
"9113","5am",17.588431,62.119864,20.2917
"9114","5am",10.444196,71.487191,18.06861
"9201","5am",25.824952,30.327831,43.84722
"9202","5am",22.721976,34.650967,42.62706
"9203","5am",34.601859,25.218027,40.18011
"9204","5am",28.247907,37.678084,34.07401
"9205","5am",32.656453,20.887359,46.45619
"9206","5am",25.365764,47.805213,26.82902
"9207","5am",26.252631,49.084078,24.66329
"9208","5am",25.530328,33.317426,41.15225
"9209","5am",31.30964,24.210222,44.48014
"9210","5am",27.161399,49.659491,23.17911
"9211","5am",24.24653,40.774351,34.97912
"9212","5am",27.244066,46.408613,26.34732
"9302","5am",22.580569,45.287409,32.13202
"9303","5am",39.155565,25.342009,35.50243
"9304","5am",34.523259,35.323387,30.15335
"9305","5am",24.048817,42.435,33.51618
"9306","5am",30.32707,40.933105,28.73983
"9307","5am",22.390717,52.93057,24.67871
"9308","5am",24.615406,47.991337,27.39326
"9309","5am",21.074964,44.830852,34.09418
"9310","5am",29.21581,43.892189,26.892
"9311","5am",35.376859,27.448362,37.17478
"9312","5am",38.084694,22.148533,39.76677
"9402","5am",33.442415,33.123172,33.43441
"9403","5am",29.059962,34.48219,36.45785
"9404","5am",22.441448,39.777607,37.78094
"9405","5am",13.814462,56.781364,29.40417
"9406","5am",25.084565,43.548662,31.36677
"9407","5am",28.997832,28.313539,42.68863
"9408","5am",28.304355,45.703625,25.99202
"9409","5am",35.192056,25.614426,39.19352
"9410","5am",23.341219,54.707771,21.95101
"9411","5am",25.637577,41.258565,33.10386
"9412","5am",19.150282,54.74422,26.1055
"9413","5am",20.935789,48.463119,30.60109
"9414","5am",19.362026,67.548321,13.08965
"9501","5am",20.536293,54.331486,25.13222
"9502","5am",19.568637,62.699099,17.73226
"9503","5am",11.863534,64.322445,23.81402
"9504","5am",15.678316,64.105675,20.21601
"9505","5am",18.678218,64.328348,16.99343
"9506","5am",31.931225,38.362909,29.70587
"9507","5am",26.79301,32.7751,40.43189
"9508","5am",21.176569,45.875436,32.948
"9509","5am",20.911324,51.945524,27.14315
"9510","5am",19.533366,57.12962,23.33701
"9511","5am",17.422868,56.289411,26.28772
"9512","5am",19.671145,40.483075,39.84578
"9513","5am",14.659494,70.412545,14.92796
"7501","6am",36.196077,13.27789,50.52603
"7502","6am",31.897246,15.04658,53.05617
"7503","6am",40.938183,10.0298,49.03201
"7504","6am",36.541701,13.84059,49.61771
"7505","6am",38.542072,15.76652,45.69141
"7506","6am",44.301127,17.00051,38.69836
"7507","6am",40.648066,16.71822,42.63371
"7508","6am",37.592386,18.50187,43.90575
"7509","6am",40.886006,19.36543,39.74856
"7510","6am",35.953149,28.57773,35.46912
"7511","6am",39.965151,14.94587,45.08898
"7512","6am",36.133107,16.18005,47.68685
"7513","6am",45.448182,17.91945,36.63237
"7514","6am",39.075513,13.18466,47.73982
"7701","6am",13.114074,63.6222,23.26373
"7702","6am",16.377072,59.52968,24.09325
"7703","6am",9.256619,73.78061,16.96277
"7704","6am",12.776845,63.42202,23.80114
"7705","6am",10.415276,74.14397,15.44075
"7706","6am",5.352321,71.62058,23.0271
"7707","6am",4.708434,74.72345,20.56812
"7708","6am",21.4551,58.76408,19.78082
"7709","6am",8.920148,60.37113,30.70872
"7710","6am",13.425616,68.76166,17.81273
"7711","6am",17.105755,61.84904,21.0452
"7712","6am",14.29243,67.43071,18.27686
"7713","6am",7.74879,61.97037,30.28084
"7714","6am",14.678395,58.79389,26.52771
"7715","6am",10.002697,67.38972,22.60758
"7716","6am",16.970966,66.609,16.42003
"7801","6am",30.629055,42.80418,26.56676
"7802","6am",28.708054,42.67845,28.6135
"7803","6am",20.455181,57.16576,22.37906
"7804","6am",26.19229,49.96759,23.84012
"7805","6am",15.767213,59.94604,24.28674
"7806","6am",9.510211,77.85497,12.63482
"7807","6am",8.025856,53.28105,38.6931
"7808","6am",7.155006,71.7591,21.08589
"7809","6am",10.708735,67.26213,22.02914
"7810","6am",8.754982,78.39154,12.85348
"7811","6am",14.513002,57.59733,27.88966
"7812","6am",27.74025,50.84803,21.41172
"7813","6am",14.777295,71.78001,13.44269
"7814","6am",10.657747,71.35119,17.99106
"7815","6am",13.310374,64.1077,22.58192
"7816","6am",15.961527,62.45467,21.5838
"9101","6am",20.715115,50.15163,29.13326
"9102","6am",8.838023,74.17478,16.9872
"9103","6am",6.462599,73.7716,19.7658
"9104","6am",13.375278,71.48384,15.14088
"9105","6am",11.05148,76.0293,12.91922
"9106","6am",16.621772,64.56215,18.81607
"9107","6am",24.81706,51.38002,23.80292
"9108","6am",18.363899,60.42553,21.21057
"9109","6am",15.837672,58.62596,25.53636
"9110","6am",17.384411,52.27057,30.34502
"9111","6am",21.742322,55.20535,23.05233
"9112","6am",9.178121,68.52896,22.29292
"9113","6am",17.674302,62.23511,20.09059
"9114","6am",10.471611,69.83607,19.69232
"9201","6am",23.699559,33.34965,42.95079
"9202","6am",21.62669,36.16951,42.2038
"9203","6am",34.582355,25.83723,39.58041
"9204","6am",28.958325,39.88517,31.15651
"9205","6am",33.752147,20.87247,45.37538
"9206","6am",25.168409,47.87834,26.95325
"9207","6am",26.800626,47.85761,25.34176
"9208","6am",26.194682,32.93503,40.87029
"9209","6am",31.602114,24.55792,43.83996
"9210","6am",27.50643,49.01565,23.47792
"9211","6am",24.919013,39.97033,35.11066
"9212","6am",26.813147,46.7486,26.43825
"9302","6am",20.437393,48.77543,30.78717
"9303","6am",40.306617,25.09638,34.597
"9304","6am",35.340453,32.99153,31.66802
"9305","6am",21.186696,43.66784,35.14547
"9306","6am",30.398834,40.38637,29.21479
"9307","6am",20.730601,52.56632,26.70308
"9308","6am",23.127131,47.79915,29.07372
"9309","6am",15.687252,48.77929,35.53346
"9310","6am",27.245451,44.30903,28.44551
"9311","6am",34.302217,27.26036,38.43742
"9312","6am",35.212998,24.76023,40.02677
"9402","6am",33.341151,33.37172,33.28712
"9403","6am",26.987065,36.42856,36.58438
"9404","6am",22.010152,40.92224,37.06761
"9405","6am",15.216534,56.0647,28.71876
"9406","6am",26.24853,42.95247,30.79901
"9407","6am",26.826494,29.95755,43.21595
"9408","6am",28.871523,44.86691,26.26157
"9409","6am",35.557608,27.11589,37.32651
"9410","6am",20.953823,55.54394,23.50223
"9411","6am",21.325911,44.57577,34.09832
"9412","6am",17.656237,54.43991,27.90385
"9413","6am",20.504177,48.37895,31.11687
"9414","6am",17.016911,68.66794,14.31515
"9501","6am",18.678122,54.96735,26.35453
"9502","6am",19.633461,63.17241,17.19412
"9503","6am",11.93628,62.38629,25.67743
"9504","6am",15.302963,64.55924,20.13779
"9505","6am",17.562824,63.88299,18.55419
"9506","6am",30.420044,39.32937,30.25059
"9507","6am",22.182546,34.09192,43.72553
"9508","6am",20.680139,46.00931,33.31055
"9509","6am",18.187084,51.64011,30.17281
"9510","6am",17.998817,56.85201,25.14918
"9511","6am",17.092138,55.24705,27.66081
"9512","6am",18.931335,39.81253,41.25614
"9513","6am",13.382853,70.69927,15.91787
"7501","7am",41.946292,14.75235,43.30136
"7502","7am",36.808302,14.34896,48.84274
"7503","7am",48.461724,10.30183,41.23645
"7504","7am",41.137067,13.99888,44.86405
"7505","7am",38.589049,14.82269,46.58826
"7506","7am",45.255932,17.95394,36.79013
"7507","7am",44.325779,14.69495,40.97927
"7508","7am",38.581626,17.61907,43.7993
"7509","7am",42.700531,19.73981,37.55966
"7510","7am",35.89395,30.00768,34.09837
"7511","7am",39.476828,19.29179,41.23138
"7512","7am",34.339626,16.95293,48.70745
"7513","7am",47.707416,18.3537,33.93888
"7514","7am",39.838596,11.67087,48.49053
"7701","7am",10.548579,66.62284,22.82858
"7702","7am",15.534773,62.59823,21.867
"7703","7am",8.74442,73.87877,17.37681
"7704","7am",11.855547,66.18288,21.96158
"7705","7am",7.292592,76.07237,16.63503
"7706","7am",4.430133,72.3047,23.26517
"7707","7am",6.126704,70.71418,23.15912
"7708","7am",18.61414,59.7998,21.58606
"7709","7am",6.876489,60.28749,32.83602
"7710","7am",10.207191,71.93339,17.85942
"7711","7am",12.207682,65.39717,22.39515
"7712","7am",8.482567,70.39853,21.11891
"7713","7am",3.38249,64.34311,32.2744
"7714","7am",11.439943,60.46337,28.09668
"7715","7am",7.862776,67.75833,24.37889
"7716","7am",12.593451,71.43878,15.96777
"7801","7am",30.671318,41.51144,27.81724
"7802","7am",24.302714,47.73962,27.95767
"7803","7am",18.83641,57.21071,23.95288
"7804","7am",24.913931,50.65478,24.43129
"7805","7am",12.651465,61.80075,25.54778
"7806","7am",8.472678,78.08493,13.44239
"7807","7am",6.171967,55.8161,38.01193
"7808","7am",4.127996,72.24264,23.62936
"7809","7am",4.337754,73.2941,22.36814
"7810","7am",4.157775,80.37512,15.4671
"7811","7am",10.399871,59.50892,30.0912
"7812","7am",25.380268,56.17795,18.44178
"7813","7am",9.378098,76.52157,14.10033
"7814","7am",3.930429,74.84374,21.22583
"7815","7am",9.687769,64.01981,26.29242
"7816","7am",14.048883,66.79449,19.15663
"9101","7am",17.880276,53.46139,28.65833
"9102","7am",4.962302,76.60502,18.43268
"9103","7am",3.187245,74.38065,22.4321
"9104","7am",13.703129,66.30204,19.99483
"9105","7am",5.567601,82.56552,11.86688
"9106","7am",13.662169,68.26651,18.07132
"9107","7am",21.132914,55.66698,23.2001
"9108","7am",15.448589,60.23785,24.31356
"9109","7am",13.621744,61.4784,24.89985
"9110","7am",16.885781,52.03411,31.08011
"9111","7am",18.207518,59.82793,21.96456
"9112","7am",6.556687,70.53736,22.90595
"9113","7am",14.835826,63.05111,22.11306
"9114","7am",7.973248,72.74662,19.28013
"9201","7am",24.160227,33.55946,42.28031
"9202","7am",20.976426,36.17475,42.84882
"9203","7am",36.905144,27.14391,35.95095
"9204","7am",28.574906,44.37267,27.05242
"9205","7am",37.786787,20.86738,41.34583
"9206","7am",27.975424,45.17224,26.85233
"9207","7am",23.560549,47.10626,29.33319
"9208","7am",28.990903,30.78349,40.2256
"9209","7am",36.398303,21.63521,41.96649
"9210","7am",24.000053,52.29987,23.70008
"9211","7am",25.525215,40.81434,33.66044
"9212","7am",25.779885,48.47155,25.74857
"9302","7am",20.15853,50.41625,29.42522
"9303","7am",42.556926,25.55473,31.88835
"9304","7am",33.278924,32.66279,34.05829
"9305","7am",24.755327,35.64098,39.60369
"9306","7am",25.903542,44.75153,29.34493
"9307","7am",14.273623,54.62337,31.103
"9308","7am",21.855523,48.69051,29.45396
"9309","7am",14.707348,48.9674,36.32525
"9310","7am",25.140486,45.38791,29.4716
"9311","7am",34.197898,26.78263,39.01947
"9312","7am",36.069321,27.98289,35.94778
"9402","7am",31.72493,35.73109,32.54398
"9403","7am",28.27456,35.31794,36.4075
"9404","7am",18.849615,47.45471,33.69567
"9405","7am",13.820018,56.52001,29.65997
"9406","7am",21.132353,47.64864,31.21901
"9407","7am",26.110428,28.85884,45.03073
"9408","7am",32.978315,42.95481,24.06687
"9409","7am",36.052945,24.59198,39.35508
"9410","7am",18.13465,56.86174,25.00361
"9411","7am",20.912895,46.61903,32.46808
"9412","7am",13.97924,51.73119,34.28957
"9413","7am",19.761313,45.29931,34.93937
"9414","7am",14.130411,70.40419,15.4654
"9501","7am",14.979637,57.2572,27.76316
"9502","7am",15.267937,68.02807,16.70399
"9503","7am",8.465267,63.18365,28.35109
"9504","7am",10.620414,64.59585,24.78374
"9505","7am",13.151896,67.54022,19.30788
"9506","7am",22.587973,41.44341,35.96862
"9507","7am",22.68534,35.12211,42.19255
"9508","7am",19.707346,44.52889,35.76376
"9509","7am",18.35525,49.27471,32.37004
"9510","7am",9.471171,62.5803,27.94853
"9511","7am",18.915046,51.71689,29.36807
"9512","7am",17.195475,34.8026,48.00193
"9513","7am",4.937486,75.85372,19.2088
"7501","8am",60.08124,10.933855,28.98491
"7502","8am",46.903263,11.596018,41.50072
"7503","8am",67.098229,9.122884,23.77889
"7504","8am",48.69904,14.060732,37.24023
"7505","8am",44.241096,12.797211,42.96169
"7506","8am",48.476123,18.920091,32.60379
"7507","8am",55.81298,11.621668,32.56535
"7508","8am",46.220235,16.158561,37.6212
"7509","8am",48.859974,17.039773,34.10025
"7510","8am",41.942163,27.119437,30.9384
"7511","8am",47.361551,15.528774,37.10968
"7512","8am",32.244681,16.775577,50.97974
"7513","8am",49.409526,15.828934,34.76154
"7514","8am",40.220847,9.991978,49.78718
"7701","8am",10.806225,63.070814,26.12296
"7702","8am",18.789166,58.785777,22.42506
"7703","8am",11.481189,71.522498,16.99631
"7704","8am",11.998599,62.012732,25.98867
"7705","8am",6.749383,77.797788,15.45283
"7706","8am",4.495524,72.615837,22.88864
"7707","8am",9.300055,69.929708,20.77024
"7708","8am",10.155716,60.006375,29.83791
"7709","8am",5.872844,63.644657,30.4825
"7710","8am",9.606121,64.683157,25.71072
"7711","8am",13.278364,64.217675,22.50396
"7712","8am",7.088087,70.84108,22.07083
"7713","8am",7.049125,62.323074,30.6278
"7714","8am",18.596106,54.961046,26.44285
"7715","8am",5.244988,70.839542,23.91547
"7716","8am",13.264209,72.773349,13.96244
"7801","8am",18.857737,42.917481,38.22478
"7802","8am",23.506291,47.581571,28.91214
"7803","8am",12.514868,63.5785,23.90663
"7804","8am",19.196266,51.724549,29.07918
"7805","8am",11.992034,62.663763,25.3442
"7806","8am",8.54946,76.859205,14.59134
"7807","8am",9.955294,53.236795,36.80791
"7808","8am",6.006088,67.227585,26.76633
"7809","8am",3.880704,74.016028,22.10327
"7810","8am",5.303163,74.300325,20.39651
"7811","8am",7.593149,60.261082,32.14577
"7812","8am",23.090741,58.527502,18.38176
"7813","8am",5.556321,79.207226,15.23645
"7814","8am",3.118035,72.136651,24.74531
"7815","8am",13.302658,55.716668,30.98067
"7816","8am",19.726835,63.080755,17.19241
"9101","8am",20.059132,54.337572,25.6033
"9102","8am",7.077911,73.328696,19.59339
"9103","8am",6.485914,69.955024,23.55906
"9104","8am",14.338217,64.03219,21.62959
"9105","8am",3.238721,81.691649,15.06963
"9106","8am",11.132716,70.936233,17.93105
"9107","8am",13.908368,59.289814,26.80182
"9108","8am",13.706757,62.705772,23.58747
"9109","8am",17.217393,63.208895,19.57371
"9110","8am",12.413668,58.455145,29.13119
"9111","8am",17.706267,63.285278,19.00846
"9112","8am",5.584335,71.388835,23.02683
"9113","8am",14.363235,64.820274,20.81649
"9114","8am",10.131517,67.896273,21.97221
"9201","8am",26.474216,36.348922,37.17686
"9202","8am",20.922273,38.276474,40.80125
"9203","8am",38.581205,26.032421,35.38637
"9204","8am",38.211445,40.210311,21.57824
"9205","8am",54.250169,18.541181,27.20865
"9206","8am",28.225701,46.454056,25.32024
"9207","8am",27.15396,43.224307,29.62173
"9208","8am",27.629401,31.426693,40.94391
"9209","8am",34.750426,26.637736,38.61184
"9210","8am",24.010977,47.019955,28.96907
"9211","8am",28.080755,40.220605,31.69864
"9212","8am",24.036125,47.203454,28.76042
"9302","8am",15.220036,52.341041,32.43892
"9303","8am",44.895233,25.067663,30.0371
"9304","8am",38.274851,31.644587,30.08056
"9305","8am",21.647938,34.78142,43.57064
"9306","8am",21.923737,47.159951,30.91631
"9307","8am",14.849686,50.673222,34.47709
"9308","8am",21.437777,41.807915,36.75431
"9309","8am",12.721587,54.914188,32.36422
"9310","8am",25.282434,45.557106,29.16046
"9311","8am",31.077014,28.677668,40.24532
"9312","8am",38.307876,29.06681,32.62531
"9402","8am",31.290507,31.54284,37.16665
"9403","8am",33.654231,34.132814,32.21295
"9404","8am",19.851922,46.390308,33.75777
"9405","8am",12.354898,60.777222,26.86788
"9406","8am",25.103991,46.629317,28.26669
"9407","8am",30.152041,30.733812,39.11415
"9408","8am",27.234469,44.727064,28.03847
"9409","8am",32.169205,28.192423,39.63837
"9410","8am",23.661779,57.050301,19.28792
"9411","8am",23.513315,41.46394,35.02275
"9412","8am",13.923615,53.337897,32.73849
"9413","8am",16.853379,45.870498,37.27612
"9414","8am",12.286135,70.493628,17.22024
"9501","8am",19.869773,54.642021,25.48821
"9502","8am",14.345951,70.605343,15.04871
"9503","8am",10.77034,61.845978,27.38368
"9504","8am",8.712467,59.33647,31.95106
"9505","8am",13.372904,66.855388,19.77171
"9506","8am",26.782053,38.632891,34.58506
"9507","8am",23.689733,38.017032,38.29323
"9508","8am",18.815592,45.285429,35.89898
"9509","8am",17.859183,45.457002,36.68381
"9510","8am",7.790771,60.01015,32.19908
"9511","8am",18.017864,52.319003,29.66313
"9512","8am",10.219071,35.134468,54.64646
"9513","8am",5.571082,72.743508,21.68541
"7501","9am",71.646321,8.018055,20.33562
"7502","9am",54.177511,12.046453,33.77604
"7503","9am",72.523009,9.152347,18.32464
"7504","9am",57.306957,12.579978,30.11307
"7505","9am",43.401176,12.058317,44.54051
"7506","9am",53.897107,18.954055,27.14884
"7507","9am",58.753655,12.559571,28.68677
"7508","9am",54.073137,13.54563,32.38123
"7509","9am",54.264501,16.884658,28.85084
"7510","9am",49.431838,25.480586,25.08758
"7511","9am",49.35239,17.409452,33.23816
"7512","9am",37.79057,16.117477,46.09195
"7513","9am",55.421072,14.450229,30.1287
"7514","9am",43.12568,10.962974,45.91135
"7701","9am",13.497448,59.762134,26.74042
"7702","9am",22.035196,55.515802,22.449
"7703","9am",10.661563,70.91292,18.42552
"7704","9am",14.108375,61.836582,24.05504
"7705","9am",5.192789,81.002994,13.80422
"7706","9am",3.138046,75.540859,21.3211
"7707","9am",8.006643,69.803277,22.19008
"7708","9am",12.286211,58.633477,29.08031
"7709","9am",6.717566,61.904087,31.37835
"7710","9am",9.476457,65.770909,24.75263
"7711","9am",14.008627,64.262879,21.72849
"7712","9am",6.222585,70.892181,22.88523
"7713","9am",6.652202,62.661386,30.68641
"7714","9am",19.042813,53.887535,27.06965
"7715","9am",4.253728,71.953142,23.79313
"7716","9am",12.339568,72.672023,14.98841
"7801","9am",17.813682,41.474186,40.71213
"7802","9am",20.111109,51.245184,28.64371
"7803","9am",10.4363,66.613546,22.95015
"7804","9am",18.81899,48.31558,32.86543
"7805","9am",11.619007,63.904813,24.47618
"7806","9am",7.202184,79.65968,13.13814
"7807","9am",10.823162,49.667364,39.50947
"7808","9am",4.870475,63.547732,31.58179
"7809","9am",6.523849,69.588415,23.88774
"7810","9am",5.326859,72.405372,22.26777
"7811","9am",9.74743,65.029772,25.2228
"7812","9am",23.285042,59.400198,17.31476
"7813","9am",5.235389,79.213904,15.55071
"7814","9am",2.470291,74.607438,22.92227
"7815","9am",11.739366,58.531384,29.72925
"7816","9am",22.278794,62.7385,14.98271
"9101","9am",20.834511,57.684167,21.48132
"9102","9am",7.520925,73.658623,18.82045
"9103","9am",8.138811,69.584777,22.27641
"9104","9am",13.030486,65.954687,21.01483
"9105","9am",3.132883,83.407823,13.45929
"9106","9am",14.339807,68.119735,17.54046
"9107","9am",12.450636,60.696259,26.85311
"9108","9am",12.489984,61.158702,26.35131
"9109","9am",19.543527,62.503812,17.95266
"9110","9am",13.259131,57.692483,29.04839
"9111","9am",19.234629,60.04218,20.72319
"9112","9am",6.953419,71.916473,21.13011
"9113","9am",17.41896,62.371559,20.20948
"9114","9am",11.129547,65.097553,23.7729
"9201","9am",32.040291,40.199525,27.76018
"9202","9am",22.801289,37.068949,40.12976
"9203","9am",46.44636,25.12689,28.42675
"9204","9am",44.805572,37.782188,17.41224
"9205","9am",62.938444,15.460062,21.60149
"9206","9am",35.115402,43.115758,21.76884
"9207","9am",34.544193,37.718405,27.7374
"9208","9am",36.480633,26.693299,36.82607
"9209","9am",40.724704,26.761235,32.51406
"9210","9am",25.020191,44.436607,30.5432
"9211","9am",29.537933,39.069385,31.39268
"9212","9am",26.35163,45.744288,27.90408
"9302","9am",11.704855,51.558946,36.7362
"9303","9am",48.086244,25.382562,26.53119
"9304","9am",40.698135,31.665561,27.6363
"9305","9am",22.03119,35.810389,42.15842
"9306","9am",19.945397,48.991418,31.06318
"9307","9am",13.456553,54.44904,32.09441
"9308","9am",22.08453,40.869129,37.04634
"9309","9am",13.282349,57.164258,29.55339
"9310","9am",25.556274,43.99888,30.44485
"9311","9am",32.157937,30.720558,37.12151
"9312","9am",43.152828,27.629553,29.21762
"9402","9am",31.486069,35.092298,33.42163
"9403","9am",36.796412,34.336164,28.86742
"9404","9am",21.328761,46.296571,32.37467
"9405","9am",12.184943,63.773715,24.04134
"9406","9am",27.401083,44.910983,27.68793
"9407","9am",28.624962,33.439126,37.93591
"9408","9am",27.000571,46.599023,26.40041
"9409","9am",34.13906,27.459286,38.40165
"9410","9am",23.352595,56.710151,19.93725
"9411","9am",22.06431,42.311231,35.62446
"9412","9am",10.012378,61.800701,28.18692
"9413","9am",18.333205,41.841166,39.82563
"9414","9am",14.417208,69.219072,16.36372
"9501","9am",21.904216,53.408367,24.68742
"9502","9am",16.13235,69.01075,14.8569
"9503","9am",11.936581,60.251755,27.81166
"9504","9am",8.113895,61.534873,30.35123
"9505","9am",12.194834,67.840138,19.96503
"9506","9am",24.980708,44.830643,30.18865
"9507","9am",25.544334,35.511751,38.94391
"9508","9am",19.449124,44.798172,35.7527
"9509","9am",18.779489,44.320755,36.89976
"9510","9am",8.413834,59.854116,31.73205
"9511","9am",17.672912,46.859613,35.46747
"9512","9am",8.644023,36.671936,54.68404
"9513","9am",6.041151,72.768785,21.19006
"7501","10am",70.658108,8.828078,20.51381
"7502","10am",55.459417,11.919038,32.62155
"7503","10am",73.418062,9.658972,16.92297
"7504","10am",58.236871,14.077806,27.68532
"7505","10am",45.225104,11.097634,43.67726
"7506","10am",57.273531,16.548854,26.17761
"7507","10am",58.981446,12.212929,28.80563
"7508","10am",56.237369,11.798952,31.96368
"7509","10am",54.545421,16.15979,29.29479
"7510","10am",48.746628,26.703405,24.54997
"7511","10am",49.971223,17.97172,32.05706
"7512","10am",36.608296,14.956941,48.43476
"7513","10am",52.810389,15.264687,31.92492
"7514","10am",37.862831,12.14077,49.9964
"7701","10am",13.569033,61.823925,24.60704
"7702","10am",22.113865,55.196287,22.68985
"7703","10am",10.601699,71.717269,17.68103
"7704","10am",13.616047,62.463428,23.92052
"7705","10am",4.0915,75.403189,20.50531
"7706","10am",2.550719,74.867518,22.58176
"7707","10am",7.818048,70.937583,21.24437
"7708","10am",9.661512,54.284719,36.05377
"7709","10am",6.34015,62.985686,30.67416
"7710","10am",8.012756,70.359941,21.6273
"7711","10am",13.832455,61.562516,24.60503
"7712","10am",5.631795,69.817248,24.55096
"7713","10am",7.443045,61.519797,31.03716
"7714","10am",19.555426,53.111612,27.33296
"7715","10am",5.356428,71.205279,23.43829
"7716","10am",13.219056,72.653954,14.12699
"7801","10am",15.795772,42.022459,42.18177
"7802","10am",16.633822,49.411893,33.95428
"7803","10am",11.932162,64.83856,23.22928
"7804","10am",19.009261,47.79302,33.19772
"7805","10am",11.265442,64.344954,24.3896
"7806","10am",5.453941,78.031575,16.51448
"7807","10am",10.533367,50.748845,38.71779
"7808","10am",3.942935,67.719978,28.33709
"7809","10am",6.358353,73.472952,20.16869
"7810","10am",5.555055,72.685787,21.75916
"7811","10am",8.725875,68.87989,22.39423
"7812","10am",22.717843,59.838727,17.44343
"7813","10am",3.855895,81.462981,14.68112
"7814","10am",2.85456,71.377293,25.76815
"7815","10am",10.894033,58.06622,31.03975
"7816","10am",23.75153,60.896597,15.35187
"9101","10am",20.192121,58.736608,21.07127
"9102","10am",7.121497,73.475029,19.40347
"9103","10am",10.966477,65.972013,23.06151
"9104","10am",12.45734,60.694508,26.84815
"9105","10am",3.027695,80.019056,16.95325
"9106","10am",16.050471,66.874885,17.07464
"9107","10am",11.51384,57.950646,30.53551
"9108","10am",12.890145,59.697692,27.41216
"9109","10am",19.96775,62.013269,18.01898
"9110","10am",13.047611,62.756797,24.19559
"9111","10am",17.271763,62.646721,20.08152
"9112","10am",6.805756,69.564489,23.62975
"9113","10am",17.850963,61.364102,20.78494
"9114","10am",12.426812,63.698285,23.8749
"9201","10am",30.643513,40.511118,28.84537
"9202","10am",23.559612,37.30946,39.13093
"9203","10am",46.03266,24.803205,29.16414
"9204","10am",45.773012,37.069522,17.15747
"9205","10am",62.480106,17.47363,20.04626
"9206","10am",33.357998,42.75636,23.88564
"9207","10am",35.330278,37.665216,27.00451
"9208","10am",35.129793,28.244682,36.62552
"9209","10am",41.691062,26.220962,32.08798
"9210","10am",25.083663,44.4635,30.45284
"9211","10am",28.061589,40.513153,31.42526
"9212","10am",24.828031,47.408511,27.76346
"9302","10am",14.647851,45.512761,39.83939
"9303","10am",45.458398,25.623107,28.91849
"9304","10am",41.576476,29.333988,29.08954
"9305","10am",27.765461,32.813533,39.42101
"9306","10am",21.888505,47.59119,30.5203
"9307","10am",12.908542,55.355238,31.73622
"9308","10am",22.986013,41.489419,35.52457
"9309","10am",14.679625,54.440092,30.88028
"9310","10am",24.3191,44.540123,31.14078
"9311","10am",32.373248,30.719549,36.9072
"9312","10am",43.296097,27.862942,28.84096
"9402","10am",29.525858,37.376181,33.09796
"9403","10am",41.208768,30.364657,28.42657
"9404","10am",21.945615,47.757133,30.29725
"9405","10am",11.345022,64.361585,24.29339
"9406","10am",27.957001,42.136491,29.90651
"9407","10am",24.851679,32.556187,42.59213
"9408","10am",25.262501,45.955934,28.78157
"9409","10am",32.05389,28.807295,39.13881
"9410","10am",24.30286,55.206086,20.49105
"9411","10am",22.821181,44.8305,32.34832
"9412","10am",10.713322,60.350135,28.93654
"9413","10am",17.648472,43.716627,38.6349
"9414","10am",14.07103,68.198911,17.73006
"9501","10am",23.735191,53.977642,22.28717
"9502","10am",15.537406,68.657147,15.80545
"9503","10am",12.060251,60.967894,26.97186
"9504","10am",6.974324,62.354017,30.67166
"9505","10am",11.348765,69.753797,18.89744
"9506","10am",28.56108,48.359259,23.07966
"9507","10am",24.321389,35.586798,40.09181
"9508","10am",20.07931,45.527998,34.39269
"9509","10am",16.36925,48.663519,34.96723
"9510","10am",5.828077,56.985201,37.18672
"9511","10am",18.743778,45.017126,36.2391
"9512","10am",8.02111,34.215265,57.76363
"9513","10am",6.027295,69.21701,24.7557
"7501","11am",65.405115,8.141788,26.4531
"7502","11am",54.578231,11.001179,34.42059
"7503","11am",72.723199,8.733011,18.54379
"7504","11am",56.374987,12.83527,30.78974
"7505","11am",44.627467,10.274632,45.0979
"7506","11am",57.821664,14.917071,27.26127
"7507","11am",57.841716,12.413351,29.74493
"7508","11am",54.822643,12.297053,32.8803
"7509","11am",54.243571,15.435504,30.32092
"7510","11am",47.930534,25.05518,27.01429
"7511","11am",48.565313,18.192539,33.24215
"7512","11am",38.878186,13.719022,47.40279
"7513","11am",49.396189,16.427974,34.17584
"7514","11am",39.119365,12.547828,48.33281
"7701","11am",16.417358,61.030493,22.55215
"7702","11am",21.20963,54.605454,24.18492
"7703","11am",10.763596,71.781961,17.45444
"7704","11am",13.564223,59.611263,26.82451
"7705","11am",6.206374,76.967685,16.82594
"7706","11am",3.195635,71.248087,25.55628
"7707","11am",7.816052,72.16881,20.01514
"7708","11am",7.760431,59.294187,32.94538
"7709","11am",7.409051,62.736063,29.85489
"7710","11am",12.160637,67.649728,20.18964
"7711","11am",13.63574,62.472156,23.8921
"7712","11am",6.682187,66.330115,26.9877
"7713","11am",8.682498,60.417518,30.89998
"7714","11am",18.685604,51.399496,29.9149
"7715","11am",5.188121,72.34396,22.46792
"7716","11am",13.849917,72.733322,13.41676
"7801","11am",19.030408,41.341177,39.62842
"7802","11am",14.695175,50.406887,34.89794
"7803","11am",11.877182,63.292703,24.83012
"7804","11am",13.666409,49.737978,36.59561
"7805","11am",10.936023,65.6001,23.46388
"7806","11am",5.007038,81.182001,13.81096
"7807","11am",10.012978,48.198439,41.78858
"7808","11am",3.81579,66.91552,29.26869
"7809","11am",6.388817,72.545076,21.06611
"7810","11am",4.242748,72.746507,23.01074
"7811","11am",5.960411,66.522178,27.51741
"7812","11am",19.919372,58.453263,21.62737
"7813","11am",4.458261,81.220877,14.32086
"7814","11am",1.717536,69.397545,28.88492
"7815","11am",9.546447,61.184216,29.26934
"7816","11am",23.023945,59.351946,17.62411
"9101","11am",19.552407,58.75611,21.69148
"9102","11am",7.230702,72.878368,19.89093
"9103","11am",11.255569,67.940832,20.8036
"9104","11am",15.185781,57.827568,26.98665
"9105","11am",3.593997,78.845221,17.56078
"9106","11am",15.319724,66.253451,18.42683
"9107","11am",10.508208,58.422695,31.0691
"9108","11am",11.329465,60.219873,28.45066
"9109","11am",18.733173,63.297313,17.96951
"9110","11am",13.049717,59.740147,27.21014
"9111","11am",17.65241,61.742092,20.6055
"9112","11am",6.664836,73.446832,19.88833
"9113","11am",15.030027,65.556673,19.4133
"9114","11am",11.315406,59.859598,28.825
"9201","11am",32.777361,37.46291,29.75973
"9202","11am",23.945608,36.176375,39.87802
"9203","11am",44.527309,25.988593,29.4841
"9204","11am",44.518599,35.851508,19.62989
"9205","11am",62.796253,16.160125,21.04362
"9206","11am",29.257952,46.120159,24.62189
"9207","11am",36.070631,34.385261,29.54411
"9208","11am",36.071291,26.582952,37.34576
"9209","11am",40.009353,26.645119,33.34553
"9210","11am",24.600118,45.384661,30.01522
"9211","11am",28.442775,39.587454,31.96977
"9212","11am",24.731402,48.009825,27.25877
"9302","11am",14.354128,50.79175,34.85412
"9303","11am",44.268341,30.181785,25.54987
"9304","11am",40.006428,29.497141,30.49643
"9305","11am",23.268435,31.403126,45.32844
"9306","11am",20.878495,50.894265,28.22724
"9307","11am",12.45528,51.66853,35.87619
"9308","11am",22.851549,44.694041,32.45441
"9309","11am",12.381372,53.634777,33.98385
"9310","11am",23.264769,43.35325,33.38198
"9311","11am",29.952781,31.956977,38.09024
"9312","11am",42.761678,27.748458,29.48986
"9402","11am",27.920094,36.917409,35.1625
"9403","11am",41.530953,30.069046,28.4
"9404","11am",19.252091,48.865986,31.88192
"9405","11am",13.356314,61.398142,25.24554
"9406","11am",27.108543,41.798659,31.0928
"9407","11am",25.270505,33.645857,41.08364
"9408","11am",26.892963,42.761908,30.34513
"9409","11am",30.829697,29.055417,40.11489
"9410","11am",25.60884,54.013185,20.37798
"9411","11am",20.457053,43.759146,35.7838
"9412","11am",10.755533,59.18881,30.05566
"9413","11am",16.727316,45.280173,37.99251
"9414","11am",13.214862,67.659296,19.12584
"9501","11am",24.81676,48.598126,26.58511
"9502","11am",14.167137,67.860225,17.97264
"9503","11am",10.125126,60.638559,29.23632
"9504","11am",9.273407,63.68865,27.03794
"9505","11am",9.62232,71.031124,19.34656
"9506","11am",26.538428,44.156201,29.30537
"9507","11am",27.751756,30.487402,41.76084
"9508","11am",20.614306,42.761906,36.62379
"9509","11am",13.948055,52.856995,33.19495
"9510","11am",7.309962,57.981366,34.70867
"9511","11am",19.718511,44.992888,35.2886
"9512","11am",8.973932,35.93847,55.0876
"9513","11am",5.346336,71.523862,23.1298
"7501","12am",52.401333,8.351954,39.24671
"7502","12am",45.942352,11.195352,42.8623
"7503","12am",58.265716,7.900125,33.83416
"7504","12am",48.27531,12.986234,38.73846
"7505","12am",39.628918,9.948477,50.42261
"7506","12am",51.672117,13.107967,35.21992
"7507","12am",52.643391,9.83853,37.51808
"7508","12am",50.194684,11.287823,38.51749
"7509","12am",47.777413,14.456112,37.76648
"7510","12am",43.618231,24.985155,31.39661
"7511","12am",43.48267,17.219862,39.29747
"7512","12am",35.095311,12.938206,51.96648
"7513","12am",46.288046,14.432231,39.27972
"7514","12am",36.758494,10.910923,52.33058
"7701","12am",15.393742,59.417412,25.18885
"7702","12am",18.842749,52.038113,29.11914
"7703","12am",11.760855,69.571085,18.66806
"7704","12am",12.726593,56.814968,30.45844
"7705","12am",5.694473,82.442758,11.86277
"7706","12am",2.641863,72.12824,25.2299
"7707","12am",7.384789,73.806886,18.80833
"7708","12am",11.685006,58.355236,29.95976
"7709","12am",7.038248,62.875796,30.08596
"7710","12am",10.799466,63.342119,25.85841
"7711","12am",13.21583,62.569188,24.21498
"7712","12am",7.704484,65.852027,26.44349
"7713","12am",8.793179,59.279013,31.92781
"7714","12am",16.437513,53.910467,29.65202
"7715","12am",4.426174,73.642611,21.93121
"7716","12am",11.829437,72.913749,15.25681
"7801","12am",16.197615,39.590202,44.21218
"7802","12am",16.548748,52.579438,30.87181
"7803","12am",11.322103,62.047219,26.63068
"7804","12am",10.815225,48.055091,41.12968
"7805","12am",12.308704,62.363915,25.32738
"7806","12am",5.713316,78.040592,16.24609
"7807","12am",10.466598,44.606721,44.92668
"7808","12am",2.676551,68.266841,29.05661
"7809","12am",4.742738,72.504881,22.75238
"7810","12am",2.928716,78.447135,18.62415
"7811","12am",6.177425,64.329894,29.49268
"7812","12am",17.020363,56.010375,26.96926
"7813","12am",3.728675,79.234804,17.03652
"7814","12am",1.688534,69.58878,28.72269
"7815","12am",8.290401,63.883572,27.82603
"7816","12am",21.319701,55.207327,23.47297
"9101","12am",18.87627,51.586448,29.53728
"9102","12am",6.53287,71.463532,22.0036
"9103","12am",11.766511,65.094764,23.13872
"9104","12am",12.960134,61.314999,25.72487
"9105","12am",4.105952,78.632117,17.26193
"9106","12am",12.573728,64.101734,23.32454
"9107","12am",8.268532,61.025434,30.70603
"9108","12am",9.837939,63.874898,26.28716
"9109","12am",17.039928,58.976037,23.98403
"9110","12am",12.657022,62.842003,24.50097
"9111","12am",18.357538,62.278505,19.36396
"9112","12am",6.478597,74.422473,19.09893
"9113","12am",15.572231,61.963365,22.4644
"9114","12am",9.942437,63.140449,26.91711
"9201","12am",29.256869,36.016657,34.72647
"9202","12am",21.328496,38.938608,39.7329
"9203","12am",36.667415,24.1078,39.22479
"9204","12am",36.078539,35.721194,28.20027
"9205","12am",54.446136,13.942426,31.61144
"9206","12am",21.851511,46.621173,31.52732
"9207","12am",32.116963,35.767647,32.11539
"9208","12am",32.130724,23.91005,43.95923
"9209","12am",36.148902,23.340432,40.51067
"9210","12am",22.463488,46.300373,31.23614
"9211","12am",24.985576,39.7996,35.21482
"9212","12am",24.5597,48.993174,26.44713
"9302","12am",13.005965,47.559933,39.4341
"9303","12am",43.251316,25.170348,31.57834
"9304","12am",35.828741,27.851218,36.32004
"9305","12am",26.308817,32.665357,41.02583
"9306","12am",20.039195,49.989309,29.9715
"9307","12am",12.668598,51.056064,36.27534
"9308","12am",20.908281,47.495687,31.59603
"9309","12am",11.602834,53.594887,34.80228
"9310","12am",22.359839,42.989564,34.6506
"9311","12am",27.714524,32.820629,39.46485
"9312","12am",41.871009,24.688983,33.44001
"9402","12am",26.613984,34.767817,38.6182
"9403","12am",37.100604,28.136397,34.763
"9404","12am",16.530891,51.393831,32.07528
"9405","12am",12.553677,58.315475,29.13085
"9406","12am",23.183112,39.988329,36.82856
