"district","hour","occ1","occ2","occ3","occ4","occ5"
"7501","4am",62.43513,10.521432,7.507853,17.84513,1.69046
"7502","4am",52.72616,14.483228,4.680159,21.6556,6.454858
"7503","4am",59.08243,11.827818,5.979404,15.94955,7.160798
"7504","4am",62.03842,8.637256,10.696117,12.68909,5.93911
"7505","4am",58.85054,9.80413,8.503612,15.24598,7.59574
"7506","4am",60.10971,8.854794,6.346293,19.89164,4.797556
"7507","4am",56.21537,13.702926,6.721946,17.88031,5.479448
"7508","4am",55.20734,12.649665,5.432615,21.17115,5.53923
"7509","4am",56.23339,11.240381,4.042704,20.75466,7.728861
"7510","4am",49.19305,10.600577,4.713062,23.46909,12.024215
"7511","4am",56.27223,10.594641,6.759561,18.59869,7.774873
"7512","4am",58.32828,8.724506,8.205598,16.30832,8.433296
"7513","4am",52.22391,11.04825,9.674426,17.88298,9.170433
"7514","4am",54.73596,8.869197,9.420649,18.75508,8.219116
"7701","4am",65.0745,10.365482,5.917939,12.64469,5.997388
"7702","4am",60.24067,9.444718,6.521183,15.40232,8.391115
"7703","4am",63.72429,8.290638,5.373548,17.20247,5.409053
"7704","4am",53.70349,6.957631,5.636406,21.14431,12.558166
"7705","4am",63.22525,8.580825,6.547376,18.13337,3.513172
"7706","4am",55.29093,4.854358,7.476233,25.17655,7.201929
"7707","4am",53.2283,4.592728,6.982396,24.43855,10.75802
"7708","4am",60.94119,7.086986,5.323375,21.33542,5.313033
"7709","4am",62.15045,7.638923,3.540968,21.74423,4.925427
"7710","4am",58.94304,8.087916,6.556302,19.6177,6.795046
"7711","4am",58.1325,9.953,5.746014,19.33921,6.829271
"7712","4am",51.80784,8.931388,6.577297,22.61707,10.066401
"7713","4am",45.93438,6.069116,7.244058,28.13858,12.613866
"7714","4am",53.25252,9.324244,4.883584,25.6969,6.842756
"7715","4am",53.932,4.373928,5.885694,26.2475,9.560883
"7716","4am",66.17442,9.522369,5.819845,12.50119,5.982174
"7801","4am",64.30399,8.258737,3.225069,20.14801,4.0642
"7802","4am",49.78044,10.856956,5.091582,23.15674,11.114282
"7803","4am",56.46502,11.702358,5.170067,19.94264,6.719921
"7804","4am",50.60013,9.187574,6.310201,26.07179,7.830308
"7805","4am",57.51778,7.148356,6.189512,18.02377,11.120573
"7806","4am",54.4007,8.405758,5.776568,22.61617,8.800796
"7807","4am",42.72399,10.739464,10.048785,25.26358,11.224185
"7808","4am",60.79152,8.823624,5.201192,16.21459,8.969071
"7809","4am",61.68762,7.449812,5.729116,19.19589,5.937563
"7810","4am",51.19218,6.558383,5.528871,25.16213,11.558439
"7811","4am",57.68409,5.252406,3.292109,26.83295,6.938446
"7812","4am",53.69698,11.271298,4.234559,23.24128,7.555879
"7813","4am",53.92541,10.788699,6.251854,19.07274,9.9613
"7814","4am",58.88708,6.677425,3.950307,23.38884,7.096343
"7815","4am",55.10188,5.9684,3.746317,22.98311,12.20029
"7816","4am",67.56901,9.150304,4.712151,12.45734,6.111193
"9101","4am",57.91732,11.507358,8.600839,13.59253,8.381955
"9102","4am",59.83588,5.416076,4.087275,23.87327,6.787497
"9103","4am",59.09187,5.07944,5.607018,23.93883,6.28284
"9104","4am",59.39791,5.822854,3.422616,23.24741,8.109215
"9105","4am",61.49592,9.048846,5.418669,17.49677,6.539796
"9106","4am",55.60843,8.619685,6.630547,20.82361,8.317726
"9107","4am",57.21038,7.201506,5.557942,23.86288,6.167294
"9108","4am",55.6978,8.695308,5.670278,22.19371,7.742908
"9109","4am",60.20241,5.18055,5.51014,24.37672,4.730174
"9110","4am",55.89373,7.535081,7.705902,18.66069,10.204595
"9111","4am",59.10994,10.189303,5.518977,18.10507,7.076715
"9112","4am",59.05098,7.260502,5.978206,22.68002,5.030285
"9113","4am",58.89567,8.95883,4.750529,22.76405,4.630924
"9114","4am",52.6892,11.688514,4.359959,23.81742,7.444912
"9201","4am",56.45,9.25165,8.190011,17.87429,8.234047
"9202","4am",57.93009,8.72475,7.986352,18.82002,6.538789
"9203","4am",57.47884,7.311639,6.967787,19.54858,8.69315
"9204","4am",58.53624,9.584825,7.897326,16.0368,7.944805
"9205","4am",64.09563,8.798492,6.283972,15.4627,5.359207
"9206","4am",61.83763,7.207874,5.289419,18.46903,7.196048
"9207","4am",58.00465,9.203932,4.487233,21.45274,6.851442
"9208","4am",58.05355,8.77288,5.762453,20.33249,7.078625
"9209","4am",63.00408,8.390229,5.810795,18.61466,4.180237
"9210","4am",57.32655,8.650654,4.871389,22.2927,6.858706
"9211","4am",57.33036,9.48121,6.424593,20.84099,5.922846
"9212","4am",57.92278,9.1542,3.782106,22.47019,6.670727
"9302","4am",56.1877,7.529678,4.747975,24.36376,7.170889
"9303","4am",51.90381,8.436827,9.733854,17.61093,12.314577
"9304","4am",55.02997,7.6608,10.706571,17.28499,9.317674
"9305","4am",50.11154,10.866361,9.791354,18.00759,11.223156
"9306","4am",56.8047,8.976596,6.346574,22.63863,5.233498
"9307","4am",46.81745,9.005788,7.695575,17.88324,18.597942
"9308","4am",52.02912,8.010395,9.048539,19.45714,11.454805
"9309","4am",53.9067,9.264426,9.236596,15.44418,12.148092
"9310","4am",52.23537,9.008738,9.073777,17.66901,12.013108
"9311","4am",48.00993,11.117863,10.98126,17.02197,12.868972
"9312","4am",50.29384,9.214641,12.040887,14.40493,14.045707
"9402","4am",52.29729,10.552244,8.661485,19.04283,9.446153
"9403","4am",54.96881,13.410726,7.219504,17.29615,7.10481
"9404","4am",55.71791,9.203102,7.544319,18.17991,9.354751
"9405","4am",61.554,6.86756,5.425718,20.32531,5.827413
"9406","4am",55.51355,10.487702,8.326736,18.11449,7.557521
"9407","4am",58.96384,6.979403,6.499132,20.87868,6.678946
"9408","4am",55.97134,7.286051,6.367411,24.69407,5.681131
"9409","4am",60.76567,7.756508,5.817028,20.36106,5.299734
"9410","4am",58.74429,10.920918,4.867604,19.15824,6.308942
"9411","4am",55.91424,6.544641,8.182749,19.14634,10.212027
"9412","4am",62.39379,8.893169,7.072519,15.31025,6.330271
"9413","4am",54.24205,8.846652,8.487428,18.7234,9.700465
"9414","4am",57.11593,10.226313,3.796977,20.48776,8.373021
"9501","4am",59.05898,14.702258,7.173649,12.14146,6.923656
"9502","4am",58.54161,9.100321,6.865341,16.83489,8.657836
"9503","4am",61.73131,4.232887,7.831383,21.00947,5.194941
"9504","4am",61.31084,7.876722,3.224815,21.22139,6.366234
"9505","4am",56.41959,10.553057,2.788783,19.80074,10.437823
"9506","4am",50.67253,12.425156,12.053145,14.92492,9.924251
"9507","4am",46.35415,10.241468,11.931443,15.59726,15.875676
"9508","4am",54.61829,7.744061,8.898293,17.26659,11.472769
"9509","4am",60.5568,8.236572,5.803026,18.55463,6.848974
"9510","4am",59.3519,6.482797,5.800777,20.00134,8.363191
"9511","4am",58.27417,5.891778,5.479008,24.46371,5.891327
"9512","4am",56.10516,10.11906,5.699887,19.78181,8.294089
"9513","4am",58.86021,6.449237,4.270306,21.45648,8.96376
"7501","5am",63.74103,9.88238,7.322719,17.40509,1.648776
"7502","5am",52.92422,14.422548,4.660551,21.56487,6.427814
"7503","5am",60.19277,11.50686,5.817148,15.51674,6.966483
"7504","5am",61.70104,8.467995,10.880918,12.90833,6.041722
"7505","5am",59.04834,9.757003,8.462736,15.17269,7.559228
"7506","5am",60.33417,8.606267,6.351214,19.90707,4.801276
"7507","5am",55.87948,13.808046,6.773513,18.01748,5.521483
"7508","5am",55.27963,12.629252,5.423848,21.13698,5.530291
"7509","5am",56.20762,11.286646,4.040157,20.74159,7.723991
"7510","5am",49.96592,10.439323,4.641368,23.11209,11.841305
"7511","5am",56.95329,10.429632,6.654282,18.30902,7.653781
"7512","5am",58.30614,8.729143,8.209959,16.31698,8.437778
"7513","5am",52.42054,11.002778,9.634609,17.80938,9.13269
"7514","5am",53.86509,9.039839,9.601901,19.11592,8.377251
"7701","5am",63.92143,10.7077,6.11332,13.06216,6.195392
"7702","5am",59.67233,9.579724,6.614399,15.62248,8.511061
"7703","5am",64.3163,7.913425,5.332305,17.07043,5.367537
"7704","5am",52.70696,7.107393,5.757729,21.59944,12.828478
"7705","5am",61.32825,8.787919,6.939818,19.22027,3.723748
"7706","5am",53.62677,5.035046,7.754512,26.11367,7.469998
"7707","5am",52.13351,4.700231,7.145833,25.01059,11.009834
"7708","5am",58.58287,7.514888,5.644793,22.62362,5.633827
"7709","5am",62.47041,7.574346,3.511034,21.56042,4.88379
"7710","5am",58.8719,8.187577,6.55063,19.60073,6.789167
"7711","5am",58.14579,9.949841,5.74419,19.33307,6.827103
"7712","5am",50.83735,9.111249,6.709751,23.07253,10.269118
"7713","5am",44.42607,6.238431,7.446151,28.92359,12.965765
"7714","5am",52.56456,9.508346,4.744961,26.20427,6.977862
"7715","5am",52.87935,4.473871,6.02018,26.84725,9.779347
"7716","5am",65.16062,9.807768,5.994274,12.87587,6.161468
"7801","5am",63.39331,8.469433,3.307346,20.66202,4.167886
"7802","5am",49.3982,10.939592,5.130336,23.333,11.198877
"7803","5am",56.4337,11.710776,5.173785,19.95698,6.724755
"7804","5am",50.73688,9.162139,6.292732,25.99962,7.808631
"7805","5am",56.96963,7.240592,6.269376,18.25634,11.264063
"7806","5am",53.87254,8.495393,5.844676,22.88283,8.904561
"7807","5am",40.71989,11.11524,10.400393,26.14755,11.616921
"7808","5am",59.74018,8.763526,5.391445,16.8077,9.297148
"7809","5am",61.33196,7.278772,5.552945,19.73271,6.103609
"7810","5am",50.57905,6.64077,5.598325,25.47822,11.703637
"7811","5am",57.83027,5.234262,3.280737,26.74025,6.914478
"7812","5am",53.59434,11.296282,4.243946,23.2928,7.572628
"7813","5am",54.6197,10.741181,6.224318,18.49738,9.917426
"7814","5am",57.98108,6.824576,4.037361,23.90426,7.252726
"7815","5am",54.38081,6.064253,3.806483,23.35223,12.396228
"7816","5am",66.71607,9.244615,4.865703,12.86328,6.310336
"9101","5am",58.36403,11.385208,8.509541,13.44824,8.29298
"9102","5am",59.73643,5.535141,4.177128,23.61459,6.936711
"9103","5am",59.12424,4.301019,5.723772,24.43731,6.413666
"9104","5am",59.04872,5.872931,3.452051,23.44734,8.178956
"9105","5am",61.03853,9.156338,5.483037,17.70461,6.617483
"9106","5am",54.67677,8.80059,6.769704,21.26064,8.492293
"9107","5am",56.04176,7.398185,5.709733,24.5146,6.335728
"9108","5am",54.79877,8.871762,5.785346,22.64409,7.900035
"9109","5am",59.50692,5.271085,5.606434,24.80273,4.812838
"9110","5am",54.5445,7.765582,7.941628,19.23153,10.516758
"9111","5am",59.94524,9.981155,5.406235,17.73522,6.932151
"9112","5am",58.9734,7.067315,6.026255,22.86231,5.070715
"9113","5am",58.38295,9.070579,4.809785,23.048,4.688688
"9114","5am",52.6892,11.688514,4.359959,23.81742,7.444912
"9201","5am",56.36963,9.268724,8.205126,17.90728,8.249243
"9202","5am",57.52958,8.807811,8.062383,18.99918,6.601039
"9203","5am",56.93012,7.598535,7.019603,19.69395,8.757796
"9204","5am",58.3068,9.637864,7.941027,16.12554,7.988769
"9205","5am",63.99916,8.822133,6.300856,15.50424,5.373607
"9206","5am",62.16194,7.14662,5.244469,18.31208,7.134895
"9207","5am",57.85842,9.235981,4.502858,21.52744,6.8753
"9208","5am",58.09303,8.764625,5.75703,20.31336,7.071964
"9209","5am",62.94015,8.404727,5.820836,18.64683,4.18746
"9210","5am",57.27513,8.661077,4.877259,22.31956,6.86697
"9211","5am",57.13285,9.525096,6.454331,20.93746,5.950262
"9212","5am",57.70072,9.20251,3.802066,22.58877,6.705931
"9302","5am",54.15973,7.878208,4.967748,25.4915,7.502812
"9303","5am",51.72505,8.468184,9.770032,17.67639,12.360346
"9304","5am",54.52624,7.746611,10.8265,17.4786,9.422045
"9305","5am",48.38088,11.243321,10.131022,18.63228,11.612494
"9306","5am",56.31654,9.078042,6.418298,22.89447,5.292643
"9307","5am",45.22645,9.275204,7.925795,18.41823,19.154315
"9308","5am",50.99653,8.182821,9.243311,19.87596,11.701373
"9309","5am",53.60704,9.324657,9.296646,15.54459,12.22707
"9310","5am",51.0182,9.238304,9.305001,18.11926,12.319233
"9311","5am",45.77714,11.595337,11.452867,17.75301,13.42165
"9312","5am",48.82561,9.486825,12.396554,14.83042,14.460592
"9402","5am",51.60374,10.660445,8.940806,19.04423,9.750779
"9403","5am",54.74849,13.476339,7.254825,17.38077,7.139571
"9404","5am",56.20338,8.780424,7.530816,18.14738,9.338008
"9405","5am",62.25143,6.742978,5.327292,19.9566,5.7217
"9406","5am",53.87093,10.87495,8.634193,18.78335,7.836575
"9407","5am",58.86685,6.995899,6.514493,20.92803,6.694732
"9408","5am",55.13353,7.424695,6.488575,25.16396,5.789236
"9409","5am",60.74043,7.761497,5.82077,20.37416,5.303143
"9410","5am",58.33765,11.028561,4.915581,19.34708,6.371127
"9411","5am",55.48064,6.60901,8.26323,19.33465,10.312466
"9412","5am",62.09996,8.733047,7.184334,15.5523,6.430352
"9413","5am",53.6429,8.962489,8.598561,18.96856,9.827481
"9414","5am",56.81216,10.118838,3.84479,20.74576,8.478459
"9501","5am",57.41678,15.415464,7.177794,12.73044,7.259523
"9502","5am",58.36108,9.139949,6.895237,16.9082,8.695538
"9503","5am",60.49771,4.40336,8.146781,21.54799,5.40416
"9504","5am",60.20332,8.102201,3.317129,21.82887,6.548474
"9505","5am",57.2389,10.25628,3.116637,19.2439,10.144286
"9506","5am",49.8822,12.624231,12.24626,15.16405,10.083257
"9507","5am",45.851,10.337524,12.04335,15.74355,16.024576
"9508","5am",52.92161,8.033586,9.230971,17.91213,11.901698
"9509","5am",59.70935,8.413538,5.927706,18.95328,6.996127
"9510","5am",59.50409,6.458524,5.779057,19.92645,8.331878
"9511","5am",58.19241,5.903323,5.489744,24.51165,5.90287
"9512","5am",54.93891,10.387914,5.851328,20.30739,8.514455
"9513","5am",58.89836,6.443257,4.266347,21.43659,8.95545
"7501","6am",64.59366,9.649998,7.150527,16.99581,1.610005
"7502","6am",53.79853,14.018498,4.529985,20.96072,6.692265
"7503","6am",63.93593,10.424845,5.270149,14.05767,6.31141
"7504","6am",64.07955,8.102115,10.410782,12.35059,5.056963
"7505","6am",58.32056,9.994533,8.668758,15.27289,7.743254
"7506","6am",62.89396,8.187497,5.913409,18.53482,4.470312
"7507","6am",56.86688,13.626062,6.593538,17.53874,5.374775
"7508","6am",56.68429,12.35596,5.306478,20.24265,5.410618
"7509","6am",55.86965,11.373751,4.071337,20.90166,7.783601
"7510","6am",49.87088,10.42005,4.632799,23.25683,11.819444
"7511","6am",56.72496,10.484952,6.689577,18.40613,7.694377
"7512","6am",58.21372,8.428311,8.274123,16.58013,8.503723
"7513","6am",50.21084,11.696954,10.242466,18.93299,8.916752
"7514","6am",53.66754,9.078548,9.643016,19.19777,8.413122
"7701","6am",64.78874,10.161272,6.191569,12.58373,6.274692
"7702","6am",59.08888,9.919093,6.666906,15.7465,8.578624
"7703","6am",63.14026,6.844428,5.724151,18.52919,5.761972
"7704","6am",50.55551,6.994669,5.421724,23.23075,13.797356
"7705","6am",60.36621,7.60596,7.437711,20.59921,3.990906
"7706","6am",51.42529,3.906181,8.379243,28.21748,8.071808
"7707","6am",49.84241,3.919737,7.746597,27.11328,11.377975
"7708","6am",54.24761,8.301496,6.235652,24.99171,6.223538
"7709","6am",59.92069,7.516705,3.816641,23.43708,5.308884
"7710","6am",56.26084,8.650012,6.92061,20.99592,7.17262
"7711","6am",57.41363,9.77959,5.906664,19.87991,7.020207
"7712","6am",48.53367,9.119339,7.078204,24.43576,10.833027
"7713","6am",41.00896,6.002006,8.075062,30.8531,14.060869
"7714","6am",51.15236,9.639356,4.712855,27.24139,7.254035
"7715","6am",50.63704,3.253495,6.541759,28.94109,10.626614
"7716","6am",63.15187,9.891082,6.455353,13.86628,6.635408
"7801","6am",61.7098,8.858936,3.459449,21.61225,4.359563
"7802","6am",47.22334,10.564614,5.460158,24.83305,11.918839
"7803","6am",56.04114,10.983923,5.4812,20.36942,7.124324
"7804","6am",48.56211,9.258598,6.047462,27.78653,8.345305
"7805","6am",55.61515,7.649844,6.434954,18.7385,11.561554
"7806","6am",53.34585,7.295021,5.839722,24.12966,9.38975
"7807","6am",37.11881,9.808078,11.460246,28.81212,12.800744
"7808","6am",57.081,8.048858,6.223539,18.44422,10.202384
"7809","6am",58.98916,7.007518,6.015386,21.37602,6.611909
"7810","6am",47.80919,6.655815,6.18602,26.41673,12.932248
"7811","6am",56.97028,5.066057,3.372065,27.48464,7.106961
"7812","6am",52.04397,11.673683,4.385733,24.07099,7.825624
"7813","6am",53.83702,10.089675,6.482028,19.26324,10.328044
"7814","6am",56.42079,6.786392,4.220731,24.98995,7.582132
"7815","6am",52.39618,5.663348,4.107534,25.19913,12.633803
"7816","6am",66.55999,8.818078,4.983628,13.17503,6.463272
"9101","6am",58.53426,10.84541,8.485575,13.69167,8.443092
"9102","6am",56.9225,6.439591,5.688132,23.92259,7.027184
"9103","6am",55.95339,4.664943,6.208081,26.50503,6.668548
"9104","6am",56.93224,6.176462,3.630463,24.65917,8.601668
"9105","6am",60.24706,9.342341,5.594421,18.06426,6.751912
"9106","6am",50.72122,9.068329,7.453263,23.4074,9.349787
"9107","6am",53.57704,6.913252,6.170392,26.49242,6.846892
"9108","6am",53.18934,8.336325,6.126909,23.98098,8.366449
"9109","6am",58.37558,5.438813,5.784834,25.43479,4.965985
"9110","6am",52.79818,7.721257,8.010431,20.34466,11.125473
"9111","6am",61.82178,9.066292,4.352943,17.75957,6.999409
"9112","6am",56.38183,7.031995,6.492412,24.63081,5.462957
"9113","6am",57.07509,9.209239,4.982572,23.87597,4.857125
"9114","6am",49.76323,12.411397,4.629604,25.29042,7.905347
"9201","6am",56.48875,8.722003,8.236238,17.97518,8.577833
"9202","6am",57.4534,8.67177,8.113212,19.11896,6.642655
"9203","6am",57.85339,7.118158,6.76977,19.50504,8.753645
"9204","6am",60.31169,9.112823,7.508425,15.24708,7.819983
"9205","6am",64.50535,8.698089,6.212262,15.28625,5.298051
"9206","6am",61.67296,7.28824,5.348395,18.67496,7.015449
"9207","6am",56.93161,9.311134,4.619401,22.08461,7.053246
"9208","6am",58.67768,8.642347,5.676712,20.02996,6.973301
"9209","6am",61.63442,8.70085,6.025921,19.30381,4.334997
"9210","6am",56.14985,9.010446,4.988353,22.82796,7.023386
"9211","6am",56.40453,9.686929,6.563991,21.29319,6.051358
"9212","6am",57.61532,9.33462,3.334813,22.91305,6.8022
"9302","6am",52.00453,9.454236,5.083638,25.77976,7.677841
"9303","6am",51.52302,8.212702,9.882321,17.87955,12.502406
"9304","6am",52.95115,8.079503,10.91271,18.22971,9.826935
"9305","6am",46.55339,11.828091,9.800705,19.60135,12.216464
"9306","6am",54.26861,9.503631,6.719195,23.96779,5.540768
"9307","6am",42.42419,9.524093,8.503237,18.99866,20.549822
"9308","6am",47.65431,8.566004,9.913346,21.31675,12.54959
"9309","6am",51.43697,9.016624,9.754495,16.96267,12.82924
"9310","6am",48.02028,9.319456,10.033695,19.69317,12.9334
"9311","6am",43.30043,11.782019,12.068136,18.70673,14.142686
"9312","6am",48.39265,9.606815,12.590344,15.06226,14.347931
"9402","6am",51.69284,10.100897,9.052269,19.28165,9.87234
"9403","6am",55.56358,13.158859,7.141213,17.10858,7.027763
"9404","6am",55.93284,8.438519,7.662533,18.46478,9.501333
"9405","6am",62.20329,6.572897,5.406013,20.01155,5.806249
"9406","6am",53.37964,11.199365,8.675064,18.87226,7.87367
"9407","6am",58.70921,7.272892,5.69854,21.35956,6.959801
"9408","6am",54.34323,7.518132,6.834681,25.20592,6.098038
"9409","6am",60.63633,6.972321,5.985846,20.95196,5.453539
"9410","6am",56.04941,11.237482,5.249235,20.66029,6.803578
"9411","6am",53.79199,6.405162,8.675733,20.29985,10.827268
"9412","6am",62.63342,7.847323,7.447298,15.40624,6.665718
"9413","6am",50.89096,9.225504,9.170869,20.23108,10.481583
"9414","6am",55.00623,9.455454,4.173358,22.16195,9.203011
"9501","6am",56.0695,15.265084,7.573479,13.43222,7.659713
"9502","6am",56.17928,9.449348,7.248574,17.98167,9.141129
"9503","6am",58.36634,4.3165,8.738235,22.78242,5.7965
"9504","6am",59.06196,8.460369,3.463767,22.17595,6.837958
"9505","6am",56.45379,10.566776,3.21099,19.31705,10.451392
"9506","6am",49.70795,12.414101,12.319625,15.41466,10.143663
"9507","6am",41.38875,11.189406,13.035804,17.04093,17.34511
"9508","6am",50.51748,8.730676,9.634551,18.69525,12.422043
"9509","6am",55.80362,8.737902,6.633165,20.99657,7.828739
"9510","6am",56.55,6.433547,6.28486,21.67048,9.061112
"9511","6am",56.01957,5.822297,5.83436,26.05036,6.27342
"9512","6am",53.33617,10.757392,6.059448,21.02969,8.817298
"9513","6am",57.0345,6.274296,4.516581,22.69391,9.480714
"7501","7am",69.18152,8.119513,6.402295,14.88648,1.410189
"7502","7am",54.08993,16.270826,4.718647,19.05588,5.864714
"7503","7am",67.40006,10.991205,4.40194,12.07805,5.128749
"7504","7am",63.75385,8.420948,10.256236,12.58708,4.981894
"7505","7am",55.83765,11.400754,8.963333,15.79189,8.00638
"7506","7am",62.56776,7.689885,6.028864,19.1559,4.557591
"7507","7am",55.87222,14.538332,6.591967,17.62399,5.373494
"7508","7am",55.83941,12.328917,5.475887,20.77243,5.583352
"7509","7am",55.23796,12.053173,4.030375,20.79326,7.885239
"7510","7am",51.32235,8.943726,4.712778,24.00414,11.017001
"7511","7am",57.42331,9.042212,6.738526,18.28674,8.509212
"7512","7am",57.72802,7.140061,8.63176,17.62888,8.871284
"7513","7am",51.58591,10.083147,10.261238,18.34303,9.726675
"7514","7am",50.51459,9.122945,10.447652,20.79968,9.115132
"7701","7am",63.13722,10.775926,6.44785,13.10459,6.534414
"7702","7am",56.08231,11.27417,7.108883,16.3873,9.147336
"7703","7am",62.74711,4.661538,6.523169,19.88469,6.18349
"7704","7am",49.56989,6.581341,4.994382,24.37652,14.477863
"7705","7am",56.58202,8.030048,9.354941,21.60462,4.428373
"7706","7am",46.59792,3.99299,8.968493,29.85039,10.590206
"7707","7am",47.3888,5.085559,7.942508,29.58059,10.002535
"7708","7am",49.32469,7.476172,6.774544,29.16244,7.262151
"7709","7am",59.28036,6.249095,4.040269,24.81033,5.619948
"7710","7am",54.06179,7.870814,7.508008,22.77798,7.781407
"7711","7am",55.5662,7.262029,6.692555,22.52496,7.954257
"7712","7am",47.28308,7.346515,7.583561,26.18038,11.606465
"7713","7am",38.89404,5.201857,7.812785,33.2059,14.885424
"7714","7am",48.72567,6.348067,5.245819,31.95177,7.72867
"7715","7am",47.94595,2.913353,6.55132,31.0899,11.499478
"7716","7am",61.71844,6.532854,7.518427,16.50215,7.728134
"7801","7am",58.30553,5.363621,4.199037,26.84023,5.291586
"7802","7am",45.32302,9.025113,6.261135,28.47593,10.914807
"7803","7am",52.24498,11.211573,6.000368,22.00758,8.535502
"7804","7am",43.73685,9.63563,6.044024,31.21,9.373499
"7805","7am",54.64863,5.77905,6.038127,20.73859,12.795601
"7806","7am",52.77322,5.094724,5.832521,26.13099,10.168542
"7807","7am",35.67909,7.297869,12.018152,31.58098,13.423908
"7808","7am",55.10336,6.835712,7.391278,19.30947,11.360183
"7809","7am",59.77022,3.923477,6.517185,22.62565,7.16347
"7810","7am",43.62335,3.516704,7.354418,30.13067,15.374854
"7811","7am",53.40546,2.750123,4.041744,31.90578,7.896892
"7812","7am",54.57156,11.664875,4.099103,22.26222,7.402243
"7813","7am",47.87466,9.855066,7.637111,22.46468,12.16848
"7814","7am",51.39976,4.405124,5.191122,30.12647,8.877522
"7815","7am",46.74259,3.654337,4.857989,29.80306,14.942023
"7816","7am",67.98777,7.371335,4.99031,13.01773,6.632853
"9101","7am",57.87104,12.420903,8.323999,12.79076,8.593299
"9102","7am",55.29737,5.066273,4.532429,27.13354,7.970391
"9103","7am",51.06745,2.671308,7.239663,30.90931,8.11227
"9104","7am",47.46613,6.885789,4.485651,30.53456,10.627869
"9105","7am",57.48204,6.461056,6.719972,21.22659,8.110341
"9106","7am",53.12924,7.215724,7.350314,23.08408,9.220642
"9107","7am",48.72454,4.742836,7.320125,31.08982,8.122677
"9108","7am",48.2909,7.413568,7.17542,27.3219,9.798217
"9109","7am",57.08901,5.0695,6.030483,26.63414,5.176862
"9110","7am",49.4616,5.635761,9.110545,23.1387,12.653391
"9111","7am",61.24751,7.547065,4.665972,19.0367,7.502751
"9112","7am",55.55513,2.525551,7.438807,28.22123,6.259289
"9113","7am",58.70677,6.784485,4.496445,24.93893,5.073364
"9114","7am",46.76576,11.78753,5.072835,27.71169,8.662193
"9201","7am",54.87771,7.800549,8.25616,20.26124,8.804339
"9202","7am",54.45543,9.643101,8.158333,20.52938,7.213756
"9203","7am",57.12642,7.848936,6.792648,19.44877,8.783227
"9204","7am",60.96678,7.309742,7.744851,16.05494,7.923688
"9205","7am",67.80118,6.18872,6.029936,14.8376,5.142557
"9206","7am",62.99472,7.589012,5.60517,17.80648,6.004618
"9207","7am",53.20583,8.52412,5.091285,25.56415,7.61461
"9208","7am",57.50708,7.307847,6.111864,21.56537,7.507843
"9209","7am",61.95536,7.229811,6.374765,20.42132,4.018737
"9210","7am",55.51957,7.891459,5.429301,23.76775,7.391914
"9211","7am",56.44209,8.502881,7.45843,22.19183,5.404773
"9212","7am",55.10881,8.634439,3.613724,25.27192,7.37111
"9302","7am",52.06375,6.354528,5.120893,28.09381,8.367022
"9303","7am",53.51002,6.828842,9.956033,17.48122,12.223876
"9304","7am",52.82886,8.12164,10.885854,18.29382,9.86983
"9305","7am",40.79584,9.816246,13.224867,21.06592,15.097128
"9306","7am",47.61602,11.436307,7.839384,26.84148,6.266813
"9307","7am",38.8972,7.813754,8.915587,20.80109,23.572372
"9308","7am",46.71493,7.805569,10.17105,22.22447,13.083983
"9309","7am",50.5614,7.396499,10.10565,18.34105,13.595394
"9310","7am",47.62087,7.631275,10.339781,20.64115,13.766921
"9311","7am",40.85342,12.270886,12.760536,19.30755,14.807602
"9312","7am",50.64607,9.829391,11.670805,14.07163,13.782105
"9402","7am",53.92241,8.223962,8.705555,19.58008,9.567993
"9403","7am",57.83117,11.627749,6.743868,16.54215,7.255066
"9404","7am",54.71402,6.880327,8.057295,20.35753,9.990827
"9405","7am",60.25679,7.399666,5.378146,20.84735,6.118056
"9406","7am",55.80413,9.821143,8.109449,18.17465,8.090624
"9407","7am",57.1505,5.94469,6.255506,24.20725,6.442061
"9408","7am",50.62056,10.382807,6.265911,26.35475,6.375972
"9409","7am",59.48455,7.364172,7.08077,21.37271,4.697798
"9410","7am",52.5338,8.964975,6.178012,24.31584,8.007374
"9411","7am",53.92668,5.305412,7.433277,21.7395,11.595133
"9412","7am",55.27131,8.464784,9.024102,19.16276,8.077039
"9413","7am",46.55334,11.021015,9.740076,20.96016,11.725409
"9414","7am",52.38955,5.546441,5.895053,25.49545,10.673513
"9501","7am",56.3892,11.800744,7.908164,15.22172,8.680172
"9502","7am",54.75976,8.812779,7.616578,19.20567,9.605216
"9503","7am",51.4035,3.286144,9.582871,26.42892,9.298565
"9504","7am",55.25055,5.842049,4.11092,26.68096,8.115528
"9505","7am",56.04755,7.75349,3.524454,21.20283,11.471681
"9506","7am",49.23753,5.970469,14.78545,17.83259,12.17396
"9507","7am",36.29616,11.80767,14.265752,18.64876,18.981648
"9508","7am",49.0378,7.010666,10.391021,20.16314,13.397377
"9509","7am",50.76694,6.258286,8.108667,25.29592,9.570187
"9510","7am",50.19211,6.146823,7.769386,25.30913,10.582547
"9511","7am",53.11973,5.433474,5.762039,28.58459,7.10017
"9512","7am",48.00472,8.912078,7.324751,25.09997,10.658481
"9513","7am",48.68862,4.750694,6.134732,30.82444,9.601518
"7501","8am",74.9918,7.266216,5.276062,11.102931,1.362994
"7502","8am",55.20942,20.309498,4.165687,15.716082,4.599313
"7503","8am",78.03372,8.333822,3.139629,7.438651,3.054175
"7504","8am",65.20672,8.536541,10.22978,11.006388,5.020567
"7505","8am",54.81169,13.110319,9.195044,14.809034,8.073909
"7506","8am",62.27958,7.873275,5.996078,18.490506,5.360563
"7507","8am",54.30269,17.670645,6.077819,16.888734,5.06011
"7508","8am",53.75692,13.041597,5.313225,22.130975,5.757284
"7509","8am",53.47601,13.605077,4.183732,21.014808,7.720378
"7510","8am",51.88787,9.414441,4.402334,22.126135,12.169221
"7511","8am",57.08079,8.278102,6.580915,19.883028,8.177163
"7512","8am",53.05832,8.160975,7.779848,18.691621,12.309235
"7513","8am",48.57571,10.350045,11.381432,19.127561,10.565254
"7514","8am",46.28412,10.025806,11.574468,22.268918,9.846691
"7701","8am",65.88407,8.635564,6.363277,13.161154,5.955939
"7702","8am",54.08921,13.683095,7.545841,15.967318,8.714535
"7703","8am",62.0232,4.603481,6.779955,20.602168,5.991192
"7704","8am",48.6507,9.573556,5.471003,23.896315,12.408431
"7705","8am",56.05652,8.022542,9.734855,19.785009,6.401079
"7706","8am",46.15558,4.178971,9.573942,30.868832,9.222673
"7707","8am",47.39263,6.766682,7.823362,26.885429,11.131901
"7708","8am",46.99517,6.910713,4.999843,32.74369,8.350584
"7709","8am",61.96377,4.41232,4.05419,23.930409,5.639312
"7710","8am",46.83105,9.728981,8.023708,25.728582,9.687675
"7711","8am",52.46597,7.788122,7.111237,24.182803,8.45187
"7712","8am",47.73244,7.283893,7.518919,25.957217,11.507531
"7713","8am",36.01758,7.996555,7.40402,33.809294,14.772555
"7714","8am",41.72143,14.850878,4.821795,30.330244,8.275655
"7715","8am",47.88725,1.986879,6.908996,31.510157,11.706718
"7716","8am",64.51163,7.7043,6.636045,14.32689,6.82114
"7801","8am",50.6393,6.804868,3.362553,32.033446,7.159828
"7802","8am",41.65317,9.987546,8.982907,28.102862,11.273514
"7803","8am",46.02636,13.766924,5.432925,25.31963,9.454166
"7804","8am",37.70892,11.820552,4.556763,34.293202,11.620559
"7805","8am",52.76146,7.638096,7.586179,20.649077,11.36519
"7806","8am",51.78505,5.552463,5.855173,27.045698,9.761614
"7807","8am",34.9159,10.954145,11.731557,29.019251,13.379146
"7808","8am",53.56365,7.384952,7.788132,20.540485,10.722783
"7809","8am",57.80121,4.727259,6.845721,24.17051,6.455304
"7810","8am",38.63102,5.291618,7.877836,31.730433,16.469092
"7811","8am",45.84725,4.809514,3.439891,36.910434,8.992907
"7812","8am",54.74201,13.56345,4.243673,20.708141,6.742722
"7813","8am",49.81511,6.370368,8.280428,23.278956,12.255139
"7814","8am",48.63704,3.847272,5.803872,31.786412,9.925407
"7815","8am",39.74806,8.807889,5.046797,30.874497,15.522755
"7816","8am",68.83898,9.516334,3.841197,12.332243,5.471246
"9101","8am",61.98352,12.444662,7.310356,11.203441,7.058017
"9102","8am",51.87734,6.125182,5.096586,28.437288,8.463601
"9103","8am",51.36948,2.968002,6.361714,31.207546,8.093258
"9104","8am",41.46519,7.095988,3.853731,35.142076,12.443016
"9105","8am",60.46004,4.880995,5.852723,20.650582,8.155665
"9106","8am",49.52248,8.535481,8.001455,24.688874,9.251706
"9107","8am",43.47071,2.898942,8.724172,35.695343,9.210834
"9108","8am",46.16422,7.459297,7.378581,28.922262,10.075639
"9109","8am",50.17835,9.955804,6.236099,28.351901,5.277844
"9110","8am",51.59707,3.375676,9.107267,23.271147,12.648839
"9111","8am",67.06683,6.57674,4.742952,14.966142,6.647332
"9112","8am",54.51428,2.867506,7.685898,28.957064,5.975247
"9113","8am",60.65728,9.92833,3.521173,21.867554,4.025665
"9114","8am",44.91271,13.035219,6.60397,27.133951,8.314155
"9201","8am",53.39156,6.991656,7.504954,22.429773,9.682061
"9202","8am",50.39337,10.730924,9.148163,22.819129,6.908418
"9203","8am",58.21771,9.012482,6.337715,18.063526,8.368572
"9204","8am",66.50206,8.772794,6.566017,11.637975,6.521159
"9205","8am",74.71896,5.863412,4.75958,10.719057,3.938989
"9206","8am",64.54808,5.928012,5.403737,17.966603,6.153567
"9207","8am",49.89275,7.488116,5.759391,28.72827,8.131472
"9208","8am",55.84701,7.741208,5.996918,22.417985,7.996878
"9209","8am",62.22633,7.470258,5.96032,20.317687,4.025407
"9210","8am",50.01835,10.599472,5.89221,25.964574,7.525391
"9211","8am",57.92736,5.44785,8.492268,22.431953,5.70057
"9212","8am",53.98927,7.890411,3.84365,26.459499,7.817172
"9302","8am",49.33139,3.583039,5.543524,31.505992,10.036058
"9303","8am",51.85235,7.899586,8.55758,18.922758,12.767724
"9304","8am",58.27555,8.299295,10.310494,15.373485,7.741175
"9305","8am",41.14666,6.716582,13.975786,23.13228,15.028693
"9306","8am",46.17366,11.701982,7.17829,27.848298,7.097769
"9307","8am",36.43726,7.611144,9.521488,22.288988,24.141122
"9308","8am",45.97534,8.023664,10.69175,21.620734,13.688515
"9309","8am",55.68301,6.493889,10.297961,15.503165,12.021979
"9310","8am",48.41113,7.573159,10.608537,19.912205,13.494966
"9311","8am",39.77784,12.518533,12.401905,19.900496,15.401226
"9312","8am",54.76216,9.364878,10.49101,12.830152,12.5518
"9402","8am",52.41827,10.759487,8.231615,18.888591,9.702037
"9403","8am",60.7069,10.35592,6.351028,15.664282,6.921874
"9404","8am",51.829,7.955117,8.074936,21.012734,11.128209
"9405","8am",64.74723,5.367727,4.536513,19.667132,5.681398
"9406","8am",54.97905,11.911914,8.780381,17.114174,7.214484
"9407","8am",56.14488,4.705988,6.044778,27.173965,5.930385
"9408","8am",45.32822,13.014477,5.580337,27.643142,8.433821
"9409","8am",54.81837,8.57776,6.823448,23.638075,6.142345
"9410","8am",51.43889,10.516196,6.388999,24.933537,6.722378
"9411","8am",53.78711,4.275902,9.431399,20.372709,12.132883
"9412","8am",50.49796,8.982643,9.900399,20.433622,10.185373
"9413","8am",43.45962,11.765197,9.503122,22.953591,12.318471
"9414","8am",52.86075,2.781639,6.09459,26.613264,11.649753
"9501","8am",55.33234,14.726092,7.959942,13.879759,8.101866
"9502","8am",58.22854,9.302676,6.467822,17.338859,8.662107
"9503","8am",48.40745,4.651602,8.967951,28.505436,9.467566
"9504","8am",46.64345,5.130778,5.066694,33.15672,10.002357
"9505","8am",57.67763,5.382208,3.59662,21.636971,11.706572
"9506","8am",51.43358,10.134851,12.135327,17.390895,8.905351
"9507","8am",34.71129,13.607923,13.294831,18.936627,19.449331
"9508","8am",48.1792,6.25206,10.437086,20.745885,14.385772
"9509","8am",42.13971,8.017048,7.84985,30.345227,11.648167
"9510","8am",47.05634,6.876803,7.9369,26.687045,11.442917
"9511","8am",46.21678,8.368732,7.090976,30.231607,8.091909
"9512","8am",43.22816,9.328226,7.827902,27.492551,12.123159
"9513","8am",43.20555,4.271387,6.370567,35.104768,11.047732
"7501","9am",76.01147,7.742933,3.242536,9.79746,3.205601
"7502","9am",58.51376,19.669518,3.345026,15.057151,3.414544
"7503","9am",78.80905,8.65414,2.262076,7.851397,2.423336
"7504","9am",62.63051,12.078335,11.624537,8.940187,4.726431
"7505","9am",53.30132,15.00029,8.084806,15.71621,7.897372
"7506","9am",63.37861,8.393462,6.131462,16.821923,5.274548
"7507","9am",58.04194,17.315724,5.800524,14.248267,4.593549
"7508","9am",57.86408,10.414333,4.997552,20.812821,5.911209
"7509","9am",56.92091,10.870786,4.31826,20.550197,7.339845
"7510","9am",55.53551,9.80588,4.596651,20.529439,9.532521
"7511","9am",59.56169,6.648607,6.806527,18.9487,8.034474
"7512","9am",56.26332,5.662416,8.668878,18.814325,10.591063
"7513","9am",47.4389,13.408337,10.845618,18.743505,9.563638
"7514","9am",47.75511,9.531068,11.434022,21.494712,9.785084
"7701","9am",67.48772,9.866002,5.371721,11.574138,5.700419
"7702","9am",55.4772,14.130573,7.464376,14.890789,8.037059
"7703","9am",61.98592,3.817389,6.424782,21.753237,6.018676
"7704","9am",49.44792,8.101962,4.993115,24.349442,13.107566
"7705","9am",56.56985,8.139402,6.712894,22.083531,6.49432
"7706","9am",44.49996,4.12416,9.885414,33.096524,8.393945
"7707","9am",49.46282,6.924747,8.31903,25.605119,9.688288
"7708","9am",45.19523,7.687103,6.037193,32.971423,8.109055
"7709","9am",60.60641,5.503261,4.165539,23.930594,5.794195
"7710","9am",47.39994,8.430473,7.24082,28.865948,8.062816
"7711","9am",53.00729,7.403615,6.723554,24.874444,7.9911
"7712","9am",49.4229,6.908796,7.131718,25.621661,10.91493
"7713","9am",35.3639,8.081634,7.149701,34.475041,14.929727
"7714","9am",42.8411,14.208072,4.947525,29.978761,8.024539
"7715","9am",47.10575,2.062611,6.513685,32.165026,12.152928
"7716","9am",66.37051,7.255241,6.027537,13.600866,6.745851
"7801","9am",46.31664,7.236318,4.232397,34.600862,7.613784
"7802","9am",41.80196,9.669496,8.69685,27.932518,11.899172
"7803","9am",48.07737,12.958435,5.338095,23.185644,10.440459
"7804","9am",36.72445,12.461302,4.97624,36.918016,8.919994
"7805","9am",51.55886,8.28096,6.999836,20.952454,12.207887
"7806","9am",53.79726,5.281474,5.085596,25.706989,10.128681
"7807","9am",34.95501,11.062646,11.591115,29.903917,12.487311
"7808","9am",53.96072,7.182911,7.582562,19.429065,11.844746
"7809","9am",57.71694,4.916688,6.336725,23.203543,7.826107
"7810","9am",35.4435,5.312333,7.908675,36.364175,14.971316
"7811","9am",46.33399,4.830547,3.454934,37.693678,7.686852
"7812","9am",57.57722,12.147517,4.623122,19.453322,6.198823
"7813","9am",45.91408,8.083348,8.683511,23.323806,13.995251
"7814","9am",47.53475,3.389374,5.382049,34.294369,9.399461
"7815","9am",39.06534,9.907046,5.189723,29.596792,16.241097
"7816","9am",72.35252,8.01835,3.362079,11.12008,5.146974
"9101","9am",60.75708,15.350974,7.253423,10.581308,6.057216
"9102","9am",51.96738,6.103282,4.319279,29.286126,8.323929
"9103","9am",49.62931,4.155291,6.734144,30.465391,9.015861
"9104","9am",35.56728,7.108331,3.954125,39.360166,14.0101
"9105","9am",61.40123,4.395137,7.399831,20.140995,6.662811
"9106","9am",50.75835,7.339953,9.288582,22.419326,10.193784
"9107","9am",43.29091,3.631884,7.98965,35.598119,9.489442
"9108","9am",44.71939,8.7619,7.931969,28.383458,10.203283
"9109","9am",51.84655,9.167707,6.609659,27.330819,5.045268
"9110","9am",53.25261,3.837762,7.90524,22.440993,12.563394
"9111","9am",68.31164,6.716501,5.492614,14.199848,5.2794
"9112","9am",56.95407,2.277526,8.650748,25.895323,6.222335
"9113","9am",61.58099,9.665515,4.361513,20.826385,3.565601
"9114","9am",45.6973,12.833364,5.137289,27.128086,9.203965
"9201","9am",53.91443,9.119054,6.847539,20.560389,9.558587
"9202","9am",53.7916,9.655675,8.687292,21.305049,6.560383
"9203","9am",64.08433,8.841,5.795521,14.747736,6.531413
"9204","9am",70.52813,8.795839,5.64379,9.596313,5.43593
"9205","9am",79.52713,6.984268,3.085873,7.452556,2.95017
"9206","9am",66.69096,6.538963,5.916521,14.731192,6.122362
"9207","9am",53.14725,8.365778,5.344487,25.331307,7.811177
"9208","9am",58.81993,8.981937,5.485427,21.038795,5.673913
"9209","9am",65.74359,7.44158,4.998208,17.531711,4.284905
"9210","9am",51.84127,12.532584,4.961307,23.326182,7.33866
"9211","9am",60.8523,4.044254,6.358234,23.735903,5.00931
"9212","9am",56.17709,6.796035,3.269611,26.115721,7.641545
"9302","9am",52.00493,3.390114,5.674153,28.737882,10.192919
"9303","9am",55.56711,8.162118,6.843959,16.915479,12.511336
"9304","9am",60.09845,7.105799,9.579942,15.272192,7.943619
"9305","9am",41.79078,7.494126,11.133461,23.334107,16.247531
"9306","9am",45.19572,13.959399,8.105099,26.486761,6.253017
"9307","9am",36.18699,7.884634,9.913054,20.891852,25.123474
"9308","9am",47.25354,7.772961,10.106473,20.966756,13.900275
"9309","9am",59.19437,5.797462,9.953861,14.141968,10.912337
"9310","9am",48.17788,7.377444,10.740135,19.503696,14.200843
"9311","9am",39.96034,13.305805,11.686946,20.26948,14.777428
"9312","9am",61.11684,9.07511,10.080474,9.059471,10.668104
"9402","9am",52.98352,11.544002,7.859927,18.156244,9.456305
"9403","9am",61.03856,9.736957,6.131487,16.131637,6.961362
"9404","9am",52.36878,7.777459,7.711856,20.987709,11.154202
"9405","9am",65.92225,5.059289,3.354819,19.978734,5.684904
"9406","9am",57.97668,11.554015,8.215526,16.312711,5.941073
"9407","9am",58.57977,3.579867,6.606865,23.98269,7.250808
"9408","9am",45.58711,13.653546,5.907346,26.790026,8.061968
"9409","9am",54.3806,8.473663,6.968644,23.964331,6.212758
"9410","9am",55.68159,9.820815,6.031334,21.74542,6.720839
"9411","9am",55.94883,3.165329,8.48481,19.877732,12.523301
"9412","9am",47.51098,5.509708,9.601972,24.798839,12.578504
"9413","9am",44.89836,13.650382,8.857798,21.619446,10.974014
"9414","9am",52.68661,2.401517,9.230513,25.678725,10.002637
"9501","9am",54.9748,15.003188,8.917434,13.122192,7.982386
"9502","9am",58.70074,9.175734,8.670508,15.468597,7.984425
"9503","9am",50.5292,4.695261,9.052121,26.166994,9.556425
"9504","9am",44.96435,4.4865,5.181477,33.330554,12.037121
"9505","9am",62.24156,4.057406,3.548452,19.098232,11.054349
"9506","9am",54.43386,7.567738,9.889319,18.923388,9.185691
"9507","9am",36.85586,15.82224,12.384053,14.660971,20.276872
"9508","9am",49.74381,6.44519,10.146703,19.825408,13.838884
"9509","9am",38.37147,9.881849,8.083731,31.667735,11.995215
"9510","9am",47.93398,5.167587,7.915281,27.571397,11.41175
"9511","9am",45.06409,7.135888,6.671506,32.98686,8.141656
"9512","9am",43.01921,8.644575,8.032561,27.86354,12.440118
"9513","9am",42.67216,3.93444,6.001985,36.33305,11.05837
"7501","10am",73.34487,7.356207,4.613888,11.722064,2.962976
"7502","10am",56.47895,21.211777,3.264869,15.852637,3.191771
"7503","10am",78.34509,8.047885,2.953576,7.647142,3.006306
"7504","10am",64.13771,13.286712,9.735041,8.22627,4.614263
"7505","10am",52.70798,13.688877,7.33771,18.605266,7.66017
"7506","10am",64.05435,9.129341,6.129259,14.917027,5.77002
"7507","10am",57.23429,17.156196,5.923485,14.755133,4.930894
"7508","10am",59.28979,10.215648,5.588686,19.659687,5.24619
"7509","10am",57.09824,11.236025,4.404513,19.631827,7.629395
"7510","10am",58.57038,10.124745,3.239372,19.209503,8.856005
"7511","10am",59.52859,7.193255,6.404197,19.092917,7.781039
"7512","10am",55.0526,6.486655,8.355918,19.455261,10.64957
"7513","10am",48.11597,12.522386,10.672179,18.974099,9.715368
"7514","10am",48.91449,9.520055,12.890718,20.137416,8.537325
"7701","10am",68.16146,8.24227,5.320369,12.629971,5.645925
"7702","10am",54.90563,13.936207,7.013625,15.970396,8.174143
"7703","10am",64.65888,3.847727,5.894716,20.800765,4.79791
"7704","10am",47.92374,8.212525,6.197814,23.993947,13.671975
"7705","10am",56.51947,8.261481,6.813577,23.0264,5.379075
"7706","10am",45.65888,4.189594,10.042254,32.3017,7.807571
"7707","10am",50.54602,7.051208,8.470953,23.185874,10.745943
"7708","10am",41.1626,7.099512,5.780048,37.443654,8.514183
"7709","10am",59.94185,5.258897,5.114176,23.338757,6.346319
"7710","10am",45.95584,8.787467,6.75059,30.847919,7.658181
"7711","10am",52.52377,9.062312,7.527156,24.934654,5.952106
"7712","10am",49.81145,6.386607,6.860166,25.996426,10.94535
"7713","10am",37.80165,7.160979,7.790042,33.153227,14.094106
"7714","10am",44.82042,14.44755,4.39451,28.17773,8.159794
"7715","10am",46.2819,2.484526,6.428184,33.323506,11.48188
