"district","hour","rev1","rev2","rev3","rev4"
"7501","4am",13.320713,22.38383,29.670951,34.624509
"7502","4am",17.169241,19.38045,19.528587,43.921718
"7503","4am",19.532213,17.44053,31.515717,31.511536
"7504","4am",19.254166,30.45159,30.198446,20.095799
"7505","4am",15.761141,29.89281,31.82909,22.516959
"7506","4am",15.064247,31.39146,32.481403,21.062887
"7507","4am",23.89228,30.11723,24.677055,21.313437
"7508","4am",13.704917,25.53365,31.246467,29.514963
"7509","4am",12.828513,34.10779,22.603523,30.460172
"7510","4am",17.489954,17.13905,18.121586,47.24941
"7511","4am",19.510004,23.33739,17.742545,39.410065
"7512","4am",28.680923,29.71177,21.426961,20.180341
"7513","4am",30.354515,29.11845,26.283473,14.243559
"7514","4am",25.152086,31.78869,23.959394,19.099833
"7701","4am",14.0677,47.32247,32.38546,6.224369
"7702","4am",13.728599,47.50665,21.442486,17.322263
"7703","4am",17.769844,39.61233,30.64997,11.96786
"7704","4am",34.261857,42.5036,18.723828,4.510715
"7705","4am",18.404592,44.71154,28.488574,8.395294
"7706","4am",20.264008,51.10266,22.954893,5.678441
"7707","4am",17.974665,58.00486,19.13708,4.883392
"7708","4am",21.376344,34.71131,33.491262,10.421087
"7709","4am",12.898393,45.53627,33.243992,8.321341
"7710","4am",10.762186,55.04329,21.318347,12.876176
"7711","4am",25.734375,48.74678,13.629766,11.889076
"7712","4am",34.007133,36.03201,21.596118,8.364742
"7713","4am",36.301235,33.86042,22.410023,7.428317
"7714","4am",23.397511,33.71074,32.909454,9.982299
"7715","4am",29.360931,48.97673,16.523941,5.138398
"7716","4am",20.984677,45.02503,26.849897,7.1404
"7801","4am",9.31875,33.59362,23.469868,33.617763
"7802","4am",11.443023,17.1912,31.570467,39.795309
"7803","4am",12.499425,20.77699,30.297869,36.42572
"7804","4am",16.483541,31.25267,29.160277,23.103511
"7805","4am",15.319205,35.16275,28.322604,21.195442
"7806","4am",19.839015,39.57756,27.234694,13.348736
"7807","4am",46.984962,23.82495,24.375222,4.814871
"7808","4am",26.259315,35.30687,28.577672,9.856146
"7809","4am",16.532498,32.41302,32.881743,18.172741
"7810","4am",9.976043,35.59141,31.733679,22.698868
"7811","4am",9.14722,23.62102,32.876691,34.355066
"7812","4am",9.414582,27.63043,26.279901,36.675083
"7813","4am",10.310274,26.51487,29.995372,33.179487
"7814","4am",9.848022,28.84603,35.61574,25.690203
"7815","4am",12.533606,37.38212,32.122206,17.962071
"7816","4am",14.797085,35.01158,30.943946,19.247389
"9101","4am",38.64523,31.66851,18.428407,11.257852
"9102","4am",13.982116,40.11912,25.597826,20.300938
"9103","4am",25.883042,35.79554,27.33034,10.991082
"9104","4am",17.302969,33.0812,30.580384,19.035445
"9105","4am",11.3825,41.79067,26.818537,20.008297
"9106","4am",25.132512,29.17791,30.351847,15.337729
"9107","4am",21.035957,32.85444,34.331338,11.778267
"9108","4am",18.403837,37.83265,26.391749,17.371766
"9109","4am",21.527861,36.44475,25.241488,16.785904
"9110","4am",37.381573,34.94563,18.000141,9.672657
"9111","4am",13.136697,36.15911,34.442239,16.261952
"9112","4am",12.550802,32.58117,38.950001,15.918026
"9113","4am",15.96831,34.74716,27.727058,21.557468
"9114","4am",9.015125,21.2781,38.356783,31.349993
"9201","4am",26.637807,37.40567,25.501226,10.455293
"9202","4am",26.217026,27.87075,29.176915,16.735313
"9203","4am",19.140413,24.15034,27.906428,28.802819
"9204","4am",22.557625,38.70803,24.554647,14.179701
"9205","4am",19.893432,17.59271,30.904337,31.609521
"9206","4am",16.350095,21.05234,29.158668,33.438902
"9207","4am",7.382992,19.37753,30.082377,43.157101
"9208","4am",10.315807,24.24747,29.333979,36.102745
"9209","4am",13.226456,34.68952,29.480948,22.603077
"9210","4am",11.580457,25.24409,30.520337,32.655115
"9211","4am",26.23825,41.87744,17.666657,14.217653
"9212","4am",17.310427,33.81211,26.10093,22.776529
"9302","4am",22.75442,40.38235,30.117819,6.745409
"9303","4am",41.652686,36.28751,18.404099,3.655708
"9304","4am",36.345222,39.95211,20.44393,3.258743
"9305","4am",43.027503,27.60615,18.384298,10.982054
"9306","4am",17.515984,43.02444,27.039006,12.42057
"9307","4am",35.353266,34.00337,20.251149,10.392215
"9308","4am",32.929166,41.69196,21.55685,3.822025
"9309","4am",42.011285,30.8073,18.590206,8.591209
"9310","4am",36.461824,42.95321,16.547698,4.037271
"9311","4am",48.346992,37.40196,9.979173,4.271875
"9312","4am",45.439259,37.19999,13.439519,3.921233
"9402","4am",31.622608,45.9038,17.598332,4.875258
"9403","4am",25.771821,37.9185,30.525808,5.783866
"9404","4am",29.125705,37.43561,24.829361,8.609328
"9405","4am",16.148664,45.95054,29.066397,8.834397
"9406","4am",30.431241,44.14938,18.388821,7.03056
"9407","4am",23.30977,30.1119,30.371684,16.206645
"9408","4am",6.352913,39.52982,35.891163,18.226101
"9409","4am",14.467921,35.4385,30.325557,19.768024
"9410","4am",15.664818,43.02797,26.54646,14.760754
"9411","4am",42.319413,37.16602,11.338171,9.176401
"9412","4am",25.994299,38.18786,17.73562,18.08222
"9413","4am",38.111548,39.59229,17.863632,4.432535
"9414","4am",10.357734,35.28552,34.747736,19.60901
"9501","4am",25.644922,41.12587,26.662959,6.566252
"9502","4am",29.418355,39.80227,22.508692,8.270683
"9503","4am",19.201099,40.36902,22.573471,17.856406
"9504","4am",16.808832,32.97024,37.216995,13.003936
"9505","4am",19.589947,45.85563,26.549354,8.005074
"9506","4am",32.585062,39.77688,21.440257,6.1978
"9507","4am",38.034416,55.82375,4.184403,1.957428
"9508","4am",29.397814,43.81831,21.008981,5.774891
"9509","4am",17.203854,33.04106,25.742099,24.012987
"9510","4am",20.701549,30.89813,31.980282,16.420036
"9511","4am",10.159601,36.4421,38.399903,14.998394
"9512","4am",18.52933,37.37821,27.546447,16.54601
"9513","4am",11.812639,45.04801,28.032391,15.106963
"7501","5am",13.561961,23.55714,29.188841,33.692058
"7502","5am",17.092584,19.55661,19.625189,43.725618
"7503","5am",20.361203,18.40006,30.621398,30.617335
"7504","5am",18.762329,30.00592,30.736328,20.495419
"7505","5am",15.681569,30.48725,31.427897,22.40328
"7506","5am",15.321485,30.86559,32.597356,21.215574
"7507","5am",23.622995,30.9432,23.946538,21.487263
"7508","5am",13.260251,25.48876,31.612092,29.6389
"7509","5am",12.947943,33.95322,22.65937,30.439467
"7510","5am",17.24272,18.2581,18.124896,46.374287
"7511","5am",19.246705,23.98119,17.893899,38.878203
"7512","5am",28.64255,29.37292,21.831188,20.153341
"7513","5am",30.130127,28.38223,26.626483,14.861156
"7514","5am",25.658931,30.70772,24.148634,19.484718
"7701","5am",14.57168,49.20726,29.7737,6.447358
"7702","5am",14.077068,46.46736,21.874828,17.580746
"7703","5am",17.160731,39.30328,31.940514,11.595477
"7704","5am",34.900742,41.01519,19.489244,4.594827
"7705","5am",18.565726,44.10163,29.24346,8.089183
"7706","5am",19.729185,52.30812,22.829587,5.133106
"7707","5am",17.991629,58.02357,18.979232,5.005567
"7708","5am",19.924691,34.27344,34.72726,11.074609
"7709","5am",12.492056,45.79037,33.894626,7.822948
"7710","5am",10.264819,55.53282,21.323236,12.879129
"7711","5am",25.324524,47.89691,15.14484,11.633729
"7712","5am",32.63657,36.78033,22.044634,8.538464
"7713","5am",36.433133,33.40087,22.770672,7.395329
"7714","5am",23.309622,33.56558,32.96826,10.156535
"7715","5am",29.66596,48.53653,16.530425,5.267083
"7716","5am",21.331561,45.33626,26.062,7.270183
"7801","5am",9.567173,32.8111,23.107767,34.513956
"7802","5am",11.533225,16.85746,31.819326,39.789991
"7803","5am",11.580935,20.83393,31.132113,36.453024
"7804","5am",15.830956,30.87586,30.255368,23.037818
"7805","5am",15.771541,35.3701,27.381074,21.477288
"7806","5am",19.53329,39.04157,27.812815,13.612325
"7807","5am",48.214861,23.59296,23.931872,4.26031
"7808","5am",25.378999,34.86619,29.559903,10.194907
"7809","5am",16.119665,32.5451,32.596858,18.738373
"7810","5am",10.008706,35.70794,31.510165,22.773187
"7811","5am",9.154398,23.99715,32.902487,33.945963
"7812","5am",9.436876,27.94727,25.853926,36.761929
"7813","5am",9.365639,25.78862,31.817067,33.028675
"7814","5am",9.394044,28.67706,36.457305,25.471595
"7815","5am",12.748449,38.44933,31.502157,17.300062
"7816","5am",14.82661,35.59428,29.725617,19.85349
"9101","5am",38.340388,32.30191,18.224446,11.133253
"9102","5am",14.27416,39.94538,25.47139,20.309072
"9103","5am",26.216774,35.63056,27.019868,11.132799
"9104","5am",18.016341,32.29437,30.462854,19.22644
"9105","5am",11.53031,42.33816,26.777858,19.353671
"9106","5am",25.476843,28.64783,30.195661,15.679667
"9107","5am",20.819404,31.7394,35.322787,12.11841
"9108","5am",18.236704,37.71102,26.293577,17.758696
"9109","5am",21.665977,35.81569,25.749544,16.768793
"9110","5am",36.515552,34.44662,19.058767,9.979062
"9111","5am",12.998016,36.03015,35.054345,15.917487
"9112","5am",12.665799,33.83582,37.434507,16.063876
"9113","5am",15.501821,34.72075,28.004361,21.773068
"9114","5am",9.015125,21.2781,38.356783,31.349993
"9201","5am",26.959074,37.0305,25.610577,10.399851
"9202","5am",27.495062,27.12817,28.476163,16.900602
"9203","5am",17.896317,24.92483,28.137521,29.041336
"9204","5am",23.16846,37.86976,24.698823,14.26296
"9205","5am",18.814111,18.00463,30.741399,32.439856
"9206","5am",16.207996,21.412,29.231723,33.148283
"9207","5am",7.409948,19.08318,30.192208,43.314668
"9208","5am",10.768811,24.22341,29.114973,35.892801
"9209","5am",13.053648,34.68779,29.656612,22.60195
"9210","5am",11.607917,25.55227,30.592711,32.247097
"9211","5am",26.373016,41.26641,18.069896,14.290678
"9212","5am",17.197527,33.64343,26.251299,22.907747
"9302","5am",22.11757,41.46328,30.446137,5.973014
"9303","5am",41.483939,36.37263,18.473867,3.669566
"9304","5am",36.797124,39.30764,21.24316,2.652073
"9305","5am",42.454833,27.25581,19.130663,11.158693
"9306","5am",17.535239,44.016,25.878127,12.57064
"9307","5am",34.464364,34.56847,20.247952,10.719209
"9308","5am",34.517518,40.20044,21.376628,3.90541
"9309","5am",42.632869,31.21157,17.843071,8.312491
"9310","5am",36.16859,42.53836,17.116906,4.176146
"9311","5am",49.223285,37.16937,9.993245,3.614101
"9312","5am",44.12,38.12851,13.731449,4.020036
"9402","5am",31.056632,45.92497,17.971547,5.046853
"9403","5am",25.783407,37.72273,30.680657,5.813206
"9404","5am",29.394986,37.83869,24.660058,8.106266
"9405","5am",17.419882,46.19083,27.737271,8.652019
"9406","5am",29.952853,44.30311,18.761637,6.982399
"9407","5am",23.581384,30.02535,29.891012,16.502258
"9408","5am",6.481575,39.5529,35.370303,18.595226
"9409","5am",14.589952,35.05482,30.573008,19.782215
"9410","5am",15.570798,43.18174,26.30712,14.940343
"9411","5am",41.599678,36.69751,12.372783,9.330027
"9412","5am",24.170037,39.91289,17.784755,18.132315
"9413","5am",37.268101,40.13187,18.107086,4.492944
"9414","5am",11.458114,33.77447,35.010261,19.757159
"9501","5am",26.007306,39.48387,27.68971,6.819109
"9502","5am",29.222319,40.04653,22.423297,8.307852
"9503","5am",18.770605,40.22321,23.150658,17.85553
"9504","5am",17.319334,32.33354,36.948245,13.398879
"9505","5am",19.078542,46.23228,26.5548,8.134377
"9506","5am",32.372978,39.50046,21.819213,6.307346
"9507","5am",38.306623,55.50759,4.21435,1.971437
"9508","5am",28.198409,44.00131,21.80624,5.99404
"9509","5am",17.301542,33.04819,25.657724,23.992542
"9510","5am",20.878128,30.38976,31.845553,16.886554
"9511","5am",10.18043,36.06919,38.721241,15.029143
"9512","5am",18.647877,37.21701,27.52629,16.608822
"9513","5am",12.637112,44.26704,28.004117,15.091726
"7501","6am",13.828216,25.6295,28.604879,31.937405
"7502","6am",17.523028,20.74025,18.377335,43.359391
"7503","6am",22.668443,22.27911,27.07205,27.980401
"7504","6am",19.272726,29.51293,31.268933,19.945415
"7505","6am",16.037622,30.37798,31.675414,21.908987
"7506","6am",16.088665,32.09513,32.701492,19.114709
"7507","6am",23.174281,30.9543,24.082154,21.789261
"7508","6am",13.420785,25.65849,31.966592,28.954137
"7509","6am",13.391658,32.90449,22.58733,31.116519
"7510","6am",17.628682,19.18409,18.753831,44.4334
"7511","6am",18.944418,23.93303,17.813791,39.308764
"7512","6am",29.056246,29.35744,21.775015,19.811298
"7513","6am",32.507894,24.98495,26.810634,15.696527
"7514","6am",25.990031,28.07688,26.622948,19.310137
"7701","6am",17.806495,48.36352,29.0237,4.806283
"7702","6am",15.077134,46.84106,20.731902,17.349904
"7703","6am",17.455116,38.69749,31.29019,12.557206
"7704","6am",35.987445,39.58139,19.48796,4.943201
"7705","6am",20.006218,44.01415,27.854972,8.124661
"7706","6am",20.241053,52.25987,22.665992,4.833087
"7707","6am",17.006924,59.76906,18.73089,4.493122
"7708","6am",18.951833,34.3044,36.060779,10.68299
"7709","6am",13.771276,48.2669,30.157767,7.804056
"7710","6am",10.870011,54.02962,21.446616,13.653754
"7711","6am",25.196211,50.23095,14.774369,9.798471
"7712","6am",32.54161,36.0699,22.34778,9.040711
"7713","6am",37.20309,32.3989,22.423568,7.974439
"7714","6am",24.177818,33.83128,31.789606,10.201292
"7715","6am",31.986868,46.29512,15.971852,5.746163
"7716","6am",21.934723,44.70355,26.263768,7.097963
"7801","6am",9.220813,34.03134,21.675046,35.072805
"7802","6am",12.302872,18.09168,30.216419,39.389025
"7803","6am",11.576429,21.3099,31.538475,35.575194
"7804","6am",15.292208,32.02438,30.164746,22.518662
"7805","6am",17.569881,33.83208,27.045769,21.55227
"7806","6am",19.297038,40.09331,27.006271,13.603384
"7807","6am",46.494715,23.74133,25.063644,4.700308
"7808","6am",25.8012,36.04641,27.970006,10.18238
"7809","6am",16.352099,32.77801,34.293131,16.576762
"7810","6am",10.964126,35.2583,32.078987,21.698586
"7811","6am",10.681761,22.93042,31.97107,34.416753
"7812","6am",8.092382,27.9261,26.488386,37.493133
"7813","6am",10.461826,25.72749,31.31743,32.493258
"7814","6am",9.821082,29.26454,36.605774,24.308604
"7815","6am",12.889169,40.19987,29.134065,17.776895
"7816","6am",15.52285,34.10591,30.054358,20.316883
"9101","6am",38.057252,33.86677,17.325699,10.750282
"9102","6am",13.369784,38.94865,27.65869,20.022873
"9103","6am",27.114646,34.79497,26.365318,11.725068
"9104","6am",18.772012,33.63439,28.696447,18.897151
"9105","6am",12.090558,41.80983,28.006394,18.093221
"9106","6am",26.826309,26.5629,30.163047,16.447748
"9107","6am",21.472075,29.84727,36.276241,12.404419
"9108","6am",19.066937,36.73911,26.756149,17.437804
"9109","6am",20.944479,35.531,25.778014,17.746509
"9110","6am",37.824213,35.19648,16.800883,10.17842
"9111","6am",14.521679,36.52592,32.915649,16.036752
"9112","6am",13.229745,34.53615,35.474532,16.759573
"9113","6am",14.998301,34.49569,28.38841,22.117596
"9114","6am",8.805656,22.04175,39.091899,30.060691
"9201","6am",25.597047,36.28566,27.374934,10.742361
"9202","6am",27.10261,25.97959,28.105212,18.812585
"9203","6am",18.747862,25.77098,27.967399,27.513764
"9204","6am",24.178709,37.36096,25.253504,13.206824
"9205","6am",18.312579,19.49847,30.303413,31.885542
"9206","6am",15.654708,21.22341,30.157607,32.964279
"9207","6am",7.541658,19.42238,30.247131,42.788834
"9208","6am",11.793346,23.92209,28.979794,35.304772
"9209","6am",12.46124,34.52575,30.129606,22.883408
"9210","6am",11.259768,25.97142,30.360778,32.40803
"9211","6am",25.948578,41.10566,18.385164,14.560602
"9212","6am",17.888021,31.47492,28.086283,22.550773
"9302","6am",22.059368,41.49083,30.968316,5.48149
"9303","6am",42.08754,35.49611,18.374012,4.042341
"9304","6am",36.170301,38.9411,21.99915,2.889446
"9305","6am",41.615295,25.84887,19.4148,13.121033
"9306","6am",17.427939,45.77908,25.702403,11.090582
"9307","6am",35.244226,34.14153,19.925229,10.689016
"9308","6am",35.100197,39.1808,21.526377,4.192627
"9309","6am",42.566338,32.04136,16.992296,8.400001
"9310","6am",36.594901,43.74517,15.508868,4.151064
"9311","6am",49.037714,36.46949,10.742129,3.750668
"9312","6am",43.161983,38.39513,14.165424,4.277459
"9402","6am",30.242314,46.34686,18.290607,5.120224
"9403","6am",26.297548,37.02673,30.849878,5.825847
"9404","6am",30.393373,36.50042,25.507533,7.598677
"9405","6am",19.79951,42.44537,28.14727,9.607848
"9406","6am",29.978858,46.0638,16.586578,7.370763
"9407","6am",23.334844,30.36769,29.290807,17.006657
"9408","6am",7.156975,39.52141,35.545557,17.776058
"9409","6am",14.976449,34.46863,30.402454,20.152468
"9410","6am",15.368771,41.41432,27.403224,15.813689
"9411","6am",41.232464,38.28385,11.710417,8.773272
"9412","6am",23.644325,39.64788,18.514124,18.193676
"9413","6am",37.796232,38.98961,18.866452,4.347708
"9414","6am",12.285802,32.85964,34.546709,20.307848
"9501","6am",27.45363,38.68368,27.044886,6.817803
"9502","6am",31.019468,38.72906,21.50355,8.747925
"9503","6am",20.446828,40.24513,22.269896,17.038144
"9504","6am",17.837507,32.96668,36.092252,13.103557
"9505","6am",20.401769,45.29463,26.98239,7.321213
"9506","6am",31.064419,40.28166,22.332515,6.321402
"9507","6am",38.574841,54.90728,4.380741,2.137137
"9508","6am",27.743436,43.96637,22.470887,5.819311
"9509","6am",18.188143,33.07816,24.318375,24.41532
"9510","6am",21.26131,31.04339,32.369743,15.325555
"9511","6am",9.80691,35.87796,38.526092,15.789039
"9512","6am",18.778439,39.19994,25.791765,16.229856
"9513","6am",13.310959,43.19355,27.858562,15.63693
"7501","7am",12.772854,27.80844,30.336473,29.0822338
"7502","7am",17.417875,20.24233,22.210789,40.1290044
"7503","7am",22.524912,24.02087,27.715794,25.7384272
"7504","7am",20.538918,32.94994,29.164934,17.3462045
"7505","7am",16.206444,32.53569,31.055337,20.2025295
"7506","7am",16.292634,33.8491,32.152866,17.7053968
"7507","7am",23.754651,31.43565,22.400013,22.4096837
"7508","7am",14.938433,25.88403,32.169767,27.0077676
"7509","7am",13.473227,33.42271,24.303799,28.8002609
"7510","7am",17.243315,22.92727,19.322715,40.5066998
"7511","7am",17.993179,24.09455,21.516618,36.3956518
"7512","7am",31.696611,27.40201,21.911523,18.9898607
"7513","7am",31.755534,26.84765,26.72905,14.6677685
"7514","7am",29.383335,27.62647,23.646144,19.3440511
"7701","7am",20.38022,50.06235,26.424209,3.1332184
"7702","7am",15.515395,44.23262,23.378949,16.8730403
"7703","7am",19.005888,40.15277,29.087873,11.7534731
"7704","7am",36.583738,40.66317,17.952252,4.8008441
"7705","7am",20.571978,45.796,24.56481,9.067217
"7706","7am",21.465116,51.97116,21.664179,4.8995424
"7707","7am",17.774312,58.311,18.995727,4.918961
"7708","7am",20.00627,38.18826,32.946508,8.8589621
"7709","7am",18.749465,48.10864,24.702791,8.4391074
"7710","7am",9.283225,56.61982,20.623811,13.4731399
"7711","7am",27.304365,45.85567,18.111954,8.7280094
"7712","7am",32.787265,35.04963,23.450601,8.7125035
"7713","7am",40.297507,32.12498,19.13886,8.438654
"7714","7am",25.447369,33.12259,31.421793,10.0082471
"7715","7am",32.88958,46.00986,16.168099,4.9324616
"7716","7am",24.810734,44.07141,25.451426,5.6664323
"7801","7am",10.570896,34.99346,22.000343,32.4352983
"7802","7am",12.39014,16.58606,30.249539,40.7742654
"7803","7am",13.264078,20.35902,34.651293,31.7256085
"7804","7am",17.827541,29.13282,30.045862,22.993775
"7805","7am",19.300799,35.05906,25.420513,20.2196295
"7806","7am",20.751995,41.83597,26.183582,11.22845
"7807","7am",45.438944,25.35409,24.109206,5.0977558
"7808","7am",29.580021,36.591,22.87541,10.9535734
"7809","7am",17.577633,31.256,33.919557,17.2468065
"7810","7am",11.964438,37.40822,29.757452,20.8698941
"7811","7am",11.849891,22.16511,32.394579,33.5904154
"7812","7am",8.706827,28.90724,26.771829,35.6140991
"7813","7am",13.105693,26.31287,32.934447,27.6469908
"7814","7am",11.052084,31.83174,35.495405,21.6207706
"7815","7am",12.541932,43.46364,24.869687,19.1247419
"7816","7am",14.657242,33.56925,32.449948,19.3235574
"9101","7am",35.946784,34.91913,17.216903,11.9171864
"9102","7am",14.855521,37.69651,26.570998,20.8769667
"9103","7am",29.923569,33.50169,26.061929,10.5128123
"9104","7am",19.431652,36.04439,29.012726,15.5112297
"9105","7am",14.687168,42.49678,27.568704,15.2473436
"9106","7am",27.263512,26.05233,31.149257,15.5349045
"9107","7am",21.124657,31.81279,37.018097,10.0444571
"9108","7am",21.786326,38.93522,24.196104,15.0823476
"9109","7am",20.153756,35.56729,25.8661,18.4128548
"9110","7am",40.393814,32.21026,16.902595,10.4933356
"9111","7am",16.654349,39.23799,30.01801,14.0896514
"9112","7am",13.579733,39.61717,28.462181,18.3409136
"9113","7am",14.606508,32.64652,32.365484,20.3814858
"9114","7am",8.970992,20.81228,43.523556,26.693174
"9201","7am",27.057531,34.75225,27.536651,10.6535708
"9202","7am",26.244245,26.54332,26.461234,20.7512008
"9203","7am",19.390099,26.03321,27.340037,27.2366508
"9204","7am",23.290595,38.53065,25.048976,13.1297831
"9205","7am",18.092492,20.89439,27.330385,33.6827363
"9206","7am",16.035017,24.57809,30.502168,28.8847212
"9207","7am",8.287388,22.35873,27.677257,41.6766234
"9208","7am",12.974039,26.03867,28.045642,32.9416515
"9209","7am",12.35956,36.73121,27.921051,22.9881764
"9210","7am",11.819799,27.97411,30.15252,30.0535674
"9211","7am",24.73411,45.35836,16.966943,12.9405899
"9212","7am",19.19115,30.72433,27.144129,22.9403859
"9302","7am",22.785347,40.07806,31.729361,5.4072279
"9303","7am",40.47695,37.12009,19.104817,3.2981423
"9304","7am",33.361537,38.16559,23.660858,4.812016
"9305","7am",48.584047,28.51693,14.879922,8.0191041
"9306","7am",18.034316,49.50875,22.146908,10.3100277
"9307","7am",37.264176,31.34723,19.221923,12.1666702
"9308","7am",34.751546,39.71014,20.79212,4.7461898
"9309","7am",41.463538,32.22523,18.214681,8.0965484
"9310","7am",36.344864,44.5854,15.57377,3.495961
"9311","7am",50.402073,35.96453,10.193005,3.4403942
"9312","7am",39.707046,39.24439,15.7066,5.341961
"9402","7am",30.878968,46.56514,17.196075,5.3598122
"9403","7am",28.617143,36.60366,28.433189,6.3460048
"9404","7am",30.769299,38.98994,21.573276,8.6674902
"9405","7am",22.179223,41.98396,25.948369,9.8884478
"9406","7am",30.21599,46.23889,16.210578,7.334541
"9407","7am",23.611046,28.87759,31.472158,16.0392041
"9408","7am",7.512873,42.98141,32.386131,17.1195852
"9409","7am",17.996871,35.94145,31.194801,14.866874
"9410","7am",15.424411,43.1224,25.262889,16.1903046
"9411","7am",39.473464,40.79378,10.533942,9.1988172
"9412","7am",26.085978,39.42238,16.92046,17.5711819
"9413","7am",42.284767,35.9217,21.002942,0.7905946
"9414","7am",13.625718,36.80903,32.621334,16.9439175
"9501","7am",29.257254,36.95306,27.182345,6.6073417
"9502","7am",33.17141,37.69342,22.247749,6.8874182
"9503","7am",20.789734,45.16248,20.632185,13.4155975
"9504","7am",20.279176,31.45948,37.280542,10.9808061
"9505","7am",22.380312,44.0985,27.506914,6.014272
"9506","7am",35.825533,41.1418,15.295382,7.7372893
"9507","7am",39.209902,54.05011,3.736262,3.0037287
"9508","7am",27.810573,45.58721,18.330592,8.2716221
"9509","7am",21.272342,33.85755,20.088568,24.7815358
"9510","7am",23.348391,30.48973,34.32317,11.8387127
"9511","7am",12.008164,36.14678,35.390655,16.4543995
"9512","7am",23.064344,38.21859,21.306854,17.4102133
"9513","7am",14.204711,42.15389,30.32027,13.3211267
"7501","8am",13.279065,28.23703,31.044473,27.4394305
"7502","8am",16.920058,25.39539,22.268928,35.4156237
"7503","8am",17.398869,25.35133,27.463042,29.7867553
"7504","8am",19.839868,36.41903,27.001128,16.7399692
"7505","8am",20.502574,32.0444,29.736926,17.7160973
"7506","8am",17.01715,34.50869,31.227324,17.2468319
"7507","8am",22.486297,32.76192,22.922799,21.8289821
"7508","8am",16.552685,31.78432,29.796817,21.8661765
"7509","8am",15.120318,34.23625,23.364957,27.2784717
"7510","8am",18.232215,27.07791,20.787333,33.9025432
"7511","8am",18.704483,28.2536,26.127768,26.9141464
"7512","8am",32.675951,31.02872,20.809146,15.4861867
"7513","8am",30.16357,28.59078,25.237762,16.007884
"7514","8am",31.182719,29.04963,21.521613,18.2460398
"7701","8am",18.638789,48.35243,25.285701,7.7230788
"7702","8am",15.171613,41.98791,29.346107,13.4943689
"7703","8am",20.355655,37.80368,29.728428,12.1122325
"7704","8am",32.409657,41.12408,19.67326,6.7930023
"7705","8am",19.852362,45.78229,28.122956,6.2423873
"7706","8am",22.644616,49.0806,22.854688,5.4200962
"7707","8am",17.100031,57.63414,19.934452,5.3313779
"7708","8am",22.024455,40.55446,30.855281,6.5658021
"7709","8am",15.026373,54.67922,24.075415,6.2189895
"7710","8am",12.486815,59.47958,19.04079,8.9928152
"7711","8am",33.609318,39.65104,20.941973,5.7976655
"7712","8am",33.549478,32.66162,24.072232,9.7166727
"7713","8am",41.296938,32.44576,17.905698,8.3516042
"7714","8am",27.689744,33.41058,30.06118,8.8384951
"7715","8am",33.664194,44.69053,17.393595,4.251682
"7716","8am",21.877212,48.07205,22.176853,7.8738839
"7801","8am",12.08219,35.36958,24.757381,27.7908493
"7802","8am",14.010069,19.78183,28.831637,37.3764686
"7803","8am",12.626548,24.29804,36.140272,26.9351411
"7804","8am",17.946914,32.91143,26.92691,22.2147459
"7805","8am",17.096677,40.83257,23.309795,18.7609604
"7806","8am",22.362464,40.15954,26.789373,10.6886265
"7807","8am",46.352291,25.56597,24.804298,3.277436
"7808","8am",32.036645,35.21474,17.538575,15.210042
"7809","8am",17.337325,31.76331,34.54002,16.3593484
"7810","8am",12.89846,37.64854,25.83808,23.6149236
"7811","8am",12.296108,20.73044,32.919754,34.0536983
"7812","8am",9.610259,30.23603,26.983545,33.1701623
"7813","8am",14.681936,28.4861,31.510824,25.3211391
"7814","8am",12.783005,36.94415,28.663808,21.6090388
"7815","8am",14.8421,42.80599,26.093571,16.2583358
"7816","8am",13.743993,32.60148,30.359983,23.2945454
"9101","8am",31.921706,35.62132,20.156006,12.3009674
"9102","8am",14.825388,36.24072,29.242525,19.6913626
"9103","8am",29.240872,35.72164,24.043213,10.9942726
"9104","8am",22.785456,38.67862,25.447178,13.0887496
"9105","8am",13.489177,45.46865,26.315097,14.7270742
"9106","8am",29.727112,26.21209,29.021059,15.0397378
"9107","8am",24.372669,33.31872,33.776422,8.5321874
"9108","8am",20.840034,41.44503,23.812852,13.9020872
"9109","8am",21.793862,38.01194,21.401469,18.7927312
"9110","8am",38.540911,31.39114,17.561188,12.5067638
"9111","8am",16.991915,38.16568,28.316393,16.5260145
"9112","8am",15.758314,39.64863,26.465988,18.1270669
"9113","8am",15.555909,31.17209,35.27778,17.9942177
"9114","8am",9.155521,22.56804,44.535519,23.7409154
"9201","8am",29.972806,34.46898,26.88508,8.67313
"9202","8am",25.185921,30.60449,20.380116,23.8294677
"9203","8am",20.046992,28.57229,27.426243,23.9544748
"9204","8am",21.06286,33.51542,28.261382,17.160335
"9205","8am",14.531484,21.47853,29.697036,34.2929534
"9206","8am",15.467393,26.86828,32.247892,25.4164312
"9207","8am",8.800355,27.1966,24.99538,39.0076672
"9208","8am",15.733467,27.05716,25.97347,31.2359055
"9209","8am",10.89071,34.98304,29.71475,24.4115039
"9210","8am",15.356135,29.80176,30.577176,24.2649311
"9211","8am",26.067524,43.10563,16.583971,14.2428745
"9212","8am",18.193198,28.70325,25.820932,27.2826211
"9302","8am",26.904762,38.40534,27.10404,7.5858586
"9303","8am",41.066458,35.34846,19.584653,4.0004245
"9304","8am",29.574404,36.53314,25.550098,8.3423561
"9305","8am",48.111278,31.75322,11.907561,8.2279447
"9306","8am",21.46193,51.71107,20.257956,6.5690471
"9307","8am",38.720249,31.0871,17.800742,12.3919087
"9308","8am",37.458525,39.69706,18.634639,4.2097762
"9309","8am",36.481424,35.2164,18.382464,9.9197157
"9310","8am",36.981669,40.44811,18.021528,4.5486965
"9311","8am",50.838517,35.20021,10.379087,3.5821831
"9312","8am",35.192106,37.28481,16.996786,10.5263033
"9402","8am",29.516797,47.37914,16.759022,6.3450369
"9403","8am",28.733762,36.65763,26.962654,7.6459556
"9404","8am",31.243261,39.81502,18.513051,10.4286704
"9405","8am",21.780329,40.05694,23.530792,14.6319398
"9406","8am",28.17744,43.41234,18.771168,9.639047
"9407","8am",23.381449,31.50959,31.06076,14.0482029
"9408","8am",8.710747,42.00971,30.66495,18.614591
"9409","8am",18.733603,33.11606,31.410621,16.7397138
"9410","8am",13.683435,46.51052,23.488652,16.3173933
"9411","8am",38.240304,44.42249,11.077597,6.259608
"9412","8am",29.592943,46.52218,15.843345,8.0415305
"9413","8am",42.79525,38.49843,17.826499,0.8798173
"9414","8am",12.302557,35.94436,36.907138,14.8459416
"9501","8am",31.035416,33.74786,26.530629,8.6860938
"9502","8am",30.486505,39.22931,23.967451,6.3167378
"9503","8am",20.578695,46.54819,19.757496,13.1156138
"9504","8am",25.004798,30.02882,33.778085,11.1882961
"9505","8am",22.53143,41.95258,29.399482,6.1165109
"9506","8am",31.02574,46.74577,14.78846,7.440031
"9507","8am",38.1851,52.21788,5.787309,3.8097078
"9508","8am",28.920121,45.44854,16.327866,9.3034714
"9509","8am",24.527397,35.2505,18.154138,22.0679638
"9510","8am",24.24032,28.52002,32.188612,15.0510461
"9511","8am",14.445396,41.88277,31.170251,12.5015868
"9512","8am",25.130877,36.76251,24.762088,13.3445209
"9513","8am",16.869433,40.86386,31.639295,10.6274096
"7501","9am",12.165786,28.81253,31.256502,27.765187
"7502","9am",15.024238,27.29135,24.580991,33.103421
"7503","9am",15.167182,26.04533,27.540428,31.24706
"7504","9am",23.046422,36.25276,24.047377,16.653437
"7505","9am",17.941056,32.64003,30.738977,18.679937
"7506","9am",17.267033,37.02482,27.543588,18.164562
"7507","9am",22.084565,30.27512,24.808614,22.831701
"7508","9am",14.221973,31.76888,30.872024,23.137124
"7509","9am",14.595251,32.17446,23.746984,29.483304
"7510","9am",15.938233,25.82789,23.320912,34.912966
"7511","9am",17.64531,28.29244,29.046487,25.015759
"7512","9am",33.749299,31.71139,22.09544,12.44387
"7513","9am",34.520996,25.21552,25.02604,15.237449
"7514","9am",32.685774,29.41706,20.881647,17.015523
"7701","9am",20.183064,46.89531,24.704444,8.217178
"7702","9am",14.88706,39.63604,30.967009,14.509886
"7703","9am",19.403151,36.45758,29.955559,14.183712
"7704","9am",31.506779,41.20424,20.285072,7.003906
"7705","9am",17.781905,49.95634,26.666466,5.595288
"7706","9am",22.582618,50.78532,21.027371,5.604686
"7707","9am",17.221519,55.37576,21.867428,5.535293
"7708","9am",22.649433,40.11082,32.504829,4.734916
"7709","9am",15.667961,55.77077,25.233782,3.327482
"7710","9am",12.930589,57.83757,18.979835,10.252007
"7711","9am",32.729546,39.60138,20.589423,7.079656
"7712","9am",32.166674,31.73305,25.039239,11.061035
"7713","9am",41.138059,32.95203,17.680141,8.229774
"7714","9am",27.463287,33.39315,30.820064,8.323504
"7715","9am",33.763037,43.82651,17.504138,4.906319
"7716","9am",21.308264,48.08487,22.515658,8.091203
"7801","9am",12.661447,37.95922,25.003568,24.375766
"7802","9am",15.788367,23.06839,23.876297,37.266944
"7803","9am",11.872772,24.53667,37.216047,26.374508
"7804","9am",17.501485,34.25969,28.033239,20.205582
"7805","9am",14.249493,40.00864,25.385538,20.356324
"7806","9am",20.242919,42.4714,27.476825,9.808858
"7807","9am",43.733492,29.94765,22.844764,3.474094
"7808","9am",32.989146,32.84385,17.558208,16.608793
"7809","9am",18.989635,30.00234,34.914333,16.093689
"7810","9am",11.863739,35.01459,29.405307,23.716363
"7811","9am",13.508719,22.76548,32.840253,30.885546
"7812","9am",8.14132,29.8669,29.392652,32.599126
"7813","9am",15.419707,30.12182,28.192209,26.266261
"7814","9am",11.41869,41.12946,27.609065,19.84279
"7815","9am",14.279848,42.62686,24.06927,19.024026
"7816","9am",13.33623,31.79254,30.677528,24.193706
"9101","9am",28.1376,34.68999,21.583285,15.589126
"9102","9am",14.552342,36.3607,31.340995,17.745966
"9103","9am",30.628541,35.03338,24.354454,9.983625
"9104","9am",23.324424,35.84487,27.037586,13.793115
"9105","9am",13.470542,43.41632,27.642718,15.47042
"9106","9am",31.304837,27.56698,26.273634,14.85455
"9107","9am",24.87738,32.96056,33.875429,8.286633
"9108","9am",21.351525,38.64757,28.812304,11.188597
"9109","9am",21.18617,36.64442,22.783936,19.385474
"9110","9am",38.329165,31.02984,17.270428,13.370572
"9111","9am",15.037294,39.585,28.753806,16.623897
"9112","9am",16.454039,40.52698,27.20191,15.817071
"9113","9am",13.946512,28.90611,35.786893,21.360485
"9114","9am",9.471585,19.8353,47.673667,23.019447
"9201","9am",29.240547,37.67719,21.639305,11.442962
"9202","9am",24.242103,29.19529,19.116497,27.446115
"9203","9am",20.300767,27.24308,28.495028,23.961123
"9204","9am",17.410019,32.19224,32.405983,17.991759
"9205","9am",12.289024,20.25586,29.081603,38.373514
"9206","9am",16.29459,26.17016,32.582186,24.953068
"9207","9am",10.093554,24.96436,28.494632,36.447453
"9208","9am",15.366972,28.72458,27.255073,28.653375
"9209","9am",10.949091,34.51516,29.546939,24.988808
"9210","9am",15.354498,27.15825,35.178571,22.30868
"9211","9am",20.281306,44.8188,19.656484,15.243413
"9212","9am",17.227563,31.39061,25.915593,25.466231
"9302","9am",25.362847,40.59289,25.985646,8.058618
"9303","9am",40.233141,33.7934,20.224246,5.749209
"9304","9am",29.244392,35.84517,24.649548,10.260891
"9305","9am",44.686946,34.144,12.91477,8.254286
"9306","9am",22.187947,52.5985,19.512952,5.700601
"9307","9am",39.374719,30.99634,17.115316,12.51363
"9308","9am",36.404208,40.89856,18.558842,4.138385
"9309","9am",36.531889,35.72961,17.161921,10.576578
"9310","9am",36.017366,41.76192,17.981819,4.238891
"9311","9am",50.276078,35.08773,11.657568,2.978619
"9312","9am",32.514428,33.88023,19.705302,13.900045
"9402","9am",28.932742,45.20107,17.098582,8.767607
"9403","9am",27.409888,37.76402,26.529377,8.296715
"9404","9am",31.107783,40.42934,18.320881,10.142
"9405","9am",20.799328,39.10487,22.48379,17.612014
"9406","9am",26.821527,42.07454,19.340756,11.763177
"9407","9am",22.308481,31.46864,32.608229,13.614654
"9408","9am",8.269545,41.78162,31.049922,18.898918
"9409","9am",19.821917,34.07802,28.843342,17.256722
"9410","9am",12.181594,46.96572,22.857824,17.994865
"9411","9am",36.392337,45.93721,11.389615,6.280834
"9412","9am",26.747752,49.50414,14.100789,9.647323
"9413","9am",42.638033,37.23144,18.750158,1.380372
"9414","9am",15.337165,33.94121,32.669563,18.052059
"9501","9am",30.057208,32.33405,28.723202,8.885541
"9502","9am",28.470156,37.47643,26.032852,8.020558
"9503","9am",23.598595,42.29477,22.175894,11.930741
"9504","9am",26.686277,31.55363,31.181004,10.579086
"9505","9am",22.373551,43.67019,28.101449,5.854805
"9506","9am",28.828111,48.10811,17.192628,5.87115
"9507","9am",40.770633,48.01997,7.484639,3.724761
"9508","9am",27.57748,42.85137,18.702012,10.869138
"9509","9am",27.18201,36.76383,16.56343,19.490726
"9510","9am",21.853356,34.04925,29.97716,14.120236
"9511","9am",16.138822,44.32068,30.412985,9.127511
"9512","9am",26.595898,35.60902,25.00311,12.791974
"9513","9am",15.832886,44.15852,30.664541,9.344052
"7501","10am",12.245256,28.76139,30.72736,28.26599
"7502","10am",15.052016,28.76078,24.09787,32.0893267
"7503","10am",14.907319,25.4389,28.76894,30.8848367
"7504","10am",22.700947,34.83235,23.80736,18.659343
"7505","10am",17.236624,32.43777,30.83888,19.4867243
"7506","10am",18.446964,36.66134,26.19414,18.6975528
"7507","10am",22.591047,30.46368,25.92312,21.0221605
"7508","10am",15.592554,31.1676,29.35104,23.8888103
"7509","10am",15.294839,30.66043,24.50035,29.544377
"7510","10am",15.394968,25.99494,26.34026,32.2698346
"7511","10am",17.858177,28.40219,29.17038,24.5692526
"7512","10am",32.576834,32.51476,21.83535,13.0730571
"7513","10am",33.214529,27.26717,23.021,16.497301
"7514","10am",29.182987,31.81624,22.05006,16.9507069
"7701","10am",19.118615,47.07779,25.43932,8.3642796
"7702","10am",14.750631,38.26446,32.278,14.706904
"7703","10am",20.505531,35.12891,31.57018,12.7953722
"7704","10am",30.497024,43.76187,19.43268,6.3084298
"7705","10am",18.632725,47.00526,29.36565,4.9963564
"7706","10am",21.866626,51.21152,21.22401,5.6978426
"7707","10am",17.365668,57.8648,19.6849,5.0846279
"7708","10am",21.810056,41.90331,34.29992,1.9867203
"7709","10am",15.822051,55.34481,25.63832,3.1948265
"7710","10am",11.412207,57.36445,19.5242,11.6991465
"7711","10am",31.39652,42.50761,19.49158,6.6042939
"7712","10am",31.285661,31.76184,26.55184,10.400666
"7713","10am",41.371663,34.67361,15.12053,8.8341922
"7714","10am",27.46807,32.9166,32.20105,7.4142827
"7715","10am",32.572636,44.17885,16.59726,6.6512575
"7716","10am",22.101338,45.911,23.73127,8.2563884
"7801","10am",12.867615,37.89019,25.39913,23.8430709
"7802","10am",16.924043,20.82279,24.15625,38.0969156
"7803","10am",12.792406,24.23637,36.50783,26.4633974
"7804","10am",15.891677,34.63902,28.11292,21.3563866
"7805","10am",14.147645,38.77946,26.42166,20.6512276
"7806","10am",21.809621,42.33266,26.55564,9.3020739
"7807","10am",42.181235,32.5096,22.29149,3.0176764
"7808","10am",33.435144,30.09496,18.80269,17.6672068
"7809","10am",17.973952,32.95184,35.82834,13.2458727
"7810","10am",12.227077,35.73559,30.44503,21.5923005
"7811","10am",12.207385,23.39834,32.21896,32.1753177
"7812","10am",8.686348,28.55975,31.28971,31.4641986
"7813","10am",17.315409,26.99936,27.81864,27.8665929
"7814","10am",14.050103,41.72162,26.1944,18.0338712
"7815","10am",13.224666,41.2804,29.06145,16.4334799
"7816","10am",12.80412,32.04887,30.75304,24.3939646
"9101","10am",27.886151,33.23481,21.36608,17.512962
"9102","10am",14.49356,38.84476,28.2594,18.4022795
"9103","10am",28.728203,38.71936,22.72518,9.8272501
"9104","10am",24.481813,35.40777,26.39395,13.716468
"9105","10am",14.120679,42.88703,27.25641,15.7358729
"9106","10am",32.695697,27.61365,27.35751,12.3331498
"9107","10am",26.467946,32.33786,33.43465,7.7595444
"9108","10am",21.519294,37.39711,27.19659,13.8870056
"9109","10am",21.33866,37.38328,23.24432,18.0337318
"9110","10am",37.625473,31.70136,17.59318,13.0799849
"9111","10am",13.188621,39.01302,30.63554,17.1628149
"9112","10am",18.885721,38.86034,27.39438,14.8595665
"9113","10am",14.389866,29.37721,36.88008,19.3528376
"9114","10am",10.889391,20.61065,46.00442,22.4955412
"9201","10am",29.236892,37.62126,22.63722,10.5046295
"9202","10am",21.763333,30.15275,20.776,27.3079163
"9203","10am",20.824889,27.57255,28.35246,23.2501032
"9204","10am",17.681113,32.90826,30.84162,18.5690053
"9205","10am",11.970143,20.33974,28.98516,38.7049532
"9206","10am",16.141707,23.64904,34.20173,26.0075164
"9207","10am",12.019776,24.12462,26.702,37.1536118
"9208","10am",16.093029,28.15936,25.78513,29.9624809
"9209","10am",11.640968,34.43358,29.37033,24.5551252
"9210","10am",15.888742,26.0855,35.43454,22.5912115
"9211","10am",18.649485,45.98428,19.92419,15.4420384
"9212","10am",17.224816,31.63238,25.00107,26.1417328
"9302","10am",24.575927,39.84943,28.21494,7.3597054
"9303","10am",38.607536,34.53171,20.88966,5.9710946
"9304","10am",32.158049,36.29761,22.9293,8.6150384
"9305","10am",47.38656,30.9853,13.12202,8.5061169
"9306","10am",22.93717,50.34828,20.83559,5.8789614
"9307","10am",40.180779,33.99802,18.83462,6.9865848
"9308","10am",34.612779,39.80248,21.41618,4.1685608
"9309","10am",38.912017,35.04392,14.68381,11.3602478
"9310","10am",36.765843,41.56185,18.862,2.8103038
"9311","10am",48.503843,36.50579,10.86089,4.1294792
"9312","10am",32.325174,34.0731,19.36386,14.2378673
"9402","10am",28.384349,44.6954,18.25297,8.6672807
"9403","10am",27.825392,36.3525,25.59102,10.2310881
"9404","10am",31.581202,43.02044,17.43716,7.9611976
"9405","10am",20.047834,40.88855,21.78385,17.2797704
"9406","10am",26.81396,42.04199,19.67223,11.4718201
"9407","10am",21.344144,31.43447,32.25813,14.9632581
"9408","10am",8.237925,41.29261,30.10852,20.360943
"9409","10am",19.091642,34.97943,29.56742,16.3615124
"9410","10am",13.784249,47.4539,21.37994,17.3819082
"9411","10am",35.434131,45.7908,13.17946,5.595603
"9412","10am",26.625292,49.85341,15.66214,7.8591621
"9413","10am",42.356552,37.29708,19.48396,0.8624059
"9414","10am",18.250107,33.74175,31.91139,16.0967515
"9501","10am",29.959836,31.1966,28.15781,10.6857547
"9502","10am",29.721642,36.19579,26.09767,7.9849
"9503","10am",23.670946,40.89201,22.86499,12.5720551
"9504","10am",26.707629,30.3855,29.69732,13.209553
"9505","10am",23.572526,40.30152,27.06035,9.0656027
"9506","10am",30.735428,44.17682,16.30857,8.7791866
"9507","10am",36.700672,53.02748,6.01681,4.2550351
"9508","10am",29.820684,41.92661,17.65789,10.5948165
"9509","10am",23.209445,35.89181,20.74315,20.1555916
"9510","10am",22.161871,35.04776,28.78435,14.0060223
"9511","10am",17.434877,41.54358,30.96797,10.0535793
"9512","10am",25.955096,36.76825,25.54559,11.7310673
"9513","10am",13.319463,46.50698,29.11607,11.0574908
"7501","11am",13.025165,26.92552,30.530841,29.5184717
"7502","11am",15.171812,27.59004,25.220076,32.0180674
"7503","11am",15.250894,26.69106,28.338121,29.7199286
"7504","11am",22.592671,34.49261,24.113535,18.801182
"7505","11am",18.770334,33.13457,30.35009,17.7450026
"7506","11am",19.344862,36.51579,25.273302,18.8660434
"7507","11am",22.799357,30.03259,25.481658,21.6863984
"7508","11am",13.69001,32.53298,30.412308,23.3647057
"7509","11am",15.035247,31.24642,25.18798,28.5303494
"7510","11am",17.382649,25.5205,26.162089,30.9347638
"7511","11am",16.481571,29.89257,29.190156,24.4357014
