"district","hour","cleduc1","cleduc2","cleduc3","cleduc4"
"101","4am",1.19917,20.69206,30.67516,47.433611
"102","4am",7.067599,38.3736,27.55787,27.000936
"103","4am",4.191856,29.06584,16.68816,50.054146
"104","4am",4.829666,37.16622,29.90077,28.103349
"105","4am",1.657234,24.0814,39.79018,34.471188
"106","4am",2.028879,27.84423,32.00867,38.118228
"107","4am",7.947519,18.53981,26.34431,47.168368
"108","4am",3.827864,28.21565,26.95371,41.002773
"109","4am",16.961247,41.35133,30.22426,11.463165
"110","4am",4.507193,15.1115,29.01672,51.364585
"111","4am",3.071028,13.04985,23.26743,60.611687
"112","4am",8.266668,30.66736,31.78965,29.276323
"113","4am",5.321598,31.47198,28.3458,34.860619
"114","4am",15.399036,51.21466,21.93221,11.454089
"115","4am",7.633324,56.94895,17.98879,17.428931
"116","4am",5.499081,42.21563,27.8245,24.460786
"117","4am",6.65564,50.53423,24.95551,17.854626
"118","4am",6.727893,30.20405,25.59125,37.476803
"119","4am",3.210725,34.26132,25.69249,36.835463
"120","4am",14.363566,39.63694,33.94061,12.058886
"121","4am",5.190439,31.52272,34.0212,29.265643
"122","4am",2.415544,72.45705,18.78489,6.342513
"123","4am",9.900809,50.32758,25.61344,14.158169
"124","4am",10.877689,39.10987,23.67254,26.339903
"125","4am",6.647634,50.66347,29.08054,13.608351
"126","4am",9.692119,44.84107,23.00875,22.458062
"127","4am",11.497085,40.82526,20.44512,27.232537
"128","4am",10.571993,41.05923,33.1003,15.268473
"129","4am",2.950827,56.12718,21.83026,19.09174
"130","4am",1.291251,40.60144,32.6773,25.430009
"131","4am",2.854977,39.87862,35.26399,22.002413
"132","4am",2.460225,40.67265,28.85225,28.014877
"133","4am",3.37607,39.08922,26.77932,30.755391
"134","4am",12.09262,49.25479,25.06097,13.591615
"135","4am",15.325343,47.27616,27.67318,9.725319
"136","4am",14.27852,53.43649,20.95648,11.328512
"137","4am",4.771451,40.64,34.0452,20.543347
"138","4am",18.687576,56.12471,20.66478,4.52294
"139","4am",11.248402,43.46064,32.03191,13.259052
"140","4am",3.938295,41.93818,31.27734,22.846183
"141","4am",12.473432,53.61207,19.60679,14.307712
"142","4am",11.706584,45.9635,29.2587,13.07121
"143","4am",7.268767,50.90662,31.68664,10.137979
"144","4am",5.766099,44.90737,32.87678,16.449746
"145","4am",10.347401,42.06323,30.02815,17.561218
"146","4am",9.532502,34.23392,26.98602,29.24755
"147","4am",12.285183,28.76352,33.92863,25.022667
"148","4am",11.445803,36.37193,29.71624,22.466027
"149","4am",2.780169,42.08029,32.42623,22.713313
"150","4am",8.965634,48.67717,28.08678,14.270417
"151","4am",8.11942,35.83442,34.28538,21.76078
"152","4am",12.700623,35.94441,30.70808,20.646888
"153","4am",7.490909,32.43086,39.44265,20.635584
"154","4am",7.86087,46.006,33.97429,12.158838
"155","4am",6.272455,38.02245,37.32057,18.384522
"156","4am",8.843195,32.28027,40.30422,18.572309
"157","4am",4.757365,41.04335,35.57858,18.620702
"158","4am",10.870516,38.2724,35.95916,14.897924
"159","4am",7.918155,41.67234,31.39905,19.010457
"160","4am",8.365689,35.62988,35.32844,20.675987
"161","4am",6.624313,32.31026,40.75837,20.307056
"162","4am",9.060763,40.96595,33.90829,16.065
"163","4am",4.69496,32.26893,27.26088,35.775223
"164","4am",10.056869,42.86677,39.16715,7.909214
"165","4am",12.690063,45.51301,19.73357,22.063353
"166","4am",10.572347,57.18561,18.74819,13.493853
"167","4am",9.101701,50.15737,21.5123,19.228638
"168","4am",9.027811,55.04483,25.69499,10.232366
"101","5am",1.189533,21.41783,30.34019,47.052443
"102","5am",6.677739,40.31356,26.57982,26.428879
"103","5am",4.22816,29.31756,16.83269,49.621587
"104","5am",4.72224,36.99562,30.80389,27.478248
"105","5am",1.657234,24.0814,39.79018,34.471188
"106","5am",2.040819,28.52255,31.09408,38.342554
"107","5am",8.000159,18.95919,25.55986,47.480783
"108","5am",3.967334,26.31144,27.93578,41.785446
"109","5am",17.272011,40.88611,30.16869,11.673193
"110","5am",4.453821,14.93256,29.85728,50.756347
"111","5am",3.028899,14.24265,22.94825,59.780205
"112","5am",8.329077,30.34897,31.82461,29.497345
"113","5am",5.415645,31.45752,28.84675,34.280086
"114","5am",14.90999,52.24598,21.7537,11.090327
"115","5am",7.735415,56.03508,18.56747,17.662032
"116","5am",5.63385,42.65485,27.29219,24.41911
"117","5am",6.772976,50.51147,24.54616,18.169396
"118","5am",6.454258,31.08136,25.94047,36.523916
"119","5am",3.159849,34.72878,25.85958,36.251791
"120","5am",14.667564,39.41761,34.65895,11.25588
"121","5am",5.148031,32.0822,33.74323,29.026531
"122","5am",2.3889,72.76086,18.57769,6.272553
"123","5am",9.900809,50.32758,25.61344,14.158169
"124","5am",11.030167,38.25634,24.00437,26.709124
"125","5am",6.647634,50.66347,29.08054,13.608351
"126","5am",8.624464,46.00029,22.96241,22.412837
"127","5am",11.340705,42.40255,19.39461,26.862129
"128","5am",10.748062,41.74305,31.98613,15.52276
"129","5am",2.984195,55.63105,22.07712,19.307636
"130","5am",1.348655,40.93117,31.15964,26.560529
"131","5am",2.15991,39.62508,36.04783,22.167179
"132","5am",2.398592,40.41634,31.6634,25.52167
"133","5am",3.37607,39.08922,26.77932,30.755391
"134","5am",12.593972,49.91173,23.33918,14.155114
"135","5am",15.277247,47.12779,27.90016,9.694797
"136","5am",14.447076,52.88681,21.20387,11.462244
"137","5am",4.821893,41.18248,34.40511,19.590517
"138","5am",18.924114,55.56936,20.92634,4.580189
"139","5am",11.157912,43.91548,31.77422,13.152387
"140","5am",4.005711,41.85666,31.81275,22.324876
"141","5am",12.471805,53.60508,19.61727,14.305846
"142","5am",11.706584,45.9635,29.2587,13.07121
"143","5am",7.573157,50.89068,30.97365,10.56252
"144","5am",5.837721,43.15483,34.35338,16.654071
"145","5am",10.423996,42.37459,29.5102,17.691211
"146","5am",9.481459,34.05061,28.21453,28.253397
"147","5am",12.196456,28.55578,34.40582,24.841947
"148","5am",11.702489,34.945,30.38266,22.969854
"149","5am",2.703331,42.91687,32.74714,21.63266
"150","5am",9.136536,47.56323,28.75779,14.542439
"151","5am",8.199462,36.64638,33.17886,21.975299
"152","5am",13.083083,36.02216,29.62612,21.268638
"153","5am",7.490909,32.43086,39.44265,20.635584
"154","5am",7.972737,46.10435,34.45778,11.465134
"155","5am",6.44859,38.34588,37.25861,17.946917
"156","5am",8.843195,32.28027,40.30422,18.572309
"157","5am",4.805538,41.45895,34.92626,18.809253
"158","5am",11.080732,37.92652,35.80673,15.186022
"159","5am",7.940394,41.50852,31.48724,19.063851
"160","5am",8.442524,35.03867,35.65291,20.865887
"161","5am",6.624313,32.31026,40.75837,20.307056
"162","5am",9.203258,41.42078,33.05831,16.317649
"163","5am",4.697381,31.6844,27.82454,35.793671
"164","5am",10.139141,42.39938,39.48756,7.973917
"165","5am",12.76252,45.44776,19.60039,22.18933
"166","5am",10.945487,55.67452,19.40989,13.970105
"167","5am",9.325352,48.93261,22.04091,19.701133
"168","5am",9.012713,55.12002,25.65202,10.215253
"101","6am",1.193831,25.51799,26.35657,46.931612
"102","6am",6.751867,40.98896,26.10288,26.156291
"103","6am",4.157768,32.10357,16.55245,47.186216
"104","6am",4.801278,36.42392,30.83664,27.938162
"105","6am",1.74729,24.73354,38.44315,35.076026
"106","6am",2.869388,29.02612,31.10574,36.998754
"107","6am",8.621788,20.92127,25.67915,44.777789
"108","6am",4.175591,26.78695,25.96422,43.073235
"109","6am",17.141652,41.23149,29.25195,12.374911
"110","6am",4.492404,15.10697,29.20458,51.196045
"111","6am",2.968444,16.24046,22.49021,58.300881
"112","6am",8.099181,31.89512,31.32253,28.68317
"113","6am",6.292166,29.95223,30.87514,32.880469
"114","6am",14.390283,52.03147,22.37993,11.198315
"115","6am",7.89439,56.03437,17.96978,18.101464
"116","6am",5.633234,41.23064,28.07591,25.060212
"117","6am",6.888536,49.93668,25.55918,17.615604
"118","6am",5.963918,32.6612,27.19011,34.184767
"119","6am",3.206299,34.46417,26.66579,35.663738
"120","6am",15.027764,39.44477,34.71286,10.814612
"121","6am",5.07071,33.89567,32.44305,28.590564
"122","6am",1.567151,72.30683,19.91918,6.206842
"123","6am",9.894015,53.73705,24.78159,11.587349
"124","6am",11.678086,37.94259,23.3327,27.04662
"125","6am",5.642593,50.89935,30.07085,13.387205
"126","6am",8.233932,43.99935,25.80014,21.966578
"127","6am",12.134283,41.96423,17.15965,28.741835
"128","6am",11.41257,43.03092,29.07404,16.482468
"129","6am",3.104842,54.39439,22.41255,20.088214
"130","6am",1.378532,41.86633,29.6062,27.148929
"131","6am",2.095319,41.96291,33.93598,22.005791
"132","6am",3.167241,43.13533,29.54034,24.157089
"133","6am",3.563918,37.83497,27.25692,31.344189
"134","6am",12.836177,49.49415,23.24233,14.427342
"135","6am",14.515611,46.07954,28.976,10.42885
"136","6am",15.172575,53.80703,18.98254,12.037852
"137","6am",5.171464,41.16316,33.39307,20.27231
"138","6am",20.391618,56.41149,18.26152,4.935368
"139","6am",11.396036,42.71856,32.45232,13.433075
"140","6am",4.787743,42.11574,30.63346,22.463059
"141","6am",12.266248,51.50557,21.44228,14.785904
"142","6am",11.812844,47.6136,27.38369,13.189857
"143","6am",8.48068,50.17058,31.59862,9.750119
"144","6am",6.592696,42.31675,34.68091,16.409647
"145","6am",11.058627,43.31759,28.00225,17.621531
"146","6am",9.208032,32.86131,31.10331,26.827348
"147","6am",12.423556,27.521,35.72959,24.325855
"148","6am",11.476574,35.10236,30.03398,23.38709
"149","6am",2.703492,41.03345,34.62912,21.633942
"150","6am",9.521083,48.02085,28.32804,14.130021
"151","6am",8.073329,36.43409,33.083,22.409574
"152","6am",13.836169,36.77504,28.73645,20.652343
"153","6am",7.78221,32.51513,39.33754,20.365115
"154","6am",8.608126,44.7676,34.24542,12.378851
"155","6am",6.805787,37.64564,37.48026,18.068309
"156","6am",8.938932,32.79361,39.25489,19.012565
"157","6am",5.061962,40.60083,36.69884,17.638365
"158","6am",11.637975,40.63708,32.76151,14.963426
"159","6am",8.17744,41.26088,32.42723,18.134449
"160","6am",8.894899,34.02625,35.61917,21.459677
"161","6am",7.029479,33.51984,40.40814,19.042536
"162","6am",10.135619,40.01284,32.54833,17.303207
"163","6am",4.5733,32.65215,27.21022,35.564335
"164","6am",10.958005,42.39571,37.99441,8.651869
"165","6am",12.812572,44.79208,21.69705,20.698297
"166","6am",11.831274,57.3996,17.42982,13.339314
"167","6am",9.420631,50.55735,21.03108,18.990938
"168","6am",9.335486,53.51272,26.5707,10.581094
"101","7am",1.705444,30.52354,29.28594,38.485069
"102","7am",6.089075,41.33354,30.90989,21.667488
"103","7am",4.723125,29.63858,17.14257,48.49572
"104","7am",5.014969,35.05946,32.32298,27.602592
"105","7am",1.685178,28.66448,37.18915,32.461195
"106","7am",2.634589,24.84895,37.67445,34.842015
"107","7am",9.62696,28.29411,27.43082,34.648112
"108","7am",5.006639,23.06948,21.91727,50.006606
"109","7am",15.292817,37.00667,30.39976,17.300753
"110","7am",4.865531,16.52509,30.16871,48.440667
"111","7am",3.176187,23.43867,25.36561,48.019534
"112","7am",9.580455,34.82361,28.72643,26.869504
"113","7am",4.478489,29.94851,37.63991,27.933087
"114","7am",15.439112,52.10579,16.86789,15.587201
"115","7am",7.223108,54.13435,22.62517,16.017376
"116","7am",4.686162,39.9334,32.94681,22.433623
"117","7am",8.047885,47.77454,25.92926,18.248323
"118","7am",6.323599,30.97476,33.61045,29.091186
"119","7am",3.229434,34.05731,25.73961,36.973654
"120","7am",15.971593,40.1976,33.4862,10.344604
"121","7am",5.123683,33.07459,33.79944,28.00229
"122","7am",1.045021,57.40077,27.02813,14.526079
"123","7am",8.552146,55.41714,23.49598,12.534739
"124","7am",12.997737,37.42345,24.70778,24.871038
"125","7am",5.907902,53.11355,28.7197,12.258855
"126","7am",8.4779,48.18636,21.64295,21.692784
"127","7am",14.319809,42.19178,20.46799,23.020423
"128","7am",11.012524,45.16173,32.32657,11.49918
"129","7am",3.554841,56.17044,21.93547,18.339247
"130","7am",1.585044,47.47229,28.40359,22.539073
"131","7am",2.757921,41.13952,36.31356,19.789005
"132","7am",4.047059,43.32399,35.51147,17.117473
"133","7am",2.001225,36.6788,24.65452,36.665455
"134","7am",13.88753,47.65935,30.86161,7.591506
"135","7am",14.895864,49.96527,25.92894,9.209921
"136","7am",15.216564,53.1975,19.61475,11.971185
"137","7am",6.165856,43.24309,33.18504,17.406014
"138","7am",19.962994,55.00648,18.56198,6.46854
"139","7am",11.509169,44.19036,28.78544,15.515027
"140","7am",5.383258,48.11547,29.03175,17.469518
"141","7am",12.482089,49.63777,21.28485,16.595291
"142","7am",12.883139,49.32533,25.18076,12.610778
"143","7am",9.650114,52.99852,29.51202,7.839343
"144","7am",7.802199,43.12946,32.14696,16.921381
"145","7am",13.091207,41.83767,27.26829,17.802826
"146","7am",11.552593,34.56223,29.56177,24.323407
"147","7am",14.124397,31.23388,31.00021,23.641509
"148","7am",14.066582,38.66175,28.93267,18.338997
"149","7am",2.966467,47.55281,30.43318,19.047546
"150","7am",11.736929,51.22927,25.50609,11.527705
"151","7am",7.898058,35.56156,30.66762,25.872767
"152","7am",12.212816,44.75085,24.58111,18.455222
"153","7am",9.677683,34.40584,39.76693,16.149546
"154","7am",9.508145,48.32521,31.91655,10.250101
"155","7am",7.866413,41.2409,36.62094,14.271743
"156","7am",9.516376,35.04778,35.75088,19.684965
"157","7am",5.334784,40.30386,37.11273,17.248625
"158","7am",13.341421,43.40411,27.26244,15.992034
"159","7am",10.832408,47.80582,27.10708,14.254693
"160","7am",10.537695,38.77568,29.21068,21.475941
"161","7am",8.999721,36.61321,38.14177,16.24529
"162","7am",12.387754,44.61295,25.92333,17.075967
"163","7am",5.326105,35.98528,27.34835,31.340268
"164","7am",11.371105,41.39375,39.72497,7.510171
"165","7am",14.789407,49.71564,19.0284,16.466557
"166","7am",13.36945,57.42022,16.4133,12.797037
"167","7am",8.869453,51.05337,19.00748,21.069699
"168","7am",9.80483,54.69022,26.83224,8.672709
"101","8am",2.024331,27.17491,33.52191,37.278841
"102","8am",5.486369,40.54983,32.28777,21.676029
"103","8am",6.525545,32.27498,19.32275,41.876727
"104","8am",3.023643,37.1182,37.45789,22.400263
"105","8am",1.557671,27.46303,37.77206,33.207239
"106","8am",2.730898,31.23747,40.60141,25.430226
"107","8am",10.388057,37.73253,25.53801,26.341405
"108","8am",4.561282,34.682,26.78874,33.967979
"109","8am",11.56336,36.35566,33.62812,18.452862
"110","8am",5.449647,17.64077,32.50059,44.408987
"111","8am",3.587601,17.48803,30.67903,48.245346
"112","8am",6.820582,35.46922,32.37176,25.338435
"113","8am",4.114072,27.95755,39.06553,28.86285
"114","8am",12.858969,51.58508,18.33905,17.216901
"115","8am",6.686507,56.39631,20.65273,16.264447
"116","8am",5.32124,39.44398,32.39887,22.835913
"117","8am",7.3198,45.89875,25.41457,21.366881
"118","8am",4.331917,27.33316,35.61092,32.724001
"119","8am",3.163501,32.41121,25.47611,38.949181
"120","8am",14.224764,37.94589,28.1429,19.68644
"121","8am",5.706856,36.39846,29.64,28.254693
"122","8am",2.111766,44.96194,28.55544,24.370849
"123","8am",9.676101,48.51992,27.25894,14.54504
"124","8am",14.514542,42.63993,20.63679,22.208742
"125","8am",7.297324,57.21514,23.59317,11.894358
"126","8am",11.306261,44.30957,20.99433,23.389837
"127","8am",14.414311,44.78406,17.62809,23.173535
"128","8am",11.698186,43.60505,32.07097,12.625801
"129","8am",4.237249,58.63564,22.54377,14.583341
"130","8am",1.676274,48.10551,32.4191,17.799115
"131","8am",3.46783,47.02725,30.46588,19.03904
"132","8am",4.175642,43.92277,38.30844,13.59315
"133","8am",2.695167,37.03284,25.20084,35.071152
"134","8am",13.128497,47.15566,29.47279,10.243048
"135","8am",16.193851,47.28849,25.14494,11.372716
"136","8am",13.546896,55.22372,18.4696,12.759776
"137","8am",6.532406,44.74273,28.63396,20.090906
"138","8am",20.196421,55.14679,15.61114,9.045647
"139","8am",14.867744,45.70239,26.36102,13.068848
"140","8am",6.475117,50.51536,30.79062,12.218895
"141","8am",12.807539,53.43378,17.1639,16.594778
"142","8am",13.29148,50.95033,26.65105,9.107135
"143","8am",10.115494,50.88005,30.55826,8.446192
"144","8am",8.323779,44.20699,30.82534,16.64389
"145","8am",14.594188,45.56094,23.79955,16.045327
"146","8am",10.847495,32.6747,29.42557,27.052231
"147","8am",14.032436,33.31383,28.06107,24.592661
"148","8am",14.681601,35.6129,29.32795,20.37755
"149","8am",2.802726,50.17995,31.52473,15.492592
"150","8am",11.267433,53.30548,25.52866,9.898428
"151","8am",8.27728,36.38586,28.53597,26.800889
"152","8am",13.416655,45.43177,27.34229,13.809287
"153","8am",11.367832,39.80787,35.30139,13.522902
"154","8am",10.746802,50.11601,33.04333,6.09385
"155","8am",8.525584,42.56089,36.20915,12.704374
"156","8am",9.95781,39.61715,30.60946,19.815575
"157","8am",5.326489,35.65726,37.23643,21.779819
"158","8am",13.645244,44.19528,28.02651,14.132961
"159","8am",11.273298,45.52415,28.77192,14.430632
"160","8am",13.00605,43.95125,32.76585,10.276849
"161","8am",9.139784,37.78192,38.40103,14.677261
"162","8am",12.283482,51.91583,19.87759,15.923099
"163","8am",5.426662,34.25364,27.08093,33.238767
"164","8am",11.790965,42.90125,31.22641,14.081371
"165","8am",15.15089,46.50309,23.40059,14.945431
"166","8am",14.622263,60.58278,13.99395,10.801007
"167","8am",9.259906,52.52503,18.01339,20.201676
"168","8am",10.051893,53.60003,27.06672,9.281365
"101","9am",2.10157,28.84488,34.06856,34.984984
"102","9am",5.811311,43.20357,30.74042,20.244701
"103","9am",5.593523,29.4244,22.15884,42.82324
"104","9am",3.285447,35.50426,36.7641,24.446197
"105","9am",1.96964,27.74019,34.08,36.210166
"106","9am",3.141134,31.36588,38.0721,27.420886
"107","9am",9.148209,40.54503,22.49615,27.810612
"108","9am",4.645856,32.65722,30.45092,32.246002
"109","9am",12.788191,37.61788,32.022,17.571934
"110","9am",5.432043,17.86486,34.25707,42.446025
"111","9am",3.753928,19.83278,29.40306,47.010239
"112","9am",7.221619,34.13454,35.53919,23.104644
"113","9am",4.194988,28.93642,36.55252,30.316071
"114","9am",13.256829,52.17126,16.10672,18.465188
"115","9am",7.481344,54.03224,22.12844,16.357981
"116","9am",5.328315,41.66752,32.65077,20.353395
"117","9am",7.649187,44.51412,24.01254,23.824146
"118","9am",4.12387,23.66864,33.82851,38.378987
"119","9am",3.22604,33.26285,23.42125,40.08986
"120","9am",15.373182,34.21064,26.31968,24.096497
"121","9am",5.684672,37.61321,31.31145,25.390662
"122","9am",1.710335,44.74315,28.94805,24.598464
"123","9am",8.903008,53.21236,23.4717,14.412928
"124","9am",12.408694,45.45674,21.73769,20.396871
"125","9am",6.911878,51.26248,27.9293,13.896348
"126","9am",10.857818,44.36746,23.57895,21.195767
"127","9am",13.774957,46.02552,16.20573,23.993789
"128","9am",11.768097,39.60261,34.0632,14.566099
"129","9am",4.527916,57.3881,24.14477,13.93921
"130","9am",1.66023,48.62171,34.37885,15.339213
"131","9am",2.92913,48.56586,29.42843,19.076576
"132","9am",3.400944,43.81593,38.40729,14.375838
"133","9am",3.099126,35.03209,26.24234,35.62644
"134","9am",12.578214,47.532,29.70366,10.186122
"135","9am",20.071507,46.22079,24.24269,9.465011
"136","9am",18.154912,51.75438,19.22933,10.861371
"137","9am",6.781977,47.64387,27.40782,18.166341
"138","9am",17.245829,54.76486,16.00953,11.979787
"139","9am",15.139589,46.9646,25.55866,12.337146
"140","9am",7.040002,51.09449,31.82045,10.045059
"141","9am",14.710505,50.28652,18.01833,16.984648
"142","9am",14.154391,47.92776,25.75859,12.159254
"143","9am",8.739965,53.51896,28.53879,9.202284
"144","9am",8.299555,43.01692,30.73563,17.94789
"145","9am",14.868224,43.43584,25.4968,16.199143
"146","9am",9.67591,34.16025,29.60377,26.560064
"147","9am",14.374795,33.18827,29.70318,22.733747
"148","9am",13.069876,36.42703,31.88881,18.614287
"149","9am",1.619888,48.55674,32.43746,17.38591
"150","9am",12.830076,54.82615,24.34707,7.996709
"151","9am",8.766976,34.61039,29.49949,27.123141
"152","9am",13.364463,45.50744,26.4787,14.649395
"153","9am",11.72262,39.70827,31.88704,16.68207
"154","9am",11.50405,52.23454,30.74642,5.51499
"155","9am",8.14352,42.40855,36.56734,12.880591
"156","9am",9.390347,40.89305,30.86775,18.848849
"157","9am",7.130426,35.04085,37.8215,20.007231
"158","9am",13.803388,44.21349,27.44211,14.541009
"159","9am",11.341686,45.60568,29.39821,13.654426
"160","9am",13.847489,46.63735,28.31283,11.202325
"161","9am",6.181685,37.58881,40.04881,16.180698
"162","9am",13.976852,54.99007,17.9079,13.125177
"163","9am",5.86165,35.94286,25.45924,32.736248
"164","9am",13.220381,39.74195,31.41318,15.624491
"165","9am",13.787825,46.59552,23.99278,15.623873
"166","9am",14.560162,60.06339,14.62132,10.755135
"167","9am",9.389291,53.13271,18.26508,19.212918
"168","9am",10.304209,54.19738,25.98407,9.51434
"101","10am",2.178559,29.20706,32.27981,36.33457
"102","10am",6.386557,40.32526,31.17674,22.111449
"103","10am",6.685577,32.08949,18.23455,42.990382
"104","10am",3.202246,36.50181,37.29365,23.002303
"105","10am",1.55301,30.51408,35.43734,32.495573
"106","10am",2.512002,31.04278,41.11795,25.327274
"107","10am",10.221043,37.73294,25.65004,26.395972
"108","10am",3.644998,35.89736,29.71535,30.742291
"109","10am",14.855159,35.85573,28.68266,20.606452
"110","10am",5.548282,19.01135,32.63982,42.800547
"111","10am",3.19047,21.6687,31.3847,43.756124
"112","10am",7.336082,37.17285,33.17989,22.311186
"113","10am",5.019198,28.63657,36.43731,29.906919
"114","10am",14.664679,49.81065,16.22772,19.296959
"115","10am",9.11894,51.36986,22.8218,16.689405
"116","10am",5.523696,39.34207,37.98935,17.144881
"117","10am",5.87918,43.08399,25.71513,25.321695
"118","10am",4.422132,24.36286,33.40184,37.813169
"119","10am",3.329372,34.39999,24.17144,38.099197
"120","10am",13.477622,36.53224,25.79398,24.196158
"121","10am",5.526859,36.49905,30.79677,27.177325
"122","10am",1.09634,42.68252,29.08491,27.136229
"123","10am",6.39633,52.94588,25.65362,15.004168
"124","10am",11.031818,47.32708,22.21067,19.430437
"125","10am",6.937821,51.53698,27.33552,14.189673
"126","10am",9.965954,45.79592,23.09393,21.144199
"127","10am",12.937332,42.90423,21.77018,22.388262
"128","10am",10.622078,41.84471,35.86608,11.667132
"129","10am",2.704995,57.8214,24.57146,14.902146
"130","10am",1.72145,50.16098,30.48934,17.628229
"131","10am",2.157308,47.59921,29.46126,20.782226
"132","10am",3.94719,44.31501,38.87533,12.862469
"133","10am",2.726886,36.28256,30.833,30.157549
"134","10am",14.165793,46.54411,29.11476,10.175331
"135","10am",17.951508,45.38328,26.26554,10.39968
"136","10am",14.876812,51.99239,20.74991,12.380887
"137","10am",7.388327,45.11156,30.08809,17.412023
"138","10am",19.566591,55.77703,13.86673,10.789658
"139","10am",15.452927,46.6772,26.76255,11.107326
"140","10am",7.286464,47.69091,36.70802,8.31461
"141","10am",14.55117,48.94324,19.26685,17.238743
"142","10am",13.57383,49.58245,27.36833,9.475382
"143","10am",9.52023,53.05928,28.68767,8.73282
"144","10am",8.452571,44.99312,29.65289,16.901417
"145","10am",15.461967,43.91258,23.40862,17.216835
"146","10am",10.253918,33.1105,30.05831,26.577274
"147","10am",14.550137,32.4923,30.0655,22.892067
"148","10am",14.333695,35.66398,30.58439,19.41793
"149","10am",2.215905,48.42015,30.17257,19.191377
"150","10am",12.51068,53.84839,23.85235,9.788582
"151","10am",8.294185,34.95271,30.81983,25.933277
"152","10am",13.423498,46.2803,26.55993,13.736275
"153","10am",12.608667,40.60302,30.1491,16.639209
"154","10am",11.69641,49.109,31.26053,7.934061
"155","10am",8.293367,42.24929,36.33974,13.117603
"156","10am",10.350903,43.91512,28.53754,17.196443
"157","10am",5.369966,37.2562,35.06946,22.304369
"158","10am",13.443486,43.57322,28.82142,14.161875
"159","10am",11.611855,47.15907,27.44145,13.787624
"160","10am",13.461997,45.33904,30.30849,10.89047
"161","10am",7.02771,40.67341,36.99797,15.300919
"162","10am",14.191438,53.36179,19.12009,13.326687
"163","10am",6.725897,34.66651,24.5305,34.077095
"164","10am",11.878179,41.45571,31.77848,14.887637
"165","10am",13.822819,45.65828,25.76795,14.750956
"166","10am",14.460558,55.96782,17.67244,11.899183
"167","10am",9.205826,53.14684,18.80983,18.837502
"168","10am",10.354684,54.03948,27.14876,8.45708
"101","11am",1.609565,28.87486,33.31115,36.204427
"102","11am",6.367409,38.04912,33.81794,21.765536
"103","11am",6.435054,28.20717,20.86933,44.488455
"104","11am",3.41851,40.15004,33.18271,23.248744
"105","11am",1.541561,28.49879,33.3468,36.612843
"106","11am",2.515391,33.87407,40.68064,22.9299
"107","11am",10.99251,36.70198,27.58606,24.719448
"108","11am",2.592403,36.10384,27.41119,33.892559
"109","11am",16.475568,36.33451,27.60966,19.580263
"110","11am",5.66911,18.39313,33.26238,42.675387
"111","11am",3.247618,22.76766,26.74671,47.238019
"112","11am",8.551201,33.4092,33.95277,24.08683
"113","11am",3.358631,31.16335,37.15456,28.323464
"114","11am",15.139567,45.20325,16.4276,23.229582
"115","11am",6.439698,57.00508,19.78929,16.765932
"116","11am",5.16456,38.00848,37.22816,19.598805
"117","11am",7.227054,46.94828,21.79692,24.027751
"118","11am",4.289211,22.23422,33.50225,39.974324
"119","11am",3.39634,36.03275,23.98111,36.589804
"120","11am",12.914027,36.38137,27.79158,22.913016
"121","11am",6.022444,38.3107,29.77068,25.896182
"122","11am",1.149411,42.53499,29.06652,27.249081
"123","11am",8.221456,52.47232,26.16648,13.139742
"124","11am",13.905728,46.455,22.34205,17.297225
"125","11am",6.951639,49.66816,29.6902,13.689997
"126","11am",8.211653,45.37912,27.63317,18.77605
"127","11am",14.621371,44.52137,18.95722,21.90004
"128","11am",11.256474,44.59479,31.76978,12.378963
"129","11am",4.23275,52.44302,28.51811,14.806122
"130","11am",1.773779,55.03269,27.23928,15.954245
"131","11am",3.005576,44.46066,34.38727,18.146486
"132","11am",4.240619,41.72674,37.75089,16.281755
"133","11am",3.538242,34.88561,32.12082,29.455322
"134","11am",15.069364,44.72842,30.48565,9.716568
"135","11am",16.513144,49.8373,23.75103,9.898521
"136","11am",16.11207,51.68331,19.98655,12.218066
"137","11am",7.068063,44.19589,32.20129,16.534751
"138","11am",18.896864,56.13518,12.9127,12.055262
"139","11am",13.652859,47.61241,27.08885,11.645887
"140","11am",6.857957,47.77389,34.74346,10.624699
"141","11am",15.273655,50.68821,18.93675,15.101384
"142","11am",14.069514,51.52562,22.36822,12.036646
"143","11am",8.805704,53.07494,27.1186,11.000757
"144","11am",8.494597,47.20648,30.44383,13.855095
"145","11am",15.574718,40.55834,25.3761,18.490835
"146","11am",11.462808,35.44364,28.23394,24.859616
"147","11am",13.600166,32.97895,30.26043,23.160452
"148","11am",15.325543,36.72845,27.89209,20.053916
"149","11am",1.01339,49.85515,29.91993,19.211536
"150","11am",10.501464,53.71917,25.56487,10.214496
"151","11am",9.417597,34.67356,30.35805,25.550795
"152","11am",13.742606,46.04207,27.04075,13.174574
"153","11am",10.57997,40.12368,33.07735,16.218994
"154","11am",11.646713,51.87444,28.84928,7.629568
"155","11am",7.991919,44.146,36.18484,11.67724
"156","11am",10.469354,40.58975,29.94495,18.995941
"157","11am",6.393539,38.07022,36.07956,19.456675
"158","11am",12.578211,43.32716,31.28508,12.809541
"159","11am",11.202193,47.97838,24.96291,15.856517
"160","11am",13.316857,45.65406,30.25603,10.773055
"161","11am",7.814709,39.61377,35.79679,16.774733
"162","11am",14.318306,50.85021,23.10205,11.729437
"163","11am",6.095922,35.17124,25.1353,33.597537
"164","11am",11.428736,37.08387,35.63438,15.853008
"165","11am",14.771428,49.85546,21.90793,13.465184
"166","11am",14.419292,55.97564,17.62201,11.983064
"167","11am",9.055233,52.27744,18.91217,19.755156
"168","11am",9.917012,55.71086,25.18442,9.187708
"101","12am",1.606348,26.99673,33.51821,37.878711
"102","12am",6.179258,37.02076,32.61662,24.183366
"103","12am",7.353846,34.92439,21.11855,36.603217
"104","12am",4.763757,33.37751,33.53017,28.328567
"105","12am",1.652553,24.50946,37.30218,36.535806
"106","12am",3.842406,29.79453,40.11005,26.253011
"107","12am",9.474812,35.83633,26.48912,28.199745
"108","12am",3.611484,34.23428,26.21311,35.941127
"109","12am",16.764702,34.26433,29.73097,19.240002
"110","12am",4.503768,18.95313,32.58657,43.956528
"111","12am",1.944141,25.87446,26.56105,45.620345
"112","12am",6.929641,36.49841,29.84269,26.729263
"113","12am",3.281842,31.43259,37.79328,27.492293
"114","12am",15.659847,49.81148,20.24149,14.287182
"115","12am",6.747099,60.73712,16.4695,16.046281
"116","12am",5.281424,41.82565,30.93358,21.959347
"117","12am",7.176329,46.53579,25.38388,20.904005
"118","12am",4.383139,22.85604,32.61094,40.149876
"119","12am",3.21702,32.73527,27.95207,36.095641
"120","12am",13.714941,37.91398,28.20274,20.168339
"121","12am",5.798075,38.58099,29.81597,25.80497
"122","12am",0.801298,48.82881,26.62644,23.743452
"123","12am",7.61169,53.95306,23.76665,14.668599
"124","12am",14.6944,40.54447,23.92172,20.839411
"125","12am",6.928869,48.91096,26.947,17.213174
"126","12am",8.363578,43.2412,29.73967,18.655558
"127","12am",15.380824,40.38363,21.7691,22.466452
"128","12am",10.999054,52.25873,26.46713,10.27509
"129","12am",2.788148,49.53408,31.32093,16.356837
"130","12am",1.768305,55.63457,29.36279,13.234331
"131","12am",2.557174,39.38347,39.87427,18.18509
"132","12am",4.485061,43.61309,35.14926,16.752592
"133","12am",1.643466,38.81249,28.03409,31.509949
"134","12am",14.162323,48.07614,28.32146,9.440082
"135","12am",16.08344,47.51404,25.45138,10.951139
"136","12am",16.324059,54.11785,20.31658,9.241519
"137","12am",6.671768,48.28196,28.07544,16.970833
"138","12am",18.211753,51.78034,18.80346,11.20445
"139","12am",14.000042,46.33697,26.51775,13.145238
"140","12am",6.92261,45.16971,32.6785,15.229178
"141","12am",15.646165,56.68796,16.32643,11.339447
"142","12am",14.76659,51.6385,22.82994,10.764962
"143","12am",6.815914,56.46365,26.02065,10.699786
"144","12am",8.567745,45.8876,29.24218,16.302477
"145","12am",15.258108,40.64857,24.75516,19.338163
"146","12am",11.260799,36.73858,28.07671,23.923907
"147","12am",12.947282,34.40945,29.09968,23.543587
"148","12am",14.349729,36.54685,28.81409,20.289328
"149","12am",1.021822,52.73514,29.85308,16.389955
"150","12am",10.553993,53.25663,26.26846,9.920916
"151","12am",9.734949,38.42327,29.45116,22.390624
"152","12am",14.642914,42.81737,24.77109,17.76863
"153","12am",9.709621,36.77348,37.62815,15.888755
"154","12am",11.754062,52.09216,30.21717,5.936605
"155","12am",7.900441,42.38839,37.01121,12.699956
"156","12am",11.154029,37.64298,32.13302,19.069978
"157","12am",5.931888,40.54747,38.65769,14.862945
"158","12am",12.517005,44.77437,28.42226,14.286361
"159","12am",11.936775,48.47991,23.91674,15.666577
"160","12am",12.045931,46.27465,29.73029,11.94913
"161","12am",7.929917,38.47205,34.84501,18.753028
"162","12am",13.57908,46.49692,25.68434,14.239653
"163","12am",6.315829,33.21127,25.59609,34.876806
"164","12am",11.784359,38.04671,35.15209,15.016843
"165","12am",14.205091,50.52537,21.01633,14.253206
"166","12am",13.553601,54.14433,19.00866,13.293409
"167","12am",9.027644,52.85519,21.09738,17.019783
"168","12am",9.638962,53.37917,25.56983,11.412042
"101","1pm",1.8994851,28.26564,33.66448,36.170392
"102","1pm",6.3036315,39.7278,30.9122,23.056368
"103","1pm",5.620156,29.92337,17.61855,46.837917
"104","1pm",2.5834541,37.45614,34.99991,24.960498
"105","1pm",1.4737648,29.59837,34.56668,34.361189
"106","1pm",3.53024,30.32192,42.6295,23.518347
"107","1pm",9.8948178,41.56411,24.74331,23.797762
"108","1pm",2.3374815,40.36442,31.6239,25.674202
"109","1pm",16.4840009,34.44805,32.03513,17.032812
"110","1pm",4.5452347,18.55616,33.86872,43.029886
"111","1pm",1.774383,20.94869,27.6273,49.649627
"112","1pm",6.610656,31.65288,34.90367,26.832793
"113","1pm",3.1899922,34.84669,33.00987,28.953452
"114","1pm",16.4928989,48.33356,18.5142,16.659334
"115","1pm",7.3572516,57.35022,19.0448,16.247728
"116","1pm",4.9972627,45.15393,31.38303,18.465776
"117","1pm",7.8678435,43.68554,24.80177,23.64485
"118","1pm",4.7360527,20.1184,37.15513,37.990417
"119","1pm",3.1049598,31.06195,29.39061,36.442477
"120","1pm",10.8697824,42.80717,22.21242,24.110628
"121","1pm",6.1224822,39.89165,30.65008,23.335789
"122","1pm",1.3216964,43.30337,28.48546,26.889471
"123","1pm",8.1291194,51.93659,24.5433,15.390987
"124","1pm",16.4455721,41.54165,24.20488,17.807899
"125","1pm",9.0366223,51.81578,25.62938,13.518216
"126","1pm",8.4484468,42.13102,26.87162,22.54891
"127","1pm",16.2139935,41.63023,19.01145,23.144325
"128","1pm",7.8358048,50.72248,34.5308,6.91091
"129","1pm",2.69432,52.45669,31.7187,13.130292
"130","1pm",1.8111189,53.7177,26.83028,17.640905
"131","1pm",3.9933039,43.6503,36.2207,16.135696
"132","1pm",3.7357193,41.13163,37.70451,17.42814
"133","1pm",4.2076638,39.13826,26.08706,30.567016
"134","1pm",13.8588646,50.72035,27.20499,8.215791
"135","1pm",18.4558178,45.60802,26.30464,9.631516
"136","1pm",16.0050256,50.61737,21.07199,12.305623
"137","1pm",7.2239991,44.91147,30.05533,17.809193
"138","1pm",20.897123,53.2282,16.35245,9.522229
"139","1pm",14.544071,48.85539,22.94448,13.656051
"140","1pm",6.9501337,46.24278,30.72273,16.084363
"141","1pm",16.784602,51.911,20.16683,11.137568
"142","1pm",14.5284533,53.12749,21.9732,10.370859
"143","1pm",5.3953777,59.70144,24.194,10.709182
"144","1pm",8.7365772,48.62502,27.86422,14.774182
"145","1pm",14.9390564,42.59114,24.34894,18.120871
"146","1pm",13.1851761,37.87502,24.15665,24.783146
"147","1pm",11.7943493,31.10286,31.89531,25.207481
"148","1pm",14.4210015,39.21629,29.29489,17.067819
"149","1pm",0.5351763,47.88443,32.30139,19.279004
"150","1pm",9.9523181,55.59811,24.77419,9.675385
"151","1pm",9.9890151,35.16147,30.20183,24.647682
"152","1pm",13.9935029,41.91444,27.83402,16.258036
"153","1pm",9.9210642,40.23384,36.57456,13.270536
"154","1pm",11.3194679,54.90241,28.93734,4.84078
"155","1pm",7.2302195,40.88436,36.50628,15.379144
"156","1pm",11.4484919,37.63574,33.61365,17.302117
"157","1pm",5.1407521,38.18126,39.11394,17.564043
"158","1pm",13.0382413,45.24421,27.43764,14.279909
"159","1pm",11.3452796,47.37705,24.65979,16.617879
"160","1pm",12.1550953,43.67906,31.07155,13.094301
"161","1pm",8.265491,36.75633,35.37746,19.600723
"162","1pm",14.4065816,46.63758,24.7141,14.241746
"163","1pm",5.2279422,34.66271,24.74457,35.364773
"164","1pm",11.7947336,35.28908,38.54185,14.374337
"165","1pm",14.1292397,51.73087,19.41604,14.723846
"166","1pm",13.8051029,56.33233,19.60823,10.254334
"167","1pm",9.9434831,51.46765,20.39172,18.197145
"168","1pm",10.2878893,51.59003,26.79318,11.328902
"101","2pm",2.6505435,28.97918,34.63043,33.739848
"102","2pm",5.9896193,38.05019,32.41722,23.542976
"103","2pm",4.5380369,32.99916,19.83342,42.629387
"104","2pm",2.6913295,41.20464,33.69759,22.406442
"105","2pm",1.5308011,27.55917,34.92037,35.989653
"106","2pm",4.657084,29.74025,40.35037,25.252293
"107","2pm",7.9092975,42.87528,26.08313,23.132294
"108","2pm",2.3344871,43.13288,31.4462,23.086433
"109","2pm",16.1902608,33.95515,32.49886,17.355731
"110","2pm",4.4927973,17.28109,34.36769,43.858423
"111","2pm",1.759187,17.78834,25.34493,55.107541
"112","2pm",6.6988541,33.13314,31.53939,28.628613
"113","2pm",4.3517307,32.83462,32.61185,30.201798
"114","2pm",17.5325814,51.17398,15.2235,16.069938
"115","2pm",8.0555024,50.07159,22.4697,19.403204
"116","2pm",4.6001664,45.27275,29.15101,20.97608
"117","2pm",8.0247446,46.0033,23.07771,22.894243
"118","2pm",5.07233,18.4087,36.02104,40.497926
"119","2pm",3.1180704,28.82284,26.17731,41.881782
"120","2pm",12.1287126,39.53457,25.16372,23.172997
"121","2pm",6.6839699,39.98578,30.95142,22.378824
"122","2pm",2.4845876,41.6861,29.05636,26.772951
"123","2pm",8.3435842,52.70558,24.51588,14.434955
"124","2pm",17.3013205,39.73925,23.2527,19.706732
"125","2pm",9.4972549,48.11858,27.62533,14.75884
"126","2pm",6.5275777,43.51536,33.03161,16.925455
"127","2pm",14.3480707,39.8906,23.73886,22.022469
"128","2pm",8.3030628,47.45528,35.91807,8.323594
"129","2pm",2.9635301,52.06331,32.26694,12.706217
"130","2pm",1.765411,52.68113,26.09168,19.46178
"131","2pm",3.5469286,45.3916,33.20844,17.853035
"132","2pm",3.9970097,39.56296,36.50839,19.931642
"133","2pm",4.2996184,42.32357,26.67392,26.702888
"134","2pm",12.2480112,51.85704,26.52232,9.37262
"135","2pm",16.9705022,49.00531,24.17847,9.845713
"136","2pm",18.304802,46.284,23.41996,11.99124
"137","2pm",6.6757627,49.10379,26.16672,18.053729
"138","2pm",19.132307,52.75227,16.15607,11.959352
"139","2pm",13.9170576,50.43555,22.83035,12.81704
"140","2pm",6.1556147,49.13309,32.51268,12.19861
"141","2pm",17.8459789,51.51695,17.81617,12.820904
"142","2pm",14.5289646,55.14399,23.16475,7.162301
"143","2pm",4.4953557,60.08643,25.38323,10.034984
"144","2pm",8.6664321,49.22813,27.21128,14.894158
"145","2pm",13.3246923,45.13425,23.81646,17.724597
"146","2pm",10.7625172,35.12209,29.86295,24.252438
"147","2pm",12.0763959,31.26913,29.45363,27.200836
"148","2pm",14.3032718,39.37568,31.09899,15.222061
"149","2pm",0.5205221,49.3185,31.37673,18.784249
"150","2pm",9.7831493,54.0205,24.40347,11.79288
"151","2pm",10.8278699,35.31781,28.32774,25.526582
"152","2pm",13.3042557,44.50674,27.79463,14.394366
"153","2pm",11.4825249,36.91588,37.73618,13.865422
"154","2pm",9.9459732,53.45834,30.44689,6.148792
"155","2pm",7.3510766,39.80393,38.11891,14.726091
"156","2pm",10.7394905,39.46852,32.87545,16.916534
"157","2pm",6.9866338,38.68692,37.86501,16.461441
"158","2pm",13.7641026,42.68773,29.52639,14.021773
"159","2pm",11.8967755,45.29754,26.57591,16.229774
"160","2pm",12.698514,48.95351,24.66826,13.679709
"161","2pm",8.282725,40.28274,31.0386,20.395935
"162","2pm",8.9497074,50.20009,27.69817,13.15204
"163","2pm",5.6811268,35.4587,23.22532,35.634846
"164","2pm",11.2061687,37.06706,38.91568,12.811086
"165","2pm",14.8762393,49.76145,21.39542,13.966894
"166","2pm",13.9533513,54.72236,19.81879,11.505493
"167","2pm",9.1053198,50.76019,20.93119,19.203295
"168","2pm",10.2153415,50.596,28.97078,10.217873
"101","3pm",2.2979938,28.31088,35.79531,33.595815
"102","3pm",5.5995604,38.37043,33.63411,22.395905
"103","3pm",4.4800749,31.10985,20.46003,43.95005
"104","3pm",3.4222758,41.80699,32.19808,22.572648
"105","3pm",2.515252,28.2601,31.18072,38.043937
"106","3pm",3.305087,34.40218,35.91462,26.378105
"107","3pm",8.4246644,34.89892,29.55933,27.117084
"108","3pm",4.604467,45.51443,26.80568,23.075423
"109","3pm",15.7540945,30.96434,32.64169,20.639873
"110","3pm",4.3370398,17.54797,35.17711,42.937876
"111","3pm",1.3403843,17.84198,31.27823,49.539399
"112","3pm",7.4049853,33.25533,33.10251,26.237176
"113","3pm",4.0766046,32.92094,32.67214,30.330309
"114","3pm",15.3237515,50.77553,16.39569,17.505022
"115","3pm",8.5834051,49.12207,22.91683,19.377696
"116","3pm",4.4547705,41.65952,33.1296,20.756102
"117","3pm",7.7579069,45.57155,23.24824,23.422301
"118","3pm",5.1577231,19.80951,34.45862,40.574153
"119","3pm",3.3310191,32.46861,26.22949,37.970885
"120","3pm",14.3883425,38.30699,25.29626,22.008402
"121","3pm",5.9494071,38.94173,31.70943,23.399426
"122","3pm",2.0707748,43.48679,27.37188,27.070556
"123","3pm",8.6143206,57.12213,21.54214,12.721411
"124","3pm",17.3408764,42.87262,18.41433,21.372176
"125","3pm",8.8150848,50.47973,26.77404,13.931146
"126","3pm",8.5930491,43.13969,28.86079,19.406469
"127","3pm",14.0896598,43.59577,18.93902,23.375543
"128","3pm",8.1060084,45.99868,38.50164,7.393666
"129","3pm",4.4182817,59.51652,25.54375,10.521445
"130","3pm",1.7037594,51.92995,26.42229,19.944002
"131","3pm",3.365917,46.11897,30.96773,19.547379
"132","3pm",2.7255074,40.62723,35.34207,21.305199
"133","3pm",4.1935452,42.11415,27.06514,26.627163
"134","3pm",9.7968183,48.34855,31.70672,10.147917
"135","3pm",19.6907644,47.33407,20.95846,12.016702
"136","3pm",14.3621159,43.2673,27.75999,14.610594
"137","3pm",6.943304,49.76489,25.32539,17.966411
"138","3pm",23.6620163,47.18821,19.0653,10.084467
"139","3pm",13.369329,50.35706,23.58494,12.688673
"140","3pm",6.3407381,50.23008,32.32554,11.103647
"141","3pm",15.14005,54.93999,18.32532,11.594644
"142","3pm",15.1857017,53.43228,22.55718,8.824844
"143","3pm",7.6907189,54.87813,25.76877,11.66238
"144","3pm",8.2484798,47.89327,27.09349,16.76476
"145","3pm",12.8497594,46.29799,23.92878,16.92347
"146","3pm",10.5483842,35.50421,28.74793,25.199477
"147","3pm",12.7582566,31.64032,29.14493,26.456493
"148","3pm",13.8820383,38.93013,29.63938,17.548448
"149","3pm",0.4999345,51.04398,29.45971,18.996376
"150","3pm",9.1429789,50.99729,28.83853,11.021201
"151","3pm",11.4707541,36.3878,26.80527,25.336178
"152","3pm",13.9715414,41.65403,29.12107,15.253354
"153","3pm",9.5868042,38.80544,39.21023,12.397526
"154","3pm",9.5416803,52.34874,33.09341,5.016173
"155","3pm",9.0050914,39.39484,36.59071,15.009356
"156","3pm",11.1564407,39.40804,32.66687,16.768651
"157","3pm",4.3911584,39.4598,38.39177,17.757278
"158","3pm",13.6821895,42.57135,30.37998,13.366479
"159","3pm",12.1534579,45.6213,25.89914,16.326095
"160","3pm",12.6663167,49.88361,23.80505,13.645024
"161","3pm",6.2391305,36.69349,36.1916,20.875781
