"district","hour","educmen1","educmen2","educmen3","educmen4"
"101","4am",1.087403,22.76101,35.36479,40.786794
"102","4am",10.264452,38.98983,29.14208,21.603637
"103","4am",4.454798,28.73882,18.22945,48.576934
"104","4am",4.891197,45.40742,27.20517,22.496213
"105","4am",2.385364,31.81298,37.06698,28.734673
"106","4am",6.29929,29.91497,31.19736,32.58838
"107","4am",9.572016,25.55834,24.44236,40.427281
"108","4am",10.010857,32.34008,26.2385,31.410561
"109","4am",23.233894,51.75146,17.38775,7.626898
"110","4am",9.898098,21.79758,35.15933,33.144985
"111","4am",7.024256,16.88643,25.89243,50.196885
"112","4am",12.61387,30.61162,37.54892,19.225595
"113","4am",9.184655,35.23202,27.53609,28.047237
"114","4am",25.665346,51.15622,15.30387,7.874562
"115","4am",7.815041,65.49198,13.81598,12.877001
"116","4am",9.850129,42.15352,24.33853,23.657818
"117","4am",8.851454,61.44925,15.22904,14.470249
"118","4am",11.121897,32.66702,27.48929,28.721796
"119","4am",3.342219,36.4859,31.1052,29.066683
"120","4am",18.545148,45.05679,34.16803,2.230031
"121","4am",5.165638,35.81525,29.60305,29.416057
"122","4am",5.531109,77.43907,11.31192,5.717909
"123","4am",13.055433,58.83253,19.93007,8.181967
"124","4am",12.293613,48.51117,18.38462,20.810597
"125","4am",9.468123,53.45965,32.76228,4.309946
"126","4am",20.377556,45.23519,18.64672,15.740536
"127","4am",17.553869,44.84892,21.34856,16.248654
"128","4am",13.541904,47.83932,23.81692,14.801853
"129","4am",4.778552,65.54071,16.34509,13.335647
"130","4am",1.117406,56.24771,27.10358,15.531308
"131","4am",2.816066,46.55333,41.27217,9.358426
"132","4am",3.445664,54.06935,24.79265,17.692331
"133","4am",4.756411,50.78045,21.81393,22.649217
"134","4am",15.693772,56.54481,21.56724,6.194182
"135","4am",23.104735,48.04279,25.31686,3.535613
"136","4am",15.524735,57.34623,14.89589,12.233148
"137","4am",6.476653,52.1232,32.61217,8.78798
"138","4am",25.865611,56.65636,16.29944,1.178591
"139","4am",17.958685,51.65771,22.85681,7.526795
"140","4am",3.573243,47.16767,33.5673,15.691791
"141","4am",19.305545,59.43127,16.81975,4.443431
"142","4am",14.479871,54.34223,25.92019,5.257712
"143","4am",8.638258,62.95271,20.51892,7.890106
"144","4am",5.267016,47.44413,31.46751,15.821347
"145","4am",9.660255,46.09048,30.09221,14.157058
"146","4am",10.59192,35.69934,25.10908,28.59966
"147","4am",11.351667,29.10022,38.46638,21.081726
"148","4am",11.918959,40.14963,26.85155,21.079863
"149","4am",3.28532,44.14613,33.76478,18.803765
"150","4am",8.49102,52.41832,25.57567,13.514984
"151","4am",7.592729,41.28394,31.76719,19.35615
"152","4am",11.408517,39.99997,30.43417,18.157338
"153","4am",7.830159,39.09711,33.50159,19.571145
"154","4am",7.673115,50.01046,30.448,11.868427
"155","4am",7.971823,37.73509,39.37158,14.921497
"156","4am",10.351703,34.60394,40.21886,14.825504
"157","4am",4.482842,47.4247,31.58587,16.506588
"158","4am",10.843156,41.77332,35.02527,12.358254
"159","4am",7.469959,44.50522,31.34791,16.676913
"160","4am",8.097866,38.35772,34.03987,19.504545
"161","4am",6.99566,38.52548,37.38758,17.091281
"162","4am",8.883625,44.03385,32.9816,14.10093
"163","4am",4.483431,35.74466,27.50745,32.264466
"164","4am",12.577092,45.30259,36.05736,6.062961
"165","4am",12.603919,48.92036,19.77546,18.700255
"166","4am",12.448663,58.30803,19.19324,10.050069
"167","4am",11.831081,53.78198,18.42911,15.957828
"168","4am",9.543433,55.13868,25.01133,10.306554
"101","5am",1.079473,23.40455,35.02662,40.489363
"102","5am",9.709185,40.85899,28.99686,20.434964
"103","5am",4.489911,28.96534,18.37313,48.171613
"104","5am",4.788361,45.07289,28.11551,22.023235
"105","5am",2.385364,31.81298,37.06698,28.734673
"106","5am",6.33223,30.52854,30.38044,32.758793
"107","5am",10.18514,24.95197,23.90522,40.957674
"108","5am",10.337063,30.13537,27.09348,32.43408
"109","5am",23.62074,51.50185,17.12352,7.753886
"110","5am",9.894187,21.78897,35.18495,33.13189
"111","5am",6.941096,17.87041,25.58589,49.602604
"112","5am",12.697877,30.33037,37.61811,19.353636
"113","5am",9.338136,34.1497,27.99624,28.515925
"114","5am",24.923607,52.09643,15.33298,7.646984
"115","5am",7.911424,63.97098,15.08178,13.035813
"116","5am",10.055973,43.23507,23.81178,22.897177
"117","5am",8.993816,61.60404,14.69916,14.702982
"118","5am",10.694183,34.11781,27.03052,28.157486
"119","5am",3.295538,36.86688,31.17688,28.660706
"120","5am",18.906815,44.96039,33.85928,2.273521
"121","5am",5.128508,36.27661,29.39027,29.204618
"122","5am",4.686182,78.63777,11.07692,5.599125
"123","5am",13.055433,58.83253,19.93007,8.181967
"124","5am",11.289774,49.00635,18.62321,21.080665
"125","5am",9.468123,53.45965,32.76228,4.309946
"126","5am",19.454533,46.05733,18.70142,15.786714
"127","5am",17.334583,46.24729,20.37245,16.045673
"128","5am",13.228629,48.55786,23.18933,15.024174
"129","5am",4.827206,65.18985,16.51152,13.471429
"130","5am",1.160138,55.47608,27.23853,16.125256
"131","5am",2.224604,46.38019,41.97717,9.418036
"132","5am",4.318191,52.07713,26.31626,17.288428
"133","5am",4.756411,50.78045,21.81393,22.649217
"134","5am",14.786006,58.07101,20.71152,6.431469
"135","5am",23.036774,47.90147,25.53654,3.525213
"136","5am",15.693463,56.88265,15.05779,12.366102
"137","5am",6.54011,52.73847,31.84733,8.874083
"138","5am",26.171674,56.14349,16.4923,1.192537
"139","5am",17.940084,51.70778,22.83314,7.518999
"140","5am",3.628653,47.17492,33.26131,15.93512
"141","5am",19.303238,59.42417,16.82969,4.4429
"142","5am",14.479871,54.34223,25.92019,5.257712
"143","5am",8.975788,62.88522,19.94059,8.198403
"144","5am",5.326712,46.84847,31.82416,16.000665
"145","5am",9.726981,46.40884,29.60934,14.254846
"146","5am",11.759628,35.52976,24.98981,27.720805
"147","5am",11.275871,28.90592,38.87725,20.940961
"148","5am",12.169769,38.8902,27.41659,21.523446
"149","5am",3.200174,44.8771,34.03102,17.891709
"150","5am",8.644152,51.43189,26.16524,13.758722
"151","5am",7.662679,42.09294,30.70991,19.534473
"152","5am",11.716174,40.17896,29.45787,18.646991
"153","5am",7.830159,39.09711,33.50159,19.571145
"154","5am",7.779665,50.16204,30.8708,11.187489
"155","5am",8.174101,38.02006,39.36764,14.438201
"156","5am",10.351703,34.60394,40.21886,14.825504
"157","5am",4.525591,46.92334,31.88708,16.663995
"158","5am",11.042786,41.50848,34.86296,12.585777
"159","5am",7.489749,44.3582,31.43096,16.721094
"160","5am",8.122869,38.1674,34.14497,19.564765
"161","5am",6.99566,38.52548,37.38758,17.091281
"162","5am",9.020562,44.52695,32.1342,14.318288
"163","5am",4.468122,35.05078,28.3268,32.154299
"164","5am",12.673774,44.88212,36.33453,6.109568
"165","5am",12.735134,49.14228,19.22765,18.894937
"166","5am",12.860925,56.92732,19.82886,10.382897
"167","5am",12.111618,52.68607,18.8661,16.336218
"168","5am",9.528203,55.21027,24.97142,10.290106
"101","6am",1.074994,27.67003,30.34561,40.909363
"102","6am",10.274831,40.36343,29.44271,19.919021
"103","6am",4.421778,31.51007,18.09432,45.973832
"104","6am",4.864047,44.66067,28.10394,22.37134
"105","6am",2.505424,32.80615,35.68226,29.006161
"106","6am",7.055288,30.80991,30.78816,31.346638
"107","6am",10.887345,26.16791,23.89698,39.047759
"108","6am",9.422334,30.17695,27.25788,33.142843
"109","6am",23.069886,53.12902,16.58277,7.218323
"110","6am",9.971578,22.3619,34.27548,33.391043
"111","6am",6.821205,19.53662,25.14396,48.498218
"112","6am",12.387686,31.69923,37.03223,18.880854
"113","6am",9.899487,32.91846,29.59695,27.585109
"114","6am",24.099072,52.56699,15.47372,7.860222
"115","6am",8.061117,64.12048,14.46555,13.35285
"116","6am",10.055035,42.02057,24.4804,23.443993
"117","6am",9.674893,61.25286,14.92762,14.144635
"118","6am",11.09858,34.83346,27.52794,26.540019
"119","6am",3.338165,37.2858,31.95507,27.420966
"120","6am",19.528503,44.89811,33.22511,2.348279
"121","6am",5.06062,37.81936,28.30199,28.818026
"122","6am",3.918544,78.16983,12.36574,5.54589
"123","6am",11.087992,63.8379,19.19563,5.878478
"124","6am",11.90107,49.29922,17.71271,21.087004
"125","6am",8.379109,54.52281,32.8541,4.243989
"126","6am",18.888959,42.48474,23.10179,15.524508
"127","6am",18.951912,45.82165,17.68369,17.542746
"128","6am",13.961784,47.46876,22.71262,15.856841
"129","6am",4.28962,64.83163,17.45236,13.426397
"130","6am",1.19479,55.94783,26.25047,16.606911
"131","6am",2.167765,48.20504,40.0213,9.605892
"132","6am",5.571454,54.54559,23.32823,16.554717
"133","6am",4.084795,50.2382,21.89592,23.78109
"134","6am",16.420983,55.9544,21.07902,6.545589
"135","6am",20.58586,49.3379,26.27339,3.802846
"136","6am",16.510733,56.71036,13.76881,13.010093
"137","6am",7.03769,53.95664,29.45644,9.549235
"138","6am",26.115627,58.70807,13.88033,1.295968
"139","6am",18.402527,50.46295,23.42171,7.712817
"140","6am",4.334546,47.43927,32.20176,16.024416
"141","6am",18.315106,57.62403,19.40065,4.660218
"142","6am",14.607334,56.01622,24.07245,5.303994
"143","6am",10.42664,62.26702,19.97948,7.326859
"144","6am",5.948261,46.5233,31.82455,15.70389
"145","6am",10.40142,46.87979,28.55416,14.164631
"146","6am",11.635201,33.93183,27.55795,26.875028
"147","6am",11.414547,28.46543,39.2313,20.888716
"148","6am",11.99943,39.37839,26.83462,21.787559
"149","6am",3.200352,43.11103,35.79591,17.892703
"150","6am",8.987589,52.01757,25.65657,13.338276
"151","6am",7.55241,41.81597,30.65576,19.975852
"152","6am",12.316507,41.06214,27.68061,18.940734
"153","6am",8.008839,40.28758,32.70669,18.996892
"154","6am",8.4699,48.06021,31.28982,12.180075
"155","6am",8.581062,37.37445,39.67186,14.372623
"156","6am",10.526381,36.10983,38.44156,14.922237
"157","6am",4.752304,45.53659,33.39897,16.312135
"158","6am",11.679618,44.22227,31.7321,12.36601
"159","6am",7.700295,44.20512,31.67298,16.421607
"160","6am",8.510972,37.41413,34.04283,20.032071
"161","6am",7.391421,36.82549,37.72491,18.058177
"162","6am",9.914475,43.45754,30.89079,15.737192
"163","6am",4.395181,35.30684,27.98033,32.317648
"164","6am",13.453407,44.88884,34.91893,6.738824
"165","6am",12.777487,48.01824,21.04583,18.158442
"166","6am",14.045664,57.99565,18.28914,9.669542
"167","6am",12.230989,54.29034,17.8607,15.617977
"168","6am",10.171479,54.70076,25.71312,9.414643
"101","7am",2.016712,37.41008,29.3608,31.212409
"102","7am",8.924799,40.35143,32.75225,17.971521
"103","7am",4.740332,31.87777,22.74154,40.640366
"104","7am",5.987449,45.10732,29.55059,19.354638
"105","7am",3.927913,39.2473,31.96547,24.859318
"106","7am",5.584041,30.12503,35.74595,28.544972
"107","7am",13.261923,31.68752,25.04965,30.000905
"108","7am",8.621287,30.09331,25.74694,35.538465
"109","7am",20.430154,48.21856,20.78755,10.563737
"110","7am",9.750715,23.0799,37.87136,29.298027
"111","7am",6.470523,25.96614,26.55327,41.010067
"112","7am",13.129994,34.60828,35.9379,16.323831
"113","7am",6.461338,33.38874,38.21051,21.93941
"114","7am",24.764266,48.15517,14.6335,12.447061
"115","7am",7.235237,60.83356,19.0516,12.879605
"116","7am",8.876897,44.34179,30.46262,16.31869
"117","7am",11.652613,58.86811,17.25014,12.229139
"118","7am",9.22798,33.39742,31.90832,25.466283
"119","7am",4.57918,38.30175,29.40084,27.718227
"120","7am",21.402565,45.38655,31.60778,1.60311
"121","7am",4.62278,38.3454,27.56808,29.463743
"122","7am",4.804173,60.99022,20.91542,13.290194
"123","7am",11.068507,62.77204,19.95775,6.201702
"124","7am",12.932427,47.546,20.3395,19.182081
"125","7am",8.725592,58.35328,26.94712,5.974001
"126","7am",18.836562,45.84341,19.8596,15.460433
"127","7am",23.472605,43.74101,22.23016,10.556222
"128","7am",15.144325,48.65368,25.19538,11.006616
"129","7am",5.201556,70.67113,14.79398,9.333334
"130","7am",1.484368,61.34581,19.70702,17.462798
"131","7am",2.941204,46.02946,39.95396,11.075376
"132","7am",5.829386,52.5177,31.22563,10.427282
"133","7am",1.847628,47.20993,24.95062,25.991828
"134","7am",18.898646,56.42952,21.31265,3.35918
"135","7am",18.622318,53.98524,24.9512,2.441235
"136","7am",17.37438,56.58438,15.04758,10.993662
"137","7am",7.698358,54.18361,26.80366,11.314372
"138","7am",24.313112,58.29791,14.5552,2.833773
"139","7am",19.054371,50.39942,21.70056,8.845649
"140","7am",5.010002,55.54023,29.76647,9.683295
"141","7am",18.483628,56.03435,17.43402,8.048006
"142","7am",16.016223,53.67631,24.68406,5.623407
"143","7am",12.073812,65.16556,17.79679,4.963836
"144","7am",7.377478,45.35418,30.53355,16.734787
"145","7am",12.41872,42.56073,29.55026,15.470293
"146","7am",14.571844,36.78366,26.71587,21.92863
"147","7am",13.500778,31.21084,36.0756,19.212788
"148","7am",13.794474,42.23579,27.69145,16.278286
"149","7am",3.638212,49.89568,28.66019,17.805918
"150","7am",11.412746,52.57636,24.80159,11.2093
"151","7am",6.685263,42.02589,30.08997,21.198874
"152","7am",11.916533,48.76659,20.28529,19.03159
"153","7am",10.177163,41.33777,32.78355,15.701513
"154","7am",9.508145,53.76994,26.47181,10.250101
"155","7am",10.439255,40.60079,36.32308,12.636874
"156","7am",11.632462,37.73533,36.01331,14.618895
"157","7am",4.259159,45.9382,37.60864,12.194001
"158","7am",13.809432,47.21753,25.50065,13.472392
"159","7am",10.449421,49.20425,25.11425,15.232081
"160","7am",9.989829,40.64012,27.88108,21.488969
"161","7am",9.874435,38.19984,34.94099,16.984732
"162","7am",12.387754,49.32167,22.01347,16.277102
"163","7am",5.368636,38.96559,27.99551,27.670259
"164","7am",11.701138,46.19519,36.30145,5.802222
"165","7am",15.444245,52.0737,16.92804,15.554019
"166","7am",15.05622,56.07603,18.87437,9.99338
"167","7am",11.953845,53.87835,16.21041,17.957389
"168","7am",10.780768,55.82594,26.96992,6.423371
"101","8am",2.472235,35.68456,34.769103,27.074103
"102","8am",8.355146,41.05639,33.814263,16.774197
"103","8am",6.303508,35.46577,26.096236,32.134483
"104","8am",4.205999,46.87468,33.314708,15.604615
"105","8am",3.086768,38.652,33.691142,24.570089
"106","8am",5.707973,38.2881,36.178051,19.825875
"107","8am",13.589449,39.02784,24.663751,22.718955
"108","8am",6.938383,40.08871,25.961526,27.011378
"109","8am",16.243795,45.07027,25.864908,12.821028
"110","8am",10.090178,24.13212,35.013078,30.764629
"111","8am",5.807984,27.21217,28.762119,38.217727
"112","8am",11.217262,35.87402,37.665704,15.24301
"113","8am",5.646567,32.70627,38.98069,22.666471
"114","8am",21.101175,46.94427,20.110718,11.84384
"115","8am",6.723366,61.64797,18.3509,13.277765
"116","8am",8.533381,44.35235,31.008075,16.106198
"117","8am",11.556107,55.40714,17.762423,15.274333
"118","8am",7.043644,32.79391,32.360358,27.802093
"119","8am",4.229097,35.0884,28.867906,31.814594
"120","8am",19.675541,39.34238,29.763719,11.218361
"121","8am",5.745079,38.41401,26.828247,29.012662
"122","8am",5.044532,51.52214,24.118404,19.314922
"123","8am",12.195767,60.07259,18.931003,8.800642
"124","8am",14.352275,50.56369,18.26714,16.816899
"125","8am",11.205141,64.4404,18.042109,6.312351
"126","8am",19.158771,43.44378,17.705853,19.691597
"127","8am",22.479904,46.37783,19.320838,11.821431
"128","8am",14.090188,48.70324,24.998817,12.207752
"129","8am",6.183842,71.22347,16.437735,6.154952
"130","8am",1.623511,60.4841,21.880657,16.011728
"131","8am",4.311786,52.16313,34.101481,9.423603
"132","8am",6.109945,50.63167,34.343788,8.914592
"133","8am",2.565665,45.65108,26.378579,25.404671
"134","8am",16.378142,57.00527,20.372131,6.244452
"135","8am",22.328384,52.23504,22.284545,3.152029
"136","8am",16.535493,57.4033,15.770278,10.29093
"137","8am",8.409724,55.12007,23.645974,12.824233
"138","8am",24.816709,58.56806,9.943983,6.671251
"139","8am",21.660069,50.2526,19.225656,8.861672
"140","8am",6.186587,59.55543,28.230494,6.027488
"141","8am",19.788087,56.01603,16.359094,7.836784
"142","8am",17.799835,54.20071,25.053221,2.946235
"143","8am",13.493554,65.3604,15.177949,5.968095
"144","8am",8.188559,49.75514,26.94836,15.107944
"145","8am",13.763323,46.75402,23.874578,15.60808
"146","8am",14.08844,37.31378,25.047015,23.550768
"147","8am",13.416734,33.7027,31.553268,21.327297
"148","8am",14.396456,39.60644,28.083065,17.914041
"149","8am",3.548114,53.35055,28.865512,14.235827
"150","8am",11.091725,54.03365,25.992283,8.882339
"151","8am",7.569599,40.84577,28.413982,23.17065
"152","8am",13.199326,51.20394,22.483792,13.112943
"153","8am",11.896902,47.73597,27.28278,13.084344
"154","8am",10.746802,55.59404,27.565307,6.09385
"155","8am",10.372347,41.79338,36.80249,11.031779
"156","8am",12.753462,41.96649,30.090562,15.189482
"157","8am",4.134192,40.49608,39.325702,16.044027
"158","8am",14.283605,48.8611,25.143558,11.711734
"159","8am",10.982514,49.27519,24.126943,15.615354
"160","8am",12.390127,45.77733,31.4487,10.383845
"161","8am",10.543371,41.16313,35.08232,13.211183
"162","8am",12.283482,55.88825,18.859885,12.968385
"163","8am",7.1603,36.25908,28.845798,27.734819
"164","8am",11.403519,48.27984,29.295136,11.021504
"165","8am",16.644526,50.23572,19.701093,13.418664
"166","8am",16.584792,58.51952,16.971372,7.924321
"167","8am",10.362601,54.66306,15.896464,19.077877
"168","8am",11.050313,54.77261,26.129516,8.047563
"101","9am",3.172163,36.10703,35.493491,25.22732
"102","9am",8.903169,42.94379,32.948835,15.204208
"103","9am",5.314632,31.92634,31.063351,31.695681
"104","9am",4.656767,44.99563,32.178919,18.16868
"105","9am",3.413735,37.27786,34.708503,24.599903
"106","9am",5.129116,39.47386,33.821823,21.575198
"107","9am",12.716701,43.0342,22.25665,21.992445
"108","9am",7.986595,38.41654,29.130174,24.46669
"109","9am",17.34563,44.56257,26.026111,12.065688
"110","9am",9.070066,22.45614,36.160174,32.313616
"111","9am",5.978016,30.37242,27.177201,36.472365
"112","9am",10.807367,36.08963,39.512728,13.590276
"113","9am",5.643445,34.04471,37.139493,23.172356
"114","9am",20.866363,48.40479,17.670205,13.058641
"115","9am",7.625206,58.57965,19.918729,13.876416
"116","9am",9.974898,43.9895,31.388716,14.64689
"117","9am",10.40883,57.34247,16.079825,16.168876
"118","9am",6.773283,29.95008,31.460423,31.816209
"119","9am",4.595713,36.69444,25.790823,32.919023
"120","9am",18.195501,36.46416,29.501147,15.839189
"121","9am",5.690328,39.23592,27.500223,27.573532
"122","9am",4.152639,52.9014,23.258191,19.687766
"123","9am",11.489702,64.52611,15.342826,8.64136
"124","9am",11.427712,55.63454,18.515744,14.422005
"125","9am",10.958497,60.03843,20.924552,8.078524
"126","9am",18.820095,44.54241,19.787052,16.850438
"127","9am",22.043752,45.96898,19.116844,12.870426
"128","9am",13.364287,42.84693,27.814051,15.974734
"129","9am",6.592766,71.20778,17.222787,4.976664
"130","9am",1.626856,60.42183,24.150124,13.801187
"131","9am",3.062797,52.91994,32.876789,11.140469
"132","9am",4.973507,51.15784,35.198787,8.669866
"133","9am",2.984253,42.1091,28.582195,26.324455
"134","9am",18.081811,56.89566,19.46737,5.555162
"135","9am",22.779882,51.17367,21.215377,4.83107
"136","9am",21.222571,54.12862,16.206316,8.442495
"137","9am",8.6246,58.83608,20.355026,12.184293
"138","9am",22.060739,58.47561,9.807348,9.656302
"139","9am",23.003922,50.25179,19.784714,6.959577
"140","9am",6.838304,56.39089,31.581377,5.189433
"141","9am",21.419567,53.0186,16.339873,9.221957
"142","9am",18.639775,51.8825,24.87336,4.604364
"143","9am",11.957386,68.25159,14.028049,5.762977
"144","9am",11.22421,48.56846,26.871204,13.336124
"145","9am",14.006784,45.35721,24.890756,15.745249
"146","9am",13.104937,39.08284,25.362902,22.449325
"147","9am",13.729374,33.59184,33.203028,19.475757
"148","9am",12.796792,40.70628,30.49605,16.000881
"149","9am",2.443292,50.69944,31.931018,14.926251
"150","9am",12.830076,56.4327,23.628282,7.108943
"151","9am",8.012744,40.57129,28.404795,23.011167
"152","9am",13.150524,51.25451,22.062608,13.532354
"153","9am",12.255797,45.30246,26.317007,16.124738
"154","9am",11.50405,57.30843,25.67253,5.51499
"155","9am",10.203572,41.10162,37.493799,11.201007
"156","9am",11.078289,43.73308,30.727079,14.461548
"157","9am",7.508632,39.15887,38.941716,14.390782
"158","9am",14.449147,47.59643,25.862702,12.091721
"159","9am",11.047409,49.37677,24.709536,14.866288
"160","9am",13.151425,48.44061,27.138589,11.269375
"161","9am",7.645499,41.98874,36.587692,13.77807
"162","9am",13.976852,59.15585,16.840655,10.026642
"163","9am",6.546461,37.93292,27.421652,28.098968
"164","9am",12.930296,44.42615,29.854986,12.788564
"165","9am",14.501966,52.12009,19.27534,14.102606
"166","9am",16.516805,58.02664,17.56472,7.891836
"167","9am",10.504927,55.28976,16.114796,18.090519
"168","9am",11.325482,55.3944,25.032155,8.247959
"101","10am",3.106225,36.13443,34.133925,26.625422
"102","10am",9.161297,41.04031,33.095532,16.702856
"103","10am",6.200908,34.18732,27.296765,32.315004
"104","10am",4.54267,45.72822,33.429116,16.299993
"105","10am",3.085856,40.45264,34.129797,22.331707
"106","10am",3.828396,40.31273,36.698103,19.160772
"107","10am",14.184988,41.9508,23.582721,20.28149
"108","10am",8.49654,37.9503,28.434761,25.118402
"109","10am",19.38616,42.58329,24.613491,13.417059
"110","10am",10.702231,20.75102,35.602345,32.944404
"111","10am",5.628031,30.51074,27.031469,36.829759
"112","10am",11.001309,39.41159,37.389511,12.197591
"113","10am",6.353928,34.12079,36.119517,23.405766
"114","10am",22.609719,45.71001,18.273562,13.406708
"115","10am",9.104746,56.75628,18.803504,15.335468
"116","10am",9.927003,42.44691,35.677761,11.94833
"117","10am",8.159518,56.39688,18.770136,16.673465
"118","10am",5.880164,31.44657,31.036209,31.637055
"119","10am",4.713088,37.20247,25.765841,32.318599
"120","10am",16.500062,37.94002,28.7059,16.854013
"121","10am",5.590124,38.6923,27.527276,28.1903
"122","10am",3.614828,51.88365,23.928926,20.572595
"123","10am",8.964378,64.69659,17.262988,9.076044
"124","10am",12.215008,54.60717,19.399336,13.77849
"125","10am",10.332429,60.73987,20.602967,8.32473
"126","10am",16.921945,44.48826,22.494387,16.095413
"127","10am",21.506247,42.84563,24.786956,10.861172
"128","10am",13.155005,44.47426,30.939394,11.431342
"129","10am",5.006134,71.18496,17.567284,6.241622
"130","10am",1.685596,61.51232,20.815095,15.986994
"131","10am",2.332405,52.37297,31.215465,14.079159
"132","10am",5.573541,51.9546,35.521162,6.950693
"133","10am",2.637552,47.96788,27.279172,22.115399
"134","10am",18.348398,56.89989,19.324142,5.427572
"135","10am",22.194705,50.24484,23.767568,3.792886
"136","10am",18.322757,55.60581,16.689248,9.382181
"137","10am",9.370701,57.35407,22.338307,10.936926
"138","10am",23.426263,60.0074,7.972865,8.59347
"139","10am",23.030084,48.51192,21.199442,7.25855
"140","10am",7.158212,52.91133,36.76596,3.164503
"141","10am",21.928903,51.98472,17.59993,8.486445
"142","10am",19.803344,51.70401,25.988897,2.503747
"143","10am",12.712701,66.14563,15.400147,5.741517
"144","10am",8.313169,52.3019,24.047078,15.337851
"145","10am",14.532503,44.45845,24.324318,16.684729
"146","10am",13.68434,38.10555,25.771868,22.438241
"147","10am",13.889236,32.93217,33.589638,19.588951
"148","10am",14.036446,38.62683,30.790757,16.545966
"149","10am",3.081418,50.6917,29.661904,16.56498
"150","10am",12.51068,55.41494,23.151461,8.922917
"151","10am",7.492838,42.3868,28.856116,21.264245
"152","10am",13.431364,51.0629,22.606575,12.899163
"153","10am",13.148941,43.5282,27.280058,16.042797
"154","10am",11.69641,54.26773,26.101802,7.934061
"155","10am",10.381139,40.92826,37.29467,11.395931
"156","10am",11.987296,46.91249,28.340266,12.759952
"157","10am",6.216217,40.51844,37.096728,16.16861
"158","10am",14.072408,46.86795,27.283193,11.776448
"159","10am",11.282155,50.00439,23.603461,15.109991
"160","10am",12.803226,47.15809,29.067677,10.971005
"161","10am",8.490937,44.19828,33.538236,13.772544
"162","10am",14.191438,57.59152,18.03646,10.180581
"163","10am",8.782242,36.37969,26.729966,28.108103
"164","10am",11.482675,46.62709,29.887612,12.002626
"165","10am",14.597874,48.88253,23.384484,13.135114
"166","10am",16.407719,55.40148,19.175527,9.015273
"167","10am",10.303091,55.87729,16.076678,17.742937
"168","10am",11.456951,55.3333,26.11093,7.098818
"101","11am",2.568723,36.41787,34.626918,26.386484
"102","11am",9.252695,39.2865,35.513461,15.947348
"103","11am",5.967855,31.56432,29.677605,32.790217
"104","11am",3.926339,48.52264,28.986364,18.564656
"105","11am",3.066709,37.9034,34.091609,24.938277
"106","11am",5.406671,41.02225,36.672537,16.898541
"107","11am",13.63751,41.89052,25.01616,19.455808
"108","11am",8.296295,39.97975,26.280005,25.443949
"109","11am",20.313375,44.24767,22.536845,12.902108
"110","11am",9.034072,23.83713,33.794673,33.334127
"111","11am",5.452487,31.15254,23.283009,40.11196
"112","11am",11.781629,34.9382,38.521303,14.758865
"113","11am",4.817527,37.20285,36.631993,21.347634
"114","11am",23.762034,41.19763,19.485251,15.555086
"115","11am",6.603482,61.62761,16.471301,15.297603
"116","11am",10.387347,42.98289,32.265171,14.36459
"117","11am",10.703183,57.26474,15.680376,16.351701
"118","11am",6.024052,28.18831,32.616269,33.171372
"119","11am",3.948031,39.34958,25.596797,31.10559
"120","11am",16.235149,38.39337,31.214542,14.15694
"121","11am",6.001928,40.44515,26.016583,27.536343
"122","11am",3.134403,50.27201,24.740537,21.853048
"123","11am",11.122691,64.01604,17.625139,7.236126
"124","11am",14.722489,54.48062,17.138322,13.658572
"125","11am",10.221535,58.47623,23.189293,8.112946
"126","11am",14.924292,44.92527,23.767344,16.383092
"127","11am",24.162609,45.84035,18.924456,11.072588
"128","11am",13.960952,43.39068,30.865412,11.782958
"129","11am",5.080051,67.70239,21.676514,5.541043
"130","11am",1.735736,68.59402,15.370147,14.300092
"131","11am",3.132003,49.64515,35.685518,11.537327
"132","11am",6.202915,48.15727,35.204184,10.435633
"133","11am",3.389292,44.17796,27.332694,25.100055
"134","11am",20.114301,55.13625,19.843464,4.90598
"135","11am",19.304618,54.78285,22.307679,3.604852
"136","11am",19.775547,55.47376,15.692809,9.057887
"137","11am",8.977119,54.97468,25.689342,10.358855
"138","11am",24.321596,57.79267,7.990944,9.894787
"139","11am",20.609502,52.23263,20.881727,6.276137
"140","11am",6.744229,56.4329,33.841378,2.981489
"141","11am",22.150798,53.81622,16.068615,7.964371
"142","11am",18.288497,55.7916,20.498762,5.421144
"143","11am",12.588518,63.84269,16.41797,7.150818
"144","11am",8.353817,52.0903,27.221517,12.334371
"145","11am",14.632062,41.31097,26.178998,17.877975
"146","11am",14.707179,39.36801,24.970436,20.954374
"147","11am",12.978593,33.39931,33.797469,19.824632
"148","11am",15.015101,39.60098,27.892822,17.491101
"149","11am",1.893015,53.63937,28.426945,16.040664
"150","11am",10.501464,55.30555,24.855109,9.337874
"151","11am",8.310847,40.78866,28.788712,22.111784
"152","11am",13.799056,50.5582,24.020046,11.622695
"153","11am",11.097315,42.60695,30.567386,15.728352
"154","11am",11.646713,57.81118,22.912539,7.629568
"155","11am",10.023571,44.81365,35.07246,10.090321
"156","11am",12.909049,42.93828,29.843841,14.308826
"157","11am",5.47628,40.3506,38.450928,15.722188
"158","11am",13.166653,47.62813,28.627572,10.577649
"159","11am",10.866067,50.96066,20.981393,17.191881
"160","11am",12.671875,47.43919,29.030486,10.858451
"161","11am",10.074996,42.11068,32.497217,15.317111
"162","11am",14.318306,58.8776,17.325526,9.478568
"163","11am",7.815275,37.89275,27.110034,27.181939
"164","11am",10.994878,42.55746,33.484263,12.963396
"165","11am",16.348951,51.98384,19.733663,11.933542
"166","11am",16.362509,55.41059,19.122691,9.10421
"167","11am",9.932431,55.88819,15.893461,18.285922
"168","11am",10.976676,56.1266,25.016361,7.880367
"101","12am",2.185736,34.63517,35.74854,27.430556
"102","12am",9.068431,37.88674,37.04354,16.00129
"103","12am",6.914546,35.49097,26.20147,31.393012
"104","12am",4.526868,43.46765,33.02814,18.97734
"105","12am",4.393584,34.27362,34.34699,26.985798
"106","12am",6.662786,38.14131,34.39814,20.797763
"107","12am",11.681073,39.40264,26.80028,22.116008
"108","12am",10.943327,38.89206,22.32105,27.84356
"109","12am",20.718502,41.60727,23.37735,14.296878
"110","12am",9.801778,26.73047,32.19473,31.273029
"111","12am",4.748624,33.02475,22.83971,39.386907
"112","12am",11.854177,34.19485,35.76143,18.189537
"113","12am",5.711519,39.58333,33.09711,21.608042
"114","12am",22.366123,47.4175,19.03415,11.182231
"115","12am",6.958857,64.8709,14.29477,13.875472
"116","12am",10.316107,43.22002,27.38059,19.083278
"117","12am",10.712027,53.41169,19.18901,16.68727
"118","12am",6.078632,28.32507,32.23071,33.365586
"119","12am",3.344689,36.4972,29.54793,30.610178
"120","12am",17.359665,40.87965,31.47185,10.288841
"121","12am",5.888514,40.94215,24.26195,28.90738
"122","12am",2.688398,56.39124,21.36685,19.553508
"123","12am",10.775062,64.46506,16.54655,8.213321
"124","12am",15.845135,50.57437,18.94125,14.639249
"125","12am",9.321887,57.9782,22.08318,10.616735
"126","12am",18.085578,40.8508,27.463,13.600619
"127","12am",23.952288,43.46267,21.4674,11.117641
"128","12am",14.00158,56.23293,21.41646,8.349032
"129","12am",3.480617,61.45626,26.4702,8.59292
"130","12am",1.698036,67.84522,19.03179,11.424948
"131","12am",2.698368,44.82377,41.0013,11.476568
"132","12am",6.595695,51.35303,33.67132,8.379951
"133","12am",3.075919,46.02831,24.08081,26.814966
"134","12am",17.982216,59.16607,18.81495,4.036765
"135","12am",21.836883,52.95729,19.03784,6.167988
"136","12am",18.994157,58.27853,15.39612,7.331194
"137","12am",8.488563,58.35419,23.6573,9.499952
"138","12am",22.825207,55.44518,13.03101,8.698594
"139","12am",19.256425,53.62419,20.15279,6.966598
"140","12am",6.806745,56.09088,30.49744,6.604929
"141","12am",20.542214,60.60053,13.86649,4.990772
"142","12am",19.608867,56.92354,19.32769,4.139906
"143","12am",10.005952,65.9645,17.059,6.970552
"144","12am",8.199658,50.52056,26.94497,14.334812
"145","12am",14.352274,41.38144,25.57957,18.686718
"146","12am",14.269572,39.3708,25.20508,21.15455
"147","12am",12.304366,33.83355,33.01387,20.848222
"148","12am",14.07721,39.2434,28.79727,17.882124
"149","12am",1.864644,56.36048,26.84475,14.930122
"150","12am",10.287753,56.05781,24.84257,8.811865
"151","12am",9.035308,43.61835,27.83292,19.513415
"152","12am",14.277502,44.77394,25.8505,15.098055
"153","12am",10.160755,41.02975,33.43717,15.372319
"154","12am",11.754062,59.64321,22.66613,5.936605
"155","12am",9.653014,43.50136,35.70203,11.143596
"156","12am",13.892999,40.2058,31.57856,14.322642
"157","12am",5.045881,42.80042,40.37971,11.773983
"158","12am",13.102585,48.34697,26.48512,12.06533
"159","12am",11.58277,49.56166,21.86352,16.992052
"160","12am",11.065105,49.85592,27.53417,11.544804
"161","12am",9.345979,41.88331,31.4968,17.273917
"162","12am",13.57908,54.10988,20.20605,12.104992
"163","12am",7.649831,35.87667,27.16357,29.309935
"164","12am",11.530311,42.61771,33.55808,12.293897
"165","12am",16.170152,53.28543,18.26563,12.278784
"166","12am",15.412032,53.67153,20.37718,10.539263
"167","12am",9.903265,56.43442,18.00842,15.653891
"168","12am",10.67138,54.58956,24.6158,10.123252
"101","1pm",2.532606,37.17374,34.63002,25.663637
"102","1pm",8.904717,39.22967,31.7321,20.133508
"103","1pm",5.369069,32.9286,26.71979,34.982549
"104","1pm",3.686314,47.05775,29.74953,19.506406
"105","1pm",3.268685,35.34024,37.5669,23.824172
"106","1pm",5.516307,38.50851,37.85777,18.117414
"107","1pm",14.000471,41.47869,23.95412,20.566723
"108","1pm",6.139658,44.70391,27.19007,21.966354
"109","1pm",21.472435,39.04486,26.25978,13.222921
"110","1pm",8.117899,25.73255,33.15861,32.990934
"111","1pm",3.550552,31.31829,23.1052,42.025953
"112","1pm",9.87476,33.78743,40.05016,16.287649
"113","1pm",4.73279,40.06779,32.13153,23.067897
"114","1pm",24.7169,44.3493,20.94425,9.989549
"115","1pm",7.289416,62.1939,16.89137,13.625313
"116","1pm",8.440756,46.82297,29.53305,15.203224
"117","1pm",12.702789,50.88558,20.35378,16.057847
"118","1pm",6.799268,27.46899,34.87329,30.858454
"119","1pm",3.710958,35.37025,29.8695,31.049294
"120","1pm",14.702882,44.06119,25.75699,15.478939
"121","1pm",6.366731,43.98793,26.21081,23.434531
"122","1pm",3.835266,49.41761,24.71407,22.033056
"123","1pm",12.417216,60.05147,18.31034,9.220971
"124","1pm",18.079527,47.11039,19.2356,15.574486
"125","1pm",12.729114,59.30396,20.48046,7.48647
"126","1pm",15.830313,48.2783,20.33582,15.555562
"127","1pm",24.70638,44.03834,20.31514,10.94014
"128","1pm",11.72234,53.26834,29.1148,5.89452
"129","1pm",3.815237,59.98575,28.6645,7.53452
"130","1pm",1.771475,66.45525,15.8575,15.915773
"131","1pm",4.103158,49.26962,35.32407,11.303149
"132","1pm",5.921464,49.7148,34.30647,10.057261
"133","1pm",5.700152,47.07564,23.00949,24.214722
"134","1pm",20.764304,58.29932,17.3605,3.575878
"135","1pm",20.393024,50.17341,22.58936,6.844203
"136","1pm",17.522082,56.67732,16.06202,9.738581
"137","1pm",8.013326,55.01967,26.60689,10.360115
"138","1pm",26.873324,54.83459,11.76682,6.525267
"139","1pm",20.004713,54.42516,18.33281,7.237314
"140","1pm",6.895104,53.47726,31.30468,8.32295
"141","1pm",20.659473,59.44157,15.5735,4.325449
"142","1pm",20.293084,54.66751,20.2051,4.834315
"143","1pm",8.553725,69.75146,14.86861,6.826205
"144","1pm",8.304757,52.99382,25.941,12.76042
"145","1pm",14.093323,43.94566,23.20099,18.760033
"146","1pm",16.388822,41.06631,20.60394,21.940933
"147","1pm",11.1962,31.3919,35.04162,22.370278
"148","1pm",14.500648,41.52017,28.92006,15.059117
"149","1pm",1.462672,49.14877,33.20022,16.188334
"150","1pm",9.66897,57.52312,24.37721,8.430698
"151","1pm",9.158415,42.1214,27.52489,21.195297
"152","1pm",13.641669,43.70852,28.07011,14.579703
"153","1pm",10.323517,44.73876,32.17088,12.766848
"154","1pm",11.319468,60.67235,23.1674,4.84078
"155","1pm",9.04369,42.09526,35.20686,13.654192
"156","1pm",13.245494,41.1289,32.51104,13.114566
"157","1pm",6.118855,39.55102,41.38739,12.94273
"158","1pm",13.648205,48.43963,25.94578,11.966389
"159","1pm",11.007822,48.46439,22.60881,17.918978
"160","1pm",11.060996,47.95564,28.49929,12.484068
"161","1pm",9.741478,41.7255,30.474,18.059021
"162","1pm",14.406582,52.13679,19.21488,14.241746
"163","1pm",6.583046,37.78379,27.3243,28.308857
"164","1pm",13.861767,39.38818,35.51635,11.2337
"165","1pm",16.330054,54.16534,16.59189,12.912717
"166","1pm",15.688572,55.77878,19.80343,8.729226
"167","1pm",10.810537,55.20304,17.2389,16.747522
"168","1pm",11.190228,53.29613,25.56795,9.945691
"101","2pm",3.151466,36.73354,34.39796,25.71703
"102","2pm",8.4558,41.17488,30.73792,19.6314
"103","2pm",4.468144,34.69045,28.03782,32.803586
"104","2pm",3.889667,51.74919,26.90814,17.453002
"105","2pm",3.364031,35.6781,36.12553,24.832338
"106","2pm",6.392669,39.40785,35.23165,18.967827
"107","2pm",12.605023,43.46669,25.06058,18.86771
"108","2pm",5.319084,45.79626,30.51431,18.370341
"109","2pm",21.073464,37.93659,27.4853,13.504646
"110","2pm",9.103991,23.5149,32.81996,34.561148
"111","2pm",4.000379,27.50003,23.72458,44.77501
"112","2pm",9.959248,36.84005,33.4595,19.741205
"113","2pm",5.815904,39.56172,31.40845,23.213931
"114","2pm",24.965901,45.98386,18.77002,10.280218
"115","2pm",7.828,56.59838,20.70278,14.87084
"116","2pm",7.632057,47.3304,27.88479,17.152753
"117","2pm",11.824781,51.01051,21.11434,16.050372
"118","2pm",7.122754,26.57121,33.56954,32.736488
"119","2pm",3.699646,33.50272,28.98626,33.811366
"120","2pm",15.527251,39.90258,28.71011,15.860059
"121","2pm",6.880137,43.37864,26.42825,23.31297
"122","2pm",4.054903,50.12152,25.73512,20.088457
"123","2pm",13.338716,59.72972,16.95528,9.976284
"124","2pm",19.05103,43.82713,21.41904,15.702795
"125","2pm",13.145308,55.77894,23.27829,7.797464
"126","2pm",14.663421,48.58203,22.99932,13.755232
"127","2pm",22.037983,42.66649,26.71227,8.583256
"128","2pm",12.810966,50.17316,29.01609,7.999785
"129","2pm",4.183438,59.17403,30.05766,6.584878
"130","2pm",1.727722,65.12621,14.75273,18.393339
"131","2pm",3.685433,50.48349,35.39754,10.433536
"132","2pm",5.386157,48.22099,35.73682,10.656034
"133","2pm",5.933525,49.35393,23.95153,20.761016
"134","2pm",19.288554,58.49486,18.18492,4.031669
"135","2pm",18.90504,52.92039,20.93279,7.241778
"136","2pm",19.422929,52.91534,18.48387,9.177862
"137","2pm",7.522371,58.371,25.17648,8.930152
"138","2pm",23.559193,57.60411,11.61988,7.216819
"139","2pm",21.452116,52.88246,19.86687,5.798556
"140","2pm",6.039877,56.29622,31.75498,5.908926
"141","2pm",24.031165,55.47698,15.35548,5.13637
"142","2pm",19.907074,58.09977,19.91333,2.07983
"143","2pm",7.753219,71.1332,14.14446,6.969121
"144","2pm",8.234694,54.1137,23.49943,14.152171
"145","2pm",12.585933,46.31979,22.72175,18.372526
"146","2pm",13.769569,39.33581,26.4733,20.421319
"147","2pm",11.450056,31.03727,32.79791,24.71476
"148","2pm",14.384509,41.65809,30.69301,13.26439
"149","2pm",1.423648,50.51233,31.06428,16.999742
"150","2pm",9.495645,57.79748,24.0046,8.702277
"151","2pm",9.945004,41.41065,26.07373,22.570615
"152","2pm",12.91477,46.06922,27.92938,13.086632
"153","2pm",11.877367,42.24374,32.61895,13.259944
"154","2pm",9.945973,59.30188,24.60335,6.148792
"155","2pm",9.258709,40.63072,36.13174,13.978828
"156","2pm",12.447585,42.72842,31.84948,12.974516
"157","2pm",7.565151,40.78998,39.55108,12.093798
"158","2pm",14.408024,46.06104,27.95148,11.579455
"159","2pm",11.476089,48.60001,22.52473,17.39917
"160","2pm",12.275016,52.14355,22.59151,12.989921
"161","2pm",9.76179,43.43253,29.01431,17.791372
"162","2pm",8.949707,55.82512,22.07313,13.15204
"163","2pm",6.927565,38.68422,26.25098,28.137241
"164","2pm",13.449953,40.57047,36.16244,9.817131
"165","2pm",18.497756,50.18669,19.02712,12.288434
"166","2pm",15.851423,54.21679,22.40848,7.523304
"167","2pm",9.981155,54.42794,17.83756,17.753345
"168","2pm",10.015619,53.6104,27.6159,8.75808
"101","3pm",3.128793,35.70217,36.32276,24.846279
"102","3pm",7.143707,41.64,32.43346,18.782829
"103","3pm",4.482888,32.18627,28.86397,34.466873
"104","3pm",4.556378,52.12024,26.15686,17.166524
"105","3pm",4.243314,36.72588,31.66123,27.369569
"106","3pm",5.293031,43.01551,31.63498,20.056488
"107","3pm",10.714142,41.24861,27.69216,20.345096
"108","3pm",7.911798,45.63514,29.30172,17.151344
"109","3pm",20.703011,35.85445,27.09364,16.348896
"110","3pm",7.999968,23.56198,33.71499,34.723058
"111","3pm",3.96668,28.35924,25.94312,41.73096
"112","3pm",11.068765,36.06284,34.62117,18.247233
"113","3pm",5.738788,37.87491,33.63136,22.754943
"114","3pm",23.464595,45.49914,19.12196,11.914301
"115","3pm",9.662218,55.33019,20.18518,14.822417
"116","3pm",7.986911,43.85621,29.80082,18.356056
"117","3pm",11.624703,51.75404,20.18486,16.436391
"118","3pm",7.247159,28.87249,31.61661,32.263741
"119","3pm",3.91983,36.3296,27.33221,32.418357
"120","3pm",17.107424,40.1367,26.37932,16.376558
"121","3pm",6.740662,43.37387,25.79137,24.094099
"122","3pm",3.775895,51.51815,24.307,20.39895
"123","3pm",14.088166,63.5971,14.02725,8.287486
"124","3pm",19.105035,45.58848,17.93889,17.367602
"125","3pm",13.373807,56.98284,22.52935,7.11401
"126","3pm",15.655908,44.96428,23.34206,16.037748
"127","3pm",20.876588,49.67421,18.86884,10.580353
"128","3pm",12.880263,49.23399,29.32012,8.565628
"129","3pm",4.249174,69.98797,22.02376,3.7391
"130","3pm",1.66863,64.79919,15.46434,18.067847
"131","3pm",5.155336,48.06129,35.85395,10.929425
"132","3pm",4.034555,49.38772,34.66036,11.917363
"133","3pm",5.612596,53.14592,24.94609,16.2954
"134","3pm",17.421692,55.88841,22.02977,4.66013
"135","3pm",21.302727,54.50963,17.24144,6.946207
"136","3pm",14.574078,53.1558,22.08499,10.185137
"137","3pm",7.814235,57.55201,25.35712,9.276638
"138","3pm",29.241506,50.12183,14.11505,6.521615
"139","3pm",23.713045,49.59099,20.19742,6.498541
"140","3pm",6.218004,57.58322,31.70662,4.492155
"141","3pm",19.168295,63.39284,13.80758,3.631287
"142","3pm",21.824672,53.60527,21.01812,3.551934
"143","3pm",10.669861,65.54465,15.08984,8.695643
"144","3pm",7.856438,52.61787,24.79199,14.733705
"145","3pm",12.161365,47.3812,21.36166,19.095778
"146","3pm",10.305731,41.40557,26.70754,21.581157
"147","3pm",12.036268,31.19493,32.21057,24.558231
"148","3pm",13.968671,41.15476,29.27197,15.604603
"149","3pm",0.496375,53.98357,29.06698,16.453075
"150","3pm",8.891386,54.61711,28.343,8.148504
"151","3pm",10.403865,42.94613,24.51977,22.130243
"152","3pm",13.605656,43.12317,29.29268,13.978495
"153","3pm",10.064151,44.04774,34.03165,11.856463
"154","3pm",9.54168,58.32773,27.11442,5.016173
"155","3pm",10.762833,40.20907,35.5836,13.444494
"156","3pm",12.681343,42.59193,32.02454,12.702187
"157","3pm",5.765002,39.74272,41.27436,13.217917
"158","3pm",14.158111,45.39818,29.6304,10.813312
"159","3pm",11.792762,48.64104,21.93322,17.632972
"160","3pm",12.138205,53.39635,21.6203,12.845142
