"district","hour","mode1","mode2","mode3"
"101","4am",14.32965,27.51606,58.154293
"102","4am",8.909123,47.96093,43.129944
"103","4am",29.305214,39.95945,30.735336
"104","4am",18.556862,51.77094,29.672195
"105","4am",23.782115,42.25582,33.962063
"106","4am",13.113328,31.91342,54.973255
"107","4am",12.73385,38.58164,48.684513
"108","4am",14.452998,69.96083,15.586176
"109","4am",29.344178,37.908,32.747824
"110","4am",7.284809,49.54688,43.168312
"111","4am",8.010853,25.95257,66.036576
"112","4am",7.788049,38.84831,53.363639
"113","4am",19.924262,40.05404,40.021694
"114","4am",10.595008,68.89116,20.513836
"115","4am",21.466207,52.01738,26.516412
"116","4am",16.323019,58.81751,24.859467
"117","4am",15.13613,46.75205,38.111817
"118","4am",23.881484,55.01771,21.100805
"119","4am",7.734629,65.44987,26.815505
"120","4am",9.862773,72.46622,17.67101
"121","4am",15.010341,52.87862,32.111037
"122","4am",11.986739,56.7591,31.254162
"123","4am",15.806034,52.3909,31.803064
"124","4am",11.625331,81.12139,7.253279
"125","4am",18.074188,52.44252,29.48329
"126","4am",13.263824,73.67025,13.065924
"127","4am",11.661894,72.69539,15.642711
"128","4am",8.988912,73.92215,17.088941
"129","4am",14.138627,74.25639,11.604987
"130","4am",11.419526,76.68083,11.899642
"131","4am",8.988351,78.07939,12.932259
"132","4am",5.984907,83.3538,10.661293
"133","4am",3.979168,88.01711,8.003724
"134","4am",11.333497,75.79622,12.870278
"135","4am",2.942819,80.5688,16.48838
"136","4am",12.104539,76.77338,11.122077
"137","4am",8.730001,78.35906,12.910937
"138","4am",11.556493,67.15409,21.289417
"139","4am",4.031018,88.49084,7.478138
"140","4am",7.024951,84.97165,8.003395
"141","4am",8.56231,72.73147,18.706221
"142","4am",7.236141,72.47628,20.287575
"143","4am",8.688681,73.42921,17.882106
"144","4am",8.74301,67.97859,23.278404
"145","4am",3.56826,64.05568,32.376064
"146","4am",4.467393,70.74544,24.787171
"147","4am",3.545871,72.05073,24.403399
"148","4am",5.334994,62.89904,31.765968
"149","4am",8.060672,72.77376,19.16557
"150","4am",9.506306,66.18,24.313698
"151","4am",6.860254,61.97472,31.165029
"152","4am",5.775876,63.89252,30.331601
"153","4am",4.676307,66.25042,29.073274
"154","4am",2.799327,67.28394,29.916736
"155","4am",8.860302,62.561,28.578693
"156","4am",12.300308,58.80877,28.890919
"157","4am",10.151913,64.32732,25.520765
"158","4am",5.444324,70.86616,23.68952
"159","4am",10.323915,73.02218,16.653905
"160","4am",3.590616,74.22706,22.182327
"161","4am",2.549725,75.10217,22.348109
"162","4am",11.021997,58.02391,30.954094
"163","4am",6.823371,59.33858,33.838049
"164","4am",6.41678,65.7976,27.785623
"165","4am",2.663238,74.01219,23.324568
"166","4am",2.496508,62.78567,34.717823
"167","4am",6.46084,60.1585,33.380657
"168","4am",3.559037,67.69595,28.745013
"101","5am",14.961308,26.81532,58.22337
"102","5am",8.377324,51.06722,40.555454
"103","5am",29.505046,39.55003,30.94492
"104","5am",18.170322,52.77556,29.054122
"105","5am",23.782115,40.97777,35.240112
"106","5am",13.585024,31.18378,55.231191
"107","5am",12.921026,38.37824,48.700739
"108","5am",14.380974,70.06329,15.555741
"109","5am",29.32763,37.20424,33.468134
"110","5am",7.282338,48.64494,44.072727
"111","5am",7.927248,26.72536,65.347387
"112","5am",7.838442,39.74039,52.421165
"113","5am",19.726915,40.69326,39.579824
"114","5am",10.210293,70.02075,19.768959
"115","5am",22.194517,50.87593,26.929548
"116","5am",16.1316,58.41194,25.456463
"117","5am",14.615592,46.67213,38.712283
"118","5am",23.14335,56.40803,20.448617
"119","5am",7.621544,65.95501,26.423446
"120","5am",10.066169,71.8984,18.035431
"121","5am",15.652294,52.47921,31.868492
"122","5am",11.668013,57.93971,30.392278
"123","5am",15.806034,52.3909,31.803064
"124","5am",9.665111,82.96891,7.365983
"125","5am",18.074188,52.44252,29.48329
"126","5am",12.705109,74.18065,13.114237
"127","5am",11.490656,73.93018,14.57916
"128","5am",9.138213,73.48901,17.37278
"129","5am",14.300887,73.96094,11.73817
"130","5am",11.932363,75.6336,12.43404
"131","5am",9.056058,78.63495,12.308992
"132","5am",5.837496,83.7638,10.3987
"133","5am",3.979168,88.01711,8.003724
"134","5am",10.809341,75.72612,13.464538
"135","5am",2.93218,80.63905,16.428772
"136","5am",12.253493,76.48757,11.25894
"137","5am",8.835275,78.09809,13.06663
"138","5am",10.988052,67.4045,21.607447
"139","5am",4.02553,88.50651,7.467956
"140","5am",7.158539,84.68587,8.15559
"141","5am",8.561084,73.85522,17.583691
"142","5am",7.236141,72.47628,20.287575
"143","5am",9.095078,71.70364,19.201277
"144","5am",7.898691,69.90125,22.200057
"145","5am",3.597156,63.76459,32.638255
"146","5am",4.445611,69.63789,25.916497
"147","5am",3.517952,74.12022,22.361831
"148","5am",5.461954,62.60507,31.932974
"149","5am",7.803305,73.64306,18.553638
"150","5am",9.703957,66.74723,23.548815
"151","5am",6.929434,61.59126,31.479305
"152","5am",5.948887,62.81096,31.240156
"153","5am",4.676307,66.25042,29.073274
"154","5am",2.842145,67.3815,29.776353
"155","5am",7.371731,63.22533,29.402938
"156","5am",11.593964,58.80877,29.597262
"157","5am",10.254677,63.96622,25.779102
"158","5am",5.563509,71.18813,23.248365
"159","5am",10.355547,73.53683,16.107627
"160","5am",3.603347,74.13567,22.260981
"161","5am",2.549725,75.10217,22.348109
"162","5am",11.199188,57.3491,31.451716
"163","5am",6.797135,59.49492,33.70794
"164","5am",6.473999,65.49261,28.033388
"165","5am",2.694627,74.68714,22.618229
"166","5am",2.594743,63.49354,33.911715
"167","5am",6.639776,60.83058,32.529647
"168","5am",3.55249,67.75538,28.692133
"101","6am",15.684665,27.68981,56.625527
"102","6am",8.463696,53.22266,38.313648
"103","6am",27.959089,39.48866,32.552248
"104","6am",17.415816,54.46475,28.119432
"105","6am",22.815304,39.72556,37.459138
"106","6am",13.431705,32.99848,53.569812
"107","6am",10.242203,36.92382,52.833972
"108","6am",12.960396,71.27357,15.766032
"109","6am",25.55543,41.72563,32.718941
"110","6am",6.314842,49.31668,44.368479
"111","6am",8.308752,25.96068,65.730565
"112","6am",7.652273,41.17161,51.176118
"113","6am",18.982653,44.05473,36.962612
"114","6am",9.447518,70.30127,20.251208
"115","6am",21.250805,51.17272,27.576473
"116","6am",14.91327,59.39771,25.689017
"117","6am",14.838047,47.08362,38.078334
"118","6am",22.931838,57.6896,19.37856
"119","6am",7.680192,66.8319,25.487911
"120","6am",10.385306,70.95096,18.66373
"121","6am",14.854631,53.78231,31.363059
"122","6am",14.104493,57.14167,28.753836
"123","6am",15.777897,53.62873,30.593371
"124","6am",10.298474,81.85284,7.848683
"125","6am",16.663625,53.11132,30.22505
"126","6am",14.036919,74.94999,11.013091
"127","6am",9.469838,76.68649,13.843674
"128","6am",9.701576,71.85463,18.443796
"129","6am",12.955273,74.54717,12.49756
"130","6am",8.95671,78.17082,12.872469
"131","6am",8.702511,79.46904,11.828451
"132","6am",5.764188,85.36152,8.874295
"133","6am",4.202082,87.34582,8.452095
"134","6am",11.041367,75.81416,13.144477
"135","6am",1.304473,80.32554,18.369989
"136","6am",10.989727,77.08286,11.927414
"137","6am",7.591341,78.30888,14.099782
"138","6am",8.590193,66.00785,25.401953
"139","6am",3.430967,88.84597,7.723064
"140","6am",7.207795,84.5805,8.211706
"141","6am",5.563681,76.03926,18.397063
"142","6am",7.315592,72.17408,20.510326
"143","6am",9.534298,69.31072,21.154986
"144","6am",6.665797,67.42382,25.910383
"145","6am",3.893116,63.33768,32.769204
"146","6am",4.55123,68.23894,27.209829
"147","6am",3.758041,73.00031,23.241646
"148","6am",5.250408,62.43517,32.314422
"149","6am",7.803839,74.9199,17.27626
"150","6am",10.151153,64.96676,24.882088
"151","6am",5.788994,63.42908,30.781922
"152","6am",6.2894,63.04277,30.667826
"153","6am",3.988696,65.95973,30.051574
"154","6am",1.75355,66.19058,32.055874
"155","6am",7.267494,61.65427,31.078236
"156","6am",8.601238,60.85412,30.544643
"157","6am",9.274392,63.5714,27.154207
"158","6am",3.786171,70.70801,25.505814
"159","6am",10.462198,73.70183,15.835969
"160","6am",3.80248,72.70633,23.491193
"161","6am",1.607111,73.69461,24.698279
"162","6am",5.02267,60.36817,34.609156
"163","6am",5.654132,61.25632,33.089549
"164","6am",6.010051,65.8234,28.166548
"165","6am",2.869411,72.93536,24.195228
"166","6am",0,64.01658,35.983418
"167","6am",1.813872,65.16099,33.025137
"168","6am",2.034004,70.04877,27.917225
"101","7am",30.6218114,33.83104,35.547145
"102","7am",13.5852351,48.81354,37.601224
"103","7am",24.838432,44.10993,31.051635
"104","7am",18.3272226,50.47933,31.193444
"105","7am",29.4756998,37.67464,32.849664
"106","7am",16.0729562,37.14811,46.778931
"107","7am",12.3303373,37.99656,49.673098
"108","7am",12.7395815,69.64592,17.614495
"109","7am",18.9572951,50.30522,30.737489
"110","7am",12.107778,41.36894,46.52328
"111","7am",16.4699957,35.85758,47.672422
"112","7am",8.924143,43.53273,47.543124
"113","7am",19.4661423,49.59652,30.937338
"114","7am",16.8976551,61.36706,21.735289
"115","7am",18.5464689,58.28002,23.173509
"116","7am",9.1054282,63.80376,27.090808
"117","7am",9.544259,49.36192,41.093821
"118","7am",20.735356,63.93495,15.329698
"119","7am",11.6370609,66.16815,22.194787
"120","7am",10.1582264,69.63439,20.207383
"121","7am",13.7426462,54.62394,31.633417
"122","7am",11.5618336,68.96601,19.47216
"123","7am",14.757359,56.33951,28.90313
"124","7am",10.4571412,81.30879,8.234071
"125","7am",11.4441481,57.78703,30.768825
"126","7am",15.1720229,74.79461,10.033367
"127","7am",4.6381637,78.21124,17.150594
"128","7am",7.6958574,75.76146,16.542679
"129","7am",7.2827135,77.11382,15.603462
"130","7am",9.0548893,78.72461,12.220499
"131","7am",2.6471654,87.65241,9.700428
"132","7am",5.1288078,89.85279,5.018403
"133","7am",2.9003915,84.82189,12.27772
"134","7am",5.8722168,79.60432,14.523468
"135","7am",7.8361184,69.83722,22.326664
"136","7am",7.8377557,80.72899,11.433254
"137","7am",1.0189158,82.94804,16.033044
"138","7am",5.1274893,66.99254,27.879974
"139","7am",1.5533668,90.43182,8.014812
"140","7am",4.5158369,87.02298,8.461179
"141","7am",4.3772915,75.19238,20.430324
"142","7am",5.121246,71.84067,23.038079
"143","7am",5.6915997,65.76941,28.538989
"144","7am",6.59158,65.85115,27.557273
"145","7am",1.6764372,59.34751,38.97605
"146","7am",1.768785,65.24717,32.984046
"147","7am",0,71.57193,28.428068
"148","7am",1.0647561,57.78985,41.145398
"149","7am",3.1785394,78.70572,18.115741
"150","7am",6.3521008,61.17544,32.472463
"151","7am",13.1146619,62.5426,24.342736
"152","7am",2.7625691,68.0464,29.191034
"153","7am",1.3911656,60.94066,37.668172
"154","7am",0.972541,64.00652,35.020935
"155","7am",1.0193127,62.47802,36.502667
"156","7am",9.7008236,57.2677,33.03148
"157","7am",14.9276701,59.63252,25.439806
"158","7am",2.2513401,72.00235,25.746314
"159","7am",3.8390032,74.62976,21.531237
"160","7am",0,69.91451,30.085493
"161","7am",0.6654782,65.89721,33.437314
"162","7am",2.0640795,54.91981,43.016112
"163","7am",11.505995,56.6836,31.8104
"164","7am",6.7781715,63.19791,30.023921
"165","7am",0.9020659,72.24174,26.856198
"166","7am",0,59.95164,40.048362
"167","7am",1.8720431,63.29555,34.832403
"168","7am",0,68.96637,31.033629
"101","8am",32.7690053,38.22323,29.007766
"102","8am",14.8424509,51.21858,33.938968
"103","8am",16.2021526,46.06962,37.728226
"104","8am",20.8698752,48.769,30.361127
"105","8am",26.419147,42.95918,30.621676
"106","8am",19.3843618,44.04447,36.571167
"107","8am",13.1821736,41.65373,45.164096
"108","8am",19.3909292,69.0768,11.532271
"109","8am",15.6122263,62.02717,22.360607
"110","8am",14.9855651,38.54199,46.472443
"111","8am",21.986735,33.24138,44.771886
"112","8am",9.6494029,49.33407,41.016528
"113","8am",23.9343417,50.63279,25.432866
"114","8am",25.7509917,55.60662,18.642391
"115","8am",17.9645001,57.71426,24.321238
"116","8am",8.0257336,69.9147,22.059566
"117","8am",7.9723748,52.75736,39.270262
"118","8am",20.0577242,65.33367,14.608601
"119","8am",13.4659594,64.99341,21.540626
"120","8am",10.1168083,74.1311,15.752095
"121","8am",15.4051675,51.17404,33.420795
"122","8am",12.4794132,72.36355,15.157039
"123","8am",12.9020958,57.88586,29.212047
"124","8am",7.1302985,83.89057,8.979128
"125","8am",12.8935883,55.77368,31.332735
"126","8am",12.6225381,69.77765,17.59981
"127","8am",5.8786383,71.55018,22.571181
"128","8am",5.3077848,77.4218,17.270417
"129","8am",7.6188831,74.4278,17.953314
"130","8am",8.3164839,78.0171,13.66642
"131","8am",2.3082992,89.17055,8.521152
"132","8am",4.990203,88.22348,6.786312
"133","8am",4.2568135,82.44002,13.303168
"134","8am",5.4239731,77.22542,17.350607
"135","8am",8.5931643,66.0389,25.367932
"136","8am",7.6164785,81.41637,10.967149
"137","8am",1.1449851,82.34158,16.513433
"138","8am",4.2985043,66.45268,29.248814
"139","8am",1.0254866,92.54884,6.425674
"140","8am",3.3997617,84.11887,12.481368
"141","8am",6.9155293,66.07919,27.005282
"142","8am",6.7641127,65.93594,27.299946
"143","8am",5.8627124,69.73023,24.407059
"144","8am",1.6043473,70.05286,28.342795
"145","8am",1.915494,56.72778,41.356726
"146","8am",0,66.20109,33.798906
"147","8am",0,70.12305,29.876953
"148","8am",1.7329793,56.97969,41.287329
"149","8am",2.9468399,81.07712,15.976042
"150","8am",5.1168932,51.68877,43.194337
"151","8am",12.4605034,65.33297,22.206529
"152","8am",3.1337748,71.58514,25.28109
"153","8am",1.6733176,62.67274,35.653946
"154","8am",1.1239664,53.84341,45.032628
"155","8am",1.1157216,64.21366,34.670618
"156","8am",6.673539,62.00072,31.325745
"157","8am",14.0054534,60.25543,25.73912
"158","8am",0.8518427,76.75639,22.391772
"159","8am",2.6218703,75.73393,21.644203
"160","8am",0,59.34792,40.652077
"161","8am",1.8537197,60.77057,37.375712
"162","8am",2.2508062,55.64895,42.100243
"163","8am",12.1238353,56.65923,31.216933
"164","8am",3.5248294,63.45398,33.021195
"165","8am",2.1386037,77.18907,20.672326
"166","8am",0.9344588,57.44831,41.617231
"167","8am",1.9706095,62.1671,35.862286
"168","8am",0,64.27128,35.728725
"101","9am",31.9080965,37.88924,30.202661
"102","9am",15.70188,49.70878,34.589338
"103","9am",14.0144653,52.93009,33.055445
"104","9am",22.8455521,50.99161,26.16284
"105","9am",23.253709,45.52249,31.2238
"106","9am",21.9211085,46.54196,31.536927
"107","9am",12.8758174,42.97441,44.149774
"108","9am",20.6579982,72.12319,7.218811
"109","9am",19.7201149,62.22781,18.052071
"110","9am",16.2552481,36.4643,47.280454
"111","9am",20.2223365,31.00346,48.774208
"112","9am",10.4087281,50.38171,39.209564
"113","9am",24.1666182,52.18026,23.653117
"114","9am",25.0492751,58.01432,16.93641
"115","9am",18.9531042,55.59507,25.451827
"116","9am",6.4514517,69.77693,23.771614
"117","9am",9.3005662,58.06151,32.63792
"118","9am",22.3208129,64.67509,13.004097
"119","9am",13.7683113,65.31604,20.915645
"120","9am",7.4737658,75.61957,16.906661
"121","9am",16.4845312,52.99754,30.517932
"122","9am",14.0497462,71.43958,14.510675
"123","9am",12.8853412,58.87638,28.238278
"124","9am",6.3631299,84.22691,9.409958
"125","9am",13.6282133,56.75058,29.621204
"126","9am",10.1429459,73.37901,16.478043
"127","9am",6.2545347,68.84578,24.899686
"128","9am",5.5941185,76.60209,17.803795
"129","9am",8.1392447,73.61608,18.24468
"130","9am",6.8935701,80.61705,12.489378
"131","9am",3.0772526,90.49365,6.4291
"132","9am",4.9800063,89.32606,5.693938
"133","9am",3.3360092,81.02571,15.638279
"134","9am",5.4521503,75.80009,18.74776
"135","9am",6.6035931,65.97495,27.421461
"136","9am",3.52835,80.5253,15.946348
"137","9am",1.1696567,85.91354,12.916805
"138","9am",4.1742012,68.74867,27.077124
"139","9am",0,91.83981,8.16019
"140","9am",3.9056579,83.93064,12.163706
"141","9am",9.4488434,64.63488,25.916274
"142","9am",6.7360652,67.2531,26.010833
"143","9am",5.6109421,66.93313,27.45593
"144","9am",1.5990607,69.47466,28.926274
"145","9am",1.9254656,59.03962,39.034917
"146","9am",0,71.47959,28.520408
"147","9am",0,70.69037,29.309632
"148","9am",1.8949407,55.68687,42.418185
"149","9am",2.9817609,79.65166,17.366578
"150","9am",5.3144108,46.26227,48.423321
"151","9am",12.7549076,63.92042,23.324677
"152","9am",2.0122531,73.2508,24.736946
"153","9am",1.7047086,65.338,32.957286
"154","9am",0,50.54379,49.456206
"155","9am",1.202993,59.05837,39.73864
"156","9am",5.3891324,63.08311,31.527759
"157","9am",12.8118032,58.70521,28.482984
"158","9am",0.8646908,76.61753,22.51778
"159","9am",2.6419506,73.52716,23.830892
"160","9am",0,58.77452,41.225477
"161","9am",1.9237684,62.31365,35.762586
"162","9am",2.3783272,56.54991,41.071759
"163","9am",11.5326617,60.02926,28.43808
"164","9am",1.371246,65.20386,33.424893
"165","9am",2.0830597,78.73207,19.184869
"166","9am",0.922451,57.9951,41.082449
"167","9am",0.7212664,63.53676,35.741978
"168","9am",0,63.24986,36.750139
"101","10am",32.9121689,38.17013,28.917704
"102","10am",16.9355952,50.48096,32.583447
"103","10am",15.4954476,50.57403,33.93052
"104","10am",21.6256803,48.29781,30.07651
"105","10am",22.8798004,44.20191,32.918285
"106","10am",24.6766628,44.98186,30.341481
"107","10am",13.8110512,41.39708,44.791873
"108","10am",20.0979172,67.49864,12.403442
"109","10am",20.3102756,62.67321,17.016509
"110","10am",16.3410544,34.0488,49.610145
"111","10am",18.8746088,33.794,47.331391
"112","10am",10.1434276,50.81953,39.037044
"113","10am",24.94772,49.66536,25.38692
"114","10am",25.5882992,53.19243,21.219275
"115","10am",18.1824608,54.62537,27.192166
"116","10am",5.2962112,71.40715,23.296639
"117","10am",7.8824523,58.97154,33.146007
"118","10am",23.5370725,62.22842,14.234508
"119","10am",13.8810192,63.2736,22.845376
"120","10am",6.965499,74.71028,18.324218
"121","10am",17.2390576,53.30941,29.451535
"122","10am",12.7543664,72.09342,15.152209
"123","10am",12.9408622,58.95447,28.104666
"124","10am",9.7144231,80.4749,9.810681
"125","10am",11.0650144,55.6958,33.239184
"126","10am",9.9477461,75.47321,14.579048
"127","10am",5.556839,67.85295,26.590215
"128","10am",5.5635054,80.26778,14.168715
"129","10am",9.9826809,69.51361,20.503704
"130","10am",7.2109223,78.70446,14.084622
"131","10am",3.2488519,90.76908,5.98207
"132","10am",4.7685392,90.91055,4.320908
"133","10am",2.8762012,77.40123,19.72257
"134","10am",5.8193981,74.88952,19.291082
"135","10am",7.7402733,61.56401,30.695718
"136","10am",3.3514159,79.87249,16.776091
"137","10am",1.3086258,82.7409,15.950477
"138","10am",3.9287578,68.04645,28.024797
"139","10am",0,89.85071,10.149293
"140","10am",4.0957425,83.925,11.979257
"141","10am",9.3838251,66.36809,24.248084
"142","10am",6.9483613,64.7477,28.303941
"143","10am",7.0156733,64.36132,28.623012
"144","10am",0.8083152,70.28371,28.90798
"145","10am",2.0205524,57.03009,40.949356
"146","10am",0,74.40679,25.593209
"147","10am",0,66.63722,33.362784
"148","10am",1.8774894,55.80353,42.318982
"149","10am",3.2167981,78.0477,18.735498
"150","10am",5.1465519,53.99068,40.862769
"151","10am",12.772056,62.45831,24.769633
"152","10am",1.9993851,75.19428,22.80633
"153","10am",1.8542013,63.57199,34.573807
"154","10am",0,51.7912,48.208805
"155","10am",1.2285044,53.98328,44.788218
"156","10am",4.4083818,63.83766,31.753959
"157","10am",10.7155004,57.32743,31.957068
"158","10am",0.8355791,76.38104,22.783377
"159","10am",2.9339898,75.20046,21.865549
"160","10am",0,60.31303,39.686969
"161","10am",1.8798427,62.26971,35.85045
"162","10am",2.4209356,57.35877,40.220296
"163","10am",11.3387996,61.62311,27.038095
"164","10am",1.8311943,65.94775,32.22106
"165","10am",2.2815784,76.70521,21.013216
"166","10am",0.9147367,59.48299,39.602273
"167","10am",0.7044297,64.58057,34.714996
"168","10am",0,61.65934,38.34066
"101","11am",32.1023359,37.55493,30.342733
"102","11am",17.6015904,50.78718,31.611228
"103","11am",14.2452032,51.19635,34.558444
"104","11am",26.584489,42.77788,30.637631
"105","11am",25.0896057,42.70137,32.209024
"106","11am",22.3496919,42.00548,35.644833
"107","11am",12.0744741,43.02144,44.904083
"108","11am",20.5607665,62.31798,17.121253
"109","11am",23.0615574,55.20814,21.730307
"110","11am",13.9169346,34.81826,51.264801
"111","11am",17.7871114,33.74522,48.467669
"112","11am",11.1468083,51.18555,37.667642
"113","11am",23.4891839,50.67,25.840816
"114","11am",26.4747612,51.42945,22.095791
"115","11am",16.1158401,60.0846,23.799559
"116","11am",7.1429,67.46685,25.390248
"117","11am",7.2236508,58.19889,34.57746
"118","11am",25.1585392,59.94266,14.8988
"119","11am",12.9188244,62.37505,24.706124
"120","11am",6.2037387,72.47526,21.321006
"121","11am",18.7956516,51.2984,29.905945
"122","11am",13.7669034,70.63428,15.598813
"123","11am",9.2908675,61.15113,29.558005
"124","11am",10.6058851,78.69432,10.699796
"125","11am",8.1252049,58.12507,33.74973
"126","11am",11.4592642,77.12272,11.418012
"127","11am",5.6944781,66.75607,27.549456
"128","11am",8.4135935,73.95195,17.634455
"129","11am",8.549807,68.44102,23.009169
"130","11am",6.5697458,77.43376,15.996494
"131","11am",2.9937103,90.47145,6.534839
"132","11am",5.9943679,88.89163,5.114002
"133","11am",3.9033272,75.1047,20.991968
"134","11am",6.7345127,73.81942,19.446069
"135","11am",6.7803825,65.86792,27.351697
"136","11am",6.0040835,75.06676,18.929155
"137","11am",1.2343031,82.30725,16.458447
"138","11am",3.7636066,66.54708,29.689316
"139","11am",0.6921408,88.05054,11.257319
"140","11am",3.7684053,86.67232,9.559274
"141","11am",9.4691371,66.81354,23.717326
"142","11am",7.1674518,56.12522,36.707329
"143","11am",5.9749308,66.77225,27.252818
"144","11am",0.8128798,69.80325,29.383872
"145","11am",2.0388047,57.39282,40.568376
"146","11am",0,77.16931,22.830688
"147","11am",0,68.27629,31.723707
"148","11am",1.8241465,59.6833,38.492555
"149","11am",3.2538343,76.49735,20.248815
"150","11am",5.2294784,57.69199,37.078533
"151","11am",13.6755651,62.80054,23.523897
"152","11am",2.0526003,73.38779,24.559614
"153","11am",1.5167671,70.20129,28.281941
"154","11am",0,51.39384,48.60616
"155","11am",1.1773252,54.78491,44.037765
"156","11am",4.248225,60.97275,34.77903
"157","11am",7.6007603,66.37126,26.027977
"158","11am",0.7674123,77.53668,21.695905
"159","11am",3.1130336,74.35867,22.528301
"160","11am",1.1049901,55.00634,43.888671
"161","11am",1.7723459,62.32178,35.905877
"162","11am",2.446228,62.01742,35.536356
"163","11am",10.8050133,58.2897,30.905291
"164","11am",1.7192075,71.61785,26.662946
"165","11am",2.2100527,76.29227,21.497677
"166","11am",0.9115476,58.5828,40.505652
"167","11am",0.6738764,67.11897,32.207149
"168","11am",0,63.60028,36.399723
"101","12am",25.6854152,29.75637,44.558211
"102","12am",15.5853758,49.12507,35.28955
"103","12am",18.9325766,44.15965,36.907772
"104","12am",22.6846313,38.12655,39.188818
"105","12am",22.403983,42.58944,35.006572
"106","12am",15.5705043,36.00627,48.423225
"107","12am",10.4309708,41.57721,47.99182
"108","12am",14.7818807,65.63774,19.580375
"109","12am",20.591863,54.90236,24.505778
"110","12am",12.2636392,33.33063,54.405734
"111","12am",14.321136,28.49954,57.179324
"112","12am",10.265616,45.43662,44.297768
"113","12am",18.2295299,45.45013,36.320337
"114","12am",27.7474697,47.64206,24.610471
"115","12am",16.8681132,56.68062,26.451271
"116","12am",11.3957529,56.92893,31.675315
"117","12am",8.0800458,52.8935,39.026451
"118","12am",20.8639465,59.23224,19.903814
"119","12am",13.4772935,61.62872,24.893991
"120","12am",6.9106098,71.95058,21.138805
"121","12am",16.6611841,52.68784,30.650973
"122","12am",10.5497061,70.64306,18.807237
"123","12am",11.22935,58.31615,30.454502
"124","12am",8.9520644,79.28311,11.764821
"125","12am",6.3849112,57.57656,36.038527
"126","12am",11.7344121,74.9,13.365587
"127","12am",5.8738474,67.81748,26.308669
"128","12am",5.1713956,75.35477,19.473838
"129","12am",9.2329291,72.56334,18.203729
"130","12am",4.1956826,78.61941,17.18491
"131","12am",2.3328771,90.4627,7.204419
"132","12am",5.4999376,88.87348,5.626587
"133","12am",2.9307185,80.27706,16.792222
"134","12am",6.7754915,71.1612,22.063304
"135","12am",9.3317097,69.41237,21.255918
"136","12am",7.1460901,75.76199,17.091921
"137","12am",1.1451789,83.58477,15.270046
"138","12am",2.030111,70.13703,27.832863
"139","12am",0.69335,86.49894,12.80771
"140","12am",3.7597334,86.70299,9.537276
"141","12am",3.6820773,66.08901,30.22891
"142","12am",7.2113385,54.87072,37.917937
"143","12am",3.571922,69.00549,27.422589
"144","12am",0.7956045,67.3764,31.827997
"145","12am",1.9877106,59.07137,38.940923
"146","12am",0,77.56488,22.43512
"147","12am",0,71.12246,28.877541
"148","12am",1.6865831,60.49318,37.82024
"149","12am",1.8250331,77.37377,20.801192
"150","12am",4.9909997,62.28548,32.723517
"151","12am",10.4363147,61.496,28.067684
"152","12am",4.3274334,69.86193,25.810641
"153","12am",0.5526899,70.22552,29.221788
"154","12am",0,51.78011,48.219892
"155","12am",4.3892531,57.17763,38.433116
"156","12am",2.0690895,55.12366,42.807254
"157","12am",5.0668879,65.0378,29.895309
"158","12am",0.7626854,76.91236,22.324953
"159","12am",3.0136105,75.17759,21.8088
"160","12am",5.5848983,54.05689,40.358207
"161","12am",1.0143015,59.55598,39.429723
"162","12am",2.2999098,65.32543,32.374656
"163","12am",9.6095616,54.38214,36.0083
"164","12am",0.5465842,69.30553,30.147882
"165","12am",1.2026465,73.78339,25.013959
"166","12am",0.8455662,57.26923,41.8852
"167","12am",0.6678967,68.2031,31.129004
"168","12am",0,63.37812,36.62188
"101","1pm",24.5963791,27.06615,48.337467
"102","1pm",17.4639467,41.883,40.653054
"103","1pm",11.8372465,55.64364,32.519111
"104","1pm",24.0590189,38.60019,37.340789
"105","1pm",18.9969989,42.70895,38.294048
"106","1pm",20.0473188,36.49055,43.462128
"107","1pm",15.0862493,39.05637,45.857379
"108","1pm",19.7170828,60.33859,19.944326
"109","1pm",18.4881672,57.11368,24.398155
"110","1pm",7.640335,35.79589,56.563776
"111","1pm",12.0216714,30.43464,57.543693
"112","1pm",7.7363182,45.06197,47.201707
"113","1pm",18.9364565,47.06745,33.996091
"114","1pm",26.3091128,49.19057,24.500313
"115","1pm",11.6618068,62.29441,26.043779
"116","1pm",11.4984206,65.36271,23.138872
"117","1pm",5.2729955,56.55814,38.168863
"118","1pm",22.9582555,58.39959,18.642156
"119","1pm",12.705764,61.76499,25.529244
"120","1pm",8.7976705,71.51268,19.68965
"121","1pm",9.6357395,59.30374,31.060525
"122","1pm",10.0267045,72.7819,17.191397
"123","1pm",10.382615,63.25905,26.358332
"124","1pm",12.0244102,75.52244,12.453154
"125","1pm",10.6270743,53.87316,35.499761
"126","1pm",11.9812746,75.3132,12.705525
"127","1pm",8.7893353,64.88754,26.323124
"128","1pm",3.691637,81.94617,14.362196
"129","1pm",7.1769934,71.78405,21.038954
"130","1pm",4.4303335,77.96882,17.600843
"131","1pm",3.8736408,86.3315,9.794859
"132","1pm",3.7293263,91.47595,4.794726
"133","1pm",0,81.20628,18.79372
"134","1pm",5.3343557,73.77926,20.886389
"135","1pm",11.4754632,61.90052,26.624015
"136","1pm",6.522038,78.43956,15.038402
"137","1pm",1.1357888,85.04361,13.820604
"138","1pm",3.5126834,66.22276,30.264552
"139","1pm",0.7287785,85.22946,14.041757
"140","1pm",2.6683301,87.62446,9.70721
"141","1pm",0.9551717,67.49357,31.551256
"142","1pm",7.8548571,59.80563,32.339509
"143","1pm",6.129699,65.89495,27.975349
"144","1pm",0.8073714,67.34819,31.844443
"145","1pm",1.8685286,60.34145,37.790017
"146","1pm",0,79.19396,20.806045
"147","1pm",0,71.58075,28.419252
"148","1pm",1.6965137,60.26056,38.042925
"149","1pm",3.1243337,78.16129,18.714376
"150","1pm",5.81248,58.5632,35.624318
"151","1pm",10.8009518,59.19338,30.005664
"152","1pm",3.1843813,72.22674,24.588874
"153","1pm",1.1314792,68.58141,30.287111
"154","1pm",0,52.76574,47.23426
"155","1pm",2.9545472,56.15545,40.890003
"156","1pm",0.8056168,58.15464,41.039739
"157","1pm",4.7946864,62.32545,32.879861
"158","1pm",0,78.40555,21.594455
"159","1pm",3.0251463,75.08257,21.892281
"160","1pm",4.566646,53.52899,41.904361
"161","1pm",1.0680517,58.3213,40.61065
"162","1pm",3.9995869,60.55428,35.44613
"163","1pm",10.1920655,58.21179,31.596148
"164","1pm",3.218234,67.55419,29.227571
"165","1pm",1.9887148,79.54987,18.461415
"166","1pm",0.8645559,53.17605,45.959395
"167","1pm",0.6913941,65.88036,33.428248
"168","1pm",1.242851,62.90382,35.853328
"101","2pm",25.3141088,25.70655,48.97934
"102","2pm",14.3936657,44.66249,40.943845
"103","2pm",12.0896762,57.35128,30.55904
"104","2pm",22.296443,42.95443,34.749131
"105","2pm",17.4212907,45.0055,37.573211
"106","2pm",21.3112377,41.74731,36.941448
"107","2pm",15.4421302,36.04767,48.510198
"108","2pm",20.360746,63.70969,15.929565
"109","2pm",15.7332385,60.63308,23.633682
"110","2pm",6.8749874,38.91116,54.21385
"111","2pm",12.4759206,32.54544,54.978638
"112","2pm",7.6244189,44.06467,48.310916
"113","2pm",20.4400707,45.44362,34.116313
"114","2pm",25.0061269,52.23958,22.75429
"115","2pm",9.9108105,62.61164,27.477548
"116","2pm",10.710149,67.63323,21.656618
"117","2pm",7.6329524,56.75101,35.616033
"118","2pm",22.3732208,59.07545,18.551329
"119","2pm",10.8755392,64.06384,25.060623
"120","2pm",12.4894883,67.0456,20.464915
"121","2pm",10.0734661,59.96116,29.965371
"122","2pm",9.0409626,73.83662,17.122419
"123","2pm",8.5939348,63.62935,27.776713
"124","2pm",12.0979241,77.00823,10.89385
"125","2pm",11.3846579,50.06796,38.547385
"126","2pm",8.1690378,77.76887,14.06209
"127","2pm",9.6434189,65.81019,24.546392
"128","2pm",4.278595,78.87372,16.847682
"129","2pm",4.8921588,69.19891,25.908936
"130","2pm",3.1444289,78.77469,18.08088
"131","2pm",3.9931673,85.13546,10.871371
"132","2pm",1.9476787,92.54166,5.510657
"133","2pm",0,83.10532,16.894682
"134","2pm",5.7724083,71.92832,22.299268
"135","2pm",11.5979571,65.5685,22.833539
"136","2pm",9.3841952,77.56968,13.046128
"137","2pm",0,85.70548,14.294517
"138","2pm",3.4687905,68.89461,27.636604
"139","2pm",0.7638445,87.80363,11.432524
"140","2pm",0,87.78727,12.212731
"141","2pm",0,68.38208,31.617924
"142","2pm",7.196718,61.314,31.489278
"143","2pm",7.5828694,64.4837,27.93343
"144","2pm",4.830051,64.33727,30.832677
"145","2pm",1.8189619,62.99473,35.186309
"146","2pm",0.7467668,78.67146,20.581775
"147","2pm",0,68.89357,31.106429
"148","2pm",1.6801198,65.00251,33.317374
"149","2pm",3.0166033,78.25884,18.724555
"150","2pm",0,63.38558,36.614423
"151","2pm",12.3858623,57.9204,29.693737
"152","2pm",1.5392225,74.09389,24.366892
"153","2pm",0.6628846,62.35605,36.981066
"154","2pm",0,55.9443,44.055699
"155","2pm",2.1014215,59.01468,38.883894
"156","2pm",1.6533739,59.69925,38.647376
"157","2pm",4.709345,62.42922,32.861434
"158","2pm",0,79.23093,20.769065
"159","2pm",2.9608645,74.38862,22.650514
"160","2pm",4.8035903,53.9413,41.255106
"161","2pm",1.0708419,60.54954,38.379614
"162","2pm",1.7127522,63.35033,34.936923
"163","2pm",9.527916,60.44718,30.024903
"164","2pm",3.2403951,70.25117,26.508435
"165","2pm",1.1394319,77.6051,21.255467
"166","2pm",0.8758177,56.28156,42.842621
"167","2pm",1.5428598,66.11711,32.340028
"168","2pm",1.3500304,63.5844,35.065566
"101","3pm",25.2941404,23.51664,51.189218
"102","3pm",13.9006806,46.88419,39.21513
"103","3pm",12.2509256,63.22098,24.528098
"104","3pm",24.8096636,42.16548,33.02486
"105","3pm",14.183176,42.67466,43.142168
"106","3pm",20.9683899,41.69902,37.332594
"107","3pm",14.3433046,38.56544,47.091254
"108","3pm",13.7722113,71.83994,14.387848
"109","3pm",10.7224846,64.52951,24.748
"110","3pm",10.7111813,40.26003,49.028789
"111","3pm",12.4228375,32.45912,55.118045
"112","3pm",9.2033403,46.00715,44.789512
"113","3pm",21.2274908,42.61208,36.160431
"114","3pm",23.5565302,52.66507,23.778405
"115","3pm",8.340701,60.25258,31.406718
"116","3pm",11.044147,67.10523,21.850622
"117","3pm",8.4898542,56.69333,34.816819
"118","3pm",22.4376864,58.93493,18.627388
"119","3pm",10.8836525,62.77842,26.337931
"120","3pm",14.2947567,69.00468,16.700559
"121","3pm",9.9160999,56.73628,33.347618
"122","3pm",5.6738651,74.7464,19.579736
"123","3pm",9.7126847,59.7631,30.52422
"124","3pm",14.1274428,77.38949,8.483066
"125","3pm",14.168343,51.69589,34.135765
"126","3pm",9.8936646,74.76631,15.340023
"127","3pm",12.9531266,61.66342,25.383452
"128","3pm",5.5800796,76.53714,17.882779
"129","3pm",5.6415701,72.74783,21.610596
"130","3pm",3.821484,78.49677,17.681747
"131","3pm",3.4858462,86.2964,10.217749
"132","3pm",4.904898,90.53826,4.556846
"133","3pm",0,91.18187,8.818127
"134","3pm",4.760086,74.50361,20.7363
"135","3pm",12.8614671,65.51881,21.619718
"136","3pm",7.2634811,81.13479,11.601733
"137","3pm",1.4644773,83.67853,14.856992
"138","3pm",3.033601,72.45673,24.509671
"139","3pm",0.6906796,85.94795,13.361371
"140","3pm",4.5577955,82.72305,12.719154
"141","3pm",1.8572894,66.44212,31.700591
"142","3pm",7.7761095,55.67509,36.548797
"143","3pm",6.3085048,66.70883,26.982664
"144","3pm",4.5799302,65.44406,29.976012
"145","3pm",0,65.10097,34.89903
"146","3pm",0.8028025,75.28239,23.914809
"147","3pm",0,68.01077,31.989233
"148","3pm",2.0980129,63.48909,34.412893
"149","3pm",1.8368058,81.21383,16.949365
"150","3pm",0,66.33993,33.66007
"151","3pm",10.8828424,54.9303,34.186853
"152","3pm",2.5771936,74.88351,22.539301
"153","3pm",0.6624298,61.05834,38.279227
"154","3pm",1.2100441,61.56045,37.22951
"155","3pm",2.0064876,64.20779,33.785722
"156","3pm",2.2832331,56.83426,40.882505
"157","3pm",6.0728202,59.61522,34.311956
"158","3pm",1.4827096,76.8027,21.714592
"159","3pm",0,75.15151,24.848494
"160","3pm",4.7352479,55.51494,39.749808
"161","3pm",1.0568216,64.04631,34.896866
"162","3pm",1.5805088,65.22663,33.192864
"163","3pm",9.0345552,61.43875,29.526698
"164","3pm",3.8716384,67.53652,28.591844
"165","3pm",1.2252041,77.55943,21.215371
"166","3pm",0.885531,55.79435,43.320124
"167","3pm",1.5856013,59.07688,39.337518
"168","3pm",1.2948627,62.85765,35.847489
"101","4pm",23.4341029,21.92724,54.638654
"102","4pm",11.2898062,49.98681,38.723381
"103","4pm",16.6087192,56.57979,26.811493
"104","4pm",29.0392548,40.60008,30.360661
"105","4pm",15.1140715,45.66456,39.221367
"106","4pm",19.1367216,37.45831,43.404964
"107","4pm",14.9913096,28.95224,56.056451
"108","4pm",11.8115356,67.8174,20.371065
"109","4pm",11.8186323,62.20655,25.97482
"110","4pm",10.5489538,38.9998,50.451244
"111","4pm",12.7595128,27.79818,59.44231
"112","4pm",9.1710496,48.68635,42.142598
"113","4pm",22.2364875,39.73497,38.028542
"114","4pm",18.4209202,56.93662,24.642464
"115","4pm",10.0184361,60.85451,29.127054
"116","4pm",11.7387674,60.36895,27.892281
"117","4pm",9.4758501,53.36217,37.16198
"118","4pm",22.3939421,55.36605,22.240005
"119","4pm",10.6932085,61.88493,27.421866
"120","4pm",10.3021366,73.00448,16.693382
"121","4pm",12.759073,50.01197,37.228955
"122","4pm",7.4912362,73.49561,19.013158
"123","4pm",9.8828947,62.06673,28.050375
"124","4pm",17.5473114,71.59547,10.857221
"125","4pm",15.4578093,55.44448,29.097714
"126","4pm",10.5724455,74.30721,15.120349
"127","4pm",13.0689206,62.49464,24.436439
"128","4pm",8.0376075,70.68052,21.281876
"129","4pm",5.8056015,74.5988,19.595597
"130","4pm",5.3332596,73.65564,21.011103
"131","4pm",4.7995077,84.42558,10.774913
"132","4pm",6.3403383,88.78567,4.873994
"133","4pm",0,88.77734,11.222656
"134","4pm",11.6231295,74.3117,14.065168
"135","4pm",10.9824795,66.75936,22.258158
"136","4pm",10.5934608,76.12271,13.28383
"137","4pm",4.2399284,81.51354,14.24653
"138","4pm",7.5225689,66.65769,25.819743
"139","4pm",0.6612082,91.2892,8.049589
"140","4pm",6.0804613,84.29441,9.625126
"141","4pm",1.7803973,60.41942,37.800184
"142","4pm",7.3864964,57.98155,34.631949
"143","4pm",5.4690433,70.9671,23.563856
"144","4pm",4.7876078,64.42339,30.788997
"145","4pm",0,57.97539,42.024606
"146","4pm",0.7710019,71.69377,27.535223
"147","4pm",4.6976525,65.02024,30.282106
"148","4pm",0.902238,66.26299,32.834768
"149","4pm",2.0722139,75.41588,22.511907
"150","4pm",5.7168348,57.89419,36.388976
"151","4pm",11.9152165,58.0957,29.989084
"152","4pm",1.8800994,71.38427,26.735633
"153","4pm",2.4572007,59.41594,38.126856
"154","4pm",1.1102239,64.17201,34.717762
"155","4pm",2.312393,65.98893,31.698674
"156","4pm",3.6458193,55.95407,40.400107
"157","4pm",6.784658,60.3008,32.914546
"158","4pm",1.4505548,76.47412,22.075328
"159","4pm",0,75.9678,24.032198
"160","4pm",5.4952478,60.60329,33.901458
"161","4pm",0,72.2858,27.714199
"162","4pm",0.5587072,66.07302,33.368275
"163","4pm",7.4193947,59.69548,32.885125
"164","4pm",6.0992173,58.19906,35.701723
"165","4pm",1.9212992,77.40252,20.67618
"166","4pm",0.833125,56.68653,42.480345
"167","4pm",1.9975991,58.30824,39.694162
"168","4pm",1.1641797,65.74196,33.093859
"101","5pm",23.3393766,23.54609,53.114536
"102","5pm",10.8438311,48.64117,40.515002
"103","5pm",26.0269033,47.12531,26.847789
"104","5pm",22.1956337,46.85892,30.945451
"105","5pm",18.7510096,37.91583,43.333165
"106","5pm",14.711766,37.40444,47.883796
"107","5pm",15.2776181,32.51032,52.212058
"108","5pm",13.0256643,67.94158,19.032754
"109","5pm",18.0923009,52.92581,28.981885
"110","5pm",8.415274,39.78143,51.803295
"111","5pm",13.420773,25.06053,61.518694
"112","5pm",12.4644009,43.58167,43.953933
"113","5pm",23.4576418,40.13247,36.40989
"114","5pm",15.6113471,66.2056,18.183054
"115","5pm",16.8854483,56.74185,26.372702
"116","5pm",13.2360726,63.6178,23.146128
"117","5pm",8.4493402,54.38341,37.167253
"118","5pm",25.4936601,52.02645,22.479889
"119","5pm",8.4287202,63.75756,27.813724
"120","5pm",8.6519696,73.0548,18.293234
"121","5pm",16.8155082,45.83197,37.352521
"122","5pm",7.695506,72.93678,19.367718
"123","5pm",15.2611799,52.85648,31.882344
"124","5pm",12.3281669,79.41738,8.254455
"125","5pm",18.3105868,49.1481,32.541312
"126","5pm",10.8886529,74.0048,15.106543
"127","5pm",9.8729257,67.84597,22.281102
"128","5pm",7.2939822,70.02746,22.678554
"129","5pm",11.2892732,72.75718,15.953543
"130","5pm",8.5705668,76.1597,15.269736
"131","5pm",5.7438394,84.05822,10.197936
"132","5pm",8.3048783,84.63904,7.056083
"133","5pm",2.5014512,91.41629,6.082261
"134","5pm",12.6180254,73.96801,13.413962
"135","5pm",5.1506208,74.55153,20.297848
"136","5pm",11.0409948,77.75253,11.206475
"137","5pm",7.1949331,81.29054,11.514527
"138","5pm",7.9883268,66.88028,25.131397
"139","5pm",1.4498966,86.2892,12.260904
"140","5pm",8.8634622,83.04354,8.092998
"141","5pm",8.3297398,62.80581,28.864449
"142","5pm",6.1522058,66.42652,27.421276
"143","5pm",6.6372526,66.55511,26.807634
"144","5pm",7.6437015,68.20598,24.150322
"145","5pm",3.4489886,59.99292,36.558088
"146","5pm",3.611937,72.56014,23.827927
"147","5pm",4.2319981,68.48761,27.280395
"148","5pm",0.8263836,68.30417,30.869444
"149","5pm",6.2918113,69.81545,23.892734
"150","5pm",5.6646442,61.65179,32.683566
"151","5pm",9.5074237,62.92374,27.568839
"152","5pm",7.1081837,63.03838,29.853437
"153","5pm",4.5480222,61.05232,34.399653
"154","5pm",3.4326503,67.24918,29.31817
"155","5pm",6.0656356,64.10974,29.824622
"156","5pm",9.1482853,54.86714,35.984573
"157","5pm",13.0471397,64.3376,22.615261
"158","5pm",2.9688342,76.75724,20.273929
"159","5pm",7.8975791,73.19289,18.909534
"160","5pm",5.8733684,66.0152,28.111436
"161","5pm",2.3954129,75.65276,21.951825
"162","5pm",4.4492656,59.75197,35.798766
"163","5pm",4.5188953,62.33284,33.148265
"164","5pm",9.6811547,57.04732,33.271524
"165","5pm",3.1140521,77.7763,19.109645
"166","5pm",1.038297,61.22772,37.733982
"167","5pm",4.8964951,60.24137,34.862135
"168","5pm",1.1063056,71.05022,27.84347
"101","6pm",16.565258,25.21912,58.21562
"102","6pm",9.766062,46.84775,43.386192
"103","6pm",30.606199,37.98106,31.412743
"104","6pm",19.622588,49.10686,31.27055
"105","6pm",26.545143,38.11648,35.33838
"106","6pm",9.653262,32.67203,57.67471
"107","6pm",13.321467,35.08821,51.590318
"108","6pm",19.234085,65.34891,15.417005
"109","6pm",23.998611,45.85505,30.146335
"110","6pm",8.026137,42.04802,49.925845
"111","6pm",14.735419,28.21971,57.044872
"112","6pm",13.110606,35.49967,51.389724
"113","6pm",23.485338,41.82192,34.692745
"114","6pm",10.442484,70.23285,19.324665
"115","6pm",17.322208,54.80107,27.876723
"116","6pm",19.196909,57.94691,22.856177
"117","6pm",15.022886,47.524,37.453116
"118","6pm",23.312659,54.37774,22.309599
"119","6pm",12.576321,61.93236,25.491321
"120","6pm",11.491359,69.68954,18.819102
"121","6pm",15.659575,48.70748,35.632947
"122","6pm",9.863415,66.65798,23.478604
"123","6pm",16.291012,50.80742,32.901565
"124","6pm",12.438819,79.93115,7.630034
"125","6pm",18.535536,50.73649,30.727975
"126","6pm",12.259467,74.60051,13.140018
"127","6pm",12.242108,71.33691,16.420982
"128","6pm",10.923898,70.79166,18.28444
"129","6pm",16.341338,72.14111,11.517556
"130","6pm",11.451213,72.34045,16.208339
"131","6pm",6.258711,83.77491,9.966379
"132","6pm",8.979128,83.43629,7.584582
"133","6pm",4.732014,90.6456,4.622381
"134","6pm",12.513272,75.41573,12.070996
