"district","hour","occ1","occ2","occ3","occ4","occ5"
"101","4am",43.79787,29.600307,7.2482154,16.12764,3.2259632
"102","4am",44.50034,24.131711,12.4128733,14.57296,4.3821098
"103","4am",44.16604,31.153659,6.0356645,15.94176,2.7028751
"104","4am",55.02763,15.015686,10.7340979,16.8546,2.3679862
"105","4am",51.23372,24.802288,5.8504754,15.96966,2.1438572
"106","4am",49.102,31.666804,6.4759319,10.51418,2.2410862
"107","4am",47.0238,28.246567,1.5810068,18.88277,4.2658573
"108","4am",53.62343,14.845624,6.0774961,23.92534,1.5281133
"109","4am",32.55855,10.769851,24.0014468,20.22143,12.448725
"110","4am",44.71958,37.564621,3.6663046,12.13058,1.9189141
"111","4am",45.0821,36.778012,5.2846734,11.33913,1.5160834
"112","4am",43.952,25.557074,10.2514354,18.34104,1.8984456
"113","4am",45.03467,26.851352,9.7702087,15.68825,2.6555218
"114","4am",45.40671,10.662262,8.9131071,26.47941,8.5385073
"115","4am",46.81206,7.876379,8.8532015,30.23033,6.2280227
"116","4am",51.84531,17.691488,6.180393,17.89544,6.3873685
"117","4am",36.21112,21.926822,11.7985241,24.45654,5.606992
"118","4am",40.31218,38.976061,2.3788388,13.69779,4.6351272
"119","4am",39.45558,20.068316,5.0046645,29.6507,5.8207417
"120","4am",41.57501,9.913044,6.4631547,38.45528,3.5935112
"121","4am",42.21521,21.938922,7.0609689,22.63206,6.1528398
"122","4am",26.86649,10.375596,26.2487948,24.83245,11.6766725
"123","4am",45.42301,17.476173,11.1163237,19.44373,6.540763
"124","4am",57.07092,10.072175,7.9294267,22.02493,2.9025452
"125","4am",46.82553,9.463829,6.961438,29.03051,7.7186962
"126","4am",51.51444,9.108841,5.768627,28.64659,4.9614956
"127","4am",51.30427,8.423546,6.6164175,31.69176,1.9640069
"128","4am",47.39281,9.768496,6.0877378,28.50511,8.245843
"129","4am",54.2011,10.397936,3.5919114,30.82495,0.9841015
"130","4am",58.08214,13.970986,3.8204878,22.52532,1.6010689
"131","4am",58.38731,15.130795,4.2046883,21.4663,0.8109111
"132","4am",60.59254,9.375788,4.2078582,22.24981,3.5740026
"133","4am",59.90524,10.857892,2.2694511,22.50013,4.4672875
"134","4am",54.1411,7.464397,5.0203063,29.99854,3.3756487
"135","4am",53.4322,6.421714,6.0756499,26.09093,7.9794992
"136","4am",50.15169,8.189904,8.6994284,27.8821,5.0768791
"137","4am",51.38828,8.125105,10.2446344,23.82392,6.4180594
"138","4am",51.86419,6.52194,5.5196404,30.39334,5.7008928
"139","4am",54.53291,6.462382,5.2279917,30.20059,3.5761335
"140","4am",49.05148,10.198684,2.463299,31.60503,6.6815067
"141","4am",50.39608,9.236536,8.0829891,26.48163,5.8027597
"142","4am",53.07054,3.038259,14.5440029,23.05799,6.2892048
"143","4am",51.99104,8.528925,10.155672,24.62565,4.6987119
"144","4am",55.73803,8.726355,4.8350367,26.79648,3.9040938
"145","4am",56.26705,9.010258,7.1503515,26.33727,1.2350732
"146","4am",52.55383,16.437979,4.561164,23.85935,2.5876829
"147","4am",54.53309,8.244022,3.5773146,28.36228,5.2832915
"148","4am",62.20283,7.690689,1.5293023,26.00538,2.5717901
"149","4am",60.78703,8.469571,5.0698626,22.57877,3.0947576
"150","4am",56.50408,6.141429,7.3152911,25.75034,4.2888583
"151","4am",54.7907,10.83344,3.0391397,24.84879,6.4879368
"152","4am",53.02464,13.126542,4.4274794,23.44685,5.9744838
"153","4am",61.03906,5.754788,4.6032485,22.46626,6.1366386
"154","4am",59.65594,4.87058,5.0837794,25.32674,5.0629521
"155","4am",50.41592,12.253067,5.8487856,25.51549,5.9667442
"156","4am",51.82453,12.578519,4.0737295,25.14285,6.3803688
"157","4am",50.04578,9.736802,13.5331027,23.93712,2.7471924
"158","4am",54.13753,8.120646,4.8843797,27.31784,5.5395985
"159","4am",61.80458,8.212389,1.7570038,24.76193,3.4641005
"160","4am",60.73175,11.409496,1.8956713,24.58267,1.3804074
"161","4am",59.76195,9.625171,1.0604991,26.27424,3.2781368
"162","4am",57.72277,9.986678,0.5431705,25.91272,5.8346588
"163","4am",54.60635,8.466286,4.2077989,27.94088,4.778688
"164","4am",45.61565,8.939427,7.1973658,31.69699,6.5505592
"165","4am",46.05222,13.683449,4.7466716,33.63725,1.880416
"166","4am",50.96367,7.669942,2.9331127,33.52097,4.9123022
"167","4am",43.39277,6.637444,8.923307,33.63242,7.4140547
"168","4am",42.71195,8.500875,4.910338,36.84996,7.0268748
"101","5am",44.12546,29.427775,7.2059677,16.03364,3.20716
"102","5am",47.01253,23.039392,11.8510063,13.91332,4.1837542
"103","5am",43.8255,31.343672,6.0724773,16.03899,2.7193605
"104","5am",55.90552,14.722571,10.5245617,16.52558,2.3217617
"105","5am",51.23372,24.802288,5.8504754,15.96966,2.1438572
"106","5am",48.89167,31.797659,6.5026921,10.55763,2.250347
"107","5am",47.04394,27.958957,1.5981063,19.087,4.311995
"108","5am",52.15144,15.316822,6.270395,24.68473,1.5766155
"109","5am",31.4065,10.953824,24.4114437,20.56685,12.6613763
"110","5am",45.47323,36.815981,3.6652673,12.12715,1.9183712
"111","5am",45.56405,36.455256,5.2382962,11.23962,1.5027786
"112","5am",43.6201,25.708419,10.3121428,18.44965,1.9096879
"113","5am",44.30363,27.208475,9.9001527,15.8969,2.6908403
"114","5am",47.04164,10.342955,8.6461828,25.68642,8.2828012
"115","5am",46.14011,7.975886,8.9650483,30.61225,6.3067043
"116","5am",51.09552,17.966951,6.2766241,18.17408,6.4868221
"117","5am",35.301,22.239668,11.9668621,24.80548,5.6869909
"118","5am",41.84462,37.975379,2.3177639,13.34611,4.5161237
"119","5am",40.2344,19.810165,4.9402865,29.26929,5.745866
"120","5am",40.44886,10.10412,6.5877335,39.19651,3.6627769
"121","5am",42.59512,21.79468,7.0145452,22.48327,6.1123868
"122","5am",27.3282,11.275833,25.6791543,24.29355,11.4232702
"123","5am",45.42301,17.476173,11.1163237,19.44373,6.540763
"124","5am",56.51385,10.202876,8.0323232,22.31074,2.9402101
"125","5am",46.82553,9.463829,6.961438,29.03051,7.7186962
"126","5am",51.86419,8.640256,5.7860375,28.73305,4.9764701
"127","5am",51.92444,8.316266,6.5321524,31.28814,1.9389938
"128","5am",46.59441,9.916749,6.1801293,28.93773,8.3709873
"129","5am",53.70913,10.509631,3.6304957,31.15607,0.9946728
"130","5am",56.41627,14.526212,3.972319,23.42051,1.6646975
"131","5am",58.11715,15.229027,4.231986,21.60566,0.8161757
"132","5am",61.52088,9.154918,4.1087317,21.72566,3.4898081
"133","5am",59.90524,10.857892,2.2694511,22.50013,4.4672875
"134","5am",52.34842,7.75619,5.2165569,31.17123,3.5076074
"135","5am",53.57197,6.402441,6.0574154,26.01263,7.9555508
"136","5am",49.58606,8.282836,8.7981418,28.19848,5.134487
"137","5am",50.89306,8.207876,10.3489976,24.06662,6.4834409
"138","5am",51.28724,6.600112,5.5857989,30.75763,5.7692238
"139","5am",55.2695,5.768079,5.2223232,30.16784,3.572256
"140","5am",48.24157,10.360809,2.5024571,32.10744,6.7877201
"141","5am",50.40207,9.235422,8.0820141,26.47844,5.8020597
"142","5am",53.07054,3.038259,14.5440029,23.05799,6.2892048
"143","5am",50.08369,8.86777,10.5591462,25.60401,4.8853868
"144","5am",55.23222,8.826078,4.8902904,27.10271,3.9487089
"145","5am",55.96226,9.073054,7.200185,26.52082,1.2436809
"146","5am",52.77037,16.362955,4.5403465,23.75045,2.5758725
"147","5am",54.83731,8.18886,3.5533782,28.17251,5.2479402
"148","5am",61.41737,7.850509,1.5610827,26.5458,2.6252344
"149","5am",61.78963,8.253021,4.9402361,22.00148,3.0156307
"150","5am",55.72254,6.251779,7.4467333,26.21303,4.3659211
"151","5am",54.38196,10.931384,3.0666163,25.07344,6.5465937
"152","5am",51.75189,13.482194,4.5474381,24.08212,6.1363572
"153","5am",61.03906,5.754788,4.6032485,22.46626,6.1366386
"154","5am",59.10583,4.936994,5.1530998,25.67209,5.1319886
"155","5am",49.15808,12.5639,5.9971561,26.16276,6.118107
"156","5am",51.82453,12.578519,4.0737295,25.14285,6.3803688
"157","5am",49.58207,9.827186,13.6587261,24.15932,2.7726937
"158","5am",53.30588,8.267902,4.9729512,27.81321,5.6400515
"159","5am",61.70546,8.233701,1.7615633,24.82619,3.47309
"160","5am",60.09202,11.962705,1.9015585,24.65902,1.3846944
"161","5am",59.76195,9.625171,1.0604991,26.27424,3.2781368
"162","5am",57.11721,10.129723,0.5509506,26.28388,5.918232
"163","5am",54.3745,8.822258,4.1936546,27.84696,4.7626248
"164","5am",45.19716,9.008216,7.2527498,31.9409,6.600966
"165","5am",46.02724,13.293858,4.7955435,33.98358,1.8997769
"166","5am",49.86259,7.924198,3.0303444,35.29176,3.8911023
"167","5am",42.08612,6.790655,9.1292822,34.40876,7.5851921
"168","5am",43.34681,8.487551,4.9026416,36.24713,7.015861
"101","6am",44.39862,29.922273,6.5021789,15.98042,3.1965144
"102","6am",46.53082,23.248845,11.9587444,14.03981,4.2217889
"103","6am",44.48739,30.974356,6.0009266,15.85,2.6873188
"104","6am",55.25915,14.938387,10.6788396,16.76783,2.355796
"105","6am",49.26748,25.802307,6.0863643,16.61355,2.2302967
"106","6am",48.40275,32.274281,6.5068354,10.56436,2.2517808
"107","6am",44.45156,28.919115,1.7024575,20.33332,4.5935542
"108","6am",49.97812,16.012523,6.5552008,25.80593,1.6482265
"109","6am",31.52937,9.741258,25.3147276,20.68224,12.7324091
"110","6am",45.16848,37.021744,3.6857523,12.19493,1.9290929
"111","6am",46.26414,35.986408,5.1709269,11.09507,1.4834515
"112","6am",44.84807,25.148481,10.0875409,18.04781,1.8680943
"113","6am",47.40714,25.692366,9.3484968,15.01109,2.5409014
"114","6am",47.96923,7.718461,8.9904638,26.70923,8.6126128
"115","6am",45.09572,8.130546,9.1388898,31.20585,6.4289978
"116","6am",51.80478,17.396446,6.3625753,17.86055,6.5756518
"117","6am",34.41052,22.545762,12.1315672,25.14689,5.7652635
"118","6am",44.714,36.10168,2.2034058,12.68762,4.293299
"119","6am",39.52314,20.045922,4.99908,29.61762,5.8142465
"120","6am",39.50908,9.437518,6.8017492,40.46989,3.7817696
"121","6am",43.29097,21.53049,6.9295165,22.21073,6.0382938
"122","6am",27.75208,12.106441,25.1544585,23.79716,11.1898613
"123","6am",46.01113,17.426747,11.1150537,18.90705,6.5400158
"124","6am",54.15942,10.755281,8.4672094,23.51869,3.0993991
"125","6am",47.3316,9.322909,6.8577795,28.88395,7.6037619
"126","6am",53.92462,9.0133,5.4875873,26.85472,4.7197783
"127","6am",50.16535,6.28656,7.154624,34.2697,2.1237672
"128","6am",43.60194,10.472414,6.5264201,30.55919,8.8400382
"129","6am",53.0343,9.026685,3.8494316,33.03493,1.0546562
"130","6am",56.17185,13.8676,4.0957669,24.14835,1.7164314
"131","6am",59.68464,14.832626,3.6445284,21.04328,0.7949313
"132","6am",63.90985,8.048414,3.9290407,20.77551,3.3371851
"133","6am",57.88808,11.404148,2.3836263,23.63211,4.692035
"134","6am",51.48528,7.896681,5.3110466,31.73585,3.5711422
"135","6am",52.209,6.142008,6.0183912,27.03474,8.5958648
"136","6am",47.44161,8.131304,9.277606,29.73519,5.4142964
"137","6am",47.90058,7.955244,11.1701327,25.97617,6.9978656
"138","6am",48.38395,5.799415,6.0770934,33.46289,6.2766513
"139","6am",54.64003,5.344935,5.3634111,30.98286,3.6687651
"140","6am",47.9442,10.420336,2.5168348,32.29191,6.8267186
"141","6am",49.23346,8.841452,8.3948976,27.50351,6.026678
"142","6am",52.65144,3.065392,14.6738875,23.26391,6.3453703
"143","6am",47.16659,10.113252,10.9891457,26.64668,5.0843341
"144","6am",49.96012,9.865486,5.466198,30.29447,4.4137307
"145","6am",54.0984,8.489257,7.7042233,28.37737,1.3307429
"146","6am",56.52942,11.918489,4.6411693,24.27785,2.6330723
"147","6am",51.25091,10.403852,3.006126,29.78989,5.5492236
"148","6am",58.12386,8.520649,1.6943409,28.81182,2.8493314
"149","6am",61.78754,8.253473,4.9405068,22.00268,3.0157959
"150","6am",54.35275,6.499214,7.7414618,26.86786,4.5387166
"151","6am",55.02636,10.776969,3.0232977,24.71926,6.4541175
"152","6am",49.71578,14.051152,4.739343,25.09841,6.3953156
"153","6am",59.2167,6.575063,4.7421646,23.14424,6.3218292
"154","6am",56.55926,4.355917,5.6013292,27.90511,5.5783816
"155","6am",47.31049,13.189252,6.2956567,27.46497,5.7396317
"156","6am",51.79635,11.196418,4.1831706,26.27229,6.551778
"157","6am",47.12671,10.305772,14.3239094,25.33589,2.9077245
"158","6am",51.58642,7.806579,5.2551792,29.39169,5.9601392
"159","6am",61.32382,8.460292,1.8100414,24.83718,3.5686693
"160","6am",58.17353,12.537787,1.9929718,25.84445,1.4512606
"161","6am",58.06941,9.286321,1.1308713,28.01774,3.4956662
"162","6am",56.44612,5.621608,0.6380719,30.44013,6.8540759
"163","6am",56.00023,7.788152,4.1262407,27.39931,4.6860645
"164","6am",44.97267,9.045118,7.2824602,32.07175,6.6280065
"165","6am",42.9938,14.041015,5.0650682,35.89356,2.0065503
"166","6am",47.69193,5.303661,3.3742888,39.29738,4.3327428
"167","6am",42.39234,4.923116,9.408092,35.45961,7.8168451
"168","6am",43.31875,4.657966,5.2953011,39.15022,7.5777711
"101","7am",48.3314,35.490741,4.6815611,9.426509,2.0697883
"102","7am",44.04945,28.917281,10.9571846,12.572962,3.5031193
"103","7am",42.86871,30.123998,6.9247342,17.723684,2.3588746
"104","7am",54.45464,14.049743,11.2855312,17.720452,2.4896347
"105","7am",49.77516,25.294812,6.2031479,16.561151,2.1657271
"106","7am",53.7221,26.752042,6.4458281,10.849362,2.2306684
"107","7am",38.20808,36.506569,1.7030967,20.520431,3.0618281
"108","7am",46.15036,16.708949,4.3103076,30.85864,1.9717447
"109","7am",38.2277,2.884768,23.9638804,22.317911,12.6057366
"110","7am",40.18663,42.018773,3.682611,12.184534,1.9274487
"111","7am",47.35889,39.599994,3.9886884,7.676742,1.3756885
"112","7am",44.46721,22.910991,10.9463596,19.642299,2.0331362
"113","7am",51.6473,24.122308,7.8449137,14.013443,2.3720309
"114","7am",38.62908,20.936966,7.958593,24.321102,8.1542562
"115","7am",47.78369,10.722846,8.1072024,27.683029,5.7032296
"116","7am",58.59576,10.855415,6.2412427,17.857331,6.4502559
"117","7am",36.6272,15.949461,11.8291791,28.727519,6.8666461
"118","7am",44.12811,39.342156,1.6708972,11.426174,3.4326626
"119","7am",36.47538,25.655765,4.6822916,27.740766,5.4458015
"120","7am",31.84926,8.320554,8.0433248,47.314776,4.4720851
"121","7am",44.12366,17.44991,7.7821529,23.04082,7.6034542
"122","7am",50.58822,8.6282,17.057925,16.137506,7.5881504
"123","7am",53.43242,13.716803,9.9867889,16.987838,5.876153
"124","7am",50.54585,9.870142,9.5528926,26.534301,3.4968105
"125","7am",48.15287,4.184315,7.5908688,31.655351,8.4165958
"126","7am",49.09964,8.08264,6.5577115,32.517575,3.7424326
"127","7am",45.34051,1.549286,7.8048067,42.661567,2.6438294
"128","7am",51.70155,4.499296,5.255908,30.112526,8.4307166
"129","7am",50.94975,3.325673,4.6953077,39.742866,1.2864069
"130","7am",56.52021,6.673768,5.138794,30.29796,1.369266
"131","7am",64.97878,8.054624,3.8567485,22.268624,0.8412199
"132","7am",69.58109,5.075845,3.5509185,18.776123,3.0160218
"133","7am",59.61657,7.83512,2.7257207,25.290105,4.5324845
"134","7am",47.7405,3.208507,6.3738557,37.863777,4.8133554
"135","7am",44.21051,7.460408,7.9821853,29.863431,10.4834615
"136","7am",50.28394,3.348745,9.6827792,31.033787,5.6507505
"137","7am",39.9568,5.79396,12.8106055,32.810368,8.6282699
"138","7am",46.40657,5.04679,5.8264962,35.972723,6.7474213
"139","7am",56.38263,2.838995,5.5628639,31.410318,3.805198
"140","7am",44.08491,7.196832,2.9449846,37.78523,7.9880416
"141","7am",49.37066,7.168218,8.7024657,28.511173,6.2474806
"142","7am",50.61701,2.541523,16.1117416,23.762593,6.9671358
"143","7am",42.51765,4.467638,13.8732841,32.955692,6.1857396
"144","7am",44.55535,5.50626,6.7947029,37.657238,5.4864439
"145","7am",49.60042,5.35547,8.4174455,34.986014,1.640652
"146","7am",52.97661,6.924274,6.182269,30.409464,3.5073835
"147","7am",42.76755,9.601209,4.0055778,38.53569,5.0899746
"148","7am",57.08725,1.94863,2.2289798,34.986723,3.7484206
"149","7am",62.14531,3.762821,5.6910386,24.92689,3.4739373
"150","7am",47.63938,2.78101,9.9358406,33.81852,5.8252518
"151","7am",49.38708,20.43321,2.5751499,22.107149,5.4974142
"152","7am",56.05634,6.949167,4.999445,25.24875,6.7462997
"153","7am",54.051,2.80327,6.1481938,28.801317,8.1962214
"154","7am",55.24624,0,6.4137565,31.952522,6.3874806
"155","7am",42.71657,9.019421,7.5616978,32.988111,7.7142025
"156","7am",51.0936,7.265519,4.6521218,29.702502,7.2862601
"157","7am",38.93277,23.901757,13.4052662,21.157823,2.6023878
"158","7am",47.66724,3.379114,6.3353648,35.433056,7.1852271
"159","7am",53.5857,4.608293,2.5043311,34.364146,4.9375277
"160","7am",56.37106,6.264226,2.5425124,32.970775,1.8514301
"161","7am",53.09065,4.097335,1.5391949,36.514977,4.7578461
"162","7am",49.31522,4.332172,0.7931183,37.039926,8.5195626
"163","7am",52.4017,14.828917,3.7340048,24.794765,4.2406124
"164","7am",44.18662,6.326941,7.7928004,34.601154,7.0924838
"165","7am",40.89715,5.594536,6.4296996,44.531455,2.5471554
"166","7am",41.88031,4.27529,3.8653085,45.015857,4.9632349
"167","7am",44.27541,3.02241,8.6219548,36.118196,7.9620272
"168","7am",41.27716,3.15025,5.6565742,41.821249,8.0947663
"101","8am",53.82008,31.027782,5.191855,8.152912,1.8073685
"102","8am",46.73978,28.228602,8.5345493,12.914515,3.5825522
"103","8am",40.58315,25.50786,8.9262818,21.495623,3.48709
"104","8am",54.6605,16.680478,9.3803581,16.685082,2.5935807
"105","8am",49.16401,28.5939,5.1998409,14.683386,2.358863
"106","8am",55.84257,22.682767,5.8085116,13.234929,2.4312253
"107","8am",35.54393,37.973814,1.7993433,21.448057,3.2348603
"108","8am",35.35193,19.839801,7.4175708,35.16832,2.2223821
"109","8am",43.87242,6.916551,19.405678,19.170525,10.6348302
"110","8am",43.94338,39.40537,3.6853112,11.252756,1.7131806
"111","8am",45.46242,44.245942,2.6664256,6.860264,0.7649524
"112","8am",47.04076,18.984087,10.8359885,20.902343,2.2368183
"113","8am",57.87408,22.596215,6.0887827,11.422191,2.0187268
"114","8am",41.06104,25.327508,6.4931423,20.370977,6.7473348
"115","8am",44.81994,11.965991,7.9741548,29.65001,5.5899034
"116","8am",57.43089,10.498229,5.4249424,19.822199,6.8237393
"117","8am",42.83518,11.20236,10.8293181,26.920431,8.2127149
"118","8am",50.51753,36.647205,1.6580413,9.337464,1.8397568
"119","8am",35.7241,29.330265,4.58027,25.29572,5.0696432
"120","8am",37.12544,7.572751,6.8061906,45.403632,3.0919875
"121","8am",36.67679,20.265312,8.3998349,25.93134,8.7267214
"122","8am",59.0378,10.084853,12.7312365,13.003726,5.1423843
"123","8am",58.24699,11.574559,8.6920907,15.866606,5.6197557
"124","8am",44.689,12.770045,11.1657706,28.10389,3.2712894
"125","8am",43.34982,4.524917,8.6129141,34.411602,9.1007452
"126","8am",46.87786,5.859232,6.5723954,35.037711,5.6528029
"127","8am",39.20993,4.30513,9.1586198,44.607694,2.7186302
"128","8am",49.5539,3.526606,5.318514,32.030885,9.5700916
"129","8am",44.04078,3.640099,6.8978471,43.873056,1.5482172
"130","8am",55.9998,3.323031,5.6473493,30.878026,4.1517957
"131","8am",66.15238,7.634014,3.7642124,22.449389,0
"132","8am",73.22626,2.244277,3.630502,17.815348,3.0836172
"133","8am",49.48834,4.945156,3.8159142,35.405268,6.3453208
"134","8am",49.03252,3.795291,6.1235404,37.699567,3.3490769
"135","8am",38.53638,8.795922,7.9053256,32.020936,12.741439
"136","8am",49.55279,2.871109,9.6660462,30.194865,7.7151945
"137","8am",38.72211,2.761114,14.0630895,34.981836,9.4718498
"138","8am",46.89499,6.198621,6.7636519,35.118678,5.0240569
"139","8am",52.77948,1.455864,6.0745166,35.534949,4.1551867
"140","8am",35.55283,4.666706,3.6693147,46.158416,9.9527307
"141","8am",45.52997,8.198216,9.6038409,28.573619,8.0943529
"142","8am",48.98337,1.631667,16.7854475,25.341047,7.2584637
"143","8am",43.88735,4.315067,13.0286731,34.37438,4.3945295
"144","8am",44.9722,1.645281,7.5512682,41.850233,3.9810147
"145","8am",45.0644,5.894663,8.7266691,38.508431,1.805834
"146","8am",56.29454,4.511446,6.4595317,29.381796,3.3526903
"147","8am",41.03465,8.905378,4.0784277,38.672605,7.3089351
"148","8am",55.35175,1.956511,2.2379941,36.690167,3.7635796
"149","8am",60.9655,4.146415,5.1412013,25.918804,3.8280817
"150","8am",45.94386,1.571513,9.420078,36.480996,6.5835494
"151","8am",49.80381,20.056457,3.6298834,20.77018,5.7396654
"152","8am",53.78135,5.110633,5.1304077,29.123729,6.8538814
"153","8am",49.37357,3.243074,7.1127809,31.92579,8.344783
"154","8am",50.83896,0,7.2492981,34.692141,7.219599
"155","8am",42.1647,9.782626,8.2015532,35.182876,4.6682483
"156","8am",51.28626,6.05101,4.1739772,30.028804,8.4599541
"157","8am",39.21295,25.686931,12.8891269,19.708808,2.5021888
"158","8am",48.43065,2.335075,6.553668,36.654004,6.0266029
"159","8am",51.24454,3.708633,2.6318422,37.226054,5.188928
"160","8am",49.30668,4.907439,3.2065399,40.244374,2.3349678
"161","8am",51.91661,1.629152,1.8060855,39.065312,5.5828388
"162","8am",49.98453,3.445731,0.8624205,38.855979,6.8513365
"163","8am",51.7989,14.062059,3.9318304,25.478015,4.7292007
"164","8am",43.62091,7.151584,8.0845539,34.664762,6.4781952
"165","8am",42.60481,4.180162,6.221357,42.957338,4.0363285
"166","8am",38.24172,3.582836,2.9901583,49.705044,5.4802425
"167","8am",42.70709,3.15127,8.9895521,36.850603,8.3014884
"168","8am",41.17088,3.194692,5.7363743,41.689095,8.2089632
"101","9am",53.8419,28.172989,4.1805074,12.017239,1.7873613
"102","9am",47.09848,27.823312,8.3433096,13.033498,3.7014027
"103","9am",44.2044,27.259936,9.6180259,15.464912,3.4527278
"104","9am",55.07667,16.687485,9.3342262,16.075558,2.8260577
"105","9am",50.81413,26.809103,5.1679829,15.322625,1.8861562
"106","9am",58.90811,17.787982,5.9643805,13.77751,3.5620156
"107","9am",35.09975,36.275942,1.8291855,21.85963,4.9354907
"108","9am",33.86657,20.125045,9.36972,34.381891,2.2567771
"109","9am",45.28761,6.894062,19.1118549,17.842182,10.8642909
"110","9am",43.04451,42.273528,2.4673273,11.079194,1.1354423
"111","9am",41.04218,49.607935,2.8744563,6.020678,0.4547549
"112","9am",46.11539,16.682227,12.3717379,22.388983,2.441666
"113","9am",58.94931,21.563771,5.8228029,11.733574,1.9305416
"114","9am",38.54372,24.297669,5.5815766,24.88051,6.6965214
"115","9am",43.69307,10.883984,9.0605847,30.869266,5.4931
"116","9am",52.31639,9.602043,7.1463889,23.097396,7.8377795
"117","9am",43.82676,9.908428,10.9342178,26.936866,8.3937285
"118","9am",50.47357,38.424082,1.560565,7.331412,2.2103729
"119","9am",36.28384,29.316259,4.672888,26.179116,3.5478938
"120","9am",40.02048,7.610413,4.5728723,40.000437,7.7957971
"121","9am",38.20003,18.565481,9.9532469,25.175759,8.1054791
"122","9am",59.03853,10.318232,12.3505608,13.438353,4.8543296
"123","9am",56.99445,10.899365,10.3858345,15.982269,5.738086
"124","9am",43.7006,14.002472,11.5742427,27.331725,3.3909615
"125","9am",45.78413,4.053537,10.2925665,30.410751,9.4590123
"126","9am",49.91314,5.216198,5.8510935,33.686717,5.3328528
"127","9am",41.17154,2.952724,9.9715212,42.944288,2.9599305
"128","9am",47.58829,5.858304,5.6562808,31.404058,9.49307
"129","9am",44.44555,4.833684,5.6730309,43.427526,1.6202082
"130","9am",59.50691,2.12253,5.0104515,29.199284,4.1608258
"131","9am",63.65283,8.344381,3.0056258,23.78349,1.2136763
"132","9am",73.81348,2.223311,4.3559879,17.619584,1.9876344
"133","9am",49.81882,3.761603,4.3766026,34.76531,7.2776654
"134","9am",51.30315,3.472812,5.7261075,35.72479,3.7731414
"135","9am",37.07823,8.643322,8.4911453,33.266911,12.5203874
"136","9am",47.92531,2.234847,8.0110404,35.411699,6.4171059
"137","9am",40.26881,4.055973,12.9495102,32.997416,9.7282943
"138","9am",48.40798,5.067001,6.6154663,33.906438,6.0031143
"139","9am",56.85883,0,6.8732674,31.249493,5.0184058
"140","9am",35.94158,3.102565,3.2874125,46.293107,11.375338
"141","9am",47.61721,7.910714,6.1921936,29.431924,8.847961
"142","9am",48.88409,1.626341,14.9696475,27.285148,7.234771
"143","9am",41.84213,4.07507,16.4026512,33.530037,4.1501134
"144","9am",47.89113,1.657512,7.6074052,40.392601,2.4513492
"145","9am",47.20431,6.002693,8.886601,36.067463,1.8389291
"146","9am",56.55576,3.810224,5.078694,31.138157,3.417165
"147","9am",39.6178,9.107378,5.0611322,38.738971,7.4747233
"148","9am",55.97226,2.105996,2.4089855,35.461624,4.0511317
"149","9am",64.59525,2.098227,5.1879396,24.2557,3.8628825
"150","9am",45.76235,0,7.6489035,39.804692,6.7840578
"151","9am",49.83101,19.424024,3.8470841,22.212565,4.6853181
"152","9am",53.69307,5.091222,5.5475534,27.701564,7.9665874
"153","9am",53.96519,3.340908,9.0817825,25.839335,7.7727864
"154","9am",48.25267,0,7.7601025,36.258919,7.7283108
"155","9am",40.76733,9.636503,8.8067978,36.097368,4.6920013
"156","9am",53.81277,4.052298,4.2267238,30.659586,7.2486276
"157","9am",35.85017,28.099339,12.4563146,19.730225,3.8639512
"158","9am",48.66863,2.362234,6.6298935,35.378779,6.9604614
"159","9am",50.50267,3.730504,2.6473628,37.899931,5.2195283
"160","9am",48.34396,5.173249,3.3802215,42.113589,0.9889816
"161","9am",52.98884,1.699962,1.8845861,38.953025,4.4735914
"162","9am",49.57536,3.610719,0.9037148,38.730816,7.1793916
"163","9am",50.73999,13.960779,4.0949638,26.994138,4.2101261
"164","9am",43.84604,5.906622,7.4772964,35.653909,7.11613
"165","9am",42.41909,4.089012,6.1429814,43.400601,3.9483147
"166","9am",37.4139,3.567767,2.9775828,50.583556,5.4571946
"167","9am",42.52906,3.193895,9.1111472,36.752123,8.4137766
"168","9am",41.27738,3.273501,5.8778833,41.159771,8.4114678
"101","10am",54.17573,28.9039368,4.5486122,10.157054,2.2146639
"102","10am",50.17805,25.4717412,7.8780517,12.873651,3.5985025
"103","10am",40.80495,29.0281439,7.8115512,18.857203,3.4981479
"104","10am",54.6172,14.4706143,9.9407831,18.168812,2.8025928
"105","10am",48.33603,27.9936865,5.9583577,14.863772,2.8481525
"106","10am",54.85921,20.3546516,5.2287943,14.095438,5.4619026
"107","10am",35.13991,35.1051962,3.7787039,20.831509,5.1446833
"108","10am",37.40883,22.1924891,6.6382676,31.44114,2.3192688
"109","10am",43.57148,7.5602868,17.2790795,20.274661,11.3144931
"110","10am",41.6301,43.3515274,2.9427532,10.927589,1.1480289
"111","10am",42.1239,47.6963421,2.8003957,7.099119,0.2802388
"112","10am",45.87367,15.9943181,10.2677648,25.967335,1.8969137
"113","10am",57.07181,23.5208008,6.1272477,11.072327,2.2078188
"114","10am",37.15283,25.6399497,5.7007091,24.402257,7.1042557
"115","10am",40.3436,12.1096108,9.1735739,32.811615,5.5616012
"116","10am",56.16194,9.7792485,7.6434374,19.120251,7.2951188
"117","10am",46.97033,9.269908,10.8264632,26.331877,6.6014186
"118","10am",49.49425,39.2105773,1.2472468,7.661227,2.3866948
"119","10am",36.2122,29.2886075,4.8264029,26.461116,3.2116783
"120","10am",41.35132,6.4256934,5.6457405,38.862513,7.7147296
"121","10am",38.28588,16.9896459,11.3290079,26.218589,7.1768745
"122","10am",58.64808,10.4562332,12.1071956,13.869236,4.9192541
"123","10am",61.12457,9.8411304,9.3054971,14.221484,5.5073198
"124","10am",45.75398,12.0021267,12.1134201,27.523496,2.6069752
"125","10am",46.2829,3.6061822,7.484299,33.031225,9.5953982
"126","10am",49.52437,3.9364482,6.1103657,35.613905,4.8149093
"127","10am",42.46164,3.0359266,10.2525025,41.742837,2.5070935
"128","10am",48.77049,3.7319225,7.010448,30.814345,9.6727938
"129","10am",44.30436,5.1550584,6.0502107,43.646058,0.8443117
"130","10am",62.07274,2.2188731,5.2378783,27.991046,2.479465
"131","10am",61.80616,8.3450273,3.2438112,25.467986,1.1370173
"132","10am",73.57298,2.3202196,4.5458537,16.772276,2.788667
"133","10am",48.66858,3.3743553,3.9260419,34.808357,9.2226657
"134","10am",47.75634,5.5823681,5.8758586,37.130257,3.6551724
"135","10am",38.52225,8.5293885,7.714853,32.878164,12.3553482
"136","10am",47.13604,2.1522683,8.5920603,36.740416,5.3792187
"137","10am",41.07078,4.3787936,13.9801785,30.067663,10.5025818
"138","10am",45.5324,4.909913,6.4103726,36.526444,6.6208746
"139","10am",55.90993,0,6.6074157,32.658355,4.8242985
"140","10am",40.49179,1.8571773,4.998835,41.050181,11.6020132
"141","10am",45.64349,8.8615987,7.6768999,31.416743,6.4012714
"142","10am",48.77705,0.6653174,15.9394744,27.129616,7.488538
"143","10am",43.84562,4.0247406,16.8613825,30.739647,4.528607
"144","10am",45.19472,1.6882791,7.7486141,41.142369,4.2260187
"145","10am",45.63037,6.2364313,9.2326355,36.990029,1.910535
"146","10am",56.92359,3.8364503,4.5045473,30.57281,4.1626005
"147","10am",39.32608,9.2105722,5.1184792,37.965592,8.3792813
"148","10am",58.82456,2.0901131,2.3908181,33.589269,3.1052421
"149","10am",63.40584,2.2087256,6.6614754,23.657648,4.0663137
"150","10am",44.46105,0,9.4634468,39.461642,6.6138593
"151","10am",51.08115,20.6974538,3.2733507,19.905254,5.0427895
"152","10am",52.8803,3.3801472,5.562545,30.67086,7.5061524
"153","10am",50.61039,3.5843771,9.7436191,27.722381,8.3392297
"154","10am",50.76138,0,5.6935794,35.687504,7.8575363
"155","10am",42.74882,9.8043714,8.9602127,34.565332,3.9212615
"156","10am",49.90603,4.4255906,5.4932328,32.695213,7.4799368
"157","10am",35.88,28.1574753,12.7467178,19.625381,3.5904307
"158","10am",52.60968,2.3004289,6.4564293,31.855118,6.7783482
"159","10am",51.48442,4.1196633,2.9235308,35.708369,5.7640198
"160","10am",49.75041,5.0323959,3.2881872,40.96695,0.9620543
"161","10am",53.82937,1.6992717,1.8838205,38.115767,4.4717739
"162","10am",49.77936,3.6255776,0.9074336,39.560747,6.1268783
"163","10am",52.36652,13.3486211,4.2566927,25.630422,4.3977438
"164","10am",44.80107,6.8862628,7.8992738,34.940507,5.4728882
"165","10am",40.28788,4.5116198,3.1865017,47.361385,4.6526117
"166","10am",38.73544,3.5435973,5.5705466,46.730191,5.4202242
"167","10am",43.44078,3.1334426,8.9386961,36.232553,8.2545249
"168","10am",39.9932,3.5318704,6.3418097,41.057751,9.0753636
"101","11am",55.53448,28.124911,4.3577751,9.848072,2.1347587
"102","11am",49.49563,23.786607,8.5849338,14.464502,3.6683305
"103","11am",42.95475,28.543881,6.8044494,18.309544,3.3873794
"104","11am",49.91244,16.747253,9.7400658,20.682684,2.9175584
"105","11am",49.59355,28.831184,5.5453953,13.686707,2.3431606
"106","11am",54.00769,20.593248,5.907839,12.933081,6.5581409
"107","11am",33.49544,36.024224,3.1643937,22.065059,5.2508854
"108","11am",37.22364,21.651459,5.7474534,33.110551,2.2668969
"109","11am",41.49894,8.095085,18.3540874,20.746115,11.3057701
"110","11am",39.83695,44.616446,3.1889487,10.380319,1.977341
"111","11am",43.11085,48.093445,2.2139388,6.120946,0.4608183
"112","11am",46.85373,14.756959,11.3936015,24.614483,2.3812299
"113","11am",56.84958,22.778125,6.6490049,11.915344,1.8079488
"114","11am",39.96529,24.471117,5.983192,22.124108,7.4562875
"115","11am",41.21171,12.036351,8.6596265,31.458752,6.633559
"116","11am",58.6576,9.604418,6.9393343,17.306293,7.4923506
"117","11am",45.18018,9.630164,9.5382974,29.171034,6.480329
"118","11am",51.31022,37.8363,1.7004768,7.166854,1.9861533
"119","11am",34.07611,29.457995,4.9459914,27.810603,3.7093033
"120","11am",44.16781,6.931061,5.1626548,36.683861,7.0546079
"121","11am",36.14472,19.045002,9.5162707,28.218352,7.0756582
"122","11am",61.31836,10.837202,11.5427557,11.304835,4.9968475
"123","11am",58.0024,10.888874,9.4120922,16.205729,5.4909003
"124","11am",43.67786,13.287402,11.2137038,29.236215,2.584822
"125","11am",46.70917,4.843974,6.9175623,32.037893,9.4913959
"126","11am",50.04613,5.178587,7.4007531,31.576967,5.7975594
"127","11am",38.35083,3.119498,10.5347294,45.418831,2.5761078
"128","11am",44.58306,6.425169,6.7455052,32.125577,10.1206903
"129","11am",45.86482,3.052105,6.4337096,43.89775,0.7516169
"130","11am",57.4055,2.273082,5.3658449,31.240234,3.7153416
"131","11am",63.97112,6.786192,4.4089537,24.146068,0.6876624
"132","11am",72.35039,2.279404,3.7642804,19.196457,2.40947
"133","11am",45.40464,4.29939,5.0023146,38.485766,6.8078861
"134","11am",43.16584,5.722224,6.8506494,39.654912,4.6063694
"135","11am",45.59081,8.049634,7.1662889,28.957898,10.2353683
"136","11am",47.05698,2.237054,10.642251,35.029279,5.0344318
"137","11am",39.69905,4.23207,13.5117325,32.40649,10.1506627
"138","11am",47.30586,4.747419,6.1982213,35.346745,6.4017568
"139","11am",54.60665,0,6.1610276,33.631566,5.6007599
"140","11am",37.26004,1.74421,4.6947675,45.404696,10.8962899
"141","11am",42.02985,8.314205,9.3982466,33.058779,7.1989202
"142","11am",44.17584,2.530345,16.9536947,28.37509,7.9650298
"143","11am",45.50595,4.089739,14.1580301,30.8604,5.3858821
"144","11am",45.0444,1.69673,7.7874031,42.098619,3.3728468
"145","11am",43.73438,6.358163,9.412852,38.546775,1.9478277
"146","11am",57.03023,3.673392,4.3130932,31.794196,3.1890847
"147","11am",40.39423,9.26602,5.1492926,37.585533,7.6049263
"148","11am",57.88349,2.041232,2.334905,33.813819,3.9265522
"149","11am",65.00744,2.954959,5.7772952,22.132648,4.1276545
"150","11am",47.9115,0,9.5841632,35.806114,6.6982261
"151","11am",47.987,22.309681,3.3638496,21.535261,4.8042061
"152","11am",55.29592,3.018311,5.6975079,28.299987,7.6882727
"153","11am",52.8582,3.059614,8.3171263,27.573714,8.191344
"154","11am",48.62957,0,7.8563365,36.502665,7.0114274
"155","11am",43.26173,9.453721,7.7024536,34.979088,4.603005
"156","11am",49.42155,7.993396,4.1218273,31.054971,7.4082562
"157","11am",40.72208,19.007006,14.0308873,21.754987,4.4850354
"158","11am",51.9643,2.151884,6.0395194,33.503644,6.3406512
"159","11am",50.80036,4.312747,3.0605535,36.928804,4.897535
"160","11am",49.49403,4.979318,3.2535058,41.321237,0.9519073
"161","11am",53.45206,1.619638,1.7955386,37.823859,5.3089088
"162","11am",45.64081,3.657101,0.9153235,41.915882,7.8708879
"163","11am",54.17349,12.187553,3.7462843,25.469073,4.4236033
"164","11am",46.91595,8.200498,6.6126518,32.098313,6.1725847
"165","11am",41.28843,5.194212,5.2139283,45.218342,3.0850854
"166","11am",38.97968,3.533583,5.5548035,47.445177,4.4867562
"167","11am",43.45423,5.014427,8.621738,34.947779,7.961827
"168","11am",40.87346,3.385246,6.0785312,40.964165,8.6986024
"101","12am",52.14618,31.409653,4.374956,10.35947,1.7097447
"102","12am",48.73352,25.630935,8.5773292,13.586376,3.4718445
"103","12am",32.99956,33.64072,8.0691162,21.685319,3.6052889
"104","12am",51.13338,18.056359,8.7113421,18.882414,3.2165017
"105","12am",48.77017,27.892086,5.6973926,15.113204,2.5271432
"106","12am",57.38505,21.966333,6.6306968,10.718628,3.2992892
"107","12am",40.06205,29.263991,1.849125,23.835541,4.9892911
"108","12am",34.5451,19.699408,6.4687418,35.779306,3.5074399
"109","12am",42.11061,10.580503,17.3537849,20.543254,9.4118458
"110","12am",38.13842,45.59164,3.2498842,10.992837,2.0272236
"111","12am",44.0796,42.834659,3.017462,9.202622,0.8656588
"112","12am",45.47985,21.643242,10.3895802,20.450881,2.0364508
"113","12am",56.7423,24.637494,5.4425045,11.259717,1.9179831
"114","12am",40.22733,22.572,6.7435284,23.082801,7.37434
"115","12am",41.27014,11.333741,8.6413444,32.135217,6.6195544
"116","12am",56.42381,8.534566,9.1164112,18.468779,7.456433
"117","12am",43.04156,14.277411,10.0665494,25.35935,7.2551291
"118","12am",52.46486,36.252599,1.7178049,7.558346,2.0063925
"119","12am",36.87796,25.92919,5.0873024,27.716478,4.3890737
"120","12am",36.30977,7.64723,5.6960982,43.886473,6.4604313
"121","12am",40.9978,15.966969,9.4006674,26.303068,7.3314919
"122","12am",58.37878,11.380271,13.1781433,11.798333,5.2644687
"123","12am",55.78112,12.622438,9.650403,16.685255,5.2607841
"124","12am",45.16981,12.779641,9.8047965,29.169083,3.0766655
"125","12am",46.80238,6.240048,7.096677,30.123743,9.7371542
"126","12am",54.52282,6.604884,6.060073,28.859542,3.9526784
"127","12am",39.95607,2.80236,9.4637327,45.46363,2.3142118
"128","12am",39.86848,5.29127,5.5100307,38.906874,10.4233488
"129","12am",49.75427,3.44772,6.4663257,39.072778,1.2589018
"130","12am",57.98373,4.206088,5.2424872,28.937771,3.6299281
"131","12am",70.9561,5.904627,4.2372647,17.780639,1.1213668
"132","12am",67.5605,3.165248,4.5236835,21.475289,3.275281
"133","12am",57.76247,3.383995,2.0147851,30.291655,6.547098
"134","12am",43.54145,6.705323,7.5410891,37.733807,4.4783293
"135","12am",44.4666,8.820802,6.700309,30.442461,9.569825
"136","12am",46.06226,1.779433,10.8528878,35.33133,5.9740936
"137","12am",41.19756,3.988247,12.7332805,32.515057,9.5658521
"138","12am",48.59396,3.283331,6.3354306,35.243807,6.5434716
"139","12am",54.84629,0,6.2035287,33.310784,5.6393961
"140","12am",35.50276,2.880706,4.6865404,46.052797,10.8771952
"141","12am",41.98754,5.291288,10.435105,35.617615,6.6684501
"142","12am",42.89215,2.54295,17.5445295,29.015664,8.0047081
"143","12am",50.99537,3.998763,11.5467004,27.426397,6.0327706
"144","12am",43.5411,4.3965,7.6403415,41.11291,3.3091521
"145","12am",43.96053,6.230568,8.6550325,39.245134,1.9087388
"146","12am",54.31056,4.887306,6.8823231,30.827675,3.0921387
"147","12am",43.92381,9.413504,4.4364568,35.683123,6.5431094
"148","12am",57.20117,1.912812,2.1880081,35.018495,3.6795195
"149","12am",62.66182,5.206079,4.6936446,23.372634,4.0658191
"150","12am",44.96421,2.542113,9.3876143,36.545197,6.5608611
"151","12am",51.69938,16.609047,4.1703933,22.186197,5.334978
"152","12am",49.70131,8.697086,5.7279314,28.144346,7.7293263
"153","12am",54.95561,3.284236,7.6078767,26.659459,7.4928206
"154","12am",50.07007,0,7.9287488,36.202942,5.7982409
"155","12am",45.95055,9.172274,7.689847,32.256156,4.9311705
"156","12am",48.85736,6.654396,4.4393906,32.871908,7.1769434
"157","12am",43.8441,18.63928,13.0673228,20.195783,4.2535165
"158","12am",50.5478,2.141379,6.0100364,34.991091,6.3096981
"159","12am",48.85096,5.494861,2.9861275,37.889613,4.7784377
"160","12am",47.31381,8.356062,3.0414866,39.073859,2.2147778
"161","12am",53.95197,1.643814,1.82234,38.256044,4.3258329
"162","12am",47.74789,3.473208,0.8692976,40.434498,7.4751106
"163","12am",54.57182,12.615333,3.4112391,25.268483,4.1331287
"164","12am",45.26993,4.462379,8.7955184,33.966015,7.5061611
"165","12am",41.18805,8.48108,5.9844561,41.483578,2.8628401
"166","12am",44.60655,3.323364,3.9423508,43.907899,4.2198321
"167","12am",43.2165,4.999913,8.9981833,34.846625,7.9387819
"168","12am",40.0913,3.291976,5.9110572,42.246729,8.4589408
"101","1pm",51.55221,29.347698,4.4149803,12.097943,2.5871703
"102","1pm",45.93248,28.769448,8.3281425,12.932396,4.0375314
"103","1pm",39.76091,30.215483,7.2755325,18.431093,4.3169855
"104","1pm",47.3661,19.746075,9.7797242,19.170049,3.9380472
"105","1pm",50.87042,25.688886,5.984512,15.133591,2.3225952
"106","1pm",56.41115,19.714678,6.1797171,15.240333,2.4541183
"107","1pm",35.37053,34.774924,2.326527,23.527609,4.0004104
"108","1pm",43.99762,17.012854,7.3628828,30.478666,1.1479777
"109","1pm",42.28758,9.809737,20.0330311,19.034094,8.8355582
"110","1pm",37.16574,46.6739,2.6100657,11.882477,1.6678214
"111","1pm",44.46017,43.040005,3.7747371,7.676155,1.0489309
"112","1pm",45.70765,19.602904,11.6252417,20.785556,2.2786516
"113","1pm",61.31831,19.57134,6.7902891,11.218402,1.1016616
"114","1pm",37.1528,25.234658,5.3994697,23.956831,8.256244
"115","1pm",39.93465,13.191643,8.9733092,31.698489,6.2019081
"116","1pm",52.38916,12.135446,5.9585412,22.687362,6.8294913
"117","1pm",44.90305,9.703286,11.1165686,28.716196,5.5608984
"118","1pm",52.32563,37.024942,2.0218438,6.373186,2.2544025
"119","1pm",35.54668,27.346652,5.3320567,26.532311,5.2423022
"120","1pm",44.40132,4.950959,4.5675214,42.97647,3.1037288
"121","1pm",41.85329,11.787573,9.4776349,28.958076,7.9234293
"122","1pm",62.75185,8.686275,11.0164089,11.46676,6.0787043
"123","1pm",58.07078,10.725372,8.2360825,17.492703,5.4750582
"124","1pm",43.31197,14.974956,9.6938339,29.469301,2.5499407
"125","1pm",46.79728,6.234626,5.6897181,31.87428,9.4041007
"126","1pm",54.87451,5.548122,5.3104698,27.931735,6.335162
"127","1pm",40.0454,5.043167,8.938157,43.586185,2.3870875
"128","1pm",44.00433,4.810749,7.9784657,34.308126,8.8983332
"129","1pm",43.82937,4.22118,6.7540499,43.654075,1.5413232
"130","1pm",63.56808,2.228923,3.9043576,27.807944,2.4906947
"131","1pm",69.19599,5.661983,6.847237,17.483374,0.8114213
"132","1pm",71.16668,2.300099,3.7073201,19.811227,3.0146782
"133","1pm",59.88139,3.788434,1.1767333,27.829107,7.3243312
"134","1pm",46.76554,5.215762,8.3012591,34.894111,4.8233234
"135","1pm",45.54235,10.360984,6.3496053,27.20874,10.5383194
"136","1pm",48.79559,2.16417,9.4313413,33.325235,6.283667
"137","1pm",38.37384,3.962111,12.6498348,35.511051,9.5031637
"138","1pm",43.84799,4.596046,6.3906884,38.175743,6.9895303
"139","1pm",53.72304,0,5.7562766,34.6539,5.8667808
"140","1pm",36.91371,1.961826,6.2606008,44.806444,10.0574152
"141","1pm",42.64436,4.29401,11.0029686,35.592508,6.4661533
"142","1pm",42.78326,2.425478,16.7340554,29.80567,8.25154
"143","1pm",49.08779,6.080063,11.7354561,26.965304,6.1313893
"144","1pm",42.43605,4.994114,7.6404161,40.054205,4.8752114
"145","1pm",44.47091,5.927798,8.2344478,39.550859,1.8159851
"146","1pm",59.83986,3.637885,4.2876048,29.076391,3.1582587
"147","1pm",45.01682,9.608904,3.2147294,35.480621,6.6789272
"148","1pm",54.53302,1.922198,2.1987454,37.648456,3.6975761
"149","1pm",63.24135,3.776065,4.9933153,24.940671,3.0486019
"150","1pm",41.74225,2.871886,10.6054118,37.368487,7.4119612
"151","1pm",48.44721,17.698818,4.5091197,22.7085,6.6363542
"152","1pm",54.24438,8.23702,5.1601791,26.001046,6.3573735
"153","1pm",56.04003,3.835779,7.0675751,25.442495,7.6141182
"154","1pm",52.7925,0,8.2580342,33.365609,5.5838572
