"district","hour","mode1","mode2","mode3"
"001","4am",7.6388889,68.05556,24.305556
"002","4am",6.6878981,71.33758,21.974522
"003","4am",6.2678063,72.36467,21.367521
"004","4am",4.9932524,86.09987,8.906883
"005","4am",4.8602673,86.87728,8.262454
"006","4am",3.7305699,93.4715,2.797927
"007","4am",5.9578368,83.2264,10.815765
"008","4am",3.7825059,85.8156,10.401891
"009","4am",1.5625,94.92188,3.515625
"010","4am",4.2979943,89.11175,6.590258
"011","4am",4.4917258,91.01655,4.491726
"012","4am",6.6084788,88.2793,5.112219
"013","4am",4.9009385,91.5537,3.54536
"014","4am",0,96.2766,3.723404
"015","4am",2.7431421,92.76808,4.488778
"016","4am",1.5283843,97.16157,1.310044
"017","4am",2.5,95.625,1.875
"018","4am",0.7984032,98.00399,1.197605
"019","4am",0.5830904,95.04373,4.373178
"020","4am",2.0576132,93.82716,4.115226
"021","4am",0,96.10706,3.892944
"022","4am",2.3498695,91.12272,6.527415
"023","4am",1.1661808,93.87755,4.956268
"024","4am",0.4926108,92.61084,6.896552
"025","4am",0.6976744,98.13953,1.162791
"026","4am",0,93.28358,6.716418
"027","4am",2.3529412,90.58824,7.058824
"028","4am",0,93.24895,6.751055
"029","4am",6.25,93.75,0
"001","5am",7.2131148,69.83607,22.95082
"002","5am",6.6246057,71.60883,21.766562
"003","5am",6.2322946,72.52125,21.246459
"004","5am",5.047749,85.81173,9.140518
"005","5am",4.8780488,86.95122,8.170732
"006","5am",3.7735849,93.39623,2.830189
"007","5am",6.0185185,83.05556,10.925926
"008","5am",3.8277512,86.36364,9.808612
"009","5am",1.5841584,94.65347,3.762376
"010","5am",4.2979943,89.11175,6.590258
"011","5am",4.5454545,90.90909,4.545455
"012","5am",6.6084788,88.2793,5.112219
"013","5am",4.9421661,91.48265,3.575184
"014","5am",0,96.24665,3.753351
"015","5am",2.5125628,92.96482,4.522613
"016","5am",1.5837104,97.05882,1.357466
"017","5am",2.5641026,95.51282,1.923077
"018","5am",0.8130081,98.17073,1.01626
"019","5am",0.591716,94.67456,4.733728
"020","5am",1.6666667,94.16667,4.166667
"021","5am",0,96.04938,3.950617
"022","5am",2.1220159,91.24668,6.6313
"023","5am",1.1560694,93.93064,4.913295
"024","5am",0.5050505,92.42424,7.070707
"025","5am",0.7075472,98.11321,1.179245
"026","5am",0,93.20755,6.792453
"027","5am",2.3904382,90.43825,7.171315
"028","5am",0,92.76596,7.234043
"029","5am",1.6949153,96.61017,1.694915
"001","6am",6.2663185,75.71802,18.0156658
"002","6am",6.4220183,71.86544,21.7125382
"003","6am",6.3400576,72.33429,21.3256484
"004","6am",4.7748977,86.22101,9.0040928
"005","6am",5.1032807,86.99878,7.8979344
"006","6am",3.4736842,93.68421,2.8421053
"007","6am",6.2620424,82.56262,11.1753372
"008","6am",4.028436,86.49289,9.478673
"009","6am",1.6949153,94.70339,3.6016949
"010","6am",4.719764,88.49558,6.7846608
"011","6am",4.6511628,91.21447,4.1343669
"012","6am",6.8511199,87.87879,5.2700922
"013","6am",5.0605061,91.41914,3.520352
"014","6am",0,96.16438,3.8356164
"015","6am",1.5981735,94.29224,4.109589
"016","6am",1.703163,96.83698,1.459854
"017","6am",2.7088036,95.25959,2.0316027
"018","6am",0.8849558,98.45133,0.6637168
"019","6am",0.3278689,94.42623,5.2459016
"020","6am",1.793722,94.1704,4.0358744
"021","6am",0,95.95687,4.0431267
"022","6am",2.9490617,90.34853,6.7024129
"023","6am",0.617284,93.82716,5.5555556
"024","6am",0.5714286,92,7.4285714
"025","6am",0.7915567,98.15303,1.055409
"026","6am",0,92.71255,7.2874494
"027","6am",2.5210084,89.91597,7.5630252
"028","6am",0,92.66055,7.3394495
"029","6am",1.2820513,97.86325,0.8547009
"001","7am",7.2829132,82.21289,10.5042017
"002","7am",6.8410463,78.67203,14.4869215
"003","7am",5.7636888,74.35159,19.8847262
"004","7am",5.8041112,86.33615,7.859734
"005","7am",5.9893048,86.73797,7.2727273
"006","7am",1.8963338,95.06953,3.034134
"007","7am",5.6866953,82.08155,12.2317597
"008","7am",5.2083333,86.25,8.5416667
"009","7am",1.4084507,93.80282,4.7887324
"010","7am",3.7931034,89.31034,6.8965517
"011","7am",2.0905923,92.33449,5.5749129
"012","7am",8.2962963,86.37037,5.3333333
"013","7am",2.6992288,93.83033,3.470437
"014","7am",0,95.83333,4.1666667
"015","7am",0.4464286,95.98214,3.5714286
"016","7am",2.2292994,95.85987,1.910828
"017","7am",1.25,96.5625,2.1875
"018","7am",0.2994012,99.1018,0.5988024
"019","7am",0,94.29825,5.7017544
"020","7am",1.1494253,93.67816,5.1724138
"021","7am",0.3546099,94.68085,4.964539
"022","7am",4.2216359,90.23747,5.5408971
"023","7am",0,93.57143,6.4285714
"024","7am",0.7352941,90.44118,8.8235294
"025","7am",0.7017544,98.24561,1.0526316
"026","7am",0,91.50943,8.490566
"027","7am",2.9268293,88.78049,8.2926829
"028","7am",0,92.48555,7.5144509
"029","7am",0.5033557,99.16107,0.3355705
"001","8am",7.7227723,83.16832,9.1089109
"002","8am",6.4952639,82.13802,11.3667118
"003","8am",4.2296073,78.85196,16.918429
"004","8am",6.4755839,86.94268,6.581741
"005","8am",6.4446831,87.64769,5.9076262
"006","8am",1.3574661,95.47511,3.1674208
"007","8am",3.5995501,85.03937,11.3610799
"008","8am",9.3065693,82.29927,8.3941606
"009","8am",1.0752688,93.90681,5.0179211
"010","8am",3.5019455,89.49416,7.0038911
"011","8am",1.9685039,91.73228,6.2992126
"012","8am",9.406657,85.23878,5.3545586
"013","8am",1.5363128,94.8324,3.6312849
"014","8am",0,94.77124,5.2287582
"015","8am",0.7009346,95.56075,3.7383178
"016","8am",0.8097166,97.57085,1.6194332
"017","8am",0.7843137,96.86275,2.3529412
"018","8am",0,98.85496,1.1450382
"019","8am",0,93.88889,6.1111111
"020","8am",1.3888889,92.36111,6.25
"021","8am",0.4255319,93.61702,5.9574468
"022","8am",3.562341,91.3486,5.0890585
"023","8am",0.4081633,93.06122,6.5306122
"024","8am",0.8403361,88.23529,10.9243697
"025","8am",0,98.7013,1.2987013
"026","8am",0.5681818,90.34091,9.0909091
"027","8am",2.1505376,89.24731,8.6021505
"028","8am",0,89.79592,10.2040816
"029","8am",0.7972665,98.74715,0.4555809
"001","9am",7.1895425,83.66013,9.1503268
"002","9am",5.7544757,83.1202,11.1253197
"003","9am",4.3613707,78.50467,17.1339564
"004","9am",6.3788027,86.94799,6.673209
"005","9am",6.6528067,88.14969,5.1975052
"006","9am",1.322314,95.53719,3.1404959
"007","9am",3.4285714,85.37143,11.2
"008","9am",9.1743119,83.11927,7.706422
"009","9am",0.8333333,93.75,5.4166667
"010","9am",3.1372549,88.62745,8.2352941
"011","9am",2.7777778,91.66667,5.5555556
"012","9am",8.9552239,86.16011,4.8846676
"013","9am",1.510989,94.91758,3.5714286
"014","9am",0.3344482,94.31438,5.3511706
"015","9am",0.7194245,95.68345,3.5971223
"016","9am",0.8810573,96.9163,2.2026432
"017","9am",0.3921569,97.64706,1.9607843
"018","9am",0.4329004,98.2684,1.2987013
"019","9am",0.6060606,92.72727,6.6666667
"020","9am",1.4925373,91.79104,6.7164179
"021","9am",0.4366812,93.0131,6.5502183
"022","9am",3.9370079,90.55118,5.511811
"023","9am",0.4464286,92.85714,6.6964286
"024","9am",0.9009009,88.28829,10.8108108
"025","9am",0,98.51485,1.4851485
"026","9am",0.5847953,88.88889,10.5263158
"027","9am",2.3391813,88.88889,8.7719298
"028","9am",1.4705882,87.5,11.0294118
"029","9am",0.8163265,98.77551,0.4081633
"001","10am",7.5937786,83.62306,8.7831656
"002","10am",5.5214724,83.92638,10.5521472
"003","10am",3.9513678,79.33131,16.7173252
"004","10am",6.6046512,86.60465,6.7906977
"005","10am",6.631016,87.48663,5.8823529
"006","10am",1.1925043,95.22998,3.5775128
"007","10am",3.2181168,85.81645,10.965435
"008","10am",8.9253188,82.69581,8.3788707
"009","10am",1.4150943,93.39623,5.1886792
"010","10am",3.7878788,88.25758,7.9545455
"011","10am",2.734375,90.625,6.640625
"012","10am",8.9828269,86.12946,4.8877147
"013","10am",1.5691869,94.57917,3.8516405
"014","10am",0.3460208,94.11765,5.5363322
"015","10am",0.4739336,95.49763,4.028436
"016","10am",0.9569378,96.17225,2.8708134
"017","10am",0.4366812,96.50655,3.0567686
"018","10am",0.9389671,97.65258,1.4084507
"019","10am",0,92.81046,7.1895425
"020","10am",0.7874016,90.55118,8.6614173
"021","10am",0.4975124,92.0398,7.4626866
"022","10am",4.2666667,89.86667,5.8666667
"023","10am",0.4672897,92.99065,6.5420561
"024","10am",0,89.62264,10.3773585
"025","10am",0,98.32402,1.6759777
"026","10am",0.6369427,87.89809,11.4649682
"027","10am",2.484472,88.19876,9.3167702
"028","10am",1.6666667,87.5,10.8333333
"029","10am",1.1352886,98.48628,0.3784295
"001","11am",8,82.4186,9.5813953
"002","11am",6.163522,83.39623,10.4402516
"003","11am",4.5307443,80.90615,14.5631068
"004","11am",6.1971831,86.47887,7.3239437
"005","11am",6.3091483,86.96109,6.7297581
"006","11am",1.3136289,95.73071,2.955665
"007","11am",3.4813926,84.63385,11.8847539
"008","11am",8.8560886,83.57934,7.5645756
"009","11am",1.2658228,94.09283,4.6413502
"010","11am",4.6511628,89.53488,5.8139535
"011","11am",1.8518519,91.48148,6.6666667
"012","11am",8.9960887,86.44068,4.5632334
"013","11am",1,94.57143,4.4285714
"014","11am",0.3389831,94.57627,5.0847458
"015","11am",0.4694836,95.53991,3.9906103
"016","11am",0.4545455,96.81818,2.7272727
"017","11am",0.8583691,96.56652,2.5751073
"018","11am",0.9049774,97.73756,1.3574661
"019","11am",0,92.81046,7.1895425
"020","11am",0.7936508,90.47619,8.7301587
"021","11am",0.4926108,93.10345,6.4039409
"022","11am",4.7244094,90.28871,4.9868766
"023","11am",0.4464286,93.75,5.8035714
"024","11am",0,88.77551,11.2244898
"025","11am",0,98.37838,1.6216216
"026","11am",0.621118,88.19876,11.1801242
"027","11am",2.3952096,89.22156,8.3832335
"028","11am",1.5748031,88.18898,10.2362205
"029","11am",1.1310085,98.49199,0.3770028
"001","12am",8.3091787,81.0628,10.6280193
"002","12am",6.1459667,82.84251,11.0115237
"003","12am",4.0752351,79.62382,16.3009404
"004","12am",6.5359477,86.36788,7.0961718
"005","12am",6.2165059,86.17363,7.6098607
"006","12am",1.4469453,95.98071,2.5723473
"007","12am",3.2886724,84.28745,12.4238733
"008","12am",8.3491461,84.06072,7.5901328
"009","12am",1.1450382,93.89313,4.9618321
"010","12am",3.8910506,89.49416,6.614786
"011","12am",1.8181818,92.72727,5.4545455
"012","12am",9.3385214,85.73281,4.9286641
"013","12am",0.8633094,94.96403,4.1726619
"014","12am",0,94.84536,5.1546392
"015","12am",0.7075472,95.28302,4.009434
"016","12am",0.4405286,96.03524,3.5242291
"017","12am",0.8130081,96.74797,2.4390244
"018","12am",0.8928571,97.76786,1.3392857
"019","12am",0.6535948,93.46405,5.8823529
"020","12am",0.7407407,91.11111,8.1481481
"021","12am",0.4926108,93.59606,5.91133
"022","12am",4.7619048,90.47619,4.7619048
"023","12am",0.4587156,93.57798,5.9633028
"024","12am",0,89.62264,10.3773585
"025","12am",0,98.4375,1.5625
"026","12am",0.625,88.125,11.25
"027","12am",2.4691358,87.65432,9.8765432
"028","12am",1.5748031,86.61417,11.8110236
"029","12am",1.1204482,98.50607,0.3734827
"001","1pm",7.4208145,81.62896,10.9502262
"002","1pm",5.8312655,84.11911,10.0496278
"003","1pm",3.1545741,81.07256,15.7728707
"004","1pm",6.7357513,86.26943,6.9948187
"005","1pm",6.3420159,86.18347,7.4745187
"006","1pm",1.2302285,96.66081,2.1089631
"007","1pm",3.892944,84.30657,11.8004866
"008","1pm",7.9457364,84.10853,7.9457364
"009","1pm",1.7391304,93.91304,4.3478261
"010","1pm",3.3707865,89.51311,7.1161049
"011","1pm",3.4602076,91.00346,5.5363322
"012","1pm",8.8426528,85.95579,5.2015605
"013","1pm",0.990099,95.0495,3.960396
"014","1pm",0,93.75,6.25
"015","1pm",0.7194245,95.68345,3.5971223
"016","1pm",0.4651163,96.27907,3.255814
"017","1pm",0.7968127,97.21116,1.9920319
"018","1pm",0.9090909,97.72727,1.3636364
"019","1pm",0.6493506,92.85714,6.4935065
"020","1pm",0.8695652,91.30435,7.826087
"021","1pm",0.5025126,93.46734,6.0301508
"022","1pm",4.3126685,90.56604,5.1212938
"023","1pm",0.4901961,93.13725,6.372549
"024","1pm",0,88.17204,11.827957
"025","1pm",0,98.20359,1.7964072
"026","1pm",0.6756757,87.16216,12.1621622
"027","1pm",3.2051282,85.89744,10.8974359
"028","1pm",2.3076923,84.61538,13.0769231
"029","1pm",1.1504425,98.40708,0.4424779
"001","2pm",7.0512821,81.68498,11.2637363
"002","2pm",5.443038,84.55696,10
"003","2pm",3.630363,80.85809,15.5115512
"004","2pm",6.9087688,86.00531,7.0859167
"005","2pm",6.7505721,85.12586,8.1235698
"006","2pm",1.5957447,96.2766,2.1276596
"007","2pm",3.2967033,85.47009,11.2332112
"008","2pm",8.1481481,83.33333,8.5185185
"009","2pm",1.7467249,93.0131,5.2401747
"010","2pm",2.8806584,90.53498,6.5843621
"011","2pm",3.3033033,90.39039,6.3063063
"012","2pm",8.984375,85.67708,5.3385417
"013","2pm",0.8810573,95.00734,4.1116006
"014","2pm",0.3389831,94.23729,5.4237288
"015","2pm",0.4842615,96.12591,3.3898305
"016","2pm",0.4273504,96.5812,2.991453
"017","2pm",1.4925373,96.26866,2.238806
"018","2pm",0.8695652,97.82609,1.3043478
"019","2pm",1.2903226,92.25806,6.4516129
"020","2pm",0.9009009,90.99099,8.1081081
"021","2pm",0.4807692,94.23077,5.2884615
"022","2pm",3.9164491,91.64491,4.4386423
"023","2pm",0.5208333,92.1875,7.2916667
"024","2pm",0,88.78505,11.2149533
"025","2pm",0,98.24561,1.754386
"026","2pm",0.6578947,87.5,11.8421053
"027","2pm",3.2894737,86.18421,10.5263158
"028","2pm",2.1582734,86.33094,11.5107914
"029","2pm",0.9918846,98.55726,0.4508566
"001","3pm",4.5548654,82.91925,12.5258799
"002","3pm",4.850214,84.02282,11.1269615
"003","3pm",4.6296296,79.62963,15.7407407
"004","3pm",5.3097345,87.9056,6.7846608
"005","3pm",7.4159907,83.66165,8.9223638
"006","3pm",3.898051,94.15292,1.9490255
"007","3pm",4.3735225,83.09693,12.5295508
"008","3pm",4.2,87.4,8.4
"009","3pm",2.962963,92.96296,4.0740741
"010","3pm",3.9711191,89.8917,6.1371841
"011","3pm",5.2147239,89.57055,5.2147239
"012","3pm",9.2413793,85.37931,5.3793103
"013","3pm",4.1278296,92.14381,3.7283622
"014","3pm",0,95.03311,4.9668874
"015","3pm",0.4796163,96.16307,3.3573141
"016","3pm",0.7326007,95.9707,3.2967033
"017","3pm",3.0201342,94.2953,2.6845638
"018","3pm",0.7518797,98.1203,1.1278195
"019","3pm",1.0928962,92.89617,6.010929
"020","3pm",1.6666667,91.66667,6.6666667
"021","3pm",0.4219409,94.09283,5.4852321
"022","3pm",2.8871391,92.65092,4.4619423
"023","3pm",0.5291005,92.06349,7.4074074
"024","3pm",0,89.2562,10.7438017
"025","3pm",0,98.59155,1.4084507
"026","3pm",0,89.87342,10.1265823
"027","3pm",4.0697674,86.04651,9.8837209
"028","3pm",1.9736842,87.5,10.5263158
"029","3pm",0.7470651,98.71932,0.5336179
"001","4pm",4.8816568,79.43787,15.6804734
"002","4pm",4.7138047,81.81818,13.4680135
"003","4pm",5.3797468,74.68354,19.9367089
"004","4pm",5.9652928,87.09328,6.9414317
"005","4pm",7.3081608,83.80024,8.8915956
"006","4pm",4.7927461,93.00518,2.2020725
"007","4pm",4.8697622,82.55946,12.5707814
"008","4pm",3.3730159,88.29365,8.3333333
"009","4pm",2.2857143,93.71429,4
"010","4pm",5.5016181,88.02589,6.4724919
"011","4pm",5.4644809,90.43716,4.0983607
"012","4pm",7.1618037,87.79841,5.0397878
"013","4pm",6.5995526,89.70917,3.6912752
"014","4pm",0,95.26814,4.7318612
"015","4pm",0.8174387,94.55041,4.6321526
"016","4pm",0.877193,96.19883,2.9239766
"017","4pm",3.3613445,94.39776,2.2408964
"018","4pm",0.2898551,98.26087,1.4492754
"019","4pm",1.2765957,92.76596,5.9574468
"020","4pm",3.1847134,91.71975,5.0955414
"021","4pm",0.3389831,94.91525,4.7457627
"022","4pm",3.0555556,91.11111,5.8333333
"023","4pm",1.3824885,90.78341,7.8341014
"024","4pm",0,90.84507,9.1549296
"025","4pm",1.0309278,97.25086,1.7182131
"026","4pm",0,92.26804,7.7319588
"027","4pm",3.125,88.02083,8.8541667
"028","4pm",0.5847953,89.47368,9.9415205
"029","4pm",0.8833922,98.76325,0.3533569
"001","5pm",6.1135371,74.89083,18.9956332
"002","5pm",4.9040512,80.17058,14.9253731
"003","5pm",6.6465257,71.90332,21.4501511
"004","5pm",6.2133646,85.932,7.8546307
"005","5pm",6.7857143,84.40476,8.8095238
"006","5pm",4.6511628,93.37209,1.9767442
"007","5pm",4.6583851,83.95445,11.3871636
"008","5pm",3.7974684,88.39662,7.8059072
"009","5pm",1.9323671,95.16908,2.8985507
"010","5pm",5.1671733,88.7538,6.0790274
"011","5pm",4.4155844,91.16883,4.4155844
"012","5pm",7.0528967,88.53904,4.4080605
"013","5pm",6.5645514,89.93435,3.5010941
"014","5pm",0,95.75758,4.2424242
"015","5pm",1.0752688,94.35484,4.5698925
"016","5pm",0.7537688,96.48241,2.7638191
"017","5pm",3.1784841,95.11002,1.7114914
"018","5pm",0.7194245,97.84173,1.4388489
"019","5pm",0.7662835,94.25287,4.9808429
"020","5pm",3.125,93.22917,3.6458333
"021","5pm",0.5797101,95.36232,4.057971
"022","5pm",2.6954178,91.6442,5.6603774
"023","5pm",1.3215859,91.62996,7.0484581
"024","5pm",0,91.51515,8.4848485
"025","5pm",0.872093,97.96512,1.1627907
"026","5pm",0,92.78846,7.2115385
"027","5pm",3.7914692,88.15166,8.056872
"028","5pm",0.5128205,91.79487,7.6923077
"029","5pm",1.4084507,98.02817,0.5633803
"001","6pm",5.4736842,76,18.526316
"002","6pm",5.0691244,80.41475,14.516129
"003","6pm",7.2254335,73.12139,19.653179
"004","6pm",5.5099648,86.16647,8.323564
"005","6pm",5.8598726,85.09554,9.044586
"006","6pm",4.3580683,93.52179,2.120141
"007","6pm",4.2448174,84.69891,11.056269
"008","6pm",3.5789474,88.42105,8
"009","6pm",1.8306636,95.19451,2.974828
"010","6pm",4.6728972,90.03115,5.29595
"011","6pm",4.1343669,90.95607,4.909561
"012","6pm",6.626506,88.79518,4.578313
"013","6pm",6.1674009,90.30837,3.524229
"014","6pm",0,95.48193,4.518072
"015","6pm",1.0638298,94.68085,4.255319
"016","6pm",0.7352941,96.81373,2.45098
"017","6pm",3.0588235,95.05882,1.882353
"018","6pm",0.6802721,97.95918,1.360544
"019","6pm",0.7407407,94.44444,4.814815
"020","6pm",2.4630542,93.59606,3.940887
"021","6pm",0,95.42857,4.571429
"022","6pm",2.1505376,92.2043,5.645161
"023","6pm",1.2765957,91.48936,7.234043
"024","6pm",0,91.66667,8.333333
"025","6pm",0.8403361,97.7591,1.40056
"026","6pm",0,91.94313,8.056872
"027","6pm",3.6363636,89.09091,7.272727
"028","6pm",0.5319149,91.48936,7.978723
"029","6pm",1.1730205,98.82698,0
"001","7pm",6.1440678,77.11864,16.737288
"002","7pm",5.2132701,80.09479,14.691943
"003","7pm",6.9832402,72.6257,20.391061
"004","7pm",5.1373955,86.73835,8.124253
"005","7pm",5.6930693,85.14851,9.158416
"006","7pm",4.1666667,93.1713,2.662037
"007","7pm",4.0513834,84.78261,11.166008
"008","7pm",3.4343434,88.68687,7.878788
"009","7pm",2.0642202,94.72477,3.211009
"010","7pm",4.5045045,89.48949,6.006006
"011","7pm",4.0767386,91.1271,4.796163
"012","7pm",6.4593301,88.8756,4.665072
"013","7pm",6.1016949,89.9435,3.954802
"014","7pm",0,95.52239,4.477612
"015","7pm",1.0695187,94.38503,4.545455
"016","7pm",0.4728132,97.63593,1.891253
"017","7pm",2.8103044,95.55035,1.639344
"018","7pm",0.6818182,98.18182,1.136364
"019","7pm",0.7490637,94.38202,4.868914
"020","7pm",2.4390244,93.17073,4.390244
"021","7pm",0,95.81006,4.189944
"022","7pm",1.9337017,91.98895,6.077348
"023","7pm",1.2711864,92.37288,6.355932
"024","7pm",0.5714286,92,7.428571
"025","7pm",0.8450704,98.02817,1.126761
"026","7pm",0,91.50943,8.490566
"027","7pm",2.6785714,89.73214,7.589286
"028","7pm",0,91.84783,8.152174
"029","7pm",1.2578616,98.74214,0
"001","8pm",6.6508314,75.29691,18.052257
"002","8pm",5.5,78,16.5
"003","8pm",6.7934783,72.55435,20.652174
"004","8pm",4.9180328,86.75914,8.322825
"005","8pm",5.5214724,85.88957,8.588957
"006","8pm",4.031355,92.72116,3.24748
"007","8pm",4.0354331,84.44882,11.515748
"008","8pm",3.5343035,88.14969,8.316008
"009","8pm",1.5730337,95.2809,3.146067
"010","8pm",4.4776119,88.95522,6.567164
"011","8pm",3.8834951,91.50485,4.61165
"012","8pm",6.7155067,89.01099,4.273504
"013","8pm",5.3964758,90.85903,3.744493
"014","8pm",0,95.53571,4.464286
"015","8pm",1.0582011,94.70899,4.232804
"016","8pm",0.4608295,97.69585,1.843318
"017","8pm",2.690583,95.5157,1.793722
"018","8pm",0.6507592,98.26464,1.084599
"019","8pm",0.7246377,94.2029,5.072464
"020","8pm",2.3696682,92.891,4.739336
"021","8pm",0,95.97855,4.021448
"022","8pm",2.2038567,91.73554,6.060606
"023","8pm",1.2096774,92.74194,6.048387
"024","8pm",0.5555556,92.22222,7.222222
"025","8pm",0.8108108,98.10811,1.081081
"026","8pm",0,91.81818,8.181818
"027","8pm",2.5974026,90.04329,7.359307
"028","8pm",0,92.26804,7.731959
"029","8pm",1.5503876,98.44961,0
"001","9pm",6.1170213,71.80851,22.074468
"002","9pm",5.1212938,75.74124,19.137466
"003","9pm",6.0606061,73.55372,20.385675
"004","9pm",5.3404539,86.38184,8.277704
"005","9pm",5.1682692,86.65865,8.173077
"006","9pm",3.8420491,93.27641,2.881537
"007","9pm",4.6511628,84.39922,10.949612
"008","9pm",3.8812785,87.21461,8.90411
"009","9pm",1.6666667,95.41667,2.916667
"010","9pm",4.587156,89.60245,5.810398
"011","9pm",4.1062802,91.30435,4.589372
"012","9pm",6.7839196,88.8191,4.396985
"013","9pm",5.1502146,91.20172,3.648069
"014","9pm",0,95.70201,4.297994
"015","9pm",1.0498688,94.48819,4.461942
"016","9pm",0.4454343,97.99555,1.55902
"017","9pm",2.5586354,95.73561,1.705757
"018","9pm",0.6276151,98.32636,1.046025
"019","9pm",0.6756757,94.25676,5.067568
"020","9pm",2.293578,93.11927,4.587156
"021","9pm",0,95.90793,4.092072
"022","9pm",2.2099448,91.71271,6.077348
"023","9pm",1.1857708,92.88538,5.928854
"024","9pm",0.5494505,92.30769,7.142857
"025","9pm",0.7672634,98.20972,1.023018
"026","9pm",0,92.24138,7.758621
"027","9pm",2.5974026,90.04329,7.359307
"028","9pm",0,92.68293,7.317073
"029","9pm",1.5706806,98.42932,0
"001","10pm",6.6869301,71.12462,22.18845
"002","10pm",5.2785924,74.4868,20.234604
"003","10pm",6.3218391,72.41379,21.264368
"004","10pm",5.1930759,86.55126,8.255659
"005","10pm",5.3317536,86.49289,8.175355
"006","10pm",3.75,93.54167,2.708333
"007","10pm",4.784689,84.689,10.526316
"008","10pm",3.4722222,87.26852,9.259259
"009","10pm",1.6359918,95.50102,2.862986
"010","10pm",4.491018,89.52096,5.988024
"011","10pm",4.7058824,90.82353,4.470588
"012","10pm",6.7247821,88.6675,4.607721
"013","10pm",5.1308901,91.3089,3.560209
"014","10pm",0,96.02273,3.977273
"015","10pm",1.0282776,94.34447,4.627249
"016","10pm",0.4405286,98.01762,1.54185
"017","10pm",2.5316456,95.99156,1.476793
"018","10pm",0.6185567,98.14433,1.237113
"019","10pm",0.6622517,94.70199,4.635762
"020","10pm",2.2421525,93.27354,4.484305
"021","10pm",0,95.98997,4.010025
"022","10pm",2.1680217,92.14092,5.691057
"023","10pm",1.1764706,92.94118,5.882353
"024","10pm",0.5319149,92.55319,6.914894
"025","10pm",0.7371007,98.0344,1.228501
"026","10pm",0,92.34043,7.659574
"027","10pm",2.5641026,90.17094,7.264957
"028","10pm",0,92.891,7.109005
"029","10pm",1.4925373,98.50746,0
"001","11pm",7.2327044,69.81132,22.955975
"002","11pm",5.775076,72.64438,21.580547
"003","11pm",6.5902579,72.49284,20.916905
"004","11pm",5.0135501,86.72087,8.265583
"005","11pm",5.0767414,86.89492,8.028335
"006","11pm",3.5087719,93.91125,2.579979
"007","11pm",4.7938639,84.65964,10.5465
"008","11pm",3.5294118,87.05882,9.411765
"009","11pm",1.6064257,95.58233,2.811245
"010","11pm",4.6783626,89.47368,5.847953
"011","11pm",4.4392523,91.1215,4.439252
"012","11pm",6.8441065,88.46641,4.68948
"013","11pm",4.989605,91.47609,3.534304
"014","11pm",0,96.08939,3.910615
"015","11pm",1.0178117,94.40204,4.580153
"016","11pm",0.4405286,98.01762,1.54185
"017","11pm",2.5,96.04167,1.458333
"018","11pm",0.6085193,98.17444,1.217039
"019","11pm",0.6472492,94.82201,4.530744
"020","11pm",2.2421525,93.27354,4.484305
"021","11pm",0,96.00998,3.990025
"022","11pm",2.1857923,92.0765,5.737705
"023","11pm",1.1583012,93.05019,5.791506
"024","11pm",0.5263158,92.63158,6.842105
"025","11pm",0.7159905,98.09069,1.193317
"026","11pm",0,92.59259,7.407407
"027","11pm",2.5641026,90.17094,7.264957
"028","11pm",0,92.95775,7.042254
"029","11pm",1.6806723,98.31933,0
"001","12pm",7.028754,69.64856,23.322684
"002","12pm",5.5900621,72.67081,21.73913
"003","12pm",6.5714286,72.57143,20.857143
"004","12pm",5,86.89189,8.108108
"005","12pm",5.125149,86.76996,8.104887
"006","12pm",3.5971223,93.8335,2.569373
"007","12pm",4.7483381,84.80532,10.446344
"008","12pm",3.5545024,87.20379,9.241706
"009","12pm",1.6032064,95.59118,2.805611
"010","12pm",4.3604651,89.53488,6.104651
"011","12pm",4.4289044,91.14219,4.428904
"012","12pm",6.8181818,88.5101,4.671717
"013","12pm",4.9792531,91.49378,3.526971
"014","12pm",0,96.08939,3.910615
"015","12pm",1.0126582,94.43038,4.556962
"016","12pm",0.4385965,98.02632,1.535088
"017","12pm",2.4896266,96.05809,1.452282
"018","12pm",0.6085193,98.17444,1.217039
"019","12pm",0.6472492,94.82201,4.530744
"020","12pm",2.2222222,93.77778,4
"021","12pm",0,96.0396,3.960396
"022","12pm",2.1917808,92.05479,5.753425
"023","12pm",1.1583012,93.05019,5.791506
"024","12pm",0.5235602,92.67016,6.806283
"025","12pm",0.7075472,98.11321,1.179245
"026","12pm",0,92.68293,7.317073
"027","12pm",2.5641026,90.17094,7.264957
"028","12pm",0,92.99065,7.009346
"029","12pm",1.9607843,98.03922,0
"001","1am",7.073955,69.13183,23.794212
"002","1am",5.6074766,72.58567,21.806854
"003","1am",6.5340909,72.72727,20.738636
"004","1am",4.9865229,86.92722,8.086253
"005","1am",5.1068884,86.8171,8.07601
"006","1am",3.5823951,93.85875,2.558854
"007","1am",4.7393365,84.83412,10.42654
"008","1am",3.5545024,86.96682,9.478673
"009","1am",1.6032064,95.59118,2.805611
"010","1am",4.3859649,89.47368,6.140351
"011","1am",4.4083527,91.18329,4.408353
"012","1am",6.675063,88.66499,4.65995
"013","1am",4.9844237,91.48494,3.530633
"014","1am",0,96.08939,3.910615
"015","1am",1.0152284,94.41624,4.568528
"016","1am",0.4385965,98.24561,1.315789
"017","1am",2.4793388,96.07438,1.446281
"018","1am",0.6072874,98.17814,1.214575
"019","1am",0.6451613,94.83871,4.516129
"020","1am",2.2026432,93.8326,3.964758
"021","1am",0,96.0396,3.960396
"022","1am",2.1798365,92.09809,5.722071
"023","1am",1.1538462,93.07692,5.769231
"024","1am",0.5235602,92.67016,6.806283
"025","1am",0.7058824,98.11765,1.176471
"026","1am",0,92.68293,7.317073
"027","1am",2.5423729,90.25424,7.20339
"028","1am",0,92.99065,7.009346
"029","1am",2.1052632,97.89474,0
"001","2am",7.2131148,69.18033,23.606557
"002","2am",5.625,72.5,21.875
"003","2am",6.5527066,72.64957,20.797721
"004","2am",4.9932524,86.90958,8.097166
"005","2am",5.1068884,86.8171,8.07601
"006","2am",3.5787321,93.86503,2.556237
"007","2am",4.7348485,84.84848,10.416667
"008","2am",3.5460993,86.99764,9.456265
"009","2am",1.5968064,95.60878,2.794411
"010","2am",4.3859649,89.47368,6.140351
"011","2am",4.4083527,91.18329,4.408353
"012","2am",6.6834805,88.65069,4.665826
"013","2am",4.9689441,91.51139,3.519669
"014","2am",0,96.08939,3.910615
"015","2am",1.0152284,94.41624,4.568528
"016","2am",0.4385965,98.24561,1.315789
"017","2am",2.4793388,96.07438,1.446281
"018","2am",0.6072874,98.17814,1.214575
"019","2am",0.6451613,94.83871,4.516129
"020","2am",2.2123894,93.80531,3.982301
"021","2am",0,96.0396,3.960396
"022","2am",2.1798365,92.09809,5.722071
"023","2am",1.1538462,93.07692,5.769231
"024","2am",0.5263158,92.63158,6.842105
"025","2am",0.7042254,98.12207,1.173709
"026","2am",0,92.74194,7.258065
"027","2am",2.5531915,90.21277,7.234043
"028","2am",0,92.99065,7.009346
"029","2am",2.1276596,97.87234,0
"001","3am",7.2607261,69.30693,23.432343
"002","3am",5.6603774,72.64151,21.698113
"003","3am",6.5527066,72.64957,20.797721
"004","3am",4.9865229,86.92722,8.086253
"005","3am",5.1008304,86.71412,8.185053
"006","3am",3.5823951,93.85875,2.558854
"007","3am",4.7348485,84.84848,10.416667
"008","3am",3.5460993,86.99764,9.456265
"009","3am",1.5968064,95.60878,2.794411
"010","3am",4.3859649,89.47368,6.140351
"011","3am",4.4083527,91.41531,4.176334
"012","3am",6.6919192,88.63636,4.671717
"013","3am",4.9638056,91.52017,3.516029
"014","3am",0,96.08939,3.910615
"015","3am",1.0126582,94.43038,4.556962
"016","3am",0.4385965,98.24561,1.315789
"017","3am",2.4793388,96.07438,1.446281
"018","3am",0.6072874,98.17814,1.214575
"019","3am",0.6451613,94.83871,4.516129
"020","3am",2.2123894,93.80531,3.982301
"021","3am",0,96.04938,3.950617
"022","3am",2.1798365,92.09809,5.722071
"023","3am",1.1494253,93.10345,5.747126
"024","3am",0.5263158,92.63158,6.842105
"025","3am",0.7058824,98.11765,1.176471
"026","3am",0,92.74194,7.258065
"027","3am",2.5531915,90.21277,7.234043
"028","3am",0,92.95775,7.042254
"029","3am",2.1276596,97.87234,0
