"district","hour","occ1","occ2","occ3","occ4","occ5"
"001","4am",40.70588,5.647059,6.588235,41.41176,5.647059
"002","4am",29.32166,15.536105,4.376368,42.66958,8.09628
"003","4am",35.97679,8.510638,11.605416,33.65571,10.251451
"004","4am",40.46693,10.797665,4.571984,37.54864,6.614786
"005","4am",44.76797,11.191993,2.365787,37.30664,4.367607
"006","4am",52.92722,12.262658,3.560127,24.36709,6.882911
"007","4am",39.67213,8.655738,4.590164,39.14754,7.934426
"008","4am",45.67063,9.337861,4.244482,35.48387,5.263158
"009","4am",50.84485,12.442396,1.843318,28.41782,6.451613
"010","4am",44.19552,9.368635,1.832994,39.10387,5.498982
"011","4am",50.99819,14.700544,3.629764,27.04174,3.629764
"012","4am",47.74368,10.469314,3.610108,33.48375,4.693141
"013","4am",52.58481,13.489499,1.453958,27.46365,5.008078
"014","4am",47.97178,10.582011,3.880071,30.51146,7.054674
"015","4am",51.3468,7.912458,4.040404,29.79798,6.902357
"016","4am",55.32591,11.446741,3.338633,22.57552,7.313196
"017","4am",54.77997,11.532625,2.276176,26.70713,4.704097
"018","4am",55.70571,14.114114,3.303303,21.62162,5.255255
"019","4am",58.10811,10.03861,2.509653,21.62162,7.722008
"020","4am",46.45309,8.009153,2.28833,38.2151,5.034325
"021","4am",54.7993,8.376963,3.490401,24.78185,8.551483
"022","4am",46.33274,6.618962,2.683363,38.10376,6.261181
"023","4am",53.38208,9.506399,6.581353,23.94881,6.581353
"024","4am",54.48578,9.846827,3.501094,25.82057,6.345733
"025","4am",49.91708,9.286899,3.150912,31.01161,6.633499
"026","4am",45.73805,6.860707,2.910603,36.17464,8.316008
"027","4am",46.5368,9.090909,4.329004,32.90043,7.142857
"028","4am",59.07173,6.962025,2.109705,24.68354,7.172996
"029","4am",66.23377,9.090909,0,23.37662,1.298701
"001","5am",42.63039,5.442177,6.3492063,40.13605,5.4421769
"002","5am",29.56522,15.434783,4.3478261,42.6087,8.0434783
"003","5am",36.10039,8.494208,11.5830116,33.59073,10.2316602
"004","5am",40.13739,10.893032,4.5142296,37.88027,6.5750736
"005","5am",44.65753,11.232877,2.4657534,37.26027,4.3835616
"006","5am",52.75339,12.290503,3.5115722,24.5012,6.943336
"007","5am",39.36592,8.718626,4.6235139,39.29987,7.992074
"008","5am",44.59691,9.605489,4.4596913,36.02058,5.3173242
"009","5am",50.31056,12.57764,1.863354,28.72671,6.5217391
"010","5am",44.39919,9.368635,1.8329939,38.9002,5.4989817
"011","5am",50.3663,14.835165,3.6630037,27.47253,3.6630037
"012","5am",47.74368,10.469314,3.6101083,33.48375,4.6931408
"013","5am",52.19512,13.577236,1.4634146,27.72358,5.0406504
"014","5am",47.69504,10.638298,3.9007092,30.67376,7.0921986
"015","5am",51.26904,7.952623,3.891709,29.94924,6.9373942
"016","5am",54.41176,11.764706,3.4313725,22.87582,7.5163399
"017","5am",54.02477,11.764706,2.3219814,27.08978,4.7987616
"018","5am",54.94673,14.307458,3.348554,22.07002,5.3272451
"019","5am",57.89474,9.94152,2.5341131,21.83236,7.797271
"020","5am",46.08295,8.064516,2.3041475,38.47926,5.0691244
"021","5am",54.32099,8.465608,3.5273369,25.04409,8.6419753
"022","5am",45.56962,6.690778,2.7124774,38.69801,6.3291139
"023","5am",53.63636,9.454545,6.5454545,23.81818,6.5454545
"024","5am",53.9823,9.955752,3.539823,26.10619,6.4159292
"025","5am",49.58124,9.380235,3.1825796,31.15578,6.7001675
"026","5am",45.60669,6.903766,2.9288703,36.19247,8.3682008
"027","5am",46.06987,9.170306,4.3668122,33.18777,7.2052402
"028","5am",58.89831,6.991525,2.1186441,24.78814,7.2033898
"029","5am",76.27119,6.779661,0.8474576,15.25424,0.8474576
"001","6am",50.3861,4.826255,5.4054054,34.555985,4.8262548
"002","6am",30.06397,15.138593,4.2643923,42.430704,8.1023454
"003","6am",35.54688,8.59375,11.71875,33.984375,10.15625
"004","6am",40.90462,10.619469,4.5231072,37.463127,6.4896755
"005","6am",44.16058,11.313869,2.4635036,37.682482,4.379562
"006","6am",52.68215,12.2498,3.5228183,24.579664,6.9655725
"007","6am",37.82313,8.911565,4.7619048,40.340136,8.1632653
"008","6am",44.46337,10.051107,4.4293015,35.775128,5.2810903
"009","6am",48.27586,12.972085,1.9704433,30.049261,6.7323481
"010","6am",43.45114,9.56341,1.8711019,39.50104,5.6133056
"011","6am",47.36842,15.984405,3.8986355,28.849903,3.8986355
"012","6am",45.90781,10.912512,3.7629351,34.430856,4.985889
"013","6am",50.88458,13.984836,1.516428,28.390901,5.2232519
"014","6am",46.94245,10.791367,3.9568345,31.115108,7.1942446
"015","6am",55.71429,6.507937,3.6507937,27.619048,6.5079365
"016","6am",51.80723,12.22031,3.6144578,24.268503,8.0895009
"017","6am",52.01939,12.116317,2.4232633,28.271405,5.1696284
"018","6am",52.27273,14.935065,3.5714286,23.538961,5.6818182
"019","6am",55.74113,10.438413,2.2964509,23.382046,8.1419624
"020","6am",43.88489,8.393285,2.3980815,40.047962,5.2757794
"021","6am",52.06767,8.082707,3.7593985,26.879699,9.2105263
"022","6am",44.80874,7.285974,2.7322404,38.797814,6.3752277
"023","6am",51.89394,9.659091,6.8181818,24.810606,6.8181818
"024","6am",51.74825,10.25641,3.7296037,27.505828,6.7599068
"025","6am",45.65217,9.963768,3.442029,33.695652,7.2463768
"026","6am",44.00871,7.189542,3.0501089,37.037037,8.7145969
"027","6am",44.49438,9.438202,4.494382,34.157303,7.4157303
"028","6am",57.36264,7.252747,2.1978022,25.714286,7.4725275
"029","6am",86.94158,5.498282,0.3436426,6.872852,0.3436426
"001","7am",64.14201,6.982249,3.6686391,22.011834,3.1952663
"002","7am",36.93271,22.222222,3.1298905,31.611894,6.1032864
"003","7am",36.66667,7.647059,11.7647059,33.72549,10.1960784
"004","7am",44.54463,10.91073,4.0577096,34.535618,5.9513075
"005","7am",40.96586,16.819317,2.3313905,35.636969,4.2464613
"006","7am",51.47601,8.856089,4.0590406,27.675277,7.9335793
"007","7am",35.90876,6.769684,5.1508462,43.561442,8.6092715
"008","7am",47.73791,11.388456,3.900156,32.293292,4.6801872
"009","7am",38.97959,13.469388,2.4489796,36.938776,8.1632653
"010","7am",40.97222,7.407407,2.0833333,43.287037,6.25
"011","7am",42.09246,13.381995,4.622871,35.036496,4.86618
"012","7am",42.81314,10.061602,3.6960986,38.090349,5.338809
"013","7am",49.95234,10.581506,1.7159199,31.64919,6.1010486
"014","7am",44,9.6,4.6,34,7.8
"015","7am",59.08373,4.107425,3.6334913,27.014218,6.1611374
"016","7am",45.625,12.5,4.375,27.708333,9.7916667
"017","7am",45.05051,10.909091,2.6262626,35.353535,6.0606061
"018","7am",46.86869,13.131313,4.4444444,28.888889,6.6666667
"019","7am",49.87531,10.224439,2.7431421,27.431421,9.7256858
"020","7am",39.23706,7.356948,2.7247956,44.686649,5.9945504
"021","7am",46.83258,7.239819,4.5248869,30.995475,10.4072398
"022","7am",46.30631,6.486486,2.5225225,38.378378,6.3063063
"023","7am",50.41494,7.676349,7.4688797,26.970954,7.4688797
"024","7am",48.46154,10.512821,4.1025641,29.487179,7.4358974
"025","7am",37.77293,9.825328,4.1484716,39.956332,8.2969432
"026","7am",41.27358,6.132075,3.3018868,39.858491,9.4339623
"027","7am",41.80929,8.801956,5.1344743,35.94132,8.3129584
"028","7am",53.65854,8.04878,2.4390244,27.560976,8.2926829
"029","7am",88.61538,6.615385,0.1538462,4.307692,0.3076923
"001","8am",67.89798,8.355321,2.9023747,18.029903,2.8144239
"002","8am",39.79475,30.102623,2.7366021,23.261117,4.1049031
"003","8am",39.95943,5.070994,10.9533469,33.6714,10.3448276
"004","8am",48.23915,10.07371,3.8493038,32.022932,5.8149058
"005","8am",37.71044,19.276094,2.2727273,36.195286,4.5454545
"006","8am",49.20803,7.602957,4.5406547,29.883844,8.7645195
"007","8am",37.24296,4.569688,5.102818,44.402133,8.6824067
"008","8am",45.45455,17.613636,3.6931818,29.261364,3.9772727
"009","8am",34.14634,10.243902,3.1707317,43.414634,9.0243902
"010","8am",37.05584,6.598985,2.5380711,46.192893,7.6142132
"011","8am",41.06667,11.466667,5.0666667,36.8,5.6
"012","8am",42.59635,10.851927,3.6511156,37.525355,5.3752535
"013","8am",50.20367,6.822811,1.8329939,34.419552,6.7209776
"014","8am",45.95142,7.692308,4.6558704,34.412955,7.2874494
"015","8am",59.14333,3.459638,3.4596376,27.841845,6.0955519
"016","8am",44.14634,9.756098,4.6341463,30.97561,10.4878049
"017","8am",42.52336,10.280374,2.8037383,37.850467,6.5420561
"018","8am",42.55319,12.056738,5.2009456,32.387707,7.8014184
"019","8am",47.59207,9.631728,2.8328612,29.745042,10.1983003
"020","8am",36.20178,5.934718,2.9673591,48.071217,6.8249258
"021","8am",42.34694,7.142857,4.8469388,33.673469,11.9897959
"022","8am",46.74868,6.151142,2.8119508,38.31283,5.9753954
"023","8am",50.11236,7.191011,8.0898876,27.191011,7.4157303
"024","8am",47.31183,9.677419,4.3010753,30.913978,7.7956989
"025","8am",36.72457,6.947891,4.7146402,42.92804,8.6848635
"026","8am",38.65979,5.154639,3.3505155,42.783505,10.0515464
"027","8am",41.90231,7.197943,5.655527,36.760925,8.4832905
"028","8am",52.34375,8.59375,2.0833333,28.385417,8.59375
"029","8am",84.35814,7.335491,0.6472492,6.796117,0.8629989
"001","9am",67.02929,8.117155,2.9288703,18.493724,3.430962
"002","9am",40.76087,30.217391,2.3913043,22.608696,4.021739
"003","9am",39.00415,5.186722,10.9958506,35.062241,9.751037
"004","9am",48.65073,9.483423,4.0092521,31.996916,5.859676
"005","9am",37.89992,20.508614,2.4610336,34.700574,4.429861
"006","9am",49.49267,7.215333,4.8478016,29.988726,8.455468
"007","9am",36.36364,4.930663,5.0847458,44.607088,9.013867
"008","9am",45.85714,18,3.7142857,28.571429,3.857143
"009","9am",34.41734,10.0271,3.2520325,42.276423,10.0271
"010","9am",36.47959,6.887755,2.2959184,46.938776,7.397959
"011","9am",39.67828,9.919571,5.0938338,39.678284,5.630027
"012","9am",43.46979,10.526316,3.3138402,37.524366,5.165692
"013","9am",49.64753,6.545821,1.8126888,34.743202,7.250755
"014","9am",45.99589,7.597536,4.312115,34.702259,7.392197
"015","9am",60.33613,3.529412,3.1932773,27.226891,5.714286
"016","9am",44.35897,9.230769,4.6153846,31.538462,10.25641
"017","9am",43.55972,10.070258,2.8103044,37.236534,6.323185
"018","9am",43.36735,12.244898,4.8469388,32.142857,7.397959
"019","9am",45.99407,9.792285,3.264095,29.970326,10.979228
"020","9am",37.61468,5.810398,2.7522936,47.094801,6.727829
"021","9am",42.74611,6.994819,4.9222798,33.160622,12.176166
"022","9am",46.66667,6.306306,2.8828829,38.198198,5.945946
"023","9am",50.1182,7.328605,8.7470449,26.477541,7.328605
"024","9am",48.07692,9.615385,4.3956044,30.494505,7.417582
"025","9am",35.5615,6.951872,5.0802139,43.315508,9.090909
"026","9am",38.74346,4.973822,3.6649215,42.670157,9.947644
"027","9am",43.58289,7.486631,5.0802139,35.561497,8.28877
"028","9am",53.08311,8.847185,2.1447721,27.345845,8.579088
"029","9am",82.22656,7.128906,0.8789062,8.300781,1.464844
"001","10am",67.43421,8.305921,2.796053,18.17434,3.289474
"002","10am",40.6086,31.059811,2.203568,22.14061,3.987408
"003","10am",37.7551,4.693878,10.408163,36.93878,10.204082
"004","10am",47.25926,9.851852,4.148148,32.66667,6.074074
"005","10am",37.33221,21.224832,2.684564,34.0604,4.697987
"006","10am",49.94233,6.920415,4.844291,30.10381,8.189158
"007","10am",35.98094,4.845115,4.924543,45.1946,9.054805
"008","10am",45.17045,18.465909,3.551136,29.26136,3.551136
"009","10am",35.48387,10.557185,2.932551,42.22874,8.797654
"010","10am",37.5,6.25,2,47,7.25
"011","10am",39.94638,10.455764,5.093834,38.3378,6.16622
"012","10am",42.76127,10.258869,3.739214,36.91275,6.3279
"013","10am",50.51975,5.821206,1.871102,34.71933,7.068607
"014","10am",46.54088,7.127883,4.192872,34.80084,7.337526
"015","10am",61.16667,3.333333,3.5,26.66667,5.333333
"016","10am",45.01348,8.625337,5.121294,31.26685,9.973046
"017","10am",46.48241,10.552764,3.015075,33.9196,6.030151
"018","10am",43.54839,11.827957,5.107527,32.25806,7.258065
"019","10am",46.15385,9.846154,3.076923,29.53846,11.384615
"020","10am",36.875,6.25,3.125,47.1875,6.5625
"021","10am",43.53933,7.58427,4.775281,31.74157,12.359551
"022","10am",47.70642,6.605505,2.752294,36.69725,6.238532
"023","10am",50.97087,7.281553,8.980583,25.72816,7.038835
"024","10am",47.91086,9.749304,3.899721,31.19777,7.24234
"025","10am",36.75214,7.122507,4.558405,41.88034,9.68661
"026","10am",38.58696,5.163043,3.532609,42.93478,9.782609
"027","10am",44.23077,7.142857,5.494505,34.61538,8.516484
"028","10am",53.22129,9.243697,2.240896,26.61064,8.683473
"029","10am",79.72727,6.909091,1.181818,10.36364,1.818182
"001","11am",68.03005,8.180301,2.838063,17.61269,3.338898
"002","11am",40.19293,31.618435,2.357985,21.75777,4.072883
"003","11am",38.08511,5.106383,11.06383,35.95745,9.787234
"004","11am",47.61194,10.149254,4.328358,32.38806,5.522388
"005","11am",37.94532,21.209611,2.485501,34.13422,4.225352
"006","11am",49.15636,6.299213,5.061867,30.59618,8.886389
"007","11am",36.5016,5.271565,4.872204,44.08946,9.265176
"008","11am",45.6241,17.360115,3.873745,28.55093,4.591105
"009","11am",34.24658,9.315068,3.013699,43.0137,10.410959
"010","11am",37.91349,7.124682,1.526718,47.32824,6.10687
"011","11am",40.82687,10.077519,4.909561,38.50129,5.684755
"012","11am",42.45014,11.206078,3.608737,37.4169,5.318139
"013","11am",50.6263,6.158664,1.983299,34.34238,6.889353
"014","11am",47.40125,7.692308,3.950104,33.67983,7.276507
"015","11am",61.25828,2.980132,3.311258,26.82119,5.629139
"016","11am",42.67016,9.162304,5.235602,32.46073,10.471204
"017","11am",44.13965,10.224439,3.491272,35.66085,6.483791
"018","11am",42.32804,11.375661,4.761905,33.86243,7.671958
"019","11am",46.46154,10.153846,2.769231,30.15385,10.461538
"020","11am",36.36364,6.269592,2.821317,47.96238,6.583072
"021","11am",43.57542,6.98324,4.469274,32.40223,12.569832
"022","11am",48.27586,6.533575,2.722323,36.29764,6.170599
"023","11am",50.7109,7.109005,8.767773,26.06635,7.345972
"024","11am",47.86325,9.401709,3.988604,30.76923,7.977208
"025","11am",37.81513,7.002801,4.201681,40.89636,10.084034
"026","11am",40.05376,4.83871,3.494624,42.2043,9.408602
"027","11am",43.51351,7.297297,5.675676,35.40541,8.108108
"028","11am",53.57143,8.791209,2.472527,26.64835,8.516484
"029","11am",79.41976,6.799637,1.087942,11.15141,1.541251
"001","12am",66.23489,8.80829,3.108808,18.56649,3.28152
"002","12am",38.77996,31.917211,2.178649,22.87582,4.248366
"003","12am",37.5,4.583333,11.875,36.25,9.791667
"004","12am",47.95539,10.557621,4.01487,31.89591,5.576208
"005","12am",38.66891,21.566976,2.274642,33.02443,4.465038
"006","12am",50,6,4.777778,30.22222,9
"007","12am",36.59128,5.169628,4.765751,44.26494,9.208401
"008","12am",44.86804,16.86217,3.958944,30.35191,3.958944
"009","12am",36.24679,8.74036,2.827763,42.15938,10.025707
"010","12am",36.73469,6.377551,1.785714,47.95918,7.142857
"011","12am",39.13043,10.230179,5.11509,39.13043,6.393862
"012","12am",43.51939,10.879849,3.97351,36.51845,5.108798
"013","12am",50.52521,6.512605,1.995798,34.34874,6.617647
"014","12am",46.75052,7.966457,3.983229,33.75262,7.54717
"015","12am",60.63123,3.322259,3.654485,26.9103,5.481728
"016","12am",42.93059,10.025707,4.884319,31.87661,10.282776
"017","12am",43.82567,9.443099,3.389831,36.56174,6.779661
"018","12am",42.51969,11.548556,4.986877,33.33333,7.611549
"019","12am",46.43963,9.597523,3.095975,30.95975,9.907121
"020","12am",36.28049,6.402439,2.743902,48.17073,6.402439
"021","12am",44.81793,6.722689,4.201681,32.77311,11.484594
"022","12am",48.35766,6.569343,2.737226,36.49635,5.839416
"023","12am",51.20192,7.211538,8.173077,26.68269,6.730769
"024","12am",48.74652,8.913649,4.178273,30.08357,8.077994
"025","12am",37.91209,7.142857,4.67033,40.65934,9.615385
"026","12am",40.70081,4.851752,3.504043,40.97035,9.973046
"027","12am",43.83562,7.123288,5.479452,35.06849,8.493151
"028","12am",54.3956,8.791209,2.472527,26.0989,8.241758
"029","12am",78.84788,6.660666,0.720072,12.15122,1.620162
"001","1pm",65.14658,8.061889,3.257329,20.52117,3.013029
"002","1pm",39.91507,32.484076,2.547771,21.23142,3.821656
"003","1pm",38.57442,4.612159,11.320755,35.84906,9.643606
"004","1pm",46.98457,10.378682,4.067321,32.8892,5.680224
"005","1pm",38.23789,23.0837,2.378855,31.62996,4.669604
"006","1pm",51.00592,5.798817,4.497041,29.70414,8.994083
"007","1pm",36.08414,4.935275,4.773463,44.66019,9.546926
"008","1pm",45.90164,17.883756,3.725782,28.61401,3.874814
"009","1pm",36.41457,8.963585,3.361345,40.89636,10.364146
"010","1pm",36.65835,6.234414,1.995012,48.87781,6.234414
"011","1pm",37.37624,9.653465,4.207921,41.58416,7.178218
"012","1pm",41.65872,10.867493,3.813155,37.65491,6.00572
"013","1pm",51.09489,5.735141,2.294056,33.57664,7.29927
"014","1pm",45.99156,7.594937,4.852321,33.75527,7.805907
"015","1pm",61.55143,3.372681,3.878583,26.13828,5.059022
"016","1pm",43.08511,10.106383,4.787234,31.91489,10.106383
"017","1pm",44.97608,8.61244,3.588517,36.36364,6.45933
"018","1pm",44.14894,11.170213,4.521277,32.44681,7.712766
"019","1pm",47.83951,9.567901,3.703704,29.32099,9.567901
"020","1pm",37.13355,6.514658,2.605863,47.88274,5.863192
"021","1pm",45.45455,6.818182,4.261364,33.23864,10.227273
"022","1pm",49.07407,7.037037,2.962963,35,5.925926
"023","1pm",51.49254,7.462687,7.711443,27.11443,6.218905
"024","1pm",49.42197,9.248555,4.33526,29.47977,7.514451
"025","1pm",39.52802,7.374631,4.424779,38.93805,9.734513
"026","1pm",40.94708,4.735376,3.342618,40.66852,10.306407
"027","1pm",43.69748,7.843137,5.602241,34.17367,8.683473
"028","1pm",55.7377,9.016393,2.459016,24.86339,7.923497
"029","1pm",77.4166,6.41574,0.855432,13.34474,1.967494
"001","2pm",65.56837,8.649094,2.8830313,20.26359,2.635914
"002","2pm",40.75676,31.243243,2.4864865,21.40541,4.108108
"003","2pm",38.22894,4.967603,10.7991361,36.06911,9.935205
"004","2pm",45.94401,10.409189,3.5175879,34.458,5.671213
"005","2pm",38.89876,22.291297,2.6642984,31.17229,4.973357
"006","2pm",51.55131,6.205251,4.5346062,29.23628,8.472554
"007","2pm",36.44481,5.194805,4.9512987,43.83117,9.577922
"008","2pm",46.61871,17.266187,3.8848921,28.34532,3.884892
"009","2pm",35.67416,10.955056,3.0898876,40.16854,10.11236
"010","2pm",36.87003,7.161804,1.5915119,47.48011,6.896552
"011","2pm",34.89933,9.395973,4.2505593,45.19016,6.263982
"012","2pm",42.44742,10.803059,4.206501,36.80688,5.736138
"013","2pm",52.62594,6.216506,2.2508039,31.72562,7.181136
"014","2pm",46.36175,7.692308,5.1975052,33.05613,7.692308
"015","2pm",61.4601,3.225806,3.7351443,26.48557,5.093379
"016","2pm",45.31646,9.873418,4.0506329,30.63291,10.126582
"017","2pm",46.89655,7.816092,3.4482759,34.71264,7.126437
"018","2pm",43.78238,11.658031,5.1813472,31.60622,7.772021
"019","2pm",47.53086,10.185185,3.7037037,28.7037,9.876543
"020","2pm",37.62376,6.270627,2.970297,47.19472,5.940594
"021","2pm",44.32133,7.479224,4.9861496,32.96399,10.249307
"022","2pm",48.73188,6.884058,2.7173913,35.32609,6.34058
"023","2pm",50,7.435897,7.9487179,27.69231,6.923077
"024","2pm",49.72222,9.166667,4.4444444,29.44444,7.222222
"025","2pm",38.77551,8.163265,4.3731778,39.06706,9.620991
"026","2pm",41.32231,5.23416,3.5812672,39.11846,10.743802
"027","2pm",43.62606,7.932011,5.3824363,34.27762,8.78187
"028","2pm",56.41711,8.823529,2.4064171,24.59893,7.754011
"029","2pm",78.07018,6.491228,0.6140351,13.24561,1.578947
"001","3pm",67.4333,5.795768,3.3118675,20.79117,2.667893
"002","3pm",43.35329,27.185629,2.8742515,22.39521,4.191617
"003","3pm",38.58921,6.224066,10.373444,35.06224,9.751037
"004","3pm",46.83841,9.758002,3.4348165,34.19204,5.776737
"005","3pm",39.20863,20.503597,2.6978417,32.73381,4.856115
"006","3pm",49.73433,8.926674,4.1445271,28.79915,8.395324
"007","3pm",35.53259,6.995231,4.8489666,43.32273,9.300477
"008","3pm",49.77099,11.145038,3.9694656,30.22901,4.885496
"009","3pm",39.49367,11.64557,2.5316456,37.72152,8.607595
"010","3pm",38.44282,8.272506,1.703163,45.49878,6.082725
"011","3pm",37.35763,12.984055,4.5558087,40.09112,5.01139
"012","3pm",42.71457,10.179641,4.2914172,37.12575,5.688623
"013","3pm",51.04895,9.79021,1.7982018,31.16883,6.193806
"014","3pm",46.72131,7.581967,4.5081967,32.9918,8.196721
"015","3pm",59.35919,4.215852,3.8785835,27.31872,5.227656
"016","3pm",47.23502,10.138249,3.9170507,29.95392,8.75576
"017","3pm",46.88172,9.462366,3.2258065,33.54839,6.88172
"018","3pm",42.28029,12.589074,4.7505938,32.7791,7.60095
"019","3pm",47.72727,10.795455,3.6931818,27.27273,10.511364
"020","3pm",38.46154,6.089744,2.8846154,47.4359,5.128205
"021","3pm",44.73008,8.48329,4.6272494,32.13368,10.025707
"022","3pm",48.72727,6.181818,2.7272727,36,6.363636
"023","3pm",46.77003,8.268734,8.2687339,28.94057,7.751938
"024","3pm",50.26738,9.090909,4.2780749,29.41176,6.951872
"025","3pm",39.74026,8.311688,4.1558442,38.44156,9.350649
"026","3pm",40.3794,5.96206,3.5230352,39.5664,10.569106
"027","3pm",43.96783,8.310992,5.0938338,34.31635,8.310992
"028","3pm",56.58915,8.527132,2.3255814,25.5814,6.976744
"029","3pm",78.75648,5.906736,0.7253886,12.95337,1.658031
"001","4pm",60.67839,6.407035,4.271357,25.25126,3.39196
"002","4pm",42.69972,23.553719,3.305785,26.03306,4.407713
"003","4pm",37.42072,6.976744,10.993658,34.03805,10.570825
"004","4pm",45.94595,10.726351,3.547297,33.36149,6.418919
"005","4pm",38.31776,17.476636,2.616822,36.82243,4.766355
"006","4pm",51.82342,10.364683,3.742802,26.39155,7.677543
"007","4pm",35.60372,7.894737,4.566563,42.87926,9.055728
"008","4pm",50.68285,9.104704,4.097117,31.41123,4.704097
"009","4pm",43.88186,11.392405,2.320675,35.0211,7.383966
"010","4pm",40.36281,8.390023,1.587302,42.85714,6.802721
"011","4pm",46.86192,12.970711,4.393305,30.96234,4.811715
"012","4pm",46.45975,8.729389,4.073715,35.98448,4.752667
"013","4pm",52.36014,12.5,1.660839,28.14685,5.332168
"014","4pm",47.51491,8.151093,4.572565,32.00795,7.753479
"015","4pm",53.87454,5.350554,4.243542,30.62731,5.904059
"016","4pm",49.20319,10.557769,3.984064,28.08765,8.167331
"017","4pm",50.57252,10.305344,2.862595,29.96183,6.29771
"018","4pm",49.6,12.4,4.2,27.4,6.4
"019","4pm",52.10918,10.421836,3.225806,24.56576,9.677419
"020","4pm",41.09195,7.183908,2.586207,44.54023,4.597701
"021","4pm",48.32215,8.724832,4.026846,29.97763,8.948546
"022","4pm",47.25898,5.482042,2.835539,37.61815,6.805293
"023","4pm",48.91566,8.192771,8.192771,27.46988,7.228916
"024","4pm",51.13924,9.620253,3.797468,28.35443,7.088608
"025","4pm",43.41253,9.287257,3.671706,35.42117,8.207343
"026","4pm",41.23457,6.17284,3.209877,39.50617,9.876543
"027","4pm",44.52926,8.396947,4.834606,34.35115,7.888041
"028","4pm",56.89655,8.128079,2.216749,25.36946,7.389163
"029","4pm",76.96246,6.65529,1.194539,13.65188,1.535836
"001","5pm",50.7799,7.97227,5.199307,31.88908,4.159445
"002","5pm",35,21.666667,4,32.83333,6.5
"003","5pm",35.65574,7.991803,11.680328,33.81148,10.860656
"004","5pm",43.84546,11.410602,3.773585,34.59119,6.379155
"005","5pm",42.6079,14.600551,2.295684,36.17998,4.315886
"006","5pm",53.27434,10.79646,3.539823,25.48673,6.902655
"007","5pm",38.50073,7.860262,4.730713,40.46579,8.442504
"008","5pm",47.7707,9.076433,4.140127,33.43949,5.573248
"009","5pm",48.23091,11.173184,2.420857,31.47114,6.703911
"010","5pm",43.38395,9.544469,1.518438,39.47939,6.073753
"011","5pm",48.58871,13.709677,3.830645,29.23387,4.637097
"012","5pm",47.99253,9.150327,3.828198,34.54715,4.481793
"013","5pm",52.57732,12.714777,1.632302,27.92096,5.154639
"014","5pm",46.49805,8.754864,4.474708,32.87938,7.392996
"015","5pm",53.19927,6.032907,4.204753,30.34735,6.215722
"016","5pm",53.04659,10.215054,3.584229,25.26882,7.885305
"017","5pm",54.43478,9.391304,2.434783,28.52174,5.217391
"018","5pm",54.02098,11.713287,3.846154,25.17483,5.244755
"019","5pm",54.31235,10.48951,3.030303,22.84382,9.324009
"020","5pm",44.64752,6.788512,2.610966,40.99217,4.960836
"021","5pm",51.91147,9.054326,3.822938,26.15694,9.054326
"022","5pm",46.48148,5.555556,2.777778,38.7037,6.481481
"023","5pm",50.35294,8,8,26.35294,7.294118
"024","5pm",52.51799,9.832134,3.83693,27.09832,6.714628
"025","5pm",47.09302,9.302326,2.906977,33.33333,7.364341
"026","5pm",43.43675,5.727924,3.102625,38.42482,9.307876
"027","5pm",45.87379,8.252427,4.61165,33.98058,7.281553
"028","5pm",59.53488,7.674419,2.093023,23.72093,6.976744
"029","5pm",67.2973,10.540541,1.621622,18.10811,2.432432
"001","6pm",47.63514,8.614865,4.72973,34.29054,4.72973
"002","6pm",35.04425,19.292035,4.424779,34.51327,6.725664
"003","6pm",36.97813,7.355865,10.735586,34.39364,10.536779
"004","6pm",41.9964,12.230216,4.496403,35.07194,6.205036
"005","6pm",44.39072,11.895551,2.417795,36.75048,4.545455
"006","6pm",52.77281,11.270125,3.309481,25.5814,7.06619
"007","6pm",39.76073,7.529909,4.503871,39.97185,8.233638
"008","6pm",46.26391,9.856916,4.610493,33.70429,5.564388
"009","6pm",48.75,11.785714,1.964286,31.25,6.25
"010","6pm",43.92936,8.830022,1.986755,39.2936,5.960265
"011","6pm",50.1006,13.8833,3.822938,28.57143,3.62173
"012","6pm",47.64919,10.488246,3.435805,33.5443,4.882459
"013","6pm",52.46327,13.656007,1.469317,27.31201,5.099395
"014","6pm",46.40777,8.932039,4.466019,33.00971,7.184466
"015","6pm",53.17604,6.715064,3.811252,29.94555,6.352087
"016","6pm",55.10563,10.035211,3.521127,24.11972,7.21831
"017","6pm",54.99154,10.490694,2.707276,26.90355,4.906937
"018","6pm",54.69799,12.248322,3.52349,24.16107,5.369128
"019","6pm",55.50459,9.862385,2.981651,22.24771,9.40367
"020","6pm",44.41624,7.360406,2.791878,40.35533,5.076142
"021","6pm",52.58964,8.964143,3.386454,26.09562,8.964143
"022","6pm",46.02588,5.730129,2.772643,39.00185,6.469501
"023","6pm",50.92593,7.87037,7.87037,26.15741,7.175926
"024","6pm",52.74463,9.546539,3.818616,27.20764,6.682578
"025","6pm",48.9603,9.640832,3.024575,31.75803,6.616257
"026","6pm",43.46793,6.175772,3.087886,38.24228,9.026128
"027","6pm",47.03088,8.551069,4.275534,33.49169,6.650831
"028","6pm",59.81087,7.565012,2.12766,23.64066,6.855792
"029","6pm",64.97175,12.146893,2.259887,17.23164,3.389831
"001","7pm",46.6893,7.979626,4.75382,35.48387,5.093379
"002","7pm",34.05797,19.746377,4.528986,34.60145,7.065217
"003","7pm",36.96498,8.560311,10.311284,33.85214,10.311284
"004","7pm",41.5146,12.5,4.470803,35.4927,6.021898
"005","7pm",44.74929,10.879849,2.743614,36.80227,4.824976
"006","7pm",51.98588,11.650485,3.353928,25.59576,7.413945
"007","7pm",40.14085,7.464789,4.647887,39.50704,8.239437
"008","7pm",47.76579,9.553159,4.160247,33.74422,4.776579
"009","7pm",48.92473,11.290323,1.971326,31.54122,6.272401
"010","7pm",44.51613,8.817204,1.72043,38.70968,6.236559
"011","7pm",50.85389,14.041746,3.605313,27.89374,3.605313
"012","7pm",47.03237,10.881295,3.417266,33.99281,4.676259
"013","7pm",52.38095,13.40388,1.499118,27.86596,4.850088
"014","7pm",47.2973,9.266409,4.247104,32.23938,6.949807
"015","7pm",51.54827,7.103825,3.825137,30.78324,6.739526
"016","7pm",55.06003,10.806175,3.602058,23.49914,7.03259
"017","7pm",56.32378,9.612142,2.698145,26.64418,4.721754
"018","7pm",54.88215,12.457912,3.535354,23.73737,5.387205
"019","7pm",55.6582,9.468822,3.002309,21.93995,9.930716
"020","7pm",44.69697,7.070707,2.777778,40.65657,4.79798
"021","7pm",52.94118,9.019608,3.333333,26.07843,8.627451
"022","7pm",45.95104,5.461394,2.636535,39.73635,6.214689
"023","7pm",51.27021,7.621247,7.852194,26.097,7.159353
"024","7pm",53.52113,9.15493,3.755869,26.99531,6.57277
"025","7pm",49.04943,9.505703,3.231939,31.36882,6.844106
"026","7pm",43.83886,6.398104,3.080569,37.67773,9.004739
"027","7pm",46.82353,8,4.470588,33.64706,7.058824
"028","7pm",59.18854,7.637232,2.386635,23.62768,7.159905
"029","7pm",63.33333,12.121212,1.818182,19.09091,3.636364
"001","8pm",44.23792,7.806691,4.64684,37.91822,5.390335
"002","8pm",33.77358,18.113208,4.150943,36.41509,7.54717
"003","8pm",37.78626,8.396947,10.877863,33.20611,9.732824
"004","8pm",40.72312,13.701237,4.376784,34.72883,6.470029
"005","8pm",43.70301,10.620301,2.725564,38.25188,4.699248
"006","8pm",52.83993,11.359725,3.356282,25.3012,7.142857
"007","8pm",40.12649,7.167955,4.708363,39.70485,8.29234
"008","8pm",47.24409,9.92126,4.251969,33.70079,4.88189
"009","8pm",48.85362,11.992945,1.763668,31.21693,6.17284
"010","8pm",44.96788,8.993576,1.713062,38.75803,5.567452
"011","8pm",51.341,14.176245,3.639847,27.58621,3.256705
"012","8pm",47.67123,10.684932,3.561644,33.42466,4.657534
"013","8pm",52.03111,13.050994,1.382887,28.26275,5.272256
"014","8pm",47.39884,9.055877,4.238921,32.17726,7.129094
"015","8pm",50.99458,7.052441,3.9783,31.28391,6.690778
"016","8pm",54.88215,10.774411,3.535354,23.73737,7.070707
"017","8pm",55.55556,10.130719,2.777778,26.63399,4.901961
"018","8pm",56.91057,12.520325,2.926829,22.60163,5.04065
"019","8pm",56.1086,9.728507,2.941176,21.71946,9.502262
"020","8pm",45.52239,6.965174,2.736318,40.04975,4.726368
"021","8pm",53.52381,9.142857,3.428571,25.71429,8.190476
"022","8pm",46.61654,5.639098,2.631579,38.7218,6.390977
"023","8pm",50.78652,7.865169,8.089888,26.29213,6.966292
"024","8pm",54.06032,9.280742,3.712297,26.68213,6.264501
"025","8pm",48.98336,9.796673,3.142329,30.86876,7.208872
"026","8pm",43.48837,6.511628,3.023256,37.90698,9.069767
"027","8pm",47.22222,8.101852,4.398148,33.33333,6.944444
"028","8pm",58.97436,7.459207,2.331002,24.24242,6.993007
"029","8pm",63.15789,12.781955,2.631579,16.91729,4.511278
"001","9pm",43.00203,8.51927,5.679513,37.11968,5.679513
"002","9pm",32.53493,17.764471,3.992016,37.92415,7.784431
"003","9pm",37.37958,8.092486,10.982659,33.91137,9.633911
"004","9pm",39.92056,12.313803,4.468719,36.7428,6.554121
"005","9pm",44.31082,11.100833,2.590194,37.55782,4.440333
"006","9pm",53.02905,11.618257,3.40249,24.89627,7.053942
"007","9pm",39.81932,7.505212,4.656011,39.74983,8.269632
"008","9pm",46.4527,9.628378,4.560811,33.9527,5.405405
"009","9pm",50.16611,11.960133,1.66113,30.23256,5.980066
"010","9pm",44.1048,8.733624,1.965066,39.30131,5.895197
"011","9pm",50.9542,13.549618,3.816794,28.05344,3.625954
"012","9pm",47.89916,10.457516,3.454715,33.23996,4.948646
"013","9pm",52.49788,12.955123,1.524132,27.85775,5.165114
"014","9pm",47.93233,9.962406,4.135338,31.01504,6.954887
"015","9pm",51.07914,7.194245,3.956835,30.93525,6.834532
"016","9pm",54.76974,10.690789,3.453947,24.17763,6.907895
"017","9pm",55.27559,10.866142,2.677165,26.45669,4.724409
"018","9pm",56.64557,12.5,3.006329,22.78481,5.063291
"019","9pm",56.61605,9.544469,2.819957,22.12581,8.893709
"020","9pm",45.83333,7.598039,2.696078,39.21569,4.656863
"021","9pm",53.407,9.208103,3.499079,25.59853,8.287293
"022","9pm",45.95104,6.026365,2.824859,38.79473,6.403013
"023","9pm",50.88889,8.222222,7.777778,26.22222,6.888889
"024","9pm",54.04157,9.468822,3.69515,26.55889,6.235566
"025","9pm",49.64413,9.608541,3.024911,30.60498,7.117438
"026","9pm",43.8914,6.334842,2.941176,38.00905,8.823529
"027","9pm",47.22222,7.87037,4.398148,33.7963,6.712963
"028","9pm",59.31818,7.5,2.272727,24.09091,6.818182
"029","9pm",67.17172,15.151515,1.515152,12.62626,3.535354
"001","10pm",41.92825,7.623318,6.502242,38.340807,5.605381
"002","10pm",31.42251,15.711253,4.03397,40.552017,8.280255
"003","10pm",37.30159,8.928571,11.507937,32.738095,9.52381
"004","10pm",40.13875,11.199207,4.658077,37.363726,6.640238
"005","10pm",44.27131,11.27406,2.474794,37.488543,4.491292
"006","10pm",53.09446,11.807818,3.338762,24.7557,7.003257
"007","10pm",39.65517,7.862069,4.551724,39.655172,8.275862
"008","10pm",45.98291,9.059829,4.444444,35.042735,5.470085
"009","10pm",50.2455,11.783961,1.800327,30.114566,6.055646
"010","10pm",43.96552,8.62069,1.939655,39.655172,5.818966
"011","10pm",50.65666,14.258912,3.939962,27.39212,3.752345
"012","10pm",48.14471,10.38961,3.525046,33.116883,4.823748
"013","10pm",52.24252,13.704319,1.495017,27.491694,5.066445
"014","10pm",48.03738,10.280374,4.11215,30.654206,6.915888
"015","10pm",51.41844,7.269504,3.900709,30.673759,6.737589
"016","10pm",55.13866,10.766721,3.425775,23.65416,7.014682
"017","10pm",55.55556,10.328638,2.503912,26.760563,4.85133
"018","10pm",55.86854,12.989045,3.12989,22.535211,5.477308
"019","10pm",56.95931,9.635974,2.783726,22.055675,8.56531
"020","10pm",46.24697,7.506053,2.663438,39.225182,4.358354
"021","10pm",54,8.909091,3.454545,25.454545,8.181818
"022","10pm",46.28253,5.762082,2.788104,38.66171,6.505576
"023","10pm",50.77605,8.425721,7.760532,26.16408,6.873614
"024","10pm",53.75854,9.567198,3.644647,26.651481,6.378132
"025","10pm",50,9.861592,2.941176,30.276817,6.920415
"026","10pm",43.59551,6.741573,2.921348,37.977528,8.764045
"027","10pm",47.35632,8.045977,4.367816,33.103448,7.126437
"028","10pm",59.86547,7.399103,2.242152,23.766816,6.726457
"029","10pm",73.04965,13.475177,2.12766,9.219858,2.12766
"001","11pm",41.01382,7.603687,6.682028,39.170507,5.529954
"002","11pm",30.34934,15.065502,4.148472,42.139738,8.296943
"003","11pm",36.70635,8.730159,11.507937,33.333333,9.722222
"004","11pm",40.36145,10.943775,4.518072,37.449799,6.726908
"005","11pm",44.37328,11.253431,2.470265,37.328454,4.574565
"006","11pm",53.11237,12.045271,3.31447,24.575586,6.952304
"007","11pm",39.30796,8.027682,4.636678,39.723183,8.304498
"008","11pm",45.84775,8.650519,4.49827,35.640138,5.363322
"009","11pm",50.48387,11.935484,1.774194,29.677419,6.129032
"010","11pm",44.27966,8.898305,1.90678,39.194915,5.720339
"011","11pm",50.93284,14.179104,3.731343,27.425373,3.731343
"012","11pm",47.78928,10.442145,3.574788,33.490122,4.703669
"013","11pm",52.44003,13.399504,1.488834,27.543424,5.128205
"014","11pm",47.96296,10.37037,4.074074,30.37037,7.222222
"015","11pm",51.05634,7.21831,4.225352,30.633803,6.866197
"016","11pm",55.79119,10.440457,3.262643,23.491028,7.014682
"017","11pm",55.50388,10.542636,2.48062,26.666667,4.806202
"018","11pm",55.81395,13.488372,3.255814,22.015504,5.426357
"019","11pm",57.173,9.915612,2.742616,21.729958,8.438819
"020","11pm",46.4891,7.506053,2.421308,39.225182,4.358354
"021","11pm",53.72051,9.255898,3.448276,25.408348,8.166969
"022","11pm",46.72897,5.420561,2.803738,38.691589,6.35514
"023","11pm",50.98901,8.571429,7.692308,25.934066,6.813187
"024","11pm",53.7415,9.52381,3.628118,26.530612,6.575964
"025","11pm",50.16949,9.661017,3.050847,30.338983,6.779661
"026","11pm",44.15011,6.843267,2.869757,37.306843,8.830022
"027","11pm",47.12644,8.045977,4.367816,33.333333,7.126437
"028","11pm",60.04464,7.366071,2.232143,23.660714,6.696429
"029","11pm",72.13115,14.754098,1.639344,9.016393,2.459016
"001","12pm",40.32634,7.226107,6.759907,39.86014,5.827506
"002","12pm",30.37694,13.968958,4.21286,43.015521,8.425721
"003","12pm",36.83168,8.712871,11.485149,33.267327,9.70297
"004","12pm",40.38076,11.022044,4.509018,37.374749,6.713427
"005","12pm",44.14747,11.24424,2.488479,37.603687,4.516129
"006","12pm",52.98387,12.177419,3.306452,24.596774,6.935484
"007","12pm",39.5189,7.972509,4.604811,39.587629,8.316151
"008","12pm",45.91304,8.521739,4.521739,35.652174,5.391304
"009","12pm",50.56361,12.077295,1.771337,29.468599,6.119163
"010","12pm",44.72574,9.07173,1.898734,38.818565,5.485232
"011","12pm",51.02421,14.33892,3.724395,27.188082,3.724395
"012","12pm",47.8424,10.412758,3.564728,33.395872,4.78424
"013","12pm",52.436,13.377374,1.486375,27.580512,5.119736
"014","12pm",47.96296,10.37037,4.074074,30.37037,7.222222
"015","12pm",51.05263,7.192982,4.210526,30.526316,7.017544
"016","12pm",55.93496,10.406504,3.252033,23.577236,6.829268
"017","12pm",55.79598,10.510046,2.472952,26.429675,4.791345
"018","12pm",55.96899,13.333333,3.255814,22.015504,5.426357
"019","12pm",57.173,9.915612,2.742616,21.729958,8.438819
"020","12pm",46.26506,7.46988,2.409639,39.277108,4.578313
"021","12pm",53.97112,9.205776,3.429603,25.270758,8.122744
"022","12pm",46.81648,5.430712,2.808989,38.576779,6.367041
"023","12pm",50.98901,8.571429,7.692308,25.934066,6.813187
"024","12pm",53.84615,9.502262,3.61991,26.470588,6.561086
"025","12pm",50.42017,9.579832,3.02521,30.252101,6.722689
"026","12pm",44.29825,6.798246,2.850877,37.280702,8.77193
"027","12pm",47.12644,8.045977,4.367816,33.333333,7.126437
"028","12pm",59.91091,7.349666,2.227171,23.830735,6.681514
"029","12pm",69.90291,17.475728,1.941748,8.737864,1.941748
"001","1am",40.28103,7.259953,6.791569,40.046838,5.620609
"002","1am",30.22222,14,4.222222,43.111111,8.444444
"003","1am",36.88363,8.678501,11.439842,33.333333,9.664694
"004","1am",40.5,11,4.5,37.3,6.7
"005","1am",44.20956,11.213235,2.481618,37.591912,4.503676
"006","1am",53.13505,12.138264,3.29582,24.517685,6.913183
"007","1am",39.60192,7.961565,4.59849,39.601922,8.236102
"008","1am",45.91304,8.521739,4.521739,35.652174,5.391304
"009","1am",50.56361,12.077295,1.771337,29.468599,6.119163
"010","1am",44.49153,9.110169,1.90678,38.983051,5.508475
"011","1am",51.02041,14.285714,3.710575,27.272727,3.710575
"012","1am",48.03371,10.299625,3.558052,33.333333,4.775281
"013","1am",52.47934,13.305785,1.487603,27.603306,5.123967
"014","1am",47.96296,10.37037,4.074074,30.37037,7.222222
"015","1am",50.96661,7.205624,4.217926,30.579965,7.029877
"016","1am",55.93496,10.406504,3.252033,23.577236,6.829268
"017","1am",55.55556,10.802469,2.469136,26.388889,4.783951
"018","1am",56.03715,13.312693,3.250774,21.981424,5.417957
"019","1am",57.26316,9.894737,2.736842,21.684211,8.421053
"020","1am",46.52278,7.434053,2.398082,39.088729,4.556355
"021","1am",53.97112,9.205776,3.429603,25.270758,8.122744
"022","1am",46.82836,5.410448,2.798507,38.432836,6.529851
"023","1am",51.09649,8.552632,7.675439,25.877193,6.798246
"024","1am",53.84615,9.502262,3.61991,26.470588,6.561086
"025","1am",50.50336,9.563758,3.020134,30.201342,6.711409
"026","1am",44.29825,6.798246,2.850877,37.280702,8.77193
"027","1am",47.13959,8.237986,4.347826,33.180778,7.093822
"028","1am",59.91091,7.349666,2.227171,23.830735,6.681514
"029","1am",68.75,18.75,2.083333,8.333333,2.083333
"001","2am",39.42993,7.36342,6.888361,40.617577,5.700713
"002","2am",30.06682,14.03118,4.231626,43.207127,8.463252
"003","2am",36.75889,8.695652,11.462451,33.399209,9.683794
"004","2am",40.44044,11.011011,4.504505,37.337337,6.706707
"005","2am",44.25023,11.131555,2.483901,37.626495,4.50782
"006","2am",53.17269,12.128514,3.293173,24.497992,6.907631
"007","2am",39.71193,7.956104,4.595336,39.506173,8.230453
"008","2am",46.00694,8.506944,4.513889,35.590278,5.381944
"009","2am",50.72231,12.038523,1.76565,29.373997,6.099518
"010","2am",44.49153,9.110169,1.90678,38.983051,5.508475
"011","2am",51.02041,14.285714,3.710575,27.272727,3.710575
"012","2am",48.07873,10.309278,3.561387,33.270853,4.779756
"013","2am",52.51443,13.272877,1.483924,27.617477,5.111294
"014","2am",47.96296,10.37037,4.074074,30.37037,7.222222
"015","2am",50.96661,7.205624,4.217926,30.579965,7.029877
"016","2am",55.77236,10.569106,3.252033,23.577236,6.829268
"017","2am",55.55556,10.802469,2.469136,26.388889,4.783951
"018","2am",56.03715,13.312693,3.250774,21.981424,5.417957
"019","2am",57.26316,9.894737,2.736842,21.684211,8.421053
"020","2am",46.39423,7.451923,2.403846,39.182692,4.567308
"021","2am",53.97112,9.205776,3.429603,25.270758,8.122744
"022","2am",46.82836,5.410448,2.798507,38.432836,6.529851
"023","2am",51.09649,8.552632,7.675439,25.877193,6.798246
"024","2am",53.7415,9.52381,3.628118,26.530612,6.575964
"025","2am",50.58626,9.547739,3.015075,30.150754,6.700168
"026","2am",44.1048,6.768559,2.838428,37.554585,8.733624
"027","2am",47.24771,8.027523,4.357798,33.256881,7.110092
"028","2am",59.91091,7.349666,2.227171,23.830735,6.681514
"029","2am",69.14894,19.148936,2.12766,7.446809,2.12766
"001","3am",39.37947,7.159905,6.921241,40.811456,5.727924
"002","3am",29.97763,13.870246,4.250559,43.400447,8.501119
"003","3am",36.75889,8.695652,11.462451,33.399209,9.683794
"004","3am",40.4,11.1,4.5,37.3,6.7
"005","3am",44.30147,11.121324,2.481618,37.591912,4.503676
"006","3am",53.13505,12.138264,3.29582,24.517685,6.913183
"007","3am",39.71193,7.956104,4.595336,39.506173,8.230453
"008","3am",46.00694,8.506944,4.513889,35.590278,5.381944
"009","3am",50.72231,12.038523,1.76565,29.373997,6.099518
"010","3am",44.49153,9.110169,1.90678,38.983051,5.508475
"011","3am",51.02041,14.285714,3.710575,27.272727,3.710575
"012","3am",48.03002,10.318949,3.564728,33.302064,4.78424
"013","3am",52.55354,13.261944,1.482702,27.594728,5.107084
"014","3am",47.96296,10.37037,4.074074,30.37037,7.222222
"015","3am",51.05263,7.192982,4.210526,30.526316,7.017544
"016","3am",55.77236,10.569106,3.252033,23.577236,6.829268
"017","3am",55.55556,10.802469,2.469136,26.388889,4.783951
"018","3am",56.03715,13.312693,3.250774,21.981424,5.417957
"019","3am",57.26316,9.894737,2.736842,21.684211,8.421053
"020","3am",46.39423,7.451923,2.403846,39.182692,4.567308
"021","3am",54.05405,9.189189,3.423423,25.225225,8.108108
"022","3am",46.82836,5.410448,2.798507,38.432836,6.529851
"023","3am",51.2035,8.533917,7.658643,25.820569,6.78337
"024","3am",53.7415,9.52381,3.628118,26.530612,6.575964
"025","3am",50.58824,9.411765,3.02521,30.252101,6.722689
