"district","hour","cs1","cs2","cs3","cs4","cs5"
"001","4am",5.4570764,24.412798,31.37317,26.15581,12.601141
"002","4am",1.5489507,18.855883,23.67857,38.95121,16.965387
"003","4am",0,15.160635,28.39809,30.81869,25.622584
"004","4am",3.1824008,17.097656,30.4279,43.49143,5.800618
"005","4am",3.9065365,32.454274,27.62039,24.30105,11.717751
"006","4am",7.7978065,15.086165,24.45336,29.53694,23.125734
"007","4am",3.7070472,20.426632,25.45567,26.31792,24.092733
"008","4am",6.1777042,15.299771,24.85227,34.17328,19.496972
"009","4am",4.5347789,12.471144,33.50248,31.84733,17.644262
"010","4am",4.3558393,13.73222,27.99097,28.0796,25.841372
"011","4am",4.7567167,11.223775,30.5267,30.75007,22.742741
"012","4am",2.1106122,15.539477,30.99834,36.38334,14.968228
"013","4am",3.9754913,15.764025,38.05589,24.34651,17.858084
"014","4am",5.207822,20.165033,25.36551,31.28641,17.97523
"015","4am",9.2209655,17.338065,35.37675,26.73481,11.329401
"016","4am",8.9618735,16.532356,28.32781,31.69543,14.482534
"017","4am",18.6071151,29.954223,30.22551,15.28828,5.924868
"018","4am",7.5406269,19.770892,37.21272,28.89286,6.582898
"019","4am",6.742657,22.035469,31.16045,26.19719,13.864236
"020","4am",2.4380034,10.946852,35.94067,28.62008,22.054401
"021","4am",5.7457595,15.45949,37.81396,32.17645,8.804348
"022","4am",10.0967932,29.868083,41.02612,16.67033,2.338666
"023","4am",4.8631951,15.79378,36.69836,24.16013,18.484539
"024","4am",0.9163413,8.341817,31.69819,28.15864,30.885008
"025","4am",4.8258804,11.086038,22.36699,31.94773,29.773355
"026","4am",5.3703928,27.023157,30.12441,20.28957,17.192473
"027","4am",11.7839766,33.096467,32.81196,20.78281,1.524785
"028","4am",9.4880678,26.378523,29.43096,23.91611,10.786339
"029","4am",18.2303687,24.734572,35.93874,16.23838,4.857943
"030","4am",7.8826916,12.750047,33.19488,24.35909,21.813285
"031","4am",3.6350394,4.666109,23.17984,35.96957,32.549449
"032","4am",4.2518716,2.665233,18.14725,29.11829,45.817349
"033","4am",5.7368566,7.441341,34.13472,26.1934,26.493691
"034","4am",3.7753173,12.795283,25.70471,35.37112,22.353569
"035","4am",2.7956633,12.139329,36.67205,29.16826,19.224695
"036","4am",5.3831817,12.116448,25.36624,23.81103,33.323104
"037","4am",0,9.897127,27.45414,22.89797,39.750763
"038","4am",2.9653539,14.39357,31.21911,32.56548,18.856487
"039","4am",6.7338422,20.34839,36.06374,29.59503,7.258996
"041","4am",3.3607933,19.640579,33.60651,24.17386,19.218256
"042","4am",5.6646009,18.519199,30.30162,30.32764,15.186938
"043","4am",6.0667653,24.085789,29.79876,27.32906,12.719624
"044","4am",2.6812078,19.006294,27.12877,34.84478,16.338943
"045","4am",3.5116813,21.794201,21.11399,37.27091,16.309221
"046","4am",2.822583,11.906118,26.01609,42.57704,16.678165
"047","4am",4.5363147,15.344432,37.37755,28.0721,14.669598
"048","4am",5.0807152,23.80981,32.63647,29.56386,8.909145
"049","4am",6.9340978,21.389241,24.43028,38.36194,8.884439
"050","4am",5.0605926,35.812783,27.12822,22.58374,9.414662
"051","4am",2.7371206,33.776759,31.67554,21.90953,9.901054
"052","4am",12.3548468,31.137671,22.64869,20.56284,13.29595
"053","4am",6.2686316,41.02315,20.03317,24.37416,8.300893
"054","4am",5.2969808,30.120348,23.40919,30.3622,10.811278
"055","4am",7.055398,26.102777,30.91191,24.94485,10.985062
"056","4am",7.3790056,19.910577,26.57322,24.94064,21.196559
"057","4am",9.0420895,23.705477,28.25058,33.36731,5.634546
"058","4am",6.3363739,16.176863,24.53167,32.85243,20.102663
"059","4am",3.3624262,20.318863,29.06418,36.5,10.754538
"060","4am",5.9944941,20.416638,26.87611,31.87805,14.834709
"061","4am",4.6040305,23.237852,37.55518,28.16172,6.441218
"062","4am",4.1971122,30.181673,25.7216,25.18121,14.718406
"063","4am",5.8892281,31.277134,30.32195,25.06641,7.445276
"064","4am",4.5913906,25.945894,32.78604,30.23066,6.446011
"065","4am",4.6550033,22.210551,35.89258,26.59321,10.648648
"066","4am",6.5071071,44.204084,21.73997,19.17463,8.374202
"067","4am",5.0557253,31.380019,25.48978,26.52995,11.544521
"068","4am",9.1865603,28.472933,21.66156,33.33222,7.346724
"001","5am",5.4810256,23.078961,31.51086,26.71895,13.210203
"002","5am",1.5164681,19.24146,23.18201,39.45045,16.609611
"003","5am",0,15.160981,28.66196,30.31638,25.860672
"004","5am",3.2801991,17.965933,29.76614,43.00885,5.978877
"005","5am",4.0559818,33.011223,27.00436,24.45978,11.468657
"006","5am",8.0738353,15.095927,24.56236,28.32354,23.944345
"007","5am",3.6660219,21.702286,25.35072,25.35415,23.926823
"008","5am",6.1777042,15.299771,24.85227,34.17328,19.496972
"009","5am",4.5095077,12.525339,33.74936,31.66985,17.545935
"010","5am",4.2555972,12.934186,28.86134,28.7022,25.246678
"011","5am",4.9210977,11.611643,30.83612,29.97054,22.660597
"012","5am",2.1421627,15.771769,31.26967,35.62441,15.19198
"013","5am",4.083738,14.559173,38.30115,24.71161,18.344333
"014","5am",5.2232141,19.30897,26.06058,31.37888,18.028357
"015","5am",9.4692021,17.804822,35.31272,26.63069,10.782567
"016","5am",9.356774,14.818874,29.57606,31.12759,15.1207
"017","5am",18.7408384,27.999027,31.89453,15.39815,5.967448
"018","5am",7.5172328,20.810003,36.30707,28.80322,6.562475
"019","5am",7.0629447,19.789612,31.18303,27.4416,14.52281
"020","5am",2.4565857,11.750811,35.69646,27.87364,22.222498
"021","5am",5.9256831,11.611664,40.95302,32.42959,9.080048
"022","5am",10.1692086,30.0823,40.60316,16.7899,2.355439
"023","5am",5.0048042,14.931521,36.17726,24.86364,19.022782
"024","5am",0.9342959,9.604719,30.82021,27.95308,30.687696
"025","5am",4.2340511,16.099807,19.87564,33.66845,26.122053
"026","5am",5.4147743,27.214127,29.5793,20.45725,17.334553
"027","5am",11.7627735,32.850987,33.11878,20.74541,1.522041
"028","5am",9.2798477,25.392854,29.2514,24.67925,11.396656
"029","5am",18.057687,25.791848,35.25397,16.08457,4.811927
"030","5am",7.8900906,11.924281,33.29849,25.05338,21.833759
"031","5am",3.6131518,5.240139,23.04027,35.75298,32.35346
"032","5am",4.1888306,2.625717,19.36086,28.68657,45.138031
"033","5am",5.6813219,7.369306,35.64027,25.07188,26.237223
"034","5am",3.888738,13.179687,24.19947,35.70697,23.02513
"035","5am",2.7438664,11.914417,37.84536,28.62785,18.868508
"036","5am",5.0292722,12.324836,26.40599,25.10758,31.132324
"037","5am",0,9.686666,27.51826,22.95146,39.843612
"038","5am",2.921523,15.65892,30.75766,32.08413,18.577769
"039","5am",7.021351,20.376676,35.94907,29.9713,6.681603
"041","5am",3.4282407,20.354904,33.3118,23.30111,19.603945
"042","5am",5.7981885,18.099524,30.26528,30.29191,15.54509
"043","5am",5.931594,23.930812,29.91166,27.78971,12.436223
"044","5am",2.6593548,17.947008,26.113,35.6513,17.629337
"045","5am",3.4053259,21.134138,20.47453,40.031,14.955011
"046","5am",2.8915464,10.568169,26.65174,42.80289,17.085658
"047","5am",4.4950283,15.648027,36.26958,28.62752,14.959841
"048","5am",5.0848151,22.981605,32.51964,30.49761,8.916334
"049","5am",6.8780687,22.024434,24.23288,38.05196,8.812651
"050","5am",4.9841763,36.631561,26.53572,22.57605,9.272498
"051","5am",2.7529316,33.119842,32.13289,22.03609,9.958247
"052","5am",12.3531067,31.14737,22.6455,20.55995,13.294077
"053","5am",6.5593938,40.072323,20.07001,24.61235,8.685919
"054","5am",5.4491202,28.883326,24.08155,30.4642,11.121799
"055","5am",7.2141714,26.023693,31.60755,23.92232,11.232268
"056","5am",7.4664923,19.282538,26.88828,25.02729,21.335399
"057","5am",9.048043,24.553605,28.26918,32.49092,5.638256
"058","5am",6.5100878,17.245965,23.96123,31.88393,20.398779
"059","5am",3.3843165,20.344949,28.70856,36.73762,10.824553
"060","5am",6.1666675,20.157922,27.64804,30.76658,15.260791
"061","5am",4.7464333,23.956599,38.71676,27.36816,5.212046
"062","5am",4.1746579,30.702437,25.45434,25.02891,14.639663
"063","5am",6.240521,28.988888,30.31958,26.56163,7.889387
"064","5am",4.7963212,24.323172,34.04198,30.84239,5.996137
"065","5am",4.5882564,22.036533,35.857,27.02225,10.49596
"066","5am",7.0382218,40.744546,22.55141,20.73968,8.926144
"067","5am",5.3326982,28.575315,26.24236,28.31635,11.533275
"068","5am",9.1933158,28.865032,21.67749,33.52306,6.741096
"001","6am",5.7522845,23.432607,33.55509,25.61391,11.646104
"002","6am",1.5126773,14.841847,23.43705,42.58988,17.618549
"003","6am",0,14.470025,27.60404,30.8711,27.054832
"004","6am",3.2994866,15.39058,30.80585,44.49005,6.014032
"005","6am",4.1196095,31.926513,28.03236,24.4783,11.443223
"006","6am",8.2292778,16.705968,22.51807,28.14135,24.405336
"007","6am",3.6725295,21.888541,21.66161,28.20013,24.577192
"008","6am",6.2926003,15.186963,25.10286,33.84509,19.57249
"009","6am",4.5158661,14.711301,33.79695,30.29513,16.680758
"010","6am",4.3776096,14.149944,29.25693,28.50499,23.710525
"011","6am",5.0592921,12.719769,31.64994,29.16795,21.403043
"012","6am",2.0485132,14.770311,29.48165,36.92613,16.773399
"013","6am",4.1337752,13.849725,38.16606,26.12812,17.722318
"014","6am",5.0768169,20.093956,26.43172,29.66174,18.735775
"015","6am",9.8305925,19.398622,33.6693,25.90741,11.194082
"016","6am",8.5720415,14.184357,30.21553,32.36725,14.660815
"017","6am",19.230128,22.622499,34.399,16.66761,7.080755
"018","6am",7.7674584,22.043209,36.25013,27.15828,6.78092
"019","6am",6.9332346,21.612426,32.38576,26.0526,13.015987
"020","6am",2.4783175,11.854763,36.11029,27.05579,22.500845
"021","6am",6.3356564,10.272292,39.79563,33.89713,9.699296
"022","6am",10.597143,28.476058,39.1397,19.33254,2.454559
"023","6am",5.0890488,15.18286,38.5982,22.4591,18.670785
"024","6am",0.9480349,10.049152,31.23175,28.98323,28.787836
"025","6am",3.9997744,17.900839,20.39086,33.04602,24.662501
"026","6am",5.6250984,27.425295,30.91624,19.91387,16.119499
"027","6am",12.2200284,31.363218,33.06622,20.7344,2.616141
"028","6am",8.1657544,22.491816,29.26086,26.46897,13.612602
"029","6am",17.9754142,27.37428,35.37553,14.48478,4.790004
"030","6am",7.7427373,13.180828,35.08207,22.56837,21.425998
"031","6am",3.558108,5.863087,25.2073,33.54917,31.822343
"032","6am",4.091216,2.644243,19.35254,30.77652,43.135481
"033","6am",5.6554129,7.07247,35.87939,25.27515,26.117571
"034","6am",4.0661316,12.813013,25.2144,34.79887,23.107578
"035","6am",2.6836092,12.079097,37.43484,29.34831,18.454143
"036","6am",4.3743079,12.777988,27.44589,26.71425,28.687557
"037","6am",0,9.221948,29.47999,23.36595,37.932115
"038","6am",3.0435519,14.464194,31.28191,31.8566,19.353743
"039","6am",7.3703895,18.136278,35.81231,29.49775,9.183272
"041","6am",3.5111812,22.79475,32.19054,23.01509,18.488444
"042","6am",6.1229636,17.641392,31.96054,27.85928,16.41582
"043","6am",6.4220217,23.198992,28.99455,29.61509,11.769344
"044","6am",2.7194562,18.600685,26.16856,35.70758,16.803714
"045","6am",3.7445568,19.018485,19.71103,41.08113,16.444795
"046","6am",3.0095378,11.687908,26.15302,43.12498,16.02455
"047","6am",4.7995538,16.383741,36.75409,29.01552,13.047102
"048","6am",5.0629204,22.798151,33.10988,30.68976,8.339288
"049","6am",7.1049986,18.851994,24.27891,40.66069,9.103409
"050","6am",5.100658,35.859869,27.95138,21.59889,9.489199
"051","6am",2.8031687,33.033372,32.68104,21.97999,9.502425
"052","6am",12.9422461,30.283189,22.91034,21.1962,12.66802
"053","6am",6.8169527,39.769528,20.13494,23.42659,9.851995
"054","6am",5.9969603,28.406357,25.55173,27.80499,12.239955
"055","6am",7.6663207,25.714527,33.58856,21.8165,11.214093
"056","6am",7.776414,17.711967,27.12446,25.16617,22.220996
"057","6am",8.7939055,24.043322,27.87142,34.09885,5.192507
"058","6am",7.0267821,19.105993,23.53005,31.86115,18.476025
"059","6am",3.6223053,19.080984,29.87357,36.64882,10.774318
"060","6am",6.4326678,19.887486,27.99148,30.64947,15.038898
"061","6am",5.0723317,25.274119,37.99844,26.83375,4.821358
"062","6am",4.1078416,30.332294,27.5483,23.56871,14.442852
"063","6am",6.5620756,26.892308,31.55157,27.33793,7.656119
"064","6am",4.9318251,24.25192,33.47309,31.17762,6.165538
"065","6am",5.0554792,22.53061,37.00509,25.59396,9.814859
"066","6am",7.1777172,41.02975,22.99837,21.15292,7.641242
"067","6am",5.6874617,30.414126,24.87619,27.63323,11.388998
"068","6am",10.1464756,26.20815,23.46478,32.74058,7.440011
"001","7am",5.9949661,25.043011,31.65634,23.22479,14.080888
"002","7am",1.6344214,16.562499,21.85461,44.83907,15.109393
"003","7am",0,14.806359,22.26374,34.63498,28.294917
"004","7am",4.4385886,16.205731,31.41211,42.43527,5.508298
"005","7am",4.6893577,33.967557,29.77025,20.32959,11.243247
"006","7am",8.5484415,16.043918,24.91149,29.60687,20.889282
"007","7am",3.6720211,22.005045,22.39231,30.16803,21.762596
"008","7am",6.7085179,13.027932,27.00492,35.36805,17.890585
"009","7am",5.1402984,17.924731,35.1878,29.8432,11.903963
"010","7am",3.799672,16.482008,29.93291,27.17918,22.606235
"011","7am",5.8610879,14.188219,31.18985,28.24572,20.515117
"012","7am",1.9772742,20.894806,29.82055,32.70647,14.600903
"013","7am",4.9265044,15.391407,36.61095,28.54166,14.529475
"014","7am",4.512549,23.665692,27.39578,30.51304,13.912939
"015","7am",10.2526254,23.006718,36.08953,21.88753,8.763597
"016","7am",9.8432719,19.08349,32.54392,27.81697,10.712356
"017","7am",17.6652861,20.350244,38.40293,14.51017,9.071363
"018","7am",6.9236287,18.635139,37.23092,30.99362,6.216693
"019","7am",4.5342037,18.420277,33.43041,27.54535,16.069752
"020","7am",2.8116434,13.039515,35.63393,26.38113,22.13378
"021","7am",6.0693688,13.118942,37.84246,33.92957,9.039653
"022","7am",10.3666074,25.806718,39.20872,23.04236,1.575599
"023","7am",5.5870756,17.520362,37.67209,22.35772,16.862744
"024","7am",0.9594316,9.771093,31.6267,30.53646,27.106307
"025","7am",4.2989071,18.156438,22.03961,34.78881,20.716228
"026","7am",5.6132162,27.070917,31.32922,22.83866,13.147993
"027","7am",12.1146632,29.082402,31.71999,23.13166,3.951283
"028","7am",7.5804978,21.161333,30.84171,24.35837,16.058086
"029","7am",17.305007,25.000375,32.67758,18.09268,6.92436
"030","7am",7.8574978,14.665292,36.87828,20.95622,19.642714
"031","7am",2.9925301,6.88164,29.19395,29.93758,30.994305
"032","7am",3.0558677,1.546468,25.77537,28.33584,41.28646
"033","7am",5.7704959,6.897692,36.89838,25.54856,24.884878
"034","7am",4.5068785,14.577055,27.71105,30.40465,22.800369
"035","7am",2.827333,12.435041,37.26161,29.62453,17.851477
"036","7am",3.3730915,10.85849,30.38353,29.70614,25.678749
"037","7am",0,9.562923,24.88582,29.15625,36.395008
"038","7am",3.6785968,14.394093,28.3188,33.27354,20.334973
"039","7am",7.1082883,17.075612,43.21485,23.16466,9.436594
"041","7am",2.9154966,24.706115,32.85755,20.63077,18.890069
"042","7am",7.5229114,21.605453,33.03389,25.04477,12.792978
"043","7am",7.1313485,26.888838,22.80473,33.20798,9.96711
"044","7am",2.8379262,17.694629,26.29678,38.8246,14.346067
"045","7am",3.7356018,26.289227,15.75211,32.84171,21.381355
"046","7am",2.8403112,14.80202,24.83605,43.22161,14.300009
"047","7am",6.0962392,13.262583,36.70475,30.09771,13.838714
"048","7am",5.4443359,22.003095,32.08042,28.63402,11.838124
"049","7am",7.2323845,20.402802,22.66026,42.58599,7.118562
"050","7am",4.8291676,32.578244,27.1666,21.86287,13.563117
"051","7am",3.015945,33.072373,30.51031,23.53099,9.870374
"052","7am",13.8273157,33.301606,21.38904,19.68951,11.792531
"053","7am",6.1592241,39.607533,21.23319,22.34977,10.650287
"054","7am",6.5797372,34.869749,26.06167,23.63717,8.851674
"055","7am",8.2823764,26.628549,33.17302,21.66334,10.252709
"056","7am",7.837551,14.196852,26.86797,29.07197,22.025652
"057","7am",9.0351532,24.842221,27.33472,35.20076,3.587146
"058","7am",7.9035325,21.778962,27.80769,30.58448,11.925333
"059","7am",3.6241009,15.781828,30.62493,37.57696,12.392181
"060","7am",7.0921628,21.138806,28.21235,29.63206,13.92462
"061","7am",5.6327189,27.152013,36.48931,28.03715,2.688806
"062","7am",4.6252283,28.051834,30.60745,25.10941,11.606081
"063","7am",7.0439949,26.296095,32.75854,26.48411,7.417256
"064","7am",5.385936,23.717052,32.47368,31.14328,7.280052
"065","7am",4.4588084,24.693105,33.91248,26.33814,10.597463
"066","7am",7.0877918,41.073103,21.98148,23.04088,6.81675
"067","7am",6.0783,31.304057,26.47811,26.25604,9.883497
"068","7am",11.1626608,26.04056,21.19659,32.09337,9.506826
"001","8am",6.2366176,26.438163,29.74539,25.73287,11.846958
"002","8am",1.8400711,18.646462,19.55259,45.71939,14.24148
"003","8am",0,18.868342,24.16496,41.34711,15.619589
"004","8am",4.620534,14.961284,30.35053,43.88909,6.178557
"005","8am",4.092242,35.81982,31.16612,18.92707,9.994751
"006","8am",9.3951493,16.754553,23.759,30.53773,19.553573
"007","8am",3.3073144,22.022169,22.12264,29.70999,22.83789
"008","8am",7.2740947,14.987168,30.48875,33.15737,14.092618
"009","8am",4.7652661,18.767336,35.23666,31.64127,9.589465
"010","8am",3.9041361,18.538855,27.89606,27.1838,22.477153
"011","8am",5.2510448,11.898007,31.77525,27.70709,23.368613
"012","8am",1.2414453,20.99716,34.22871,32.69031,10.842377
"013","8am",4.9504703,16.795562,39.22387,25.9694,13.060691
"014","8am",4.7748957,28.25637,22.74059,31.06848,13.159665
"015","8am",10.1985783,23.30697,39.58979,19.5663,7.338354
"016","8am",9.861645,19.128786,32.20525,29.88046,8.923864
"017","8am",14.2188481,17.404944,35.25997,21.01438,12.10185
"018","8am",7.169377,18.131263,35.11365,32.93375,6.651966
"019","8am",3.8225736,17.475191,29.96192,26.57761,22.162707
"020","8am",2.973569,13.024325,32.98047,30.22289,20.798752
"021","8am",6.5556263,12.962228,34.21817,33.98802,12.275954
"022","8am",9.5792179,26.681298,31.68725,22.45724,9.594999
"023","8am",5.9752831,17.698499,34.66925,26.14624,15.510722
"024","8am",0.9694921,13.086869,31.65735,31.42659,22.859694
"025","8am",3.8188478,16.410323,23.77704,33.0955,22.898288
"026","8am",4.6667983,28.464629,30.31652,23.96658,12.585472
"027","8am",14.5763674,30.554389,29.75386,21.16189,3.953496
"028","8am",6.9204634,19.121469,30.09952,26.15344,17.705114
"029","8am",17.7427893,23.675895,35.75159,16.25715,6.572574
"030","8am",6.64086,14.269367,36.46347,27.81921,14.807093
"031","8am",3.3815378,9.09419,29.85481,30.16173,27.507737
"032","8am",2.2509141,2.828649,29.30506,29.02517,36.590204
"033","8am",4.5187478,6.303306,29.72359,28.0163,31.438059
"034","8am",4.9920347,15.405993,32.5126,28.9149,18.174473
"035","8am",2.9378036,9.7996,38.49442,30.646,18.122176
"036","8am",3.3942991,11.234314,30.90416,32.13942,22.327815
"037","8am",0.2236828,9.11232,32.52764,27.43834,30.698023
"038","8am",4.1137488,16.884307,28.71295,31.53636,18.752637
"039","8am",6.2810836,14.587201,39.54483,21.79745,17.789437
"041","8am",3.1744522,21.261106,34.87277,22.67496,18.016705
"042","8am",7.4261287,22.811225,35.5097,21.86819,12.384752
"043","8am",7.6130212,29.935195,25.43017,31.50526,5.516358
"044","8am",2.8045802,16.715605,25.3877,36.84495,18.247165
"045","8am",4.2710632,28.62959,19.61432,27.68435,19.800678
"046","8am",3.5066907,15.965106,29.50961,42.80323,8.215355
"047","8am",6.6607782,14.490758,39.55059,28.48536,10.81252
"048","8am",4.9933724,24.426186,32.0499,28.08648,10.444069
"049","8am",6.1101392,20.683882,22.02706,41.76428,9.414635
"050","8am",4.7830188,31.640198,28.51928,21.94619,13.111308
"051","8am",3.1654913,37.218196,27.94291,22.55101,9.122398
"052","8am",14.2351082,32.236471,22.45104,18.79017,12.287209
"053","8am",4.8961609,38.780183,18.90051,26.82547,10.597677
"054","8am",8.7181139,32.945044,28.11865,23.29158,6.926616
"055","8am",7.474872,28.653303,31.02487,21.28439,11.562565
"056","8am",6.8216096,13.210272,25.61413,31.37731,22.97668
"057","8am",10.1105785,24.510004,27.85873,32.62359,4.8971
"058","8am",7.9349208,22.853354,27.39579,27.12009,14.695849
"059","8am",3.8349969,15.324823,30.01349,41.05693,9.769763
"060","8am",6.6846051,20.047716,29.27565,28.69175,15.300273
"061","8am",5.8105745,27.52842,36.3467,27.08955,3.224754
"062","8am",4.9638827,24.752145,32.92074,25.7258,11.63744
"063","8am",6.700604,24.352985,30.54044,30.68806,7.717912
"064","8am",4.7134158,26.129752,31.355,30.73606,7.065779
"065","8am",5.9004177,27.327813,32.94889,22.93731,10.885564
"066","8am",7.5887525,42.08082,22.83268,23.37532,4.122427
"067","8am",6.5925158,30.698964,25.59113,23.6897,13.427698
"068","8am",11.4483961,27.106243,22.46971,29.27513,9.700517
"001","9am",6.4118476,27.180994,29.60021,24.00335,12.803596
"002","9am",0.9002544,18.260125,15.95324,51.81126,13.075121
"003","9am",0,20.285889,26.64062,38.17391,14.899575
"004","9am",3.7277526,14.282031,34.03535,42.49367,5.461204
"005","9am",4.0354389,35.460857,29.96446,19.88075,10.658486
"006","9am",9.7027126,16.655983,24.90215,31.62585,17.113303
"007","9am",3.1371361,22.991541,22.4482,30.61473,20.808393
"008","9am",6.519877,15.083844,26.68954,37.77006,13.936673
"009","9am",4.2177798,21.365266,36.77076,28.31899,9.327204
"010","9am",3.7809781,17.808676,29.4729,27.16447,21.772974
"011","9am",2.4637667,13.641824,29.65296,26.62412,27.617325
"012","9am",3.6436365,20.338374,34.50685,31.20117,10.309973
"013","9am",4.088052,18.421439,36.83846,30.03018,10.621866
"014","9am",4.8949453,25.492641,25.40326,29.23362,14.975531
"015","9am",11.6544072,24.259493,37.02769,18.67251,8.385891
"016","9am",10.2615913,16.62933,34.83926,28.54002,9.729801
"017","9am",13.6730156,17.167105,36.91738,20.44958,11.79292
"018","9am",9.2057697,17.447813,36.06292,28.1455,9.137997
"019","9am",3.7129473,17.327984,29.84299,25.75902,23.357062
"020","9am",3.0924674,15.390114,33.32368,27.64831,20.545424
"021","9am",6.4476662,11.561778,36.00254,36.66365,9.324369
"022","9am",9.9986181,23.725598,30.24962,24.84485,11.181309
"023","9am",6.3743381,16.933942,33.87812,30.38691,12.426683
"024","9am",1.3492237,12.448783,32.72311,29.13079,24.348088
"025","9am",4.6982666,16.393038,26.73464,31.67637,20.497682
"026","9am",5.3492693,25.556155,31.74268,26.68477,10.667129
"027","9am",14.0141518,26.572436,28.51828,24.65156,6.243574
"028","9am",7.193774,17.517674,30.03062,26.8887,18.369238
"029","9am",17.9333297,21.485612,34.55204,14.63234,11.39668
"030","9am",7.6711981,12.533662,37.4409,27.30464,15.0496
"031","9am",3.2676687,8.401411,28.79217,30.29156,29.247189
"032","9am",1.2391714,3.593122,29.9053,29.27584,35.986568
"033","9am",4.9867043,7.992338,29.90655,27.15118,29.963226
"034","9am",5.0681965,18.03789,33.21098,24.10823,19.574706
"035","9am",2.8388827,13.459806,36.85866,29.3681,17.474559
"036","9am",2.4617365,11.522356,32.43737,33.4888,20.089739
"037","9am",0.6593344,7.019182,33.88894,26.72985,31.702692
"038","9am",4.1974499,18.338728,29.11226,30.08045,18.271107
"039","9am",6.0653541,16.592254,37.82042,21.57702,17.944953
"041","9am",3.3528605,21.205288,33.74901,24.05987,17.632974
"042","9am",8.1475776,25.097848,29.88362,21.53015,15.340805
"043","9am",9.3034165,26.507739,26.46912,31.5264,6.193322
"044","9am",2.6607272,18.362139,25.97268,35.38747,17.616983
"045","9am",3.8733197,27.721628,19.59799,31.82882,16.978244
"046","9am",2.6272249,16.544403,27.70618,43.94489,9.177296
"047","9am",6.4977987,15.317241,36.91302,28.84246,12.429484
"048","9am",4.4346616,25.92239,29.75719,28.20868,11.677075
"049","9am",6.2841416,21.143727,20.98719,41.9022,9.682742
"050","9am",4.6672356,31.426543,27.81449,23.03696,13.054775
"051","9am",3.3764577,36.386992,29.04375,22.45601,8.736794
"052","9am",14.4836894,31.583087,22.61153,18.61499,12.706698
"053","9am",5.0985843,40.199846,17.44791,26.71526,10.538398
"054","9am",8.705586,35.090067,26.21424,23.31088,6.679223
"055","9am",7.3250457,30.906251,32.23274,18.66005,10.875912
"056","9am",6.9586803,13.060546,27.23419,30.03032,22.716261
"057","9am",10.1636039,24.638548,27.07194,33.20312,4.922783
"058","9am",8.0808609,24.247345,26.33152,27.60071,13.739558
"059","9am",3.9241905,16.136914,31.26052,38.68139,9.996986
"060","9am",6.6900729,21.251462,27.99902,29.06633,14.993114
"061","9am",5.1337669,27.519018,37.70874,26.28469,3.353786
"062","9am",5.2455198,25.216971,33.96685,25.19456,10.376096
"063","9am",7.6815406,26.902085,27.95384,29.92701,7.535522
"064","9am",4.7053204,25.64486,31.28487,31.31131,7.053644
"065","9am",5.1285194,29.778627,31.40503,22.73851,10.94931
"066","9am",7.7888355,43.190311,21.59895,23.19079,4.231118
"067","9am",7.0168639,29.833063,26.27765,24.81676,12.05566
"068","9am",11.0947635,26.268951,21.04632,31.13541,10.454552
"001","10am",7.2947508,27.000357,30.69348,22.58213,12.429276
"002","10am",0.8342283,17.740135,18.54802,48.78548,14.092136
"003","10am",0,22.177473,25.85237,37.60063,14.369525
"004","10am",3.8104052,13.898429,33.52624,43.18263,5.582291
"005","10am",3.8824601,35.091406,29.05381,21.10706,10.865265
"006","10am",10.5853617,16.785167,23.35636,31.38631,17.886799
"007","10am",3.2575918,21.284373,22.27556,32.06311,21.119359
"008","10am",5.506868,14.123322,26.74029,39.10854,14.520983
"009","10am",4.5192665,19.377619,38.04141,27.16075,10.900954
"010","10am",4.0309635,18.660171,27.5308,27.99303,21.78503
"011","10am",3.0868209,13.258125,32.044,26.24137,25.369687
"012","10am",3.8822948,18.15041,35.49482,35.38111,7.091364
"013","10am",5.9640767,16.779209,37.31482,29.13715,10.804745
"014","10am",5.5723811,27.491157,27.33889,25.61108,13.986497
"015","10am",10.2752905,26.749423,38.99378,19.2928,4.688708
"016","10am",10.0890768,16.920072,35.39656,26.81655,10.777745
"017","10am",13.6629941,14.181202,40.54041,18.69495,12.920449
"018","10am",8.0155801,20.262175,37.72186,25.8763,8.12409
"019","10am",4.3524114,16.348124,28.08263,28.77956,22.437272
"020","10am",3.2726339,18.38918,34.99061,23.88286,19.464722
"021","10am",6.1453994,11.370286,37.66191,34.3519,10.470505
"022","10am",8.1604983,26.199687,28.10529,27.11267,10.421858
"023","10am",5.0762871,17.69612,34.48966,29.16345,13.574477
"024","10am",1.2505156,11.560391,33.53401,29.95116,23.703914
"025","10am",3.7401319,16.656014,26.92465,33.72972,18.949482
"026","10am",5.3313329,23.599246,29.25391,31.18415,10.631361
"027","10am",14.0575089,27.465916,29.15427,24.14372,5.178585
"028","10am",7.6158108,19.005285,27.26835,27.25123,18.859326
"029","10am",18.2604702,24.425969,31.0081,15.14906,11.156406
"030","10am",7.1787716,9.582564,39.74555,24.6145,18.878619
"031","10am",3.2591554,9.903843,28.85732,28.02852,29.951159
"032","10am",1.7129288,2.888262,29.55166,26.65818,39.188968
"033","10am",5.1440348,9.706288,29.54272,25.13852,30.46843
"034","10am",4.971035,17.426026,31.45611,25.04477,21.102056
"035","10am",2.7481582,10.275759,38.24026,31.83478,16.90104
"036","10am",1.9980168,9.665985,29.85593,36.13266,22.347415
"037","10am",2.1081168,7.431448,30.05357,31.16915,29.237718
"038","10am",5.4933253,14.500768,35.46225,29.14214,15.401515
"039","10am",6.0908856,14.859658,39.5694,21.45956,18.02049
"041","10am",3.3078732,21.623654,33.57712,25.73307,15.758285
"042","10am",7.7582137,24.249738,30.4617,22.34495,15.185403
"043","10am",7.8033051,27.204817,25.28478,31.84058,7.866516
"044","10am",2.9488196,18.63893,25.28155,35.59954,17.531159
"045","10am",4.0180624,27.779816,19.59298,32.11856,16.490587
"046","10am",2.6490804,16.682034,25.23795,47.40713,8.023807
"047","10am",8.0153479,15.001454,34.83763,29.54344,12.602128
"048","10am",5.0870962,25.017333,31.73399,26.0393,12.122278
"049","10am",6.1232036,19.852942,23.06288,39.78406,11.176921
"050","10am",4.012377,32.608994,27.59356,22.66318,13.121885
"051","10am",3.3523983,33.95409,29.45905,23.57343,9.661031
"052","10am",14.6212271,32.804759,22.71729,16.5367,13.320023
"053","10am",5.5010217,39.327252,18.52504,26.86457,9.782117
"054","10am",6.5031003,35.531204,25.34543,25.84372,6.776542
"055","10am",7.347515,32.30133,33.18026,16.26162,10.909273
"056","10am",6.6944755,12.576402,23.90391,32.85662,23.968596
"057","10am",8.6767477,25.005019,28.76636,32.53893,5.012946
"058","10am",9.6880979,24.046823,25.9604,26.2788,14.025883
"059","10am",4.0721692,17.123665,30.36292,39.98602,8.455234
"060","10am",5.0489776,20.88625,28.711,30.65173,14.702039
"061","10am",6.1812453,25.998321,37.52905,26.86091,3.430469
"062","10am",6.5402271,26.297997,33.13375,23.49648,10.531544
"063","10am",7.1285631,25.90838,28.22887,32.68405,6.050139
"064","10am",4.8175135,27.007643,31.25723,29.69579,7.22183
"065","10am",5.0222595,28.0647,33.09584,23.98835,9.828859
"066","10am",8.0055421,42.380776,21.61749,23.64735,4.348839
"067","10am",8.1066466,30.150294,24.37378,26.10622,11.263055
"068","10am",9.3211267,26.329503,20.6893,32.81732,10.842747
"001","11am",6.609617,27.465903,31.47341,20.45429,13.996773
"002","11am",1.740265,17.603059,19.98129,46.08032,14.595066
"003","11am",0,19.643077,27.1381,40.85047,12.368351
"004","11am",3.096672,16.994062,32.21135,42.03131,5.666606
"005","11am",4.056441,33.865435,29.3336,22.71377,10.030756
"006","11am",9.527067,18.013461,22.77702,34.24678,15.435678
"007","11am",3.403397,22.696448,21.35971,30.90526,21.635186
"008","11am",6.224904,14.968415,28.1311,36.95954,13.716037
"009","11am",5.113805,16.69822,34.41008,30.10775,13.670151
"010","11am",4.076481,18.657262,28.09053,28.3475,20.828235
"011","11am",4.635635,10.667521,29.87005,27.18135,27.645444
"012","11am",2.009002,18.976219,35.78206,33.53912,9.693599
"013","11am",4.926928,19.200235,36.51366,28.57441,10.784773
"014","11am",4.178709,26.734218,27.89884,27.28468,13.903556
"015","11am",8.529073,23.693889,41.92943,18.03193,7.815682
"016","11am",10.688812,20.534034,32.56623,24.31116,11.899765
"017","11am",13.550859,13.611793,41.75578,20.45691,10.624665
"018","11am",8.883787,19.48739,35.85432,25.6611,10.113396
"019","11am",3.871813,19.179881,29.6682,27.79762,19.482484
"020","11am",3.095439,20.327439,32.22391,24.50177,19.851446
"021","11am",6.834138,12.956042,35.24493,35.08162,9.88327
"022","11am",8.372958,24.470841,32.1637,24.29931,10.693192
"023","11am",5.97423,18.068054,34.14587,27.70349,14.108353
"024","11am",1.327766,9.807541,34.33382,27.57987,26.951002
"025","11am",2.4708,14.563726,25.57773,36.31151,21.07624
"026","11am",5.197419,24.09834,32.82163,27.07735,10.805259
"027","11am",13.988808,29.765387,29.75047,22.00929,4.486041
"028","11am",7.803661,17.366621,27.0477,30.06378,17.718237
"029","11am",17.470241,25.84487,30.91506,15.49168,10.278145
"030","11am",5.812771,13.922246,38.60468,22.89842,18.761883
"031","11am",3.317007,7.299818,32.11913,26.86898,30.395068
"032","11am",2.211111,1.963741,27.97043,27.59067,40.264052
"033","11am",5.347479,9.243936,30.51402,25.18813,29.706434
"034","11am",5.025536,20.145204,31.3723,24.20041,19.256549
"035","11am",3.073913,9.822782,40.41302,33.87518,12.815107
"036","11am",3.112078,10.048133,28.37437,37.96567,20.499752
"037","11am",3.532768,8.437068,29.84777,29.95995,28.222441
"038","11am",4.414222,17.839081,27.30295,32.5304,17.913352
"039","11am",6.599056,18.690343,34.20143,20.15126,20.357919
"041","11am",3.196809,21.440138,36.3873,23.48318,15.49257
"042","11am",7.677091,23.365897,30.14318,23.17289,15.640949
"043","11am",7.266374,29.409987,26.59517,30.79595,5.932523
"044","11am",3.003245,17.002961,27.282,36.0856,16.626191
"045","11am",4.08304,26.960807,18.00155,30.52,20.434599
"046","11am",2.396054,19.972941,23.64592,45.33249,8.652595
"047","11am",5.871458,13.84077,36.24868,31.11194,12.927155
"048","11am",5.284503,24.016007,31.61894,27.2159,11.864649
"049","11am",7.789257,16.559942,26.60059,37.53102,11.519191
"050","11am",4.223422,30.608154,27.62699,24.57022,12.971215
"051","11am",3.24109,34.413861,31.68836,22.05358,8.603113
"052","11am",13.437666,34.361075,21.94675,17.26996,12.984547
"053","11am",5.493578,39.971818,19.50396,26.43717,8.593474
"054","11am",7.635039,34.346023,26.66467,23.33832,8.015948
"055","11am",8.475928,31.921741,32.09531,17.28257,10.224447
"056","11am",7.021831,13.817516,23.50543,32.07876,23.576466
"057","11am",8.526061,24.570764,30.21442,31.76286,4.925888
"058","11am",9.77924,22.796018,25.20009,29.7939,12.430748
"059","11am",3.955352,18.610709,30.70825,38.51301,8.212681
"060","11am",6.756051,21.461045,28.27515,29.42324,14.084518
"061","11am",6.226481,25.25168,36.55971,28.98989,2.972241
"062","11am",3.849977,25.77935,32.49727,26.02117,11.852228
"063","11am",7.61873,27.281064,28.08182,31.07995,5.938438
"064","11am",4.441295,26.073149,29.75251,30.87732,8.855724
"065","11am",4.927914,25.783892,35.22946,23.53772,10.521021
"066","11am",7.894052,42.305955,21.41352,22.32643,6.060048
"067","11am",7.341062,31.709586,27.04456,23.27429,10.630493
"068","11am",10.781221,29.431015,20.69646,28.67491,10.416398
"001","12am",6.139669,27.292149,33.50442,19.27443,13.789334
"002","12am",1.695336,16.8369,18.90715,48.34234,14.218267
"003","12am",0,21.608217,25.76435,38.35686,14.270575
"004","12am",3.154801,18.502651,34.06226,39.66768,4.612613
"005","12am",3.612677,34.121467,26.53893,26.00195,9.724978
"006","12am",8.61012,16.279728,22.16671,34.5002,18.443241
"007","12am",3.550536,24.684288,22.62937,29.63742,19.49838
"008","12am",6.429419,13.664321,25.83165,36.57576,17.498849
"009","12am",4.908356,16.538686,33.62889,31.23807,13.686001
"010","12am",4.158334,17.491869,29.10586,26.04361,23.200333
"011","12am",4.067422,11.001679,32.57321,27.27887,25.078818
"012","12am",2.151402,21.62969,34.78434,32.53478,8.899782
"013","12am",4.793307,19.613787,36.79562,27.30787,11.489414
"014","12am",4.259878,25.566814,26.89568,28.47223,14.805403
"015","12am",10.494364,22.870586,41.37018,18.66684,6.598028
"016","12am",13.485682,19.80094,30.12532,24.24307,12.344985
"017","12am",13.080916,15.037988,38.00916,20.87441,12.997525
"018","12am",9.361127,18.400828,35.7027,24.62383,11.911511
"019","12am",4.368572,19.307449,30.97092,27.92543,17.427626
"020","12am",4.061665,18.255217,29.25146,27.18563,21.246024
"021","12am",6.586517,12.489467,37.54271,33.28266,10.098645
"022","12am",6.838941,20.858796,30.07368,32.60406,9.624527
"023","12am",5.699845,17.338302,34.57001,29.57531,12.816533
"024","12am",1.302658,11.448011,34.27437,28.82613,24.148831
"025","12am",3.511464,15.935658,24.89694,36.22309,19.432852
"026","12am",4.953598,25.473379,36.0781,20.46882,13.026104
"027","12am",14.019076,30.881126,28.37099,21.80094,4.927867
"028","12am",7.594176,18.44912,27.76228,30.24872,15.945702
"029","12am",18.881509,27.231014,36.39303,13.73762,3.75682
"030","12am",8.421404,11.518979,39.38941,24.25383,16.416386
"031","12am",2.770942,5.393044,33.00394,27.6834,31.148666
"032","12am",2.23682,1.223037,28.26005,28.96431,39.315786
"033","12am",4.819568,7.609307,29.01555,25.4142,33.141372
"034","12am",4.960339,15.338356,30.71709,29.76312,19.221096
"035","12am",3.988121,8.767796,41.31786,30.81815,15.108073
"036","12am",3.019797,10.150732,26.37814,36.75269,23.698641
"037","12am",2.964646,8.86446,28.34727,30.28457,29.539056
"038","12am",4.278324,17.596502,30.1379,31.41795,16.569324
"039","12am",6.135426,17.731581,32.77533,24.30262,19.05504
"041","12am",3.169023,21.607323,36.08237,21.08332,18.057964
"042","12am",7.565266,18.581797,34.18569,26.44507,13.222177
"043","12am",6.990292,27.00982,25.254,34.65192,6.093971
"044","12am",2.889632,16.212168,24.49324,37.58654,18.81842
"045","12am",3.826069,26.19502,19.72527,31.49576,18.757884
"046","12am",3.527702,16.095234,23.70612,44.9529,11.718052
"047","12am",5.845563,13.162397,38.59806,28.2451,14.148872
"048","12am",5.771011,26.795322,29.49142,28.63808,9.304167
"049","12am",7.271077,18.734404,25.87093,37.42329,10.700296
"050","12am",4.594066,31.779414,28.72305,22.20003,12.703435
"051","12am",3.248669,33.72972,30.73387,22.10515,10.18259
"052","12am",13.847151,33.814267,22.12146,18.64882,11.568305
"053","12am",6.178993,38.53422,17.58945,26.22133,11.476002
"054","12am",7.052224,34.574219,25.5515,24.73866,8.083401
"055","12am",8.346053,29.308548,33.89171,16.58818,11.865509
"056","12am",7.496639,13.808456,20.39294,33.00286,25.299101
"057","12am",8.468096,25.994228,29.78447,32.26903,3.484175
"058","12am",7.764479,22.719353,27.27988,26.73501,15.501274
"059","12am",4.023189,16.912754,32.07479,39.58403,7.405238
"060","12am",6.809983,23.404312,28.24218,27.8252,13.718321
"061","12am",5.678116,26.046489,36.56194,29.00298,2.710476
"062","12am",3.851937,26.440249,31.81791,26.4308,11.459097
"063","12am",7.349504,29.431946,26.24127,30.35588,6.621393
"064","12am",4.538318,25.933648,31.01262,28.90007,9.615341
"065","12am",5.817096,22.278888,36.01009,25.0015,10.892421
"066","12am",7.836844,42.220316,21.27384,23.34193,5.327079
"067","12am",8.249841,30.266689,26.40246,22.68794,12.393072
"068","12am",10.276181,28.890052,22.09508,30.38607,8.352614
"001","1pm",6.383013,27.620459,33.12616,18.34408,14.526288
"002","1pm",1.801374,20.36411,14.98108,46.87759,15.975844
"003","1pm",0,21.665341,28.23556,37.03354,13.065555
"004","1pm",3.004706,17.955012,33.56392,41.0832,4.393161
"005","1pm",4.061883,30.647836,28.16686,25.42036,11.703065
"006","1pm",8.281707,15.502706,21.40066,35.4246,19.390324
"007","1pm",4.38184,21.701065,24.53475,27.85738,21.524963
"008","1pm",7.376515,13.887074,28.23465,38.12802,12.373737
"009","1pm",5.568403,17.439898,32.82624,34.8118,9.353658
"010","1pm",4.024189,20.391336,27.92812,26.4378,21.218558
"011","1pm",4.940982,11.83107,31.31044,26.12815,25.789353
"012","1pm",1.929034,18.863884,34.60738,33.83508,10.764618
"013","1pm",5.103513,20.345441,39.28532,26.14277,9.122955
"014","1pm",3.044066,27.701635,27.62048,29.50267,12.131148
"015","1pm",10.681616,22.007505,39.14728,19.03146,9.132142
"016","1pm",14.597183,21.545846,29.27711,26.21346,8.366405
"017","1pm",13.5732,14.315294,40.02221,19.90235,12.186944
"018","1pm",8.388391,19.704155,37.48471,24.29967,10.123076
"019","1pm",4.909545,16.698816,30.18152,27.58563,20.624486
"020","1pm",3.069437,18.599713,29.24863,26.68282,22.399395
"021","1pm",7.17097,12.766759,38.51622,32.76724,8.778808
"022","1pm",6.531522,21.543505,36.79363,23.95442,11.176922
"023","1pm",5.917789,21.670583,34.43749,24.78074,13.193396
"024","1pm",1.28025,10.438667,32.50964,29.51549,26.255953
"025","1pm",3.595284,15.4072,25.23752,33.36269,22.397308
"026","1pm",4.865912,22.139439,35.14526,24.46098,13.38841
"027","1pm",13.606358,32.08434,29.25237,20.41925,4.637687
"028","1pm",7.17601,18.685848,29.49969,28.68062,15.957824
"029","1pm",20.712954,19.190777,34.44872,18.47726,7.170288
"030","1pm",7.47005,10.997502,34.72305,24.9405,21.868899
"031","1pm",3.037278,6.947303,32.08545,28.61638,29.313595
"032","1pm",1.68529,2.17547,27.04725,29.47368,39.618303
"033","1pm",4.279194,7.608781,33.29535,28.33292,26.483756
"034","1pm",5.223965,18.011343,27.73012,30.87766,18.156907
"035","1pm",5.568718,11.32426,37.38257,31.88857,13.83588
"036","1pm",3.885259,11.30677,26.25665,38.89898,19.652335
"037","1pm",2.93554,7.524266,30.39597,30.62062,28.523606
"038","1pm",4.311985,20.973829,27.64417,26.42146,20.648552
"039","1pm",6.687938,17.47783,36.79378,19.89548,19.144968
"041","1pm",3.607246,21.508712,37.0318,22.00888,15.843361
"042","1pm",6.606366,25.143393,31.61982,26.52788,10.102541
"043","1pm",6.825302,27.824835,25.01711,34.54746,5.785292
"044","1pm",3.086562,16.164334,25.76712,35.53706,19.444927
"045","1pm",3.367302,29.383444,20.57597,24.40291,22.270371
"046","1pm",3.685476,17.948489,21.08044,45.52638,11.759209
"047","1pm",6.056962,14.278059,38.34937,26.92365,14.391953
"048","1pm",5.698245,24.115378,31.39829,27.96847,10.819619
"049","1pm",7.985822,19.53262,24.21922,36.80769,11.454641
"050","1pm",4.954877,32.596167,25.70287,21.70938,15.036712
"051","1pm",3.532834,36.587364,30.10803,21.66206,8.109708
"052","1pm",13.680797,33.528898,20.95788,20.21295,11.619473
"053","1pm",6.62866,37.360056,20.81232,25.32872,9.870239
"054","1pm",6.807194,32.234968,27.295,26.66029,7.002546
"055","1pm",8.111716,30.977652,31.21967,18.15861,11.532354
"056","1pm",11.166091,14.198533,21.21725,30.83323,22.584886
"057","1pm",9.839563,25.055336,28.7903,31.75475,4.560046
"058","1pm",5.361392,22.656945,31.46507,24.18502,16.331576
"059","1pm",3.898561,13.691089,31.04953,40.9459,10.414916
"060","1pm",6.173693,24.735133,27.03869,29.67404,12.378451
"061","1pm",5.717601,22.956416,37.9585,30.31509,3.052388
"062","1pm",3.999645,26.946974,33.41884,25.28841,10.346128
"063","1pm",7.315896,31.315407,26.6115,28.16608,6.591115
"064","1pm",4.375841,26.854494,28.79309,30.54232,9.434256
"065","1pm",5.413112,21.001149,37.59463,24.03344,11.957668
"066","1pm",7.25369,40.272603,23.27129,22.81374,6.388673
"067","1pm",6.385703,31.859687,27.27694,23.13373,11.343941
"068","1pm",9.687748,25.581485,20.65949,34.57654,9.494742
"001","2pm",6.8544346,27.804385,33.98048,18.93052,12.430176
"002","2pm",1.531817,24.021314,17.25908,43.03494,14.152841
"003","2pm",0.6110566,22.065412,29.03853,35.6904,12.594594
"004","2pm",3.0737505,16.659861,33.50553,42.26675,4.49411
"005","2pm",4.2810235,30.771871,28.00553,25.58231,11.359263
"006","2pm",5.5674712,16.426184,23.79226,37.18225,17.031839
