"district","hour","cspmen1","cspmen2","cspmen3","cspmen4","cspmen5"
"001","4am",9.635387,34.264451,30.84113,22.760039,2.4989913
"002","4am",2.0595693,29.743418,32.21114,31.625253,4.3606243
"003","4am",0,26.414061,33.66631,22.876324,17.043306
"004","4am",11.1377803,27.754653,31.19941,25.901597,4.0065565
"005","4am",8.148433,47.72511,24.44306,14.300405,5.3829909
"006","4am",15.1715399,22.381195,32.57811,21.21077,8.6583886
"007","4am",6.9729056,28.684337,24.77601,26.693297,12.873446
"008","4am",11.9102309,24.780993,30.44818,28.730453,4.1301389
"009","4am",8.3608054,19.011849,42.7896,23.547091,6.2906505
"010","4am",6.7585269,25.718995,28.5832,28.108826,10.8304548
"011","4am",8.5775096,18.529659,37.31453,25.79382,9.784478
"012","4am",4.0340328,21.665186,38.44759,25.228816,10.6243735
"013","4am",9.0407117,19.580117,46.9047,16.335949,8.1385205
"014","4am",7.5593244,27.902702,26.6013,25.797213,12.1394598
"015","4am",17.2874482,24.44401,32.21747,17.882633,8.1684383
"016","4am",16.1777348,20.363193,30.34996,23.345725,9.7633856
"017","4am",39.7372906,30.216746,15.69618,11.983748,2.3660325
"018","4am",16.3934642,24.190152,34.48641,20.84835,4.081625
"019","4am",17.3510801,25.91132,25.37416,23.849068,7.5143707
"020","4am",6.4834795,13.573788,39.52002,29.621135,10.8015776
"021","4am",8.2571269,18.532115,45.33126,21.100542,6.7789563
"022","4am",22.3167376,35.955321,30.86279,10.865154,0
"023","4am",10.6549013,24.656782,33.86904,18.586473,12.2328013
"024","4am",0.8430758,12.571687,37.17992,27.185795,22.2195265
"025","4am",5.6134778,14.441718,26.33351,30.699061,22.9122334
"026","4am",10.8215804,26.879006,30.94901,21.451198,9.8992021
"027","4am",20.0092194,41.545366,28.74012,9.705299,0
"028","4am",20.4229485,24.079703,29.28016,22.305954,3.9112342
"029","4am",29.3207048,38.518351,22.93121,8.481616,0.7481171
"030","4am",16.9887122,15.087863,31.30953,22.747131,13.8667626
"031","4am",7.0388707,8.997762,23.78599,40.927765,19.2496129
"032","4am",10.3293136,7.617831,16.2591,35.687164,30.106595
"033","4am",7.4637634,15.475072,29.88995,26.498513,20.6727013
"034","4am",8.4459958,15.510795,27.83533,33.671558,14.5363184
"035","4am",2.6173801,17.482729,40.87323,26.253458,12.7732003
"036","4am",9.0677292,14.507093,24.76558,28.132036,23.5275606
"037","4am",0,15.046091,39.79158,17.189601,27.9727252
"038","4am",6.7695847,22.922148,36.62437,26.596811,7.0870897
"039","4am",12.7004002,26.360345,36.27327,22.032338,2.6336431
"041","4am",6.2016503,39.342966,34.49399,9.828737,10.1326533
"042","4am",8.2657571,28.282743,29.05924,28.510656,5.8816022
"043","4am",10.5916219,31.776665,34.92587,17.856887,4.8489548
"044","4am",4.6923778,30.568368,31.46308,23.943115,9.3330622
"045","4am",3.1785176,35.66353,23.97997,28.564182,8.6137973
"046","4am",4.7430222,17.269071,40.49111,30.205221,7.2915716
"047","4am",6.0920295,25.937272,40.21826,24.278347,3.4740882
"048","4am",9.2807226,29.538962,39.80918,20.353486,1.0176455
"049","4am",12.1300815,32.314782,30.68929,24.051386,0.8144594
"050","4am",10.7875765,40.883932,26.36456,16.61219,5.3517458
"051","4am",6.6290884,53.635197,29.91314,7.835122,1.9874493
"052","4am",22.0817127,38.362683,24.32573,9.687948,5.5419302
"053","4am",10.4894291,53.127552,15.92955,18.744982,1.7084876
"054","4am",12.4832436,45.919774,29.41458,9.984965,2.1974362
"055","4am",16.122826,36.522509,28.53302,14.308969,4.5126741
"056","4am",15.9985717,19.846556,33.34353,19.353124,11.4582183
"057","4am",19.7177333,31.021442,27.95843,21.30239,0
"058","4am",10.5433199,24.274789,29.84897,26.674058,8.6588634
"059","4am",6.1334542,33.834481,34.1939,24.36098,1.4771836
"060","4am",11.2462363,33.56709,23.76396,23.669245,7.7534719
"061","4am",9.5661262,37.687385,39.30641,10.463886,2.9761961
"062","4am",7.2450572,42.163591,26.50465,17.246266,6.840432
"063","4am",11.6923745,42.714255,27.14729,16.360866,2.0852153
"064","4am",8.3416096,35.240345,32.55003,22.569507,1.2985124
"065","4am",5.5947357,31.987988,48.05611,11.423748,2.9374226
"066","4am",13.0283038,54.664994,16.0199,12.475273,3.8115321
"067","4am",12.161471,43.554105,27.49102,11.753752,5.0396497
"068","4am",16.2744358,39.030443,22.21082,20.221013,2.2632927
"001","5am",9.5502146,33.087054,30.96461,23.889124,2.5089965
"002","5am",2.0212021,29.233798,31.61108,32.854524,4.2793914
"003","5am",0,26.506764,33.24584,23.064153,17.1832423
"004","5am",11.45768,28.088656,29.68649,26.645544,4.1216329
"005","5am",8.4473442,46.54673,24.60048,14.824991,5.5804567
"006","5am",16.2576228,21.830857,32.88393,20.138965,8.8886236
"007","5am",6.9008794,28.991692,25.48309,25.789863,12.8344794
"008","5am",11.9102309,24.780993,30.44818,28.730453,4.1301389
"009","5am",8.3181358,19.0281,42.9683,23.426918,6.258546
"010","5am",6.6166217,25.896825,29.36486,27.518639,10.6030535
"011","5am",8.046833,18.390204,38.13132,25.256547,10.1750931
"012","5am",4.0916231,21.974481,38.2508,24.907048,10.7760484
"013","5am",9.2741012,18.536308,48.03894,15.802028,8.3486196
"014","5am",7.5795892,27.146974,27.23506,25.86637,12.1720029
"015","5am",16.9839354,25.276807,32.36576,17.722393,7.6511045
"016","5am",16.8340539,18.941039,31.58124,22.48419,10.1594792
"017","5am",39.9853296,28.520204,17.05511,12.05855,2.3808012
"018","5am",16.3451982,24.413353,34.38487,20.786968,4.0696078
"019","5am",17.3440372,24.786233,25.14337,24.885443,7.8409122
"020","5am",6.5275319,14.308327,39.32664,28.962527,10.8749696
"021","5am",7.1086557,15.779069,48.43086,21.707468,6.9739431
"022","5am",22.4613313,35.540365,31.06275,10.935551,0
"023","5am",9.7667087,24.710754,33.85194,19.099887,12.5707079
"024","5am",0.8582503,13.109667,37.17032,26.979455,21.8823044
"025","5am",5.4965504,20.771241,24.34465,28.415515,20.9720419
"026","5am",10.9052567,27.056574,30.44536,21.617066,9.9757462
"027","5am",19.9754068,41.644146,28.69155,9.688898,0
"028","5am",18.6577977,24.565034,29.37206,23.044635,4.3604765
"029","5am",30.0388556,38.663819,22.14709,8.408558,0.741673
"030","5am",17.0023508,13.552433,32.22767,23.339656,13.8778949
"031","5am",7.001422,9.481919,23.65944,40.710018,19.1471996
"032","5am",10.1917942,7.791464,17.09893,35.212043,29.7057704
"033","5am",7.4796059,15.50792,31.6223,25.765788,19.6243819
"034","5am",8.6842904,15.260865,27.19147,33.916935,14.9464447
"035","5am",2.5719251,18.095061,40.98412,25.797525,12.5513735
"036","5am",9.5831868,16.694636,24.18143,27.477847,22.0629017
"037","5am",0,14.879429,39.86965,17.223324,28.0276016
"038","5am",8.0783313,22.75095,36.35083,25.785728,7.0341586
"039","5am",13.1825793,25.887196,36.1168,22.079796,2.7336311
"041","5am",6.3163051,39.695079,34.47593,9.192703,10.3199837
"042","5am",8.4506926,28.103033,28.99697,28.43611,6.0131953
"043","5am",10.3677228,31.467047,36.75622,16.662561,4.7464515
"044","5am",4.8539504,29.275686,31.09957,24.158818,10.611973
"045","5am",3.0911343,34.683075,22.53983,31.308977,8.3769883
"046","5am",4.8544744,15.325047,41.44258,30.914987,7.46291
"047","5am",6.0821647,26.419124,39.2307,24.729379,3.5386284
"048","5am",8.7785625,29.27296,39.70467,21.225393,1.0184185
"049","5am",12.0417243,32.80781,30.46575,23.876192,0.8085268
"050","5am",10.9510797,41.420525,25.98263,16.371543,5.2742193
"051","5am",6.6661977,53.375649,30.0806,7.878983,1.9985749
"052","5am",21.8909505,38.558701,24.32249,9.686661,5.5411937
"053","5am",10.9208363,51.991043,16.5847,18.724671,1.7787539
"054","5am",12.8061865,45.214309,29.48194,10.243277,2.2542842
"055","5am",15.8412514,37.2846,28.49828,13.769028,4.6068371
"056","5am",15.3756416,20.063895,33.51559,19.56506,11.4798139
"057","5am",19.7295673,31.798912,27.97521,20.496306,0
"058","5am",10.3116254,24.088926,29.78911,27.034475,8.775861
"059","5am",5.602122,33.441764,34.76264,24.695978,1.497497
"060","5am",11.5486661,32.655323,23.61174,24.222293,7.9619756
"061","5am",9.8385109,38.760491,38.89319,10.761833,1.7459702
"062","5am",7.5110857,42.377199,26.31815,17.036384,6.7571858
"063","5am",11.5051911,42.084145,26.97481,17.238751,2.1971029
"064","5am",8.6827436,33.267777,33.20537,23.492497,1.3516157
"065","5am",4.8770486,33.637047,47.10845,11.436697,2.9407523
"066","5am",14.0368433,51.155547,17.26002,13.441002,4.1065882
"067","5am",11.3784842,41.505154,29.44625,12.367366,5.3027486
"068","5am",15.6249372,40.080099,22.45572,19.574334,2.2649099
"001","6am",9.264757,34.26559,30.74096,23.061068,2.6676279
"002","6am",2.03182,26.614485,32.71754,35.083388,3.5527668
"003","6am",0,25.602319,32.97766,22.83199,18.5880329
"004","6am",9.073063,28.11233,30.21717,28.386815,4.2106267
"005","6am",8.574334,45.539556,24.9703,16.00181,4.914001
"006","6am",17.335853,23.173959,30.86352,19.451844,9.1748279
"007","6am",6.912312,27.578941,26.9253,25.727705,12.8557414
"008","6am",12.112007,24.838862,30.32239,28.526635,4.2001094
"009","6am",9.393533,19.645833,40.94849,23.745516,6.2666265
"010","6am",7.630787,27.34149,30.17944,25.407789,9.4404982
"011","6am",8.775865,19.756989,36.61989,24.414971,10.4322883
"012","6am",4.930049,19.271149,35.7769,30.27862,9.743281
"013","6am",9.381769,18.286234,46.84572,17.040736,8.4455429
"014","6am",8.477179,28.03261,26.161,24.445184,12.8840283
"015","6am",15.919531,27.027395,31.57422,17.555696,7.9231565
"016","6am",14.937676,18.359804,33.04516,23.058171,10.5991879
"017","6am",39.377927,26.583192,18.78238,12.821897,2.4346041
"018","6am",16.860665,24.478203,34.73648,19.7267,4.1979481
"019","6am",16.669498,25.571895,26.7192,23.330437,7.7089739
"020","6am",6.578959,14.88108,39.7238,27.855516,10.9606481
"021","6am",7.606983,14.26566,48.97019,21.694341,7.4628269
"022","6am",22.637094,32.734244,31.62709,13.001575,0
"023","6am",9.120478,27.388544,33.88795,17.468887,12.1341388
"024","6am",0.86983,14.231529,36.26175,27.206447,21.4304472
"025","6am",6.710762,21.593589,23.92081,28.798996,18.9758413
"026","6am",10.478905,28.355164,32.06497,19.780517,9.3204479
"027","6am",19.800402,40.977751,28.28585,10.935994,0
"028","6am",15.330252,23.670353,28.79987,27.090812,5.1087145
"029","6am",27.435407,39.630888,23.75769,8.432256,0.7437633
"030","6am",16.593407,15.453935,34.2612,19.330709,14.3607457
"031","6am",6.90701,10.893742,24.65162,38.692463,18.855162
"032","6am",11.048042,8.157252,16.86193,33.872816,30.0599569
"033","6am",7.448587,15.569488,31.49116,25.947763,19.542998
"034","6am",9.124617,13.590246,28.51135,33.982898,14.790888
"035","6am",2.864316,18.054579,41.1628,25.625654,12.2926533
"036","6am",7.989757,19.651188,26.56819,25.779835,20.0110261
"037","6am",0,16.403047,39.24301,17.158363,27.1955792
"038","6am",7.757789,22.123465,35.73775,27.012251,7.3687452
"039","6am",12.838125,24.148179,38.84579,21.314101,2.853805
"041","6am",6.802178,39.19134,34.05974,9.397194,10.5495506
"042","6am",8.898486,28.199713,28.92775,27.642224,6.3318283
"043","6am",11.28585,28.354736,36.08812,19.104519,5.1667797
"044","6am",5.632541,30.055743,31.07271,22.429288,10.809716
"045","6am",6.452276,31.010796,22.00267,31.421358,9.1128989
"046","6am",5.04469,15.772705,39.72234,31.704926,7.7553339
"047","6am",7.626193,26.930534,39.74452,22.827625,2.8711278
"048","6am",8.599796,29.06485,39.00698,22.821224,0.5071449
"049","6am",12.742184,30.146843,32.05376,24.21199,0.8452255
"050","6am",11.274558,41.992242,26.02756,15.313284,5.3923546
"051","6am",6.838655,54.036844,29.61387,7.460354,2.0502787
"052","6am",21.596885,39.121382,23.96335,9.528514,5.7898665
"053","6am",11.650258,49.806472,18.55221,18.093505,1.89756
"054","6am",12.834155,42.410777,30.82104,11.420635,2.5133907
"055","6am",16.211994,38.561475,28.56328,11.757206,4.9060488
"056","6am",15.96327,18.647677,33.98633,19.484167,11.9185512
"057","6am",19.49945,31.7067,27.11439,21.679458,0
"058","6am",10.528707,25.159677,28.88358,26.933963,8.4940695
"059","6am",5.394812,32.31169,35.97992,24.692424,1.6211527
"060","6am",11.341637,31.38293,26.84911,22.885224,7.5410938
"061","6am",9.918419,38.981909,38.17791,11.035559,1.8862015
"062","6am",7.480768,42.915256,27.32487,16.205904,6.0732042
"063","6am",12.243175,40.442811,27.13274,17.79575,2.3855285
"064","6am",8.962769,32.003748,32.55717,25.081103,1.3952064
"065","6am",5.294158,34.909083,46.38533,10.219169,3.1922602
"066","6am",15.556589,50.825463,17.83353,12.250525,3.5338928
"067","6am",11.672309,42.973046,27.74357,12.744529,4.8665413
"068","6am",16.289011,38.364575,23.07838,19.77562,2.4924109
"001","7am",10.064732,35.578246,30.80276,19.866929,3.687335
"002","7am",4.157088,31.29163,23.68718,36.671696,4.1924043
"003","7am",0,27.421796,30.23366,24.375767,17.9687729
"004","7am",10.69288,32.669407,27.68398,26.144822,2.8089103
"005","7am",9.536514,46.8666,25.36931,13.462231,4.7653483
"006","7am",18.242602,20.747969,31.35076,22.447593,7.2110789
"007","7am",7.521548,26.424425,27.33186,29.316154,9.4060088
"008","7am",12.268157,25.629922,28.06418,30.221399,3.8163444
"009","7am",9.857823,22.411451,43.81111,18.311551,5.6080684
"010","7am",10.855576,28.847425,30.08231,20.781872,9.4328196
"011","7am",11.347633,20.157792,38.72053,23.063367,6.7106786
"012","7am",6.568425,23.239619,36.67854,25.552129,7.9612904
"013","7am",11.370895,20.373252,43.37854,19.092676,5.7846349
"014","7am",9.417773,31.938297,28.74346,20.900504,8.9999647
"015","7am",17.03694,29.64453,31.03307,14.846704,7.4387539
"016","7am",18.812112,22.138277,35.31643,15.288596,8.4445881
"017","7am",31.87508,25.487808,25.85577,11.235847,5.5454919
"018","7am",14.39474,23.876185,33.94092,22.802164,4.9859948
"019","7am",11.467699,24.682732,30.69479,22.901802,10.2529733
"020","7am",8.100473,16.919658,39.58804,26.199899,9.1919306
"021","7am",7.471416,16.810571,46.11328,22.835579,6.7691527
"022","7am",24.435845,29.293317,32.978,13.29284,0
"023","7am",8.806179,29.25714,33.01267,16.830912,12.0930969
"024","7am",1.836422,13.997421,36.76754,27.207754,20.190862
"025","7am",6.932773,22.64414,27.14561,27.392552,15.8849238
"026","7am",9.69585,33.088608,31.92299,16.809384,8.4831732
"027","7am",20.5331,38.440447,27.51389,13.166027,0.3465366
"028","7am",12.178591,22.917767,32.14962,25.529582,7.224443
"029","7am",27.263641,36.33574,22.19065,13.455624,0.7543414
"030","7am",14.661686,22.636939,30.11696,19.286352,13.298065
"031","7am",6.188223,13.839965,29.28276,33.789945,16.8991084
"032","7am",9.261236,7.531899,23.68129,33.062164,26.463413
"033","7am",6.761847,13.392703,32.83722,26.487896,20.5203302
"034","7am",9.482912,16.737408,30.01717,31.565733,12.1967763
"035","7am",3.462769,20.594371,38.46332,24.973709,12.5058299
"036","7am",6.406065,20.741195,29.53446,25.950799,17.3674807
"037","7am",0.447996,16.475228,39.11868,17.467842,26.4902528
"038","7am",8.95373,21.533831,29.92129,31.373352,8.2178007
"039","7am",15.243074,16.991367,46.8792,19.182944,1.7034166
"041","7am",6.838157,36.27627,36.89847,9.618754,10.3683471
"042","7am",10.078903,36.354145,25.53444,22.464934,5.5675796
"043","7am",12.101718,31.899863,31.95481,19.795508,4.2481004
"044","7am",5.129929,26.97546,32.84993,24.479515,10.565162
"045","7am",7.009164,35.914011,19.1876,27.767654,10.1215691
"046","7am",5.515833,18.070033,36.64251,33.810784,5.9608356
"047","7am",11.593088,24.684472,39.75858,20.585807,3.3780581
"048","7am",8.469412,30.07212,36.57542,24.33282,0.550225
"049","7am",12.862528,31.914308,28.4954,25.821425,0.9063393
"050","7am",10.29477,42.145018,25.37257,16.928871,5.2587715
"051","7am",9.521497,52.611387,30.83167,4.862189,2.1732588
"052","7am",22.193136,40.628509,21.93041,9.103742,6.1441985
"053","7am",11.600302,49.12586,18.98954,18.263216,2.021084
"054","7am",12.24484,46.435138,29.06883,10.473653,1.7775369
"055","7am",17.238566,40.765502,25.56799,11.684923,4.7430176
"056","7am",14.278472,15.784913,35.03426,25.090478,9.8118792
"057","7am",17.880536,31.220093,29.13342,21.765952,0
"058","7am",11.850465,31.116247,28.02519,21.701944,7.3061497
"059","7am",6.907741,28.988147,35.11156,25.684538,3.3080124
"060","7am",11.083081,32.914511,26.80752,21.081065,8.1138236
"061","7am",9.538927,42.100211,35.36436,11.528105,1.4683961
"062","7am",7.056968,41.414719,31.72314,16.569904,3.2352676
"063","7am",13.768029,41.29616,23.62875,19.372142,1.9349137
"064","7am",10.46524,31.146804,32.05825,24.763531,1.5661782
"065","7am",5.070542,36.245032,41.04034,13.000709,4.6433787
"066","7am",13.823434,54.270917,17.71067,10.621222,3.5737607
"067","7am",10.89809,40.818886,27.91936,15.440289,4.9233714
"068","7am",17.033966,37.184799,21.68555,20.033502,4.0621819
"001","8am",10.215797,37.00196,26.56491,21.916378,4.3009583
"002","8am",4.699676,33.27333,21.22826,35.379676,5.4190619
"003","8am",2.287038,31.92968,26.7883,28.408017,10.5869669
"004","8am",10.138006,31.00434,28.6819,27.367307,2.8084449
"005","8am",10.12878,46.43308,25.27849,13.965326,4.1943304
"006","8am",18.574143,20.53961,28.6255,23.820362,8.4403857
"007","8am",8.545636,28.04034,27.38821,26.65265,9.3731725
"008","8am",12.54802,25.28421,32.97878,27.064587,2.1244045
"009","8am",8.571532,22.87322,43.55006,22.871996,2.1331873
"010","8am",11.653782,30.70698,25.53143,21.60581,10.5019997
"011","8am",9.417981,19.55637,37.27195,23.352029,10.4016633
"012","8am",6.441791,25.40221,37.24278,25.084857,5.8283616
"013","8am",11.913737,21.37866,44.34141,17.094637,5.2715508
"014","8am",8.118952,38.79575,25.61587,19.476412,7.9930139
"015","8am",19.823354,27.12294,35.62633,11.45725,5.9701313
"016","8am",17.917131,21.87808,37.83373,14.849605,7.5214537
"017","8am",25.613123,23.52132,29.49583,15.715374,5.6543492
"018","8am",13.870939,23.78881,32.31062,23.890695,6.1389295
"019","8am",9.828221,22.44841,29.19841,24.865548,13.6594091
"020","8am",9.911363,19.22202,34.38121,28.935164,7.5502513
"021","8am",7.675584,14.65275,45.34201,25.049523,7.2801274
"022","8am",20.556338,31.30792,30.21523,15.435336,2.4851696
"023","8am",10.554985,26.17726,30.79277,21.449256,11.0257204
"024","8am",1.817349,17.86513,37.22953,27.350224,15.7377686
"025","8am",8.063651,20.51737,29.93612,25.938543,15.5443226
"026","8am",10.187407,33.59629,30.79493,18.755808,6.6655642
"027","8am",23.435547,39.81325,25.38771,10.281782,1.0817086
"028","8am",12.135894,23.65672,32.2716,24.197632,7.7381565
"029","8am",28.114859,32.83981,24.95092,14.094413,0
"030","8am",14.267905,24.93368,28.89041,22.69834,9.2096588
"031","8am",6.613723,18.13776,29.48196,29.313209,16.4533455
"032","8am",7.832598,11.85632,30.193,29.1658,20.9522748
"033","8am",7.661171,12.0399,30.0301,29.143071,21.1257601
"034","8am",9.412221,19.04523,34.74488,27.052253,9.7454203
"035","8am",3.582856,15.93858,45.38675,23.960888,11.1309233
"036","8am",5.927175,22.08763,30.84308,25.987112,15.1550054
"037","8am",2.430323,14.45271,39.63,21.339414,22.1475529
"038","8am",10.209655,27.01216,27.05293,31.027212,4.6980342
"039","8am",13.517525,18.63473,48.8614,17.113597,1.8727502
"041","8am",6.797556,34.39184,37.97706,10.227837,10.6057052
"042","8am",10.98673,36.29558,26.91173,22.101019,3.7049408
"043","8am",13.020254,35.54028,32.5678,16.491321,2.3803471
"044","8am",5.401977,27.06485,29.02823,26.023386,12.4815576
"045","8am",7.988513,39.03913,19.84239,22.894932,10.2350342
"046","8am",5.673173,20.16364,38.18455,31.461616,4.5170261
"047","8am",12.772194,23.10072,40.0269,19.390689,4.7094927
"048","8am",8.041309,31.08434,37.50637,22.820023,0.5479614
"049","8am",12.19705,32.89767,27.72373,26.162661,1.0188907
"050","8am",11.02727,42.5742,26.12383,15.239997,5.034698
"051","8am",8.744308,55.29341,27.99915,5.093656,2.8694781
"052","8am",21.411852,40.06409,22.71572,8.802609,7.0057333
"053","8am",9.395218,49.64872,19.08397,19.926143,1.9459492
"054","8am",13.344207,44.93538,28.77173,12.59613,0.3525526
"055","8am",16.31811,42.28099,25.9906,10.846513,4.5637834
"056","8am",13.831401,17.29165,34.11744,23.76612,10.9933887
"057","8am",19.452627,29.91529,27.8189,21.423383,1.3898003
"058","8am",11.733033,32.54595,26.06814,20.978058,8.6748138
"059","8am",6.679563,29.67485,34.1888,26.820914,2.6358656
"060","8am",10.538602,32.27293,28.33776,20.866027,7.9846768
"061","8am",9.204239,42.26611,35.00003,12.000996,1.5286308
"062","8am",6.675978,40.35547,32.201,17.293289,3.474258
"063","8am",13.814635,34.90949,26.83454,23.225428,1.2159069
"064","8am",9.427881,34.30761,29.54705,25.105764,1.6116931
"065","8am",6.525329,37.07455,39.7795,11.30026,5.3203646
"066","8am",14.803938,55.02496,19.6504,9.492714,1.027991
"067","8am",10.934299,40.80279,29.0576,12.841653,6.3636609
"068","8am",18.271624,37.82846,22.54638,16.962327,4.3912141
"001","9am",10.517397,38.48785,24.91916,21.073636,5.001961
"002","9am",2.926439,31.25634,20.37956,40.753567,4.684087
"003","9am",2.373155,33.99923,27.70055,26.028194,9.898875
"004","9am",8.474877,32.44628,30.19999,25.995733,2.883115
"005","9am",11.536653,45.20568,24.94079,14.17858,4.138298
"006","9am",19.157274,21.58204,27.67201,25.015931,6.572747
"007","9am",8.12641,29.05247,26.63963,28.261254,7.920239
"008","9am",11.018766,23.0372,33.48159,29.59551,2.866931
"009","9am",7.523674,27.28526,44.82535,18.037985,2.327725
"010","9am",11.837591,30.2099,27.32957,20.735629,9.887306
"011","9am",7.838611,19.65146,36.08228,24.684515,11.74314
"012","9am",8.742684,23.9496,39.16836,22.840938,5.298413
"013","9am",11.865196,22.52515,41.08035,20.080242,4.449064
"014","9am",9.249871,35.80129,28.30766,17.466286,9.174895
"015","9am",20.594648,29.86375,31.74314,10.869675,6.92879
"016","9am",18.517208,20.69002,41.36087,12.950386,6.481518
"017","9am",24.712796,25.25631,29.65258,14.799602,5.578716
"018","9am",13.472499,24.71358,33.71182,21.772509,6.329594
"019","9am",9.047571,22.18143,31.62202,22.999933,14.149048
"020","9am",10.435988,21.89482,32.05231,27.658745,7.958136
"021","9am",8.101591,13.88287,44.94101,27.579888,5.49464
"022","9am",20.792206,28.31871,30.81051,17.49411,2.58446
"023","9am",10.580102,26.42441,32.36672,20.116575,10.512192
"024","9am",2.172247,16.95273,39.01246,25.796769,16.065795
"025","9am",8.735691,21.51491,32.38968,24.488881,12.870844
"026","9am",11.595136,30.65362,33.11217,19.719264,4.919814
"027","9am",22.68163,35.09104,25.31961,14.94548,1.962241
"028","9am",12.087736,22.05306,33.53585,22.862513,9.460842
"029","9am",27.568142,29.71996,25.34347,17.368435,0
"030","9am",14.551403,24.86805,28.92797,21.673145,9.979435
"031","9am",6.700836,16.63534,28.2139,30.782245,17.667678
"032","9am",9.452611,10.64219,30.77743,29.629408,19.498363
"033","9am",7.533954,12.57763,29.9814,29.104342,20.80267
"034","9am",9.539948,21.99831,33.73077,23.806235,10.924737
"035","9am",3.495002,21.1108,42.26673,21.888667,11.238803
"036","9am",4.640331,24.09229,32.40508,25.74528,13.117017
"037","9am",3.792392,12.63973,39.58007,22.267594,21.720216
"038","9am",10.415303,28.56812,27.87327,29.575658,3.567643
"039","9am",15.208943,20.22456,46.07481,16.671185,1.820501
"041","9am",6.805619,35.01514,36.60222,11.984791,9.592234
"042","9am",12.267712,36.74352,26.24448,19.023387,5.720897
"043","9am",14.122425,34.05635,29.6916,19.460092,2.669526
"044","9am",5.535613,28.10609,30.09952,24.463279,11.795494
"045","9am",7.261641,40.50559,20.69728,22.231743,9.303752
"046","9am",5.064545,18.64792,37.46635,33.789758,5.031422
"047","9am",12.628403,22.73359,40.99365,18.98789,4.656473
"048","9am",6.864958,32.6532,35.60518,22.779571,2.097087
"049","9am",12.528762,33.66898,24.92842,27.827231,1.046601
"050","9am",11.598552,40.58302,26.62994,16.276291,4.912198
"051","9am",5.251099,57.95591,27.51224,6.178641,3.102104
"052","9am",23.100323,37.56724,23.85019,8.226553,7.255699
"053","9am",9.760996,50.60013,16.28274,21.10159,2.25454
"054","9am",13.325827,48.20679,27.78471,10.682669,0
"055","9am",14.234628,44.22554,25.90057,10.446447,5.192822
"056","9am",13.80032,18.09381,34.65693,23.135395,10.313547
"057","9am",19.876565,28.35659,29.27169,21.075068,1.420089
"058","9am",11.231006,34.02546,23.86852,22.801973,8.073039
"059","9am",6.892464,30.36611,34.63262,25.388927,2.71988
"060","9am",10.468247,32.34648,27.97117,21.386266,7.82783
"061","9am",8.691675,41.76341,36.23938,11.718951,1.586579
"062","9am",6.876396,41.85181,31.65193,16.489693,3.130171
"063","9am",15.749779,37.61746,22.06259,23.183945,1.38623
"064","9am",9.412364,33.81389,29.27217,25.892537,1.60904
"065","9am",5.880541,38.83038,39.37142,10.09039,5.827271
"066","9am",15.191154,56.20145,18.60599,8.946531,1.054879
"067","9am",11.628194,40.5903,29.00724,14.211587,4.562685
"068","9am",17.722905,36.69243,23.04223,18.283098,4.259341
"001","10am",11.52138,38.32877,25.47173,20.019135,4.6589855
"002","10am",3.202861,29.32657,22.6034,38.942755,5.9244106
"003","10am",2.466105,35.08731,25.86293,26.136446,10.4472117
"004","10am",8.660653,32.06547,31.11051,25.217056,2.9463152
"005","10am",10.935313,44.63304,26.97554,13.533514,3.9225921
"006","10am",18.884691,21.54426,25.192,27.314101,7.0649523
"007","10am",8.083496,26.85944,27.66473,28.76719,8.6251436
"008","10am",11.380798,24.72063,30.54489,30.489087,2.8645975
"009","10am",8.132866,23.0278,48.33088,17.35728,3.1511796
"010","10am",12.588889,31.94423,23.83734,21.824549,9.804991
"011","10am",9.286649,18.58318,37.4062,23.372458,11.3515075
"012","10am",7.342956,24.30561,43.73289,22.237883,2.3806603
"013","10am",12.778059,22.82243,38.97683,20.914904,4.5077802
"014","10am",9.799678,36.55797,29.83391,14.877585,8.9308568
"015","10am",20.813298,30.31599,33.72846,11.753469,3.3887829
"016","10am",18.489926,21.04028,40.81874,12.20983,7.4412213
"017","10am",22.252591,22.71119,32.85931,15.315245,6.8616629
"018","10am",13.330015,26.22934,35.75216,18.71999,5.9685013
"019","10am",9.9345,21.20648,28.5215,26.469619,13.8678983
"020","10am",10.337188,23.54185,34.1989,25.222725,6.6993313
"021","10am",8.925976,13.03688,44.84426,27.139135,6.0537523
"022","10am",18.756182,28.73772,29.76608,20.164897,2.5751213
"023","10am",9.170115,27.58529,32.30072,20.102895,10.8409767
"024","10am",2.08613,16.851,40.08502,24.249633,16.7282126
"025","10am",7.90219,22.06363,33.21391,26.279204,10.5410648
"026","10am",8.579001,31.71369,31.31159,23.491492,4.9042231
"027","10am",22.593652,35.20378,26.66313,12.90584,2.6335992
"028","10am",12.915031,22.20834,30.45564,25.119466,9.3015271
"029","10am",26.742295,33.2362,24.36078,15.660721,0
"030","10am",13.977673,21.63658,32.46644,19.936355,11.9829537
"031","10am",6.375983,18.09444,26.75539,30.034937,18.7392464
"032","10am",9.087435,10.71766,31.76203,27.893311,20.5395651
"033","10am",9.041157,13.25769,28.89229,26.860884,21.947976
"034","10am",8.466239,21.2698,34.93076,23.870999,11.4622048
"035","10am",3.386699,21.72454,43.13879,19.806948,11.9430254
"036","10am",5.343507,20.82816,31.33314,28.452692,14.042498
"037","10am",5.348032,13.11877,35.84879,26.875293,18.8091157
"038","10am",9.739733,26.36995,31.74215,29.025125,3.1230408
"039","10am",13.026175,19.87905,49.51478,15.672158,1.9078398
"041","10am",6.923789,35.64502,36.63526,10.850496,9.9454324
"042","10am",11.692565,34.37976,27.70447,21.127617,5.095587
"043","10am",12.220485,32.87364,31.29488,19.689815,3.9211813
"044","10am",6.066213,28.04461,29.91392,24.511809,11.4634551
"045","10am",7.624246,41.56131,18.20841,24.135694,8.4703381
"046","10am",3.897249,19.07567,36.94645,37.737099,2.3435351
"047","10am",13.786548,20.78911,43.51298,18.354399,3.5569673
"048","10am",7.447108,36.61548,32.83849,22.540795,0.5581322
"049","10am",12.310174,30.79565,26.95366,28.91217,1.0283406
"050","10am",9.968636,41.97533,26.43088,16.781091,4.844062
"051","10am",5.305477,53.672,31.64567,6.242624,3.1342274
"052","10am",23.303035,38.55543,22.45507,7.153387,8.5330762
"053","10am",9.626566,50.62061,16.67718,21.838214,1.2374243
"054","10am",11.491836,50.19666,26.77701,11.534497,0
"055","10am",14.368905,46.94624,25.2271,8.215954,5.241806
"056","10am",13.018013,16.24643,32.92128,27.442829,10.3714538
"057","10am",18.671159,29.35393,28.27139,22.259481,1.4440406
"058","10am",16.550969,34.4624,22.52515,18.416237,8.0452439
"059","10am",7.14712,31.73133,34.00506,26.176063,0.9404339
"060","10am",8.000233,32.85751,29.298,22.544439,7.2998139
"061","10am",9.759852,40.63262,35.45555,12.531075,1.6209064
"062","10am",8.316186,42.29732,29.77492,15.941503,3.670073
"063","10am",14.530019,35.60106,22.52972,26.060323,1.278872
"064","10am",9.698892,35.56786,29.65028,23.424946,1.6580223
"065","10am",5.761871,36.97839,40.85745,11.562935,4.839346
"066","10am",15.610363,54.76018,18.54179,10.003682,1.0839894
"067","10am",13.732511,40.15357,27.14359,14.324284,4.6460453
"068","10am",16.239347,38.18849,23.48367,17.675551,4.4129451
"001","11am",10.941199,37.81622,26.30315,18.930866,6.0085662
"002","11am",4.476703,31.40247,22.54774,36.411128,5.1619586
"003","11am",1.832264,33.39499,28.18811,29.493476,7.0911517
"004","11am",7.296907,35.942,30.57924,23.270849,2.9109998
"005","11am",10.818247,42.66878,26.59507,14.984148,4.9337548
"006","11am",16.177394,23.34694,23.96189,29.685594,6.82819
"007","11am",8.428279,27.86521,26.22494,28.515414,8.9661553
"008","11am",12.756024,24.41694,31.40817,29.328191,2.0906717
"009","11am",9.951656,19.30946,42.80625,21.095144,6.8374823
"010","11am",12.15283,30.08437,25.87567,22.704427,9.1827116
"011","11am",9.294349,17.12646,36.60553,26.46308,10.5105742
"012","11am",5.767236,22.23511,44.24519,23.882825,3.8696405
"013","11am",12.63068,24.90108,39.45437,19.397897,3.6159707
"014","11am",7.128182,37.48968,29.93462,15.454825,9.9926977
"015","11am",15.725771,32.34217,36.61578,8.84258,6.4737007
"016","11am",19.103646,24.70742,36.67234,10.148996,9.3675981
"017","11am",23.105356,20.28507,36.24899,15.659605,4.7009809
"018","11am",15.480857,26.65233,32.11471,19.327611,6.424493
"019","11am",9.519429,23.5205,28.90727,24.846653,13.206146
"020","11am",10.452935,24.81909,32.74998,23.687357,8.2906384
"021","11am",9.144404,15.70284,42.37463,26.859214,5.9189137
"022","11am",21.181946,27.4241,32.62759,16.125814,2.6405496
"023","11am",9.949577,28.58815,29.95969,20.105917,11.396665
"024","11am",3.087523,15.45802,38.42744,24.1241,18.9029109
"025","11am",7.562033,20.37892,33.0624,27.206622,11.7900221
"026","11am",10.23849,31.06142,33.70743,20.719436,4.273228
"027","11am",22.566933,38.15804,23.33256,14.222686,1.719783
"028","11am",12.296919,21.4101,29.76218,26.423752,10.1070562
"029","11am",25.003,35.11097,23.56701,16.319019,0
"030","11am",13.65386,25.04082,33.44636,17.494209,10.3647609
"031","11am",6.190754,16.81907,28.83843,29.713262,18.4384822
"032","11am",10.405397,10.0469,29.19088,28.448733,21.9080815
"033","11am",9.513302,12.46977,27.58306,27.240022,23.1938406
"034","11am",9.517154,22.45058,35.57818,21.863109,10.5909762
"035","11am",3.73828,21.06315,42.80665,22.97105,9.420873
"036","11am",7.020911,20.54241,30.88819,27.963393,13.5850938
"037","11am",5.313062,14.3307,36.48048,25.632516,18.2432433
"038","11am",7.448177,28.75175,25.43882,35.962765,2.3984807
"039","11am",14.311996,21.69016,44.40103,16.306739,3.290072
"041","11am",6.970904,36.24445,36.78438,10.55058,9.4496871
"042","11am",11.500078,31.36962,29.30924,21.324489,6.4965701
"043","11am",13.271916,33.62755,31.3446,19.483036,2.2728894
"044","11am",5.763687,27.2127,31.60665,24.696604,10.7203561
"045","11am",7.746151,40.06749,19.04167,25.557133,7.587554
"046","11am",4.663441,24.0941,35.27869,32.560488,3.4032764
"047","11am",11.585685,23.83982,42.52105,18.677549,3.3759009
"048","11am",7.515811,35.2637,34.10964,22.586845,0.5240088
"049","11am",15.240183,28.92105,30.06711,24.798457,0.9732044
"050","11am",9.836019,42.11743,27.68126,15.838385,4.526901
"051","11am",6.887811,54.61101,30.30094,5.937342,2.2628943
"052","11am",21.933656,40.64089,22.20376,8.037954,7.183745
"053","11am",10.425642,50.1198,16.29753,22.130778,1.026258
"054","11am",12.449618,46.58484,29.93055,11.034991,0
"055","11am",15.361473,45.2412,26.21082,9.274575,3.9119232
"056","11am",14.273528,17.12355,34.32981,25.135849,9.1372658
"057","11am",18.217598,28.81405,30.66789,20.891497,1.4089619
"058","11am",16.009551,32.17156,24.4773,19.413079,7.9285159
"059","11am",6.946121,33.97078,33.34635,24.822758,0.913986
"060","11am",10.477088,32.3738,28.49406,21.462698,7.1923513
"061","11am",9.827412,40.02767,34.06712,14.445671,1.6321268
"062","11am",5.43383,41.97624,30.94441,17.42238,4.2231468
"063","11am",14.711748,35.71214,22.99724,25.335566,1.2433056
"064","11am",8.184859,34.21643,28.17554,26.830321,2.5928465
"065","11am",5.656398,38.13203,40.10954,10.496873,5.6051577
"066","11am",16.7675,52.63685,17.27258,9.540479,3.7825981
"067","11am",12.452512,40.95405,29.98453,13.406649,3.2022624
"068","11am",17.394522,40.75074,22.69497,14.915537,4.2442266
"001","12am",10.206518,35.990018,28.66745,19.766856,5.3691565
"002","12am",4.292023,31.396955,21.28427,38.07774,4.9490091
"003","12am",1.042575,36.635398,25.13774,26.746987,10.4373024
"004","12am",8.511714,34.427107,31.4681,23.799594,1.79349
"005","12am",10.052789,43.347785,21.55565,19.898916,5.1448634
"006","12am",15.532136,21.79709,27.22958,27.567761,7.8734335
"007","12am",7.16016,31.143898,25.22293,27.501513,8.9714954
"008","12am",12.947355,21.537798,29.79906,30.464296,5.2514932
"009","12am",10.830481,20.416912,43.2993,18.659317,6.7939947
"010","12am",10.363503,30.048457,27.1009,22.739532,9.7476035
"011","12am",9.520926,19.703562,36.1546,24.761674,9.8592366
"012","12am",6.162412,25.031797,40.57851,22.113869,6.1134066
"013","12am",12.087189,23.61005,41.69948,16.729807,5.8734693
"014","12am",6.765073,37.883462,28.43698,17.829572,9.0849149
"015","12am",18.013051,30.595128,35.23779,10.928031,5.2259974
"016","12am",20.721043,21.998966,34.93438,11.922569,10.4230424
"017","12am",24.754491,21.477809,31.6717,15.313414,6.7825877
"018","12am",20.379049,24.752407,30.8239,18.700881,5.3437638
"019","12am",11.445745,22.803543,28.6278,25.531096,11.5918152
"020","12am",11.517239,20.725666,31.32643,26.007751,10.4229095
"021","12am",9.39278,15.33422,44.41143,23.776673,7.084901
"022","12am",17.570556,25.083426,29.19001,25.850953,2.3050585
"023","12am",10.077035,29.769749,32.62996,19.34764,8.1756122
"024","12am",2.478452,15.314814,40.54018,24.983023,16.6835327
"025","12am",7.392748,20.406362,30.74698,26.688071,14.7658428
"026","12am",9.419273,33.376496,35.63458,16.441264,5.1283828
"027","12am",22.239668,40.638468,22.77694,12.644143,1.7007804
"028","12am",14.126817,21.588463,29.90375,26.184667,8.1963044
"029","12am",28.49592,37.672813,23.86084,9.970426,0
"030","12am",16.096624,20.439831,36.42965,17.381532,9.6523666
"031","12am",5.540807,16.345845,28.70296,33.389074,16.0213175
"032","12am",11.122694,9.554889,28.13596,30.244275,20.9421821
"033","12am",7.890486,13.629494,26.73935,27.952559,23.7881137
"034","12am",8.572295,20.299377,35.24475,24.515684,11.3678912
"035","12am",5.737254,16.212722,48.20735,22.888202,6.9544709
"036","12am",5.88171,21.10249,29.83232,27.681161,15.5023164
"037","12am",5.569438,15.488219,35.54107,24.575575,18.8257007
"038","12am",7.153148,25.973074,31.28224,32.083514,3.5080262
"039","12am",11.307449,19.872271,44.87907,21.972161,1.9690511
"041","12am",6.950496,37.069127,36.62728,9.667856,9.6852417
"042","12am",10.568024,27.382173,30.87912,25.880583,5.2901001
"043","12am",12.771809,31.088232,30.57463,22.357722,3.2076091
"044","12am",5.924778,25.261726,29.07214,27.181551,12.5598086
"045","12am",8.110264,37.364276,25.0575,22.800817,6.6671461
"046","12am",6.867399,19.268913,39.71734,27.351932,6.7944135
"047","12am",11.404172,25.466541,42.98724,16.819038,3.3230107
"048","12am",8.23569,34.931502,34.44273,21.815882,0.5741993
"049","12am",13.224697,29.144389,33.10509,23.627722,0.8981038
"050","12am",10.177907,42.215662,28.40142,14.574136,4.6308759
"051","12am",6.9035,52.988727,30.36996,5.390432,4.3473771
"052","12am",22.525583,40.020831,22.4626,9.231029,5.7599602
"053","12am",10.937116,48.01045,16.54145,20.554801,3.9561796
"054","12am",11.223235,45.743712,28.77138,12.74817,1.5134985
"055","12am",13.32621,44.748667,27.94868,8.537631,5.4388121
"056","12am",14.510907,16.08031,32.65301,26.021244,10.7345286
"057","12am",19.253527,31.035769,27.91929,21.095006,0.6964082
"058","12am",11.257526,29.377101,30.59784,20.458073,8.3094599
"059","12am",7.016942,34.535415,31.53234,26.915301,0
"060","12am",11.298351,33.405889,28.10465,19.164862,8.0262452
"061","12am",8.908554,40.104959,36.49317,13.013793,1.4795237
"062","12am",5.905657,42.413047,30.18478,17.512204,3.9843101
"063","12am",14.005822,38.407495,20.49192,25.911116,1.1836471
"064","12am",8.241187,35.763494,28.21139,25.173239,2.6106905
"065","12am",6.482614,34.007354,44.32618,9.898316,5.285538
"066","12am",15.845713,54.71149,16.67927,10.639248,2.1242839
"067","12am",13.938983,40.969713,29.90839,11.443621,3.7392947
"068","12am",16.480508,41.178379,24.11195,15.017607,3.2115569
"001","1pm",10.413993,36.39531,29.20503,18.507365,5.4782993
"002","1pm",4.5302,35.4772,19.79981,34.969143,5.223644
"003","1pm",2.66408,34.65357,29.9557,24.669278,8.0573653
"004","1pm",6.940729,37.82756,31.02903,22.504309,1.6983654
"005","1pm",9.466398,40.01707,24.95611,19.093463,6.4669622
"006","1pm",14.067657,21.73614,27.5467,28.179421,8.470086
"007","1pm",9.313467,27.58294,28.57236,24.613122,9.9181018
"008","1pm",13.168094,22.69194,32.88257,30.267939,0.9894571
"009","1pm",15.155708,21.90934,42.34063,18.439936,2.154386
"010","1pm",11.719097,31.21149,26.03113,22.108466,8.9298209
"011","1pm",9.276647,20.43826,37.20929,22.872341,10.2034581
"012","1pm",5.453602,22.6724,42.89953,22.849392,6.1250867
"013","1pm",12.015224,26.44529,41.24861,16.578354,3.7125212
"014","1pm",4.695868,38.63393,29.97553,19.414798,7.2798752
"015","1pm",18.806712,28.42507,34.19597,10.744072,7.8281761
"016","1pm",23.56734,22.17321,33.76625,12.382528,8.1106673
"017","1pm",22.893999,22.4682,32.40115,16.489976,5.7466787
"018","1pm",15.285832,25.00163,35.47305,18.499524,5.7399609
"019","1pm",11.902962,20.82363,27.47859,25.851323,13.9434992
"020","1pm",9.8499,23.32281,30.89003,27.817958,8.1193003
"021","1pm",8.754399,15.52714,45.06474,24.812843,5.8408797
"022","1pm",17.489161,27.61201,34.1765,17.273606,3.4487184
"023","1pm",10.317124,31.1475,29.59219,19.141924,9.8012615
"024","1pm",2.456737,15.25236,39.97331,24.806404,17.5111828
"025","1pm",8.497026,18.56333,31.59266,26.442107,14.9048829
"026","1pm",9.266722,26.78139,37.76916,20.100577,6.0821466
"027","1pm",21.902091,40.43709,24.43299,12.142672,1.0851611
"028","1pm",13.329358,22.90024,31.72844,23.529721,8.5122327
"029","1pm",28.670866,29.38672,26.50069,15.44173,0
"030","1pm",13.073888,21.52514,32.15735,19.550843,13.6927783
"031","1pm",7.672543,16.70852,27.67723,31.909159,16.0325405
"032","1pm",9.692437,10.11801,28.62978,31.422604,20.1371718
"033","1pm",7.710407,15.76239,29.77948,26.14446,20.6032686
"034","1pm",8.848941,25.09544,32.53068,23.741505,9.7834315
"035","1pm",6.59437,19.75983,41.49967,22.627253,9.5188809
"036","1pm",8.04597,20.38816,31.48737,28.800141,11.2783608
"037","1pm",6.082012,14.65179,35.64918,23.830292,19.7867269
"038","1pm",7.073032,36.35808,23.14116,29.958986,3.4687357
"039","1pm",13.649486,22.6428,44.75098,16.893745,2.0629941
"041","1pm",7.152174,36.19368,35.52889,11.921947,9.2033106
"042","1pm",10.928482,32.14728,28.91392,24.05445,3.9558722
"043","1pm",13.422664,33.43856,28.27306,22.370421,2.4953039
"044","1pm",6.287319,25.07841,29.84199,25.646703,13.1455794
"045","1pm",7.28662,42.22044,26.77931,14.442655,9.2709758
"046","1pm",7.281217,21.36675,33.31104,28.825359,9.2156413
"047","1pm",11.94231,25.71901,41.44847,16.486717,4.4034892
"048","1pm",8.240429,35.0343,35.31821,21.407066,0
"049","1pm",13.758454,30.35098,30.8687,23.462936,1.558925
"050","1pm",10.919814,41.17213,26.17151,16.103964,5.6325917
"051","1pm",8.045154,54.60434,28.6547,5.848664,2.8471347
"052","1pm",22.857056,39.85948,22.42285,8.987799,5.872813
"053","1pm",10.446064,49.20378,17.44998,20.406597,2.4935742
"054","1pm",13.596626,42.733,31.3231,12.347267,0
"055","1pm",14.446871,45.41907,26.48607,8.336986,5.3109933
"056","1pm",18.544866,17.76256,28.6377,25.500266,9.5546054
"057","1pm",20.280614,28.61876,28.13191,21.456325,1.5123909
"058","1pm",6.905989,31.20372,30.98212,20.710714,10.1974621
"059","1pm",9.062282,29.95361,31.46389,28.62478,0.8954342
"060","1pm",9.072104,36.5185,26.21296,20.737051,7.4593863
"061","1pm",9.064313,36.61046,38.52348,14.29635,1.505392
"062","1pm",6.322497,43.57862,30.10971,16.149484,3.8396885
"063","1pm",12.989052,39.44897,21.50929,24.871331,1.181359
"064","1pm",8.863163,36.05083,29.69349,22.801228,2.5912951
"065","1pm",6.042523,33.99132,44.31114,10.728304,4.9267137
"066","1pm",14.427025,54.36275,18.05492,10.218884,2.9364218
"067","1pm",10.071958,43.62717,29.64959,12.756182,3.8950956
