"district","hour","educmen1","educmen2","educmen3","educmen4"
"001","4am",21.508094,55.54293,16.808703,6.140273
"002","4am",11.390877,54.88013,22.221286,11.507709
"003","4am",10.711608,53.6609,19.611898,16.015599
"004","4am",19.283373,49.18348,24.577684,6.955467
"005","4am",28.116129,53.83973,13.443288,4.600851
"006","4am",16.594382,54.64022,21.098484,7.666914
"007","4am",22.565152,52.09283,12.395249,12.946768
"008","4am",15.508083,42.31314,31.462765,10.716015
"009","4am",9.746366,49.22918,27.336667,13.687786
"010","4am",17.878296,42.21712,20.900156,19.004423
"011","4am",6.712076,51.77352,22.440727,19.073681
"012","4am",22.634716,32.25709,31.909584,13.19861
"013","4am",13.94715,63.04369,15.544254,7.464903
"014","4am",19.392621,50.73451,27.303352,2.569517
"015","4am",27.075292,51.33326,15.78976,5.801691
"016","4am",15.354272,39.47733,30.840819,14.327574
"017","4am",41.324025,32.46495,17.016395,9.194632
"018","4am",29.802337,34.39536,21.036521,14.76578
"019","4am",20.312188,49.21642,16.833904,13.637489
"020","4am",16.961148,37.83375,24.536141,20.668956
"021","4am",18.935397,52.85063,17.274788,10.939181
"022","4am",20.878181,62.26567,11.902214,4.953937
"023","4am",20.635613,48.20424,23.921869,7.238277
"024","4am",7.39757,36.93593,26.087375,29.579122
"025","4am",12.755927,25.30805,29.603214,32.332808
"026","4am",19.269446,50.60309,13.200655,16.926812
"027","4am",34.802661,50.53653,12.217062,2.44375
"028","4am",30.63835,42.62454,14.607919,12.129187
"029","4am",41.306057,41.45705,13.694763,3.542128
"030","4am",10.647742,35.35081,20.201194,33.800254
"031","4am",4.678823,21.17756,22.247347,51.896275
"032","4am",0.918025,31.29271,14.574637,53.214629
"033","4am",8.141968,33.35311,30.234068,28.270854
"034","4am",10.541431,37.55508,25.365424,26.538065
"035","4am",12.710428,33.30159,32.711913,21.276068
"036","4am",5.633669,33.90394,23.23436,37.22803
"037","4am",2.521943,29.8081,32.37985,35.290106
"038","4am",14.656606,43.80246,27.952631,13.588302
"039","4am",18.043262,57.8627,15.111441,8.982596
"041","4am",19.636346,55.56269,19.083641,5.717325
"042","4am",21.667308,41.90182,29.069127,7.361749
"043","4am",25.273493,47.47368,21.780324,5.472505
"044","4am",7.256049,56.59132,19.495048,16.657582
"045","4am",20.712936,45.71106,27.544857,6.031146
"046","4am",8.794876,66.06026,19.049994,6.094872
"047","4am",25.266153,46.40063,24.405634,3.927582
"048","4am",16.398525,52.34957,27.653183,3.598723
"049","4am",24.810394,51.29935,18.900337,4.989914
"050","4am",9.411819,70.00098,14.818519,5.768684
"051","4am",30.219874,54.43384,10.877724,4.468566
"052","4am",33.810709,50.81761,10.911428,4.460252
"053","4am",23.994974,61.10374,9.003347,5.897942
"054","4am",14.199699,71.90818,12.55142,1.340697
"055","4am",36.698758,54.28637,6.945976,2.068891
"056","4am",19.782958,41.95398,24.968033,13.295026
"057","4am",23.049508,62.98166,11.112144,2.856687
"058","4am",25.817203,39.385,22.677309,12.120491
"059","4am",24.165181,62.1228,8.604553,5.107465
"060","4am",22.606811,43.56719,28.67547,5.150527
"061","4am",20.642899,59.38742,15.02104,4.948643
"062","4am",30.535427,38.42753,18.763977,12.273062
"063","4am",26.07133,51.7406,18.35923,3.828837
"064","4am",13.305352,59.53516,20.896852,6.26264
"065","4am",36.245979,36.63475,21.952708,5.166561
"066","4am",31.365006,46.58135,14.922406,7.131235
"067","4am",25.283205,48.29785,22.048703,4.37024
"068","4am",34.765109,49.59329,12.179326,3.462277
"001","5am",21.470032,55.04885,17.315987,6.165134
"002","5am",11.872456,55.02688,21.807332,11.293335
"003","5am",10.799557,53.28042,19.772924,16.147097
"004","5am",19.837231,49.34935,23.658174,7.155242
"005","5am",29.947682,50.32054,14.604068,5.127713
"006","5am",17.041668,54.47814,20.609408,7.870785
"007","5am",21.534063,52.40844,13.244457,12.813036
"008","5am",15.508083,42.31314,31.462765,10.716015
"009","5am",9.696427,49.09067,27.595254,13.617652
"010","5am",17.492946,43.65997,20.252278,18.594801
"011","5am",6.10084,53.19043,20.873596,19.835139
"012","5am",22.962972,31.33941,32.307599,13.39002
"013","5am",14.867245,61.53523,15.941736,7.655788
"014","5am",19.445115,50.60115,27.37726,2.576472
"015","5am",26.113948,52.33003,16.352258,5.203764
"016","5am",15.780233,38.78124,30.713469,14.725053
"017","5am",40.736691,33.72432,16.991001,8.547988
"018","5am",28.949408,35.35562,20.973457,14.721514
"019","5am",20.445301,48.42192,16.899102,14.233672
"020","5am",17.079237,37.40093,24.706969,20.81286
"021","5am",16.883859,53.45707,18.405242,11.253831
"022","5am",20.365538,62.6691,11.97933,4.986035
"023","5am",20.023117,48.90866,23.629998,7.43822
"024","5am",7.530719,36.92195,26.868624,28.678709
"025","5am",13.672219,28.64458,28.69482,28.988382
"026","5am",19.388174,50.2514,13.302727,17.057696
"027","5am",34.571252,50.7925,12.196595,2.439657
"028","5am",28.920757,43.69342,15.502886,11.882939
"029","5am",41.220449,41.69702,13.57212,3.510407
"030","5am",10.513143,35.60646,19.945829,33.934572
"031","5am",4.652841,21.05995,22.679125,51.608082
"032","5am",2.974106,30.13914,14.380597,52.506156
"033","5am",8.159416,34.065,30.240687,27.534902
"034","5am",10.154578,38.01907,24.545846,27.28051
"035","5am",12.592644,33.91967,32.40878,21.078908
"036","5am",6.468469,37.80715,20.942256,34.782129
"037","5am",2.526953,29.66866,32.444175,35.360212
"038","5am",15.889889,42.87532,27.746628,13.48816
"039","5am",17.939272,57.84096,14.896142,9.323626
"041","5am",20.294316,54.4462,19.436455,5.823026
"042","5am",22.149407,40.60913,29.715917,7.525548
"043","5am",25.773695,48.22755,20.642803,5.355951
"044","5am",7.199493,55.93271,20.340051,16.527746
"045","5am",20.143499,46.18879,27.802368,5.865339
"046","5am",9.001539,65.26274,19.497634,6.23809
"047","5am",25.720586,47.11607,23.165125,3.998223
"048","5am",15.680064,52.31311,28.405348,3.601477
"049","5am",25.367088,50.91954,18.760402,4.95297
"050","5am",10.060346,70.07542,14.149382,5.714854
"051","5am",30.444801,54.123,10.938617,4.493581
"052","5am",33.806151,50.82424,10.909957,4.459651
"053","5am",24.362593,60.43065,9.067736,6.139024
"054","5am",15.437114,71.00206,12.185752,1.375078
"055","5am",36.84762,53.94802,7.091984,2.11238
"056","5am",20.003924,41.41159,25.140958,13.443525
"057","5am",23.063452,62.95927,11.118866,2.858415
"058","5am",26.167247,38.46983,23.078092,12.284828
"059","5am",24.497487,62.13523,8.722878,4.644402
"060","5am",23.219587,43.15298,28.337298,5.290136
"061","5am",21.240279,59.54858,14.119291,5.09185
"062","5am",29.958548,39.45081,18.494102,12.096543
"063","5am",24.346027,52.27535,19.344341,4.034283
"064","5am",12.205779,60.4152,20.907121,6.471904
"065","5am",37.336736,35.3881,22.078905,5.196262
"066","5am",31.982324,44.21147,16.108264,7.697942
"067","5am",25.060464,47.70952,22.618142,4.611876
"068","5am",34.356602,49.88615,12.269373,3.487875
"001","6am",22.62441,53.89499,16.963439,6.517164
"002","6am",10.532994,54.88529,23.978162,10.603556
"003","6am",11.682459,50.89673,20.635567,16.785242
"004","6am",19.091953,50.12684,23.471471,7.309737
"005","6am",29.744081,48.73693,14.626829,6.892161
"006","6am",17.448269,53.61185,20.815661,8.124216
"007","6am",22.138394,51.88927,15.062936,10.909398
"008","6am",15.770813,42.21374,31.117891,10.897559
"009","6am",10.578244,49.07714,26.709311,13.635304
"010","6am",18.349228,44.34374,19.868605,17.438425
"011","6am",6.780684,52.6997,20.183108,20.33651
"012","6am",21.402758,33.8162,31.367782,13.413263
"013","6am",15.038194,60.26147,15.911366,8.788968
"014","6am",19.220223,49.66858,27.510431,3.600768
"015","6am",25.197408,53.27839,16.961219,4.562981
"016","6am",12.815248,40.30107,31.685962,15.197724
"017","6am",38.833642,34.7707,17.000411,9.395252
"018","6am",29.404595,35.50166,20.706937,14.386811
"019","6am",20.742343,49.79481,15.470097,13.992749
"020","6am",17.931951,37.54909,24.180752,20.338208
"021","6am",17.107058,52.64464,18.205556,12.042741
"022","6am",20.464163,61.92814,12.432887,5.174814
"023","6am",19.943669,49.10797,23.391463,7.556893
"024","6am",7.632325,36.99324,27.192899,28.181532
"025","6am",15.09053,30.96013,27.278648,26.67069
"026","6am",20.462321,51.52874,13.72094,14.288001
"027","6am",34.285944,51.03225,12.171255,2.510548
"028","6am",27.87214,42.35102,18.816932,10.959909
"029","6am",39.388602,43.09573,13.994971,3.520694
"030","6am",10.425057,37.40097,19.95915,32.214822
"031","6am",5.544623,22.8636,22.276952,49.314824
"032","6am",2.977568,30.93287,14.39602,51.693543
"033","6am",8.125255,35.13424,29.320879,27.419622
"034","6am",10.664905,36.5433,25.045603,27.746187
"035","6am",11.448622,35.49021,32.421745,20.639427
"036","6am",7.34636,40.35492,19.771972,32.52675
"037","6am",3.614091,28.18877,33.89949,34.297651
"038","6am",15.940204,41.62539,28.31357,14.120839
"039","6am",17.803928,58.46624,14.773662,8.956171
"041","6am",21.721033,53.18847,19.137942,5.952559
"042","6am",23.316255,41.20697,28.300602,7.176177
"043","6am",27.341018,48.45691,18.36793,5.834137
"044","6am",8.634084,54.20416,20.323647,16.838108
"045","6am",23.334912,42.55696,27.727522,6.380603
"046","6am",9.354252,64.61084,19.552383,6.482521
"047","6am",27.294903,46.64546,22.678225,3.381416
"048","6am",15.740717,53.94637,27.854028,2.458886
"049","6am",25.613453,48.84291,21.104767,4.438865
"050","6am",11.414856,69.86816,14.198185,4.5188
"051","6am",29.634962,55.39725,10.357953,4.609831
"052","6am",35.346248,49.87975,10.11118,4.662818
"053","6am",22.155674,62.2824,9.669425,5.892501
"054","6am",17.194192,68.46726,12.806958,1.531592
"055","6am",39.259693,50.93342,7.556231,2.250658
"056","6am",20.641609,41.8917,24.281107,13.185585
"057","6am",23.766906,62.36769,10.812361,3.053047
"058","6am",26.801831,37.62399,22.348501,13.225677
"059","6am",25.850461,61.50303,8.2885,4.358009
"060","6am",23.616526,45.53866,26.207572,4.637238
"061","6am",22.25353,58.10094,14.137494,5.508036
"062","6am",29.149881,39.87839,19.590514,11.38121
"063","6am",23.698815,52.76041,19.160505,4.380267
"064","6am",12.606755,61.02918,19.679547,6.684514
"065","6am",39.783076,34.52306,20.039724,5.654136
"066","6am",34.1565,45.82114,13.743676,6.278681
"067","6am",25.19827,48.34982,22.366303,4.085603
"068","6am",36.063857,47.31739,12.777957,3.840792
"001","7am",24.552568,53.39759,16.94754,5.1022982
"002","7am",14.940716,57.11145,21.912038,6.035798
"003","7am",15.067297,47.88939,20.345906,16.6974108
"004","7am",19.752774,53.58971,20.516718,6.1407976
"005","7am",33.925471,46.98229,15.831828,3.2604153
"006","7am",17.707842,49.70553,21.842933,10.7436935
"007","7am",21.651815,51.19247,20.116156,7.0395623
"008","7am",15.642777,45.66359,24.624109,14.0695221
"009","7am",11.801725,54.33105,24.476429,9.3907987
"010","7am",19.495909,43.83722,19.011905,17.6549706
"011","7am",4.578944,58.45497,20.453872,16.512212
"012","7am",19.594464,40.66867,28.176581,11.5602878
"013","7am",17.218282,60.22776,12.167329,10.3866245
"014","7am",17.78345,54.26913,24.867637,3.0797869
"015","7am",26.653053,56.10862,12.443301,4.7950243
"016","7am",15.586227,47.26515,25.499662,11.6489632
"017","7am",30.303274,40.04647,17.765947,11.884308
"018","7am",25.372185,38.68207,21.401309,14.5444381
"019","7am",16.297663,48.88966,22.222571,12.590109
"020","7am",21.63172,35.87129,23.582057,18.9149305
"021","7am",17.579321,51.80401,18.306529,12.3101373
"022","7am",21.892587,55.72397,15.208354,7.1750875
"023","7am",19.887167,51.46102,20.023973,8.6278402
"024","7am",8.953816,38.38106,25.787744,26.8773808
"025","7am",15.339728,35.20654,25.182471,24.2712589
"026","7am",25.589611,49.09541,15.735751,9.5792308
"027","7am",34.930801,50.29046,11.33432,3.4444143
"028","7am",24.252511,43.51053,18.732226,13.5047281
"029","7am",37.004763,43.52364,12.703373,6.7682248
"030","7am",11.423036,35.62231,28.115392,24.8392607
"031","7am",7.214898,31.76695,21.273855,39.7442938
"032","7am",3.87734,37.87483,15.994746,42.2530878
"033","7am",6.681712,40.09514,25.649891,27.5732541
"034","7am",12.487929,44.98583,20.229816,22.2964209
"035","7am",13.410916,39.69757,28.924794,17.9667185
"036","7am",8.433987,41.11272,22.188471,28.2648228
"037","7am",3.952195,32.3108,35.310404,28.4266044
"038","7am",19.121615,33.29208,29.323382,18.2629274
"039","7am",17.095304,52.78606,20.79832,9.3203185
"041","7am",21.207807,52.97821,21.078577,4.7354079
"042","7am",28.652559,41.19633,25.178633,4.9724769
"043","7am",30.493226,46.61403,18.150393,4.7423551
"044","7am",8.789169,55.58479,20.164764,15.4612736
"045","7am",23.503294,39.21838,33.318086,3.9602449
"046","7am",10.090515,61.09676,21.456102,7.3566235
"047","7am",29.733082,42.6767,22.183405,5.4068129
"048","7am",16.298698,57.43451,25.559372,0.7074178
"049","7am",28.825097,48.147,18.265147,4.7627517
"050","7am",12.326591,67.91992,14.718168,5.0353216
"051","7am",31.929317,52.88115,10.49489,4.6946428
"052","7am",35.652465,50.30204,8.894277,5.1512195
"053","7am",22.991337,60.16681,11.408983,5.4328735
"054","7am",17.93312,71.29249,8.339285,2.4351091
"055","7am",41.568084,47.27676,7.999501,3.1556515
"056","7am",17.391472,44.94843,27.159103,10.5009993
"057","7am",22.767509,62.07995,12.078851,3.0736901
"058","7am",32.820562,41.67713,13.301121,12.2011876
"059","7am",26.010444,57.33336,11.402668,5.2535299
"060","7am",27.458117,47.36212,19.830135,5.3496258
"061","7am",25.034037,60.36867,10.985448,3.6118431
"062","7am",27.02628,42.70207,22.756821,7.5148289
"063","7am",25.81781,50.48796,19.516142,4.1780915
"064","7am",14.415037,59.03142,20.705704,5.8478413
"065","7am",42.052182,32.49091,18.12411,7.3327935
"066","7am",35.329916,46.57954,12.326189,5.76435
"067","7am",26.754396,47.99484,22.097285,3.1534804
"068","7am",37.942905,47.11713,9.370789,5.5691793
"001","8am",24.602548,54.57605,16.664298,4.157105
"002","8am",17.456583,59.11231,21.572004,1.859105
"003","8am",19.415888,52.19549,15.882779,12.505847
"004","8am",20.424041,52.16472,20.309533,7.101703
"005","8am",34.812699,48.27879,14.04649,2.862023
"006","8am",17.539451,47.21511,24.508502,10.736939
"007","8am",20.559531,48.75477,24.724299,5.961394
"008","8am",16.124001,46.6007,27.413957,9.861338
"009","8am",13.855639,57.42386,24.019018,4.701486
"010","8am",19.891873,49.41794,17.308456,13.381734
"011","8am",5.488726,55.78327,19.004269,19.723732
"012","8am",22.085944,41.05399,24.354657,12.505412
"013","8am",18.963739,55.43903,12.653464,12.943767
"014","8am",17.614266,57.30701,21.866123,3.212605
"015","8am",27.395691,54.3144,10.686779,7.603131
"016","8am",14.995141,53.535,24.449221,7.020639
"017","8am",26.79655,38.42724,23.852688,10.923526
"018","8am",25.708927,36.04115,24.211524,14.038399
"019","8am",12.357043,45.89054,23.174365,18.578054
"020","8am",22.804528,38.13585,19.72101,19.338614
"021","8am",14.66938,52.68054,19.990192,12.659883
"022","8am",22.870544,48.14267,19.010859,9.975925
"023","8am",20.89331,51.64388,18.972021,8.490791
"024","8am",8.17429,41.9354,26.76045,23.129858
"025","8am",15.409888,34.77603,25.159794,24.654286
"026","8am",24.364687,45.83388,20.988852,8.812576
"027","8am",38.885978,44.37008,14.125392,2.61855
"028","8am",21.728954,45.05314,20.329636,12.888268
"029","8am",37.277648,41.4927,14.242269,6.987379
"030","8am",11.911162,39.32132,27.126617,21.640899
"031","8am",8.702134,33.96432,27.891963,29.441588
"032","8am",5.632953,41.65709,16.908309,35.801644
"033","8am",5.662958,33.36269,28.465716,32.508631
"034","8am",14.382546,50.8797,15.563126,19.174633
"035","8am",12.324895,42.87355,28.911766,15.889784
"036","8am",8.863381,44.31212,22.683786,24.140717
"037","8am",5.315234,38.79067,27.976261,27.917833
"038","8am",21.929689,38.82188,25.694249,13.554181
"039","8am",14.357604,54.10074,26.34063,5.201031
"041","8am",20.694,53.72616,19.348557,6.231285
"042","8am",30.92371,41.05032,24.889743,3.136229
"043","8am",32.831081,48.38639,13.411155,5.371373
"044","8am",8.669127,51.58184,23.17563,16.573405
"045","8am",24.761085,37.96615,35.170933,2.101828
"046","8am",10.264788,60.61888,22.978804,6.137526
"047","8am",29.880425,45.68936,17.558705,6.87151
"048","8am",17.027605,57.22834,24.009032,1.735028
"049","8am",29.910616,46.82239,18.806715,4.460284
"050","8am",12.147281,66.66134,15.492726,5.698652
"051","8am",31.591175,52.52441,10.373519,5.510894
"052","8am",34.391916,51.0967,8.802296,5.709093
"053","8am",23.82024,57.75035,12.387653,6.041757
"054","8am",17.432932,72.81622,8.384297,1.366546
"055","8am",39.998623,46.19707,10.321159,3.483145
"056","8am",16.211281,46.08248,24.79878,12.907454
"057","8am",23.496417,60.14885,11.224789,5.129942
"058","8am",34.590547,38.67585,14.233641,12.499966
"059","8am",27.482156,55.53295,13.791371,3.193523
"060","8am",25.493594,48.24655,20.375522,5.884332
"061","8am",26.082209,60.5752,9.579515,3.763071
"062","8am",24.447176,42.40491,25.082477,8.065432
"063","8am",28.424922,46.62689,18.832994,6.115196
"064","8am",17.715288,61.11396,17.367156,3.803596
"065","8am",43.934674,33.60805,14.491798,7.965482
"066","8am",37.150998,46.93515,11.550417,4.363436
"067","8am",28.215289,49.28806,19.123547,3.373103
"068","8am",36.106073,49.57016,8.274326,6.049444
"001","9am",25.328049,52.67017,17.722093,4.279693
"002","9am",17.421317,53.52842,26.220028,2.830234
"003","9am",20.800175,52.03034,15.279477,11.89001
"004","9am",19.202283,55.57789,17.929307,7.290521
"005","9am",34.347635,47.79761,13.858842,3.995917
"006","9am",19.907595,46.83432,22.081086,11.177002
"007","9am",20.506305,48.08439,25.555274,5.85403
"008","9am",14.657056,48.38769,27.533731,9.421527
"009","9am",14.147089,60.08203,22.495348,3.275532
"010","9am",18.647688,52.12374,17.07672,12.151853
"011","9am",7.440815,51.6349,18.544706,22.379582
"012","9am",19.135276,44.85524,24.713705,11.29578
"013","9am",16.62835,57.06313,12.960664,13.347858
"014","9am",20.046632,54.7016,22.529765,2.722
"015","9am",25.485894,56.96421,12.494585,5.055312
"016","9am",15.612435,54.45064,22.902072,7.034853
"017","9am",27.494262,37.99769,23.442157,11.065896
"018","9am",26.433747,37.73491,24.436958,11.39439
"019","9am",12.998255,46.61779,23.081186,17.302773
"020","9am",23.384602,39.02795,17.579729,20.007716
"021","9am",14.253384,51.8033,21.609821,12.333495
"022","9am",22.209227,47.23843,21.281659,9.270688
"023","9am",21.52759,53.71954,18.413659,6.339211
"024","9am",7.673687,43.36726,26.403196,22.555855
"025","9am",14.474817,38.35487,27.130081,20.04023
"026","9am",24.853478,46.27512,18.841072,10.030327
"027","9am",34.610247,46.60892,13.506477,5.274355
"028","9am",20.551968,45.41651,19.142679,14.888839
"029","9am",34.32423,45.41277,13.467948,6.795054
"030","9am",11.857037,38.83091,27.300571,22.011479
"031","9am",8.733886,32.73619,26.914976,31.614949
"032","9am",8.250309,36.78179,20.699216,34.268683
"033","9am",5.779881,34.24928,28.805114,31.165727
"034","9am",16.018331,53.2609,14.001528,16.71924
"035","9am",12.57483,40.74736,32.184102,14.493705
"036","9am",10.668026,44.49699,23.479835,21.355146
"037","9am",5.756554,39.06467,28.925755,26.253024
"038","9am",22.422648,42.17188,22.783925,12.621541
"039","9am",16.662522,53.3657,25.018145,4.953638
"041","9am",19.028091,54.20591,20.288116,6.477883
"042","9am",30.154892,43.04549,24.410487,2.389129
"043","9am",34.380706,47.38685,13.198246,5.034203
"044","9am",9.79729,52.19371,22.461264,15.547737
"045","9am",24.115464,42.00321,31.970741,1.910583
"046","9am",8.924364,59.94612,24.293048,6.836464
"047","9am",30.612044,47.02952,14.97376,7.384674
"048","9am",18.023897,55.43017,23.185923,3.360009
"049","9am",29.553276,48.47164,18.297926,3.677158
"050","9am",13.108686,65.03512,16.557449,5.29874
"051","9am",29.950138,53.99563,10.096576,5.957656
"052","9am",36.341429,49.292,8.588461,5.778105
"053","9am",24.741158,54.59576,13.759638,6.903441
"054","9am",18.354827,71.6174,9.015178,1.012597
"055","9am",34.283311,50.81946,9.86287,5.034355
"056","9am",15.968675,48.87375,22.965706,12.191865
"057","9am",23.816938,59.01798,11.965158,5.199921
"058","9am",36.537578,38.52481,13.599898,11.337715
"059","9am",26.134573,56.97792,13.592191,3.295312
"060","9am",25.054837,47.61993,18.811433,8.513799
"061","9am",27.092207,59.60627,9.950469,3.35105
"062","9am",26.128035,43.09961,23.57437,7.197988
"063","9am",29.332078,42.22501,21.471105,6.971808
"064","9am",18.511099,59.50782,18.183883,3.797201
"065","9am",42.125738,36.96872,13.121441,7.784098
"066","9am",38.165445,46.58986,10.762106,4.482585
"067","9am",28.790524,50.80075,16.804567,3.604158
"068","9am",36.742436,46.6566,10.734767,5.866196
"001","10am",25.498454,52.46705,17.338499,4.6959962
"002","10am",16.656351,54.56376,24.576136,4.2037483
"003","10am",23.944701,48.48627,13.813188,13.7558425
"004","10am",21.443301,54.58453,17.452704,6.5194682
"005","10am",32.557287,50.53594,12.297874,4.608895
"006","10am",19.538494,45.5475,22.890801,12.0232049
"007","10am",20.218362,48.21777,25.470837,6.093028
"008","10am",15.955283,47.17207,27.458817,9.4138324
"009","10am",14.26037,59.48671,23.103406,3.1495112
"010","10am",20.554574,47.86236,17.804173,13.7788896
"011","10am",7.636867,51.26657,18.157018,22.9395414
"012","10am",19.932209,45.63315,23.949235,10.4854087
"013","10am",17.370664,57.77603,12.232085,12.621218
"014","10am",19.991216,55.06774,22.229871,2.7111755
"015","10am",28.234458,52.30765,13.368523,6.0893668
"016","10am",16.256842,53.38254,22.291503,8.0691159
"017","10am",20.636019,46.26524,21.289956,11.808782
"018","10am",25.099902,40.02448,24.04202,10.8335943
"019","10am",13.443029,46.27924,22.910984,17.3667424
"020","10am",23.4079,40.24068,16.646737,19.7046781
"021","10am",15.709033,51.66699,19.661944,12.9620345
"022","10am",21.739299,44.52371,23.399989,10.337007
"023","10am",16.345274,55.53151,21.212132,6.9110847
"024","10am",7.497742,45.08298,24.846067,22.5732091
"025","10am",15.410209,37.51186,27.541083,19.5368453
"026","10am",20.518346,46.29677,21.674532,11.510355
"027","10am",35.698637,46.14284,13.821387,4.3371388
"028","10am",20.566436,45.29281,19.410148,14.730601
"029","10am",33.871494,47.64997,12.538306,5.9402336
"030","10am",12.829668,35.9245,26.811313,24.4345223
"031","10am",8.629559,31.87562,28.462949,31.0318746
"032","10am",5.103465,37.69116,21.954863,35.2505138
"033","10am",6.508874,35.88189,26.890343,30.718896
"034","10am",14.563691,51.92533,13.154318,20.3566609
"035","10am",12.567813,44.22064,28.552198,14.6593507
"036","10am",9.792384,44.27691,24.168658,21.7620457
"037","10am",5.760209,40.09704,28.869488,25.2732676
"038","10am",25.943804,40.76539,22.989704,10.3011019
"039","10am",16.626817,53.15922,25.022671,5.1912877
"041","10am",20.532944,53.50976,19.780137,6.1771568
"042","10am",26.4644,40.5586,28.817978,4.1590192
"043","10am",32.518725,46.4494,13.014069,8.0178056
"044","10am",9.546805,53.33662,21.302964,15.8136077
"045","10am",23.827133,42.82769,30.335398,3.0097813
"046","10am",5.231821,67.19348,21.911742,5.6629599
"047","10am",29.637222,48.33503,15.779412,6.2483347
"048","10am",17.894906,57.77549,23.6055,0.7241009
"049","10am",28.194881,50.377,16.985947,4.4421694
"050","10am",12.318596,66.04813,16.674828,4.9584438
"051","10am",30.260285,52.76425,10.956112,6.0193506
"052","10am",36.785212,48.25514,9.158243,5.8014048
"053","10am",25.506078,54.09593,13.490966,6.9070279
"054","10am",16.274918,74.799,8.028228,0.8978528
"055","10am",34.516158,50.71279,10.342105,4.4289514
"056","10am",16.66879,45.05351,24.671648,13.6060528
"057","10am",22.867554,59.0785,12.722119,5.331823
"058","10am",41.947362,36.37954,14.064698,7.6084007
"059","10am",27.868728,58.1878,12.406348,1.537126
"060","10am",23.682583,47.4933,20.832244,7.9918707
"061","10am",27.691261,57.30957,10.674561,4.3246127
"062","10am",26.441423,42.37962,22.949243,8.2297147
"063","10am",28.854281,43.27342,19.80825,8.0640465
"064","10am",18.980413,61.59786,15.506363,3.9153604
"065","10am",41.646246,36.02464,15.572432,6.756684
"066","10am",37.181271,45.84868,12.35817,4.6118786
"067","10am",31.40417,47.78405,17.136444,3.6753373
"068","10am",38.079388,44.20033,12.918911,4.801372
"001","11am",26.095505,52.65105,16.581976,4.671471
"002","11am",16.758647,56.4706,23.378271,3.392486
"003","11am",20.717106,53.14608,12.447158,13.68966
"004","11am",22.408348,53.01856,17.928133,6.644961
"005","11am",33.715341,48.42936,12.383164,5.472137
"006","11am",17.614969,47.38081,23.388221,11.616
"007","11am",20.431304,47.52869,25.713964,6.326038
"008","11am",17.228409,42.67221,31.886197,8.213184
"009","11am",11.557601,59.92172,23.331265,5.189416
"010","11am",21.75165,46.35129,18.968084,12.928971
"011","11am",5.841037,53.76532,18.26813,22.125509
"012","11am",24.3198,40.30527,27.820711,7.554216
"013","11am",18.70312,58.0807,13.128937,10.087247
"014","11am",19.900357,55.41493,20.67293,4.011783
"015","11am",25.717035,58.28168,11.543657,4.457625
"016","11am",16.107156,52.96937,23.367147,7.556323
"017","11am",21.725739,46.37151,20.807979,11.094776
"018","11am",26.846987,38.30741,23.932941,10.912664
"019","11am",13.91491,44.97555,24.104942,17.0046
"020","11am",24.844328,40.90599,15.691496,18.558188
"021","11am",15.389128,52.46418,19.519366,12.627329
"022","11am",20.725561,49.29159,20.510966,9.471887
"023","11am",17.18357,55.62017,20.408558,6.787701
"024","11am",6.783172,44.72131,24.636011,23.859505
"025","11am",16.026388,36.0685,28.053145,19.851965
"026","11am",23.080408,46.60473,21.03734,9.277519
"027","11am",37.88156,45.31795,13.128054,3.672435
"028","11am",20.835281,44.22098,18.000827,16.942907
"029","11am",32.074474,48.08655,14.320843,5.518134
"030","11am",13.188274,37.90575,26.972721,21.933253
"031","11am",8.062447,31.20964,27.838724,32.889194
"032","11am",4.350094,34.27038,23.376525,38.002997
"033","11am",6.848468,35.25919,26.363128,31.529212
"034","11am",17.575035,52.68021,14.190962,15.553788
"035","11am",14.764894,43.82418,26.651009,14.759917
"036","11am",8.057817,44.89691,23.95297,23.092305
"037","11am",8.006164,40.07413,27.760172,24.159533
"038","11am",21.093613,41.62252,26.217352,11.066517
"039","11am",15.261682,56.68285,22.609207,5.446263
"041","11am",22.769889,51.12915,19.681906,6.419058
"042","11am",26.487848,43.51544,25.906311,4.090406
"043","11am",31.334674,46.28438,15.159522,7.22142
"044","11am",8.399746,55.77028,20.966322,14.86365
"045","11am",22.991646,42.82949,29.802216,4.37665
"046","11am",9.285104,67.3957,18.269403,5.049795
"047","11am",32.569957,46.74843,14.737572,5.944037
"048","11am",18.166095,58.81866,21.553613,1.461633
"049","11am",24.456848,51.10848,18.582189,5.852481
"050","11am",13.496267,65.25383,15.662099,5.587803
"051","11am",30.62226,53.95049,10.420328,5.006927
"052","11am",35.606628,50.91591,7.56575,5.911713
"053","11am",25.120566,55.7263,13.76389,5.389247
"054","11am",20.16022,69.84698,8.279347,1.713451
"055","11am",37.522961,49.26634,8.038131,5.172572
"056","11am",15.680586,46.93258,23.805624,13.58121
"057","11am",21.473523,60.34572,12.979507,5.201246
"058","11am",39.522926,37.29875,14.396313,8.782011
"059","11am",29.960687,57.38513,11.160289,1.493897
"060","11am",25.019377,47.10167,20.325314,7.553643
"061","11am",27.887191,57.15168,10.60592,4.355212
"062","11am",25.48075,42.04396,24.152575,8.322718
"063","11am",28.923808,43.97904,19.257368,7.839779
"064","11am",18.50393,57.45434,20.471799,3.569928
"065","11am",41.651171,35.57406,15.287372,7.487398
"066","11am",36.368146,43.86559,14.147007,5.619257
"067","11am",29.525255,51.68222,16.569109,2.223414
"068","11am",40.878711,44.67067,10.863998,3.586622
"001","12am",23.784029,53.35344,16.697386,6.165145
"002","12am",16.067292,57.37293,23.22084,3.338937
"003","12am",16.952866,55.03988,14.100333,13.906924
"004","12am",21.960201,51.046,21.449678,5.544117
"005","12am",33.256585,46.7863,14.213801,5.743313
"006","12am",15.867173,47.14296,26.598244,10.391627
"007","12am",22.188873,48.95207,20.610955,8.248102
"008","12am",16.358905,39.21267,30.487962,13.940467
"009","12am",12.790695,61.77048,22.42295,3.015874
"010","12am",21.818551,44.57939,22.481273,11.12079
"011","12am",5.416452,55.33155,18.101804,21.150191
"012","12am",26.166544,36.16872,27.977892,9.686843
"013","12am",18.543521,56.98514,14.820607,9.650728
"014","12am",21.227984,54.55874,21.654331,2.558948
"015","12am",25.072211,59.57535,11.845472,3.506971
"016","12am",16.636915,53.12251,18.450667,11.789909
"017","12am",23.558224,42.16151,20.832248,13.448016
"018","12am",32.629062,35.92176,20.001172,11.448011
"019","12am",15.682305,44.39186,22.368692,17.557146
"020","12am",21.21723,35.42489,20.587645,22.770238
"021","12am",15.324524,50.42845,21.918136,12.328894
"022","12am",16.258776,47.83448,21.370783,14.535965
"023","12am",18.459995,58.44759,14.877162,8.215254
"024","12am",7.468893,44.41373,28.405095,19.712285
"025","12am",16.867298,38.55652,25.158909,19.417269
"026","12am",22.23164,49.46474,18.760933,9.542682
"027","12am",36.951665,47.06739,12.301714,3.679232
"028","12am",23.760496,40.34012,21.06852,14.830861
"029","12am",34.425365,47.02184,15.14143,3.411363
"030","12am",13.602769,38.25504,26.218474,21.923718
"031","12am",8.30008,32.99491,23.298459,35.406554
"032","12am",4.46767,33.82835,24.774603,36.929374
"033","12am",6.482157,31.82134,27.971202,33.725306
"034","12am",13.478944,49.82552,17.911588,18.783948
"035","12am",15.324338,45.29552,25.51867,13.861469
"036","12am",7.769973,45.55781,25.010499,21.661718
"037","12am",6.701633,39.48595,30.782499,23.029922
"038","12am",19.849652,41.79092,29.699288,8.660138
"039","12am",15.021392,54.94676,20.45416,9.577688
"041","12am",21.96015,52.6143,18.821178,6.604373
"042","12am",26.951187,41.93208,27.908378,3.208351
"043","12am",28.861465,45.73085,18.460899,6.946782
"044","12am",8.513041,52.528,22.734894,16.224069
"045","12am",23.223524,45.43632,29.167209,2.172946
"046","12am",12.563032,64.07851,18.408082,4.950377
"047","12am",31.988011,44.73651,16.79659,6.478885
"048","12am",18.613799,57.76691,21.857925,1.761364
"049","12am",23.938263,50.30876,20.352122,5.400855
"050","12am",13.542586,65.96422,14.605538,5.887655
"051","12am",29.760849,54.0073,10.77034,5.461511
"052","12am",35.858685,50.36019,8.832293,4.948834
"053","12am",25.720492,54.95868,14.348286,4.972546
"054","12am",17.296892,70.30462,8.290391,4.108096
"055","12am",36.321746,50.29299,9.428143,3.957119
"056","12am",16.273303,46.19186,21.54964,15.985198
"057","12am",23.197628,59.32922,12.993337,4.479816
"058","12am",31.562424,43.51454,15.689365,9.233671
"059","12am",29.758678,57.06934,11.662855,1.509129
"060","12am",25.168297,48.68751,18.497747,7.646446
"061","12am",25.227546,62.38643,8.446174,3.939848
"062","12am",26.877381,42.66283,22.774987,7.684801
"063","12am",28.28143,43.89695,20.358022,7.463597
"064","12am",17.630154,57.4643,19.969481,4.936065
"065","12am",39.283764,39.28039,15.378035,6.057815
"066","12am",38.439839,43.5122,12.423984,5.623981
"067","12am",27.074898,51.86881,19.029205,2.027089
"068","12am",39.46808,44.43576,10.560612,5.535544
"001","1pm",23.551054,55.61063,14.722046,6.116271
"002","1pm",13.86537,59.99326,20.665273,5.476094
"003","1pm",17.411078,57.59015,14.588762,10.410014
"004","1pm",18.671424,55.72729,21.30832,4.292961
"005","1pm",32.447419,48.99448,13.105039,5.453062
"006","1pm",15.084341,48.87184,26.471863,9.571957
"007","1pm",20.104197,49.06798,22.461756,8.366064
"008","1pm",16.623746,45.35005,26.689742,11.336458
"009","1pm",16.879332,57.59293,21.345428,4.182306
"010","1pm",19.721802,47.51832,19.339595,13.420284
"011","1pm",5.901346,55.14007,19.726247,19.232338
"012","1pm",24.28683,40.09812,28.399462,7.215592
"013","1pm",17.061809,57.25855,15.691345,9.988295
"014","1pm",20.621841,53.81202,22.023063,3.543077
"015","1pm",25.698763,56.27807,14.162182,3.860981
"016","1pm",21.57677,52.31655,16.110349,9.996329
"017","1pm",21.193283,44.16586,20.026793,14.614066
"018","1pm",25.805351,38.70689,24.799417,10.688346
"019","1pm",17.967335,41.17035,20.871101,19.991216
"020","1pm",19.888678,37.75667,19.299055,23.055594
"021","1pm",15.799786,52.32702,19.412338,12.460852
"022","1pm",17.087861,47.5839,24.242102,11.086142
"023","1pm",17.48027,56.97443,17.975451,7.569844
"024","1pm",8.870445,43.8055,27.679551,19.644506
"025","1pm",14.833228,39.62543,25.3462,20.195146
"026","1pm",23.27386,48.17065,16.541629,12.013863
"027","1pm",38.137352,44.58066,13.487374,3.794613
"028","1pm",22.907211,42.4183,19.52188,15.152607
"029","1pm",31.954777,44.06077,15.066646,8.917808
"030","1pm",15.738032,34.19101,26.349405,23.72155
"031","1pm",9.967104,30.26177,26.661421,33.109701
"032","1pm",4.983349,36.26638,22.1213,36.628976
"033","1pm",5.103962,37.54063,27.075613,30.279792
"034","1pm",13.880091,52.98988,18.983345,14.146679
"035","1pm",14.640277,45.24969,27.663474,12.446563
"036","1pm",11.846022,44.25642,23.21583,20.681727
"037","1pm",6.107586,41.39257,28.684651,23.815193
"038","1pm",22.346823,48.62582,20.997387,8.02997
"039","1pm",15.856222,56.90712,24.694204,2.542455
"041","1pm",21.246733,53.01757,19.684253,6.051439
"042","1pm",27.83107,41.77653,28.131737,2.260668
"043","1pm",30.649215,44.4257,18.253201,6.67188
"044","1pm",8.666548,53.66823,20.381064,17.284161
"045","1pm",23.708801,46.7135,28.479025,1.098675
"046","1pm",14.564421,57.18553,17.310028,10.940025
"047","1pm",30.82505,44.00937,17.512094,7.653486
"048","1pm",18.092646,58.17034,22.587682,1.149332
"049","1pm",23.797567,49.61363,20.629177,5.959627
"050","1pm",14.405544,64.12656,13.484375,7.983522
"051","1pm",32.073557,50.6228,13.247662,4.05598
"052","1pm",36.470342,49.29914,9.157292,5.073225
"053","1pm",26.506704,54.14888,14.407475,4.936938
"054","1pm",16.56929,74.84066,7.462702,1.127349
"055","1pm",35.319925,51.73637,9.117121,3.826579
"056","1pm",19.796752,44.04392,21.174646,14.984678
"057","1pm",22.300008,58.86244,13.925073,4.912484
"058","1pm",34.16462,39.87221,16.308184,9.654987
"059","1pm",27.157193,57.81624,12.033925,2.992641
"060","1pm",28.513848,45.56238,18.123599,7.80017
"061","1pm",25.677617,59.75117,9.704291,4.866926
"062","1pm",26.109888,45.62684,21.179468,7.083806
"063","1pm",28.886328,45.32523,18.339276,7.449169
"064","1pm",16.211502,56.73125,21.366512,5.690734
"065","1pm",35.706379,41.35635,17.290711,5.646563
"066","1pm",37.775413,42.24951,13.923856,6.051224
"067","1pm",27.86451,49.30187,20.716213,2.117411
"068","1pm",35.707853,43.31521,15.250854,5.726086
"001","2pm",23.130351,57.83186,12.800396,6.237389
"002","2pm",13.837629,58.64855,22.681367,4.83245
"003","2pm",17.978782,57.34356,14.768379,9.909283
"004","2pm",20.643133,52.69074,23.131439,3.534689
"005","2pm",33.476012,49.14663,12.067908,5.309454
"006","2pm",12.333466,53.98808,22.723665,10.954784
"007","2pm",21.318212,48.16847,21.873589,8.639734
"008","2pm",16.354217,49.67068,23.517284,10.457825
"009","2pm",18.264342,56.21168,22.051744,3.472235
"010","2pm",21.408479,48.12604,17.611519,12.853959
"011","2pm",7.929671,54.01873,18.756508,19.295086
"012","2pm",21.201112,42.70564,26.561926,9.531326
"013","2pm",17.371316,57.76124,15.18008,9.687364
"014","2pm",18.60831,55.44703,24.893808,1.050848
"015","2pm",26.427675,51.59372,18.669121,3.309484
"016","2pm",21.609755,55.51625,14.833382,8.040612
"017","2pm",25.212927,40.30739,19.158646,15.321032
"018","2pm",26.662877,38.72188,22.664516,11.950722
"019","2pm",14.326027,41.70465,24.374423,19.5949
"020","2pm",18.278711,40.12369,18.481061,23.116542
"021","2pm",18.279068,52.62365,17.452782,11.644504
"022","2pm",17.653026,50.25107,21.886701,10.209201
"023","2pm",22.867945,52.50713,18.347698,6.277232
"024","2pm",10.022459,43.29216,26.572527,20.112853
"025","2pm",14.622539,37.23721,25.596903,22.543352
"026","2pm",21.310966,49.45788,16.641704,12.58945
"027","2pm",37.301623,44.13488,15.493889,3.069611
"028","2pm",24.252795,39.6844,20.952402,15.110405
"029","2pm",36.762759,43.0664,12.89214,7.2787
"030","2pm",12.938876,35.0902,28.576252,23.394675
"031","2pm",10.448132,29.05503,25.7974,34.699437
"032","2pm",5.610964,37.95858,20.97295,35.457505
"033","2pm",5.969672,36.58344,26.216796,31.230097
"034","2pm",11.738853,50.09467,20.539844,17.626637
"035","2pm",15.320401,39.22716,29.579998,15.872441
"036","2pm",11.729045,43.8272,23.525824,20.917933
"037","2pm",9.648215,41.3768,31.059559,17.915431
"038","2pm",20.89832,42.4941,26.777355,9.830229
"039","2pm",14.14906,54.90599,28.402887,2.542059
"041","2pm",18.855483,54.95735,20.097352,6.08982
"042","2pm",27.853858,42.54609,27.279326,2.320727
"043","2pm",26.116394,47.89923,19.310211,6.674169
"044","2pm",9.172021,53.37658,20.6631,16.788297
"045","2pm",22.928631,45.65965,29.278601,2.133119
"046","2pm",14.643599,62.63492,16.155003,6.566481
"047","2pm",29.376753,47.41788,15.761278,7.444087
"048","2pm",18.318544,56.42731,24.094271,1.159872
"049","2pm",20.101232,50.83638,21.844542,7.21785
"050","2pm",12.5958,66.7389,14.23401,6.431284
"051","2pm",32.141474,50.69777,11.683517,5.477235
"052","2pm",34.605244,52.82547,7.713262,4.856029
"053","2pm",27.47973,52.09584,14.61536,5.809066
"054","2pm",14.601762,74.03852,10.167709,1.192012
"055","2pm",36.216347,51.45884,7.863153,4.461659
"056","2pm",20.433883,41.3343,21.445146,16.786666
"057","2pm",22.550722,60.63067,12.550805,4.267801
"058","2pm",33.157904,41.14499,16.284846,9.412255
"059","2pm",30.481099,53.63048,11.829536,4.058882
"060","2pm",25.552836,45.41126,20.047006,8.988897
"061","2pm",24.191464,59.81791,11.198241,4.79239
"062","2pm",25.010416,45.07347,23.173205,6.742907
"063","2pm",28.756653,46.70856,16.284338,8.250453
"064","2pm",19.594117,55.84076,18.967758,5.597361
"065","2pm",35.225642,40.94364,18.260174,5.57054
"066","2pm",37.710947,45.10787,13.324578,3.856602
"067","2pm",25.753727,54.17943,16.100719,3.966122
"068","2pm",33.481018,44.8272,15.939935,5.751847
"001","3pm",22.122441,57.3864,14.179238,6.3119167
"002","3pm",14.916748,60.10501,20.734028,4.2442092
"003","3pm",17.83126,62.56153,10.103705,9.5035084
"004","3pm",19.870442,50.80346,24.878126,4.4479701
"005","3pm",32.777865,51.52563,12.689968,3.0065361
"006","3pm",16.892886,47.97497,24.737016,10.3951301
"007","3pm",22.52515,46.03815,22.338369,9.0983351
"008","3pm",15.254224,45.61467,26.590025,12.5410772
"009","3pm",9.630504,63.27669,21.960641,5.1321673
"010","3pm",24.307459,46.63312,18.154761,10.9046602
"011","3pm",10.983635,53.02273,15.794332,20.1993056
"012","3pm",19.941421,39.5525,30.427908,10.0781693
"013","3pm",18.25882,57.45223,15.159362,9.129587
"014","3pm",15.92798,58.61411,23.430212,2.0276995
"015","3pm",27.755114,55.17511,14.57279,2.49699
"016","3pm",18.907299,55.04861,15.057282,10.9868097
"017","3pm",25.712535,39.9863,20.147882,14.153283
"018","3pm",22.768411,39.0552,25.604812,12.5715816
"019","3pm",12.058657,40.23109,26.297861,21.4123899
"020","3pm",18.469141,41.29419,20.499157,19.7375106
"021","3pm",20.333875,49.66265,18.847876,11.1555966
"022","3pm",18.539093,52.11855,17.999428,11.3429295
"023","3pm",24.482321,51.89583,17.321956,6.2998958
"024","3pm",8.105929,44.23309,26.437669,21.2233098
"025","3pm",13.663056,34.75438,26.750769,24.8317956
"026","3pm",20.599295,48.55086,17.352211,13.4976294
"027","3pm",37.734564,42.65358,16.368895,3.2429648
"028","3pm",25.459978,40.8465,21.515345,12.1781734
"029","3pm",38.213024,38.50719,14.999247,8.2805425
"030","3pm",14.016926,35.51109,26.553393,23.9185916
"031","3pm",9.705793,29.21057,25.721203,35.3624355
"032","3pm",5.512357,38.73697,21.246969,34.5037013
"033","3pm",6.6478,33.46459,28.569109,31.3185034
"034","3pm",9.197922,55.74689,19.334718,15.7204691
"035","3pm",17.054124,42.02461,27.48706,13.4342044
"036","3pm",11.236409,44.28394,23.822511,20.6571395
"037","3pm",8.759859,38.79573,29.710084,22.7343264
"038","3pm",20.748059,40.01931,26.694714,12.5379142
"039","3pm",14.947357,51.36842,29.481853,4.202369
"041","3pm",18.977532,54.23896,20.740645,6.0428663
"042","3pm",25.350625,43.96909,29.576075,1.1042127
"043","3pm",24.570745,49.04552,18.215416,8.1683158
"044","3pm",9.227116,55.51416,21.123544,14.1351766
"045","3pm",24.091646,48.22114,25.534605,2.1526101
"046","3pm",16.255453,54.81015,21.645129,7.2892686
"047","3pm",29.486378,44.79638,18.221144,7.4961008
"048","3pm",20.485493,57.68402,21.664533,0.1659543
"049","3pm",21.965661,50.12123,20.858267,7.0548417
"050","3pm",16.351724,62.77978,14.219831,6.6486658
"051","3pm",29.77794,51.71293,13.249763,5.2593723
"052","3pm",35.800075,51.11338,8.456945,4.6295979
"053","3pm",24.970139,55.7772,13.60964,5.6430196
"054","3pm",14.097432,76.29724,8.573289,1.0320375
"055","3pm",35.712017,52.05839,8.949847,3.2797466
"056","3pm",19.266286,45.23638,19.393146,16.1041864
"057","3pm",24.285206,58.73687,12.669693,4.3082278
