"district","hour","mode1","mode2","mode3"
"001","4am",2.7171474,77.184439,20.098414
"002","4am",4.3900736,74.160065,21.449862
"003","4am",4.7718801,83.512124,11.715996
"004","4am",3.7576094,80.256852,15.985538
"005","4am",3.8519667,76.163274,19.98476
"006","4am",8.5476156,82.328717,9.123668
"007","4am",4.3209635,71.346132,24.332905
"008","4am",8.3345817,64.236867,27.428552
"009","4am",8.2080387,75.166213,16.625748
"010","4am",7.9262477,73.832022,18.241731
"011","4am",15.3958487,61.609615,22.994536
"012","4am",3.5042412,64.509006,31.986753
"013","4am",8.7865785,55.599324,35.614098
"014","4am",15.856863,64.499889,19.643248
"015","4am",31.3537111,41.005441,27.640848
"016","4am",23.2277307,48.129885,28.642384
"017","4am",23.9067696,41.58898,34.50425
"018","4am",19.6476962,51.308793,29.043511
"019","4am",14.8280186,53.064756,32.107226
"020","4am",10.3940245,54.086664,35.519311
"021","4am",14.6806683,62.005613,23.313719
"022","4am",22.8694149,49.954978,27.175608
"023","4am",8.5049627,62.381075,29.113962
"024","4am",15.125041,57.223681,27.651278
"025","4am",12.7457206,38.556722,48.697558
"026","4am",23.9805394,41.441616,34.577845
"027","4am",12.6541682,49.244766,38.101065
"028","4am",21.6281811,43.564534,34.807284
"029","4am",36.9065301,30.315105,32.778365
"030","4am",28.8110103,19.148715,52.040274
"031","4am",15.4861081,31.299829,53.214063
"032","4am",4.8044916,53.413788,41.781721
"033","4am",9.3132471,30.264398,60.422355
"034","4am",13.8101338,46.135454,40.054412
"035","4am",29.2541495,35.544744,35.201107
"036","4am",10.5363016,18.762216,70.701482
"037","4am",14.8905837,7.509278,77.600138
"038","4am",10.6831027,71.279856,18.037041
"039","4am",17.927318,59.244169,22.828513
"041","4am",3.2499998,74.404669,22.345331
"042","4am",4.1040274,73.386446,22.509526
"043","4am",6.113554,79.463196,14.42325
"044","4am",1.5575974,81.973062,16.469341
"045","4am",7.8864102,74.549828,17.563762
"046","4am",3.3043766,88.240909,8.454714
"047","4am",2.1864442,84.457341,13.356215
"048","4am",0.1374313,66.633861,33.228707
"049","4am",1.5313539,75.108075,23.360572
"050","4am",1.8722519,68.628945,29.498803
"051","4am",2.7581288,78.379564,18.862307
"052","4am",1.6470064,71.64558,26.707413
"053","4am",7.4382071,79.42759,13.134203
"054","4am",7.1766876,78.357468,14.465845
"055","4am",2.6585231,84.782569,12.558908
"056","4am",6.6644845,68.578226,24.757289
"057","4am",5.7086255,76.061627,18.229747
"058","4am",8.0203223,76.581975,15.397703
"059","4am",1.6279664,71.650268,26.721765
"060","4am",3.2725594,78.032083,18.695357
"061","4am",4.4640996,78.615406,16.920494
"062","4am",3.2784781,65.310806,31.410716
"063","4am",3.443057,80.755302,15.801641
"064","4am",3.2607233,75.475503,21.263774
"065","4am",6.0769793,73.786032,20.136989
"066","4am",3.4083507,73.792001,22.799648
"067","4am",0.766491,76.748852,22.484657
"068","4am",3.210468,76.436494,20.353038
"001","5am",2.730325,77.073788,20.195887
"002","5am",4.2959532,73.856434,21.847613
"003","5am",4.8163968,83.358309,11.825294
"004","5am",3.8913394,80.432527,15.676133
"005","5am",3.98894,76.191988,19.819072
"006","5am",8.7310075,81.949574,9.319419
"007","5am",3.2361208,72.754566,24.009313
"008","5am",8.3345817,64.236867,27.428552
"009","5am",8.1605338,74.540983,17.298483
"010","5am",7.7343277,74.465633,17.800039
"011","5am",13.2759132,62.772623,23.951463
"012","5am",3.5348843,64.998363,31.466752
"013","5am",9.0283988,54.377348,36.594253
"014","5am",15.901189,63.087959,21.010852
"015","5am",31.4813099,41.651055,26.867635
"016","5am",24.3034146,47.391053,28.305532
"017","5am",24.6192709,40.138878,35.241851
"018","5am",19.5787444,51.479671,28.941585
"019","5am",15.5299389,51.671989,32.798072
"020","5am",9.5090852,53.980818,36.510097
"021","5am",15.1515897,61.559675,23.288735
"022","5am",23.0543274,49.550334,27.395338
"023","5am",8.1537559,61.850901,29.995343
"024","5am",13.9443312,57.564578,28.491091
"025","5am",11.2629417,44.169383,44.567675
"026","5am",23.4001352,41.743687,34.856178
"027","5am",13.0455089,48.931623,38.022868
"028","5am",20.3228467,45.662966,34.014188
"029","5am",37.6642607,29.885096,32.450643
"030","5am",27.9522348,21.246368,50.801397
"031","5am",15.403684,31.133238,53.463078
"032","5am",5.0576001,53.711988,41.230412
"033","5am",10.797168,29.277637,59.925195
"034","5am",12.6251838,46.988558,40.386258
"035","5am",30.5095445,34.913998,34.576458
"036","5am",10.8094557,22.395214,66.79533
"037","5am",14.9113765,8.215042,76.873581
"038","5am",9.9147714,70.688963,19.396265
"039","5am",17.8504699,59.152674,22.996857
"041","5am",3.3048851,73.918997,22.776118
"042","5am",4.2097165,73.521105,22.269178
"043","5am",5.9609944,79.975678,14.063328
"044","5am",1.5313134,82.27726,16.191426
"045","5am",7.6535028,75.301442,17.045055
"046","5am",3.3927028,87.926588,8.680709
"047","5am",2.2354198,85.2269,12.53768
"048","5am",0.1375557,65.738412,34.124032
"049","5am",1.5180648,75.324086,23.157849
"050","5am",1.8530099,69.146624,29.000366
"051","5am",2.7761423,79.054637,18.16922
"052","5am",1.6467462,71.650059,26.703194
"053","5am",6.8758887,80.394494,12.729617
"054","5am",7.3947762,78.514521,14.090703
"055","5am",2.7240743,84.407353,12.868573
"056","5am",6.7612953,68.121782,25.116923
"057","5am",5.7128236,76.044023,18.243153
"058","5am",6.155448,78.206679,15.637873
"059","5am",1.6546338,71.923004,26.422362
"060","5am",3.374216,78.263702,18.362082
"061","5am",4.6134235,79.444865,15.941711
"062","5am",3.2332259,66.192879,30.573895
"063","5am",3.6599821,79.542816,16.797202
"064","5am",2.5816089,75.303882,22.114509
"065","5am",5.1679155,74.100886,20.731199
"066","5am",3.730901,73.124909,23.14419
"067","5am",0.8097278,76.319278,22.870995
"068","5am",3.2132761,77.225213,19.561511
"001","6am",3.1926661,76.931992,19.875342
"002","6am",4.7825715,73.989427,21.228002
"003","6am",3.6190904,82.690067,13.690843
"004","6am",3.9579174,80.233825,15.808258
"005","6am",4.0289123,76.070895,19.900193
"006","6am",6.3086121,84.104423,9.586965
"007","6am",3.2169731,71.967911,24.815116
"008","6am",8.4989283,63.531666,27.969406
"009","6am",8.1724843,74.5037,17.323816
"010","6am",6.3016149,75.360586,18.337799
"011","6am",14.1746174,67.002015,18.823368
"012","6am",3.3916676,62.737418,33.870914
"013","6am",9.1402273,55.633696,35.226077
"014","6am",15.6683429,62.869686,21.461971
"015","6am",31.8284562,42.242616,25.928927
"016","6am",23.4113433,46.104309,30.484348
"017","6am",24.1288986,42.011025,33.860077
"018","6am",18.9931837,50.970688,30.036128
"019","6am",16.9520719,51.832248,31.21568
"020","6am",8.8893621,54.371381,36.739257
"021","6am",14.4888962,64.358736,21.152368
"022","6am",22.5361562,47.451391,30.012453
"023","6am",9.7570227,60.740322,29.502655
"024","6am",14.8103837,56.258462,28.931154
"025","6am",10.2523742,46.747186,43.00044
"026","6am",19.996841,42.341308,37.661851
"027","6am",13.2647017,47.349929,39.385369
"028","6am",16.2670317,50.252687,33.480282
"029","6am",36.9755599,30.979374,32.045066
"030","6am",26.596689,25.65392,47.749391
"031","6am",16.0683668,31.828742,52.102891
"032","6am",5.3860979,54.67029,39.943612
"033","6am",11.0969183,29.2531,59.649981
"034","6am",13.0488635,45.183294,41.767842
"035","6am",29.4958556,36.983814,33.52033
"036","6am",11.180101,27.699282,61.120617
"037","6am",16.6105143,8.971379,74.418106
"038","6am",8.6587892,70.91553,20.42568
"039","6am",17.6392525,60.200507,22.160241
"041","6am",2.5721482,74.044711,23.38314
"042","6am",3.5468913,72.104202,24.348907
"043","6am",6.537189,78.040111,15.4227
"044","6am",1.5552258,82.778122,15.666652
"045","6am",6.7512289,74.584601,18.66417
"046","6am",3.5447447,87.385525,9.06973
"047","6am",2.4084228,84.083585,13.507992
"048","6am",0.1366422,67.274142,32.589216
"049","6am",1.5719875,74.507773,23.92024
"050","6am",1.1186565,70.073585,28.807758
"051","6am",1.9016268,79.524858,18.573515
"052","6am",1.7353453,71.044368,27.220286
"053","6am",3.4106806,82.969034,13.620285
"054","6am",6.4331014,78.753169,14.813729
"055","6am",2.9356392,85.331951,11.73241
"056","6am",4.9070826,68.686575,26.406342
"057","6am",2.5570641,77.951858,19.491078
"058","6am",4.815323,79.22111,15.963567
"059","6am",0.8278888,71.911959,27.260153
"060","6am",1.0709735,78.533326,20.395701
"061","6am",4.6438866,78.067586,17.288527
"062","6am",1.5375702,68.081922,30.380508
"063","6am",4.0341266,76.225679,19.740194
"064","6am",2.6866962,73.260279,24.053025
"065","6am",3.8680837,72.289571,23.842345
"066","6am",2.0154016,74.129274,23.855324
"067","6am",0.8839656,75.581371,23.534663
"068","6am",3.2986292,75.812996,20.888375
"001","7am",5.4506963,74.32486,20.224447
"002","7am",4.8458452,72.2123,22.94186
"003","7am",1.1801394,79.50109,19.318774
"004","7am",1.3187328,83.13793,15.543342
"005","7am",4.5471304,71.79424,23.658626
"006","7am",5.3905606,83.36358,11.24586
"007","7am",0.8387837,71.15207,28.009151
"008","7am",5.9435299,64.53527,29.521203
"009","7am",6.2436586,75.47363,18.282712
"010","7am",5.475316,75.32321,19.201471
"011","7am",18.9269223,61.27879,19.794286
"012","7am",2.6258033,64.09951,33.274688
"013","7am",6.7610987,53.22881,40.010088
"014","7am",11.9663137,63.92318,24.110509
"015","7am",25.3341886,49.47773,25.188085
"016","7am",22.6856978,45.01874,32.295559
"017","7am",22.096661,44.66336,33.239976
"018","7am",18.7277172,51.743,29.529283
"019","7am",12.0779941,61.66652,26.255488
"020","7am",8.6855026,53.79133,37.523165
"021","7am",9.0351305,63.86078,27.10409
"022","7am",25.6493901,48.31768,26.032925
"023","7am",7.3952252,63.66165,28.943125
"024","7am",11.2181977,57.61145,31.170349
"025","7am",17.0053486,47.87257,35.122085
"026","7am",17.2209122,46.33593,36.443161
"027","7am",12.5104271,52.25764,35.231937
"028","7am",23.3583588,48.59236,28.049278
"029","7am",34.9435365,31.41847,33.637994
"030","7am",28.5401794,30.06774,41.392085
"031","7am",23.2844873,33.90639,42.809123
"032","7am",10.0819065,61.40401,28.514079
"033","7am",15.6360318,26.97733,57.386638
"034","7am",16.2276292,43.20037,40.572004
"035","7am",23.3796198,40.65479,35.965588
"036","7am",18.7097714,34.13348,47.156746
"037","7am",25.6578915,11.39651,62.945601
"038","7am",4.7626988,70.74649,24.490814
"039","7am",23.2678218,57.58011,19.152064
"041","7am",3.7602855,79.67226,16.567456
"042","7am",1.1567048,70.15764,28.685652
"043","7am",1.0187149,80.85477,18.126512
"044","7am",7.8629929,78.09852,14.038486
"045","7am",2.8892498,75.43865,21.6721
"046","7am",3.4293076,86.99748,9.573209
"047","7am",1.667791,75.84636,22.485847
"048","7am",5.1495451,61.02842,33.822038
"049","7am",0,76.05107,23.948933
"050","7am",8.6312886,67.74566,23.623048
"051","7am",3.4748054,77.16131,19.363886
"052","7am",4.5777152,69.13417,26.28811
"053","7am",0.9416168,87.10644,11.951943
"054","7am",3.2023729,77.97818,18.819447
"055","7am",1.2154924,84.97591,13.808597
"056","7am",11.8710513,64.34809,23.780856
"057","7am",6.6174164,73.90198,19.480607
"058","7am",2.6764031,80.89177,16.431823
"059","7am",0.1314516,76.50801,23.360543
"060","7am",0,74.18311,25.816889
"061","7am",3.5720461,76.6263,19.801651
"062","7am",9.0035383,62.34189,28.654568
"063","7am",1.2546636,80.76483,17.98051
"064","7am",0.5664222,71.85523,27.578343
"065","7am",0,76.12964,23.87036
"066","7am",3.3166672,72.77498,23.908354
"067","7am",1.1156825,71.89984,26.984477
"068","7am",1.4785291,72.0572,26.464273
"001","8am",6.5096395,75.1954,18.294957
"002","8am",4.3744966,68.30322,27.322281
"003","8am",3.1367051,74.38575,22.477549
"004","8am",0.33633,77.59998,22.063691
"005","8am",4.792425,67.11843,28.089142
"006","8am",6.0808208,81.23559,12.683584
"007","8am",0.7075361,74.95691,24.335556
"008","8am",7.1401028,63.23346,29.626441
"009","8am",4.9760341,78.18518,16.838788
"010","8am",4.5457235,78.39489,17.059385
"011","8am",20.5248116,61.32222,18.152964
"012","8am",4.3825527,61.20175,34.415695
"013","8am",4.8174268,56.43821,38.744361
"014","8am",11.989738,64.37431,23.635952
"015","8am",21.8362609,53.95882,24.204918
"016","8am",25.0497753,46.37017,28.580057
"017","8am",19.8863217,50.31353,29.800146
"018","8am",22.1190279,51.17075,26.71022
"019","8am",13.7211877,65.1773,21.101512
"020","8am",10.0211652,54.54186,35.436977
"021","8am",14.3608743,63.0911,22.548026
"022","8am",24.1373438,50.65405,25.208606
"023","8am",7.9994571,62.50103,29.499508
"024","8am",10.7403202,59.08004,30.179641
"025","8am",20.1162903,47.15681,32.726901
"026","8am",12.8247658,55.92479,31.250446
"027","8am",13.2174905,49.17031,37.612195
"028","8am",21.0339273,55.31154,23.654537
"029","8am",34.1868387,31.10124,34.711926
"030","8am",29.6145883,29.88568,40.499733
"031","8am",31.5839766,36.12866,32.287367
"032","8am",14.045363,61.36849,24.586147
"033","8am",21.6982857,24.85663,53.445085
"034","8am",18.2965601,40.9465,40.756945
"035","8am",25.2000241,40.48716,34.312818
"036","8am",23.2332388,33.90819,42.858567
"037","8am",30.8820998,25.89954,43.21836
"038","8am",2.7926448,70.85939,26.347963
"039","8am",21.5176225,58.76175,19.720629
"041","8am",4.2830143,77.71127,18.005712
"042","8am",1.5717753,71.03492,27.393305
"043","8am",0,80.16227,19.837728
"044","8am",10.3933242,73.21213,16.394548
"045","8am",0,74.86484,25.135156
"046","8am",2.9244321,88.43024,8.645333
"047","8am",1.8966372,76.32539,21.777972
"048","8am",6.3213591,60.84151,32.837127
"049","8am",0,71.28823,28.711767
"050","8am",8.6501759,70.63884,20.71098
"051","8am",4.3422597,75.0068,20.650941
"052","8am",4.7177236,69.80679,25.475482
"053","8am",2.02293,80.62668,17.350393
"054","8am",2.091251,78.67461,19.234135
"055","8am",2.3259717,81.43495,16.23908
"056","8am",14.1828911,64.85352,20.963594
"057","8am",6.1702509,73.5896,20.240152
"058","8am",1.3947809,81.95989,16.645326
"059","8am",0.1390901,77.66023,22.20068
"060","8am",1.4215635,75.95448,22.623952
"061","8am",3.749645,78.13868,18.111671
"062","8am",11.095873,61.84662,27.057506
"063","8am",0.3516964,77.25854,22.389767
"064","8am",0.2911992,71.91274,27.796064
"065","8am",0.2571991,76.55548,23.187324
"066","8am",3.613327,71.31975,25.066925
"067","8am",1.2201142,70.59858,28.18131
"068","8am",2.852878,71.53033,25.616791
"001","9am",6.7057236,74.44824,18.84604
"002","9am",3.3282285,70.83224,25.83953
"003","9am",1.771287,77.27508,20.95364
"004","9am",0.1827043,75.94436,23.87294
"005","9am",4.7143947,68.84333,26.44228
"006","9am",5.8260628,79.84681,14.32713
"007","9am",1.5386719,75.48515,22.97617
"008","9am",5.8902461,68.92391,25.18585
"009","9am",4.5188118,76.88204,18.59915
"010","9am",2.5743366,81.47418,15.95148
"011","9am",19.2753244,61.42281,19.30187
"012","9am",7.2583937,59.38953,33.35207
"013","9am",4.8504934,56.17306,38.97644
"014","9am",10.3118958,64.35524,25.33287
"015","9am",22.8351958,49.35406,27.81074
"016","9am",20.9216658,46.59772,32.48061
"017","9am",18.4119533,54.25049,27.33756
"018","9am",23.9332428,53.99884,22.06791
"019","9am",12.3003669,67.39592,20.30371
"020","9am",12.0596948,54.32889,33.61141
"021","9am",16.0540882,60.84007,23.10584
"022","9am",21.3664331,55.887,22.74656
"023","9am",7.2162905,64.96227,27.82144
"024","9am",8.7828602,62.83507,28.38207
"025","9am",19.5062475,48.74029,31.75346
"026","9am",11.5730924,59.49392,28.93299
"027","9am",12.4625606,46.87924,40.6582
"028","9am",21.7624452,55.42736,22.81019
"029","9am",29.0685312,37.51298,33.41849
"030","9am",27.8701198,30.62009,41.50979
"031","9am",29.8095454,38.01092,32.17954
"032","9am",15.3257946,59.43072,25.24349
"033","9am",21.514806,26.03797,52.44722
"034","9am",21.0171669,41.88204,37.1008
"035","9am",24.2909626,37.69397,38.01506
"036","9am",25.652798,34.74719,39.60001
"037","9am",30.7141297,24.22066,45.06521
"038","9am",2.8590718,71.39233,25.7486
"039","9am",20.8438575,61.67609,17.48005
"041","9am",4.1130575,76.62003,19.26691
"042","9am",1.7928447,66.36127,31.84589
"043","9am",0,81.30491,18.69509
"044","9am",9.1350413,75.94196,14.923
"045","9am",0,77.36161,22.63839
"046","9am",3.2790113,90.02997,6.69102
"047","9am",1.8679429,76.44323,21.68883
"048","9am",6.4796658,59.86086,33.65947
"049","9am",0,71.75947,28.24053
"050","9am",8.5384221,69.25323,22.20835
"051","9am",2.8406779,72.83102,24.3283
"052","9am",4.7659857,69.87006,25.36395
"053","9am",1.162499,81.93471,16.90279
"054","9am",2.0878488,80.92807,16.98409
"055","9am",2.7005824,78.56295,18.73647
"056","9am",13.818513,63.78623,22.39526
"057","9am",6.3328783,71.79373,21.87339
"058","9am",1.4599424,81.29731,17.24275
"059","9am",0.1445176,75.20574,24.64974
"060","9am",1.3890045,78.69772,19.91327
"061","9am",3.9233258,78.06554,18.01113
"062","9am",10.6326879,63.95133,25.41598
"063","9am",0.4141754,74.30502,25.2808
"064","9am",0,69.27015,30.72985
"065","9am",0.2926821,75.80368,23.90364
"066","9am",3.7362266,68.27802,27.98575
"067","9am",1.290732,70.18761,28.52166
"068","9am",2.7420014,73.08181,24.17619
"001","10am",6.1126538,72.47486,21.412489
"002","10am",3.0525787,73.24797,23.699454
"003","10am",0,77.13682,22.863185
"004","10am",0.1878331,76.19328,23.618884
"005","10am",3.4077266,71.98241,24.609862
"006","10am",6.3856177,81.19189,12.422497
"007","10am",1.4806547,77.27008,21.249264
"008","10am",4.8076719,72.52256,22.669764
"009","10am",5.3551036,76.71636,17.928535
"010","10am",3.6098009,78.04135,18.348847
"011","10am",22.5801329,58.93032,18.489551
"012","10am",3.9228732,64.74078,31.33635
"013","10am",4.5201904,53.24583,42.233981
"014","10am",11.0139529,64.50146,24.484582
"015","10am",21.9362201,50.18273,27.88105
"016","10am",18.9062121,48.94973,32.144056
"017","10am",19.4087337,52.23605,28.35522
"018","10am",22.8197178,57.53976,19.640521
"019","10am",13.2948051,66.52365,20.181549
"020","10am",11.9145861,50.36086,37.724552
"021","10am",19.0224645,60.02034,20.957199
"022","10am",18.1543828,56.54104,25.304574
"023","10am",9.3053079,59.84831,30.846382
"024","10am",7.7233159,64.20864,28.068042
"025","10am",20.7136774,49.32155,29.964776
"026","10am",5.9431063,61.35003,32.706866
"027","10am",12.1066944,46.5817,41.311607
"028","10am",22.0519593,54.99353,22.95451
"029","10am",25.7882293,39.3515,34.860275
"030","10am",29.9831196,25.9862,44.030676
"031","10am",28.718782,39.65329,31.627929
"032","10am",13.7763519,61.13872,25.084924
"033","10am",22.05743,24.38989,53.552677
"034","10am",20.929518,36.73003,42.340452
"035","10am",20.4431019,40.29747,39.25943
"036","10am",26.2989826,34.73313,38.967888
"037","10am",31.90247,20.29683,47.800701
"038","10am",4.9103515,72.58907,22.500582
"039","10am",16.8335791,62.2104,20.956024
"041","10am",4.4028255,74.97289,20.62428
"042","10am",2.6764502,69.09686,28.226692
"043","10am",1.1962361,84.93475,13.869015
"044","10am",8.4945946,75.78396,15.721442
"045","10am",0,76.12096,23.879039
"046","10am",0,91.58185,8.418149
"047","10am",1.7851451,77.42804,20.786816
"048","10am",5.0382575,62.46956,32.492178
"049","10am",0,72.06713,27.932875
"050","10am",8.4501525,71.17789,20.371956
"051","10am",2.874409,73.61866,23.506927
"052","10am",4.0347047,71.3445,24.620795
"053","10am",1.1557745,81.23743,17.606792
"054","10am",3.0472934,83.17609,13.776621
"055","10am",2.732424,78.31019,18.957386
"056","10am",13.2743484,66.71089,20.014762
"057","10am",5.7377625,72.78205,21.480189
"058","10am",0.074045,82.98321,16.942746
"059","10am",0,73.77114,26.228865
"060","10am",1.414658,78.30429,20.28105
"061","10am",2.5895858,78.73706,18.673358
"062","10am",10.1642199,66.47182,23.363959
"063","10am",0.3743236,75.39062,24.235059
"064","10am",0.2980604,66.23402,33.467921
"065","10am",1.7807699,71.97811,26.241123
"066","10am",2.563597,73.79049,23.64591
"067","10am",0,70.89588,29.104119
"068","10am",2.8245388,72.27154,24.903918
"001","11am",5.56950605,72.2432,22.187292
"002","11am",1.80095453,71.70514,26.493908
"003","11am",0,78.37226,21.627742
"004","11am",0.37418884,76.0272,23.598614
"005","11am",3.65833903,68.97665,27.365013
"006","11am",5.32197336,80.94569,13.732334
"007","11am",1.55650002,77.06791,21.375587
"008","11am",5.8678146,70.33998,23.792202
"009","11am",4.5393132,77.30639,18.154295
"010","11am",4.67587807,75.30068,20.023442
"011","11am",18.55732779,60.26995,21.172719
"012","11am",1.94717289,62.19621,35.856616
"013","11am",3.76626361,54.53625,41.69749
"014","11am",9.18865848,63.16049,27.650848
"015","11am",22.26938814,49.78004,27.95057
"016","11am",18.71072765,50.68517,30.6041
"017","11am",20.17527442,49.6025,30.222227
"018","11am",24.4292122,52.14522,23.425566
"019","11am",13.41800967,65.94285,20.639142
"020","11am",12.02220825,48.87676,39.101037
"021","11am",13.63237971,53.22084,33.146778
"022","11am",21.16299678,54.43344,24.403567
"023","11am",9.88571465,63.63184,26.482443
"024","11am",7.50734847,63.48951,29.003143
"025","11am",19.85789441,46.06632,34.075787
"026","11am",8.35793537,59.9562,31.685869
"027","11am",8.14882486,51.27302,40.578151
"028","11am",22.26351974,52.23178,25.504697
"029","11am",24.6259734,42.76008,32.613945
"030","11am",28.15749606,29.55023,42.29227
"031","11am",29.47035702,36.31498,34.214659
"032","11am",14.7465689,58.74101,26.512424
"033","11am",21.12364285,22.03429,56.842071
"034","11am",17.65905471,38.12991,44.211037
"035","11am",24.59359464,36.03212,39.374285
"036","11am",22.69013524,35.45431,41.855555
"037","11am",31.41628105,22.67261,45.911109
"038","11am",5.8980739,68.84259,25.259336
"039","11am",15.83249775,64.24242,19.925078
"041","11am",4.5111309,75.35856,20.130309
"042","11am",2.62457538,69.86,27.515425
"043","11am",1.0958412,80.64044,18.263716
"044","11am",7.85595905,75.13568,17.00836
"045","11am",0,74.58026,25.419741
"046","11am",2.8961261,91.565,5.538871
"047","11am",0,80.5959,19.4041
"048","11am",4.0041688,65.89105,30.104783
"049","11am",0,74.00451,25.99549
"050","11am",8.13819131,69.37749,22.484322
"051","11am",2.68275771,74.2129,23.10434
"052","11am",3.88504731,71.54032,24.574633
"053","11am",1.16836106,79.98445,18.847189
"054","11am",1.36166697,81.09957,17.538762
"055","11am",2.69444147,81.47913,15.826427
"056","11am",12.19755275,63.63228,24.170165
"057","11am",3.29917434,72.8995,23.801329
"058","11am",0.07277009,83.00775,16.919477
"059","11am",0,72.74648,27.253517
"060","11am",0.87869933,74.49822,24.623081
"061","11am",2.61162931,75.3496,22.03877
"062","11am",9.67945533,63.63879,26.68175
"063","11am",0.36147648,72.05068,27.58784
"064","11am",0.26389366,66.74182,32.994285
"065","11am",1.73436124,71.61603,26.649608
"066","11am",2.49365408,74.73642,22.769927
"067","11am",1.31869303,71.22608,27.455231
"068","11am",2.68709498,71.88288,25.430021
"001","12am",4.3745817,75.10696,20.518458
"002","12am",1.5740818,73.18926,25.236654
"003","12am",3.1728988,74.01094,22.816162
"004","12am",0.5486345,75.71747,23.733894
"005","12am",2.3365286,73.90054,23.762936
"006","12am",4.6746436,80.3222,15.003154
"007","12am",1.4050963,74.74374,23.851166
"008","12am",5.1588673,70.87477,23.966367
"009","12am",3.3522492,77.75494,18.892815
"010","12am",5.0794184,70.92428,23.9963
"011","12am",19.2660714,54.76053,25.973401
"012","12am",3.5735671,57.6263,38.800129
"013","12am",2.4761524,59.10399,38.419858
"014","12am",6.7187262,65.49302,27.788251
"015","12am",28.3998063,45.6163,25.983894
"016","12am",18.2428178,46.80838,34.9488
"017","12am",19.5119084,53.21248,27.275608
"018","12am",23.1319547,55.05974,21.808301
"019","12am",14.7377275,57.25126,28.01101
"020","12am",9.281544,47.48132,43.237132
"021","12am",18.9827285,52.12079,28.896485
"022","12am",15.4144526,59.63267,24.952881
"023","12am",9.0016296,62.55422,28.444151
"024","12am",7.6495782,66.70676,25.643657
"025","12am",12.4000586,45.244,42.355946
"026","12am",14.2067568,57.95471,27.83853
"027","12am",10.7613714,49.06296,40.175673
"028","12am",20.6698805,49.5189,29.811224
"029","12am",29.9051344,34.03704,36.057827
"030","12am",27.2223251,25.20406,47.573616
"031","12am",23.9987179,32.37782,43.623462
"032","12am",13.74776,52.23866,34.013584
"033","12am",14.375682,18.87411,66.750208
"034","12am",14.0465152,37.78973,48.163757
"035","12am",22.552066,35.26308,42.184849
"036","12am",19.2917969,32.20417,48.504031
"037","12am",25.9839641,15.62892,58.387113
"038","12am",6.8249778,69.0225,24.152519
"039","12am",16.3815441,66.69187,16.926591
"041","12am",5.0561673,71.23554,23.708294
"042","12am",0.4158271,72.83759,26.746587
"043","12am",1.045478,81.53018,17.424344
"044","12am",8.0915258,73.20945,18.699024
"045","12am",1.9135957,71.11326,26.97314
"046","12am",1.3752988,92.17253,6.452168
"047","12am",0.8476549,77.08862,22.063728
"048","12am",1.6776727,63.81704,34.50529
"049","12am",0.9290526,75.32366,23.747292
"050","12am",6.9946761,65.65742,27.347908
"051","12am",2.6896358,75.31451,21.995851
"052","12am",3.6849556,71.57634,24.738703
"053","12am",0,81.9453,18.054696
"054","12am",2.041312,82.55638,15.402303
"055","12am",3.9453544,78.69869,17.355955
"056","12am",9.8918885,58.64959,31.458517
"057","12am",1.5110233,73.31947,25.169507
"058","12am",1.1006269,83.61044,15.288938
"059","12am",0.7993774,69.88021,29.320415
"060","12am",2.2226168,75.00754,22.769845
"061","12am",3.1076145,77.87069,19.021698
"062","12am",5.7431727,66.97235,27.284474
"063","12am",2.4882124,71.75829,25.753497
"064","12am",3.1437494,62.73045,34.125805
"065","12am",1.5968843,71.7402,26.662919
"066","12am",2.4962697,75.9834,21.520335
"067","12am",2.0753612,73.87368,24.050957
"068","12am",3.77779,70.90358,25.318634
"001","1pm",4.7578283,73.20967,22.0325
"002","1pm",1.675407,70.47694,27.847651
"003","1pm",3.3903286,74.12817,22.481499
"004","1pm",0.5118161,78.61803,20.870154
"005","1pm",2.6465987,71.47488,25.878522
"006","1pm",3.9323987,79.62933,16.438269
"007","1pm",1.9978753,72.3523,25.649826
"008","1pm",6.4485589,70.56912,22.98232
"009","1pm",4.3442536,77.62859,18.02716
"010","1pm",4.8006712,70.80605,24.393275
"011","1pm",17.6054996,54.15746,28.237044
"012","1pm",5.2556395,59.20741,35.536955
"013","1pm",4.563127,54.10657,41.330308
"014","1pm",7.2251063,64.8937,27.881195
"015","1pm",26.4715582,50.9085,22.619945
"016","1pm",17.6419062,43.25902,39.099076
"017","1pm",19.6505526,56.17654,24.172904
"018","1pm",21.1568777,54.31499,24.528134
"019","1pm",10.2681804,64.51801,25.213807
"020","1pm",10.7658987,43.53911,45.694989
"021","1pm",19.6806448,50.04839,30.270963
"022","1pm",18.3172638,58.54291,23.139826
"023","1pm",11.5397391,61.76664,26.693618
"024","1pm",8.6321071,64.04923,27.318667
"025","1pm",16.7510274,44.87573,38.373243
"026","1pm",19.5658813,51.72147,28.712651
"027","1pm",9.3312009,47.81237,42.856427
"028","1pm",17.3156455,55.95293,26.731424
"029","1pm",26.3472668,29.76534,43.887392
"030","1pm",25.8924027,24.13844,49.969159
"031","1pm",23.8008338,30.75491,45.444256
"032","1pm",11.4855775,56.18652,32.327903
"033","1pm",15.3387836,19.4591,65.202114
"034","1pm",16.1614682,40.53564,43.302895
"035","1pm",21.3636559,39.9766,38.659748
"036","1pm",22.1850887,31.29593,46.518979
"037","1pm",25.2129847,16.51347,58.27355
"038","1pm",3.9520831,69.02881,27.019105
"039","1pm",20.5935072,55.9014,23.50509
"041","1pm",4.0614009,71.98189,23.956711
"042","1pm",0,73.64596,26.354037
"043","1pm",0,84.49939,15.500605
"044","1pm",8.0793232,73.96895,17.951725
"045","1pm",2.2515164,68.57455,29.173938
"046","1pm",1.4735958,90.19138,8.335023
"047","1pm",0.9004211,75.66239,23.437186
"048","1pm",1.640222,63.6682,34.691578
"049","1pm",1.0326324,74.78357,24.183795
"050","1pm",6.9502455,68.35116,24.698593
"051","1pm",2.9237884,72.87016,24.206052
"052","1pm",2.1536575,73.64531,24.20103
"053","1pm",1.1101914,80.77459,18.115223
"054","1pm",0.9599335,78.86556,20.174507
"055","1pm",3.8314419,81.39059,14.777971
"056","1pm",6.5848929,65.10746,28.30765
"057","1pm",1.6113674,73.34744,25.041191
"058","1pm",1.3607808,78.19308,20.446138
"059","1pm",0.7699197,72.75846,26.47162
"060","1pm",3.4975928,73.5891,22.913305
"061","1pm",3.1732584,78.37179,18.454954
"062","1pm",6.1474867,65.66138,28.191134
"063","1pm",2.4823977,70.69448,26.82312
"064","1pm",1.9478897,68.42833,29.623783
"065","1pm",2.7156924,79.84678,17.437524
"066","1pm",5.0568973,73.50918,21.433921
"067","1pm",3.0338569,76.8647,20.101442
"068","1pm",3.6084645,71.14138,25.250151
"001","2pm",4.1095725,73.8271,22.063332
"002","2pm",1.8551989,68.20702,29.937776
"003","2pm",3.5279789,71.64171,24.830314
"004","2pm",0.5312201,76.71219,22.756587
"005","2pm",2.8526838,71.41708,25.73024
"006","2pm",3.1094247,80.68627,16.204308
"007","2pm",4.2493419,72.70258,23.048073
"008","2pm",8.1287261,66.66273,25.208539
"009","2pm",6.2730933,77.32647,16.40044
"010","2pm",5.8786894,68.29417,25.827139
"011","2pm",18.2736831,58.71179,23.014531
"012","2pm",3.8936807,59.93596,36.17036
"013","2pm",8.8951981,53.1118,37.993
"014","2pm",7.4819629,65.28158,27.23646
"015","2pm",20.321377,54.28931,25.38931
"016","2pm",16.1223757,45.56998,38.307646
"017","2pm",19.8009023,54.62752,25.571581
"018","2pm",20.2492401,54.98911,24.761652
"019","2pm",9.5511265,63.55586,26.893015
"020","2pm",10.5822642,43.28246,46.135276
"021","2pm",23.8776785,48.94571,27.176607
"022","2pm",20.3624426,57.33874,22.298814
"023","2pm",11.483136,62.16805,26.348818
"024","2pm",6.7013873,63.20812,30.090498
"025","2pm",16.8303881,41.47119,41.698424
"026","2pm",19.4229567,56.15396,24.423085
"027","2pm",7.6255884,50.30003,42.074377
"028","2pm",16.9172572,56.53443,26.548308
"029","2pm",19.727272,31.77208,48.500644
"030","2pm",26.7165088,27.51792,45.765573
"031","2pm",23.6593523,29.87649,46.464154
"032","2pm",13.1815249,52.66628,34.152192
"033","2pm",15.8739558,22.41699,61.709057
"034","2pm",16.774229,37.38686,45.838915
"035","2pm",21.147894,37.47183,41.380277
"036","2pm",24.8170034,28.59738,46.585621
"037","2pm",29.8123676,18.01066,52.176976
"038","2pm",5.5436075,70.33932,24.117072
"039","2pm",21.5684616,55.24481,23.18673
"041","2pm",4.431104,73.0934,22.475498
"042","2pm",0,73.84212,26.15788
"043","2pm",0,80.16681,19.833186
"044","2pm",10.2883018,72.96552,16.746181
"045","2pm",1.9872883,73.00843,25.004284
"046","2pm",1.4483152,88.91134,9.640345
"047","2pm",0.8667568,75.6159,23.517347
"048","2pm",1.6168047,63.53381,34.849388
"049","2pm",1.0001565,73.42409,25.575757
"050","2pm",7.4468362,70.0184,22.534763
"051","2pm",2.8415911,73.63287,23.52554
"052","2pm",2.1351455,71.87788,25.986976
"053","2pm",1.1249387,79.8669,19.008161
"054","2pm",1.0262309,79.69631,19.277463
"055","2pm",3.8669652,82.17194,13.961095
"056","2pm",6.7944384,63.24593,29.959628
"057","2pm",1.60265,79.4407,18.956645
"058","2pm",1.3064322,80.11964,18.573929
"059","2pm",0.7540153,75.28472,23.961265
"060","2pm",2.3842293,73.9396,23.676166
"061","2pm",3.1158791,79.18052,17.703599
"062","2pm",5.6498412,68.61279,25.737372
"063","2pm",1.4122778,69.92786,28.659857
"064","2pm",2.2399587,67.49693,30.263108
"065","2pm",3.9090656,76.97274,19.118196
"066","2pm",3.3650932,76.09578,20.539123
"067","2pm",2.3050916,73.8729,23.822007
"068","2pm",2.0930025,73.17598,24.731016
"001","3pm",3.933318,75.76425,20.30243
"002","3pm",2.0278911,68.3322,29.63991
"003","3pm",1.8532871,73.78286,24.36385
"004","3pm",0.5394289,75.00334,24.45723
"005","3pm",3.8794887,68.11425,28.00626
"006","3pm",1.8484066,85.20776,12.94384
"007","3pm",3.0894721,70.0132,26.89733
"008","3pm",8.0740121,68.51049,23.4155
"009","3pm",6.0792393,78.59482,15.32594
"010","3pm",5.9528308,68.70063,25.34654
"011","3pm",17.7280063,58.50583,23.76616
"012","3pm",3.3305516,56.88665,39.7828
"013","3pm",6.6315895,55.00059,38.36782
"014","3pm",6.9969526,65.23932,27.76373
"015","3pm",20.4749576,55.13944,24.38561
"016","3pm",13.9217634,50.66379,35.41445
"017","3pm",19.1517486,53.85847,26.98978
"018","3pm",19.7193323,52.48039,27.80028
"019","3pm",10.50389,62.20532,27.29079
"020","3pm",7.9321926,45.73617,46.33164
"021","3pm",21.9729231,49.03136,28.99572
"022","3pm",19.9403664,55.87519,24.18444
"023","3pm",8.5231655,64.45945,27.01738
"024","3pm",4.0938794,62.80346,33.10266
"025","3pm",16.7854127,42.38929,40.82529
"026","3pm",17.9328923,59.46472,22.60239
"027","3pm",8.7853067,49.75749,41.4572
"028","3pm",17.0652055,53.67304,29.26175
"029","3pm",27.0174434,29.55961,43.42295
"030","3pm",24.7087412,27.22251,48.06875
"031","3pm",25.9298562,27.6191,46.45104
"032","3pm",12.8671588,53.11956,34.01328
"033","3pm",12.0083175,24.56569,63.42599
"034","3pm",16.274976,41.3233,42.40172
"035","3pm",20.1355752,36.06839,43.79603
"036","3pm",23.7159835,28.15347,48.13054
"037","3pm",30.4827285,16.51842,52.99885
"038","3pm",4.7301569,74.69405,20.5758
"039","3pm",17.7598081,54.30729,27.9329
"041","3pm",3.2670768,74.86532,21.86761
"042","3pm",0,74.33289,25.66711
"043","3pm",1.4593077,79.07286,19.46784
"044","3pm",9.8529347,73.94733,16.19973
"045","3pm",6.5295537,70.97439,22.49606
"046","3pm",1.6364579,87.47087,10.89267
"047","3pm",0.875054,77.4751,21.64985
"048","3pm",1.7749897,57.96915,40.25586
"049","3pm",0.9734854,77.99196,21.03456
"050","3pm",6.8776162,71.28238,21.84
"051","3pm",2.7151607,74.80602,22.47882
"052","3pm",1.7197057,72.35601,25.92429
"053","3pm",1.088961,80.75043,18.16061
"054","3pm",0.8648172,81.89262,17.24256
"055","3pm",3.675979,82.25392,14.0701
"056","3pm",3.0548136,65.76083,31.18436
"057","3pm",1.6209616,77.11896,21.26008
"058","3pm",1.2290386,78.99276,19.7782
"059","3pm",0.7486167,75.46168,23.78971
"060","3pm",2.5396356,74.31157,23.1488
"061","3pm",1.8645611,81.34897,16.78647
"062","3pm",6.2749084,66.71707,27.00802
"063","3pm",1.2658765,72.11592,26.61821
"064","3pm",2.0845016,69.52789,28.38761
"065","3pm",2.4510458,78.37537,19.17358
"066","3pm",3.0282262,74.46218,22.5096
"067","3pm",1.3226391,72.46792,26.20944
"068","3pm",1.1302129,72.51618,26.35361
"001","4pm",2.1318854,76.77992,21.08819
"002","4pm",3.72001515,68.55493,27.725057
"003","4pm",3.08713913,76.5571,20.355757
"004","4pm",0.52360984,74.80618,24.670206
"005","4pm",3.83835275,70.38136,25.780285
"006","4pm",4.06303611,86.66045,9.276511
"007","4pm",3.48457141,65.94151,30.573917
"008","4pm",11.85074385,60.59102,27.558233
"009","4pm",10.1184422,75.88681,13.994745
"010","4pm",6.76396632,63.32147,29.914567
"011","4pm",17.78505872,57.64761,24.567334
"012","4pm",3.57108042,61.7597,34.669217
"013","4pm",5.51660075,55.14154,39.341858
"014","4pm",9.62284157,60.80912,29.568036
"015","4pm",21.75976907,50.45023,27.789996
"016","4pm",14.45595585,47.77505,37.768989
"017","4pm",18.77906082,52.29293,28.928013
"018","4pm",20.1575,48.91927,30.923228
"019","4pm",6.97336054,65.82927,27.197372
"020","4pm",7.99700141,48.71771,43.285292
"021","4pm",22.08671522,47.61411,30.29917
"022","4pm",19.67477002,59.75137,20.573863
"023","4pm",11.21205421,60.01338,28.774569
"024","4pm",6.66519737,58.37395,34.960856
"025","4pm",16.4961285,41.05099,42.452883
"026","4pm",18.1635205,54.65429,27.182194
"027","4pm",9.76967477,47.99316,42.237161
"028","4pm",14.59198664,57.04948,28.358538
"029","4pm",27.16594734,28.87324,43.960808
"030","4pm",22.53566837,27.27066,50.193675
"031","4pm",23.76939594,27.65137,48.579232
"032","4pm",14.12719142,51.86875,34.00406
"033","4pm",12.76313804,26.53457,60.702287
"034","4pm",13.96710899,41.70425,44.328637
"035","4pm",26.24953777,32.46896,41.281505
"036","4pm",21.59335599,28.84191,49.564739
"037","4pm",26.99592848,13.75695,59.247121
"038","4pm",7.21382564,70.79781,21.98836
"039","4pm",16.01690242,55.44098,28.542114
"041","4pm",3.33926193,76.55961,20.101129
"042","4pm",1.20688584,72.42667,26.366442
"043","4pm",4.54144999,76.06138,19.397168
"044","4pm",10.11604109,73.61652,16.267437
"045","4pm",1.81769021,76.81499,21.367318
"046","4pm",2.83601907,89.83115,7.332832
"047","4pm",2.19651456,79.22956,18.573925
"048","4pm",1.49150714,63.66755,34.840942
"049","4pm",0,78.91846,21.081542
"050","4pm",5.48794726,73.36431,21.147745
"051","4pm",2.99244595,74.10111,22.906448
"052","4pm",1.49772342,72.41243,26.089847
"053","4pm",0.86052775,78.09487,21.044601
"054","4pm",0.83807811,80.283,18.878923
"055","4pm",2.65572823,82.4315,14.91277
"056","4pm",3.22896431,65.62007,31.150968
"057","4pm",1.64628332,79.40387,18.949851
"058","4pm",0.07534162,80.41765,19.507007
"059","4pm",0.86931893,73.76791,25.362773
"060","4pm",3.38960597,77.18886,19.421536
"061","4pm",1.79413624,80.80633,17.399534
"062","4pm",5.51030012,65.55596,28.933743
"063","4pm",2.30835426,78.07337,19.618273
"064","4pm",2.10967353,70.17551,27.714818
"065","4pm",2.29824937,78.26986,19.431892
"066","4pm",5.36704721,70.42853,24.204421
"067","4pm",1.23504094,74.19262,24.572337
"068","4pm",1.24139818,72.40217,26.356427
"001","5pm",2.231883,78.58384,19.18428
"002","5pm",7.299213,67.05862,25.642171
"003","5pm",4.128444,79.26173,16.609822
"004","5pm",2.347156,78.89513,18.757715
"005","5pm",3.773085,72.74769,23.479227
"006","5pm",5.135911,85.96342,8.900664
"007","5pm",6.24193,66.19077,27.5673
"008","5pm",11.869802,60.10981,28.020391
"009","5pm",8.365883,76.73476,14.899358
"010","5pm",9.022252,67.53558,23.442163
"011","5pm",14.507182,60.28201,25.210809
"012","5pm",4.654175,61.31181,34.034019
"013","5pm",5.43254,57.86153,36.705926
"014","5pm",11.357413,61.3047,27.337885
"015","5pm",26.609421,43.04498,30.345604
"016","5pm",16.540286,48.59627,34.86344
"017","5pm",19.182399,51.73927,29.078331
"018","5pm",20.609161,46.96941,32.421427
"019","5pm",7.365186,61.98461,30.650208
"020","5pm",9.889697,52.2648,37.845502
"021","5pm",17.174278,51.36017,31.465554
"022","5pm",20.765352,55.49415,23.740498
"023","5pm",10.278184,58.72603,30.995787
"024","5pm",8.060128,57.28358,34.656287
"025","5pm",16.590473,38.31815,45.091381
"026","5pm",19.743437,48.72745,31.529109
"027","5pm",10.131479,49.24665,40.621875
"028","5pm",14.953008,51.65403,33.392958
"029","5pm",32.838079,25.59871,41.563211
"030","5pm",28.643482,24.24764,47.108881
"031","5pm",20.786726,30.25081,48.962464
"032","5pm",8.164993,49.3204,42.514604
"033","5pm",11.167695,26.85466,61.977641
"034","5pm",12.657223,39.715,47.627776
"035","5pm",24.110074,36.60526,39.284665
"036","5pm",23.441778,27.33038,49.227843
"037","5pm",23.716117,15.41566,60.86822
"038","5pm",9.652723,71.22175,19.125522
"039","5pm",11.937572,54.13101,33.931422
"041","5pm",2.695425,78.10607,19.198502
"042","5pm",2.706213,76.45783,20.835959
"043","5pm",8.872105,74.87119,16.256702
"044","5pm",5.597493,77.34928,17.053232
"045","5pm",8.08747,71.83143,20.081102
"046","5pm",2.31756,89.73136,7.951081
"047","5pm",3.303746,77.00343,19.692824
"048","5pm",1.014604,64.36992,34.615477
"049","5pm",1.659565,76.80649,21.533944
"050","5pm",1.868373,75.09278,23.038843
"051","5pm",1.559789,76.62033,21.819878
"052","5pm",2.322641,73.25256,24.424798
"053","5pm",2.575466,79.50442,17.920114
"054","5pm",3.376913,80.91422,15.708868
"055","5pm",4.007193,82.1862,13.806602
"056","5pm",1.863829,76.29353,21.842637
"057","5pm",3.538085,78.59995,17.861962
"058","5pm",3.501468,78.95366,17.544873
"059","5pm",3.776522,69.37551,26.847971
"060","5pm",4.71792,76.37511,18.906973
"061","5pm",3.238057,81.94057,14.821374
"062","5pm",4.006238,63.19485,32.798909
"063","5pm",2.008488,79.47916,18.512354
"064","5pm",3.493728,70.1487,26.357571
"065","5pm",3.685755,77.58828,18.725964
"066","5pm",2.6831,73.42391,23.892986
"067","5pm",3.522841,70.91745,25.559709
"068","5pm",1.384618,76.7758,21.839577
"001","6pm",1.9831632,79.972537,18.0443
"002","6pm",7.1289965,68.965034,23.905969
"003","6pm",5.5954375,81.484869,12.919693
"004","6pm",4.0022334,78.313221,17.684546
"005","6pm",4.2328154,75.521687,20.245498
"006","6pm",6.9555063,82.555698,10.488796
"007","6pm",5.5606939,67.408176,27.03113
"008","6pm",12.8915355,60.172458,26.936006
"009","6pm",9.472352,77.305648,13.222
"010","6pm",8.8262596,70.3174,20.856341
"011","6pm",14.4301821,61.673555,23.896263
"012","6pm",4.0649596,61.543251,34.391789
"013","6pm",7.7414033,56.386482,35.872115
"014","6pm",15.5682202,59.552267,24.879513
"015","6pm",27.7067054,42.387069,29.906226
"016","6pm",20.8592681,49.074993,30.065739
"017","6pm",18.9091594,51.12947,29.96137
"018","6pm",20.4729894,50.053088,29.473922
"019","6pm",9.8174081,59.531061,30.651531
"020","6pm",13.2476866,48.348669,38.403645
"021","6pm",20.5189062,51.168362,28.312732
"022","6pm",22.796806,52.433605,24.769589
"023","6pm",10.6061405,63.052392,26.341468
"024","6pm",10.2993449,56.989222,32.711433
"025","6pm",17.3796974,36.431511,46.188791
"026","6pm",25.5993804,43.418683,30.981936
"027","6pm",13.8246781,46.829657,39.345665
"028","6pm",15.0078129,49.210573,35.781614
"029","6pm",33.41054,26.938126,39.651334
"030","6pm",32.047739,19.560665,48.391596
"031","6pm",19.0378882,33.106142,47.85597
"032","6pm",9.5167841,47.542172,42.941044
"033","6pm",6.7368208,28.460196,64.802983
