"district","hour","occ1","occ2","occ3","occ4","occ5"
"001","4am",56.69912,8.72967,3.7485478,26.228103,4.5945556
"002","4am",56.04535,10.776452,0.7775185,29.335031,3.0656525
"003","4am",62.59876,10.423892,2.4861873,23.158005,1.3331525
"004","4am",57.39641,9.062575,4.1384332,27.176587,2.2259966
"005","4am",59.93838,4.070421,1.4954523,31.281047,3.2147013
"006","4am",51.03474,9.026684,2.8305414,34.417893,2.6901396
"007","4am",48.10033,6.098462,1.8471604,39.191444,4.762606
"008","4am",58.87455,8.898532,7.5398674,20.138782,4.5482665
"009","4am",57.32548,8.026616,3.9775472,28.95271,1.7176493
"010","4am",57.68212,9.662129,3.1674318,27.519063,1.9692592
"011","4am",47.96661,14.359453,6.4434459,25.525362,5.7051312
"012","4am",48.81276,3.787661,6.1314779,39.273546,1.9945555
"013","4am",53.32251,5.930412,3.9024611,34.072565,2.7720538
"014","4am",57.7767,7.88286,4.4928752,29.847567,0
"015","4am",46.74828,9.791001,9.2722682,26.283466,7.9049861
"016","4am",53.10487,10.396891,8.5829023,17.708974,10.2063646
"017","4am",44.47123,12.971435,11.5397336,17.072201,13.9454044
"018","4am",52.43633,9.204717,8.7629443,22.378516,7.217493
"019","4am",49.23583,7.9567,10.802263,21.994257,10.0109452
"020","4am",55.11375,10.19964,8.0165709,18.708346,7.9616909
"021","4am",54.6884,9.80262,6.7988331,17.96442,10.7457308
"022","4am",37.80319,9.758686,16.4024467,24.826547,11.2091328
"023","4am",43.87206,4.997945,3.085442,41.297464,6.7470877
"024","4am",49.8721,14.80262,3.5322717,26.660084,5.1329202
"025","4am",48.19809,23.499589,5.4470138,20.067353,2.7879557
"026","4am",45.69509,14.333472,9.0325621,22.457913,8.4809672
"027","4am",44.40376,6.826612,14.9311547,23.894826,9.9436453
"028","4am",42.67522,12.575711,8.5841013,26.959723,9.2052486
"029","4am",36.45621,10.890699,17.6264272,25.542623,9.4840396
"030","4am",51.69194,25.744364,8.7024066,9.394954,4.4663314
"031","4am",60.55082,19.006141,5.1567531,13.206205,2.0800781
"032","4am",51.58864,14.186111,4.4960008,23.710618,6.018628
"033","4am",43.93449,25.534707,7.5397023,20.154342,2.8367598
"034","4am",63.70849,9.650893,4.2830271,17.975132,4.382453
"035","4am",49.62095,21.140587,7.7374922,20.736049,0.7649203
"036","4am",44.45795,25.980289,6.8220086,21.485134,1.2546187
"037","4am",42.88083,45.880003,2.2180613,9.021104,0
"038","4am",54.62536,8.598262,0.7873724,33.985533,2.0034747
"039","4am",63.1318,9.327663,10.4009999,9.532374,7.6071636
"041","4am",54.67338,7.222645,7.4722159,28.171689,2.4600718
"042","4am",57.46311,4.32523,2.2898959,30.350028,5.5717392
"043","4am",53.93485,5.449991,1.5234624,37.581422,1.510273
"044","4am",60.55693,6.500897,7.587227,24.01301,1.3419382
"045","4am",60.24703,8.803922,4.1750042,23.459606,3.3144426
"046","4am",62.58387,3.737277,2.8421098,30.836743,0
"047","4am",60.42843,5.212677,2.8553517,28.276052,3.2274899
"048","4am",51.41898,6.801983,2.4373203,34.289327,5.0523879
"049","4am",46.20149,10.068497,2.3296987,37.973792,3.426524
"050","4am",58.86724,5.010762,7.3463621,21.911306,6.8643271
"051","4am",64.16825,3.734539,8.402615,20.428852,3.2657462
"052","4am",51.18634,6.423638,5.2876605,32.873214,4.2291464
"053","4am",56.30212,9.663832,0.9802131,27.907526,5.1463101
"054","4am",52.09127,9.151904,4.8259164,28.7856,5.145311
"055","4am",48.28264,6.729433,3.6834523,35.44854,5.8559348
"056","4am",50.74806,9.048432,2.9074734,34.268525,3.0275086
"057","4am",47.22072,8.688069,6.6873452,30.469626,6.9342424
"058","4am",57.43377,8.065949,2.2901419,27.70518,4.5049624
"059","4am",51.14583,6.711343,5.5761532,31.746377,4.820293
"060","4am",52.65443,6.377741,4.3667905,34.050203,2.5508338
"061","4am",56.04392,6.207581,5.6202669,28.561232,3.5669957
"062","4am",50.13696,5.04337,7.4304677,31.781169,5.6080357
"063","4am",56.05725,8.131996,7.1152622,25.188388,3.507107
"064","4am",57.14745,7.872442,6.186241,25.344705,3.449163
"065","4am",48.39969,8.012211,5.714519,35.922026,1.9515578
"066","4am",48.13685,4.689058,5.3699295,36.961628,4.842537
"067","4am",66.50225,3.732658,1.5788128,24.915328,3.2709555
"068","4am",52.7106,2.202779,2.1615987,34.136125,8.7889023
"001","5am",56.52341,8.765096,3.7637596,26.334538,4.6132006
"002","5am",56.87595,10.57281,0.7628258,28.780689,3.0077211
"003","5am",62.28775,10.510572,2.5068611,23.350575,1.3442383
"004","5am",56.17212,9.323004,4.257358,27.957552,2.2899644
"005","5am",58.4277,4.223912,1.5518441,32.460619,3.3359239
"006","5am",48.2869,9.778335,3.8332858,35.339319,2.7621592
"007","5am",48.63642,6.035468,1.8280803,38.786619,4.713411
"008","5am",58.87455,8.898532,7.5398674,20.138782,4.5482665
"009","5am",57.55408,7.983619,3.9562404,28.797616,1.7084482
"010","5am",58.57602,9.45803,3.1005242,26.937761,1.9276613
"011","5am",47.55822,14.068352,5.9325297,26.514651,5.9262456
"012","5am",48.07699,3.842105,6.2196127,39.83807,2.0232255
"013","5am",52.11014,6.084445,4.0038212,34.957545,2.8440535
"014","5am",57.6624,7.904198,4.5050371,29.928362,0
"015","5am",45.83396,9.236608,9.5856155,27.17169,8.1721274
"016","5am",51.24741,10.808699,8.9228607,18.410405,10.6106264
"017","5am",44.12734,13.051767,11.611199,17.177929,14.0317682
"018","5am",52.58179,9.176568,8.7361459,22.310079,7.1954208
"019","5am",47.06576,8.296834,11.2640394,22.93447,10.4388942
"020","5am",54.81199,10.268211,8.0704648,18.834119,8.0152159
"021","5am",53.40297,10.080705,6.9917057,18.474044,11.0505708
"022","5am",37.40378,9.821353,16.5077777,24.985975,11.281114
"023","5am",42.32164,5.136003,3.1706711,42.438224,6.9334625
"024","5am",49.42585,14.36526,3.6206266,27.326949,5.2613131
"025","5am",52.9156,21.692515,4.886877,18.003752,2.5012598
"026","5am",45.30175,14.43729,9.0979856,22.620577,8.5423955
"027","5am",44.4971,6.815151,14.9060873,23.854709,9.9269513
"028","5am",43.8249,12.323498,8.4119418,26.419029,9.0206316
"029","5am",37.02712,10.792851,17.4680614,25.313134,9.3988296
"030","5am",52.53608,25.010535,8.6598641,9.349026,4.4444974
"031","5am",60.74549,18.912355,5.1313069,13.141038,2.0698139
"032","5am",52.20704,14.004901,4.4385697,23.407743,5.9417471
"033","5am",44.74357,24.671751,7.5530072,20.189907,2.8417656
"034","5am",62.6841,9.923308,4.4039237,18.482514,4.506156
"035","5am",50.38967,20.818011,7.6194286,20.419646,0.7532487
"036","5am",46.95779,25.140383,6.4389433,20.278714,1.1841701
"037","5am",42.80893,45.937756,2.2208533,9.03246,0
"038","5am",55.56408,7.930569,0.7815697,33.73507,1.9887097
"039","5am",61.71091,9.687147,10.8018503,9.899748,7.9003406
"041","5am",54.65299,7.357137,6.7877213,28.696272,2.5058806
"042","5am",56.50986,4.422158,2.3412122,31.030167,5.6966011
"043","5am",54.91236,5.334342,1.4911345,36.783943,1.478225
"044","5am",61.43507,5.879041,7.5281998,23.826193,1.3314982
"045","5am",61.36514,8.556298,4.0575759,22.799769,3.2212188
"046","5am",61.70466,3.825097,2.9088941,31.56135,0
"047","5am",59.81115,5.310335,2.7847654,28.805795,3.2879559
"048","5am",51.38075,6.807335,2.4392384,34.31631,5.0563638
"049","5am",46.599,9.994102,2.3124847,37.693206,3.4012057
"050","5am",59.25341,4.963719,7.2773922,21.705596,6.7998827
"051","5am",63.96454,3.75577,8.4503842,20.544991,3.2843121
"052","5am",51.19288,6.422778,5.2869526,32.868813,4.2285802
"053","5am",54.4775,10.067348,1.0211421,29.072811,5.3611955
"054","5am",50.84352,9.390259,4.9516039,29.5353,5.2793168
"055","5am",47.16848,6.874407,3.7628057,36.212216,5.9820906
"056","5am",50.19846,9.149403,2.9399176,34.650924,3.0612923
"057","5am",47.18869,8.693341,6.6914036,30.488117,6.9384507
"058","5am",56.7722,8.177066,2.3968627,28.086847,4.5670228
"059","5am",51.23379,6.026355,5.6551502,32.196127,4.8885818
"060","5am",52.15875,6.55414,3.6737381,34.991981,2.6213861
"061","5am",54.78219,6.385766,5.7815936,29.381067,3.6693844
"062","5am",50.03585,5.687366,7.3404638,31.396209,5.5401065
"063","5am",53.64269,8.578832,7.5062307,26.572437,3.699815
"064","5am",55.38305,8.196579,6.4409515,26.388241,3.5911779
"065","5am",49.82504,6.536174,5.7211636,35.963795,1.953827
"066","5am",44.12205,5.052045,5.7856233,39.82288,5.2174047
"067","5am",64.72111,3.93113,1.662761,26.240119,3.4448778
"068","5am",52.67632,2.204375,2.1631654,34.160866,8.7952725
"001","6am",55.50862,7.553551,4.0051607,28.02359,4.9090833
"002","6am",58.16603,9.869208,0.7668911,28.174121,3.0237501
"003","6am",62.20303,9.926076,2.0232728,24.391968,1.4556541
"004","6am",56.39144,8.628563,4.3159803,28.342518,2.3214964
"005","6am",57.785,4.289213,1.5758354,32.962456,3.3874968
"006","6am",49.05377,8.608761,3.000557,36.485193,2.851722
"007","6am",47.90889,6.120956,1.8539738,39.336005,4.7801733
"008","6am",57.64256,9.051688,7.6696391,21.009561,4.6265485
"009","6am",57.49655,7.994439,3.9616022,28.836645,1.7107637
"010","6am",57.48844,9.706351,3.1819284,27.645012,1.978272
"011","6am",45.81273,14.413327,7.3168502,26.385528,6.0715651
"012","6am",49.29806,2.964165,6.0020119,39.783322,1.9524405
"013","6am",51.55071,6.15552,4.0505915,35.365898,2.877276
"014","6am",58.38323,8.279821,4.361585,28.975365,0
"015","6am",44.71428,9.562286,9.9235995,27.339567,8.4602725
"016","6am",51.92553,10.816164,8.9290234,18.42312,9.9061652
"017","6am",41.92175,13.344353,11.8714914,17.563013,15.2993951
"018","6am",51.78867,8.715483,9.0226623,23.041775,7.4314065
"019","6am",47.94222,8.159459,11.0775351,22.554732,10.2660523
"020","6am",55.23236,10.348248,8.1333713,18.980924,7.3050951
"021","6am",50.08674,10.136885,7.4746377,19.750085,12.5516538
"022","6am",35.05561,10.189781,17.1270342,25.923274,11.7043026
"023","6am",43.2967,5.217945,3.2212574,42.147438,6.1166587
"024","6am",48.78425,14.547501,3.6665588,27.673626,5.3280594
"025","6am",55.60006,19.862395,4.7224506,17.397988,2.4171011
"026","6am",43.65523,14.521696,9.4509858,23.498251,8.873839
"027","6am",42.19995,7.694387,15.3401921,24.549422,10.2160504
"028","6am",46.23096,11.301703,8.1464023,25.58506,8.7358776
"029","6am",37.5714,10.095168,17.5194181,25.387555,9.4264625
"030","6am",50.80308,25.626934,9.3931247,9.764714,4.4121503
"031","6am",60.87099,19.16156,5.0367874,12.898978,2.0316876
"032","6am",53.54064,13.120884,4.3795107,23.096282,5.862687
"033","6am",44.93421,24.58663,7.5269483,20.120249,2.8319611
"034","6am",61.14168,10.27033,4.5961078,19.289078,4.7028015
"035","6am",52.05803,20.440032,7.4810877,19.281281,0.7395725
"036","6am",51.82786,22.456395,5.7897501,18.861217,1.0647786
"037","6am",44.64816,44.315179,2.178096,8.858561,0
"038","6am",54.36139,7.420936,0.8182302,35.317455,2.0819926
"039","6am",60.0011,10.119732,11.2842125,10.341826,8.2531345
"041","6am",53.97568,7.467024,6.8891037,29.124883,2.5433088
"042","6am",54.20144,4.656882,2.4654818,32.677223,5.998972
"043","6am",51.87552,4.83613,1.6237331,40.054942,1.6096756
"044","6am",60.43742,6.264077,7.6692963,24.272753,1.3564537
"045","6am",55.79522,11.417349,4.4230006,24.853112,3.5113214
"046","6am",60.20411,3.974978,3.0228751,32.798038,0
"047","6am",57.24229,5.649769,2.9627666,30.647051,3.4981209
"048","6am",51.58493,6.778748,2.4289946,34.172196,5.0351292
"049","6am",45.69069,8.902545,2.4190271,39.429833,3.5579083
"050","6am",58.32508,5.076808,7.4431932,22.200116,6.9548047
"051","6am",63.83562,3.036267,8.6724898,21.084985,3.3706353
"052","6am",49.58306,6.713241,5.5260498,33.757834,4.4198135
"053","6am",53.87445,8.263711,1.0904571,31.046269,5.7251127
"054","6am",48.16412,8.140299,4.8493252,32.955577,5.8906776
"055","6am",44.99351,6.642077,3.3347369,38.645601,6.3840746
"056","6am",48.25759,9.505975,3.0544924,36.001345,3.1805974
"057","6am",45.17388,7.693731,7.1486023,32.571257,7.4125291
"058","6am",53.57993,8.780923,2.5738654,30.160994,4.9042867
"059","6am",48.63043,4.984736,6.1374369,34.941901,5.3054935
"060","6am",49.87372,5.793453,4.7254682,36.847006,2.7603533
"061","6am",52.77484,5.246935,6.2500192,31.761525,3.9666785
"062","6am",51.28835,4.680831,7.2996868,31.2218,5.5093307
"063","6am",49.81824,9.333809,8.1668146,28.910937,3.7701965
"064","6am",54.56488,7.831913,6.6501368,27.245262,3.7078099
"065","6am",44.60561,7.918817,6.2241764,39.125782,2.1256102
"066","6am",43.68365,3.801617,5.977866,41.146101,5.3907668
"067","6am",63.71058,2.246736,1.8057066,28.49595,3.7410298
"068","6am",47.84758,2.429302,2.383887,37.646518,9.6927104
"001","7am",52.83804,8.26606,4.1354343,29.699292,5.0611721
"002","7am",59.63629,3.6249859,0.8865625,33.151281,2.7008837
"003","7am",58.58658,5.9923169,2.6438775,30.875071,1.9021514
"004","7am",53.61132,6.5148604,4.5840158,32.752974,2.5368314
"005","7am",53.94745,3.7670631,2.0565867,36.335905,3.8929993
"006","7am",48.4852,6.5465741,3.1870045,38.752296,3.0289212
"007","7am",50.18244,2.8563224,1.9181783,40.09735,4.945714
"008","7am",59.76695,1.882628,8.8313245,24.191784,5.3273108
"009","7am",55.98696,3.2674819,4.7705663,33.914887,2.0601037
"010","7am",58.08502,7.9946176,3.2900916,28.584748,2.0455194
"011","7am",40.04135,20.5876481,8.1018867,25.910683,5.3584351
"012","7am",51.73672,3.6871131,5.7501244,37.478938,1.3471063
"013","7am",45.76419,0.7826265,5.1193604,44.697368,3.6364597
"014","7am",56.99219,8.82421,3.8201599,30.363443,0
"015","7am",42.48547,6.5377027,9.8738711,31.97594,9.1270151
"016","7am",49.03099,6.4637393,10.6657702,22.006524,11.8329718
"017","7am",49.3562,7.9300941,11.4986099,16.396257,14.8188438
"018","7am",53.10246,6.2766135,9.915059,23.926259,6.7796041
"019","7am",62.247,6.7167073,8.2458296,16.309033,6.4814254
"020","7am",49.87389,8.8192418,9.3630218,22.644918,9.2989243
"021","7am",49.37828,7.3587779,7.8134662,21.698988,13.7504888
"022","7am",37.3065,10.4395194,16.0173174,26.293226,9.9434364
"023","7am",40.46298,5.4736754,3.5269558,43.839262,6.6971315
"024","7am",48.9368,11.9338888,3.8245676,29.462393,5.8423547
"025","7am",58.86732,19.6788888,4.330468,14.906853,2.2164719
"026","7am",46.07522,12.1540256,9.6058313,23.883248,8.2816769
"027","7am",43.34209,6.1581266,15.460853,24.74252,10.2964065
"028","7am",51.23234,15.3575173,5.4576708,21.086554,6.8659145
"029","7am",44.36089,4.2228411,17.6439457,24.278855,9.4934656
"030","7am",56.64499,20.1199777,8.88545,9.236956,5.1126314
"031","7am",58.65842,25.7717988,4.1182142,9.883835,1.5677293
"032","7am",64.00554,9.2704057,3.394346,18.785826,4.5438839
"033","7am",34.87227,37.4977363,6.3656604,18.869294,2.3950348
"034","7am",55.2486,14.0463234,4.9039071,20.580859,5.2203123
"035","7am",52.54031,17.5375172,8.2779854,20.536934,1.1072495
"036","7am",55.1651,24.1905792,4.3869409,15.450585,0.8067914
"037","7am",48.18027,40.9989398,2.1354949,8.685298,0
"038","7am",50.74457,2.841038,1.0346456,42.747088,2.6326631
"039","7am",56.87154,17.3811814,10.0038938,9.168432,6.5749502
"041","7am",51.83441,9.2909387,6.8185353,29.096123,2.9599936
"042","7am",47.14223,3.8406707,3.0508669,39.472796,6.4934371
"043","7am",49.03236,0.8462187,1.8800395,46.37762,1.8637631
"044","7am",59.31484,8.0895413,7.7853197,23.433328,1.3769745
"045","7am",57.44961,5.0761811,4.8152033,28.836327,3.8226824
"046","7am",51.43068,4.2734222,3.8163882,40.479512,0
"047","7am",50.58649,3.583604,2.6778336,38.611569,4.540502
"048","7am",47.99605,8.1895455,2.6433901,35.852869,5.3181465
"049","7am",44.76792,3.9602151,2.5967601,44.855783,3.8193184
"050","7am",53.76324,14.6415564,6.6088773,19.109035,5.8772924
"051","7am",61.45622,4.5163167,8.9195323,21.555527,3.5524029
"052","7am",45.84656,7.7531832,5.867012,35.840723,4.69252
"053","7am",55.30861,4.9326061,1.1450909,32.601742,6.0119508
"054","7am",43.85478,3.7191402,6.3416015,39.228706,6.8557751
"055","7am",44.29343,3.0493881,3.7503323,41.727154,7.1796971
"056","7am",42.25917,20.017038,3.6991157,31.050898,2.973774
"057","7am",44.2794,9.6696736,5.9570198,32.757439,7.3364629
"058","7am",50.5929,4.0406694,2.2712813,37.277769,5.8173842
"059","7am",48.24507,4.6607362,6.2312961,35.476264,5.3866299
"060","7am",46.81617,2.3566163,5.4177097,42.244783,3.1647219
"061","7am",48.80885,4.0194782,7.0232575,35.69099,4.457427
"062","7am",47.48778,11.2830287,6.404787,29.523349,5.3010595
"063","7am",49.14933,5.6222593,9.213993,31.760796,4.2536247
"064","7am",51.29993,5.2226561,7.4714915,31.840167,4.1657595
"065","7am",44.13209,2.2831488,7.0251081,44.160517,2.3991354
"066","7am",46.1265,1.4834676,5.3281578,41.610294,5.4515832
"067","7am",61.47877,1.1212054,2.2424108,30.51183,4.6457856
"068","7am",42.83687,2.0120717,2.64412,41.756137,10.7507988
"001","8am",52.18074,8.0848667,4.17216,30.275268,5.2869633
"002","8am",57.2579,3.111716,1.004471,35.565822,3.0600892
"003","8am",51.16593,4.7301392,3.797977,38.053708,2.2522442
"004","8am",53.02632,6.0048546,3.98111,34.328831,2.658887
"005","8am",53.49398,3.9389729,2.150439,36.345955,4.0706562
"006","8am",49.23037,6.6460012,3.53761,37.223879,3.3621358
"007","8am",54.33131,3.9371636,1.68996,35.684276,4.3572893
"008","8am",56.69811,1.1310123,9.725951,26.577952,5.8669753
"009","8am",58.48976,1.4924043,4.452446,33.642661,1.9227279
"010","8am",59.0343,4.0417462,3.49937,31.248951,2.1756323
"011","8am",49.16017,17.9269738,7.370375,20.7176,4.8248761
"012","8am",49.93141,2.9604228,7.243968,39.18829,0.6759107
"013","8am",43.85727,0,5.185322,48.157459,2.7999495
"014","8am",56.84484,10.1252446,3.276151,29.753766,0
"015","8am",40.94588,7.217177,11.820635,30.643344,9.3729647
"016","8am",49.35441,4.9578421,11.87514,23.074805,10.7377985
"017","8am",54.57029,8.2965061,8.016429,16.420745,12.6960269
"018","8am",50.33648,6.9712623,9.823783,25.920944,6.9475294
"019","8am",66.19331,7.2448179,6.433866,13.857843,6.2701629
"020","8am",46.64786,11.9714115,7.990785,23.024268,10.3656745
"021","8am",44.29523,17.3110448,6.894916,19.226656,12.2721508
"022","8am",42.46049,9.1866807,14.652232,24.328496,9.3720979
"023","8am",40.233,5.056156,3.122851,44.393884,7.1941056
"024","8am",48.77427,12.8974708,4.696493,28.076706,5.5550645
"025","8am",54.823,24.5281718,3.717433,14.773805,2.1575938
"026","8am",44.38787,10.027021,11.913575,24.619614,9.0519223
"027","8am",41.07392,6.791985,15.278781,25.499092,11.3562196
"028","8am",55.87368,13.6706086,4.767887,19.392139,6.2956835
"029","8am",45.32067,5.0756414,17.070898,23.353497,9.1792953
"030","8am",55.49996,20.5132416,9.316947,10.098656,4.571195
"031","8am",58.09831,26.7159234,4.341201,9.228961,1.6156069
"032","8am",69.87866,7.3688737,2.555726,16.775485,3.4212552
"033","8am",43.02715,36.3215079,5.315099,13.383507,1.9527368
"034","8am",53.77139,14.6364934,5.42385,21.026534,5.141733
"035","8am",54.46157,18.5324592,7.097028,18.772757,1.1361887
"036","8am",55.44793,23.9780361,5.00705,14.521271,1.0457105
"037","8am",58.30409,29.5536355,1.858685,10.125389,0.1581998
"038","8am",45.04247,0.9638699,1.176878,49.82221,2.9945757
"039","8am",58.97463,19.6363272,8.598972,7.138494,5.6515809
"041","8am",51.4442,10.2284035,6.802066,28.427133,3.0981992
"042","8am",44.35257,2.8275817,3.102884,42.976787,6.7401777
"043","8am",47.22026,0,2.02515,48.746975,2.0076178
"044","8am",61.1548,9.4236279,6.848177,20.9579,1.6154954
"045","8am",56.52644,5.8076777,4.464244,28.82809,4.3735452
"046","8am",45.61255,4.1343481,2.419919,47.833184,0
"047","8am",48.44972,2.6646885,1.28809,42.589246,5.0082544
"048","8am",48.83498,7.9827316,2.632092,36.582362,3.9678335
"049","8am",44.2297,4.4609542,1.887667,46.089087,3.3325895
"050","8am",56.17809,13.0554712,5.482074,20.357213,4.9271515
"051","8am",62.23588,4.7904223,9.481869,19.723821,3.7680064
"052","8am",45.5182,7.1322432,6.029785,36.183179,5.136598
"053","8am",57.59905,5.909249,1.531467,30.212811,4.7474188
"054","8am",43.24702,3.4940682,7.086604,36.892904,9.2794015
"055","8am",43.95151,4.6825084,3.808503,41.059335,6.4981482
"056","8am",45.77685,19.3900572,5.166168,27.138744,2.5281765
"057","8am",46.52378,9.1208155,5.618895,31.816467,6.9200397
"058","8am",51.43849,2.9710655,2.485299,37.108946,5.9962031
"059","8am",47.50376,4.8892554,7.014201,35.843728,4.7490565
"060","8am",49.58036,2.2676296,4.168005,41.082794,2.9012062
"061","8am",49.3466,3.0390738,7.240139,35.779115,4.5950744
"062","8am",48.52074,11.8761434,7.843842,26.735661,5.0236091
"063","8am",49.96334,3.676877,8.394176,33.901093,4.0645157
"064","8am",51.1104,3.9292051,6.435675,34.966465,3.5582508
"065","8am",41.43758,2.5096189,6.71954,46.505185,2.8280729
"066","8am",44.66887,1.601538,4.724239,43.894101,5.1112529
"067","8am",58.17602,1.2173356,2.434671,33.127862,5.0441073
"068","8am",40.77666,2.3183202,3.27992,41.659754,11.9653459
"001","9am",50.52382,8.4550879,4.2740041,31.331069,5.4160202
"002","9am",60.68623,2.1981968,0.9837916,33.134689,2.9970889
"003","9am",49.80577,3.6841555,5.055049,39.116091,2.3389356
"004","9am",53.00619,5.3180006,4.228393,34.718428,2.7289867
"005","9am",54.26196,3.8845817,1.9949367,35.844073,4.0144466
"006","9am",47.82153,6.462,4.0490735,38.398346,3.2690517
"007","9am",54.53486,4.4077149,2.1603683,33.881229,5.0158239
"008","9am",59.11877,1.1296668,6.8075278,28.444522,4.4995144
"009","9am",55.1264,1.5650303,4.6691187,36.623156,2.016295
"010","9am",60.44915,3.2406327,5.4681902,28.717054,2.1249685
"011","9am",52.90918,17.4622089,5.8884714,21.89702,1.8431202
"012","9am",51.64555,3.052695,9.7965086,31.669156,3.8360924
"013","9am",40.58237,2.270414,4.2206541,50.036355,2.8902081
"014","9am",57.065,9.4520149,2.4651591,31.017829,0
"015","9am",37.75983,6.0853901,12.5592286,32.73369,10.8618641
"016","9am",49.33933,4.1449918,12.4052321,22.834112,11.2763365
"017","9am",55.76167,8.2280728,7.3329096,16.061323,12.6160296
"018","9am",48.0421,8.8868999,9.1192379,25.187478,8.7642804
"019","9am",67.91922,6.5338162,6.3621869,12.574531,6.6102428
"020","9am",45.30334,9.7302852,9.3671007,26.361392,9.237882
"021","9am",42.09397,16.7368939,7.2006078,20.923473,13.0450547
"022","9am",46.28583,9.5504813,11.8036698,22.616773,9.7432412
"023","9am",41.41731,5.3756756,3.3201973,43.116729,6.77009
"024","9am",47.5293,9.8788118,4.6084363,31.615776,6.3676786
"025","9am",55.26484,27.2339948,2.6167724,12.533908,2.3504814
"026","9am",46.32699,10.5919486,9.7757017,23.825219,9.4801416
"027","9am",44.33089,6.133038,15.2278056,23.31909,10.989172
"028","9am",55.96,14.696121,4.975355,18.7164,5.6521276
"029","9am",51.77155,3.306294,17.4455338,18.038947,9.4376736
"030","9am",56.50498,20.7547822,6.9826812,9.939302,5.8182583
"031","9am",58.284,25.9435773,4.1970951,9.989262,1.586061
"032","9am",70.32193,7.3554161,2.331185,18.004187,1.9872803
"033","9am",42.22931,36.1533894,5.279865,14.488126,1.8493063
"034","9am",50.7652,14.5763525,6.5569732,22.116222,5.9852562
"035","9am",53.27906,16.5140599,8.2857744,21.069814,0.8512914
"036","9am",55.56032,23.1872449,5.7684779,14.778687,0.7052689
"037","9am",59.6176,24.3662657,4.0051719,10.724736,1.2862307
"038","9am",44.97375,0.9828897,1.2001015,49.789593,3.053667
"039","9am",59.24759,19.0909042,8.606795,6.940214,6.114493
"041","9am",52.6556,10.3410686,6.2554145,27.298136,3.449779
"042","9am",48.09928,2.0356873,2.4145821,43.14887,4.3015841
"043","9am",47.95537,0,2.2532164,47.557701,2.2337092
"044","9am",58.07263,9.007147,7.2563222,23.655699,2.0082017
"045","9am",53.64831,5.2642248,6.7824321,29.748424,4.5566126
"046","9am",48.19936,4.5961915,2.6902459,44.514201,0
"047","9am",47.01959,2.634307,1.2734042,44.121545,4.9511527
"048","9am",48.06606,8.2236401,2.7115253,35.31652,5.6822498
"049","9am",43.5197,4.5845436,1.9399645,46.530878,3.4249179
"050","9am",55.85905,12.8546376,6.1221116,19.8297,5.3344966
"051","9am",62.23364,3.4811937,9.1683748,21.088143,4.0286442
"052","9am",45.64631,7.9525569,6.0822659,35.454189,4.8646831
"053","9am",58.96237,6.141185,0.884616,29.984733,4.0270961
"054","9am",46.81301,3.4561736,4.2992489,35.996712,9.4348604
"055","9am",46.7666,5.0643455,4.3052118,36.518194,7.3456441
"056","9am",44.34299,19.6693894,5.0885078,28.232565,2.6665459
"057","9am",45.9578,7.6065478,5.7427695,33.620281,7.0725995
"058","9am",51.33635,2.9610007,3.2564376,36.530572,5.9156393
"059","9am",47.70484,4.1180705,5.8195551,35.953482,6.4040491
"060","9am",48.51165,2.2216399,5.1074078,41.175836,2.9834609
"061","9am",51.12981,3.1542805,7.5146018,34.293524,3.9077838
"062","9am",50.12916,11.8584912,6.8872262,26.548675,4.5764492
"063","9am",48.81262,4.1597895,9.4966468,33.92656,3.6043812
"064","9am",52.42765,3.9226856,6.7088293,33.05828,3.882551
"065","9am",40.70849,1.9120758,7.316738,46.983281,3.0794172
"066","9am",42.42714,1.6434283,4.8478078,45.042207,6.0394214
"067","9am",56.73919,1.2968178,2.5936356,33.996913,5.3734468
"068","9am",39.80814,2.248158,3.1806556,43.159819,11.6032236
"001","10am",50.50818,7.2305,4.3698389,31.574626,6.3168518
"002","10am",59.90045,2.040267,0.9131109,35.182925,1.9632493
"003","10am",49.30318,3.788022,5.1975652,39.306356,2.4048768
"004","10am",51.15703,5.433574,6.1247437,34.496354,2.7882942
"005","10am",51.24274,5.345086,3.0474084,36.566233,3.7985348
"006","10am",48.43861,7.802611,3.4594192,36.811969,3.4873939
"007","10am",53.61326,4.267461,2.5622038,34.792907,4.7641666
"008","10am",63.96267,0,4.8490513,27.58555,3.6027242
"009","10am",57.33278,1.527835,3.7381518,35.432862,1.9683747
"010","10am",58.31459,3.446306,3.6348038,32.344465,2.2598342
"011","10am",52.34682,17.711012,6.9649391,20.558992,2.418235
"012","10am",51.45032,1.971038,5.9842022,36.493571,4.1008639
"013","10am",42.0015,2.665103,6.0710678,45.409096,3.8532292
"014","10am",55.12958,10.135013,3.1756334,30.100153,1.4596215
"015","10am",36.93314,5.983222,10.9873256,36.005739,10.0905689
"016","10am",51.26098,2.037508,11.3134066,23.662307,11.725793
"017","10am",58.92671,8.368127,9.9428919,11.845075,10.9171937
"018","10am",48.61574,10.127004,9.7378676,23.464204,8.0551808
"019","10am",68.67547,6.401354,6.1268208,13.013384,5.7829692
"020","10am",43.41176,8.501076,11.2278281,25.983402,10.8759343
"021","10am",42.77343,19.437455,4.9726702,21.112363,11.7040787
"022","10am",47.85263,13.392058,11.2632034,19.968113,7.5239927
"023","10am",42.5024,5.147203,5.0775645,38.956735,8.3160962
"024","10am",50.46894,11.586837,4.498586,28.22116,5.2244714
"025","10am",53.76396,29.959271,2.1699441,12.443023,1.663802
"026","10am",45.93898,10.575748,7.6634236,26.26017,9.5616747
"027","10am",44.25629,6.84811,13.4846532,24.373018,11.0379279
"028","10am",56.53945,15.47439,6.3380599,16.153382,5.4947174
"029","10am",48.2843,2.550657,20.368364,19.49213,9.3045493
"030","10am",57.93753,19.127452,6.6727976,10.607607,5.6546152
"031","10am",59.21812,25.311268,3.7177052,9.094605,2.6583019
"032","10am",69.26096,7.077133,3.1011596,17.703273,2.8574787
"033","10am",41.17979,36.776071,4.4145008,15.241633,2.3880066
"034","10am",50.46818,13.253875,6.5264444,25.110901,4.6405971
"035","10am",50.04111,15.50283,6.2128565,27.401652,0.8415472
"036","10am",59.07201,22.215661,6.338578,12.019996,0.3537536
"037","10am",56.22107,24.791977,4.6223117,13.647197,0.7174453
"038","10am",37.10449,4.838194,1.0532142,51.775842,5.2282603
"039","10am",61.62777,16.197683,9.7245975,6.658695,5.7912499
"041","10am",50.05972,11.042854,6.6799314,29.41017,2.8073239
"042","10am",47.39248,1.918768,2.2759009,40.447322,7.9655299
"043","10am",49.48465,0,2.0761728,46.38098,2.0581984
"044","10am",60.3003,9.065288,6.9421956,21.284644,2.4075731
"045","10am",55.91141,4.20848,5.2632646,29.814148,4.8026988
"046","10am",49.7809,3.25529,2.7507517,44.213054,0
"047","10am",48.12177,4.019367,1.230397,40.245629,6.382834
"048","10am",50.89077,8.005304,2.6828843,34.212819,4.2082223
"049","10am",43.72016,3.768268,1.9054964,47.242014,3.364066
"050","10am",56.91595,13.11455,6.9561463,17.934028,5.0793217
"051","10am",62.5436,1.765371,8.3050671,23.294001,4.0919574
"052","10am",43.65243,8.022942,5.0979967,38.318888,4.9077385
"053","10am",59.6355,6.165638,0.8881384,28.146063,5.1646556
"054","10am",49.29746,3.06128,5.7454422,34.683375,7.2124469
"055","10am",48.22219,4.439732,4.3471669,35.573685,7.4172288
"056","10am",47.28822,18.712164,4.1493155,27.267785,2.5825202
"057","10am",45.71107,7.736357,7.5041624,31.855117,7.1932961
"058","10am",47.49428,1.996737,2.6712316,41.848633,5.9891191
"059","10am",46.02707,4.269076,5.7931168,37.271856,6.6388783
"060","10am",49.47753,3.172017,5.1907586,40.034303,2.1253967
"061","10am",52.51401,3.222527,7.677189,32.885024,3.701253
"062","10am",48.32908,12.32835,7.0022118,26.596828,5.7435328
"063","10am",51.02771,3.830997,8.7460265,33.075776,3.3194889
"064","10am",50.98739,3.292396,6.9147642,35.14406,3.6613901
"065","10am",40.93273,1.872405,8.8882366,45.494721,2.8119068
"066","10am",41.83577,1.68878,3.9841924,46.285172,6.2060827
"067","10am",56.40398,1.321207,2.6424143,35.370842,4.2615521
"068","10am",40.65543,2.329885,3.296282,43.833135,9.8852636
"001","11am",52.17753,6.619721,4.3777888,31.127095,5.697862
"002","11am",58.29721,3.369399,0.9469844,34.501446,2.884957
"003","11am",48.53765,3.94217,4.6673421,40.350103,2.5027394
"004","11am",53.79817,5.675916,6.3979125,32.084242,2.0437633
"005","11am",50.30551,3.904693,2.9827304,38.771835,4.0352298
"006","11am",49.46453,7.492419,2.697627,36.996669,3.3487531
"007","11am",55.04805,4.373475,2.6258552,34.389916,3.5627001
"008","11am",62.83434,0,6.7502336,26.836851,3.57858
"009","11am",57.94865,1.551724,3.0776971,34.508981,2.9129435
"010","11am",57.99765,3.245239,4.128055,32.339099,2.2899613
"011","11am",51.66896,17.406231,6.5081307,20.116182,4.3004943
"012","11am",52.24664,2.736732,5.2487029,38.385699,1.3822284
"013","11am",40.89453,2.616766,5.9609562,47.66659,2.8611558
"014","11am",53.83951,10.136163,3.4189345,32.60539,0
"015","11am",38.90215,6.844852,12.5675115,33.358924,8.3265663
"016","11am",52.26697,1.022245,10.2171227,24.087793,12.4058717
"017","11am",57.15891,8.411467,12.7767051,11.100741,10.5521807
"018","11am",47.09118,10.200112,10.459272,24.797225,7.4522147
"019","11am",67.79708,6.734084,6.829923,12.142301,6.4966148
"020","11am",43.62361,9.670574,10.5065545,25.967898,10.2313645
"021","11am",45.71619,15.492846,6.7985887,19.431333,12.5610448
"022","11am",40.78044,13.464315,10.7142411,26.734826,8.3061807
"023","11am",41.85938,5.05531,3.7880467,41.413879,7.8833816
"024","11am",48.94846,10.793401,4.7920775,29.90074,5.5653203
"025","11am",51.84119,30.906877,3.4409338,11.887094,1.9239042
"026","11am",49.71988,13.528964,5.2739765,23.480148,7.9970356
"027","11am",43.97691,6.438351,14.7244908,23.926907,10.9333413
"028","11am",55.69042,16.018954,4.7081865,17.120082,6.4623592
"029","11am",46.24548,3.005398,18.7795977,21.965375,10.00415
"030","11am",60.53538,18.247882,7.0686062,9.860205,4.2879299
"031","11am",59.30591,25.394505,3.6052743,8.984468,2.7098425
"032","11am",72.08938,7.362678,2.933031,15.525863,2.0890532
"033","11am",40.50776,36.043171,5.0509917,15.884454,2.513621
"034","11am",47.18431,14.415794,8.3339168,24.522595,5.5433848
"035","11am",53.22511,16.448081,5.7618546,23.6721,0.8928586
"036","11am",58.00101,21.700048,5.6255987,13.078072,1.5952749
"037","11am",56.72337,24.27723,2.9341282,15.062586,1.002689
"038","11am",43.91387,5.641677,1.2281223,46.091365,3.1249661
"039","11am",61.5072,18.271652,7.8415134,6.341264,6.0383698
"041","11am",50.23091,11.482314,7.098356,28.474181,2.7142423
"042","11am",50.22467,2.520976,2.2379834,37.183547,7.8328208
"043","11am",49.79878,0,1.9322523,46.353442,1.9155239
"044","11am",58.78382,9.324557,6.3248923,22.449491,3.1172383
"045","11am",58.50793,4.277986,4.3354804,27.99659,4.8820188
"046","11am",45.61111,4.418607,2.3349611,47.635326,0
"047","11am",54.64155,1.124133,2.6761036,37.020646,4.5375687
"048","11am",51.56304,6.859929,2.495863,33.907428,5.1737426
"049","11am",45.15617,4.355488,2.8559452,43.431866,4.2005281
"050","11am",56.09639,13.225154,7.3785029,18.041625,5.2583247
"051","11am",61.7865,3.360212,8.8280842,22.136571,3.8886366
"052","11am",46.72263,7.768724,4.9364598,36.46233,4.1098584
"053","11am",59.37193,4.860006,0.8990422,28.719517,6.1495056
"054","11am",46.15387,3.299943,5.7659535,37.776085,7.0041442
"055","11am",46.68875,4.388599,4.2971007,37.293746,7.3318048
"056","11am",47.06687,19.694011,3.6503247,27.011913,2.5768833
"057","11am",43.7089,8.397138,7.3197735,33.557647,7.0165458
"058","11am",46.61538,2.797787,2.423983,42.096071,6.0667784
"059","11am",43.86816,4.145929,5.6260069,39.912529,6.4473713
"060","11am",47.84953,3.123804,5.1118617,40.928739,2.9860626
"061","11am",53.16551,3.244834,7.7303329,33.018664,2.8406596
"062","11am",49.6633,11.990166,6.1825603,27.379206,4.7847682
"063","11am",49.86752,3.722323,9.560355,32.137515,4.7122912
"064","11am",51.77622,4.124523,7.2293557,33.524966,3.3449377
"065","11am",41.53047,1.853457,8.7982915,45.034334,2.7834515
"066","11am",41.64757,2.376219,3.9007525,45.999352,6.0761103
"067","11am",55.86473,1.194784,3.0017703,34.988054,4.9506622
"068","11am",41.52255,2.264386,2.1203204,43.716024,10.3767248
"001","12am",54.81854,5.6215418,4.2924851,29.980026,5.2874117
"002","12am",59.00184,4.0493558,0.7907805,32.547003,3.6110238
"003","12am",50.63822,4.7236852,4.1944644,40.443628,0
"004","12am",54.26964,7.0710443,4.3803621,32.226153,2.0528031
"005","12am",52.28037,4.0195855,2.6987491,37.409507,3.5917894
"006","12am",52.44198,6.7560518,2.4324997,35.349835,3.019632
"007","12am",52.80441,5.1418922,2.4944191,35.265643,4.2936371
"008","12am",64.15426,1.82525,7.7789692,22.275685,3.9658313
"009","12am",57.77693,1.488377,3.3581643,34.582506,2.7940263
"010","12am",56.73893,4.065561,4.1747486,32.704896,2.3158638
"011","12am",52.13074,18.5999073,6.1080828,19.032829,4.1284424
"012","12am",47.41909,2.9683297,6.3031976,41.258964,2.0504155
"013","12am",45.21988,0.7612397,4.9794636,45.502332,3.5370862
"014","12am",54.23797,8.2769303,3.557571,33.927526,0
"015","12am",37.96404,8.5783422,12.2711181,32.203855,8.9826462
"016","12am",50.57621,4.7073544,9.9367453,21.344708,13.4349834
"017","12am",59.22565,7.0682019,10.8229684,11.899998,10.9831824
"018","12am",44.42854,11.2898521,9.7718339,28.371316,6.1384554
"019","12am",66.9227,5.9256791,6.6798754,13.800665,6.6710776
"020","12am",46.92252,10.0419042,11.8509291,21.305599,9.8790464
"021","12am",43.83813,14.3234247,7.5793496,21.137782,13.1213109
"022","12am",43.00182,16.0207035,9.9498475,23.079713,7.947912
"023","12am",43.95578,5.5113507,3.5967099,40.106578,6.8295836
"024","12am",46.15675,10.5325544,4.7134625,32.384651,6.212586
"025","12am",51.23472,25.03584,5.3023607,15.941295,2.4857867
"026","12am",48.34208,17.2946694,4.8919416,22.105438,7.3658684
"027","12am",41.77124,7.6795185,16.0759598,23.661303,10.8119741
"028","12am",54.33898,16.6761806,4.6776023,17.293742,7.0134958
"029","12am",38.55976,4.9454587,17.6929386,27.641731,11.1601123
"030","12am",57.09029,20.5862403,7.9610802,9.248376,5.1140146
"031","12am",62.10842,24.8850238,2.4947514,8.567375,1.9444281
"032","12am",69.39181,9.4938097,3.2990135,14.854714,2.9606531
"033","12am",41.18117,37.5134492,5.9439746,13.360532,2.0008696
"034","12am",50.99291,9.8584342,5.6190176,27.088904,6.4407391
"035","12am",55.96991,14.2334804,8.6706337,20.337646,0.7883252
"036","12am",60.14547,20.1426115,5.1208263,12.973206,1.6178825
"037","12am",54.2204,26.9031761,3.16685,14.952555,0.7570206
"038","12am",45.81861,4.4076527,1.1804487,45.589633,3.0036603
"039","12am",59.81758,16.9864585,10.8613224,5.988666,6.3459739
"041","12am",50.03476,11.4828692,7.8969295,27.871068,2.7143736
"042","12am",51.24506,1.453976,2.0713172,37.504444,7.7252013
"043","12am",46.58397,0,1.8583119,49.71549,1.8422236
"044","12am",61.37969,8.7706995,6.3760049,21.361333,2.1122687
"045","12am",59.65526,4.9063674,4.9596652,25.953038,4.5256661
"046","12am",46.51785,4.3654925,1.1534468,47.96321,0
"047","12am",52.72621,1.1063188,3.7822348,37.919571,4.4656621
"048","12am",48.92791,6.4869316,2.7213413,36.222677,5.6411428
"049","12am",46.48956,5.4752964,2.6272856,41.54364,3.8642153
"050","12am",54.62434,13.1219863,7.6842672,18.953094,5.6163162
"051","12am",60.96678,3.3679887,8.8485163,22.919083,3.8976366
"052","12am",47.12699,7.1962157,5.3948301,36.018909,4.2630587
"053","12am",58.15736,4.7634573,0.8811818,30.17066,6.0273394
"054","12am",48.66471,4.6404458,4.2565677,36.130497,6.3077796
"055","12am",45.30462,6.4415013,4.0888176,36.337366,7.827699
"056","12am",44.43103,19.8726102,3.701847,29.246119,2.7483963
"057","12am",46.41031,6.9381842,7.3853109,33.031089,6.235102
"058","12am",49.79651,3.6432426,2.4136297,38.472221,5.6743985
"059","12am",41.60107,4.9029384,6.674266,40.244606,6.5771204
"060","12am",46.63691,4.2981686,5.0915691,40.999139,2.9742088
"061","12am",48.93128,4.0502401,7.0770079,36.261252,3.6802239
"062","12am",49.57182,10.0598607,6.724261,28.716257,4.9277964
"063","12am",49.08553,5.0817397,9.0928853,32.257973,4.4818758
"064","12am",51.67992,5.5342741,6.360933,32.373277,4.0515965
"065","12am",42.79562,1.7441191,9.2748833,43.566123,2.6192521
"066","12am",43.26195,1.5781842,5.6811309,43.397729,6.0810014
"067","12am",56.14658,1.9151447,2.7471815,33.17498,6.0161091
"068","12am",41.19174,2.8832281,2.0069391,43.112043,10.8060492
"001","1pm",53.52821,7.4585072,3.6372096,30.072559,5.3035156
"002","1pm",56.44085,4.6458685,0.8354646,35.221579,2.8562424
"003","1pm",52.60922,4.8839235,4.1518064,38.355049,0
"004","1pm",56.81194,7.3885189,4.1500164,29.704668,1.9448544
"005","1pm",46.98072,5.4422936,2.8774844,40.703153,3.9963542
"006","1pm",51.62354,6.4212982,2.6168357,36.889261,2.4490641
"007","1pm",53.66953,4.7143191,3.2889779,34.193208,4.1339674
"008","1pm",60.8091,1.0887607,9.3626158,24.058784,4.6807373
"009","1pm",56.18655,0.8868041,4.2431767,35.831514,2.8519579
"010","1pm",57.67541,5.4931135,3.2870991,31.336146,2.2082329
"011","1pm",50.34725,18.8600826,5.7305511,20.38509,4.6770277
"012","1pm",46.23364,4.1997941,5.072067,41.009661,3.4848374
"013","1pm",45.52677,3.9772817,3.3669834,43.242563,3.8863983
"014","1pm",57.35451,6.4730966,3.4559882,32.716409,0
"015","1pm",38.09446,6.9411665,11.4177652,34.173227,9.3733785
"016","1pm",47.58946,4.9326734,7.575319,23.702084,16.2004682
"017","1pm",56.52398,5.8286155,12.3292468,13.239865,12.0782933
"018","1pm",48.69234,9.1169631,10.5013533,25.273892,6.4154527
"019","1pm",67.20343,4.9631654,6.9747905,14.994454,5.8641649
"020","1pm",52.29912,8.274614,11.306002,20.731033,7.3892358
"021","1pm",44.2283,15.663498,5.6174017,21.363007,13.1277895
"022","1pm",43.28895,11.306731,11.9990521,25.146239,8.2590291
"023","1pm",42.68293,5.0884963,4.0759394,39.649959,8.5026797
"024","1pm",48.33824,9.7082529,4.6735219,32.023508,5.2564742
"025","1pm",51.40934,26.1554953,5.0209505,15.226929,2.187282
"026","1pm",45.61289,16.4967634,5.7553142,24.072997,8.0620396
"027","1pm",42.57021,5.6914929,16.0030062,25.251153,10.4841426
"028","1pm",58.90609,13.4250526,4.8779699,16.625326,6.1655608
"029","1pm",40.74938,1.7801994,17.1596252,26.893966,13.4168244
"030","1pm",58.98033,19.6672431,7.177224,9.356363,4.8188358
"031","1pm",62.02768,25.6627605,2.8304968,7.689725,1.7893371
"032","1pm",73.52817,6.8025114,2.3554602,14.831865,2.4819967
"033","1pm",40.44242,39.3954994,5.7062373,12.733255,1.7225871
"034","1pm",52.20628,10.6324395,5.8047228,25.417087,5.9394732
"035","1pm",56.29272,11.7425631,8.7668856,20.375296,2.8225362
"036","1pm",54.63841,24.2296113,5.217152,14.27425,1.6405741
"037","1pm",56.58318,26.5076548,2.1832416,14.208098,0.5178224
"038","1pm",43.70983,6.1797057,1.1674891,45.972292,2.9706845
"039","1pm",54.2055,20.2252382,11.3770245,7.544955,6.6472846
"041","1pm",50.12985,10.9608875,8.0989223,27.733203,3.0771404
"042","1pm",50.41712,1.5041778,2.142834,38.052632,7.8832348
"043","1pm",42.43219,0,2.1246888,54.505176,0.9379426
"044","1pm",60.6279,8.7584031,7.1918774,20.178373,3.2434464
"045","1pm",55.22843,5.7163619,4.640701,30.237637,4.176875
"046","1pm",46.33955,3.0440154,2.572223,48.044207,0
"047","1pm",50.46862,0,3.9628577,40.889595,4.6789226
"048","1pm",49.22451,7.0817008,1.900128,36.260826,5.5328344
"049","1pm",45.6846,6.0033526,2.0433507,42.0318,4.2368933
"050","1pm",55.16676,13.0568088,6.8336842,19.481414,5.4613315
"051","1pm",61.64773,3.6397695,8.510647,22.193686,4.0081647
"052","1pm",47.64593,7.9597344,5.7550155,34.424453,4.2148643
"053","1pm",56.80524,4.7285271,0.8747202,31.131065,6.4604441
"054","1pm",46.70412,1.9836857,7.7030511,37.32305,6.2860966
"055","1pm",45.62924,6.0123958,3.8386776,36.879509,7.6401803
"056","1pm",42.96155,19.2452094,6.1818959,27.939292,3.6720577
"057","1pm",47.34564,7.387653,5.7185277,33.701568,5.8466059
"058","1pm",48.26482,2.9262645,1.5561634,41.834126,5.4186239
"059","1pm",42.92768,4.7450244,6.459301,39.502714,6.3652843
"060","1pm",46.91777,4.5610621,5.2427947,40.215829,3.0625463
"061","1pm",48.63713,3.0230613,7.2019917,38.491307,2.6465104
"062","1pm",48.48278,12.0263196,6.4702427,28.013055,5.0075994
