"district","hour","resarea1","resarea2","resarea3"
"001","4am",99.7226026,0.2773974,0
"002","4am",100,0,0
"003","4am",100,0,0
"004","4am",97.5796172,1.8207268,0.5996561
"005","4am",97.0934375,2.4402732,0.4662894
"006","4am",1.8618237,97.0853607,1.0528155
"007","4am",96.5661597,1.2481732,2.1856671
"008","4am",1.0463042,98.9536958,0
"009","4am",0,100,0
"010","4am",1.056101,98.4080027,0.5358963
"011","4am",0,98.5054892,1.4945108
"012","4am",0,100,0
"013","4am",0,100,0
"014","4am",0,100,0
"015","4am",0,0,100
"016","4am",0,0,100
"017","4am",2.3999151,0,97.6000849
"018","4am",1.1796684,1.3996206,97.4207111
"019","4am",1.2234833,97.6862321,1.0902845
"020","4am",0,100,0
"021","4am",0.4354495,98.3186962,1.2458543
"022","4am",0,1.269593,98.730407
"023","4am",0,100,0
"024","4am",0,0.5231584,99.4768416
"025","4am",0.9781592,1.0965385,97.9253023
"026","4am",1.6389127,0,98.3610873
"027","4am",1.6862364,0,98.3137636
"028","4am",0,0.6326775,99.3673225
"029","4am",0,3.7999516,96.2000484
"030","4am",0,3.002488,96.997512
"031","4am",0,0,100
"032","4am",0,0,100
"033","4am",0,0,100
"034","4am",0,0,100
"035","4am",0.8251533,0.504723,98.6701237
"036","4am",0.4796192,0,99.5203808
"037","4am",1.2506379,1.1913842,97.5579778
"038","4am",1.6752015,98.3247985,0
"039","4am",0,0,100
"041","4am",100,0,0
"042","4am",100,0,0
"043","4am",99.13675,0,0.86325
"044","4am",100,0,0
"045","4am",100,0,0
"046","4am",100,0,0
"047","4am",100,0,0
"048","4am",99.4150643,0.5849357,0
"049","4am",98.8797912,0,1.1202088
"050","4am",4.3314922,95.5644733,0.1040345
"051","4am",2.9970603,95.327438,1.6755017
"052","4am",100,0,0
"053","4am",100,0,0
"054","4am",100,0,0
"055","4am",99.6452494,0,0.3547506
"056","4am",5.928694,94.071306,0
"057","4am",99.5107611,0.4892389,0
"058","4am",99.3011635,0.3396666,0.3591699
"059","4am",100,0,0
"060","4am",100,0,0
"061","4am",100,0,0
"062","4am",3.0438743,96.9561257,0
"063","4am",100,0,0
"064","4am",100,0,0
"065","4am",100,0,0
"066","4am",100,0,0
"067","4am",100,0,0
"068","4am",99.1058379,0.8941621,0
"001","5am",98.6909881,0.7800621,0.5289498
"002","5am",97.4878135,2.5121865,0
"003","5am",100,0,0
"004","5am",97.0092155,2.9907845,0
"005","5am",95.8285664,3.329952,0.8414817
"006","5am",1.9580423,96.2483072,1.7936506
"007","5am",95.1059698,2.7309398,2.1630904
"008","5am",1.0463042,98.9536958,0
"009","5am",0.9271171,99.0728829,0
"010","5am",3.5733428,95.9020128,0.5246444
"011","5am",0,98.2353625,1.7646375
"012","5am",0,98.9391986,1.0608014
"013","5am",0.6612894,99.3387106,0
"014","5am",0,99.1412496,0.8587504
"015","5am",0,0,100
"016","5am",0,0,100
"017","5am",2.4145873,1.2717503,96.3136624
"018","5am",2.2113069,1.3955363,96.3931568
"019","5am",1.2757849,97.5873229,1.1368921
"020","5am",0,98.7655035,1.2344965
"021","5am",0.4477198,98.2713194,1.2809608
"022","5am",0,1.2777459,98.7222541
"023","5am",0,100,0
"024","5am",0,1.4866388,98.5133612
"025","5am",3.4585146,5.1534095,91.3880759
"026","5am",1.6503442,0,98.3496558
"027","5am",1.6834502,0.5137199,97.8028299
"028","5am",1.2839572,1.8462285,96.8698144
"029","5am",1.1676571,4.7324602,94.0998828
"030","5am",0.7520896,4.1442004,95.10371
"031","5am",0,0,100
"032","5am",0,0,100
"033","5am",0,0,100
"034","5am",0,0.819917,99.180083
"035","5am",0.8128344,0.4971879,98.6899777
"036","5am",2.0987946,2.8917895,95.0094159
"037","5am",1.2522028,1.8159028,96.9318944
"038","5am",1.6628557,98.3371443,0
"039","5am",0,0,100
"041","5am",100,0,0
"042","5am",100,0,0
"043","5am",98.1416572,0,1.8583428
"044","5am",100,0,0
"045","5am",96.4699235,1.7344135,1.7956629
"046","5am",100,0,0
"047","5am",100,0,0
"048","5am",99.41462,0.58538,0
"049","5am",98.887951,0,1.112049
"050","5am",6.1089732,93.7879464,0.1030804
"051","5am",4.5475071,93.7676119,1.6848811
"052","5am",99.6524262,0.3475738,0
"053","5am",100,0,0
"054","5am",100,0,0
"055","5am",99.637847,0,0.362153
"056","5am",5.9936189,94.0063811,0
"057","5am",99.5104674,0.4895326,0
"058","5am",98.8246511,0.8113259,0.364023
"059","5am",100,0,0
"060","5am",100,0,0
"061","5am",100,0,0
"062","5am",4.1391155,95.8608845,0
"063","5am",100,0,0
"064","5am",100,0,0
"065","5am",99.5540673,0.4459327,0
"066","5am",100,0,0
"067","5am",100,0,0
"068","5am",98.746417,1.253583,0
"001","6am",97.6220773,0.9522846,1.4256381
"002","6am",93.2669312,4.0853547,2.647714
"003","6am",100,0,0
"004","6am",95.6529244,3.0547126,1.292363
"005","6am",92.9291061,5.7167783,1.3541156
"006","6am",2.9747852,94.0707912,2.9544235
"007","6am",91.0316977,5.2972707,3.6710316
"008","6am",4.0767703,95.9232297,0
"009","6am",2.0669074,96.0965396,1.836553
"010","6am",6.5052492,92.90625,0.5885008
"011","6am",2.1939021,95.0079726,2.7981254
"012","6am",0,94.5810957,5.4189043
"013","6am",2.2381661,97.3926511,0.3691828
"014","6am",0,97.3259046,2.6740954
"015","6am",0,0,100
"016","6am",0.420413,2.1261703,97.4534166
"017","6am",4.4790505,2.2404757,93.2804738
"018","6am",2.5273919,1.8370434,95.6355647
"019","6am",3.699054,94.7898327,1.5111133
"020","6am",0,99.3595188,0.6404812
"021","6am",0.4784236,97.1806916,2.3408848
"022","6am",0,2.9624535,97.0375465
"023","6am",0,97.716456,2.283544
"024","6am",1.1719821,1.5054987,97.3225192
"025","6am",4.6393393,6.4128538,88.9478069
"026","6am",4.4047461,0,95.5952539
"027","6am",3.0788941,0.3873395,96.5337664
"028","6am",5.5854595,4.6354711,89.7790694
"029","6am",2.1219998,8.9258535,88.9521467
"030","6am",3.3989281,4.5630898,92.0379821
"031","6am",0.7255165,0.476423,98.7980605
"032","6am",1.6299722,2.8979816,95.4720462
"033","6am",0,0.4728992,99.5271008
"034","6am",0.644359,0.8539593,98.5016817
"035","6am",1.7124295,2.9196781,95.3678924
"036","6am",8.2813617,4.0046355,87.7140028
"037","6am",3.4759769,2.1402273,94.3837958
"038","6am",1.740854,98.259146,0
"039","6am",0,0,100
"041","6am",99.6546323,0,0.3453677
"042","6am",100,0,0
"043","6am",97.9801618,0,2.0198382
"044","6am",99.2380549,0.2044069,0.5575382
"045","6am",94.1206548,1.8867802,3.992565
"046","6am",100,0,0
"047","6am",100,0,0
"048","6am",98.0379872,1.9620128,0
"049","6am",98.8374755,0,1.1625245
"050","6am",8.7175181,90.5628198,0.7196622
"051","6am",5.9895373,92.2819932,1.7284696
"052","6am",99.6368281,0.3631719,0
"053","6am",99.4084361,0.5915639,0
"054","6am",100,0,0
"055","6am",99.6143254,0,0.3856746
"056","6am",6.222684,93.777316,0
"057","6am",98.273025,1.726975,0
"058","6am",98.370483,1.2391645,0.3903525
"059","6am",100,0,0
"060","6am",100,0,0
"061","6am",99.6080413,0,0.3919587
"062","6am",8.3900241,91.1670625,0.4429135
"063","6am",100,0,0
"064","6am",100,0,0
"065","6am",99.5159289,0.4840711,0
"066","6am",100,0,0
"067","6am",98.335535,1.664465,0
"068","6am",98.2897347,1.7102653,0
"001","7am",94.6582394,3.1365116,2.205249
"002","7am",85.1903351,11.7555813,3.0540836
"003","7am",100,0,0
"004","7am",93.5779452,5.1163652,1.3056895
"005","7am",90.110124,6.9692529,2.9206231
"006","7am",10.5769593,84.2180489,5.2049918
"007","7am",83.0059383,9.2638619,7.7301998
"008","7am",10.7611968,85.6653709,3.5734323
"009","7am",7.1578489,88.9675838,3.8745673
"010","7am",13.2387497,82.6358974,4.1253529
"011","7am",9.2856627,80.0697894,10.6445479
"012","7am",8.3838872,84.6318936,6.9842192
"013","7am",5.243617,92.3380308,2.4183522
"014","7am",4.848078,89.9023913,5.2495308
"015","7am",3.8059177,1.5582533,94.635829
"016","7am",4.0030973,4.2201888,91.7767139
"017","7am",7.0017339,8.3238452,84.6744209
"018","7am",7.3358392,7.0127503,85.6514105
"019","7am",17.6060362,73.4425135,8.9514503
"020","7am",1.4125217,94.8172304,3.7702479
"021","7am",0.9524662,94.2339295,4.8136043
"022","7am",1.9773847,7.1564053,90.86621
"023","7am",3.4419642,89.6077162,6.9503197
"024","7am",2.1468708,5.4297432,92.423386
"025","7am",9.9763446,12.4158154,77.6078399
"026","7am",8.7173894,6.0070736,85.275537
"027","7am",7.7101383,1.6545286,90.6353331
"028","7am",12.2070323,12.9078089,74.8851589
"029","7am",6.737509,12.0037941,81.2586968
"030","7am",13.8226573,9.54828,76.6290628
"031","7am",12.6525664,11.908604,75.4388296
"032","7am",13.7355778,10.7942262,75.470196
"033","7am",2.7957236,5.9669168,91.2373596
"034","7am",1.9716051,6.877763,91.1506319
"035","7am",5.8451855,7.4915079,86.6633066
"036","7am",13.2972616,17.0649412,69.6377972
"037","7am",11.0371576,9.9904212,78.9724211
"038","7am",3.4174961,96.5825039,0
"039","7am",14.6384404,9.7280976,75.633462
"041","7am",97.1470829,1.4474493,1.4054678
"042","7am",98.9192006,1.0807994,0
"043","7am",97.3173849,1.4123083,1.2703068
"044","7am",98.1464336,0.2074811,1.6460854
"045","7am",94.1099449,2.0496259,3.8404291
"046","7am",96.2236433,0,3.7763567
"047","7am",99.8767618,0.1232382,0
"048","7am",97.8713215,2.1286785,0
"049","7am",96.2647028,2.4887166,1.2465805
"050","7am",26.9946185,71.8707071,1.1346745
"051","7am",11.6568265,86.2508923,2.0922812
"052","7am",98.3077449,1.1649097,0.5273454
"053","7am",98.1888836,1.8111164,0
"054","7am",97.6467415,1.2355567,1.1177019
"055","7am",98.6564461,0.273422,1.0701319
"056","7am",25.8471839,74.1528161,0
"057","7am",96.3335059,3.0543728,0.6121212
"058","7am",96.3097633,3.2289727,0.4612641
"059","7am",98.5694169,0.1334967,1.2970864
"060","7am",98.9010812,1.0989188,0
"061","7am",98.4239041,0.7263637,0.8497322
"062","7am",23.447875,76.552125,0
"063","7am",99.5907139,0.4092861,0
"064","7am",97.3119695,1.4678035,1.220227
"065","7am",99.4555478,0.5444522,0
"066","7am",99.3211084,0,0.6788916
"067","7am",95.9000549,4.0999451,0
"068","7am",96.8038716,3.1961284,0
"001","8am",92.519075,4.3814675,3.0994571
"002","8am",79.732026,14.8325786,5.4353949
"003","8am",98.889674,1.1103256,0
"004","8am",93.858183,4.7743584,1.3674585
"005","8am",87.227714,9.4837405,3.2885457
"006","8am",14.883831,79.9589439,5.1572253
"007","8am",76.754393,14.62676,8.618847
"008","8am",11.961238,77.9407492,10.0980125
"009","8am",17.868222,76.3568065,5.7749716
"010","8am",20.735911,74.1301341,5.1339554
"011","8am",13.39252,62.0981111,24.5093692
"012","8am",13.676378,76.3027455,10.0208763
"013","8am",9.175249,87.3223941,3.5023572
"014","8am",8.465612,84.3771919,7.1571961
"015","8am",4.998617,5.2081442,89.7932388
"016","8am",7.871417,6.1570249,85.9715578
"017","8am",12.753367,13.2953133,73.9513198
"018","8am",10.335322,10.7860577,78.8786207
"019","8am",19.932349,62.6604668,17.4071842
"020","8am",7.632999,80.5338009,11.8331998
"021","8am",6.37938,85.0790615,8.5415589
"022","8am",1.852754,15.2671714,82.8800749
"023","8am",11.237188,80.0979532,8.6648593
"024","8am",7.052974,13.5320845,79.414941
"025","8am",11.955242,16.4397866,71.6049712
"026","8am",10.742721,9.7065331,79.5507461
"027","8am",5.042005,5.0701821,89.8878131
"028","8am",16.054895,16.3658121,67.5792933
"029","8am",8.256653,14.9360396,76.8073075
"030","8am",16.255396,14.9655228,68.7790811
"031","8am",18.735984,20.542051,60.7219646
"032","8am",21.421461,16.5864756,61.9920633
"033","8am",5.339143,10.7148679,83.945989
"034","8am",5.105993,10.3709771,84.5230296
"035","8am",6.953168,8.7117293,84.3351029
"036","8am",16.84363,18.500163,64.6562069
"037","8am",17.221104,16.8499034,65.9289922
"038","8am",7.439336,87.5651823,4.9954819
"039","8am",24.075966,13.7304588,62.1935748
"041","8am",95.2294,2.3528535,2.4177462
"042","8am",98.911164,1.0888362,0
"043","8am",95.433155,1.5182436,3.0486014
"044","8am",95.008256,1.3133151,3.6784287
"045","8am",91.654854,3.968117,4.3770294
"046","8am",92.072414,1.2369653,6.6906205
"047","8am",97.908494,1.1505911,0.9409152
"048","8am",96.306304,2.6946112,0.9990852
"049","8am",94.305052,4.2935646,1.4013839
"050","8am",34.142123,63.4939036,2.363973
"051","8am",13.50158,83.4935234,3.0048962
"052","8am",97.505283,1.7141448,0.7805719
"053","8am",94.682535,4.8686129,0.4488522
"054","8am",92.337694,5.8629562,1.7993502
"055","8am",97.981093,0.5550033,1.4639037
"056","8am",34.190114,64.4194705,1.3904157
"057","8am",94.691693,4.04963,1.2586773
"058","8am",94.161615,5.5013095,0.3370755
"059","8am",97.42894,1.2005829,1.3704776
"060","8am",95.664213,2.7726275,1.5631597
"061","8am",98.001758,0.7561597,1.2420825
"062","8am",33.420737,65.9453819,0.6338813
"063","8am",96.978966,1.9721628,1.0488708
"064","8am",95.704583,2.0577382,2.2376785
"065","8am",99.403357,0.5966432,0
"066","8am",98.441883,1.5581167,0
"067","8am",92.682886,6.6964558,0.620658
"068","8am",94.901289,3.8426647,1.2560465
"001","9am",90.856726,5.0518213,4.0914523
"002","9am",79.772972,14.8026139,5.4244143
"003","9am",98.847866,1.1521344,0
"004","9am",92.322143,6.274966,1.402891
"005","9am",87.738665,8.616904,3.6444308
"006","9am",14.388064,80.6264937,4.9854427
"007","9am",72.338527,17.0812662,10.5802066
"008","9am",15.35786,74.9779167,9.6642229
"009","9am",17.746595,71.9924106,10.2609946
"010","9am",27.047672,66.4004443,6.5518838
"011","9am",16.681542,54.397801,28.9206568
"012","9am",15.952017,73.716698,10.3312849
"013","9am",13.630755,80.8445039,5.5247415
"014","9am",10.485249,80.8409407,8.6738103
"015","9am",4.653276,6.8888223,88.4579021
"016","9am",10.290457,7.135381,82.5741619
"017","9am",15.605167,12.5403684,71.8544651
"018","9am",12.040031,13.0252378,74.9347308
"019","9am",21.61153,59.7779182,18.6105514
"020","9am",9.938014,75.4260996,14.6358859
"021","9am",7.193499,83.4980904,9.308411
"022","9am",4.684759,13.6631529,81.6520886
"023","9am",12.23695,77.32878,10.4342703
"024","9am",9.522168,14.3592718,76.1185603
"025","9am",13.680623,17.6897875,68.6295898
"026","9am",12.551706,13.2013273,74.2469671
"027","9am",7.194517,5.2429861,87.5624968
"028","9am",19.322092,16.8519801,63.8259277
"029","9am",7.881682,19.5149844,72.6033339
"030","9am",16.385,16.7148391,66.9001606
"031","9am",19.277609,23.7408083,56.9815828
"032","9am",25.075463,16.877166,58.0473711
"033","9am",5.7566,11.5305199,82.7128797
"034","9am",4.272701,9.891606,85.8356932
"035","9am",6.035094,9.0022421,84.9626639
"036","9am",18.156639,20.3507486,61.4926124
"037","9am",15.629747,19.8903188,64.4799343
"038","9am",9.150685,85.7552581,5.0940567
"039","9am",24.490035,14.386853,61.1231116
"041","9am",94.009642,3.2745057,2.7158521
"042","9am",97.546848,2.4531524,0
"043","9am",93.285266,3.3006484,3.4140851
"044","9am",94.435407,2.0587558,3.5058375
"045","9am",92.414176,3.6070593,3.9787649
"046","9am",91.186832,1.3751453,7.4380222
"047","9am",95.719184,2.2977936,1.983022
"048","9am",94.665902,4.3060233,1.0280745
"049","9am",94.150171,4.4103326,1.439496
"050","9am",34.404969,63.2785414,2.3164896
"051","9am",11.171127,85.5803727,3.2485
"052","9am",96.972201,1.7289383,1.2988606
"053","9am",92.218639,6.6870532,1.0943075
"054","9am",92.929841,5.4009056,1.669253
"055","9am",96.496446,1.0462733,2.4572802
"056","9am",37.507475,61.1227023,1.3698229
"057","9am",94.073508,4.6403837,1.286108
"058","9am",93.997127,5.6527493,0.3501235
"059","9am",95.886497,2.6993439,1.4141596
"060","9am",94.32176,4.1457863,1.5324539
"061","9am",97.610524,0.7848246,1.6046512
"062","9am",36.801486,62.5788424,0.619672
"063","9am",96.075362,2.2484219,1.676216
"064","9am",95.384106,2.381899,2.2339955
"065","9am",100,0,0
"066","9am",98.401129,1.5988712,0
"067","9am",93.762764,5.5771912,0.6600452
"068","9am",95.054409,3.727265,1.2183259
"001","10am",90.952202,4.866911,4.1808875
"002","10am",79.605152,14.873479,5.5213687
"003","10am",97.699816,1.197261,1.1029232
"004","10am",92.03173,6.535426,1.4328442
"005","10am",84.318385,11.218531,4.4630837
"006","10am",14.555202,80.086016,5.3587816
"007","10am",69.852384,18.556984,11.5906327
"008","10am",16.443887,72.621258,10.9348544
"009","10am",18.319431,70.627489,11.0530796
"010","10am",22.620057,70.765877,6.6140656
"011","10am",16.666255,54.423671,28.9100741
"012","10am",22.276813,68.576287,9.1468999
"013","10am",13.568068,82.434048,3.9978836
"014","10am",10.444016,81.711982,7.8440024
"015","10am",4.576157,10.102849,85.3209939
"016","10am",10.962749,6.224276,82.8129757
"017","10am",15.950748,15.330864,68.7183878
"018","10am",15.856949,11.58243,72.5606204
"019","10am",20.751588,59.861326,19.3870854
"020","10am",7.294921,76.047257,16.6578219
"021","10am",6.400551,82.74212,10.8573287
"022","10am",6.409995,14.564089,79.0259164
"023","10am",10.548234,80.390639,9.0611265
"024","10am",10.986355,12.775149,76.2384962
"025","10am",14.314931,18.974903,66.7101656
"026","10am",13.24663,14.5858,72.1675699
"027","10am",6.717266,5.670806,87.6119286
"028","10am",18.677922,16.039244,65.282834
"029","10am",7.774747,18.125913,74.0993398
"030","10am",14.163548,14.3749,71.4615515
"031","10am",19.152136,23.543516,57.3043483
"032","10am",24.582646,17.959211,57.4581431
"033","10am",5.885911,11.785631,82.328458
"034","10am",3.172811,6.969261,89.8579281
"035","10am",5.486479,10.540231,83.9732902
"036","10am",17.511804,22.441485,60.0467104
"037","10am",18.67457,18.59129,62.7341394
"038","10am",11.866311,71.192135,16.9415542
"039","10am",23.709882,16.540223,59.7498952
"041","10am",93.982618,3.442106,2.5752758
"042","10am",96.869446,2.288851,0.8417035
"043","10am",91.448908,4.483448,4.0676446
"044","10am",94.74738,1.713293,3.5393276
"045","10am",92.035382,3.787176,4.1774421
"046","10am",90.988617,1.406073,7.6053092
"047","10am",96.756683,2.224622,1.018695
"048","10am",97.255374,2.744626,0
"049","10am",91.745375,6.011077,2.243548
"050","10am",35.694844,62.046865,2.2582911
"051","10am",12.306651,84.411209,3.2821397
"052","10am",96.945631,1.74411,1.3102585
"053","10am",93.06857,5.842593,1.0888371
"054","10am",88.757158,9.762744,1.4800986
"055","10am",96.443477,1.437454,2.1190689
"056","10am",42.41353,55.694238,1.8922321
"057","10am",93.523858,5.168342,1.3078001
"058","10am",92.973261,6.19943,0.8273092
"059","10am",95.734515,2.799076,1.4664084
"060","10am",94.883737,3.559599,1.5566643
"061","10am",96.507023,1.360377,2.1326001
"062","10am",37.353827,62.026449,0.6197243
"063","10am",94.747132,2.07429,3.178578
"064","10am",95.581109,2.116889,2.302002
"065","10am",98.323829,0,1.6761708
"066","10am",97.546741,1.642993,0.810266
"067","10am",93.64881,5.679086,0.6721042
"068","10am",94.876057,3.861681,1.2622623
"001","11am",92.090638,3.6105,4.2988618
"002","11am",82.16308,12.659403,5.1775167
"003","11am",94.135674,4.717048,1.1472777
"004","11am",91.931641,5.609486,2.4588736
"005","11am",86.179304,9.088605,4.7320909
"006","11am",15.446005,78.623018,5.930977
"007","11am",73.527196,15.385308,11.0874957
"008","11am",15.901304,72.565572,11.5331243
"009","11am",20.928208,70.717005,8.3547872
"010","11am",22.384224,69.763742,7.8520348
"011","11am",16.511217,60.231783,23.2570003
"012","11am",21.065605,69.977562,8.9568325
"013","11am",12.897434,84.498909,2.6036573
"014","11am",8.510907,83.509976,7.9791169
"015","11am",4.301732,7.054945,88.6433235
"016","11am",11.519232,6.849535,81.6312324
"017","11am",17.135749,15.614282,67.2499694
"018","11am",12.398544,11.508576,76.0928801
"019","11am",17.946463,62.584351,19.469186
"020","11am",7.759678,74.993612,17.2467104
"021","11am",4.604355,85.190055,10.2055899
"022","11am",4.785515,14.181504,81.0329809
"023","11am",10.359917,81.954316,7.6857672
"024","11am",5.911786,14.465032,79.6231824
"025","11am",12.479938,17.952095,69.5679673
"026","11am",11.693139,14.85576,73.4511009
"027","11am",6.486671,5.808329,87.7050004
"028","11am",19.285149,12.432427,68.2824238
"029","11am",9.661847,16.817924,73.5202286
"030","11am",18.729019,14.293181,66.9778006
"031","11am",19.148649,22.86183,57.9895209
"032","11am",22.817968,17.895807,59.2862247
"033","11am",5.572492,11.232535,83.1949721
"034","11am",4.250155,7.480162,88.2696832
"035","11am",7.650809,8.022765,84.3264257
"036","11am",15.977042,22.397977,61.6249808
"037","11am",20.816713,17.599843,61.583444
"038","11am",10.105244,80.142603,9.7521535
"039","11am",26.120038,14.560055,59.3199071
"041","11am",94.711174,3.033402,2.2554242
"042","11am",95.679253,3.492767,0.8279801
"043","11am",93.390978,2.815751,3.7932712
"044","11am",94.528557,1.541716,3.9297278
"045","11am",91.908035,3.847729,4.2442356
"046","11am",91.947345,1.25648,6.7961747
"047","11am",96.914635,2.116281,0.9690839
"048","11am",96.658841,3.341159,0
"049","11am",93.616683,4.26006,2.1232564
"050","11am",36.604492,61.407479,1.9880293
"051","11am",11.704822,85.173544,3.121634
"052","11am",97.485716,1.2452,1.2690834
"053","11am",94.630023,4.49382,0.8761576
"054","11am",94.341759,3.824799,1.8334418
"055","11am",96.769931,1.567431,1.6626386
"056","11am",36.225781,62.357425,1.4167936
"057","11am",93.079207,5.080409,1.8403837
"058","11am",93.488896,6.167249,0.3438556
"059","11am",96.956289,1.618543,1.4251686
"060","11am",94.959055,3.507197,1.5337482
"061","11am",96.482843,1.369794,2.1473627
"062","11am",33.166369,66.189615,0.6440158
"063","11am",94.893218,2.016603,3.0901794
"064","11am",94.455493,2.362917,3.1815891
"065","11am",98.354512,0,1.6454878
"066","11am",95.391252,3.092645,1.5161034
"067","11am",92.208229,5.989621,1.8021499
"068","11am",92.758765,6.027232,1.2140027
"001","12am",92.979067,2.8786405,4.1422923
"002","12am",82.898918,12.1371566,4.9639254
"003","12am",95.62352,2.5796727,1.7968069
"004","12am",92.760744,4.7697066,2.4695494
"005","12am",83.903275,10.7813744,5.3153506
"006","12am",14.49904,80.7534181,4.7475421
"007","12am",77.441845,9.6780181,12.880137
"008","12am",12.83436,80.1504465,7.0151932
"009","12am",19.20787,73.4380451,7.3540851
"010","12am",16.395275,74.1243191,9.4804055
"011","12am",16.501795,60.2000348,23.2981698
"012","12am",15.005251,75.6687591,9.3259895
"013","12am",11.30641,86.2966769,2.3969134
"014","12am",6.80686,85.2535484,7.9395921
"015","12am",3.206484,4.2020937,92.5914223
"016","12am",11.978868,5.1589265,82.8622054
"017","12am",18.307934,13.9465172,67.7455493
"018","12am",13.220931,9.5273569,77.2517122
"019","12am",17.674134,67.4786064,14.8472597
"020","12am",7.667765,79.65834,12.673895
"021","12am",4.22511,85.6108948,10.1639948
"022","12am",5.871169,12.8122402,81.3165907
"023","12am",16.731966,77.8487072,5.4193269
"024","12am",6.17351,12.5823675,81.2441229
"025","12am",10.380699,17.0580481,72.5612532
"026","12am",11.382752,13.6570416,74.9602065
"027","12am",3.729399,5.3916311,90.8789701
"028","12am",18.080292,11.5052745,70.4144339
"029","12am",3.424901,11.9061047,84.6689943
"030","12am",16.798811,15.6845973,67.5165919
"031","12am",18.577633,21.317425,60.1049415
"032","12am",21.968749,15.9986248,62.0326261
"033","12am",5.94195,11.7995766,82.2584734
"034","12am",4.448593,5.1784899,90.3729166
"035","12am",9.46631,9.7684721,80.7652177
"036","12am",17.654173,20.8862864,61.4595402
"037","12am",20.899554,15.4450606,63.6553857
"038","12am",3.196036,91.8046776,4.999286
"039","12am",19.23068,19.3018867,61.4674329
"041","12am",94.072431,3.6787481,2.2488213
"042","12am",96.895745,2.7924669,0.3117881
"043","12am",96.207716,1.3964096,2.3958743
"044","12am",93.523618,1.9240436,4.5523387
"045","12am",92.481192,3.5751933,3.9436151
"046","12am",93.285519,0,6.7144806
"047","12am",97.388842,1.032608,1.57855
"048","12am",96.338818,3.6611818,0
"049","12am",95.203717,2.8368748,1.9594082
"050","12am",31.233168,66.6106319,2.1561999
"051","12am",12.483209,84.9484804,2.5683102
"052","12am",97.520121,0.627382,1.8524969
"053","12am",93.094543,6.4451301,0.4603272
"054","12am",92.441191,5.9059751,1.6528337
"055","12am",97.033584,1.3643733,1.6020428
"056","12am",31.07071,66.4077687,2.5215217
"057","12am",92.395711,5.7476167,1.8566724
"058","12am",94.9007,4.7717109,0.3275892
"059","12am",96.925256,1.6350451,1.4396992
"060","12am",94.158744,4.3134059,1.5278505
"061","12am",96.667624,1.2417188,2.090657
"062","12am",29.679908,70.0199763,0.3001152
"063","12am",95.548472,1.9198384,2.5316892
"064","12am",94.57893,0.8610922,4.5599773
"065","12am",98.448342,0,1.5516581
"066","12am",96.872797,1.609879,1.5173238
"067","12am",92.853372,5.4936925,1.6529354
"068","12am",90.626009,5.7105246,3.6634666
"001","1pm",92.832522,2.9367856,4.2306929
"002","1pm",89.302131,5.4584805,5.2393881
"003","1pm",91.211292,7.0099832,1.7787244
"004","1pm",92.795055,6.305436,0.8995092
"005","1pm",86.787004,7.3183479,5.8946484
"006","1pm",17.198007,77.6446782,5.1573144
"007","1pm",75.442144,14.2619574,10.2958986
"008","1pm",16.23337,73.9583876,9.8082423
"009","1pm",24.780505,67.865822,7.3536728
"010","1pm",20.817185,70.1655571,9.0172577
"011","1pm",16.727585,57.9273406,25.3450745
"012","1pm",19.915539,71.3515238,8.7329372
"013","1pm",12.199984,84.6086526,3.1913635
"014","1pm",8.153046,83.7988848,8.0480688
"015","1pm",3.798809,6.7009278,89.5002633
"016","1pm",9.484685,6.0971739,84.4181413
"017","1pm",14.219844,18.5407071,67.2394491
"018","1pm",7.600989,12.1588889,80.2401222
"019","1pm",18.959194,65.7778329,15.2629735
"020","1pm",8.765028,72.9962626,18.2387095
"021","1pm",5.675312,87.0492225,7.2754659
"022","1pm",3.678668,14.2096328,82.1116992
"023","1pm",10.258455,80.9819576,8.759587
"024","1pm",7.57204,13.9625627,78.465397
"025","1pm",13.143762,15.2351558,71.6210819
"026","1pm",9.088844,12.7720436,78.1391124
"027","1pm",2.928086,5.755297,91.3166168
"028","1pm",17.553023,15.1405713,67.3064058
"029","1pm",8.707309,11.8771284,79.4155629
"030","1pm",16.359074,14.8776745,68.763252
"031","1pm",19.464602,24.5999557,55.9354426
"032","1pm",23.243902,18.0321145,58.7239834
"033","1pm",9.345843,10.5173818,80.1367752
"034","1pm",5.975822,7.997141,86.0270366
"035","1pm",10.208044,6.6265208,83.1654354
"036","1pm",18.641456,20.4603064,60.8982377
"037","1pm",19.820285,17.1291589,63.0505557
"038","1pm",15.647102,79.3972706,4.9556272
"039","1pm",21.142315,13.9017957,64.9558891
"041","1pm",94.869365,2.9829958,2.1476396
"042","1pm",96.790901,2.8867808,0.3223186
"043","1pm",95.680177,1.5906623,2.7291611
"044","1pm",93.559768,2.2494794,4.1907523
"045","1pm",96.249172,1.7049234,2.0459042
"046","1pm",96.028941,0,3.971059
"047","1pm",96.388616,1.0791626,2.5322216
"048","1pm",96.407426,3.5925736,0
"049","1pm",94.181801,3.6772878,2.1409116
"050","1pm",33.955802,63.6140564,2.4301419
"051","1pm",12.60036,84.6130024,2.786638
"052","1pm",96.786524,1.3817446,1.8317311
"053","1pm",93.165591,6.3773781,0.4570308
"054","1pm",93.995226,4.1463537,1.8584208
"055","1pm",96.960337,1.4752698,1.5643928
"056","1pm",37.948797,59.806843,2.2443599
"057","1pm",91.369309,6.6552081,1.9754825
"058","1pm",95.064489,4.5392701,0.3962407
"059","1pm",97.018069,1.5856902,1.396241
"060","1pm",91.158107,7.2512,1.5906926
"061","1pm",97.128125,0.7446643,2.1272104
"062","1pm",29.704908,69.2522021,1.0428897
"063","1pm",94.048227,3.4249777,2.5267952
"064","1pm",93.539744,1.9341561,4.5261003
"065","1pm",98.553681,0,1.4463192
"066","1pm",94.001065,3.5052896,2.4936456
"067","1pm",91.502675,6.7755189,1.7218064
"068","1pm",91.825016,4.3543943,3.8205893
"001","2pm",91.376582,4.1372884,4.4861299
"002","2pm",85.99561,7.7347362,6.2696534
"003","2pm",95.217985,2.945905,1.8361096
"004","2pm",92.967014,5.2808476,1.7521384
"005","2pm",87.049824,7.7599184,5.1902576
"006","2pm",16.220006,76.1089084,7.6710857
"007","2pm",74.634954,15.3493363,10.0157095
"008","2pm",18.946802,74.4281878,6.6250104
"009","2pm",26.116702,65.4772144,8.4060835
"010","2pm",20.875601,71.8449529,7.2794463
"011","2pm",17.693578,55.196421,27.1100012
"012","2pm",23.497465,67.2885094,9.2140256
"013","2pm",10.969298,82.677204,6.3534978
"014","2pm",11.667795,79.3021204,9.030085
"015","2pm",10.18381,5.9834587,83.8327317
"016","2pm",7.732984,5.8383665,86.4286494
"017","2pm",15.045459,17.1357357,67.8188056
"018","2pm",8.806253,12.7322584,78.4614887
"019","2pm",20.207469,60.7506946,19.0418364
"020","2pm",10.441585,73.0694644,16.4889511
"021","2pm",7.089014,82.9607859,9.9502002
"022","2pm",3.692762,14.1666802,82.140558
"023","2pm",14.631689,74.1406291,11.2276816
"024","2pm",10.145029,13.9558246,75.8991459
"025","2pm",14.680647,13.3395857,71.9797668
"026","2pm",7.835474,15.4025812,76.7619452
"027","2pm",5.980017,7.0212406,86.9987429
"028","2pm",17.766027,15.2656859,66.968287
"029","2pm",9.242565,10.4596231,80.2978117
"030","2pm",13.596283,18.340243,68.0634736
"031","2pm",19.104739,23.7850207,57.1102398
"032","2pm",24.481595,20.8425308,54.6758747
"033","2pm",9.700512,10.9339113,79.3655771
"034","2pm",2.645472,10.0512959,87.3032323
"035","2pm",9.155481,12.1335809,78.710938
"036","2pm",17.38096,20.3685876,62.2504527
"037","2pm",17.591496,20.2141692,62.1943347
"038","2pm",7.806493,86.9181555,5.2753512
"039","2pm",25.040007,13.240084,61.7199085
"041","2pm",94.175506,2.8602129,2.9642807
"042","2pm",98.417973,1.2359726,0.3460546
"043","2pm",95.680507,1.5905405,2.7289521
"044","2pm",92.054673,2.9268246,5.0185021
"045","2pm",87.500329,8.3183598,4.1813113
"046","2pm",91.703715,2.4342671,5.8620177
"047","2pm",94.557433,1.0496368,4.3929298
"048","2pm",94.81456,2.9282155,2.2572244
"049","2pm",89.627323,8.2880065,2.0846703
"050","2pm",36.062284,61.1647572,2.7729591
"051","2pm",12.995115,85.0272188,1.977666
"052","2pm",96.882689,1.487349,1.6299623
"053","2pm",92.677503,6.2281676,1.0943291
"054","2pm",95.028525,3.2706752,1.7007996
"055","2pm",96.635686,1.3778441,1.9864702
"056","2pm",37.946018,59.7505755,2.3034063
"057","2pm",93.247805,5.3886487,1.3635467
"058","2pm",94.922683,4.6943268,0.3829899
"059","2pm",96.321357,2.3061166,1.3725266
"060","2pm",91.771057,6.5903693,1.6385739
"061","2pm",97.518016,0.7334843,1.7485001
"062","2pm",37.283638,61.7526147,0.9637473
"063","2pm",93.408014,3.7933918,2.7985946
"064","2pm",91.069641,3.8714301,5.0589289
"065","2pm",98.573153,0,1.4268466
"066","2pm",96.873506,1.5646057,1.5618884
"067","2pm",89.918917,8.8632544,1.2178281
"068","2pm",94.084162,2.0780598,3.8377778
"001","3pm",92.261603,3.8981344,3.8402624
"002","3pm",88.569951,4.6714605,6.7585883
"003","3pm",96.991535,1.1046597,1.9038058
"004","3pm",94.783885,5.2161148,0
"005","3pm",88.60662,6.2930104,5.10037
"006","3pm",17.241485,75.4753431,7.283172
"007","3pm",74.672398,15.5374141,9.7901881
"008","3pm",15.299864,76.654177,8.0459592
"009","3pm",21.652896,66.3823024,11.9648018
"010","3pm",20.473366,72.1212259,7.4054085
"011","3pm",15.892354,57.7237409,26.3839055
"012","3pm",16.263918,75.2179955,8.5180869
"013","3pm",13.391723,80.8156242,5.7926524
"014","3pm",13.223022,77.6423249,9.1346527
"015","3pm",4.635053,6.5754629,88.789484
"016","3pm",7.825593,5.9287364,86.2456707
"017","3pm",12.944026,17.4112379,69.6447357
"018","3pm",10.560346,9.6319623,79.8076917
"019","3pm",18.006713,61.5728331,20.4204536
"020","3pm",10.222703,73.6014951,16.1758018
"021","3pm",8.41334,83.867166,7.7194943
"022","3pm",0.410864,16.2929577,83.2961783
"023","3pm",14.684517,76.5375351,8.7779478
"024","3pm",9.011103,12.0662707,78.922626
"025","3pm",15.373467,13.3132411,71.3132923
"026","3pm",8.254734,14.7985199,76.9467465
"027","3pm",5.458721,7.409506,87.1317733
"028","3pm",17.398837,14.0768662,68.5242967
"029","3pm",9.014596,10.9712358,80.0141678
"030","3pm",15.542469,18.0076998,66.4498315
"031","3pm",18.187474,23.4602821,58.3522443
"032","3pm",25.208307,22.2972104,52.4944827
"033","3pm",6.514745,11.4105722,82.0746827
"034","3pm",2.622856,9.5033986,87.873745
"035","3pm",8.37881,13.0873512,78.5338384
"036","3pm",18.984268,16.9715863,64.0441461
"037","3pm",15.744519,20.5583123,63.6971686
"038","3pm",11.292877,82.3803403,6.3267828
"039","3pm",24.900138,10.4957445,64.6041179
"041","3pm",94.628569,2.8124941,2.5589374
"042","3pm",98.606684,0,1.393316
"043","3pm",95.930687,1.4984182,2.5708944
"044","3pm",91.978082,3.5722768,4.4496416
"045","3pm",90.782134,8.3943675,0.8234983
"046","3pm",91.432946,2.086497,6.4805571
"047","3pm",94.519405,1.0569709,4.4236246
"048","3pm",99.364453,0.6355473,0
"049","3pm",90.508996,6.3959574,3.0950468
"050","3pm",34.031006,62.8660054,3.1029885
"051","3pm",15.642014,81.9505629,2.4074233
"052","3pm",97.538669,0.8091984,1.6521322
"053","3pm",93.494686,5.4421527,1.0631611
"054","3pm",90.205556,8.3219007,1.4725432
"055","3pm",97.883442,0.9025418,1.2140159
"056","3pm",34.935833,63.2218608,1.8423065
"057","3pm",94.264106,4.3594306,1.376463
"058","3pm",92.882283,6.7539097,0.3638078
"059","3pm",96.34304,2.2925236,1.3644364
"060","3pm",90.938042,4.8137385,4.2482192
"061","3pm",96.928228,0.7464719,2.3252999
"062","3pm",34.420871,64.928024,0.6511051
"063","3pm",93.971766,3.4689779,2.5592566
"064","3pm",92.724965,5.0541769,2.2208581
"065","3pm",100,0,0
"066","3pm",97.662926,1.4390511,0.8980232
"067","3pm",89.969307,8.8189518,1.2117409
"068","3pm",96.30321,2.48791,1.2088804
"001","4pm",96.783988,1.755104,1.4609076
"002","4pm",89.857991,5.5671744,4.5748348
"003","4pm",94.981312,1.5766596,3.4420289
"004","4pm",94.701094,4.6414964,0.6574093
"005","4pm",93.293402,3.4832901,3.2233077
"006","4pm",16.010722,78.9882358,5.0010427
"007","4pm",78.163722,13.2448678,8.5914098
"008","4pm",12.804843,78.683529,8.5116283
"009","4pm",17.418693,72.0768932,10.5044137
"010","4pm",19.10886,76.7653098,4.1258302
"011","4pm",12.922397,60.4834598,26.5941428
"012","4pm",11.086386,83.2421083,5.6715054
"013","4pm",10.001444,84.1605699,5.837986
"014","4pm",7.781988,82.6396734,9.5783386
"015","4pm",4.350715,4.7456409,90.9036445
"016","4pm",7.278981,4.3858286,88.3351901
"017","4pm",11.952307,16.5025068,71.5451861
"018","4pm",7.20393,10.3871221,82.408948
"019","4pm",15.150769,65.5469515,19.3022793
"020","4pm",7.823621,78.6355754,13.540804
"021","4pm",7.954491,85.4049842,6.6405248
"022","4pm",1.5157,17.2695018,81.2147979
"023","4pm",8.475015,84.5567409,6.968244
"024","4pm",7.045576,11.3331794,81.6212445
"025","4pm",12.455999,11.8009596,75.7430419
"026","4pm",8.166421,7.9242572,83.9093222
"027","4pm",3.992135,5.987932,90.0199328
"028","4pm",18.765169,12.4204269,68.8144044
"029","4pm",8.237179,6.0781813,85.6846401
"030","4pm",11.097753,14.0553431,74.8469034
"031","4pm",15.724325,20.1557077,64.1199669
"032","4pm",23.200217,18.3662237,58.4335589
"033","4pm",6.351136,10.4056329,83.2432306
"034","4pm",1.020694,5.8284643,93.1508419
"035","4pm",9.212633,11.4346378,79.352729
"036","4pm",12.875769,18.0765414,69.04769
"037","4pm",16.859091,18.5214666,64.6194422
"038","4pm",8.059986,83.8710884,8.0689254
"039","4pm",21.861629,11.5056801,66.6326912
"041","4pm",95.415984,2.8809165,1.7030992
"042","4pm",97.469097,1.1765785,1.3543243
"043","4pm",94.376158,1.4897033,4.1341392
"044","4pm",93.863464,2.9185719,3.2179637
"045","4pm",89.017415,7.665247,3.3173376
"046","4pm",87.181053,7.6897634,5.1291836
"047","4pm",93.271918,2.7815136,3.9465682
"048","4pm",99.429495,0.5705053,0
"049","4pm",94.357753,4.9067057,0.7355412
"050","4pm",30.731675,66.3545943,2.9137302
"051","4pm",13.431028,84.9008362,1.6681359
"052","4pm",97.726108,0.8107012,1.463191
"053","4pm",94.046332,4.9019832,1.0516851
"054","4pm",93.071541,6.5366162,0.3918428
"055","4pm",98.156136,0.6517433,1.1921206
"056","4pm",25.464166,70.50908,4.0267545
"057","4pm",94.970664,3.6350937,1.3942419
"058","4pm",93.697022,5.9447845,0.3581935
"059","4pm",96.403137,2.2548492,1.3420139
"060","4pm",90.371915,5.7145815,3.9135036
"061","4pm",97.902545,0.7229937,1.3744615
"062","4pm",31.856993,67.4817451,0.6612619
"063","4pm",96.500558,1.9584296,1.5410124
"064","4pm",94.63801,3.1198094,2.2421806
"065","4pm",100,0,0
"066","4pm",98.009131,1.3736353,0.6172339
"067","4pm",93.182441,5.679753,1.1378058
"068","4pm",95.218098,3.6107353,1.1711664
"001","5pm",97.957959,1.1431968,0.8988445
"002","5pm",94.10409,3.5167194,2.379191
"003","5pm",94.112679,2.9700913,2.9172294
"004","5pm",94.8428,3.8794799,1.2777203
"005","5pm",97.435247,1.4967782,1.0679751
"006","5pm",10.410693,85.8164178,3.7728888
"007","5pm",82.132364,10.7743553,7.0932808
"008","5pm",6.297117,88.9218587,4.7810248
"009","5pm",11.429183,77.3160976,11.2547191
"010","5pm",9.862643,84.9853639,5.1519927
"011","5pm",6.297951,71.6006637,22.1013851
"012","5pm",6.842744,90.8180451,2.3392113
"013","5pm",7.582783,87.0580101,5.3592069
"014","5pm",5.623399,89.2052204,5.1713807
"015","5pm",1.615775,8.9718255,89.4124
"016","5pm",6.777129,4.4866772,88.7361935
"017","5pm",11.81182,7.7161299,80.4720497
"018","5pm",6.194433,4.9118149,88.8937518
"019","5pm",8.827107,76.0183935,15.1544996
"020","5pm",2.879612,89.4854201,7.6349683
"021","5pm",4.489913,92.0508701,3.4592172
"022","5pm",1.108424,12.7508283,86.1407481
"023","5pm",1.46243,93.3135649,5.2240051
"024","5pm",7.890864,6.4140309,85.695105
"025","5pm",11.218785,4.6831412,84.0980742
"026","5pm",1.032332,6.0072741,92.960394
"027","5pm",1.479316,2.2275633,96.2931209
"028","5pm",11.617649,8.4258181,79.9565328
"029","5pm",5.793271,1.7502694,92.4564597
"030","5pm",4.031245,8.567494,87.4012608
"031","5pm",10.494612,17.6400249,71.8653631
"032","5pm",17.228498,10.416328,72.3551744
"033","5pm",3.817235,7.3044598,88.8783048
"034","5pm",0,3.0004855,96.9995145
"035","5pm",6.460669,6.9276834,86.6116474
"036","5pm",10.245476,10.2190902,79.5354335
"037","5pm",13.642979,14.5404613,71.8165601
"038","5pm",7.257483,92.7425167,0
"039","5pm",10.156359,7.2345099,82.6091308
"041","5pm",97.497568,1.8815539,0.6208778
"042","5pm",99.165309,0.5650802,0.269611
"043","5pm",96.646047,1.9676484,1.3863047
"044","5pm",95.017654,1.2777292,3.7046163
"045","5pm",95.544541,1.3240688,3.1313898
"046","5pm",89.443371,5.6429698,4.913659
"047","5pm",97.877848,1.593436,0.5287161
"048","5pm",100,0,0
"049","5pm",92.965824,3.4166456,3.6175307
"050","5pm",18.449454,79.9784203,1.5721257
"051","5pm",8.471503,89.7808486,1.7476479
"052","5pm",98.624378,0.976231,0.3993911
"053","5pm",96.627063,2.1891787,1.1837581
"054","5pm",96.013818,3.6363975,0.3497843
"055","5pm",98.97844,0.6758087,0.3457518
"056","5pm",26.227085,70.9538062,2.8191083
"057","5pm",95.906558,2.756157,1.3372846
"058","5pm",96.268052,3.3873636,0.344584
"059","5pm",98.581573,1.4184272,0
"060","5pm",94.602356,2.7634892,2.6341545
"061","5pm",99.320915,0.6790845,0
"062","5pm",19.548509,80.0633036,0.3881876
"063","5pm",98.626665,1.3733347,0
"064","5pm",98.988365,0,1.0116352
"065","5pm",100,0,0
"066","5pm",99.578667,0.4213333,0
"067","5pm",94.968684,4.0544298,0.9768863
"068","5pm",95.145667,4.8543333,0
"001","6pm",99.0787927,0.9212073,0
"002","6pm",97.1904807,0.7763434,2.0331759
"003","6pm",95.2773201,2.2726658,2.4500141
"004","6pm",98.4050281,1.5949719,0
"005","6pm",96.8028942,1.958149,1.2389568
"006","6pm",3.6274059,93.7644045,2.6081896
"007","6pm",89.659861,7.7235338,2.6166052
"008","6pm",3.3953195,92.5945135,4.010167
"009","6pm",7.6636509,84.0718938,8.2644553
"010","6pm",6.353827,91.2885758,2.3575972
"011","6pm",2.1633495,83.2800407,14.5566098
"012","6pm",1.2330664,90.8337647,7.9331689
"013","6pm",5.1999494,91.5544428,3.2456078
"014","6pm",1.4331666,95.3158119,3.2510215
"015","6pm",1.4961206,3.2798988,95.2239806
"016","6pm",2.7121136,0.4686818,96.8192046
"017","6pm",11.9849219,9.0715906,78.9434876
"018","6pm",2.343622,3.3088454,94.3475326
"019","6pm",7.02712,83.1456713,9.8272088
"020","6pm",3.5246681,91.0182947,5.4570372
"021","6pm",2.1967828,95.4064344,2.3967828
"022","6pm",0,10.4730458,89.5269542
"023","6pm",2.1676061,96.110926,1.721468
"024","6pm",4.9935536,5.4214638,89.5849826
"025","6pm",6.638533,3.7241134,89.6373536
"026","6pm",0,0,100
"027","6pm",0.9183106,1.0549232,98.0267661
"028","6pm",7.212349,4.3782109,88.4094401
"029","6pm",2.3226129,1.5909687,96.0864183
"030","6pm",5.585838,6.9796224,87.4345397
"031","6pm",4.5772369,11.3852755,84.0374876
"032","6pm",12.214025,10.8015764,76.9843987
"033","6pm",2.6182442,2.0151589,95.3665969
"034","6pm",0,0,100
"035","6pm",3.3550436,7.9541094,88.690847
"036","6pm",11.3866374,3.7267897,84.8865729
"037","6pm",3.834771,9.3652824,86.7999466
"038","6pm",3.3492493,96.6507507,0
"039","6pm",3.8185168,3.6814469,92.5000363
"041","6pm",98.3168637,0.5183984,1.164738
"042","6pm",99.2850836,0.4782745,0.2366419
"043","6pm",96.8517616,1.8469627,1.3012757
"044","6pm",96.8648218,0.9850718,2.1501064
"045","6pm",93.7068305,1.2155585,5.077611
"046","6pm",97.6548412,1.2015377,1.1436211
"047","6pm",99.278573,0.721427,0
"048","6pm",100,0,0
"049","6pm",95.2404201,1.9325166,2.8270633
"050","6pm",13.0598162,85.4406487,1.499535
"051","6pm",3.2078713,95.6928253,1.0993034
"052","6pm",97.4820968,1.5234385,0.9944647
"053","6pm",98.2349763,0.9722439,0.7927798
"054","6pm",96.1959044,3.4746168,0.3294788
"055","6pm",100,0,0
"056","6pm",15.4802907,83.7890505,0.7306587
"057","6pm",98.7452872,1.2547128,0
"058","6pm",96.8511971,2.8571336,0.2916692
"059","6pm",100,0,0
"060","6pm",97.9169279,0.5028194,1.5802527
"061","6pm",100,0,0
"062","6pm",11.9718515,88.0281485,0
"063","6pm",98.7409922,1.2590078,0
"064","6pm",100,0,0
"065","6pm",100,0,0
"066","6pm",99.6016776,0.3983224,0
