"district","hour","cleduc1","cleduc2","cleduc3","cleduc4"
"001","4am",11.373426,26.43621,33.23309,28.957275
"002","4am",1.248178,38.02631,25.63384,35.091675
"003","4am",9.091934,41.51785,21.38116,28.00906
"004","4am",4.279927,43.6079,23.42696,28.685217
"005","4am",14.467193,59.39332,17.13804,9.001449
"006","4am",10.835724,51.19721,27.32161,10.645462
"007","4am",7.762709,71.24311,16.73139,4.262791
"008","4am",12.596854,50.06579,24.58702,12.750344
"009","4am",3.018975,43.51185,32.03105,21.438125
"010","4am",6.493844,49.00648,28.05791,16.441764
"011","4am",9.676156,59.44963,17.96558,12.908635
"012","4am",6.509822,65.43134,18.5503,9.508538
"013","4am",14.503379,53.54176,20.48408,11.470774
"014","4am",15.03439,57.43057,23.11202,4.423025
"015","4am",13.690087,65.86347,13.42718,7.019259
"016","4am",26.584657,49.2925,12.10418,12.018664
"017","4am",6.964291,67.59948,19.64485,5.791377
"018","4am",10.087786,57.21062,25.57113,7.130467
"019","4am",8.217769,33.95943,33.59824,24.22457
"020","4am",3.41541,60.02353,21.48533,15.075724
"021","4am",16.829016,63.19758,16.89999,3.07341
"022","4am",17.580243,46.46479,24.06075,11.894217
"023","4am",10.594242,69.14073,12.99455,7.270483
"024","4am",14.396419,56.55977,22.89034,6.153474
"025","4am",6.686264,67.70171,24.54698,1.065047
"026","4am",17.845417,45.63741,29.57459,6.942584
"027","4am",12.921653,51.05711,22.49103,13.5302
"028","4am",5.294845,54.12802,22.93156,17.645578
"029","4am",14.648212,47.33272,26.83819,11.18088
"030","4am",20.323775,36.68063,32.66479,10.330798
"031","4am",10.01732,53.0809,29.7862,7.115585
"032","4am",10.256852,57.08271,19.55872,13.101717
"033","4am",11.265285,53.82372,24.96653,9.944458
"034","4am",7.904453,47.06483,26.74567,18.285047
"035","4am",11.754117,53.54635,19.65143,15.048105
"036","4am",15.081506,54.91493,23.17606,6.8275
"037","4am",24.635128,45.59929,21.22872,8.536854
"038","4am",9.133294,56.02442,25.72295,9.119334
"039","4am",17.055375,38.24774,36.27775,8.419131
"040","4am",24.605462,48.17534,26.15838,1.060819
"041","4am",11.671376,31.54524,37.07537,19.708005
"001","5am",11.258804,27.17759,32.89816,28.665442
"002","5am",1.242338,37.15233,26.67785,34.927482
"003","5am",9.054113,42.12892,20.92442,27.892547
"004","5am",4.512135,43.9701,22.412,29.105772
"005","5am",14.713994,59.79185,15.46422,10.029931
"006","5am",11.298604,51.51009,26.48078,10.71052
"007","5am",7.296116,73.19346,15.09157,4.418854
"008","5am",13.18302,50.63758,22.83575,13.343651
"009","5am",2.883885,42.23617,34.40112,20.478828
"010","5am",6.644503,49.38622,27.90329,16.065988
"011","5am",9.589925,60.8561,16.76038,12.793597
"012","5am",6.182504,65.49341,19.29364,9.030442
"013","5am",12.945918,53.43897,21.70304,11.912077
"014","5am",15.455296,56.54591,23.45194,4.546853
"015","5am",13.984547,66.01096,12.93989,7.0646
"016","5am",29.01411,48.73202,11.36133,10.89254
"017","5am",6.849325,67.61184,19.84306,5.695773
"018","5am",9.007527,55.38147,29.24411,6.366895
"019","5am",8.390836,32.56861,34.30581,24.73474
"020","5am",3.485979,59.19754,21.92926,15.387217
"021","5am",16.913814,63.01214,16.98515,3.088896
"022","5am",17.570006,46.49596,24.04674,11.88729
"023","5am",11.150192,68.1386,13.67645,7.034754
"024","5am",14.866911,56.31083,23.63842,5.183837
"025","5am",6.992007,69.62477,22.26947,1.113748
"026","5am",18.302344,46.28006,28.29724,7.120347
"027","5am",13.345823,49.4505,23.22933,13.974346
"028","5am",5.552375,52.77028,23.17352,18.503824
"029","5am",13.953429,48.75726,26.63875,10.650557
"030","5am",21.4817,34.54252,33.79112,10.184667
"031","5am",9.826243,53.14321,30.05069,6.979857
"032","5am",10.161925,55.7684,21.08922,12.980461
"033","5am",11.450193,53.06579,25.37633,10.107686
"034","5am",8.03053,47.81551,25.57726,18.576694
"035","5am",11.500707,54.44611,17.68,16.373179
"036","5am",15.488476,55.98453,21.67273,6.854267
"037","5am",24.66008,45.5442,21.25022,8.5455
"038","5am",9.681931,56.19759,24.45335,9.667132
"039","5am",17.438401,40.31481,34.37725,7.869543
"040","5am",25.612318,48.36655,24.62655,1.394578
"041","5am",11.870928,31.50747,35.91721,20.70439
"001","6am",10.399486,30.47159,32.28608,26.842848
"002","6am",1.305317,39.18217,24.56215,34.950359
"003","6am",8.693313,45.25094,20.80077,25.254983
"004","6am",4.638366,44.02322,20.67363,30.664786
"005","6am",14.801554,58.11339,15.26388,11.821182
"006","6am",12.296166,50.63473,27.24146,9.827645
"007","6am",6.770721,73.04699,15.61126,4.571022
"008","6am",13.096035,53.51271,20.07263,13.318622
"009","6am",2.926331,42.80917,34.37131,19.89319
"010","6am",6.841289,49.59266,27.95003,15.616018
"011","6am",9.951668,58.34537,18.42678,13.276186
"012","6am",6.282249,65.64818,19.56455,8.50502
"013","6am",13.795175,53.14908,22.08017,10.975575
"014","6am",16.171423,57.736,21.33504,4.757533
"015","6am",14.731238,67.14231,12.3178,5.808654
"016","6am",28.644013,48.05232,12.84726,10.456407
"017","6am",7.1206,68.38874,19.12991,5.360758
"018","6am",9.055674,56.09315,29.27329,5.57789
"019","6am",8.264827,34.24379,33.79063,23.700757
"020","6am",3.556525,60.96012,21.89276,13.590603
"021","6am",17.786559,62.07157,17.67662,2.46525
"022","6am",18.211477,46.77954,22.33446,12.674528
"023","6am",10.820892,64.93936,14.35912,9.880622
"024","6am",15.827512,55.32787,23.32583,5.518783
"025","6am",7.499279,69.92791,21.37827,1.194551
"026","6am",19.122034,44.84166,28.59706,7.439239
"027","6am",14.920748,50.06,21.93251,13.086745
"028","6am",5.997633,50.36823,26.06484,17.569301
"029","6am",14.343947,48.41432,26.2931,10.948637
"030","6am",20.727391,34.56381,34.88175,9.827042
"031","6am",11.657706,50.76651,30.40155,7.174234
"032","6am",8.461998,57.00216,21.37777,13.158067
"033","6am",11.729514,51.78639,25.27954,11.204555
"034","6am",6.077908,46.90875,26.59158,20.421763
"035","6am",11.042516,55.80153,16.49147,16.664488
"036","6am",16.303572,55.81548,22.08107,5.799879
"037","6am",23.826072,45.61461,20.14794,10.411374
"038","6am",9.991719,54.8347,25.19713,9.976446
"039","6am",16.575507,41.17341,35.09358,7.157501
"040","6am",25.20535,48.91987,24.39182,1.482962
"041","6am",12.765497,33.61171,32.96849,20.654303
"001","7am",9.296944,34.25725,29.60668,26.839126
"002","7am",2.195144,50.5388,22.05701,25.209042
"003","7am",9.093039,53.60702,19.42744,17.872503
"004","7am",4.766936,47.93436,19.51231,27.786392
"005","7am",14.4523,53.95321,21.96886,9.625635
"006","7am",14.244896,53.194,28.71504,3.846063
"007","7am",6.453739,70.01245,14.26996,9.263852
"008","7am",15.750682,53.77755,17.19637,13.275399
"009","7am",3.897339,45.30194,34.79773,16.002991
"010","7am",6.65489,48.52493,28.80963,16.010544
"011","7am",10.27499,56.17481,19.98491,13.565287
"012","7am",7.862755,65.60166,18.06057,8.47502
"013","7am",13.887028,49.28119,28.74542,8.086367
"014","7am",16.671236,62.40229,18.11268,2.813802
"015","7am",13.034406,67.18753,13.87728,5.900776
"016","7am",31.953346,47.58616,12.91048,7.550019
"017","7am",7.308527,69.45396,17.80463,5.432877
"018","7am",9.732147,54.56502,29.53594,6.166898
"019","7am",10.595731,42.56453,29.03778,17.801967
"020","7am",3.250592,62.39114,21.75908,12.599186
"021","7am",15.416777,61.65852,18.34163,4.583079
"022","7am",17.964838,50.91761,20.18388,10.933675
"023","7am",12.774101,63.20476,13.0216,10.999534
"024","7am",16.947061,57.54848,20.08404,5.420418
"025","7am",7.749785,72.70697,18.30879,1.234454
"026","7am",21.216356,49.39387,22.78879,6.600984
"027","7am",16.473481,51.15537,20.67562,11.695523
"028","7am",7.180192,52.13995,28.39211,12.287749
"029","7am",14.461141,47.94596,26.26751,11.325395
"030","7am",22.258402,38.75765,31.05227,7.931668
"031","7am",10.824813,54.59311,28.74664,5.83543
"032","7am",11.170803,54.6775,19.46411,14.687579
"033","7am",14.0364,50.79345,25.41763,9.752512
"034","7am",6.394088,50.56022,24.29988,18.745808
"035","7am",12.189523,54.34714,17.13945,16.323889
"036","7am",17.316758,54.09562,22.17639,6.411233
"037","7am",24.424699,48.8405,18.6532,8.081604
"038","7am",13.177221,57.1687,23.8332,5.820883
"039","7am",17.20191,40.2786,34.38913,8.130356
"040","7am",24.972536,49.39939,22.912,2.716074
"041","7am",13.590101,34.59406,31.98869,19.827146
"001","8am",7.585026,34.81157,33.59125,24.012151
"002","8am",2.095032,50.70133,26.66757,20.536068
"003","8am",8.930897,63.96745,16.72307,10.378586
"004","8am",4.254237,48.57876,22.15252,25.014485
"005","8am",12.812932,50.98469,22.55223,13.650148
"006","8am",12.477007,51.938,29.43101,6.153981
"007","8am",7.390074,66.06482,15.10426,11.440848
"008","8am",17.326053,53.96928,15.49663,13.208029
"009","8am",4.30086,47.78002,29.53834,18.380777
"010","8am",6.812345,50.80857,32.43668,9.942403
"011","8am",9.243031,51.985,20.05109,18.720883
"012","8am",8.537644,64.68695,19.98031,6.795095
"013","8am",14.701076,48.53107,27.1987,9.569147
"014","8am",18.476877,59.9165,17.72092,3.885707
"015","8am",12.625129,64.54708,16.13865,6.689147
"016","8am",30.408823,46.1819,13.00321,10.406059
"017","8am",7.706379,68.33343,18.46532,5.494866
"018","8am",9.746894,54.89913,28.75253,6.601445
"019","8am",12.472038,50.7718,26.48393,10.272235
"020","8am",4.871858,66.74851,23.40003,4.979594
"021","8am",13.719683,59.72198,19.02027,7.538068
"022","8am",19.239151,50.76878,21.53893,8.453134
"023","8am",11.211583,64.73992,11.07665,12.971843
"024","8am",16.405916,59.04304,17.18421,7.366833
"025","8am",8.074605,74.403,16.14631,1.376088
"026","8am",21.953615,50.95268,19.49333,7.600377
"027","8am",18.770695,53.76784,16.29082,11.17064
"028","8am",8.034309,59.5027,25.41202,7.050965
"029","8am",12.751361,45.93631,28.40827,12.90406
"030","8am",24.638622,37.96533,32.06728,5.328769
"031","8am",11.097529,53.00597,30.39313,5.50337
"032","8am",9.23282,53.96303,20.58041,16.223736
"033","8am",16.144332,55.90237,23.0287,4.924596
"034","8am",9.280261,51.20562,25.71575,13.798372
"035","8am",13.21481,56.07702,17.86161,12.846564
"036","8am",17.747931,53.34951,23.63235,5.270205
"037","8am",20.926435,50.6181,19.82469,8.630781
"038","8am",13.698215,52.87709,26.2239,7.2008
"039","8am",17.477106,43.01471,30.48933,9.018858
"040","8am",25.308052,49.38637,20.57711,4.728475
"041","8am",14.972664,44.14877,26.71463,14.163934
"001","9am",7.292573,36.69982,33.55545,22.452162
"002","9am",1.976708,51.13202,25.80232,21.088946
"003","9am",8.707531,65.44695,17.44709,8.398428
"004","9am",5.986986,43.55697,25.47707,24.97897
"005","9am",12.890941,51.86976,21.01735,14.221952
"006","9am",14.976112,51.81288,26.88329,6.327717
"007","9am",7.366737,64.86026,16.62932,11.143678
"008","9am",17.091565,54.87164,14.65364,13.383154
"009","9am",4.515204,50.34142,28.70518,16.4382
"010","9am",6.603329,51.19603,31.74878,10.451853
"011","9am",8.179055,53.86331,22.12966,15.827973
"012","9am",8.791167,65.53777,18.67419,6.996873
"013","9am",14.056494,49.2049,28.94323,7.795369
"014","9am",13.969462,62.6607,17.94849,5.421352
"015","9am",13.576771,63.6059,16.37917,6.438163
"016","9am",29.471766,47.11014,11.70337,11.714729
"017","9am",8.103407,67.42076,18.36053,6.115305
"018","9am",9.292156,58.01076,27.0705,5.626585
"019","9am",11.744118,52.30291,24.29001,11.662958
"020","9am",4.776084,64.00399,25.54368,5.676243
"021","9am",12.60038,61.54317,19.11865,6.7378
"022","9am",19.816507,54.35552,20.67493,5.153044
"023","9am",10.760981,59.25145,15.41168,14.575885
"024","9am",16.419153,59.20412,17.12481,7.251921
"025","9am",7.380178,73.61924,16.84839,2.152183
"026","9am",22.871346,49.92098,19.9169,7.290776
"027","9am",17.181081,59.14072,12.90043,10.777769
"028","9am",8.552903,56.6133,26.27317,8.560628
"029","9am",12.234075,50.31838,28.31594,9.131603
"030","9am",24.009034,37.06226,31.94929,6.979412
"031","9am",10.756127,54.01424,29.72644,5.503198
"032","9am",8.699883,55.53485,20.05064,15.714622
"033","9am",17.28898,55.59869,22.85462,4.257708
"034","9am",12.893493,49.82891,26.82684,10.45076
"035","9am",14.498681,56.24494,14.38567,14.870703
"036","9am",18.791212,52.13601,23.49277,5.580004
"037","9am",21.513183,51.57364,19.59343,7.319743
"038","9am",14.265931,51.2849,26.94993,7.499234
"039","9am",18.221441,42.34909,29.53955,9.889919
"040","9am",26.074926,47.95776,21.23858,4.728739
"041","9am",13.631776,43.91346,26.84179,15.612975
"001","10am",7.228592,36.76925,33.48976,22.512398
"002","10am",2.789664,51.88953,24.6421,20.678701
"003","10am",9.416682,61.603,20.19985,8.780466
"004","10am",3.467518,45.44965,25.32712,25.755706
"005","10am",13.745746,51.66711,21.92436,12.662784
"006","10am",17.331248,50.66865,26.42357,5.576529
"007","10am",6.95114,60.32054,19.4827,13.245624
"008","10am",18.084959,54.08788,15.48693,12.340235
"009","10am",4.622173,48.95227,30.23911,16.186447
"010","10am",7.998332,48.37346,33.08738,10.540832
"011","10am",6.243633,55.04821,20.67219,18.035972
"012","10am",8.630713,65.4419,19.15139,6.776
"013","10am",14.593743,47.69808,29.72251,7.985673
"014","10am",14.601879,66.84839,12.50702,6.042704
"015","10am",13.019609,62.81306,17.96725,6.200078
"016","10am",27.675648,46.57196,14.71651,11.035881
"017","10am",8.226357,69.18968,17.63273,4.951226
"018","10am",9.883356,58.21137,25.68884,6.216432
"019","10am",12.493618,49.33605,26.38023,11.790102
"020","10am",4.562885,67.54568,22.46857,5.422862
"021","10am",12.227844,61.91576,18.65641,7.199993
"022","10am",20.128113,51.59362,22.43408,5.844186
"023","10am",14.504553,56.63392,13.77611,15.085415
"024","10am",18.056876,61.09574,15.04498,5.802405
"025","10am",7.090697,74.36509,16.35677,2.18744
"026","10am",21.369799,51.82538,19.67342,7.131397
"027","10am",15.847024,60.46746,13.65686,10.028663
"028","10am",7.866722,58.41656,25.14019,8.576528
"029","10am",10.86747,50.70104,28.29172,10.139778
"030","10am",23.038262,38.65145,30.67988,7.630414
"031","10am",10.927687,53.96444,29.80203,5.305847
"032","10am",9.012655,56.3469,18.45991,16.180532
"033","10am",18.01563,56.46203,21.08568,4.436658
"034","10am",12.133828,49.63164,25.6593,12.575237
"035","10am",14.660589,58.40497,13.24395,13.69049
"036","10am",18.488173,51.04754,24.09204,6.37225
"037","10am",23.516492,51.02122,17.68516,7.777126
"038","10am",12.855019,54.44413,25.51124,7.189616
"039","10am",18.639791,41.51479,31.60715,8.238267
"040","10am",25.273716,48.68767,21.92263,4.115988
"041","10am",13.378051,45.51219,24.73251,16.377243
"001","11am",6.57357,37.98332,30.12514,25.3179717
"002","11am",4.465919,51.76781,26.5487,17.2175774
"003","11am",11.365348,61.32265,15.40759,11.9044102
"004","11am",5.476263,44.65793,25.26715,24.5986535
"005","11am",13.447324,49.75701,24.94659,11.8490779
"006","11am",13.917607,50.80649,28.11587,7.1600379
"007","11am",7.089498,64.1249,17.46807,11.3175256
"008","11am",16.733058,53.39423,17.19244,12.6802729
"009","11am",4.354873,48.23655,30.40531,17.0032618
"010","11am",7.386453,48.8193,34.62175,9.1725013
"011","11am",7.600837,53.70464,18.45212,20.2424003
"012","11am",7.493488,66.63264,18.32198,7.5518951
"013","11am",12.165692,46.45928,31.99562,9.3794016
"014","11am",18.985528,66.49615,10.20413,4.3141922
"015","11am",15.901053,63.81511,15.84793,4.4359094
"016","11am",28.483074,48.30462,12.15748,11.054829
"017","11am",8.558531,70.381,17.27821,3.7822614
"018","11am",8.5249,58.85503,26.13574,6.4843301
"019","11am",12.785842,45.95527,27.16402,14.0948675
"020","11am",4.479422,65.45961,24.7373,5.3236686
"021","11am",13.756783,59.40865,18.99116,7.8434047
"022","11am",18.82781,52.89357,22.38893,5.8896956
"023","11am",12.848902,58.82272,14.85333,13.4750509
"024","11am",18.703697,59.46736,16.60804,5.220907
"025","11am",7.094544,74.95516,17.1337,0.8166001
"026","11am",20.833624,51.00458,20.23289,7.9289088
"027","11am",16.730403,55.81515,17.57963,9.8748226
"028","11am",8.12289,60.46046,25.95885,5.457801
"029","11am",14.382215,49.30677,28.0103,8.3007137
"030","11am",23.926203,40.08095,27.85884,8.1340015
"031","11am",10.379893,54.23502,28.35679,7.0283008
"032","11am",11.203343,54.94981,19.56123,14.2856153
"033","11am",15.772927,59.39635,20.72263,4.1080949
"034","11am",11.088982,51.69581,23.71188,13.5033326
"035","11am",14.314446,59.98267,14.77723,10.9256612
"036","11am",18.663441,56.03279,19.679,5.6247684
"037","11am",22.826453,47.11772,20.03069,10.0251357
"038","11am",12.637185,57.51528,22.77975,7.067785
"039","11am",18.798369,40.42012,34.69765,6.0838585
"040","11am",26.591348,49.19851,19.97403,4.2361161
"041","11am",14.342164,45.68524,24.39859,15.5740057
"001","12am",7.4876,38.28468,30.63833,23.58939
"002","12am",1.732676,50.43123,31.27953,16.556559
"003","12am",12.13872,62.32943,14.15039,11.381463
"004","12am",5.233622,44.28,24.22148,26.264895
"005","12am",12.856336,48.76727,23.45935,14.917043
"006","12am",16.25831,48.04695,29.52252,6.172223
"007","12am",7.243741,66.69023,18.15128,7.914749
"008","12am",16.002126,52.88182,18.86934,12.246708
"009","12am",4.701201,47.27989,30.52115,17.497768
"010","12am",7.217942,52.7199,29.68861,10.373544
"011","12am",7.647107,53.71123,23.20602,15.435649
"012","12am",7.305337,66.57506,18.88119,7.238412
"013","12am",12.461184,46.87555,29.13356,11.529704
"014","12am",17.698676,64.8306,14.88594,2.584783
"015","12am",13.956959,65.52881,14.65173,5.862502
"016","12am",29.568266,49.09224,11.43403,9.905468
"017","12am",7.913071,68.17164,15.96347,7.951821
"018","12am",9.420183,59.04182,26.09556,5.442443
"019","12am",11.874793,44.27561,28.33698,15.512618
"020","12am",4.515667,64.91324,24.16559,6.405506
"021","12am",13.203837,61.35719,18.92661,6.512364
"022","12am",16.990101,49.00798,24.2934,9.708524
"023","12am",12.829172,61.40527,12.17619,13.589368
"024","12am",19.227141,59.57221,15.88575,5.314901
"025","12am",7.691476,72.02286,18.23348,2.052186
"026","12am",22.234568,48.19659,21.40852,8.160318
"027","12am",17.400747,53.13334,18.44466,11.02126
"028","12am",9.603476,56.25835,25.73924,8.398939
"029","12am",14.250411,49.19261,27.46286,9.094126
"030","12am",22.563114,36.42071,33.15617,7.860006
"031","12am",10.296673,53.10282,30.02092,6.579591
"032","12am",9.717975,52.96767,24.10956,13.204798
"033","12am",15.731842,57.54293,21.92646,4.798772
"034","12am",10.614284,50.47773,25.98271,12.925282
"035","12am",13.859245,60.08327,14.37491,11.682578
"036","12am",15.962971,57.93001,18.34109,7.765929
"037","12am",23.772943,49.31907,19.781,7.126992
"038","12am",12.838301,57.58384,22.8291,6.748766
"039","12am",18.334647,42.89805,30.99487,7.772435
"040","12am",28.732411,45.77706,22.75991,2.730618
"041","12am",16.63053,45.28762,22.72227,15.359584
"001","1pm",6.987443,37.56663,31.36485,24.08108
"002","1pm",1.551163,51.36783,27.41387,19.667131
"003","1pm",11.340485,62.99163,14.31775,11.350134
"004","1pm",5.333486,51.09801,22.60509,20.963405
"005","1pm",12.866207,50.05868,23.79794,13.277176
"006","1pm",15.674946,50.33619,27.46625,6.522612
"007","1pm",8.605904,63.39482,18.96914,9.030127
"008","1pm",17.327977,54.0335,16.64543,11.9931
"009","1pm",4.601893,49.81482,29.83253,15.750754
"010","1pm",7.297429,49.24767,32.4013,11.053604
"011","1pm",6.776344,54.06126,20.03215,19.130251
"012","1pm",7.702941,65.72928,20.00494,6.562839
"013","1pm",12.987329,47.55749,27.6716,11.783581
"014","1pm",17.250034,59.61846,18.94315,4.188351
"015","1pm",12.527902,65.82458,15.22701,6.420507
"016","1pm",29.137675,48.89723,10.39282,11.572277
"017","1pm",8.618939,69.23167,18.35972,3.789666
"018","1pm",10.676796,59.97661,24.2584,5.088193
"019","1pm",12.023404,47.88918,25.12872,14.958688
"020","1pm",4.732229,66.19848,23.44517,5.624123
"021","1pm",13.007645,59.46164,21.41784,6.112878
"022","1pm",15.753863,53.81307,24.06292,6.370145
"023","1pm",12.528598,59.82156,13.76742,13.882423
"024","1pm",19.246988,59.78072,15.89639,5.075898
"025","1pm",8.308357,74.77712,14.78052,2.134008
"026","1pm",21.473934,52.08356,17.95966,8.482843
"027","1pm",16.406029,58.40966,18.9947,6.189618
"028","1pm",9.785386,56.74624,26.31137,7.157005
"029","1pm",15.431717,46.45392,26.66557,11.448787
"030","1pm",20.799029,38.54507,33.66657,6.989329
"031","1pm",10.49458,52.8899,28.93777,7.677752
"032","1pm",10.384671,55.12464,23.05845,11.432235
"033","1pm",17.290446,54.14481,23.29054,5.274201
"034","1pm",9.78934,53.11877,24.57228,12.519603
"035","1pm",12.31533,58.713,18.18253,10.789138
"036","1pm",15.014699,56.23773,21.74202,7.00555
"037","1pm",23.209966,51.76582,20.45102,4.573195
"038","1pm",12.520361,56.01396,24.9128,6.552882
"039","1pm",18.692,41.42519,31.51288,8.36993
"040","1pm",28.368642,44.62751,22.78838,4.215472
"041","1pm",17.416629,44.63279,21.91272,16.037857
"001","2pm",7.054862,43.58863,29.02646,20.330046
"002","2pm",1.444752,46.97629,29.50764,22.071318
"003","2pm",12.239274,57.49809,13.73425,16.528387
"004","2pm",4.821042,51.35905,23.81138,20.00853
"005","2pm",14.153066,49.27679,24.96972,11.60042
"006","2pm",14.280163,49.57516,27.82416,8.320511
"007","2pm",8.463409,58.62725,22.69295,10.216385
"008","2pm",16.084793,54.676,16.00446,13.234747
"009","2pm",5.243517,48.83732,29.49597,16.423195
"010","2pm",7.371029,45.37504,36.74379,10.510142
"011","2pm",6.652165,52.69997,21.9862,18.661667
"012","2pm",7.843777,66.88625,18.58714,6.68283
"013","2pm",13.654887,47.65502,28.49091,10.199184
"014","2pm",17.739827,57.75964,19.96829,4.53224
"015","2pm",11.159303,65.26003,17.43103,6.149645
"016","2pm",26.035075,49.85502,13.46077,10.649134
"017","2pm",8.677015,67.44347,19.06061,4.818903
"018","2pm",10.856519,59.51022,24.16431,5.468949
"019","2pm",13.673688,47.85618,26.0384,12.431729
"020","2pm",3.971105,73.03115,18.83312,4.164624
"021","2pm",13.34095,59.06655,19.55857,8.033931
"022","2pm",20.413059,52.98803,21.14095,5.457962
"023","2pm",12.319445,64.8656,11.85847,10.956485
"024","2pm",20.081594,57.81391,14.97975,7.124746
"025","2pm",6.618902,70.05761,21.10398,2.219512
"026","2pm",21.608731,48.32072,22.15643,7.914128
"027","2pm",16.794263,57.01735,19.8523,6.33609
"028","2pm",8.454726,62.78841,24.67098,4.085885
"029","2pm",14.86981,49.54891,23.83825,11.743024
"030","2pm",20.891186,45.97286,26.75533,6.380632
"031","2pm",9.187742,55.06858,28.03033,7.713347
"032","2pm",10.163742,56.58854,21.90132,11.346398
"033","2pm",17.7373,55.92173,21.21619,5.124779
"034","2pm",12.449782,51.88729,26.14694,9.515986
"035","2pm",13.804256,56.42725,21.67819,8.0903
"036","2pm",16.730864,56.87903,21.76745,4.622649
"037","2pm",23.205495,52.92672,20.38891,3.47887
"038","2pm",12.91693,55.75833,23.10531,8.219435
"039","2pm",19.173848,43.70993,30.03334,7.082878
"040","2pm",27.531464,44.76212,24.11486,3.591553
"041","2pm",16.01656,48.02684,20.49626,15.460342
"001","3pm",6.257225,43.33029,29.39586,21.016625
"002","3pm",1.013674,47.7971,29.55838,21.630839
"003","3pm",12.002018,59.82568,10.93192,17.240378
"004","3pm",7.43123,45.30071,26.56454,20.703522
"005","3pm",10.964011,51.74266,24.2984,12.994931
"006","3pm",13.948637,48.80198,30.92922,6.320161
"007","3pm",7.327948,60.79344,23.245,8.633606
"008","3pm",16.935588,52.72457,16.89098,13.44886
"009","3pm",5.16031,46.94578,31.47996,16.413954
"010","3pm",7.302783,47.42789,34.14794,11.121388
"011","3pm",7.238478,51.04078,24.04268,17.678068
"012","3pm",8.00562,67.07407,17.70318,7.217134
"013","3pm",12.240196,51.84808,28.68684,7.224882
"014","3pm",18.429542,58.14762,18.72083,4.702007
"015","3pm",12.751289,65.39228,12.23855,9.617886
"016","3pm",28.091672,50.86609,10.7235,10.318739
"017","3pm",10.685934,64.04071,19.5171,5.756261
"018","3pm",10.585868,56.69363,26.69764,6.022858
"019","3pm",13.424036,50.18018,25.36873,11.027056
"020","3pm",4.983958,70.45922,18.00044,6.556384
"021","3pm",12.734067,58.75377,20.68633,7.825832
"022","3pm",20.505103,48.37637,25.4199,5.698633
"023","3pm",11.442115,64.67438,11.60681,12.27669
"024","3pm",21.789684,55.53324,15.36778,7.3093
"025","3pm",8.68304,68.51422,20.5815,2.221239
"026","3pm",18.477241,52.15397,23.24565,6.123139
"027","3pm",20.012031,58.60555,15.16318,6.219237
"028","3pm",7.949299,63.64055,23.19614,5.214018
"029","3pm",14.859605,49.75835,24.07657,11.305478
"030","3pm",21.205883,43.27496,29.04241,6.476747
"031","3pm",8.272028,54.528,29.89999,7.29999
"032","3pm",12.576086,54.48605,21.42978,11.508089
"033","3pm",16.807221,55.73953,22.32645,5.1268
"034","3pm",11.221298,53.00556,26.08955,9.683592
"035","3pm",13.007211,55.20837,22.74018,9.044236
"036","3pm",15.036314,55.61092,22.24628,7.106483
"037","3pm",25.566178,50.26424,20.76234,3.407235
"038","3pm",10.538616,53.97874,27.92115,7.561491
"039","3pm",19.439434,43.55622,29.58333,7.421019
"040","3pm",29.824744,44.54673,21.72123,3.907299
"041","3pm",15.145394,49.69596,18.82541,16.333237
"001","4pm",7.097185,42.6232,26.51728,23.762339
"002","4pm",1.033937,44.98966,30.03923,23.937175
"003","4pm",11.298219,52.84927,19.79201,16.060503
"004","4pm",6.209681,44.04889,28.28483,21.456596
"005","4pm",11.046148,59.12396,19.51237,10.317528
"006","4pm",14.888042,50.75278,26.53906,7.820122
"007","4pm",7.58067,62.12182,18.78937,11.508139
"008","4pm",13.190293,54.47682,18.37315,13.959738
"009","4pm",4.905036,45.35546,33.1659,16.5736
"010","4pm",6.844413,47.11266,34.85652,11.186412
"011","4pm",7.105397,55.97132,20.17536,16.747925
"012","4pm",8.837036,68.1631,15.17773,7.822143
"013","4pm",12.576551,51.47218,26.41655,9.534723
"014","4pm",16.187199,58.59207,21.95563,3.265097
"015","4pm",13.956932,68.32579,12.65181,5.06547
"016","4pm",24.975591,51.66614,13.17821,10.180059
"017","4pm",9.663231,60.8535,23.88052,5.602753
"018","4pm",9.373844,58.78284,25.42286,6.420455
"019","4pm",12.694475,51.42156,25.5867,10.297262
"020","4pm",4.608457,71.46207,15.65017,8.279308
"021","4pm",14.422909,59.78752,19.72855,6.061027
"022","4pm",20.00202,53.14793,19.06229,7.787756
"023","4pm",13.064816,62.55815,11.98225,12.39478
"024","4pm",20.727006,54.25155,19.23823,5.783209
"025","4pm",9.83303,66.42324,20.21388,3.52985
"026","4pm",19.46467,51.62926,22.80624,6.09983
"027","4pm",15.139715,57.61645,19.38774,7.856094
"028","4pm",6.855546,59.58204,22.79947,10.762947
"029","4pm",14.101515,51.89789,23.27189,10.728708
"030","4pm",23.404909,40.95884,26.83711,8.799144
"031","4pm",10.288494,55.08826,27.01917,7.604082
"032","4pm",9.488932,56.48772,23.99347,10.029885
"033","4pm",14.241501,54.31221,26.3147,5.131589
"034","4pm",10.911002,54.31188,20.73896,14.038153
"035","4pm",15.345759,49.99243,24.4628,10.199008
"036","4pm",15.461253,54.23701,22.85917,7.44257
"037","4pm",26.293805,47.7944,20.88222,5.029578
"038","4pm",12.156734,58.40906,22.74559,6.688612
"039","4pm",19.044086,42.72537,30.91347,7.317066
"040","4pm",25.825315,45.45486,25.864,2.855823
"041","4pm",14.501476,44.80178,22.63721,18.059527
"001","5pm",8.171804,37.0773,31.304392,23.446502
"002","5pm",1.30581,46.09064,27.867592,24.735955
"003","5pm",11.205629,53.66486,17.919487,17.210024
"004","5pm",4.315364,47.69733,25.722812,22.26449
"005","5pm",12.38991,59.49279,16.09344,12.023861
"006","5pm",11.496352,51.41253,27.41886,9.672257
"007","5pm",7.519393,69.0864,18.341394,5.052811
"008","5pm",15.911795,58.53793,12.448927,13.101352
"009","5pm",4.186396,45.71136,30.907592,19.194653
"010","5pm",7.20861,51.99741,31.899668,8.894313
"011","5pm",7.654001,53.94969,20.716859,17.679453
"012","5pm",7.376586,67.57141,17.107148,7.944856
"013","5pm",9.383302,49.75335,29.415985,11.447367
"014","5pm",18.568086,59.1231,20.009709,2.299107
"015","5pm",14.193474,66.17229,14.533548,5.100686
"016","5pm",27.515742,53.3524,12.447486,6.684376
"017","5pm",9.225786,60.44203,24.345947,5.986235
"018","5pm",9.45085,59.88724,23.154692,7.507215
"019","5pm",10.761443,44.46284,29.480973,15.294749
"020","5pm",3.796283,65.58655,20.513236,10.103933
"021","5pm",14.925459,60.811,19.375603,4.887934
"022","5pm",20.07101,48.608,21.685649,9.635345
"023","5pm",11.279332,69.19943,9.443343,10.077892
"024","5pm",18.326615,55.13641,21.76349,4.773489
"025","5pm",7.705168,66.87578,23.491565,1.927486
"026","5pm",18.570014,50.38836,26.526289,4.515341
"027","5pm",15.300193,55.9992,19.142921,9.557683
"028","5pm",5.871823,56.55414,23.585846,13.988195
"029","5pm",14.214131,52.45554,23.170072,10.160253
"030","5pm",21.753874,38.7198,28.46859,11.057733
"031","5pm",9.872452,51.8044,29.288681,9.034465
"032","5pm",8.187359,60.03824,17.780587,13.993819
"033","5pm",13.977103,57.11541,24.145462,4.762023
"034","5pm",9.37062,50.06123,28.299448,12.268706
"035","5pm",14.311726,50.28631,23.250426,12.151535
"036","5pm",16.038632,55.01485,21.608624,7.337899
"037","5pm",25.431468,49.3909,19.274189,5.903447
"038","5pm",10.901032,56.78751,24.24686,8.064598
"039","5pm",19.384784,38.98841,33.608424,8.018387
"040","5pm",25.16827,43.95927,27.845883,3.026572
"041","5pm",16.171515,36.19637,28.843099,18.789016
"001","6pm",8.173845,33.878,33.652303,24.295847
"002","6pm",1.279548,40.56646,29.017088,29.136902
"003","6pm",8.662019,47.3474,19.729499,24.261085
"004","6pm",5.402805,46.86921,24.952526,22.775462
"005","6pm",11.972031,54.41886,21.990779,11.618328
"006","6pm",10.583098,48.57677,29.311908,11.528221
"007","6pm",7.767147,67.33114,18.920815,5.980899
"008","6pm",13.502724,54.32276,18.418297,13.756222
"009","6pm",3.438635,41.10936,28.981984,26.470024
"010","6pm",5.849246,53.33985,28.401558,12.40935
"011","6pm",8.481347,50.46923,25.165834,15.883593
"012","6pm",6.920371,65.40228,17.812036,9.865309
"013","6pm",11.825272,49.06105,23.154853,15.958827
"014","6pm",16.847732,59.09651,20.992024,3.06373
"015","6pm",13.918896,67.71239,13.009536,5.359183
"016","6pm",25.586864,55.67341,8.465555,10.274174
"017","6pm",7.474085,67.02514,20.989819,4.510957
"018","6pm",10.260807,61.95224,23.757154,4.029795
"019","6pm",10.420795,38.43031,33.170118,17.978774
"020","6pm",5.269331,66.06137,20.320382,8.348921
"021","6pm",15.642096,61.56689,20.392356,2.398656
"022","6pm",18.008401,46.19925,25.000135,10.79221
"023","6pm",11.353124,70.17698,9.287838,9.182063
"024","6pm",16.153766,57.25262,23.580484,3.013129
"025","6pm",7.816048,68.37287,22.667998,1.143082
"026","6pm",18.677114,45.67912,28.106561,7.537206
"027","6pm",12.274785,51.78365,23.081053,12.860516
"028","6pm",5.447412,54.09714,23.239638,17.215808
"029","6pm",14.698314,53.29084,23.329268,8.68158
"030","6pm",20.980153,39.42156,30.532598,9.06569
"031","6pm",9.870139,56.81843,24.983986,8.327449
"032","6pm",9.859121,55.22752,22.425042,12.488316
"033","6pm",11.875148,55.72951,25.340098,7.055243
"034","6pm",8.271521,49.34054,27.636938,14.750998
"035","6pm",12.606163,51.42579,21.937876,14.030169
"036","6pm",16.042112,55.00866,21.029235,7.919989
"037","6pm",25.01543,53.74764,17.30047,3.93646
"038","6pm",10.117683,54.94311,23.688398,11.25081
"039","6pm",18.642795,40.25702,34.25719,6.842997
"040","6pm",26.426786,44.04922,27.936899,1.587098
"041","6pm",13.794244,33.82487,32.639522,19.741364
"001","7pm",9.521912,33.42658,32.137971,24.913538
"002","7pm",1.262251,39.54213,28.391853,30.803771
"003","7pm",9.209517,44.68764,20.4321,25.670742
"004","7pm",5.021956,43.66078,27.294325,24.022943
"005","7pm",12.550906,56.41676,19.454681,11.577649
"006","7pm",11.409208,44.7548,32.264216,11.571775
"007","7pm",8.036533,66.64493,20.905385,4.413157
"008","7pm",12.533543,51.74019,25.437559,10.28871
"009","7pm",3.565393,42.80756,29.81361,23.81344
"010","7pm",5.57788,51.29916,27.116583,16.006381
"011","7pm",8.699466,53.26849,25.645491,12.386556
"012","7pm",6.672532,65.96685,17.151043,10.20957
"013","7pm",13.42645,50.31172,21.830828,14.431
"014","7pm",13.62302,61.48038,20.606087,4.290517
"015","7pm",13.49056,66.59573,13.065772,6.847936
"016","7pm",24.701226,55.19932,8.803924,11.295527
"017","7pm",7.482036,67.18472,20.230459,5.102785
"018","7pm",10.252664,60.97698,23.049268,5.721089
"019","7pm",9.225427,36.34949,32.002484,22.422602
"020","7pm",5.064625,61.44128,19.530963,13.963134
"021","7pm",15.967375,61.63738,20.258178,2.137071
"022","7pm",17.29271,44.29916,26.653272,11.754858
"023","7pm",10.941499,69.14245,11.133311,8.78274
"024","7pm",15.752143,59.61383,21.693856,2.940171
"025","7pm",7.539806,69.4054,21.95211,1.102682
"026","7pm",18.437006,43.80776,29.752299,8.002936
"027","7pm",13.470345,53.87433,19.239397,13.415927
"028","7pm",5.527839,55.08852,22.962245,16.421398
"029","7pm",15.460626,50.55668,25.341632,8.641067
"030","7pm",19.646472,39.76291,31.379652,9.210969
"031","7pm",10.371378,55.65901,27.394605,6.575003
"032","7pm",9.289088,55.21587,19.942706,15.552337
"033","7pm",11.193162,54.96963,24.410857,9.426351
"034","7pm",7.98298,46.68536,27.824068,17.507593
"035","7pm",12.095587,52.33909,20.912716,14.652604
"036","7pm",15.929733,54.51313,22.345638,7.211498
"037","7pm",23.754235,52.03433,18.242188,5.969251
"038","7pm",9.869142,56.33232,21.71765,12.080889
"039","7pm",16.763705,41.74744,33.56766,7.921195
"040","7pm",26.285994,43.8029,28.332466,1.578643
"041","7pm",12.571686,35.70027,34.09983,17.628214
"001","8pm",9.867384,28.04242,33.742055,28.34814
"002","8pm",1.296837,39.0142,28.693225,30.99574
"003","8pm",8.840496,41.83102,21.101523,28.226965
"004","8pm",4.711911,44.14927,25.932187,25.206628
"005","8pm",13.69751,56.79601,17.502616,12.003864
"006","8pm",10.532866,48.94298,30.455101,10.06905
"007","8pm",7.69122,66.82047,21.264773,4.223533
"008","8pm",12.856217,51.64556,22.930573,12.567652
"009","8pm",3.749879,43.68751,30.692192,21.87042
"010","8pm",7.001313,50.88449,26.186924,15.927268
"011","8pm",8.847477,59.04979,18.947535,13.155194
"012","8pm",6.663985,64.32973,18.38228,10.624009
"013","8pm",14.369738,52.75445,20.835729,12.04008
"014","8pm",13.783961,57.98395,23.890889,4.341204
"015","8pm",13.538161,64.39491,13.381592,8.685337
"016","8pm",25.434543,53.1753,9.759299,11.630863
"017","8pm",7.019683,66.85181,19.750463,6.378041
"018","8pm",9.936048,61.25625,22.3205,6.487198
"019","8pm",9.070596,35.67698,31.617192,23.635229
"020","8pm",3.42596,60.76574,20.921135,14.887163
"021","8pm",15.949177,62.44476,19.16032,2.445745
"022","8pm",17.48953,47.63156,23.345612,11.533301
"023","8pm",11.078439,69.54603,11.272652,8.10288
"024","8pm",15.802346,58.47808,20.457309,5.262269
"025","8pm",7.720299,68.04096,23.109664,1.129079
"026","8pm",18.080239,45.34404,29.351349,7.224372
"027","8pm",13.063613,55.06138,19.966382,11.90863
"028","8pm",5.338057,55.31268,24.170019,15.179245
"029","8pm",15.14215,48.19077,26.618056,10.049028
"030","8pm",18.994967,37.95017,33.305288,9.749571
"031","8pm",10.308477,53.86669,28.167174,7.657658
"032","8pm",10.321404,60.79296,17.266842,11.618791
"033","8pm",11.220639,54.17002,26.255668,8.353673
"034","8pm",7.595413,46.17623,28.658199,17.570157
"035","8pm",11.795898,52.8304,19.724017,15.649681
"036","8pm",14.861088,54.23888,24.172313,6.727715
"037","8pm",23.886991,48.73946,19.998597,7.374952
"038","8pm",9.483844,58.90915,22.137659,9.469348
"039","8pm",16.671181,40.53338,33.961033,8.834408
"040","8pm",24.67986,46.93743,27.318687,1.064027
"041","8pm",11.875628,33.13183,36.082725,18.909815
"001","9pm",10.111119,25.23896,33.70733,30.942587
"002","9pm",1.287974,38.74757,27.17282,32.791636
"003","9pm",8.855546,39.38365,22.46886,29.291937
"004","9pm",4.733309,44.17138,26.88425,24.211066
"005","9pm",14.5389,59.01787,16.99275,9.450476
"006","9pm",11.288064,50.99712,26.62495,11.089859
"007","9pm",7.565322,67.02923,21.25104,4.154398
"008","9pm",12.816569,51.79468,22.85986,12.528894
"009","9pm",3.726375,43.6548,30.27274,22.346078
"010","9pm",6.85744,48.62121,28.92137,15.599972
"011","9pm",9.106004,58.51069,18.84371,13.539594
"012","9pm",6.516001,65.19941,18.01014,10.274447
"013","9pm",13.364879,54.94392,19.87023,11.820968
"014","9pm",13.48318,58.59207,23.67827,4.246475
"015","9pm",13.274097,65.18877,13.65996,7.877182
"016","9pm",25.49565,52.80794,10.55545,11.140961
"017","9pm",6.850604,66.20626,20.71872,6.224417
"018","9pm",9.950581,59.20264,23.50384,7.342945
"019","9pm",8.905597,35.028,32.10239,23.964019
"020","9pm",3.435352,59.79012,21.61078,15.163745
"021","9pm",16.422599,63.66616,16.85976,3.05148
"022","9pm",17.918614,47.38386,23.22421,11.473324
"023","9pm",10.900742,68.43051,11.91872,8.750024
"024","9pm",15.366189,57.82749,21.68929,5.117027
"025","9pm",7.558058,66.61109,24.7255,1.105351
"026","9pm",17.702245,44.83273,30.39169,7.073336
"027","9pm",13.158851,54.08229,20.76341,11.995448
"028","9pm",5.144396,56.31095,23.9161,14.628553
"029","9pm",14.40066,48.43392,26.17349,10.991926
"030","9pm",20.4696,38.47609,30.64939,10.404922
"031","9pm",10.03862,52.97484,29.52935,7.457195
"032","9pm",10.518164,59.27359,19.19855,11.009691
"033","9pm",11.540176,55.16152,25.54331,7.754994
"034","9pm",7.684455,46.71756,27.82185,17.776134
"035","9pm",12.028359,53.76841,19.49579,14.707436
"036","9pm",14.628815,54.39965,24.34897,6.622563
"037","9pm",24.61789,46.48875,20.93822,7.955134
"038","9pm",9.308115,57.8176,23.58039,9.293887
"039","9pm",16.753881,39.8715,34.49639,8.878233
"040","9pm",24.79931,46.15314,27.97837,1.069177
"041","9pm",11.769376,33.46777,34.49515,20.26771
"001","10pm",10.583821,25.70969,31.58024,32.126248
"002","10pm",1.27104,38.89552,26.81555,33.017892
"003","10pm",9.013936,39.86029,22.30155,28.824223
"004","10pm",4.576326,45.58597,25.3564,24.481311
"005","10pm",14.311235,59.65961,16.72667,9.302491
"006","10pm",10.830215,51.49358,27.03615,10.640049
"007","10pm",7.501894,67.15672,21.22182,4.119567
"008","10pm",12.39874,52.56273,22.48872,12.549815
"009","10pm",3.216672,43.54849,31.36791,21.866931
"010","10pm",6.640862,48.77211,28.52985,16.057186
"011","10pm",9.837806,58.7722,18.26571,13.124286
"012","10pm",6.505054,64.53487,18.70289,10.257184
"013","10pm",14.440553,52.59388,21.54448,11.421084
"014","10pm",13.476159,57.25234,25.02724,4.244263
"015","10pm",13.389157,64.67898,13.98641,7.945462
"016","10pm",24.855095,53.26196,10.6462,11.236746
"017","10pm",7.044403,67.38489,19.71271,5.857996
"018","10pm",10.671628,59.72643,21.72691,7.875035
"019","10pm",8.629773,33.94311,32.99497,24.432142
"020","10pm",3.440439,59.31952,21.64278,15.597259
"021","10pm",16.285084,63.97041,16.71858,3.025928
"022","10pm",17.688723,46.77593,23.56773,11.967611
"023","10pm",11.033465,69.2637,12.63405,7.068785
"024","10pm",15.097256,57.43015,21.3097,6.162895
"025","10pm",7.433663,67.16062,24.31856,1.087159
"026","10pm",17.600462,44.57496,30.97729,6.847286
"027","10pm",13.158851,54.08229,20.76341,11.995448
"028","10pm",5.10409,55.86976,22.98449,16.04166
"029","10pm",14.329862,48.19581,26.53644,10.937886
"030","10pm",20.62928,38.64583,30.2388,10.48609
"031","10pm",9.989281,52.20763,30.38254,7.420543
"032","10pm",10.384543,58.52059,18.90593,12.188944
"033","10pm",11.283167,54.63316,25.33513,8.748534
"034","10pm",7.650643,46.95201,27.69943,17.697918
"035","10pm",11.76304,54.18759,19.66635,14.383023
"036","10pm",14.548151,54.65109,24.21471,6.586046
"037","10pm",24.865981,46.95725,21.14923,7.027534
"038","10pm",9.238669,57.38624,24.15054,9.224547
"039","10pm",16.562734,40.55751,34.10281,8.77694
"040","10pm",24.034966,47.05836,27.87045,1.036223
"041","10pm",11.632802,33.0794,35.25527,20.03252
"001","11pm",10.876156,25.73623,31.85829,31.529323
"002","11pm",1.238421,38.80613,26.12738,33.828075
"003","11pm",9.02096,39.89136,22.241,28.846684
"004","11pm",3.970788,43.83792,24.64998,27.54131
"005","11pm",14.311235,59.65961,16.72667,9.302491
"006","11pm",10.830215,51.49358,27.03615,10.640049
"007","11pm",7.815237,68.81228,19.08085,4.291635
"008","11pm",12.39874,52.56273,22.48872,12.549815
"009","11pm",3.216672,43.54849,31.36791,21.866931
"010","11pm",6.557017,48.15633,28.16964,17.117018
"011","11pm",9.837806,58.7722,18.26571,13.124286
"012","11pm",6.486242,64.34825,19.69141,9.474096
"013","11pm",14.440553,52.59388,21.54448,11.421084
"014","11pm",13.411935,57.45606,24.90797,4.224036
"015","11pm",13.478438,65.11026,14.79573,6.615569
"016","11pm",24.689554,52.90722,11.24132,11.161906
"017","11pm",7.063841,67.29489,19.76711,5.874161
"018","11pm",10.820419,59.44642,22.08484,7.648322
"019","11pm",8.602661,33.83647,32.89131,24.669553
"020","11pm",3.440439,59.31952,21.64278,15.597259
"021","11pm",16.285084,63.97041,16.71858,3.025928
"022","11pm",17.688723,46.77593,23.56773,11.967611
"023","11pm",11.033465,69.2637,12.63405,7.068785
"024","11pm",14.7659,56.16967,23.0368,6.027631
"025","11pm",7.433663,67.16062,24.31856,1.087159
"026","11pm",17.600462,44.57496,30.97729,6.847286
"027","11pm",12.95285,53.23563,22.00386,11.80766
"028","11pm",5.055145,55.33401,22.76409,16.846757
"029","11pm",14.259757,48.44925,26.40662,10.884376
"030","11pm",20.62928,38.64583,30.2388,10.48609
"031","11pm",10.081548,51.9076,30.52177,7.489084
"032","11pm",10.189009,58.67053,17.87952,13.260942
"033","11pm",11.140975,54.57478,25.64596,8.638284
