"district","hour","cs1","cs2","cs3","cs4","cs5"
"001","4am",3.262878,14.96143,34.94386,31.96257,14.8692576
"002","4am",4.014701,7.454316,29.49626,40.064966,18.9697586
"003","4am",11.299157,20.432552,28.66496,22.416405,17.1869285
"004","4am",6.236404,21.209504,23.4007,35.178438,13.9749582
"005","4am",14.355377,31.268318,36.13476,14.945926,3.2956212
"006","4am",19.03965,28.466667,27.43647,19.442145,5.6150693
"007","4am",17.833369,31.457253,34.1163,15.891137,0.7019392
"008","4am",12.888549,29.914596,27.09724,26.132985,3.9666281
"009","4am",5.705657,19.998073,39.27053,28.578617,6.4471269
"010","4am",12.307044,21.332339,37.0933,22.147518,7.119803
"011","4am",11.447739,26.618512,39.34843,15.569724,7.0155977
"012","4am",9.246785,36.775827,28.95277,20.519899,4.5047166
"013","4am",10.70918,20.047582,41.71405,17.376542,10.1526467
"014","4am",14.970817,28.362467,39.99684,10.187059,6.4828136
"015","4am",22.265069,26.510368,29.34159,17.857636,4.0253395
"016","4am",15.612681,28.582087,26.86912,21.392788,7.5433278
"017","4am",7.612663,33.375992,35.11969,18.983154,4.9085046
"018","4am",13.272652,35.009499,33.15965,15.692844,2.8653493
"019","4am",3.201021,16.151676,24.24706,50.608628,5.7916151
"020","4am",8.026353,19.569913,23.88834,36.787833,11.7275613
"021","4am",12.392978,34.084365,41.33779,10.445297,1.739569
"022","4am",16.129921,32.284341,29.57499,19.137381,2.8733707
"023","4am",23.478572,39.943704,25.90315,8.137317,2.5372538
"024","4am",17.073609,34.826783,26.94971,15.111904,6.0379943
"025","4am",17.668247,29.066493,31.52674,18.962545,2.7759789
"026","4am",14.639959,31.883639,31.51971,18.519039,3.4376521
"027","4am",9.17518,21.339237,35.29727,30.513191,3.6751186
"028","4am",10.317395,28.913755,20.5448,24.861852,15.3622035
"029","4am",8.064767,34.734836,20.02238,29.641884,7.5361288
"030","4am",7.196627,31.110532,28.57235,23.14578,9.9747114
"031","4am",7.984502,26.178368,37.83149,24.660793,3.3448512
"032","4am",7.418997,26.131142,39.74112,19.011569,7.6971742
"033","4am",8.202103,28.334555,28.29397,25.780246,9.3891272
"034","4am",6.531329,34.079324,22.51984,23.233275,13.6362361
"035","4am",11.196575,25.467807,26.88291,25.482301,10.9704111
"036","4am",16.753207,33.285744,33.72014,14.281668,1.9592383
"037","4am",22.7853,32.763652,32.18841,11.681437,0.5812048
"038","4am",8.784932,40.74045,32.49537,13.77198,4.2072665
"039","4am",18.667316,25.495808,33.49102,20.710744,1.6351072
"040","4am",16.808387,42.894265,29.90047,8.479398,1.9174793
"041","4am",2.170616,16.721579,25.89193,34.276068,20.9398042
"001","5am",3.229346,14.80768,35.61242,31.634105,14.7164525
"002","5am",3.995745,7.89128,29.35699,39.875795,18.8801908
"003","5am",11.251886,20.76543,28.54504,22.322624,17.1150258
"004","5am",6.574761,20.0682,23.77302,34.850847,14.7331711
"005","5am",14.605607,30.11884,37.31783,14.604653,3.3530676
"006","5am",19.155115,27.63924,27.99647,19.560051,5.6491217
"007","5am",18.510026,31.19087,33.85455,15.715979,0.7285731
"008","5am",13.492611,27.34263,28.36724,26.644985,4.1525363
"009","5am",5.442963,24.98301,36.82864,26.595085,6.150295
"010","5am",12.594237,21.83014,37.76763,21.902697,5.9052978
"011","5am",11.344522,26.8671,38.99365,15.842391,6.9523422
"012","5am",8.771204,38.16321,27.46367,21.32889,4.2730297
"013","5am",10.50117,21.46307,40.022,17.38626,10.6275071
"014","5am",15.397138,27.08804,39.64159,10.477154,7.3960755
"015","5am",22.649849,26.1626,30.24432,16.848321,4.0949046
"016","5am",15.690581,28.7247,28.52615,21.499529,5.559042
"017","5am",7.482747,33.55862,34.93454,19.199358,4.824737
"018","5am",11.813536,41.84638,28.77791,15.011828,2.5503499
"019","5am",3.268434,15.8192,24.7577,50.241075,5.9135866
"020","5am",8.192097,17.90903,24.38163,37.547502,11.9697356
"021","5am",12.455424,33.75223,41.54608,10.497929,1.7483343
"022","5am",16.12019,32.32519,29.55715,19.125837,2.8716374
"023","5am",24.737017,38.79563,25.55322,8.240883,2.6732499
"024","5am",17.650821,33.83453,27.86081,14.411717,6.2421225
"025","5am",18.500139,28.67601,33.01114,16.90602,2.9066832
"026","5am",15.024378,32.18155,32.34736,16.918793,3.5279187
"027","5am",9.481517,22.0517,34.72872,29.94024,3.7978218
"028","5am",10.819212,28.06986,19.80383,26.071083,15.2360113
"029","5am",7.670814,35.56039,19.04432,30.556482,7.1679985
"030","5am",7.609682,30.53888,30.21228,21.091949,10.5472159
"031","5am",7.829444,26.32956,37.0968,25.464293,3.2798946
"032","5am",7.347758,25.06473,39.35951,20.604736,7.6232642
"033","5am",8.33993,27.1303,28.76942,26.213454,9.5469008
"034","5am",6.63774,34.63456,22.88674,21.982565,13.8584024
"035","5am",12.198359,21.49064,27.70658,27.107685,11.4967384
"036","5am",16.822523,32.48982,34.37956,14.340757,1.9673446
"037","5am",22.226782,32.79713,32.70092,11.693373,0.5817987
"038","5am",9.240523,39.86816,31.97966,14.486202,4.4254574
"039","5am",19.086543,24.03438,34.77005,21.175861,0.933165
"040","5am",17.518489,41.84192,29.50371,9.137391,1.9984869
"041","5am",2.207728,16.43036,26.33462,34.944413,20.082878
"001","6am",3.281369,13.988331,39.18463,30.804336,12.74133
"002","6am",4.200246,9.114876,26.72151,40.820051,19.1433132
"003","6am",11.35689,19.781641,31.93487,20.382054,16.5445468
"004","6am",6.758696,19.462092,23.21937,33.520553,17.0392897
"005","6am",14.606802,29.61333,37.09016,15.367997,3.3217141
"006","6am",20.832215,26.468107,30.44766,16.108293,6.1437228
"007","6am",19.17147,29.537951,35.06432,15.471654,0.7546082
"008","6am",13.402945,28.896001,29.1201,24.456015,4.1249406
"009","6am",5.525426,24.099023,37.57267,27.472498,5.3303875
"010","6am",12.969474,21.005929,37.03019,22.913165,6.0812424
"011","6am",11.77767,24.891554,39.66571,16.447274,7.2177915
"012","6am",8.813432,39.702634,27.21168,20.657491,3.6147668
"013","6am",10.665579,20.126687,42.72254,18.503859,7.981339
"014","6am",16.123393,26.910055,39.33111,9.890511,7.744935
"015","6am",22.673584,27.616174,30.66905,16.085022,2.9561653
"016","6am",16.137357,27.463114,28.13552,22.546679,5.7173308
"017","6am",7.746722,32.937185,35.02161,19.299535,4.9949431
"018","6am",11.878371,43.37662,28.17842,14.759659,1.8069249
"019","6am",3.219351,16.416626,24.38591,50.815867,5.1622498
"020","6am",8.357783,18.797439,24.09033,37.831743,10.9227035
"021","6am",13.098117,31.433257,43.37349,10.256585,1.8385475
"022","6am",16.686611,30.160118,29.64302,20.441129,3.0691211
"023","6am",23.991293,37.52369,24.78289,11.109464,2.5926618
"024","6am",18.833232,31.877163,28.94822,15.377142,4.9642474
"025","6am",18.587198,29.021993,31.66302,17.603498,3.1242899
"026","6am",15.499,32.864103,30.54427,17.45326,3.6393662
"027","6am",10.621854,21.345211,37.48967,27.205124,3.3381369
"028","6am",10.924637,27.846716,20.66568,25.728318,14.8346524
"029","6am",9.097491,35.100542,17.70972,30.717471,7.3747791
"030","6am",7.340567,34.922698,28.60047,18.962048,10.1742163
"031","6am",7.66761,27.893949,37.9979,22.866191,3.5743541
"032","6am",7.416655,26.088141,38.00252,20.797937,7.6947438
"033","6am",8.548332,26.530745,28.75506,25.509396,10.6564653
"034","6am",7.312599,31.608851,23.60413,22.207029,15.2673869
"035","6am",12.418944,21.246062,28.1696,27.136243,11.0291555
"036","6am",17.759565,31.641564,34.88019,13.641757,2.0769288
"037","6am",22.0673,32.033269,31.85968,13.462132,0.5776241
"038","6am",9.550656,40.796254,30.71816,14.360945,4.573986
"039","6am",19.484255,21.660915,36.24421,21.658015,0.9526096
"040","6am",18.481889,39.842247,30.54144,10.258793,0.8756258
"041","6am",2.374098,16.150792,28.99202,34.971572,17.5115178
"001","7am",3.204714,13.7658,39.77599,33.351502,9.901992
"002","7am",4.41772,13.86349,35.79372,33.555277,12.3697938
"003","7am",11.98421,26.63254,29.34484,22.018998,10.0194148
"004","7am",7.154839,19.52409,28.67257,29.105821,15.5426837
"005","7am",13.43157,30.4673,39.68137,14.082516,2.3372459
"006","7am",23.326446,25.86325,32.7368,13.783784,4.2897217
"007","7am",19.459716,26.40226,35.25447,18.088313,0.7952484
"008","7am",16.034274,26.44308,28.74524,23.752825,5.0245788
"009","7am",6.279416,27.44116,34.04794,26.103975,6.1275178
"010","7am",11.794408,20.4712,37.98784,23.04747,6.6990782
"011","7am",12.521984,24.24875,36.06765,16.721055,10.4405668
"012","7am",8.910564,41.0951,25.44659,20.328898,4.2188448
"013","7am",11.879359,18.50992,46.58716,16.193694,6.8298683
"014","7am",17.42047,23.70638,43.11836,10.918782,4.8360015
"015","7am",22.409959,30.48426,28.86537,16.547186,1.6932226
"016","7am",17.619923,26.83621,29.33078,23.502231,2.7108466
"017","7am",6.780228,34.10421,35.20818,18.99904,4.9083414
"018","7am",12.724334,42.97342,27.66756,14.12276,2.5119293
"019","7am",4.127295,18.37267,25.00593,50.40838,2.0857183
"020","7am",7.489866,14.7217,28.60168,38.21002,10.9767324
"021","7am",13.396652,26.37758,45.41813,12.681092,2.1265508
"022","7am",17.576492,31.788,27.6711,19.731608,3.2327944
"023","7am",23.573393,40.26649,23.07761,11.363789,1.7187133
"024","7am",19.896014,32.76717,27.88374,15.447722,4.0053511
"025","7am",21.400792,30.97847,30.07014,14.318501,3.2320975
"026","7am",17.697594,34.55469,31.92879,11.725539,4.0933831
"027","7am",12.284957,19.62102,39.96698,26.935429,1.191619
"028","7am",13.078658,32.18558,20.17412,24.522234,10.0394137
"029","7am",7.958579,32.63034,18.46603,34.354251,6.5907957
"030","7am",8.121399,37.86442,29.62302,14.00419,10.3869714
"031","7am",7.061692,27.03577,39.22442,24.10937,2.5687401
"032","7am",8.339929,27.73844,36.65667,20.260192,7.004775
"033","7am",9.714699,28.41408,30.43385,21.498949,9.9384246
"034","7am",8.879646,30.61711,25.69467,23.020542,11.7880271
"035","7am",13.732284,21.60777,28.56809,25.902634,10.1892262
"036","7am",17.304276,34.29439,32.4932,13.884457,2.0236842
"037","7am",23.753669,32.97033,32.13345,9.942451,1.200101
"038","7am",9.170681,49.73073,26.35048,11.768924,2.9791867
"039","7am",21.453537,23.35741,37.00127,17.938345,0.2494429
"040","7am",19.040991,38.69261,31.66894,9.695339,0.9021147
"041","7am",2.743494,17.61217,26.25813,34.147246,19.238962
"001","8am",2.417198,14.4933,41.94804,32.67413,8.467331
"002","8am",3.195791,13.52041,37.17578,36.979957,9.1280691
"003","8am",14.154762,27.85191,34.11795,20.530417,3.344954
"004","8am",8.022709,20.34261,29.69904,26.247176,15.6884662
"005","8am",13.146225,27.94313,38.25643,16.005628,4.6485897
"006","8am",20.670415,26.06539,32.18744,16.490891,4.5858715
"007","8am",24.021681,27.92164,30.29502,17.03389,0.7277663
"008","8am",16.465125,27.46474,26.98498,23.925559,5.1595922
"009","8am",5.966645,28.95322,31.23549,25.663256,8.1813866
"010","8am",12.075134,22.83538,35.46945,25.842006,3.7780263
"011","8am",10.58651,22.61419,37.4974,13.150446,16.1514544
"012","8am",9.613354,42.09212,22.21795,21.810327,4.2662451
"013","8am",11.509632,18.74047,47.50295,15.769383,6.4775628
"014","8am",19.083211,22.56666,39.344,14.77047,4.2356505
"015","8am",19.66043,33.67244,30.25731,13.640969,2.7688484
"016","8am",17.54394,25.53679,25.17245,29.047662,2.6991565
"017","8am",6.169145,33.91598,36.9506,19.729954,3.2343168
"018","8am",12.677636,43.5304,26.18294,13.335407,4.2736179
"019","8am",4.858162,19.79415,28.73809,45.154334,1.4552699
"020","8am",8.777305,16.31567,33.29203,36.880358,4.7346371
"021","8am",15.09632,22.69431,43.88564,15.258368,3.0653666
"022","8am",19.491549,33.77436,26.47039,19.154644,1.1090622
"023","8am",19.764712,38.20811,22.23195,17.288394,2.5068359
"024","8am",18.457137,33.66074,26.8975,17.824981,3.15964
"025","8am",24.556706,30.49399,29.69832,11.628104,3.6228787
"026","8am",18.218108,36.11738,30.19303,12.574735,2.8967462
"027","8am",14.026976,20.00978,39.60436,24.998299,1.3605918
"028","8am",13.84652,33.60834,17.85699,23.78916,10.8989894
"029","8am",7.993473,33.17076,17.76986,34.860221,6.2056804
"030","8am",4.892495,41.94892,31.45602,12.068188,9.6343786
"031","8am",6.196841,26.93683,41.11418,22.46998,3.2821747
"032","8am",9.324974,27.67966,34.40725,19.496541,9.0915664
"033","8am",12.263816,30.41376,32.10577,17.613606,7.6030488
"034","8am",7.946269,33.54197,27.93552,20.148463,10.4277855
"035","8am",13.254154,21.14893,27.236,30.239647,8.1212643
"036","8am",17.710736,34.99799,31.20288,13.922282,2.1661057
"037","8am",23.279955,31.94325,33.35707,9.738099,1.6816302
"038","8am",8.304745,48.7289,22.93739,14.663185,5.3657829
"039","8am",21.796751,23.55724,34.16185,20.230727,0.2534335
"040","8am",18.402175,38.02446,31.85363,9.680864,2.0388777
"041","8am",2.999584,21.41602,25.33511,34.403675,15.8456117
"001","9am",3.518313,13.37976,42.8619,32.088477,8.151548
"002","9am",4.118297,15.20637,36.03261,33.832169,10.810548
"003","9am",12.608553,28.21486,33.2645,24.371692,1.540398
"004","9am",8.437012,19.84321,31.18138,25.573424,14.964971
"005","9am",12.633621,30.13051,36.49379,16.06481,4.677268
"006","9am",24.892809,27.29292,29.63441,15.969397,2.210459
"007","9am",19.070867,26.47722,33.5155,18.685049,2.251372
"008","9am",16.683436,26.93625,27.95798,23.194328,5.228003
"009","9am",7.059502,29.52478,31.46274,24.115092,7.837879
"010","9am",12.515743,22.1549,36.65364,24.700507,3.975218
"011","9am",12.859213,21.47602,37.13718,15.288148,13.23944
"012","9am",10.917438,40.21849,22.01277,22.458303,4.392993
"013","9am",10.451525,21.60225,45.11706,16.540628,6.288535
"014","9am",16.446145,20.67936,42.57341,15.591437,4.709647
"015","9am",20.889592,30.45304,30.97181,14.701453,2.984106
"016","9am",19.126219,27.42319,25.26641,23.945485,4.238695
"017","9am",7.49953,31.83508,35.51883,21.559448,3.587109
"018","9am",11.952854,45.66781,24.94338,12.672633,4.763314
"019","9am",4.814087,19.61457,29.41815,44.259784,1.893414
"020","9am",8.603485,18.98512,30.39537,37.375143,4.640875
"021","9am",16.896779,23.17094,43.22255,14.893881,1.81585
"022","9am",21.019603,37.35377,26.57697,13.924212,1.125443
"023","9am",15.817848,40.15414,22.1683,19.94909,1.910617
"024","9am",19.523315,33.67343,24.6749,18.676035,3.452321
"025","9am",22.025995,30.50871,30.07267,13.843279,3.549349
"026","9am",21.297327,36.67545,27.61703,11.233742,3.176452
"027","9am",12.577752,21.07975,40.55435,24.294355,1.4938
"028","9am",12.277887,37.50123,17.9185,22.633667,9.668721
"029","9am",8.605256,32.60916,20.65482,34.075812,4.054951
"030","9am",3.526897,42.16092,32.29072,11.436961,10.584504
"031","9am",5.7725,27.50436,41.89167,20.871092,3.96038
"032","9am",7.325054,28.81042,33.74829,21.944907,8.171321
"033","9am",11.220669,30.18891,33.41577,17.020955,8.153694
"034","9am",10.542332,34.07066,27.26139,19.704619,8.420993
"035","9am",14.789391,21.59769,25.57243,29.941764,8.098726
"036","9am",15.638415,36.17853,30.69099,14.764056,2.728015
"037","9am",23.263993,31.36402,35.05889,8.563653,1.74944
"038","9am",8.6633,47.50607,24.57768,13.655502,5.597449
"039","9am",21.567964,22.80053,33.42933,22.202176,0
"040","9am",17.756208,37.22629,32.62941,10.349092,2.038993
"041","9am",3.122885,22.38971,24.4076,33.586407,16.493398
"001","10am",2.723296,13.10267,43.37312,31.67716,9.123759
"002","10am",4.104639,16.30257,35.32163,34.476768,9.794391
"003","10am",14.384265,26.70263,35.16453,21.634135,2.114435
"004","10am",7.38822,21.41482,28.88651,28.562961,13.747489
"005","10am",12.257305,30.66559,37.4374,14.810223,4.829486
"006","10am",21.346158,29.09712,30.9282,16.427175,2.20135
"007","10am",20.764887,23.89718,33.05466,20.114786,2.168489
"008","10am",17.638377,25.47288,29.35657,22.428957,5.103223
"009","10am",6.416902,29.37831,31.18548,24.993876,8.025439
"010","10am",12.408306,21.85627,35.45389,24.922296,5.359232
"011","10am",15.026396,20.46524,35.31335,17.711029,11.483992
"012","10am",8.390601,41.15343,23.43546,22.39751,4.623004
"013","10am",11.195833,25.36856,42.4401,15.238987,5.756521
"014","10am",16.718997,22.06117,41.55226,14.887861,4.779705
"015","10am",21.580492,29.98265,30.51456,15.068811,2.853486
"016","10am",20.114905,25.51324,24.75177,26.79584,2.824236
"017","10am",6.254497,33.64108,35.12381,21.337757,3.64286
"018","10am",12.553225,45.54853,25.21783,12.065931,4.614482
"019","10am",3.865048,21.0348,29.73885,43.903513,1.457788
"020","10am",7.348023,18.8356,30.08602,39.298106,4.432254
"021","10am",14.37402,23.48696,46.82801,13.519671,1.791339
"022","10am",20.913255,39.27231,22.81927,15.81207,1.183094
"023","10am",19.459423,40.27594,20.16341,17.432499,2.66873
"024","10am",21.522662,33.30647,26.89634,15.329866,2.944656
"025","10am",22.400743,30.19401,28.88556,14.909949,3.609737
"026","10am",19.389147,35.70261,29.32654,12.475254,3.106444
"027","10am",13.329726,20.93185,41.01852,23.136795,1.583108
"028","10am",12.881043,40.23611,16.88031,20.976775,9.025766
"029","10am",8.557563,32.32976,19.5774,33.008404,6.526876
"030","10am",8.28166,40.44182,30.97407,10.126925,10.175524
"031","10am",6.016064,26.59356,40.66184,23.354517,3.374015
"032","10am",7.190781,29.06988,36.23826,19.551946,7.949137
"033","10am",11.616341,30.04258,34.87532,16.693513,6.772253
"034","10am",11.832548,33.10333,26.49813,20.656405,7.909582
"035","10am",14.606504,19.51495,30.92193,27.514439,7.442177
"036","10am",18.082122,34.38283,29.87625,14.904779,2.754017
"037","10am",23.304903,30.50938,34.73298,9.587502,1.865236
"038","10am",9.34581,48.97743,24.04408,12.337163,5.295519
"039","10am",22.768305,20.37795,33.78678,22.185821,0.88115
"040","10am",18.255134,37.55619,31.77008,10.416151,2.002449
"041","10am",3.064225,24.46926,23.94913,32.333807,16.183585
"001","11am",3.22835,12.28311,43.56172,32.095912,8.8308991
"002","11am",5.73475,14.30205,35.74139,34.304483,9.9173178
"003","11am",14.399002,27.67847,34.94787,18.250519,4.7241347
"004","11am",7.827789,20.98752,32.78991,23.14003,15.2547518
"005","11am",12.33256,30.92575,38.10215,13.7804,4.8591369
"006","11am",16.937486,28.13303,35.01353,17.691588,2.2243646
"007","11am",23.524949,21.50099,31.37999,19.590569,4.0035007
"008","11am",18.124406,26.33686,25.65733,24.63756,5.2438433
"009","11am",5.373272,29.26505,30.98647,26.818281,7.5569211
"010","11am",11.776264,21.6782,37.06593,24.521063,4.9585372
"011","11am",13.976111,22.69609,34.12965,16.602608,12.5955401
"012","11am",9.86789,40.8179,22.07594,22.3054,4.9328643
"013","11am",11.322858,21.51988,43.47357,17.172233,6.5114587
"014","11am",17.701468,21.47932,44.34838,12.687861,3.7829692
"015","11am",21.931353,32.89869,29.92436,13.275721,1.969873
"016","11am",20.025699,23.97046,27.11452,26.228297,2.6610225
"017","11am",6.151943,34.41033,39.89737,16.959609,2.580752
"018","11am",11.924873,44.00405,27.68034,12.023138,4.3675941
"019","11am",3.95545,21.5268,25.08679,48.497077,0.9338793
"020","11am",8.900125,18.48868,29.55424,38.706334,4.35062
"021","11am",13.403495,25.43334,43.86586,14.449461,2.8478487
"022","11am",20.65911,37.50604,24.43984,16.325451,1.0695514
"023","11am",19.733747,43.13754,19.64633,15.60145,1.8809306
"024","11am",22.010607,31.23106,29.61885,13.526087,3.6133924
"025","11am",22.413366,30.34849,30.60156,14.449796,2.1867895
"026","11am",19.459372,34.09263,30.27613,13.143985,3.0278802
"027","11am",13.004131,20.95708,36.4647,25.462451,4.1116461
"028","11am",13.300496,39.45151,19.66647,21.502888,6.0786343
"029","11am",8.40148,32.25876,21.54065,32.008146,5.7909713
"030","11am",8.339788,40.3764,27.87623,12.882297,10.5252878
"031","11am",6.67934,26.82308,41.76319,20.995979,3.7384113
"032","11am",7.193314,29.36169,38.00557,16.785998,8.6534288
"033","11am",10.551489,33.84715,32.73755,16.603477,6.2603355
"034","11am",8.564044,34.70267,28.28531,20.086104,8.3618755
"035","11am",14.254416,23.05621,29.18348,26.243109,7.2627844
"036","11am",19.954551,33.88312,29.49492,13.958476,2.7089401
"037","11am",22.57168,31.66459,30.17117,13.672172,1.9203898
"038","11am",8.145315,48.04991,25.90446,13.115546,4.7847703
"039","11am",22.130702,25.07846,32.70287,20.087974,0
"040","11am",18.083385,37.50823,33.15877,9.188724,2.0608918
"041","11am",3.082324,24.6741,23.94407,33.398392,14.9011102
"001","12am",2.545798,12.43216,44.54073,31.879899,8.601411
"002","12am",3.726875,12.58641,38.69708,37.608423,7.381207
"003","12am",16.43859,29.40274,29.03866,19.182133,5.937875
"004","12am",7.463884,21.11551,30.97492,24.764778,15.680908
"005","12am",12.193071,27.23698,40.04948,15.732473,4.787994
"006","12am",21.085815,26.78601,31.31399,15.708338,5.105851
"007","12am",22.924154,24.60773,33.30252,16.221459,2.94414
"008","12am",17.332698,27.81943,26.66196,24.099526,4.086381
"009","12am",4.916299,26.97628,35.515,26.091279,6.501149
"010","12am",12.607348,21.54112,38.60198,22.609664,4.639883
"011","12am",13.095672,21.70343,39.53473,16.247114,9.419054
"012","12am",9.62,38.89784,25.15119,23.376703,2.954263
"013","12am",10.938516,21.68328,44.36625,16.49395,6.518012
"014","12am",16.376506,22.22825,41.08233,15.623212,4.689705
"015","12am",23.650965,30.77441,27.91386,16.533897,1.126868
"016","12am",17.820667,25.73043,29.20257,23.116541,4.129796
"017","12am",5.732086,35.73734,36.98765,16.154181,5.388744
"018","12am",12.571377,48.03561,21.9053,12.883332,4.604382
"019","12am",3.673607,19.55925,24.92964,49.066339,2.771164
"020","12am",9.039543,16.19584,30.0172,38.476917,6.270502
"021","12am",12.46303,27.79718,42.24855,15.59914,1.8921
"022","12am",18.590732,35.7229,24.22058,18.443967,3.021829
"023","12am",21.073778,39.48857,20.72203,16.779329,1.936292
"024","12am",22.417103,30.50832,29.99748,13.396968,3.680125
"025","12am",22.370048,29.86387,31.43204,12.955565,3.378481
"026","12am",18.421092,33.62156,31.39031,13.649668,2.917371
"027","12am",16.396307,20.39521,33.91725,25.218915,4.07232
"028","12am",13.187172,34.52081,21.37001,24.509026,6.412986
"029","12am",8.161174,34.79967,19.8625,31.594688,5.581973
"030","12am",9.695453,36.77927,30.09189,13.265557,10.167832
"031","12am",6.710353,29.61451,36.18016,22.987982,4.507003
"032","12am",6.191776,26.31962,41.94014,17.770391,7.778077
"033","12am",9.85685,33.8287,31.82988,17.079576,7.404999
"034","12am",8.186962,34.19801,31.29285,18.32848,7.993695
"035","12am",14.955015,21.49504,31.17318,24.757018,7.619748
"036","12am",19.075851,32.9334,29.61278,15.39799,2.979983
"037","12am",22.360002,35.40559,30.38279,9.794582,2.057038
"038","12am",7.763904,45.95373,25.49185,16.229802,4.560719
"039","12am",20.418777,23.97794,32.76687,22.83641,0
"040","12am",19.445317,39.17748,29.79144,9.896207,1.689562
"041","12am",3.220103,22.80061,23.5917,33.978645,16.408948
"001","1pm",5.650065,13.25912,40.91528,32.366655,7.8088841
"002","1pm",3.879225,12.87314,36.35987,37.882357,9.0054095
"003","1pm",17.272568,27.93691,28.59311,19.927193,6.2702114
"004","1pm",6.453769,23.57795,36.38758,23.938492,9.6422035
"005","1pm",11.869747,30.04519,40.18019,13.756979,4.1478973
"006","1pm",20.789743,25.9197,32.15162,16.10478,5.0341579
"007","1pm",19.929168,25.3724,33.80617,18.838844,2.0534104
"008","1pm",18.768793,26.45881,25.85335,24.397026,4.5220193
"009","1pm",5.016344,28.41972,33.67425,25.772578,7.1171135
"010","1pm",12.413203,21.43284,36.06691,26.051455,4.0355897
"011","1pm",10.882173,22.19879,38.43659,16.528396,11.9540603
"012","1pm",9.550255,40.58583,24.31195,20.910674,4.6412904
"013","1pm",12.475201,19.62675,46.53126,15.518607,5.8481806
"014","1pm",16.577252,23.85663,40.6793,15.164002,3.7228179
"015","1pm",22.144044,34.64001,25.60467,15.670469,1.9407979
"016","1pm",18.603885,26.54085,26.61702,22.973654,5.2645934
"017","1pm",4.884133,37.56217,38.6743,16.305466,2.5739336
"018","1pm",13.167985,42.05161,26.9087,12.669641,5.2020646
"019","1pm",4.462207,16.00708,27.39708,49.294356,2.8392775
"020","1pm",7.624404,16.18156,32.0762,38.647142,5.4706853
"021","1pm",12.037471,24.0749,47.163,14.997083,1.7275456
"022","1pm",18.600245,37.56526,26.96905,15.828908,1.0365319
"023","1pm",16.742755,43.40647,20.7103,17.160223,1.980246
"024","1pm",21.891595,34.24146,27.32716,12.574114,3.9656705
"025","1pm",21.832994,30.48723,29.46311,14.698423,3.5182484
"026","1pm",17.763358,36.13336,26.62671,16.442999,3.0335715
"027","1pm",15.499938,22.82192,30.8472,29.382797,1.4481413
"028","1pm",13.436965,36.57573,21.79056,21.662286,6.5344618
"029","1pm",9.229341,31.56449,20.10954,32.78407,6.3125629
"030","1pm",9.616941,35.09809,30.14384,14.436068,10.7050602
"031","1pm",8.145569,27.74085,37.56241,20.309518,6.2416612
"032","1pm",8.80156,30.07645,38.29908,17.014655,5.8082594
"033","1pm",9.472995,31.26681,31.97412,19.202719,8.0833483
"034","1pm",9.100701,34.34905,30.16379,17.923665,8.4627919
"035","1pm",13.73426,20.64239,32.84839,25.075536,7.6994288
"036","1pm",16.739974,35.57361,28.37947,15.257294,4.0496506
"037","1pm",25.261261,37.65495,28.04417,8.332982,0.7066336
"038","1pm",8.625861,47.86978,24.40884,14.651873,4.4436557
"039","1pm",20.936344,24.61476,33.3232,21.125691,0
"040","1pm",18.560608,39.27733,30.44328,9.528791,2.1899986
"041","1pm",3.40954,25.56333,21.63293,30.704499,18.6896962
"001","2pm",9.23221,14.47213,40.22436,28.59,7.4813
"002","2pm",4.38967,10.79061,36.19682,37.713055,10.9098429
"003","2pm",16.048768,31.07344,24.63619,18.257138,9.9844688
"004","2pm",5.267628,25.29541,36.46084,24.456931,8.5191984
"005","2pm",12.889116,31.09183,40.11152,12.20211,3.7054289
"006","2pm",22.151237,23.03901,30.78034,20.765407,3.2640034
"007","2pm",16.64143,25.81623,33.59758,21.372149,2.5726114
"008","2pm",18.193271,29.95243,22.42711,23.352511,6.0746769
"009","2pm",6.875832,26.20047,33.46976,25.983999,7.4699382
"010","2pm",10.118411,22.22545,34.53124,28.341181,4.7837211
"011","2pm",10.012988,24.46838,36.69417,15.535351,13.2891165
"012","2pm",9.779575,37.02827,29.20949,19.229926,4.7527365
"013","2pm",9.37402,21.86716,44.26147,19.364567,5.1327856
"014","2pm",17.066024,29.82881,39.43357,9.689921,3.9816815
"015","2pm",20.659438,36.51419,25.01154,15.396531,2.4183045
"016","2pm",18.129602,27.96186,25.06177,23.326398,5.5203621
"017","2pm",6.37757,36.70649,36.15171,17.228679,3.5355561
"018","2pm",13.443495,40.46688,26.96874,13.487785,5.6330954
"019","2pm",4.629469,18.45978,30.74072,43.224329,2.945705
"020","2pm",7.315178,14.77229,33.50558,40.469047,3.9379032
"021","2pm",13.420104,22.73016,44.60444,17.602414,1.6428881
"022","2pm",20.763381,38.32178,22.47993,18.4349,0
"023","2pm",14.423428,45.37105,22.86506,16.525164,0.8152982
"024","2pm",20.732914,35.39464,27.02225,12.920041,3.9301499
"025","2pm",20.553125,28.32189,29.74364,19.935463,1.4458791
"026","2pm",16.997229,35.97618,29.44561,14.569047,3.0119337
"027","2pm",13.044593,22.24602,34.40261,28.823729,1.4830402
"028","2pm",14.956113,41.29367,19.46701,18.729897,5.553311
"029","2pm",9.52408,32.6565,20.58146,32.106227,5.1317341
"030","2pm",8.691007,42.37509,24.11129,14.081744,10.7408656
"031","2pm",8.263921,25.7826,38.52078,21.007124,6.4255782
"032","2pm",6.585281,32.68406,38.61687,16.867254,5.2465397
"033","2pm",10.401302,33.46972,30.45501,16.490723,9.1832474
"034","2pm",9.998634,38.49962,30.09614,15.192348,6.2132583
"035","2pm",12.728226,22.55338,30.44105,26.730897,7.5464519
"036","2pm",18.10435,35.20551,29.55464,13.2823,3.8532036
"037","2pm",25.612522,42.20374,24.75348,7.430258,0
"038","2pm",8.157829,48.02164,23.13805,16.092776,4.5897032
"039","2pm",19.254029,23.4937,35.50755,21.744723,0
"040","2pm",18.918804,36.74995,32.80199,10.090479,1.4387781
"041","2pm",4.8676,26.26399,24.35355,27.43085,17.0840126
"001","3pm",8.573374,12.46778,41.64429,29.939229,7.375323
"002","3pm",3.798197,10.34136,36.73097,38.335459,10.794017
"003","3pm",12.348474,30.71577,28.73486,18.845545,9.355345
"004","3pm",5.521172,25.59782,32.95773,25.99488,9.928403
"005","3pm",13.209969,30.84494,38.89194,13.316527,3.736627
"006","3pm",21.247234,26.01198,30.16596,18.844844,3.72999
"007","3pm",14.854556,24.41274,36.3541,22.204552,2.174048
"008","3pm",17.913797,28.31068,21.58767,27.024575,5.163278
"009","3pm",6.006029,27.63524,34.32428,23.916599,8.117848
"010","3pm",12.772233,22.13356,34.07238,26.428399,4.593429
"011","3pm",11.910251,23.09621,34.70325,17.005015,13.285273
"012","3pm",9.739173,36.43888,28.22393,20.493766,5.104253
"013","3pm",10.035871,24.0899,42.5039,18.828962,4.541366
"014","3pm",15.46132,29.53241,39.11307,10.822971,5.070223
"015","3pm",19.474676,36.41387,27.66308,13.872228,2.57615
"016","3pm",17.397666,27.34927,28.33429,22.149095,4.769672
"017","3pm",7.471843,36.7302,35.17809,16.717519,3.902348
"018","3pm",15.935794,35.84311,28.21156,14.83473,5.174806
"019","3pm",5.722641,19.1958,31.82402,41.006784,2.250755
"020","3pm",7.970774,14.51076,30.64262,41.156628,5.719214
"021","3pm",12.204343,22.7602,44.7526,18.059796,2.223064
"022","3pm",18.917671,37.74086,24.86622,17.136269,1.338974
"023","3pm",15.826887,39.1064,27.90048,14.748943,2.417291
"024","3pm",19.35015,34.91042,28.45276,13.254712,4.031954
"025","3pm",21.838739,30.29079,27.85966,18.563766,1.447048
"026","3pm",15.222637,32.79239,35.40299,14.993939,1.588042
"027","3pm",11.665036,26.81392,35.03681,25.015797,1.46844
"028","3pm",14.062029,41.79283,20.02997,18.89384,5.221331
"029","3pm",9.68971,34.65785,17.7224,31.302599,6.627441
"030","3pm",8.823012,41.49312,26.31399,13.369631,10.000247
"031","3pm",7.529936,27.17698,39.63208,20.152718,5.508285
"032","3pm",10.498307,29.32254,39.60614,15.082072,5.49094
"033","3pm",12.778025,35.58712,27.69704,14.67245,9.265362
"034","3pm",8.36867,37.92294,25.58687,20.713389,7.408134
"035","3pm",13.600029,24.29419,25.69951,27.846552,8.559712
"036","3pm",16.861977,34.01688,30.58206,14.950292,3.588786
"037","3pm",23.409227,42.90436,27.55375,6.132664,0
"038","3pm",9.976491,41.6061,24.83014,18.447826,5.13944
"039","3pm",19.17339,26.46591,32.60354,21.757163,0
"040","3pm",18.682993,39.06873,30.86564,9.89247,1.490172
"041","3pm",3.546759,26.59214,26.78706,26.936211,16.137828
"001","4pm",6.569948,13.351442,39.03212,32.881967,8.164525
"002","4pm",3.904442,9.814207,36.03371,40.029625,10.218015
"003","4pm",15.126724,25.845877,26.88718,22.167002,9.973217
"004","4pm",4.204755,29.037808,31.10166,26.073185,9.582597
"005","4pm",15.656697,31.05455,37.00486,13.36466,2.919229
"006","4pm",20.739741,26.790217,31.37409,18.707747,2.388208
"007","4pm",19.146127,23.146037,31.55659,22.242773,3.908473
"008","4pm",14.718477,32.34589,23.35629,25.158906,4.420435
"009","4pm",6.836914,25.099369,32.90282,26.03031,9.130589
"010","4pm",10.143531,26.79245,35.10774,24.105446,3.850831
"011","4pm",11.718904,24.393932,37.10532,14.694043,12.087796
"012","4pm",11.067185,35.159771,30.44687,17.935394,5.390777
"013","4pm",10.420214,18.662611,42.8972,22.992282,5.027692
"014","4pm",14.135091,27.385899,41.70663,14.306586,2.465795
"015","4pm",23.832315,36.991259,23.75982,13.694313,1.722297
"016","4pm",16.40466,26.332767,28.56139,24.000592,4.700594
"017","4pm",6.555545,35.24186,36.39491,18.218233,3.589452
"018","4pm",13.687795,36.128189,28.6074,17.704526,3.872086
"019","4pm",5.723197,18.249845,29.86868,43.907306,2.250974
"020","4pm",7.365972,17.16409,30.11322,37.554608,7.802111
"021","4pm",11.502559,28.079826,44.48111,14.124044,1.812458
"022","4pm",16.22557,31.327552,31.46194,18.510962,2.473972
"023","4pm",18.840731,40.679957,26.07613,11.887637,2.515543
"024","4pm",20.771272,32.864979,29.74816,12.828701,3.786886
"025","4pm",17.553144,29.377928,30.52792,21.233966,1.307041
"026","4pm",15.50774,38.00393,30.33405,14.536497,1.617785
"027","4pm",11.995189,28.614777,37.67115,19.393477,2.325411
"028","4pm",11.324212,33.930285,22.77576,22.509272,9.460467
"029","4pm",8.869091,36.988925,18.87572,28.950841,6.315425
"030","4pm",9.850289,35.681551,28.04362,16.41492,10.009624
"031","4pm",6.987264,25.739584,38.60112,21.98656,6.685476
"032","4pm",9.011618,30.614276,35.15697,17.044274,8.172863
"033","4pm",11.42628,34.148597,27.24138,18.898528,8.28521
"034","4pm",8.9155,40.374245,22.32893,19.755046,8.626283
"035","4pm",12.92911,23.534712,25.04797,28.595605,9.892601
"036","4pm",18.116264,32.274541,31.1441,15.356986,3.108109
"037","4pm",21.564919,41.434026,28.44804,8.553019,0
"038","4pm",9.442546,43.365631,26.67219,14.573928,5.945709
"039","4pm",19.857303,24.205691,34.34357,21.593439,0
"040","4pm",18.746834,40.249879,30.57337,9.111903,1.318018
"041","4pm",3.326896,22.338233,31.76086,26.068585,16.505431
"001","5pm",4.481416,13.8724,41.15054,30.540353,9.9552908
"002","5pm",4.201847,11.74236,32.91281,38.149918,12.9930651
"003","5pm",14.928078,24.91838,29.27964,21.031653,9.8422476
"004","5pm",6.25206,27.62212,28.7099,29.928462,7.4874592
"005","5pm",13.37125,31.00659,40.90798,10.878143,3.8360373
"006","5pm",16.632896,26.91993,33.72459,19.713661,3.0089239
"007","5pm",18.971551,31.92506,29.01974,16.772771,3.3108791
"008","5pm",16.599121,32.75849,20.2144,25.490204,4.9377856
"009","5pm",6.249627,23.48992,33.59758,29.95482,6.7080513
"010","5pm",13.298165,26.00595,36.64092,19.638679,4.4162881
"011","5pm",10.718993,21.73316,36.68095,22.256991,8.6099088
"012","5pm",10.369471,39.90691,26.6671,21.018754,2.037765
"013","5pm",10.052475,18.03756,45.00444,18.880901,8.0246225
"014","5pm",18.465962,30.61411,39.93481,7.612883,3.3722338
"015","5pm",23.246402,33.9214,23.42423,16.582982,2.824982
"016","5pm",17.339201,29.57278,28.42789,19.750039,4.9100913
"017","5pm",7.61725,34.92878,35.31462,18.579518,3.5598359
"018","5pm",12.606538,37.43132,27.16085,17.69208,5.1092031
"019","5pm",4.851706,17.5807,25.83423,49.825156,1.9082103
"020","5pm",6.021211,17.39057,28.12355,39.841328,8.623338
"021","5pm",11.471756,31.93998,41.8908,11.975883,2.7215837
"022","5pm",15.875932,36.16607,26.00485,19.532489,2.4206616
"023","5pm",21.760103,42.07716,24.48278,9.072343,2.6076148
"024","5pm",17.396413,36.07131,29.91046,11.710397,4.9114218
"025","5pm",18.640233,28.25283,30.89098,19.054488,3.1614661
"026","5pm",15.77835,37.69443,29.74879,13.579892,3.1985374
"027","5pm",10.319578,25.08821,36.69516,24.802383,3.09467
"028","5pm",11.067622,32.68615,19.11239,23.904182,13.2296565
"029","5pm",7.818498,37.14142,21.90286,27.954965,5.1822523
"030","5pm",8.049819,32.9286,29.42696,20.564935,9.029681
"031","5pm",6.282437,24.75718,38.22046,25.160505,5.5794199
"032","5pm",6.950699,31.37673,34.98324,17.124003,9.5653265
"033","5pm",10.700982,36.23372,28.66763,19.114584,5.2830806
"034","5pm",6.619129,41.45985,22.2146,22.53723,7.1691873
"035","5pm",13.676808,26.09219,26.31072,27.542196,6.378084
"036","5pm",17.878982,33.20874,31.10823,17.023831,0.7802169
"037","5pm",20.909484,38.53722,29.49594,9.264378,1.7929745
"038","5pm",8.562931,41.80559,27.88624,14.845763,6.8994758
"039","5pm",18.764991,26.62674,32.5143,22.093968,0
"040","5pm",17.685192,40.20242,29.1984,9.719868,3.1941243
"041","5pm",3.101231,18.95154,27.66332,34.296889,15.9870215
"001","6pm",3.484924,15.90049,40.04438,30.696309,9.873889
"002","6pm",4.116548,7.93683,32.46759,37.793922,17.685107
"003","6pm",12.965891,20.00991,23.72952,29.919937,13.3747464
"004","6pm",8.110609,26.10769,26.57017,28.743873,10.4676628
"005","6pm",12.915156,28.51124,39.9733,14.895116,3.70519
"006","6pm",17.98795,25.28984,29.57352,22.406573,4.7421126
"007","6pm",18.245414,34.09043,30.11852,15.394332,2.1513078
"008","6pm",14.827065,30.70836,23.4045,27.083312,3.9767618
"009","6pm",5.481735,20.04972,37.90695,26.888674,9.6729207
"010","6pm",14.038905,25.13954,37.31354,19.208829,4.2991811
"011","6pm",9.914816,21.57097,38.39581,21.259809,8.8585939
"012","6pm",9.180871,39.24698,27.97271,19.721878,3.8775562
"013","6pm",9.278748,18.73139,43.05708,19.031331,9.9014479
"014","6pm",17.058975,30.26281,36.7507,10.145146,5.7823712
"015","6pm",21.252224,30.11448,27.99907,18.079551,2.5546774
"016","6pm",16.563459,32.91528,26.15357,18.945888,5.4218077
"017","6pm",7.836236,35.68966,35.5545,16.835381,4.0842293
"018","6pm",13.097097,38.56214,29.55263,16.652547,2.135582
"019","6pm",4.271638,16.68201,24.04006,49.035779,5.9705124
"020","6pm",7.236061,19.61161,30.31298,37.277128,5.5622127
"021","6pm",10.803861,34.73784,40.44282,12.869453,1.1460342
"022","6pm",15.260206,37.51985,24.61887,19.563739,3.0373336
"023","6pm",24.001074,38.93775,26.762,8.54928,1.7498951
"024","6pm",16.913205,38.23435,28.62183,11.644802,4.5858137
"025","6pm",19.002241,28.43885,33.53089,16.042445,2.9855718
"026","6pm",15.136739,35.20825,28.7205,17.851904,3.0826065
"027","6pm",8.956115,23.22942,36.13253,28.037267,3.6446724
"028","6pm",9.922413,27.48833,20.61174,25.401668,16.5758522
"029","6pm",8.093221,37.44285,20.58513,27.054932,6.8238599
"030","6pm",8.849784,31.3188,31.36286,18.709054,9.759493
"031","6pm",7.974617,25.25182,38.95395,22.530512,5.2891038
"032","6pm",6.44698,33.13016,32.93128,18.67648,8.8150979
"033","6pm",8.657086,32.65269,28.26726,22.122702,8.3002648
"034","6pm",6.841341,37.37019,21.89617,22.701025,11.1912669
"035","6pm",12.021071,25.26235,28.69899,23.842933,10.1746511
"036","6pm",18.253267,35.49591,29.57576,14.637063,2.0379943
"037","6pm",23.588186,39.25057,28.18718,7.784809,1.1892554
"038","6pm",9.79036,38.94505,29.43026,15.85715,5.9771816
"039","6pm",17.759223,27.68785,31.44976,22.186283,0.9168786
"040","6pm",16.735121,41.04614,30.83675,9.373797,2.0081948
"041","6pm",2.565422,19.42823,25.87201,36.448031,15.6863021
"001","7pm",3.91307,16.050409,35.47229,30.786654,13.7775813
"002","7pm",4.060383,7.828542,30.42807,39.904632,17.7783772
"003","7pm",12.168213,21.398995,25.25046,24.940556,16.2417749
"004","7pm",7.535012,25.264073,26.49378,27.172082,13.5350549
"005","7pm",13.547065,27.850663,39.79024,15.535177,3.2768563
"006","7pm",20.53509,23.623483,30.09095,19.976595,5.7738832
"007","7pm",18.337167,34.445172,30.27535,16.214712,0.7275997
"008","7pm",13.755402,31.531661,24.23072,26.108487,4.3737298
"009","7pm",5.689915,19.47599,40.46434,27.400487,6.9692697
"010","7pm",13.383555,24.246309,35.40544,21.247441,5.7172561
"011","7pm",10.774569,25.161201,37.88965,18.279933,7.8946515
"012","7pm",8.197744,37.722691,31.80082,19.800475,2.4782687
"013","7pm",9.036938,18.828983,43.80824,16.19402,12.1318213
"014","7pm",14.515052,29.848564,35.16562,14.185309,6.2854537
"015","7pm",20.093471,29.482672,27.6837,19.107425,3.6327326
"016","7pm",16.539546,31.118245,25.98981,19.897216,6.4551846
"017","7pm",7.288313,34.848778,36.38734,17.386876,4.088694
"018","7pm",13.086435,37.373472,30.26887,17.137381,2.1338435
"019","7pm",3.781639,16.130027,23.58097,51.221726,5.2856358
"020","7pm",7.621474,17.594673,26.84443,36.658071,11.281353
"021","7pm",11.92982,33.555763,40.91912,12.72808,0.8672215
"022","7pm",16.317812,35.375271,25.94402,19.357572,3.0053255
"023","7pm",23.095227,39.010234,27.3484,8.050314,2.4958269
"024","7pm",16.985655,38.207323,27.92235,10.933262,5.9514112
"025","7pm",18.31092,29.666449,34.36409,14.781584,2.8769536
"026","7pm",15.338387,33.585008,27.96819,19.613869,3.4945417
"027","7pm",8.643091,24.435267,34.55566,28.532111,3.8338688
"028","7pm",10.068912,28.08684,21.07793,24.728117,16.0382022
"029","7pm",8.054269,37.624111,19.4421,27.353204,7.5263183
"030","7pm",8.992673,30.633397,31.09635,19.360513,9.9170696
"031","7pm",8.382133,26.914677,36.39039,24.941471,3.3713288
"032","7pm",6.173832,29.12984,36.61058,20.039923,8.0458254
"033","7pm",8.148372,31.2809,27.02567,24.429967,9.1150929
"034","7pm",6.597599,36.764838,22.71897,20.143997,13.7745954
"035","7pm",11.526792,24.653781,27.78387,25.586922,10.4486358
"036","7pm",18.121359,36.635785,29.73948,13.480111,2.0232666
"037","7pm",22.356724,37.805565,29.99625,9.266186,0.5752722
"038","7pm",9.535366,39.067966,31.60356,13.971606,5.8215034
"039","7pm",17.079314,26.32521,33.44088,22.272815,0.8817761
"040","7pm",17.506764,40.820376,30.35347,9.322239,1.9971493
"041","7pm",2.338054,18.986147,26.96363,33.145686,18.5664793
"001","8pm",4.057489,14.79801,31.70237,34.818276,14.6238599
"002","8pm",4.172698,5.74116,32.16437,41.008444,16.9133261
"003","8pm",11.468904,20.32515,26.70437,24.792604,16.7089731
"004","8pm",5.196464,25.87587,24.30909,29.809961,14.8086156
"005","8pm",14.223721,30.82534,36.74039,14.770015,3.4405306
"006","8pm",20.726163,26.42824,28.7212,18.026917,6.0974884
"007","8pm",17.327161,33.8976,31.68648,16.393509,0.6952503
"008","8pm",12.702624,31.72863,27.03681,24.622526,3.909407
"009","8pm",5.993704,18.26428,41.42674,27.542671,6.7726064
"010","8pm",13.274708,24.04912,35.8802,20.571611,6.2243632
"011","8pm",11.669038,26.76998,38.53906,15.870705,7.1512174
"012","8pm",9.471177,35.9195,31.24172,19.363979,4.0036321
"013","8pm",9.605592,21.18595,40.91474,17.245732,11.0479922
"014","8pm",14.68934,30.1434,36.83292,10.980225,7.3541174
"015","8pm",20.744021,29.29976,27.23005,19.080122,3.6460468
"016","8pm",17.043474,29.46164,25.95848,20.172296,7.3641187
"017","8pm",6.88515,33.96098,36.57799,17.626979,4.9488992
"018","8pm",12.672206,35.30693,31.52714,17.561277,2.9324464
"019","8pm",3.533218,15.07042,26.76338,48.967442,5.6655372
