"district","hour","cspmen1","cspmen2","cspmen3","cspmen4","cspmen5"
"001","4am",6.718977,19.65219,34.58214,29.652307,9.3943838
"002","4am",6.067409,12.80555,31.95959,39.441511,9.725936
"003","4am",17.722334,27.18132,22.21445,16.553803,16.3281023
"004","4am",10.520253,27.04542,18.75672,37.753402,5.9242062
"005","4am",21.531462,40.1543,28.94935,8.589658,0.775228
"006","4am",34.907772,25.28377,21.09009,16.023896,2.6944687
"007","4am",27.26772,41.11576,26.34813,4.639282,0.6291027
"008","4am",24.438974,34.52322,23.09864,17.322716,0.6164533
"009","4am",10.862523,27.92605,32.07806,27.203394,1.9299752
"010","4am",25.45259,23.71325,38.90514,8.665981,3.2630331
"011","4am",25.107875,33.87564,32.49604,5.21208,3.3083633
"012","4am",16.010943,47.51113,17.4337,16.799154,2.2450743
"013","4am",20.654724,25.67433,36.21056,15.327596,2.1327904
"014","4am",27.077751,38.5743,28.7594,3.456957,2.131593
"015","4am",36.654791,20.20507,30.51665,9.538785,3.0847078
"016","4am",25.212807,38.7478,19.15725,16.882145,0
"017","4am",12.510646,49.36794,22.41076,13.237986,2.4726658
"018","4am",27.234521,43.53718,16.53831,12.689984,0
"019","4am",7.637991,18.86127,33.87867,38.419926,1.2021407
"020","4am",14.948008,27.77147,22.58026,31.148312,3.5519562
"021","4am",20.589692,52.27816,22.04744,3.500724,1.5839829
"022","4am",31.312508,31.25786,27.31277,10.116865,0
"023","4am",38.065356,42.49495,18.62444,0,0.8152468
"024","4am",27.346955,43.14211,19.60025,8.809201,1.1014878
"025","4am",34.318412,37.77249,18.96739,7.046829,1.8948741
"026","4am",26.135172,45.66832,20.92146,5.279111,1.9959424
"027","4am",16.597566,28.86553,36.9306,17.606305,0
"028","4am",19.882439,40.02988,16.93952,18.738598,4.4095648
"029","4am",13.710051,43.2302,19.25624,22.47513,1.3283755
"030","4am",15.88158,39.54464,29.54598,11.580844,3.4469561
"031","4am",17.149648,35.42614,27.82355,19.600663,0
"032","4am",14.707794,34.70057,35.25285,13.214783,2.124
"033","4am",13.639062,42.31725,24.36851,12.701834,6.9733451
"034","4am",12.000955,45.97461,23.4615,9.144166,9.4187713
"035","4am",23.590344,34.60521,16.37364,21.900369,3.5304455
"036","4am",41.494369,27.99638,22.3509,8.158341,0
"037","4am",35.890582,34.14763,24.0748,4.850958,1.0360266
"038","4am",20.255872,52.21897,18.8675,8.015134,0.6425196
"039","4am",33.781472,26.88238,29.96525,9.3709,0
"040","4am",37.825707,39.48862,16.89233,5.79335,0
"041","4am",4.532551,25.58854,28.92227,35.189526,5.7671176
"001","5am",6.654038,19.46225,35.21441,29.365717,9.3035869
"002","5am",6.0414,13.17933,31.82259,39.272435,9.6842434
"003","5am",18.38716,26.73108,22.12792,16.489329,16.2645072
"004","5am",9.218849,26.2933,19.68484,38.585669,6.2173471
"005","5am",21.863702,39.76358,28.07195,9.513579,0.7871901
"006","5am",34.193162,25.77955,21.20603,16.111981,2.7092805
"007","5am",28.191354,40.51048,26.54597,4.101784,0.6504121
"008","5am",24.110195,33.10399,24.08252,18.060577,0.6427111
"009","5am",13.457021,29.06591,30.414,25.21364,1.849431
"010","5am",25.981077,24.71314,37.12908,8.845918,3.3307854
"011","5am",24.906165,34.03883,32.23498,5.538242,3.2817847
"012","5am",15.698801,47.83398,17.55432,16.77292,2.1399821
"013","5am",19.803943,27.76288,34.96525,15.373782,2.0941502
"014","5am",27.768548,36.35445,29.4931,4.19793,2.1859735
"015","5am",36.142981,20.51387,31.33294,8.878354,3.1318523
"016","5am",25.327035,38.18224,20.2732,16.217522,0
"017","5am",12.638948,48.96669,22.43929,13.520325,2.4347528
"018","5am",26.861441,46.62733,15.12588,11.385353,0
"019","5am",7.784491,18.61044,33.22304,39.156837,1.2251983
"020","5am",14.490493,27.13074,23.01319,31.745519,3.6200579
"021","5am",20.684118,52.05931,22.14855,3.516779,1.5912472
"022","5am",31.774003,30.81535,27.29891,10.111732,0
"023","5am",36.404242,44.08381,18.65668,0,0.8552665
"024","5am",27.872018,42.80152,20.17308,8.019699,1.1336797
"025","5am",34.669394,37.7892,19.73506,5.834777,1.9715658
"026","5am",26.211541,46.27096,20.06798,5.405709,2.0438071
"027","5am",17.088676,28.17134,36.61272,18.127263,0
"028","5am",19.585771,40.92902,15.31519,19.565795,4.6042207
"029","5am",15.048553,41.65679,20.54514,21.479961,1.2695568
"030","5am",16.698026,39.4662,28.69836,11.513251,3.6241585
"031","5am",17.182861,35.06721,28.49228,19.257644,0
"032","5am",14.581338,35.26201,34.94975,13.101164,2.1057381
"033","5am",13.85053,41.4229,24.74633,12.898771,7.0814641
"034","5am",12.176491,46.64707,22.34198,9.277917,9.5565386
"035","5am",23.518161,32.52879,16.34921,23.771716,3.8321157
"036","5am",40.299301,28.59589,22.91535,8.189454,0
"037","5am",35.383196,34.62652,24.0977,4.855571,1.0370118
"038","5am",19.935085,51.24716,19.75353,8.39153,0.6726928
"039","5am",34.838846,25.69603,29.90669,9.558436,0
"040","5am",38.345199,39.33444,16.03194,6.288422,0
"041","5am",4.604637,25.45867,28.32868,35.749178,5.8588375
"001","6am",5.67018,20.76928,37.49206,27.618053,8.4504271
"002","6am",5.653541,14.52958,29.5551,40.129655,10.1321208
"003","6am",18.546806,26.60133,24.52391,14.601601,15.7263589
"004","6am",9.453487,24.79154,20.18586,38.065739,7.5033796
"005","6am",21.691094,38.61939,28.47033,10.423899,0.7952913
"006","6am",33.67164,26.18678,22.87533,14.343707,2.9225497
"007","6am",29.087245,39.33668,27.38958,3.515415,0.6710815
"008","6am",26.183794,30.901,24.79305,17.483333,0.638827
"009","6am",14.161282,28.48536,30.28066,25.180867,1.8918239
"010","6am",23.9484,24.81186,38.66969,9.131668,3.4383799
"011","6am",21.69257,34.47758,34.61533,5.785949,3.4285683
"012","6am",15.303883,47.73468,17.63836,17.759667,1.5634068
"013","6am",19.970564,28.92518,34.09896,14.869198,2.1360968
"014","6am",27.862916,37.37877,29.02333,3.438595,2.2963909
"015","6am",37.051747,22.08499,28.56572,8.925827,3.3717145
"016","6am",25.73565,36.19659,20.04818,18.019578,0
"017","6am",12.003273,49.99021,21.70778,13.730933,2.5678034
"018","6am",25.887224,49.0935,15.03329,9.985989,0
"019","6am",8.890153,19.11705,32.76803,38.016354,1.2084186
"020","6am",15.885419,26.64609,21.31781,32.439631,3.7110596
"021","6am",21.25099,51.28608,22.13006,3.671575,1.6612883
"022","6am",30.872707,31.19588,27.24116,10.690254,0
"023","6am",36.003904,45.55846,17.5951,0,0.8425361
"024","6am",29.494203,39.11032,21.3808,8.774325,1.2403551
"025","6am",35.055679,35.81044,20.73764,6.275689,2.1205496
"026","6am",27.134293,45.51943,19.52264,5.677185,2.1464475
"027","6am",17.925727,28.44828,39.23853,14.387467,0
"028","6am",17.71267,43.60415,15.498,19.710669,3.4745067
"029","6am",15.354567,40.61004,20.76741,21.932214,1.3357615
"030","6am",14.272945,43.94876,26.81414,11.381477,3.5826787
"031","6am",16.976693,37.51357,27.48511,18.024629,0
"032","6am",14.800714,34.44563,35.26322,13.345431,2.144999
"033","6am",14.13015,40.68857,25.24592,11.911041,8.0243209
"034","6am",13.276492,42.89863,23.28895,10.116066,10.4198579
"035","6am",25.495986,30.25327,16.80532,23.551053,3.8943736
"036","6am",38.997056,28.18808,24.67582,8.139051,0
"037","6am",34.07596,34.46275,24.80309,5.611103,1.0470908
"038","6am",22.828572,47.24359,20.90303,8.312977,0.7118381
"039","6am",32.933348,27.07044,30.74917,9.247044,0
"040","6am",37.25638,39.94411,16.19823,6.601278,0
"041","6am",4.92572,24.96208,29.54083,35.219802,5.3515668
"001","7am",7.438341,22.99124,34.52795,28.7302212,6.3122454
"002","7am",8.981594,18.8838,33.78503,31.2332398,7.1163302
"003","7am",21.279311,30.04518,23.70307,14.6393188,10.33312
"004","7am",10.258768,33.55085,20.9582,27.1293316,8.1028514
"005","7am",20.337829,38.00552,29.67936,11.2348372,0.7424597
"006","7am",43.651325,26.31589,19.11099,10.0968887,0.8249119
"007","7am",27.870185,39.6442,25.04387,6.7307306,0.711019
"008","7am",25.893759,28.91132,26.05651,19.1384061,0
"009","7am",15.415717,31.97922,27.37695,21.9950702,3.2330377
"010","7am",23.23669,26.019,35.98439,10.3365488,4.4233734
"011","7am",20.407058,32.05837,35.24782,7.9727252,4.3140274
"012","7am",17.221202,50.15712,16.59176,13.6410468,2.3888638
"013","7am",19.032304,33.41155,34.14858,11.932006,1.4755572
"014","7am",25.211951,38.58855,31.51082,2.9020289,1.7866469
"015","7am",39.251391,26.6739,24.33166,9.0686584,0.6743912
"016","7am",26.895979,39.32015,20.97092,12.812949,0
"017","7am",12.3266,50.12482,22.40613,12.6077336,2.5347138
"018","7am",26.463575,46.79599,18.04717,8.6932673,0
"019","7am",12.055493,22.12743,33.30762,30.8707841,1.6386762
"020","7am",12.764285,27.14199,24.19719,32.965501,2.9310382
"021","7am",25.634322,41.73764,25.82947,5.5819103,1.2166589
"022","7am",35.246098,34.39699,19.09403,11.2628832,0
"023","7am",32.989614,46.29634,17.1384,2.7306939,0.8449469
"024","7am",31.753455,36.90413,19.72988,10.2738988,1.3386392
"025","7am",41.711445,30.52595,19.32869,6.0103312,2.4235865
"026","7am",28.867045,48.18892,20.20607,0.9284165,1.8095541
"027","7am",19.246636,31.15594,33.54429,16.0531361,0
"028","7am",17.210803,47.19305,15.69544,16.1316652,3.7690439
"029","7am",14.699076,38.27384,23.85467,21.60653,1.5658835
"030","7am",15.197229,47.77554,24.64514,8.3153466,4.0667374
"031","7am",15.293927,37.44148,30.59087,15.9762777,0.6974515
"032","7am",12.286649,39.31031,30.33872,14.9061445,3.1581777
"033","7am",14.928851,41.46925,26.1091,11.3100146,6.1827863
"034","7am",17.268222,39.55574,23.48025,11.3261898,8.3695947
"035","7am",26.966227,30.51505,16.59711,23.8872471,2.0343679
"036","7am",40.269194,27.40585,22.69542,9.629532,0
"037","7am",35.741463,34.7785,23.93782,4.508636,1.0335745
"038","7am",20.819343,54.25081,18.18805,6.0460582,0.69574
"039","7am",34.09665,27.94321,28.39368,9.5664556,0
"040","7am",39.528129,38.36048,17.34061,4.7707876,0
"041","7am",5.611847,23.56464,30.29741,34.8617903,5.664311
"001","8am",8.629866,23.70929,33.26144,27.990307,6.409103
"002","8am",8.971259,17.0441,35.34789,32.952273,5.6844804
"003","8am",26.686705,32.99355,28.44843,8.109104,3.7622038
"004","8am",11.019464,35.48412,23.22756,21.196838,9.0720193
"005","8am",20.950657,35.24082,28.98179,11.857949,2.9687781
"006","8am",42.888584,23.76469,20.80318,11.725448,0.8180996
"007","8am",33.93615,37.13821,21.31312,6.928342,0.6841765
"008","8am",26.550217,30.1364,24.12899,18.37018,0.8142132
"009","8am",16.820974,30.67248,23.89991,22.822063,5.7845724
"010","8am",23.542247,29.32845,32.23104,12.041758,2.8564985
"011","8am",16.841257,31.05885,31.21978,16.202993,4.6771162
"012","8am",18.149662,49.84011,15.7341,14.502647,1.7734779
"013","8am",18.193601,34.98089,34.93279,10.210099,1.6826155
"014","8am",25.081777,37.54555,28.86328,7.073334,1.4360555
"015","8am",39.274765,30.39555,23.75756,6.572128,0
"016","8am",27.748283,38.55132,15.85294,17.847459,0
"017","8am",11.424724,50.17709,22.83505,14.728933,0.8342056
"018","8am",25.996661,47.46195,19.32688,6.315436,0.8990707
"019","8am",14.399863,22.24621,34.81548,27.559778,0.9786706
"020","8am",16.070115,27.90928,28.16526,26.726223,1.1291255
"021","8am",27.078119,38.43577,25.43093,7.139347,1.9158353
"022","8am",35.482401,36.48546,19.97714,8.055,0
"023","8am",26.184099,44.94234,21.16094,5.994543,1.718077
"024","8am",32.050949,36.86921,17.51512,12.899131,0.6655933
"025","8am",40.772165,32.32357,18.87884,5.308117,2.7173044
"026","8am",29.689457,51.81781,15.10001,2.170151,1.2225755
"027","8am",21.62657,29.56554,34.00517,14.802723,0
"028","8am",18.459122,51.69984,15.69408,10.030509,4.1164505
"029","8am",13.459077,39.64804,23.6991,21.621304,1.5724775
"030","8am",13.232205,53.5654,23.16503,7.240614,2.7967553
"031","8am",13.637576,38.82707,30.55084,15.857057,1.1274498
"032","8am",14.815546,34.0018,32.56015,14.675496,3.9470058
"033","8am",16.431076,45.08101,24.54951,10.509138,3.4292682
"034","8am",17.843863,42.52553,22.1356,10.54268,6.9523249
"035","8am",25.425141,29.24781,16.9519,26.008553,2.3665996
"036","8am",39.895356,29.15875,22.36193,8.583961,0
"037","8am",36.301147,32.35875,25.37816,5.007064,0.9548697
"038","8am",21.033877,49.0774,18.85387,7.923134,3.1117212
"039","8am",33.384839,29.92754,25.62186,11.065765,0
"040","8am",37.691733,38.17663,17.34695,6.784689,0
"041","8am",8.794001,28.23799,30.4772,28.571762,3.9190456
"001","9am",11.652045,20.72418,35.83458,25.71348,6.0757229
"002","9am",9.197716,18.29829,33.45742,31.954107,7.0924712
"003","9am",24.155469,33.58581,29.73787,11.074227,1.4466256
"004","9am",10.566458,36.2207,22.62536,22.270247,8.317231
"005","9am",20.534302,38.00388,26.27867,12.135583,3.047558
"006","9am",44.058513,26.80005,19.74211,9.399332,0
"007","9am",30.577278,36.87959,24.08775,6.327659,2.1277276
"008","9am",26.630845,31.54925,23.21441,17.773511,0.8319819
"009","9am",17.582205,31.58351,22.79683,22.583922,5.4535263
"010","9am",23.377738,31.04019,31.42124,11.385211,2.7756246
"011","9am",18.39457,31.28685,32.41145,14.242592,3.6645391
"012","9am",19.641794,46.91842,16.71054,14.906392,1.8228505
"013","9am",18.588127,35.42097,34.93277,9.040429,2.017702
"014","9am",17.426281,40.68279,31.33288,8.956814,1.6012342
"015","9am",40.493067,27.0794,25.40082,7.026708,0
"016","9am",29.954228,40.14038,14.33159,13.979536,1.5942598
"017","9am",13.06644,48.05901,21.9048,16.060149,0.909602
"018","9am",25.326572,46.30564,21.55443,5.805707,1.0076518
"019","9am",14.271958,24.44055,33.03538,27.282136,0.9699777
"020","9am",15.728035,29.24238,25.39396,28.528859,1.106765
"021","9am",27.292457,40.24863,25.18236,6.257371,1.0191854
"022","9am",37.772959,36.4519,21.35482,4.420315,0
"023","9am",22.919983,45.9229,20.44648,9.628431,1.0822015
"024","9am",31.324491,38.5946,16.094,13.264294,0.7226243
"025","9am",40.97863,32.3777,17.9802,5.998635,2.66483
"026","9am",33.005726,43.94234,17.84828,3.855897,1.3477532
"027","9am",21.233481,31.73023,34.76163,12.274661,0
"028","9am",16.980119,51.30905,16.51325,10.7625,4.435085
"029","9am",14.708725,39.30435,24.58007,19.765335,1.6415268
"030","9am",12.008195,54.03784,23.60429,6.65899,3.6906941
"031","9am",12.898534,40.68757,30.76648,13.776243,1.8711663
"032","9am",13.6828,34.67124,32.20271,16.297625,3.1456192
"033","9am",15.478009,44.13665,25.64295,11.144776,3.5976117
"034","9am",20.396757,42.80195,22.45925,9.302089,5.0399552
"035","9am",25.629164,28.84986,15.48909,27.408498,2.6233936
"036","9am",37.410635,29.85463,23.70058,9.034157,0
"037","9am",35.347336,33.90481,24.07009,5.71383,0.9639389
"038","9am",20.938544,47.34291,20.83216,7.646818,3.2395671
"039","9am",33.945266,30.52763,25.07616,10.450941,0
"040","9am",36.292778,38.17872,18.09712,7.43138,0
"041","9am",9.147345,29.46386,27.6173,28.813074,4.9584196
"001","10am",11.839611,20.68202,36.53756,24.636419,6.3043874
"002","10am",9.324591,19.50983,31.44194,32.910087,6.8135543
"003","10am",25.604403,31.76153,31.26773,9.874168,1.4921641
"004","10am",10.818356,33.61809,23.44958,23.594315,8.5196618
"005","10am",19.237896,36.88786,28.9641,11.775915,3.1342349
"006","10am",39.325088,29.99709,20.39692,10.2809,0
"007","10am",29.459929,32.67317,27.18097,8.61567,2.0702664
"008","10am",28.325598,30.54419,23.39962,16.92884,0.8017543
"009","10am",17.143256,31.53393,22.57292,23.169663,5.5802369
"010","10am",23.323905,28.90477,31.2173,13.686811,2.8672171
"011","10am",20.483018,27.94305,33.441,14.605846,3.5270946
"012","10am",15.54692,51.49534,16.74403,14.859607,1.3541093
"013","10am",20.844577,36.12491,31.05092,10.132836,1.8467583
"014","10am",18.497653,43.09879,31.21656,5.563006,1.6239843
"015","10am",40.160617,27.52383,24.59601,7.71955,0
"016","10am",30.415784,39.60531,14.71076,15.268145,0
"017","10am",13.215269,50.32982,20.54978,14.989203,0.9159334
"018","10am",25.506693,47.64942,20.24063,5.62667,0.9765779
"019","10am",13.443924,25.88223,33.01349,26.680033,0.9803282
"020","10am",13.072524,31.31234,26.36645,28.191676,1.0570125
"021","10am",25.234631,40.2003,27.23091,6.325878,1.0082768
"022","10am",37.355186,37.52001,18.21276,6.912043,0
"023","10am",26.207733,46.57103,18.70667,6.682534,1.8320344
"024","10am",33.263279,39.22303,15.64839,11.865299,0
"025","10am",41.641464,31.69688,17.5131,6.440626,2.7079339
"026","10am",30.921808,46.51501,17.46986,3.774144,1.319178
"027","10am",21.698937,33.38296,32.37438,12.543732,0
"028","10am",17.789971,55.48941,12.26516,8.745979,5.7094743
"029","10am",14.789999,38.80854,22.96427,21.786602,1.6505971
"030","10am",16.266015,51.0952,22.67482,6.396777,3.5671903
"031","10am",13.425589,39.64026,29.0438,16.672408,1.217947
"032","10am",12.2582,35.53893,34.84727,13.523903,3.831695
"033","10am",16.003188,44.54783,26.66454,10.618387,2.1660535
"034","10am",21.041277,41.40661,22.01983,10.777504,4.7547749
"035","10am",24.615256,28.20077,20.33071,24.400414,2.4528551
"036","10am",37.148987,31.75335,21.97847,9.119192,0
"037","10am",36.632131,31.71255,24.61713,6.022222,1.0159655
"038","10am",22.855491,49.56127,17.25712,7.253278,3.0728443
"039","10am",36.098666,27.8647,26.10824,9.928389,0
"040","10am",36.996617,38.84379,17.41873,6.740857,0
"041","10am",8.979319,31.36749,26.24088,28.544968,4.8673392
"001","11am",12.642988,18.63581,35.96888,26.324671,6.4276517
"002","11am",10.593206,18.28908,31.86813,32.586578,6.6630146
"003","11am",24.059701,34.56187,28.44081,9.76645,3.171169
"004","11am",11.063343,33.18431,26.07703,21.020092,8.6552225
"005","11am",20.941568,36.41457,28.88235,10.625024,3.1364937
"006","11am",35.709497,29.53757,23.03551,11.717426,0
"007","11am",32.321993,32.95991,24.15064,8.520151,2.0473139
"008","11am",28.972808,29.88118,23.1538,17.178633,0.8135846
"009","11am",16.65271,33.83609,21.46588,22.781927,5.2633954
"010","11am",22.653819,31.33742,31.17193,11.58831,3.2485141
"011","11am",19.811418,28.69396,31.70422,15.451629,4.3387709
"012","11am",17.643353,49.62219,15.16058,15.776614,1.7972616
"013","11am",17.976343,36.93593,31.90594,11.159381,2.0224085
"014","11am",21.359987,42.23641,30.48396,4.318827,1.6008231
"015","11am",40.803567,29.72724,24.69453,4.774664,0
"016","11am",30.015159,37.37245,15.96368,16.64871,0
"017","11am",12.989909,52.58865,21.18505,12.367257,0.8691403
"018","11am",25.149904,45.81736,23.16518,4.937692,0.9298663
"019","11am",13.751569,24.00172,32.34116,29.90555,0
"020","11am",16.498292,29.44698,26.50751,26.518447,1.0287719
"021","11am",26.427387,38.78477,26.73014,6.261821,1.795883
"022","11am",38.894003,35.73294,18.51598,6.85708,0
"023","11am",25.55353,48.25266,19.62439,5.519915,1.0495042
"024","11am",33.764175,37.23515,18.48787,9.753241,0.7595674
"025","11am",41.663772,32.25664,16.92613,6.444076,2.7093846
"026","11am",29.75557,46.55194,18.76825,3.648856,1.2753859
"027","11am",22.165997,31.70263,33.3737,12.757669,0
"028","11am",18.083107,54.69155,13.01047,11.508914,2.7059573
"029","11am",14.948928,39.50446,25.64301,18.282532,1.6210704
"030","11am",17.687311,51.4699,18.24824,8.028427,4.5661184
"031","11am",13.737848,39.43895,30.82608,14.346441,1.6506852
"032","11am",12.710069,37.36186,34.54361,11.241533,4.1429307
"033","11am",14.476261,47.02312,26.12548,10.358739,2.0163973
"034","11am",17.113309,43.66369,22.85771,11.104526,5.2607634
"035","11am",27.890002,26.21936,19.05006,24.444144,2.3964356
"036","11am",38.250735,31.81121,22.49392,7.444142,0
"037","11am",34.424118,33.22791,21.86515,9.422968,1.0598566
"038","11am",21.122485,51.58498,17.13189,7.521771,2.6388738
"039","11am",34.161111,31.18887,24.85352,9.7965,0
"040","11am",37.399063,37.2316,19.09114,6.278197,0
"041","11am",9.265752,30.89289,27.12332,29.564002,3.1540375
"001","12am",12.617156,20.92101,35.42787,25.497558,5.5364081
"002","12am",9.513647,15.74545,37.94359,32.406018,4.3912925
"003","12am",24.070268,35.32061,25.86394,8.527793,6.2173865
"004","12am",9.708832,31.79614,24.91075,24.967557,8.6167211
"005","12am",21.350409,33.08429,30.48042,11.697603,3.3872793
"006","12am",38.887397,26.28446,21.72231,10.480923,2.6249027
"007","12am",35.950643,33.19582,23.66835,5.111628,2.0735609
"008","12am",26.869365,31.73219,24.22674,16.378543,0.7931684
"009","12am",15.237809,32.31716,24.40582,24.248103,3.7911062
"010","12am",23.994828,29.73075,33.42166,9.411954,3.4408123
"011","12am",20.216577,31.10338,34.43187,12.540376,1.7077966
"012","12am",17.23861,47.99849,17.12484,16.378638,1.2594219
"013","12am",17.324374,39.23708,29.17537,12.534367,1.7288133
"014","12am",21.213309,36.81022,33.42172,6.995819,1.5589317
"015","12am",41.712882,26.77307,23.60555,7.185932,0.7225606
"016","12am",28.373544,38.77935,16.5062,16.340905,0
"017","12am",11.45462,54.65637,18.69761,11.687965,3.5034426
"018","12am",27.448345,47.8824,17.13758,6.55908,0.972592
"019","12am",12.366499,23.05373,31.68067,31.966355,0.9327488
"020","12am",16.471654,27.90948,24.23947,29.325177,2.0542218
"021","12am",24.866775,40.56942,26.17328,7.360927,1.0295936
"022","12am",36.600945,35.10628,16.99481,11.297963,0
"023","12am",30.973129,43.3924,19.02819,5.550891,1.0553936
"024","12am",32.845048,39.25527,17.55829,9.56881,0.7725816
"025","12am",39.645461,31.75426,20.29903,5.844111,2.4571319
"026","12am",26.843992,48.74092,19.08139,3.422574,1.9111225
"027","12am",25.202873,30.25155,30.24509,14.300487,0
"028","12am",17.354403,50.60224,14.26621,15.376667,2.400487
"029","12am",13.971566,42.68811,21.95558,19.825479,1.5592582
"030","12am",17.95492,48.08586,22.0402,7.597809,4.3212073
"031","12am",15.839167,37.95743,29.62297,16.092683,0.4877563
"032","12am",10.707138,34.85594,36.60699,12.640857,5.1890802
"033","12am",14.231653,45.6665,26.5983,9.330625,4.172914
"034","12am",17.365932,43.89387,23.86713,9.829173,5.0438888
"035","12am",27.742586,28.508,18.29577,22.945073,2.5085762
"036","12am",35.830594,28.14745,25.23717,10.784783,0
"037","12am",31.682474,41.02874,20.57058,5.512615,1.2055923
"038","12am",20.162498,49.93991,19.0985,8.280153,2.5189408
"039","12am",35.223617,30.61411,24.80606,9.356213,0
"040","12am",39.351228,38.77616,17.21703,4.655576,0
"041","12am",8.924381,30.08034,26.91793,29.963371,4.113979
"001","1pm",16.649785,19.74366,32.39684,25.468715,5.7410004
"002","1pm",8.963495,18.53552,34.18989,33.123726,5.1873729
"003","1pm",24.83359,34.70195,24.64187,9.412346,6.410246
"004","1pm",10.510183,35.19426,25.51161,22.635145,6.1488059
"005","1pm",20.765415,34.36825,32.79907,9.434613,2.6326542
"006","1pm",37.313954,25.94236,23.75708,10.484029,2.5025742
"007","1pm",30.386318,37.61214,23.27216,6.724995,2.0043924
"008","1pm",28.524987,31.01794,22.60997,17.8471,0
"009","1pm",16.192608,34.7687,23.41262,21.2531,4.3729745
"010","1pm",22.891152,30.11964,34.25898,10.440856,2.2893747
"011","1pm",18.850387,30.9674,31.64596,15.979161,2.5570857
"012","1pm",16.843695,48.6082,18.43777,14.392587,1.7177546
"013","1pm",18.934654,33.58126,35.24868,10.428874,1.8065361
"014","1pm",23.238621,35.72462,31.92635,7.593431,1.5169768
"015","1pm",41.163692,28.77274,23.70907,5.634236,0.7202604
"016","1pm",30.462301,38.50617,15.91908,15.112442,0
"017","1pm",12.675948,55.14705,19.38296,11.941596,0.8524397
"018","1pm",26.105658,47.38756,19.33738,6.078691,1.0907062
"019","1pm",15.329806,21.31766,27.80098,33.239042,2.3125154
"020","1pm",14.347331,28.83816,27.1219,28.616813,1.0757904
"021","1pm",25.572883,39.33142,27.57467,6.579914,0.9411163
"022","1pm",34.763428,40.60349,18.91294,5.720143,0
"023","1pm",25.859927,46.87681,20.43854,5.734433,1.0902905
"024","1pm",33.478511,42.37234,13.70097,9.622374,0.8257988
"025","1pm",39.452884,32.452,18.19951,7.329995,2.5656111
"026","1pm",26.129623,50.28831,18.04541,3.552818,1.983849
"027","1pm",24.426171,31.85771,31.04512,12.670998,0
"028","1pm",17.942116,51.32269,13.71313,14.540288,2.4817805
"029","1pm",13.498315,43.46387,19.11338,22.146996,1.7774387
"030","1pm",15.533971,48.0265,25.35734,6.778989,4.3032003
"031","1pm",16.917147,36.83646,27.52465,16.560719,2.161031
"032","1pm",13.969848,37.27306,34.31588,10.061101,4.3801172
"033","1pm",13.682807,45.48117,27.4572,9.795734,3.5830886
"034","1pm",19.598128,44.09655,22.34512,8.698321,5.2618756
"035","1pm",26.795738,29.45454,19.39713,21.821187,2.5314073
"036","1pm",34.099983,30.52116,23.95105,10.662365,0.7654402
"037","1pm",38.441653,38.40485,18.88915,3.66655,0.5977999
"038","1pm",18.879097,51.42131,19.89166,7.351793,2.4561395
"039","1pm",37.264562,25.07034,26.07563,11.589466,0
"040","1pm",37.675132,38.63321,17.45426,6.2374,0
"041","1pm",9.436515,30.84186,25.38647,29.571356,4.7637963
"001","2pm",19.504022,19.90493,31.80642,23.203678,5.5809508
"002","2pm",8.187687,18.99967,33.84925,33.129309,5.8340853
"003","2pm",25.463785,36.56011,19.85092,8.693652,9.4315338
"004","2pm",9.852061,35.49623,27.20274,21.913214,5.5357532
"005","2pm",21.839888,37.31242,31.11893,7.643304,2.0854549
"006","2pm",41.335342,21.4738,23.72515,12.733463,0.7322507
"007","2pm",24.475068,41.35656,24.52535,7.122138,2.5208765
"008","2pm",28.859609,32.73083,19.64025,17.940935,0.8283809
"009","2pm",16.647169,31.75775,24.15295,22.524069,4.9180629
"010","2pm",20.942464,27.90027,36.01138,12.733262,2.4126148
"011","2pm",17.223861,39.23143,25.16495,16.088032,2.2917336
"012","2pm",17.363069,47.37169,21.02433,12.513659,1.7272577
"013","2pm",18.329241,33.44126,34.59833,12.549904,1.081258
"014","2pm",23.748111,37.20379,31.38369,6.056892,1.6075155
"015","2pm",40.73734,30.01045,20.52292,8.074581,0.6547119
"016","2pm",28.518083,40.83285,14.60284,16.046234,0
"017","2pm",14.340328,52.46539,19.71538,12.597037,0.8818632
"018","2pm",26.457095,46.75944,19.03429,6.570267,1.1789102
"019","2pm",15.904429,23.42292,32.49068,25.782777,2.3991977
"020","2pm",13.076141,26.2895,30.44572,29.030797,1.1578495
"021","2pm",25.684912,39.19336,27.71155,6.499486,0.9106873
"022","2pm",37.035255,40.99629,14.49781,7.470638,0
"023","2pm",24.041717,48.88688,18.29576,8.775645,0
"024","2pm",33.167907,40.28741,13.39925,12.286903,0.8585347
"025","2pm",36.721793,35.33747,18.02591,8.582815,1.3320111
"026","2pm",26.958165,47.92224,19.57204,3.559802,1.9877487
"027","2pm",19.919551,33.28306,32.4665,14.330892,0
"028","2pm",21.627497,55.80271,11.20368,8.823816,2.5423
"029","2pm",13.87181,41.79255,20.29385,21.587537,2.4542572
"030","2pm",15.083492,52.54134,20.37493,7.678456,4.3217836
"031","2pm",16.192553,35.28613,28.00208,17.546886,2.9723518
"032","2pm",12.221663,38.29138,34.26198,11.378805,3.8461723
"033","2pm",16.696404,46.45471,23.5873,8.453836,4.8077525
"034","2pm",20.963777,47.85418,19.93391,6.247238,5.0009019
"035","2pm",27.9936,32.12574,18.88982,18.457183,2.5336605
"036","2pm",36.754958,28.14323,26.33268,8.769133,0
"037","2pm",41.158668,38.72002,16.8358,3.285514,0
"038","2pm",16.294218,51.73137,19.83103,9.608907,2.5344752
"039","2pm",33.927083,26.66514,27.89378,11.513993,0
"040","2pm",38.406715,37.14119,18.63774,5.814355,0
"041","2pm",10.762411,31.44068,27.97729,25.449554,4.3700657
"001","3pm",16.41653,20.28534,32.60668,25.450352,5.2410949
"002","3pm",6.677184,17.55667,35.21282,34.155666,6.3976592
"003","3pm",22.54153,38.73354,21.40605,7.748292,9.570586
"004","3pm",9.375194,35.31902,25.25204,23.608317,6.4454298
"005","3pm",21.999744,36.22217,32.55973,7.126745,2.0916163
"006","3pm",43.418153,21.6272,22.88825,11.043501,1.0229011
"007","3pm",24.772658,39.47623,25.72804,7.886093,2.1369863
"008","3pm",29.006546,31.78326,21.88198,16.506045,0.8221757
"009","3pm",15.021142,32.9924,23.81235,23.321358,4.8527488
"010","3pm",22.251908,29.72098,31.93284,13.768961,2.3253125
"011","3pm",19.024365,37.21124,24.74663,15.392681,3.6250811
"012","3pm",15.928147,47.63282,20.97473,13.609314,1.8549887
"013","3pm",19.825837,33.24322,33.69853,12.171431,1.0609789
"014","3pm",22.883645,38.02808,30.14272,7.254102,1.6914465
"015","3pm",40.71475,27.31918,24.31568,6.954141,0.6962483
"016","3pm",29.227875,39.24771,18.36746,13.156957,0
"017","3pm",16.533118,53.87621,16.12107,12.165659,1.3039427
"018","3pm",28.670023,44.54026,18.6394,7.071859,1.0784605
"019","3pm",17.328274,22.89063,35.92276,22.680641,1.1776968
"020","3pm",15.758777,24.62883,28.54069,29.958661,1.1130337
"021","3pm",23.246477,38.14015,30.35192,6.831464,1.4299867
"022","3pm",35.194151,44.98498,12.66666,7.154202,0
"023","3pm",25.563065,45.89867,20.3905,7.189596,0.9581674
"024","3pm",32.41561,39.72072,14.5102,12.481348,0.8721213
"025","3pm",39.010115,35.9513,16.6399,7.103478,1.2952059
"026","3pm",24.297425,49.13262,22.62135,3.2664,0.6822109
"027","3pm",20.510521,35.77225,30.11552,13.601713,0
"028","3pm",22.445064,55.27412,11.35033,8.561583,2.3689077
"029","3pm",14.199485,44.44021,18.08618,21.409981,1.8641388
"030","3pm",15.715684,50.38548,23.49049,6.896398,3.5119492
"031","3pm",15.759079,34.51798,29.06695,18.006792,2.6491912
"032","3pm",15.834648,37.82435,32.13484,10.832494,3.3736751
"033","3pm",18.126723,46.40496,22.18629,8.434034,4.8479876
"034","3pm",18.285702,47.71325,22.58658,6.31883,5.0956362
"035","3pm",27.89264,32.54754,14.79764,20.941265,3.8209115
"036","3pm",36.746106,29.29191,25.15506,8.806922,0
"037","3pm",37.418909,42.31243,17.93649,2.332166,0
"038","3pm",18.450882,45.85732,24.12254,8.822277,2.7469835
"039","3pm",35.815267,27.28853,26.01525,10.88095,0
"040","3pm",37.16163,38.9492,15.52656,8.362608,0
"041","3pm",9.605758,32.37698,26.84984,26.64625,4.5211812
"001","4pm",17.567205,19.3055,31.14048,27.232839,4.7539761
"002","4pm",7.894345,18.53005,32.24764,35.356813,5.9711502
"003","4pm",23.550677,32.7676,21.47486,12.255685,9.9511764
"004","4pm",8.697247,38.49005,21.74187,23.724718,7.3461185
"005","4pm",25.303616,36.49228,29.66734,6.205669,2.3310936
"006","4pm",39.146851,22.75867,25.35524,12.218877,0.5203555
"007","4pm",28.558353,31.08241,29.98035,8.125967,2.2529266
"008","4pm",27.800874,33.16849,23.6832,14.652227,0.6952072
"009","4pm",13.654322,32.27306,24.73811,23.903761,5.4307449
"010","4pm",21.854596,32.13425,31.39693,12.849385,1.7648356
"011","4pm",19.382565,39.47823,23.67859,13.588123,3.872487
"012","4pm",16.018867,47.88829,22.27667,11.79553,2.0206444
"013","4pm",22.131503,22.09461,39.1553,14.724564,1.8940222
"014","4pm",24.567371,35.96172,31.61111,7.116722,0.743075
"015","4pm",46.262918,27.43028,20.28705,4.658917,1.3608333
"016","4pm",27.054526,39.92209,19.3946,13.628789,0
"017","4pm",14.922646,52.52773,20.47199,11.645985,0.4316454
"018","4pm",28.293559,41.32339,18.82425,10.561012,0.9977891
"019","4pm",16.511268,20.90831,37.81188,23.64637,1.1221699
"020","4pm",16.298656,26.12771,28.01301,27.681482,1.8791373
"021","4pm",20.395782,45.23572,27.41035,5.658903,1.2992496
"022","4pm",32.124354,40.56504,17.25509,10.055517,0
"023","4pm",28.474914,42.63338,23.11865,4.077284,1.695776
"024","4pm",32.399276,39.37732,16.65931,10.77839,0.7857039
"025","4pm",34.763691,39.95496,15.31123,8.818038,1.1520805
"026","4pm",26.576197,49.92711,20.18544,2.62249,0.6887656
"027","4pm",20.350177,37.67684,28.22436,13.748628,0
"028","4pm",19.414476,44.89354,16.38173,15.765713,3.5445465
"029","4pm",13.261603,46.85638,16.83514,21.348847,1.6980345
"030","4pm",16.89065,44.23183,26.62954,8.821089,3.4269001
"031","4pm",14.566155,33.21883,30.56199,18.002502,3.6505235
"032","4pm",15.560861,34.52592,33.47359,12.212921,4.2267093
"033","4pm",16.020213,46.57126,22.65242,10.471506,4.2846021
"034","4pm",14.991806,56.77953,14.24784,8.370343,5.6104723
"035","4pm",22.715954,38.10019,13.04394,21.718949,4.4209746
"036","4pm",37.207667,29.19561,23.05719,10.539537,0
"037","4pm",38.752299,40.21525,18.84889,2.183564,0
"038","4pm",17.040869,50.32285,23.4787,6.0397,3.117879
"039","4pm",34.426413,27.26593,29.00766,9.299998,0
"040","4pm",38.727227,35.99939,18.4332,6.840185,0
"041","4pm",5.157674,30.75735,29.63239,28.967679,5.4849064
"001","5pm",12.600913,19.23882,35.67599,25.080848,7.4034273
"002","5pm",7.618422,17.36681,31.31807,37.599614,6.0970833
"003","5pm",21.013409,34.77498,24.55845,9.593222,10.0599379
"004","5pm",11.844318,34.07129,21.02569,26.16721,6.8914856
"005","5pm",22.538678,37.45951,33.19955,5.435875,1.3663829
"006","5pm",30.607401,28.39035,25.95647,14.328862,0.716922
"007","5pm",29.874543,35.61494,26.27141,6.316004,1.9230985
"008","5pm",31.988157,31.80918,19.93318,15.524109,0.7453734
"009","5pm",12.384831,33.2852,23.36548,26.854802,4.1096899
"010","5pm",24.30463,29.9845,35.09029,8.044304,2.5762792
"011","5pm",21.622946,32.96243,29.16021,13.146294,3.1081233
"012","5pm",15.19248,47.76101,19.26841,15.947331,1.8307637
"013","5pm",20.650745,23.90221,40.98288,12.168558,2.2956065
"014","5pm",32.779977,36.26285,26.6471,2.92494,1.3851402
"015","5pm",39.402646,25.22637,24.30397,7.842761,3.2242566
"016","5pm",29.22088,40.07061,17.90816,12.800353,0
"017","5pm",15.541304,49.69501,20.03261,13.53801,1.1930722
"018","5pm",27.398206,41.7134,18.54368,11.42694,0.9177714
"019","5pm",13.287648,19.85294,35.00496,30.951378,0.9030802
"020","5pm",12.589783,30.45131,23.17609,32.300375,1.4824464
"021","5pm",17.568493,49.77982,26.53303,3.686806,2.4318553
"022","5pm",30.763857,39.85162,17.60439,11.780132,0
"023","5pm",38.280291,39.87459,18.2385,2.754353,0.8522678
"024","5pm",27.900236,46.11821,17.07987,8.277286,0.6243995
"025","5pm",33.139933,38.38816,18.64184,7.663397,2.1666691
"026","5pm",28.469593,47.97792,17.04287,4.859201,1.650412
"027","5pm",18.600456,33.40601,34.13595,13.857578,0
"028","5pm",20.499966,43.11246,15.39239,16.729365,4.265824
"029","5pm",14.775938,46.80332,15.95732,21.81131,0.65211
"030","5pm",15.247092,42.68413,29.06459,10.041001,2.9631874
"031","5pm",14.404708,34.01916,29.79119,19.819438,1.9655039
"032","5pm",13.768915,36.11994,30.17097,13.631326,6.3088548
"033","5pm",15.675381,49.09057,20.62175,12.0612,2.5511005
"034","5pm",14.518839,52.34992,20.29857,8.303373,4.5292997
"035","5pm",27.328153,37.30409,11.73865,20.959416,2.669688
"036","5pm",38.433669,27.36717,25.2481,8.951057,0
"037","5pm",38.951988,36.20376,19.51558,3.653541,1.6751298
"038","5pm",15.995131,52.88868,19.67347,7.81431,3.6284095
"039","5pm",35.832142,28.77436,24.93772,10.455783,0
"040","5pm",36.083519,36.26251,20.12599,7.527978,0
"041","5pm",6.303596,25.91716,24.33321,36.895276,6.5507557
"001","6pm",9.77046,20.32645,33.0184,28.860617,8.024073
"002","6pm",6.746436,13.7081,34.19984,34.047791,11.297828
"003","6pm",21.778664,29.22781,22.50895,15.116434,11.3681448
"004","6pm",13.802023,31.26653,20.36015,30.456772,4.1145175
"005","6pm",21.141389,35.66014,36.10933,5.79459,1.2945461
"006","6pm",27.903177,30.18198,23.5478,16.748195,1.6188495
"007","6pm",31.972997,37.22723,21.94794,6.958598,1.8932403
"008","6pm",28.873728,31.52812,24.01391,14.911447,0.6728024
"009","6pm",9.813367,30.69972,28.61306,26.002678,4.8711777
"010","6pm",27.847897,25.45456,38.43071,6.080804,2.1860247
"011","6pm",20.298785,35.9847,27.99186,14.886446,0.8382068
"012","6pm",14.703583,46.09034,20.72995,16.283325,2.1927983
"013","6pm",20.684008,22.47054,35.56544,17.869345,3.4106652
"014","6pm",30.58304,38.70026,25.11718,3.473432,2.1260885
"015","6pm",36.881779,21.41502,27.61456,11.227379,2.8612605
"016","6pm",28.543834,40.10848,19.06593,12.281763,0
"017","6pm",15.777727,51.1095,21.0489,11.06576,0.9981133
"018","6pm",28.817309,43.4591,17.44204,10.28156,0
"019","6pm",8.586039,19.66886,31.35444,38.823536,1.5671197
"020","6pm",13.237882,32.2844,23.76191,29.92721,0.7885923
"021","6pm",18.034573,52.62029,23.18854,5.376831,0.7797622
"022","6pm",30.061841,36.3545,23.54045,10.04321,0
"023","6pm",38.933367,38.466,19.9759,1.782584,0.8421466
"024","6pm",27.24531,45.5546,19.9759,6.646609,0.5775758
"025","6pm",35.475153,38.10764,19.39683,5.002985,2.0173875
"026","6pm",27.268607,44.84739,21.27428,4.511538,2.09818
"027","6pm",15.682021,34.47559,33.32282,16.519567,0
"028","6pm",18.17462,40.93134,17.88648,17.650399,5.3571662
"029","6pm",13.51386,48.31783,16.21971,21.286926,0.6616795
"030","6pm",16.774842,41.79174,30.07499,7.700367,3.6580593
"031","6pm",16.342265,33.93268,28.51327,19.068637,2.1431505
"032","6pm",12.534252,37.4805,30.28696,15.899681,3.7986075
"033","6pm",13.102155,45.51993,22.77099,12.862018,5.7448994
"034","6pm",13.470797,49.35298,20.10745,9.426341,7.6424316
"035","6pm",24.461951,35.11809,16.40204,19.701271,4.3166528
"036","6pm",43.101288,28.50908,19.08796,9.301674,0
"037","6pm",40.411235,37.21246,17.39329,3.931986,1.0510304
"038","6pm",18.380115,48.65481,20.8162,11.415003,0.7338727
"039","6pm",35.436402,28.04462,26.59085,9.928132,0
"040","6pm",36.133811,38.18062,20.58156,5.104012,0
"041","6pm",4.057131,30.23725,27.81117,33.699717,4.1947298
"001","7pm",7.470465,20.33087,31.30241,30.786083,10.1101747
"002","7pm",6.265865,13.49258,31.57214,39.135779,9.5336398
"003","7pm",18.16262,31.77751,19.86563,18.1873,12.0069411
"004","7pm",11.994494,31.58007,20.76549,28.592688,7.0672569
"005","7pm",21.945193,34.14804,36.44181,6.675191,0.7897613
"006","7pm",31.022238,26.24889,25.78303,14.006298,2.9395447
"007","7pm",30.821898,39.15116,22.74536,6.637014,0.644561
"008","7pm",26.772142,32.64246,22.44305,17.518524,0.6238322
"009","7pm",10.898128,30.40036,30.96163,25.342319,2.3975655
"010","7pm",27.990936,24.70319,36.15484,7.648984,3.5020506
"011","7pm",21.267237,38.40262,29.75736,6.42023,4.1525587
"012","7pm",13.99524,48.35323,21.46942,14.539598,1.642513
"013","7pm",21.220649,23.97948,36.35664,13.465054,4.9781792
"014","7pm",27.184018,39.20942,25.73787,5.795579,2.073108
"015","7pm",36.094918,20.28727,28.71317,12.089521,2.8151182
"016","7pm",27.532362,42.36446,16.14625,13.956929,0
"017","7pm",14.741843,51.07353,21.53821,11.668296,0.9781158
"018","7pm",28.840041,42.99437,16.27715,11.888438,0
"019","7pm",8.799255,18.07443,32.48759,39.253816,1.3849115
"020","7pm",14.183229,27.83676,23.52734,31.374653,3.0780206
"021","7pm",19.939437,50.57189,23.53681,5.153485,0.7983824
"022","7pm",32.466592,32.34557,25.23299,9.954851,0
"023","7pm",37.747287,39.97669,19.77777,1.696685,0.8015655
"024","7pm",26.769051,44.65284,21.44582,5.979725,1.1525686
"025","7pm",34.364144,38.97715,18.9211,5.783404,1.954207
"026","7pm",27.179865,45.23672,20.50452,5.056632,2.0222621
"027","7pm",16.525209,33.08427,33.94827,16.442243,0
"028","7pm",18.254637,40.32197,18.11455,18.649826,4.6590192
"029","7pm",14.537372,46.16911,16.62418,21.342524,1.3268154
"030","7pm",16.959674,40.77567,31.13425,7.432034,3.6983653
"031","7pm",18.485847,34.30979,28.6343,18.570064,0
"032","7pm",12.788528,35.53475,31.04131,17.265179,3.3702369
"033","7pm",13.649873,43.92991,22.73794,13.590142,6.0921289
"034","7pm",12.968016,48.70651,20.40652,7.798205,10.1207476
"035","7pm",24.053388,34.39323,17.02819,20.819237,3.7059478
"036","7pm",42.807996,30.34087,18.24708,8.604058,0
"037","7pm",38.305122,35.57829,21.21326,3.226286,1.6770383
"038","7pm",21.333186,48.34499,20.00246,9.614176,0.7051844
"039","7pm",33.833969,27.44233,28.99662,9.727083,0
"040","7pm",37.315411,38.04475,19.58198,5.057868,0
"041","7pm",4.856441,28.31999,28.06267,33.833163,4.9277377
"001","8pm",7.155785,18.86931,29.17015,34.607726,10.1970255
"002","8pm",6.2375,11.36345,32.54822,40.790965,9.059861
"003","8pm",17.591113,28.60829,20.51256,17.245595,16.0424429
"004","8pm",9.725778,31.27943,19.65038,32.608502,6.7359093
"005","8pm",23.91302,36.63853,31.01222,7.603683,0.8325522
"006","8pm",33.003565,26.50265,25.08823,12.433099,2.9724557
"007","8pm",27.740707,43.04094,22.2724,6.331099,0.6148517
"008","8pm",25.758625,35.89051,22.57289,15.16316,0.6148183
"009","8pm",11.379966,28.71256,31.26367,26.64597,1.9978304
"010","8pm",27.53122,25.22985,36.22688,7.567514,3.4445338
"011","8pm",25.842195,32.9437,32.45718,5.356741,3.4001864
"012","8pm",14.517066,47.2959,21.2659,14.531179,2.389954
"013","8pm",20.624962,25.21816,36.25851,14.320044,3.5783223
"014","8pm",27.477846,38.22951,27.90463,3.398448,2.9895695
"015","8pm",36.730154,20.17385,28.93575,11.335887,2.8243598
"016","8pm",28.296054,40.41881,16.59411,14.691024,0
"017","8pm",14.457771,49.56404,21.59229,11.930477,2.4554164
"018","8pm",27.990148,42.30083,16.46487,13.244149,0
"019","8pm",8.216627,18.8285,34.76846,36.893196,1.293212
"020","8pm",13.802218,29.47635,22.91243,31.570483,2.2385224
"021","8pm",20.045832,52.27366,23.28415,3.593715,0.8026425
"022","8pm",32.502447,30.97096,26.1938,10.332788,0
"023","8pm",37.467593,41.16241,18.89026,1.684113,0.7956261
"024","8pm",26.529885,42.71799,22.17558,7.434278,1.1422711
"025","8pm",35.09111,37.91011,18.53894,6.464296,1.9955478
"026","8pm",26.822097,45.36809,21.45674,4.336359,2.0167097
"027","8pm",15.898321,34.37596,35.35771,14.368015,0
"028","8pm",18.738004,41.66684,18.16832,16.886041,4.5407969
"029","8pm",14.207258,44.18744,18.46799,21.84062,1.2966861
"030","8pm",16.514954,39.74458,31.52207,8.723118,3.4952789
"031","8pm",16.97102,34.78255,29.41229,18.834137,0
"032","8pm",15.906965,37.83646,32.21449,12.316069,1.7260205
"033","8pm",13.681778,45.17997,22.4534,13.621908,5.0629517
"034","8pm",12.380645,47.1945,21.83513,8.92738,9.6623407
