"district","hour","occ1","occ2","occ3","occ4","occ5"
"001","4am",37.62951,27.279786,8.11694,25.37222,1.601539
"002","4am",54.61398,12.006412,3.019317,26.9493,3.410995
"003","4am",47.5424,12.496422,9.425027,21.71325,8.822906
"004","4am",51.52366,11.082663,10.584424,19.53633,7.272928
"005","4am",36.69859,13.692944,16.308765,22.24312,11.056579
"006","4am",41.57331,11.849638,14.826002,18.90479,12.846264
"007","4am",43.60748,10.665131,12.562168,25.44107,7.724149
"008","4am",44.66473,8.917802,12.394292,22.6367,11.386473
"009","4am",56.84807,11.658895,6.818246,19.36482,5.309972
"010","4am",38.88628,10.911723,12.466373,27.68652,10.049096
"011","4am",36.44101,25.709887,7.915562,21.71101,8.222529
"012","4am",42.77601,9.889089,16.004981,24.41385,6.916065
"013","4am",51.26057,6.547471,10.308579,23.86818,8.015202
"014","4am",36.07371,10.390639,14.945831,23.83433,14.755484
"015","4am",35.31772,11.912575,10.359901,28.69512,13.714686
"016","4am",39.53696,8.762575,10.183629,27.41818,14.098659
"017","4am",42.33625,10.371186,6.42003,27.42045,13.452083
"018","4am",50.44433,9.484567,11.044009,23.2401,5.786996
"019","4am",57.37809,9.037145,8.225136,22.50361,2.856023
"020","4am",51.27485,8.910418,7.870734,25.54612,6.397882
"021","4am",44.33391,9.441173,13.204931,22.77501,10.24498
"022","4am",28.86897,16.14862,15.586557,23.76724,15.628611
"023","4am",39.74684,8.601001,11.132115,20.53975,19.980295
"024","4am",39.80581,11.563175,10.812922,20.64261,17.175488
"025","4am",38.85583,11.583942,12.147904,23.77917,13.633148
"026","4am",40.00477,9.274486,14.197599,25.31492,11.208231
"027","4am",48.05936,10.823785,9.664886,23.44784,8.004129
"028","4am",44.79745,9.363988,11.471716,26.0684,8.298446
"029","4am",49.26213,9.676726,4.963024,27.67006,8.42806
"030","4am",40.35751,9.410903,12.377314,30.46036,7.39392
"031","4am",46.39096,10.748782,9.905163,24.71148,8.243613
"032","4am",45.49785,10.692194,10.078188,24.47554,9.256234
"033","4am",50.39035,7.652233,10.185532,26.83504,4.936853
"034","4am",53.61591,9.220044,6.392534,21.89547,8.876045
"035","4am",52.98555,10.605001,7.460809,20.80758,8.141058
"036","4am",38.98993,8.517281,15.704034,23.15699,13.631764
"037","4am",35.02823,8.013451,13.106005,25.99184,17.860478
"038","4am",47.80823,11.691166,6.592845,24.49263,9.415131
"039","4am",46.69509,11.401413,4.846655,25.44449,11.612359
"040","4am",38.02487,8.789603,12.377943,26.97051,13.837081
"041","4am",58.40254,7.091996,6.047068,23.46233,4.996069
"001","5am",38.09982,27.074082,8.055734,25.1809,1.589463
"002","5am",54.80377,11.956206,3.006691,26.83661,3.396732
"003","5am",47.73723,12.450008,9.390021,21.6326,8.790136
"004","5am",49.14463,11.626556,11.103866,20.49509,7.629854
"005","5am",35.70696,13.907448,16.564246,22.59157,11.229784
"006","5am",41.2534,11.91452,14.90718,19.0083,12.916603
"007","5am",41.64232,11.036789,12.999933,26.32764,7.993319
"008","5am",42.25909,9.305494,12.933121,23.62081,11.881488
"009","5am",58.62398,11.179075,6.537642,18.56786,5.091441
"010","5am",37.53887,11.152301,12.741227,28.29695,10.270655
"011","5am",36.86698,25.537581,7.862513,21.5655,8.167423
"012","5am",45.5793,9.404643,15.220929,23.21787,6.577261
"013","5am",51.98208,6.384307,10.051687,23.76646,7.815462
"014","5am",34.40378,10.662071,15.336257,24.45695,15.140938
"015","5am",33.97427,12.159999,10.575077,29.29111,13.99954
"016","5am",38.57291,8.90229,10.346001,27.85535,14.323454
"017","5am",43.22534,10.211277,6.321042,26.99767,13.24467
"018","5am",55.40107,8.535886,9.939347,20.91554,5.20816
"019","5am",56.5339,9.216138,8.388046,22.94932,2.91259
"020","5am",50.35887,9.077924,8.018695,26.02636,6.518155
"021","5am",44.06436,9.48689,13.268873,22.88529,10.294589
"022","5am",28.90562,16.140301,15.578528,23.755,15.62056
"023","5am",36.56416,9.055322,11.720134,21.6247,21.035692
"024","5am",38.03015,11.904275,11.131891,21.25154,17.682145
"025","5am",36.25467,12.076741,12.664694,24.79077,14.213123
"026","5am",38.53585,9.501562,14.545213,25.93473,11.482653
"027","5am",46.48273,11.152335,9.958258,24.15959,8.247089
"028","5am",42.32146,9.783989,11.986255,27.23764,8.670655
"029","5am",51.4841,9.252952,4.745677,26.45831,8.058969
"030","5am",37.24971,9.901277,13.022259,32.04755,7.779195
"031","5am",47.39214,10.548042,9.720178,24.24998,8.089658
"032","5am",46.71267,10.599036,9.99038,23.52233,9.175587
"033","5am",49.61723,7.771486,10.344263,27.25323,5.013789
"034","5am",52.90624,9.36111,6.490339,22.23047,9.011847
"035","5am",49.31181,11.03671,8.125148,22.66036,8.865969
"036","5am",38.75267,8.550403,15.765105,23.24704,13.684776
"037","5am",35.51401,8.021168,13.118627,26.01687,17.329324
"038","5am",45.3025,12.252461,6.909368,25.66852,9.867153
"039","5am",45.55411,11.645458,4.950397,25.98912,11.860918
"040","5am",35.63165,9.129021,12.855927,28.01199,14.371412
"041","5am",57.71943,7.20846,6.146373,23.84762,5.078114
"001","6am",37.74353,26.669485,8.231737,25.73106,1.62419
"002","6am",53.35868,12.494984,2.550602,28.04593,3.549797
"003","6am",47.70145,12.553049,9.467736,21.41488,8.862886
"004","6am",48.91441,11.919988,10.33083,21.01235,7.822417
"005","6am",37.00596,11.685239,16.826012,22.94858,11.534203
"006","6am",36.64867,12.848414,16.075648,20.49822,13.929044
"007","6am",39.73264,11.397953,13.42534,27.18918,8.25489
"008","6am",42.61519,9.248105,12.853359,23.47514,11.808212
"009","6am",58.58454,10.536152,6.685375,18.98744,5.206493
"010","6am",36.00156,10.926159,13.179135,29.26949,10.623651
"011","6am",35.39754,25.614589,8.15372,22.36423,8.469923
"012","6am",45.64791,7.48952,16.283551,23.82871,6.750304
"013","6am",51.23203,6.001685,10.325152,24.41305,8.028088
"014","6am",31.8394,10.381727,16.130436,25.72344,15.925002
"015","6am",32.6065,10.34824,10.254447,31.65938,15.131439
"016","6am",38.29957,7.396703,10.696403,28.79876,14.808566
"017","6am",42.0603,8.566942,6.702418,28.62656,14.04378
"018","6am",55.39587,8.218308,10.028308,21.10274,5.254775
"019","6am",57.14835,9.085857,8.269471,22.62491,2.871417
"020","6am",49.75032,8.687173,8.21624,26.66753,6.678733
"021","6am",41.18225,10.204953,13.887069,23.95152,10.774213
"022","6am",25.23044,17.078727,16.484292,25.13615,16.070389
"023","6am",38.99338,7.4961,11.53263,21.27873,20.699152
"024","6am",35.64631,9.528929,12.190077,23.27169,19.362992
"025","6am",33.52868,11.860934,13.674522,26.76748,14.168381
"026","6am",37.73724,7.304867,15.383649,27.42969,12.144553
"027","6am",41.8753,9.814933,11.355644,27.54977,9.404356
"028","6am",38.78103,10.503041,12.867157,28.54089,9.307884
"029","6am",50.39017,7.218527,4.990301,27.82214,9.578863
"030","6am",40.10737,7.656626,12.871213,31.67583,7.688964
"031","6am",49.9533,7.729348,10.034555,24.20735,8.07544
"032","6am",46.73664,9.768315,10.179183,23.96687,9.348991
"033","6am",48.31733,8.206642,10.554187,27.8063,5.115538
"034","6am",49.56742,10.17297,7.053226,24.15845,9.04794
"035","6am",48.45307,11.223689,8.262801,23.04426,9.016172
"036","6am",36.44486,6.723696,17.00201,25.07097,14.758463
"037","6am",36.55145,6.42794,13.247755,26.27296,17.499899
"038","6am",45.98962,10.408363,7.350501,25.75439,10.497127
"039","6am",46.02167,8.809569,5.224323,27.42721,12.517233
"040","6am",31.79557,9.673071,13.622085,29.68139,15.227886
"041","6am",54.66825,7.728659,6.589927,25.56859,5.444577
"001","7am",40.56808,27.4073351,7.593365,22.7666,1.664629
"002","7am",40.50462,37.2117899,1.612383,18.39147,2.279737
"003","7am",44.9998,10.2103593,11.957969,23.22135,9.610523
"004","7am",36.31878,30.3140824,8.664765,17.62366,7.078711
"005","7am",42.71838,8.6488752,15.948436,21.75168,10.932626
"006","7am",27.62318,18.9382554,16.766694,22.29586,14.376011
"007","7am",39.55324,10.7692277,13.273221,28.44479,7.959521
"008","7am",35.00899,5.6171574,15.954959,28.76128,14.657611
"009","7am",60.81798,6.0959948,7.715694,19.94745,5.422883
"010","7am",40.46597,5.9497612,12.690034,30.00399,10.890243
"011","7am",28.84892,34.8500059,7.591815,20.82303,7.886227
"012","7am",45.70252,7.2398753,16.516831,23.69376,6.84701
"013","7am",50.09012,5.1318765,10.961196,24.51432,9.30249
"014","7am",27.99885,9.6340466,17.827841,26.93847,17.60079
"015","7am",35.66179,2.8776161,11.048146,34.10983,16.30262
"016","7am",34.24775,3.6103956,12.094805,33.30248,16.744575
"017","7am",43.38746,4.7957947,7.60261,30.78295,13.431185
"018","7am",54.40996,5.4539714,11.061913,23.27777,5.796378
"019","7am",51.54721,3.6931026,11.343753,29.47703,3.938903
"020","7am",51.39188,0.6827236,7.206186,33.71882,7.000389
"021","7am",34.1408,21.6705518,13.160461,21.4012,9.626992
"022","7am",23.87029,8.9268329,19.202215,29.28059,18.720068
"023","7am",41.07032,5.4171177,11.533072,21.27955,20.699946
"024","7am",33.33531,7.4477012,13.166673,25.13608,20.914239
"025","7am",32.94169,1.9523414,16.591248,30.83583,17.678891
"026","7am",31.38024,5.0481184,17.955664,31.44096,14.175018
"027","7am",34.55867,7.3835098,13.647013,33.10882,11.30199
"028","7am",30.91243,5.1584983,16.40173,36.381,11.146347
"029","7am",52.76869,3.8894341,5.212357,29.27805,8.851471
"030","7am",35.4386,5.1599341,14.636818,36.02095,8.743695
"031","7am",55.73122,2.9620822,9.855258,23.29863,8.152813
"032","7am",39.4934,13.2503846,10.772433,26.24582,10.237964
"033","7am",43.59598,6.8254519,11.60483,32.02591,5.947825
"034","7am",44.70298,7.352979,8.893134,28.58266,10.468248
"035","7am",45.44322,6.6306077,10.715962,26.7458,10.464414
"036","7am",40.02422,1.608617,17.461444,25.74844,15.15727
"037","7am",28.76046,16.107142,12.809063,25.40294,16.920399
"038","7am",49.52299,7.0439527,7.322018,25.65459,10.456451
"039","7am",43.2886,7.6366201,4.729755,30.27087,14.074153
"040","7am",31.72208,4.2191489,14.31314,33.10158,16.644053
"041","7am",50.2723,5.2264358,7.798828,30.25907,6.443367
"001","8am",48.71575,23.5458524,6.901709,19.73519,1.101498
"002","8am",39.87766,38.6457538,1.899783,18.06997,1.506831
"003","8am",39.83721,12.9607754,13.013031,23.94603,10.242959
"004","8am",31.9906,35.2007114,10.056461,15.34842,7.403809
"005","8am",47.25803,8.5318972,13.592569,21.59216,9.025347
"006","8am",29.96245,19.5922623,15.733605,23.37192,11.339757
"007","8am",39.39194,6.0861447,13.609718,27.54311,13.369085
"008","8am",34.03527,5.7623527,16.367371,28.79852,15.036489
"009","8am",60.86873,3.6877482,7.675402,21.43485,6.333267
"010","8am",40.99652,8.404599,10.943758,29.68188,9.973244
"011","8am",29.97733,34.6741182,9.412576,18.74804,7.187933
"012","8am",41.20761,6.9755031,18.832754,25.58934,7.394794
"013","8am",50.25259,5.1095347,7.914116,26.19301,10.530751
"014","8am",28.45203,4.8737118,18.913428,27.68446,20.07637
"015","8am",35.67085,0.8223081,13.400383,37.06129,13.045169
"016","8am",38.77456,3.594907,13.044568,30.59554,13.990421
"017","8am",42.97264,6.3534612,6.926532,30.35407,13.393297
"018","8am",56.23801,1.879831,11.438193,24.45042,5.993547
"019","8am",42.03653,2.224733,13.667003,37.32613,4.745608
"020","8am",42.41722,0,10.572458,37.81499,9.195327
"021","8am",35.8928,23.2689559,12.374915,17.20854,11.25479
"022","8am",19.81555,5.1495552,20.083915,33.91602,21.034963
"023","8am",46.65198,4.3535866,10.67913,21.82235,16.492962
"024","8am",32.25826,4.8967708,15.772043,26.27641,20.796522
"025","8am",28.15494,1.5315977,15.519448,34.27577,20.518247
"026","8am",29.30132,3.6834537,19.815096,32.37928,14.820851
"027","8am",26.53012,8.8706168,15.415617,36.41696,12.766688
"028","8am",29.29799,5.588592,15.714948,39.41429,9.984182
"029","8am",55.18552,3.9056146,4.353726,27.66685,8.888294
"030","8am",37.4805,3.1407146,15.243915,38.24498,5.889884
"031","8am",55.64078,4.1817993,8.414897,23.89763,7.864898
"032","8am",39.21739,14.4535433,10.610278,24.3132,11.40559
"033","8am",34.22232,6.9103702,14.152347,36.93501,7.779952
"034","8am",40.02911,5.5333957,10.347292,32.83349,11.256707
"035","8am",43.33724,6.0355219,10.677389,31.36807,8.581789
"036","8am",38.89967,0.4919669,17.852562,26.67852,16.077283
"037","8am",31.79549,18.1205528,11.035312,23.05673,15.991911
"038","8am",49.9562,6.0976384,7.592517,26.60235,9.751296
"039","8am",43.58578,5.7213307,4.885706,31.26897,14.538211
"040","8am",33.49475,3.2510948,14.435854,31.98258,16.835721
"041","8am",49.88768,2.2671209,8.907761,31.57788,7.359564
"001","9am",47.23211,23.960532,8.66847,18.02389,2.115001
"002","9am",40.16181,38.954964,2.24918,15.90185,2.732197
"003","9am",40.46332,12.962413,12.682049,24.96403,8.928184
"004","9am",31.01179,35.79841,7.034192,17.5398,8.615809
"005","9am",45.21151,6.618325,13.593963,24.32809,10.248108
"006","9am",27.37796,17.613807,18.274774,21.85976,14.873694
"007","9am",43.93933,5.59047,13.842365,28.22475,8.403079
"008","9am",33.59472,4.951403,16.570454,28.91781,15.965611
"009","9am",61.39349,2.858815,8.133798,22.23606,5.377833
"010","9am",41.25176,8.1534,11.989334,28.61263,9.992881
"011","9am",30.34306,34.071582,10.230179,17.86918,7.485997
"012","9am",41.12064,7.10012,18.156913,26.50239,7.119935
"013","9am",52.95764,3.668143,8.563183,23.87911,10.931924
"014","9am",30.15524,4.574639,18.913022,27.90552,18.451577
"015","9am",34.22565,1.666586,11.166414,38.4795,14.461849
"016","9am",37.35627,3.431133,12.362211,31.09804,15.75235
"017","9am",43.25637,8.045551,6.231682,28.88693,13.579464
"018","9am",55.87216,1.328969,11.220896,25.88742,5.690558
"019","9am",44.31088,2.203931,13.539213,35.24474,4.701235
"020","9am",43.06699,0,10.362726,38.66605,7.904235
"021","9am",32.6966,21.975261,11.887149,22.15305,11.287944
"022","9am",24.11971,3.816299,19.351689,29.16063,23.551678
"023","9am",52.31253,4.092095,10.456612,18.4008,14.737964
"024","9am",32.78873,5.321357,14.227785,25.79364,21.868483
"025","9am",29.49534,1.499995,16.827274,32.64867,19.528717
"026","9am",30.63557,3.099393,17.982618,31.43366,16.848766
"027","9am",25.97568,8.599744,14.571052,39.38165,11.471877
"028","9am",26.00252,4.540608,16.199732,43.55077,9.706361
"029","9am",55.05533,2.998791,6.111307,26.56091,9.273664
"030","9am",37.16009,2.767372,16.322737,38.76965,4.980149
"031","9am",55.9483,3.159869,8.25926,24.03842,8.594154
"032","9am",41.34923,14.252317,9.795481,25.43172,9.171251
"033","9am",33.19036,8.995869,13.23733,39.02821,5.548233
"034","9am",35.51334,5.62033,10.509857,35.81209,12.544379
"035","9am",44.68061,6.616369,9.315575,29.97976,9.407684
"036","9am",40.57282,1.237783,14.621617,27.83069,15.737087
"037","9am",26.96414,20.878452,12.494509,23.22004,16.442854
"038","9am",51.9565,4.857456,8.075055,25.90078,9.210218
"039","9am",44.17396,4.453688,4.806358,32.2639,14.302099
"040","9am",34.91488,3.251275,14.436656,30.56053,16.836656
"041","9am",48.44692,2.362695,9.379032,33.07048,6.74088
"001","10am",48.1691,24.136885,6.617765,18.6152,2.461049
"002","10am",38.52111,38.735344,5.177334,15.55967,2.006533
"003","10am",37.8082,13.227484,11.540715,26.69261,10.730994
"004","10am",30.83533,35.8723,9.708304,17.01499,6.569072
"005","10am",45.87332,7.15126,13.592025,21.59771,11.785686
"006","10am",27.38673,15.901284,15.887485,25.36358,15.460925
"007","10am",44.90444,4.608576,15.355059,27.65692,7.475003
"008","10am",33.00378,6.265205,15.483744,30.03554,15.21173
"009","10am",62.05114,2.905516,8.86144,20.6724,5.5095
"010","10am",42.59681,8.394038,10.718085,27.83684,10.454221
"011","10am",31.91765,33.068818,9.094587,18.03153,7.887417
"012","10am",40.32558,8.564997,15.742742,28.27662,7.090053
"013","10am",50.66565,3.680424,9.024234,27.19917,9.43052
"014","10am",30.17016,4.685365,21.497826,25.62078,18.025865
"015","10am",35.87309,1.599676,10.738877,37.04649,14.741869
"016","10am",38.16897,3.728779,14.376302,28.84417,14.881776
"017","10am",42.28938,8.881347,4.618366,30.81485,13.396056
"018","10am",56.59071,1.288485,10.330324,25.32383,6.466653
"019","10am",46.55373,2.228702,13.691384,33.80465,3.721529
"020","10am",43.79,0,9.025978,38.57693,8.607086
"021","10am",33.49656,21.572953,10.946765,23.42139,10.562327
"022","10am",21.3064,4.009893,18.822474,32.28642,23.57481
"023","10am",49.76775,4.074439,12.282324,18.12378,15.751703
"024","10am",32.85852,5.049026,14.676162,24.16608,23.250208
"025","10am",30.37467,1.525948,16.783895,31.44888,19.866605
"026","10am",30.7758,3.02983,20.628377,30.56061,15.005389
"027","10am",24.05232,11.863568,14.71612,36.3944,12.973593
"028","10am",24.81077,4.760532,16.984367,42.38776,11.056567
"029","10am",56.26982,1.933119,6.144647,27.30405,8.348361
"030","10am",34.77046,2.656575,14.840795,38.14148,9.590691
"031","10am",55.63835,3.30297,9.232587,22.56313,9.262972
"032","10am",41.16704,14.145335,9.638638,27.00923,8.039756
"033","10am",31.80413,9.306063,13.693777,40.37397,4.822056
"034","10am",36.39468,5.28005,9.873543,34.74229,13.709432
"035","10am",44.06236,4.888059,8.079767,32.31185,10.657968
"036","10am",42.95165,1.307933,10.619879,29.14599,15.974545
"037","10am",25.0484,21.705174,12.634375,23.59532,17.016735
"038","10am",52.82705,4.631048,7.707424,24.94684,9.887635
"039","10am",41.97761,4.689999,5.771124,32.5003,15.060964
"040","10am",34.01869,3.228702,15.285012,31.13698,16.330617
"041","10am",47.49077,2.317201,10.17284,32.4337,7.585485
"001","11am",49.11748,25.5197269,6.192974,18.08186,1.087952
"002","11am",40.41408,37.2404692,3.504173,15.6572,3.184081
"003","11am",35.74246,14.252663,12.910773,25.46226,11.631849
"004","11am",31.2502,36.196999,9.346037,16.50061,6.706156
"005","11am",43.2485,8.3769852,14.88629,21.42609,12.062135
"006","11am",34.24517,16.2082941,13.535785,23.82072,12.190032
"007","11am",38.11736,5.6889939,16.657175,30.23948,9.296998
"008","11am",32.34288,7.4766171,15.326635,29.41032,15.443548
"009","11am",61.0942,2.7405435,8.604299,22.63697,4.923984
"010","11am",40.9059,8.0280459,10.727953,30.03616,10.301943
"011","11am",34.66587,32.2098856,8.208762,18.39269,6.522793
"012","11am",40.26807,8.2318183,16.973064,27.02898,7.498066
"013","11am",51.4257,3.6223178,9.854455,25.23317,9.864354
"014","11am",27.50789,4.6156355,19.962374,28.26376,19.650346
"015","11am",31.8531,1.6272623,13.501321,38.02207,14.996248
"016","11am",35.74069,4.4666493,13.422776,28.85464,17.515238
"017","11am",43.36114,8.2903929,4.325931,29.16583,14.856701
"018","11am",59.38492,0.70476,10.82666,22.92273,6.160928
"019","11am",42.24551,2.2824844,14.021782,37.63888,3.811337
"020","11am",43.69298,0.8468572,9.631297,36.6231,9.20576
"021","11am",35.54945,22.5192378,11.461926,20.3141,10.155288
"022","11am",20.02893,3.6284411,21.77076,32.1371,22.43477
"023","11am",44.81081,5.7154137,15.167318,18.5589,15.747557
"024","11am",33.0924,4.8088442,13.723565,26.23099,22.144197
"025","11am",30.39208,1.5268225,16.350701,31.85241,19.87799
"026","11am",28.9836,3.8812174,20.617671,31.47326,15.044258
"027","11am",29.41089,9.9314755,13.897584,33.82961,12.930439
"028","11am",27.24468,6.2007587,16.921906,40.60965,9.023001
"029","11am",53.38578,1.8989695,6.036098,29.51962,9.159537
"030","11am",37.61408,0.8702457,11.159627,40.52021,9.835839
"031","11am",54.68172,3.4898815,8.916788,24.66719,8.244427
"032","11am",40.50194,14.6458501,10.277946,25.55254,9.021725
"033","11am",32.55478,8.6585215,14.361827,37.63572,6.78915
"034","11am",41.12147,5.1303353,9.593581,31.50913,12.645482
"035","11am",43.7507,4.847245,9.481798,32.04205,9.878201
"036","11am",38.1919,1.2572847,14.998857,29.43739,16.11457
"037","11am",26.43239,20.804729,11.622651,23.85573,17.284502
"038","11am",51.28146,3.0744756,8.800604,26.97101,9.872457
"039","11am",41.91511,5.4281024,6.00707,30.72648,15.923239
"040","11am",35.7266,3.3224261,14.55061,30.37365,16.026714
"041","11am",46.02721,2.3629436,8.942598,34.00299,8.664261
"001","12am",48.51907,26.473908,6.835672,17.59044,0.5809046
"002","12am",39.99097,34.374482,3.093672,20.18034,2.360532
"003","12am",30.69488,18.130434,12.848217,27.10757,11.2188973
"004","12am",33.47795,33.966415,8.979755,16.96723,6.6086523
"005","12am",48.48451,6.877148,12.383247,20.71013,11.5449592
"006","12am",30.36973,12.893362,17.073615,25.40713,14.2561651
"007","12am",40.6782,7.422454,15.209668,27.73101,8.9586733
"008","12am",36.1172,5.609898,14.361257,28.86802,15.0436233
"009","12am",60.63074,3.46264,8.690877,21.04403,6.1717093
"010","12am",38.027,9.058054,12.225732,29.74047,10.9487508
"011","12am",35.00264,30.15512,7.975887,19.7512,7.1151533
"012","12am",42.43524,8.032059,15.843511,26.37308,7.316113
"013","12am",51.30518,4.338302,10.755553,24.05907,9.5418938
"014","12am",25.98595,6.751643,18.362706,29.20431,19.6953893
"015","12am",31.31791,3.740937,12.042478,36.18484,16.7138282
"016","12am",35.48942,5.257757,12.94494,30.17673,16.1311597
"017","12am",43.07343,9.894843,3.993895,29.32146,13.716377
"018","12am",54.95441,1.4735,12.29132,24.84019,6.4405801
"019","12am",47.37459,2.115066,12.993296,33.98527,3.5317785
"020","12am",41.82431,4.619343,9.410226,35.15166,8.9944561
"021","12am",34.50742,22.504039,12.706022,21.05067,9.2318494
"022","12am",25.18947,2.087986,22.96186,29.37401,20.3866745
"023","12am",47.02423,7.855717,9.239052,18.20413,17.6768673
"024","12am",29.374,4.89229,13.961704,29.06358,22.7084192
"025","12am",30.18695,4.943558,16.108511,30.84996,17.9110273
"026","12am",29.34054,3.627808,19.271516,33.21983,14.5403155
"027","12am",28.20417,11.72679,14.720664,30.79955,14.548829
"028","12am",30.13825,6.236348,15.336855,38.77578,9.5127615
"029","12am",53.37087,2.850302,5.808699,29.15566,8.8144688
"030","12am",34.76052,2.94973,14.319321,37.06671,10.9037237
"031","12am",52.80836,5.770352,8.873493,23.93593,8.6118601
"032","12am",48.38552,10.717241,9.079202,23.27294,8.5450925
"033","12am",35.98583,9.033595,13.466674,36.02373,5.4901724
"034","12am",43.70657,4.905085,9.172369,30.1257,12.090275
"035","12am",42.8118,5.088125,9.952988,32.45265,9.69443
"036","12am",39.58157,5.699641,12.297938,26.02287,16.3979735
"037","12am",28.35323,14.580084,13.069476,27.05322,16.9439878
"038","12am",53.27574,2.935044,8.401485,25.963,9.4247285
"039","12am",42.9757,6.984793,4.952981,31.6366,13.4499208
"040","12am",33.66899,4.547105,13.326787,32.30451,16.1526137
"041","12am",44.98126,2.438188,9.579902,35.08577,7.914885
"001","1pm",50.03045,23.615991,7.180949,15.91574,3.256865
"002","1pm",45.25325,32.842374,3.253205,16.88916,1.76201
"003","1pm",31.30685,15.496469,13.987543,26.75456,12.454579
"004","1pm",32.69707,35.176379,9.418915,17.61252,5.095124
"005","1pm",49.92605,4.839017,14.298472,21.40311,9.53335
"006","1pm",29.45206,15.014054,15.679163,26.14618,13.708547
"007","1pm",39.48515,2.427446,21.299475,28.46401,8.323918
"008","1pm",32.98794,5.207909,14.141672,31.25704,16.405442
"009","1pm",62.14147,2.6184,7.490918,22.74604,5.003169
"010","1pm",41.31125,9.712176,12.024459,27.14902,9.803097
"011","1pm",29.77316,35.484036,7.2179,18.58532,8.939582
"012","1pm",44.73178,6.667246,14.169277,27.01846,7.413236
"013","1pm",48.37118,4.563766,11.515527,25.05356,10.495962
"014","1pm",32.86788,6.871111,15.817275,24.69763,19.7461
"015","1pm",34.8716,1.457365,13.328949,34.5174,15.824684
"016","1pm",35.53956,6.556438,12.29674,28.78199,16.825271
"017","1pm",42.01336,9.824025,4.242198,30.4954,13.425019
"018","1pm",51.13728,2.20299,10.436631,27.84665,8.376454
"019","1pm",44.2431,0,13.845089,37.48006,4.431756
"020","1pm",43.78346,4.119018,9.920932,34.47588,7.700707
"021","1pm",37.32327,22.251771,12.929887,19.53974,7.955334
"022","1pm",25.55213,2.299059,24.22018,27.8181,20.110535
"023","1pm",50.05458,6.783709,9.169547,18.68769,15.304468
"024","1pm",28.79588,5.489362,12.823844,28.59692,24.294002
"025","1pm",27.15421,4.545592,15.425983,34.12043,18.753786
"026","1pm",28.26879,3.773449,18.183063,34.89153,14.883168
"027","1pm",26.0787,10.219205,15.610986,33.65745,14.433655
"028","1pm",29.81151,3.243844,16.136956,40.79866,10.009028
"029","1pm",52.27718,2.091148,5.647974,30.45039,9.533303
"030","1pm",37.18722,2.565065,13.378217,36.01195,10.857551
"031","1pm",53.66049,4.003473,8.607367,25.42496,8.303704
"032","1pm",44.66606,13.20963,8.435414,23.2228,10.4661
"033","1pm",36.12271,8.597981,11.970091,37.22997,6.079248
"034","1pm",40.0323,3.448641,10.463074,32.31031,13.745673
"035","1pm",46.84395,4.375247,10.049239,30.21775,8.513813
"036","1pm",39.92272,3.009323,14.671056,26.0063,16.390601
"037","1pm",27.11854,18.359317,13.246666,25.72437,15.551109
"038","1pm",50.90208,2.862021,9.192228,27.85343,9.190245
"039","1pm",40.61918,7.447648,3.774348,33.81763,14.341195
"040","1pm",33.00786,4.779466,14.007799,33.30379,14.901076
"041","1pm",43.9569,2.557827,10.049976,35.13203,8.303259
"001","2pm",43.88653,23.41419,10.34897,17.96554,4.384771
"002","2pm",46.35498,29.192122,4.686506,17.39502,2.371378
"003","2pm",33.43551,14.330217,10.869669,28.4636,12.900996
"004","2pm",35.27599,33.391155,9.988278,17.64285,3.701727
"005","2pm",50.91684,5.413166,11.007662,22.99617,9.666162
"006","2pm",35.4935,10.679326,17.787299,21.26325,14.776624
"007","2pm",42.4694,2.053865,14.049765,34.00327,7.423696
"008","2pm",35.14359,4.961292,13.85519,30.41135,15.628573
"009","2pm",57.8343,4.011815,8.431088,23.26112,6.461681
"010","2pm",40.78249,9.182992,11.64664,29.04716,9.34071
"011","2pm",30.07571,37.392521,7.461838,15.79833,9.271604
"012","2pm",42.0862,8.438338,13.989575,27.88872,7.597166
"013","2pm",49.45887,4.66886,11.226571,25.99527,8.650424
"014","2pm",32.84755,7.863787,15.756651,24.74902,18.782994
"015","2pm",34.80762,2.851905,17.293539,30.56225,14.484686
"016","2pm",37.30853,5.627004,10.967375,28.25692,17.840164
"017","2pm",41.66523,9.455854,5.845733,28.5493,14.483882
"018","2pm",52.48283,2.365314,8.715102,29.43425,7.002498
"019","2pm",43.60346,0,16.955746,34.83196,4.608834
"020","2pm",43.83183,4.596228,5.597608,37.62727,8.347061
"021","2pm",35.39818,20.911975,13.140564,21.85113,8.698153
"022","2pm",23.43716,3.258046,15.954963,31.94721,25.402611
"023","2pm",47.75998,5.594045,9.72821,22.90335,14.01442
"024","2pm",34.12324,3.512405,14.016809,26.13012,22.217425
"025","2pm",29.39237,4.731889,16.058203,33.21061,16.606921
"026","2pm",33.49975,2.848281,17.034269,32.09957,14.518134
"027","2pm",26.51234,10.441609,16.382726,34.47023,12.193092
"028","2pm",30.76177,1.77354,13.710521,40.98531,12.768861
"029","2pm",56.20627,2.491884,5.802937,25.70404,9.794867
"030","2pm",39.77202,2.576323,10.569313,37.12904,9.95331
"031","2pm",53.18548,4.081855,8.775887,25.4905,8.466278
"032","2pm",41.50787,13.678421,9.403007,25.36318,10.047522
"033","2pm",37.16154,6.392542,11.784487,37.54596,7.115476
"034","2pm",36.60939,6.016305,11.250319,31.34409,14.779901
"035","2pm",50.88354,2.217586,8.372393,31.16988,7.3566
"036","2pm",38.68588,3.543788,15.126626,25.95972,16.683991
"037","2pm",27.92322,18.698369,13.422651,25.04436,14.911408
"038","2pm",52.17382,2.937332,8.370041,27.08674,9.432075
"039","2pm",45.98461,6.268884,2.650169,32.11247,12.98387
"040","2pm",32.70467,3.97316,14.975091,32.41702,15.930053
"041","2pm",40.39694,2.514956,11.42099,37.50302,8.16409
"001","3pm",46.68331,23.211391,7.096957,18.44312,4.565218
"002","3pm",49.58498,26.513692,6.021808,15.55136,2.328167
"003","3pm",35.26369,18.218126,10.32547,27.39598,8.796733
"004","3pm",34.49954,31.887214,11.3265,17.63308,4.653668
"005","3pm",51.2063,5.863632,12.446799,19.89445,10.588818
"006","3pm",36.25374,13.743235,16.508605,20.25355,13.240862
"007","3pm",45.1743,1.735459,13.092515,30.12581,9.87192
"008","3pm",32.66649,4.92436,15.676292,31.06867,15.664192
"009","3pm",58.24792,5.276335,7.732385,24.01607,4.727293
"010","3pm",37.64409,9.030271,13.329398,28.30492,11.691312
"011","3pm",28.89299,35.150691,10.276621,17.09996,8.579738
"012","3pm",44.74017,7.891666,12.246414,27.78434,7.337406
"013","3pm",50.08682,5.247767,10.345876,25.53804,8.781501
"014","3pm",30.27692,6.422366,16.391998,28.22839,18.680326
"015","3pm",35.31908,3.004375,16.124786,31.25034,14.301422
"016","3pm",38.83017,5.707549,9.884869,28.6664,16.911014
"017","3pm",41.724,9.175104,6.437377,28.32229,14.34123
"018","3pm",50.75006,3.333901,11.495972,25.66818,8.751883
"019","3pm",42.82733,0,16.420259,35.05079,5.701623
"020","3pm",43.37277,5.161751,9.812711,34.7868,6.865966
"021","3pm",37.0498,18.706403,12.449986,22.96523,8.828587
"022","3pm",19.99989,3.11765,18.192102,34.51701,24.173348
"023","3pm",51.9989,5.439344,10.459969,18.63284,13.468945
"024","3pm",31.2777,4.475217,14.980813,27.78038,21.485899
"025","3pm",26.29075,7.67569,16.079079,33.71132,16.243154
"026","3pm",35.93605,3.432169,16.769604,31.14242,12.719752
"027","3pm",30.27015,11.210019,14.352004,33.46354,10.704291
"028","3pm",34.18364,2.679013,13.362343,37.10917,12.665836
"029","3pm",55.92572,2.192275,5.921106,25.96657,9.994326
"030","3pm",34.60991,2.597018,16.235853,36.52396,10.033264
"031","3pm",53.5038,4.578565,9.546352,23.89723,8.474053
"032","3pm",39.69488,12.298342,8.983818,25.94293,13.080032
"033","3pm",35.55278,6.394946,14.685906,35.29297,8.073398
"034","3pm",39.49136,5.40587,10.108823,32.32402,12.669922
"035","3pm",51.15976,3.917921,9.108925,27.99633,7.817061
"036","3pm",39.15866,5.855744,14.937946,25.12044,14.927202
"037","3pm",30.62646,15.184281,14.663073,23.72403,15.802151
"038","3pm",50.32288,6.093566,7.258405,25.68373,10.641416
"039","3pm",44.03871,8.344821,3.134474,31.6341,12.8479
"040","3pm",31.064,5.492734,13.036044,35.03675,15.37047
"041","3pm",41.7572,4.742469,8.101243,36.94046,8.458623
"001","4pm",46.42763,26.299607,7.699237,15.60265,3.970881
"002","4pm",53.08073,20.018155,5.369175,18.94622,2.585725
"003","4pm",33.01941,15.787631,11.477467,29.11271,10.602784
"004","4pm",38.383,24.642986,9.140739,22.02092,5.812357
"005","4pm",47.02262,7.706746,12.555819,20.16456,12.550252
"006","4pm",35.58152,15.065721,15.907628,18.63947,14.805655
"007","4pm",42.00942,6.828431,13.211353,30.55756,7.393239
"008","4pm",39.16766,6.104727,13.201275,25.38829,16.138053
"009","4pm",53.74695,7.827665,8.656714,24.10966,5.65901
"010","4pm",42.64694,6.001046,14.042384,28.17661,9.133017
"011","4pm",35.12781,32.78799,8.151359,14.52031,9.412528
"012","4pm",37.90863,7.522302,17.2036,28.77865,8.586812
"013","4pm",52.64735,4.223707,10.382917,25.13373,7.612293
"014","4pm",34.61934,5.44409,19.046977,25.42526,15.464339
"015","4pm",30.88045,3.700481,16.499063,32.51312,16.406884
"016","4pm",44.75463,5.562455,9.303694,26.29822,14.080999
"017","4pm",41.53254,9.590904,6.000701,29.90956,12.966292
"018","4pm",53.31141,4.343785,11.077318,24.23472,7.032766
"019","4pm",40.9513,4.955365,13.650925,35.02277,5.41964
"020","4pm",45.94356,4.788223,7.807827,34.07306,7.387331
"021","4pm",41.03548,15.585822,13.361812,21.66106,8.355826
"022","4pm",19.44631,2.602694,15.135327,43.5179,19.297775
"023","4pm",49.82022,5.964296,9.890145,18.14898,16.176368
"024","4pm",30.94603,7.879837,14.14912,26.83431,20.190704
"025","4pm",30.79635,9.460039,12.517651,33.5327,13.693259
"026","4pm",31.78291,5.227799,16.777477,32.84861,13.363199
"027","4pm",38.57214,12.254428,13.955504,27.67252,7.545401
"028","4pm",34.24045,5.373431,13.612018,37.28192,9.492177
"029","4pm",51.04032,6.438841,5.646508,27.2856,9.588734
"030","4pm",32.56607,5.067074,16.611215,35.36637,10.389271
"031","4pm",50.38043,3.734771,10.070291,26.16007,9.654432
"032","4pm",45.17125,12.88095,8.561265,24.15814,9.228392
"033","4pm",39.42658,7.546957,13.598265,32.2328,7.195405
"034","4pm",46.2112,6.547736,7.587242,27.36685,12.286967
"035","4pm",54.04724,5.065166,7.365506,27.46729,6.054791
"036","4pm",41.20704,5.830747,12.200531,24.84963,15.912054
"037","4pm",28.91751,11.944198,15.67488,25.66073,17.802677
"038","4pm",43.73055,7.881797,9.141891,30.41294,8.832819
"039","4pm",40.46007,8.278603,6.585721,31.76259,12.913014
"040","4pm",36.18049,5.124863,12.436968,31.38083,14.87685
"041","4pm",42.90431,7.742271,7.339067,32.60304,9.411313
"001","5pm",47.47042,26.584861,7.862568,16.27177,1.810377
"002","5pm",48.30707,12.128075,4.604184,30.42792,4.532751
"003","5pm",39.65423,13.113267,10.543375,27.05807,9.631052
"004","5pm",45.47545,11.185479,10.103965,26.61107,6.62404
"005","5pm",43.94381,7.48854,14.065239,22.02444,12.477974
"006","5pm",43.66058,13.346487,13.505485,17.63202,11.85543
"007","5pm",41.34283,11.319654,13.929914,26.52429,6.883316
"008","5pm",35.23194,9.982843,13.214576,27.37437,14.196272
"009","5pm",53.84249,10.24967,8.218458,22.08679,5.60259
"010","5pm",34.77339,8.298869,15.263687,30.43125,11.232805
"011","5pm",35.28843,31.036109,6.248496,18.89243,8.534528
"012","5pm",41.4094,10.714117,15.595434,24.54529,7.735752
"013","5pm",56.5258,5.659949,9.530741,20.75699,7.52652
"014","5pm",29.59592,7.579555,20.217576,23.05939,19.547568
"015","5pm",33.85631,10.211208,12.081786,29.10618,14.744521
"016","5pm",38.01311,7.174943,10.211416,29.24171,15.358818
"017","5pm",41.56947,10.36912,5.462736,31.04181,11.556865
"018","5pm",54.5471,7.139149,9.35568,22.91423,6.043842
"019","5pm",45.41604,9.925602,10.881757,29.45636,4.320236
"020","5pm",46.41752,9.324102,8.774135,29.73501,5.749239
"021","5pm",45.80839,11.033022,12.72532,21.00922,9.424045
"022","5pm",29.01647,8.177166,15.652963,29.4721,17.681299
"023","5pm",38.84412,6.697048,13.565415,22.28323,18.610196
"024","5pm",35.77471,11.176152,11.214404,23.67176,18.162973
"025","5pm",36.27356,10.998081,13.253072,26.10078,13.374505
"026","5pm",32.19397,8.459127,15.59056,30.26119,13.495153
"027","5pm",43.00935,10.419015,11.617931,26.21364,8.740057
"028","5pm",39.27544,6.98207,13.304276,31.17617,9.262042
"029","5pm",49.51746,8.542296,5.354451,28.30927,8.276528
"030","5pm",36.73488,9.158273,15.130986,30.71763,8.258235
"031","5pm",50.23397,8.076767,9.438901,22.73383,9.516536
"032","5pm",46.37674,11.061618,11.160536,23.52025,7.880854
"033","5pm",39.86245,7.560316,13.482524,31.67379,7.420915
"034","5pm",52.17575,5.876445,6.329813,25.72319,9.894802
"035","5pm",50.75033,9.262262,6.841148,24.54845,8.59781
"036","5pm",40.36466,6.767094,13.984235,24.64815,14.235863
"037","5pm",33.35268,6.405893,15.558621,26.48408,18.198726
"038","5pm",46.52293,10.607761,8.040279,25.89879,8.93024
"039","5pm",43.87653,11.68789,6.11431,26.91754,11.403732
"040","5pm",38.43522,7.77536,12.360401,27.5848,13.844217
"041","5pm",44.79092,11.152635,5.429674,31.69825,6.928518
"001","6pm",45.10626,26.477672,7.113616,19.49641,1.806043
"002","6pm",54.50183,8.654942,3.214312,29.01324,4.615673
"003","6pm",45.2809,10.486236,11.392113,23.304,9.536753
"004","6pm",44.83488,13.024808,13.33029,22.62968,6.180348
"005","6pm",45.15926,9.162855,14.693752,20.14271,10.841425
"006","6pm",45.04041,11.486893,11.752347,19.60607,12.114282
"007","6pm",40.87118,12.18692,14.598649,25.56851,6.774743
"008","6pm",39.69708,8.989877,14.252344,24.6109,12.449799
"009","6pm",55.02929,13.720147,7.16868,18.3281,5.753782
"010","6pm",31.94013,11.791154,14.614934,30.27541,11.378374
"011","6pm",37.22028,28.647445,6.208036,20.65496,7.269278
"012","6pm",42.8368,10.168953,14.509866,24.48039,8.003997
"013","6pm",57.01023,5.696971,11.305144,19.84873,6.138925
"014","6pm",35.04607,9.809072,15.044791,23.1578,16.942269
"015","6pm",33.77918,12.123928,11.406501,28.69699,13.993395
"016","6pm",40.17195,7.401488,10.361967,28.03915,14.025438
"017","6pm",40.24962,10.725266,6.125487,28.44753,14.452097
"018","6pm",50.31635,9.5071,10.32472,23.73435,6.117486
"019","6pm",47.94135,11.232532,9.322762,27.77415,3.729206
"020","6pm",47.01686,9.984298,8.418666,27.78742,6.792756
"021","6pm",44.01621,9.153136,14.472017,23.72701,8.631634
"022","6pm",31.00828,16.834045,12.735981,24.30555,15.116146
"023","6pm",40.14499,7.421107,11.769709,21.46737,19.196827
"024","6pm",35.02857,12.131888,11.637164,22.53277,18.669608
"025","6pm",37.53347,12.44607,10.044733,25.32794,14.647786
"026","6pm",35.06156,10.103312,14.557565,27.15306,13.124504
"027","6pm",50.38709,11.703907,8.348084,21.97991,7.581004
"028","6pm",46.90139,6.385135,10.953677,27.47266,8.287136
"029","6pm",48.87065,10.326287,4.944495,27.77346,8.085111
"030","6pm",36.49002,9.300359,13.9423,31.30028,8.967045
"031","6pm",46.43481,11.449002,10.431845,22.74649,8.937858
"032","6pm",48.67866,11.03778,9.698634,21.84857,8.736357
"033","6pm",49.47806,7.371064,10.786536,27.13618,5.228155
"034","6pm",53.22653,7.833008,6.809732,22.6754,9.455325
"035","6pm",52.95239,10.886127,6.987592,21.03445,8.13944
"036","6pm",37.46724,6.602582,17.991463,24.04894,13.889781
"037","6pm",32.9911,9.798684,11.597681,26.64596,18.966582
"038","6pm",47.5451,9.814962,6.72063,25.29528,10.624036
"039","6pm",44.14951,12.450733,4.857803,27.84927,10.692688
"040","6pm",38.78183,6.807684,12.432121,28.86794,13.110423
"041","6pm",51.2764,8.15352,7.109891,27.58602,5.874169
"001","7pm",42.90304,26.678166,7.6414,21.46426,1.313139
"002","7pm",55.2784,8.825085,3.164289,29.15746,3.574774
"003","7pm",45.43833,10.487059,10.665318,23.78687,9.622425
"004","7pm",51.20872,13.003178,12.582983,17.47229,5.732835
"005","7pm",42.17394,10.175025,16.016586,21.03247,10.601978
"006","7pm",41.0431,12.47825,12.383558,20.32178,13.773309
"007","7pm",42.83768,13.143078,13.069803,24.45321,6.496223
"008","7pm",44.00673,9.026684,13.194215,22.24687,11.525496
"009","7pm",54.08117,12.578316,7.541239,19.74646,6.052808
"010","7pm",35.62062,12.099885,14.041465,27.7233,10.514723
"011","7pm",38.07774,27.081049,7.313362,19.23125,8.29659
"012","7pm",42.83437,9.813614,15.227194,25.01578,7.109036
"013","7pm",53.45189,7.267946,11.250458,21.49959,6.530115
"014","7pm",38.55524,10.190472,14.657911,22.12514,14.471231
"015","7pm",38.25095,10.969752,9.539966,28.08695,13.152379
"016","7pm",41.81915,8.32544,9.675602,26.24317,13.936641
"017","7pm",39.68238,12.636115,6.147476,27.86956,13.664473
"018","7pm",51.20714,9.500139,9.462746,23.71697,6.113007
"019","7pm",51.65483,11.431904,8.327946,25.27899,3.306331
"020","7pm",49.13453,8.998476,7.512446,27.75436,6.600187
"021","7pm",43.54675,8.298297,13.367298,24.10122,10.686438
"022","7pm",30.36531,16.777623,14.036415,24.22408,14.59657
"023","7pm",41.87338,8.461251,10.710728,19.73066,19.223976
"024","7pm",36.30461,12.700534,10.952681,22.06262,17.979555
"025","7pm",37.5429,12.034183,11.218152,25.04173,14.163036
"026","7pm",36.89956,9.594356,15.294082,26.24579,11.966218
"027","7pm",49.95036,10.505794,6.627304,24.29957,8.616975
"028","7pm",46.70524,7.375159,11.003943,26.59049,8.325165
"029","7pm",49.18324,9.665491,4.957261,28.6095,7.584512
"030","7pm",37.66232,9.75554,13.395132,30.11979,9.067219
"031","7pm",44.99784,11.808825,10.681221,24.07802,8.434096
"032","7pm",48.41767,10.031638,10.650604,22.007,8.893089
"033","7pm",51.74341,6.965908,10.193646,26.15625,4.940786
"034","7pm",53.62044,8.038789,6.543776,22.71095,9.086045
"035","7pm",54.04874,10.027561,7.741787,20.31923,7.862681
"036","7pm",36.55943,6.556721,18.043526,24.44836,14.391956
"037","7pm",33.93784,10.398642,12.385323,25.44539,17.832808
"038","7pm",47.28045,10.892572,6.46999,25.12917,10.227822
"039","7pm",48.61396,11.560531,4.680266,24.84334,10.301903
"040","7pm",38.95428,7.141048,11.501163,28.60554,13.797974
"041","7pm",54.40852,8.751371,6.456213,25.04979,5.334103
"001","8pm",41.84238,26.797779,8.467501,22.16138,0.7309579
"002","8pm",51.38591,13.685278,3.078986,28.37143,3.4784043
"003","8pm",47.22887,12.520745,9.867392,21.48953,8.8934576
"004","8pm",51.54271,11.426159,11.512219,18.35647,7.1624454
"005","8pm",39.78464,9.769443,16.748449,22.61104,11.0864256
"006","8pm",41.10842,12.360379,12.516875,20.09274,13.9215878
"007","8pm",43.0067,13.214437,13.123911,23.97418,6.6807758
"008","8pm",46.87437,7.805738,11.293414,22.6708,11.3556757
"009","8pm",54.78536,13.021335,7.05438,19.64505,5.4938705
"010","8pm",35.04803,12.876559,13.136676,28.60683,10.3319046
"011","8pm",36.30319,24.477266,8.20217,22.49712,8.5202512
"012","8pm",41.31985,10.587189,16.287833,24.76684,7.0382909
"013","8pm",52.56379,7.45863,10.708925,22.2714,6.9972524
"014","8pm",38.35531,10.304176,14.821464,21.88635,14.6327005
"015","8pm",38.67505,11.007763,9.573022,27.00078,13.74338
"016","8pm",41.69963,8.565534,9.954632,25.44165,14.3385535
"017","8pm",41.51324,11.731021,5.673065,27.72497,13.3577113
"018","8pm",52.60062,9.228823,9.192498,23.03963,5.9384246
"019","8pm",52.32779,11.455348,8.869754,24.26725,3.0798537
"020","8pm",51.56298,9.225843,7.279394,25.53635,6.3954344
"021","8pm",44.18671,8.344598,13.441881,23.28075,10.7460633
"022","8pm",30.48572,16.498684,14.379247,24.28246,14.3538921
"023","8pm",41.14283,8.567595,10.845345,19.97864,19.4655898
"024","8pm",37.29714,12.585994,10.248764,22.05069,17.8174064
"025","8pm",36.14504,12.303522,11.469228,25.60219,14.4800213
"026","8pm",38.38587,9.567468,14.530218,25.58376,11.9326834
"027","8pm",49.49451,11.30264,7.249706,23.58837,8.3647736
"028","8pm",47.071,6.494199,12.113668,25.88796,8.4331761
