"district","hour","occ1","occ2","occ3","occ4","occ5"
"001","4am",35.21368,29.57265,5.2991453,23.76068,6.153846
"002","4am",36.64495,23.941368,6.8403909,24.7557,7.81759
"003","4am",32.67045,32.954545,3.8352273,24.28977,6.25
"004","4am",44.06365,19.094247,2.6927785,29.62056,4.528764
"005","4am",33.70253,26.582278,5.3797468,28.16456,6.170886
"006","4am",38.13421,15.548282,3.1096563,36.49755,6.710311
"007","4am",43.28018,14.578588,2.3917995,34.28246,5.46697
"008","4am",47.37631,17.091454,2.8485757,27.58621,5.097451
"009","4am",38.75661,32.936508,3.5714286,18.91534,5.820106
"010","4am",25.1269,52.791878,1.5228426,17.59729,2.961083
"011","4am",41.96891,12.435233,1.4248705,39.76684,4.404145
"012","4am",42.87179,17.333333,1.7435897,34.87179,3.179487
"013","4am",60.49223,14.896373,1.8134715,18.52332,4.274611
"014","4am",54.97835,15.295815,0.7215007,24.38672,4.617605
"015","4am",61.36364,15.198864,1.1363636,18.03977,4.261364
"016","4am",59.2,14.628571,1.1428571,21.71429,3.314286
"017","4am",59.27602,12.518854,2.2624434,20.96531,4.977376
"018","4am",60.75731,7.917384,1.5490534,25.47332,4.302926
"019","4am",63.68421,11.842105,1.4473684,18.02632,5
"020","4am",52.33786,10.105581,3.3182504,28.20513,6.033183
"021","4am",53.03704,9.925926,2.2222222,28.14815,6.666667
"022","4am",59.79532,10.526316,2.3391813,22.66082,4.678363
"023","4am",57.89474,8.77193,2.9239766,24.8538,5.555556
"024","4am",56.50842,8.269525,3.0627871,26.33997,5.819296
"025","4am",58.14307,10.65449,2.283105,23.59209,5.327245
"026","4am",53.99698,8.597285,3.0165913,30.92006,3.46908
"027","4am",45.3451,8.346709,4.2536116,35.47352,6.581059
"028","4am",48.75912,8.905109,2.189781,35.18248,4.963504
"029","4am",49.01961,20.588235,0.9803922,26.14379,3.267974
"001","5am",35.48387,29.541596,5.2631579,23.59932,6.112054
"002","5am",37.19807,23.832528,6.763285,24.47665,7.729469
"003","5am",32.57468,33.001422,3.8406828,24.32432,6.25889
"004","5am",44.00978,19.070905,2.6894866,29.7066,4.523227
"005","5am",32.9053,27.287319,5.2969502,28.2504,6.260032
"006","5am",37.31343,15.754561,3.1509121,36.98176,6.799337
"007","5am",43.35982,14.528944,2.3836549,34.27923,5.448354
"008","5am",47.28916,17.168675,2.8614458,27.56024,5.120482
"009","5am",37.60108,33.557951,3.638814,19.27224,5.929919
"010","5am",25.25424,52.711864,1.5254237,17.54237,2.966102
"011","5am",43.40102,12.436548,1.3959391,38.45178,4.314721
"012","5am",43.03279,17.315574,1.6393443,34.83607,3.17623
"013","5am",60.3871,14.83871,1.9354839,18.58065,4.258065
"014","5am",54.47871,15.418502,0.7342144,24.6696,4.698972
"015","5am",60.75581,15.406977,1.1627907,18.31395,4.360465
"016","5am",58.87743,14.662085,1.1454754,21.99313,3.321879
"017","5am",58.74233,12.730061,2.3006135,21.16564,5.06135
"018","5am",60.38394,7.853403,1.5706806,25.82897,4.363002
"019","5am",63.20755,11.994609,1.4824798,18.19407,5.121294
"020","5am",52.13415,10.060976,3.3536585,28.35366,6.097561
"021","5am",52.60805,9.985097,2.2354694,28.46498,6.706408
"022","5am",58.95522,10.746269,2.3880597,23.13433,4.776119
"023","5am",56.29742,8.952959,3.0349014,25.94841,5.766313
"024","5am",55.86854,8.137715,3.1298905,26.91706,5.946792
"025","5am",57.43034,10.835913,2.3219814,23.99381,5.417957
"026","5am",53.23077,8.769231,2.9230769,31.53846,3.538462
"027","5am",44.89465,8.34684,4.376013,35.73744,6.645057
"028","5am",48.22485,8.727811,2.2189349,35.79882,5.029586
"029","5am",52.58359,19.148936,0.9118541,24.31611,3.039514
"001","6am",36.43927,28.951747,5.1580699,23.4609,5.990017
"002","6am",36.18421,24.342105,6.9078947,24.67105,7.894737
"003","6am",32.42468,32.998565,3.7302726,24.53372,6.312769
"004","6am",45.86729,18.62631,2.5611176,28.52154,4.423749
"005","6am",30.9329,28.477905,5.5646481,28.64157,6.382979
"006","6am",33.80531,16.637168,3.3628319,38.93805,7.256637
"007","6am",44.44444,14,2.4444444,33.66667,5.444444
"008","6am",46.98795,17.46988,2.7108434,27.71084,5.120482
"009","6am",35.52448,34.965035,3.7762238,19.72028,6.013986
"010","6am",26.65563,51.738411,1.4900662,17.21854,2.897351
"011","6am",45.34161,11.428571,1.3664596,37.63975,4.223602
"012","6am",45.47244,16.043307,1.5748031,33.75984,3.149606
"013","6am",58.94737,15.657895,1.9736842,19.21053,4.210526
"014","6am",51.64319,16.27543,0.7824726,26.29108,5.007825
"015","6am",57.87832,16.536661,1.2480499,19.65679,4.680187
"016","6am",57.65983,14.95778,1.2062726,22.67793,3.498191
"017","6am",56.98052,13.149351,2.4350649,22.07792,5.357143
"018","6am",58.79121,8.058608,1.6483516,26.92308,4.578755
"019","6am",61.02418,12.802276,1.5647226,19.20341,5.405405
"020","6am",50,9.570957,3.630363,30.19802,6.60066
"021","6am",49.60254,10.651828,2.3847377,30.20668,7.154213
"022","6am",56.61882,11.483254,2.5518341,24.24242,5.103668
"023","6am",52.4207,9.84975,3.1719533,28.38063,6.176962
"024","6am",52.90102,8.020478,3.2423208,29.35154,6.484642
"025","6am",55.59157,11.183144,2.4311183,25.12156,5.672609
"026","6am",51.05008,8.885299,3.0694669,33.27948,3.71567
"027","6am",44.67912,8.285946,4.3866775,35.987,6.661251
"028","6am",46.78899,8.715596,2.293578,37.00306,5.198777
"029","6am",66.38298,13.829787,0.6382979,17.23404,1.914894
"001","7am",42.36589,28.060523,4.264099,20.35763,4.951857
"002","7am",39.09396,21.812081,7.0469799,24.16107,7.885906
"003","7am",32.82905,31.164902,3.9334342,25.26475,6.807867
"004","7am",48.72928,17.348066,2.5414365,27.29282,4.088398
"005","7am",26.58228,38.396624,4.7819972,24.89451,5.344585
"006","7am",30.3263,16.506718,3.4548944,41.84261,7.869482
"007","7am",48.16327,12.346939,2.244898,31.83673,5.408163
"008","7am",45.02229,19.910847,2.6745914,27.48886,4.903418
"009","7am",31.04575,35.457516,4.4117647,22.22222,6.862745
"010","7am",31.71806,49.192364,1.3215859,15.19824,2.56975
"011","7am",50.93923,9.944751,1.2154696,33.92265,3.977901
"012","7am",48.56851,12.883436,1.7382413,33.33333,3.476483
"013","7am",59.25466,16.273292,1.9875776,18.50932,3.975155
"014","7am",47.76119,14.738806,0.9328358,30.22388,6.343284
"015","7am",51.91147,15.492958,1.6096579,24.9497,6.036217
"016","7am",52.62369,13.193403,1.4992504,28.48576,4.197901
"017","7am",52.73834,10.953347,3.0425963,26.57201,6.693712
"018","7am",53.40909,7.045455,1.8181818,32.04545,5.681818
"019","7am",57.52212,10.442478,1.7699115,23.89381,6.371681
"020","7am",43.28063,7.70751,4.743083,36.36364,7.905138
"021","7am",50.82508,8.415842,2.4752475,30.85809,7.425743
"022","7am",53.77358,10.188679,3.0188679,27.35849,5.660377
"023","7am",49.80989,7.604563,3.4220532,32.31939,6.844106
"024","7am",48.4,7.4,3.4,33.4,7.4
"025","7am",55.02742,7.678245,2.7422303,28.33638,6.215722
"026","7am",45.75646,8.118081,3.6900369,38.19188,4.243542
"027","7am",46.85714,6.44898,4.3265306,35.83673,6.530612
"028","7am",45.51724,5.689655,2.2413793,40.86207,5.689655
"029","7am",73.83459,12.180451,0.6015038,12.18045,1.203008
"001","8am",49.47368,27.052632,3.5789474,15.26316,4.631579
"002","8am",43.58524,16.695958,7.2056239,24.78032,7.732865
"003","8am",34.03226,26.774194,4.1935484,27.58065,7.419355
"004","8am",50.10352,17.287785,2.6915114,25.7764,4.140787
"005","8am",23.73247,49.838188,3.3441208,18.8781,4.20712
"006","8am",27.36419,15.492958,3.8229376,44.26559,9.054326
"007","8am",52.45902,8.293153,1.8322083,32.20829,5.207329
"008","8am",44.26934,22.34957,2.5787966,26.36103,4.441261
"009","8am",32.55396,32.374101,5.2158273,23.02158,6.834532
"010","8am",31.71706,53.622362,1.0268112,11.58015,2.053622
"011","8am",57.04698,8.245446,1.2464046,30.29722,3.16395
"012","8am",47.6678,9.556314,2.0477816,36.86007,3.868032
"013","8am",59.33562,17.640321,1.8327606,17.18213,4.009164
"014","8am",42.75184,10.565111,0.7371007,38.08354,7.862408
"015","8am",49.74747,11.868687,1.5151515,29.54545,7.323232
"016","8am",50.59829,10.25641,1.5384615,32.82051,4.786325
"017","8am",50.4902,5.392157,3.6764706,32.59804,7.843137
"018","8am",52.10084,2.521008,2.2408964,37.2549,5.882353
"019","8am",55.99129,7.625272,2.3965142,27.66885,6.318083
"020","8am",42.69663,6.067416,4.7191011,38.42697,8.089888
"021","8am",51.90083,7.603306,2.4793388,31.07438,6.942149
"022","8am",52.47312,7.741935,3.2258065,29.89247,6.666667
"023","8am",51.20968,7.056452,3.4274194,31.85484,6.451613
"024","8am",49.89339,4.477612,3.4115139,34.11514,8.102345
"025","8am",54.26829,6.300813,3.2520325,29.47154,6.707317
"026","8am",44.42013,5.908096,3.9387309,41.13786,4.595186
"027","8am",48.32162,6.557377,4.2154567,34.73849,6.167057
"028","8am",41.85111,4.024145,2.4144869,46.07646,5.633803
"029","8am",73.80952,12.619048,0.7142857,11.30952,1.547619
"001","9am",49.48875,26.380368,3.3742331,16.15542,4.601227
"002","9am",42.70073,16.240876,7.8467153,25.36496,7.846715
"003","9am",35.01684,26.262626,4.2087542,27.44108,7.070707
"004","9am",49.742,17.131063,2.6831785,26.31579,4.127967
"005","9am",22.74633,51.362683,2.9350105,18.97275,3.983229
"006","9am",29.01235,15.020576,3.7037037,43.20988,9.053498
"007","9am",52.61682,7.850467,1.8691589,32.52336,5.140187
"008","9am",44.46023,23.295455,2.4147727,25,4.829545
"009","9am",32.75862,31.992337,4.789272,24.13793,6.321839
"010","9am",31.39785,54.462366,1.0215054,11.07527,2.043011
"011","9am",56.34783,7.652174,1.5652174,30.78261,3.652174
"012","9am",48.11429,8.571429,1.9428571,37.02857,4.342857
"013","9am",58.15991,17.853231,2.0810515,17.7437,4.162103
"014","9am",42.55875,10.182768,1.0443864,38.1201,8.093995
"015","9am",49.59128,11.171662,1.6348774,29.97275,7.629428
"016","9am",50.95986,9.424084,1.5706806,32.98429,5.061082
"017","9am",50.37783,5.037783,3.2745592,33.24937,8.060453
"018","9am",51.15607,2.601156,2.6011561,37.57225,6.069364
"019","9am",58.54214,6.833713,2.2779043,25.28474,7.061503
"020","9am",44.00978,6.112469,5.1344743,36.67482,8.06846
"021","9am",53.08848,7.679466,2.3372287,30.38397,6.510851
"022","9am",52.5,7.5,3.4090909,29.54545,7.045455
"023","9am",51.31313,7.070707,3.4343434,31.71717,6.464646
"024","9am",51.77778,4.444444,4,32.66667,7.111111
"025","9am",54.73684,6.105263,3.1578947,29.89474,6.105263
"026","9am",45,5.714286,4.2857143,40.71429,4.285714
"027","9am",48.45679,6.095679,4.0895062,35.10802,6.25
"028","9am",43.78947,4,2.5263158,43.36842,6.315789
"029","9am",72.23427,11.822126,0.6507592,13.7744,1.518438
"001","10am",49.28862,26.52439,3.1504065,17.07317,3.963415
"002","10am",43.86282,15.523466,7.7617329,24.72924,8.122744
"003","10am",36.30137,25.684932,4.109589,27.73973,6.164384
"004","10am",50.31447,17.400419,2.5157233,25.57652,4.192872
"005","10am",23.44398,51.970954,2.9045643,17.73859,3.941909
"006","10am",29.25311,15.352697,4.1493776,41.90871,9.3361
"007","10am",52.3135,7.648725,1.7941454,33.14448,5.09915
"008","10am",44.30014,24.819625,2.7417027,23.95382,4.184704
"009","10am",33.06931,32.079208,4.5544554,23.36634,6.930693
"010","10am",31.11944,55.382967,1.0712373,10.49813,1.928227
"011","10am",56.00663,7.290804,1.5741508,30.98592,4.142502
"012","10am",47.00565,8.135593,2.3728814,37.9661,4.519774
"013","10am",58.49257,17.409766,2.2292994,17.40977,4.458599
"014","10am",43.00518,9.84456,1.0362694,37.82383,8.290155
"015","10am",49.43503,11.581921,1.4124294,30.79096,6.779661
"016","10am",51.6129,9.498208,2.1505376,31.1828,5.555556
"017","10am",50.63613,4.580153,3.562341,34.6056,6.615776
"018","10am",51.96375,2.719033,2.4169184,36.55589,6.344411
"019","10am",57.5,6.590909,2.5,25.90909,7.5
"020","10am",44.58128,6.403941,5.1724138,35.46798,8.374384
"021","10am",52.97114,7.809847,2.37691,29.88115,6.960951
"022","10am",53.25581,7.906977,3.4883721,29.06977,6.27907
"023","10am",51.12936,7.392197,3.4907598,31.00616,6.98152
"024","10am",52.1028,4.205607,3.9719626,32.47664,7.242991
"025","10am",54.85232,5.907173,3.164557,29.95781,6.118143
"026","10am",43.89671,5.633803,4.4600939,41.5493,4.460094
"027","10am",48.52484,6.28882,3.7267081,35.17081,6.28882
"028","10am",43.68308,4.068522,2.9978587,43.04069,6.20985
"029","10am",70.78534,11.413613,0.6282723,14.97382,2.198953
"001","11am",49.3865,26.175869,3.4764826,16.87117,4.08998
"002","11am",43.6036,16.216216,7.3873874,24.86486,7.927928
"003","11am",35.85859,25.252525,4.040404,27.94613,6.902357
"004","11am",50.63291,17.827004,2.3206751,25.63291,3.586498
"005","11am",23.79455,51.886792,3.2494759,17.81971,3.249476
"006","11am",28.15126,14.915966,3.9915966,43.27731,9.663866
"007","11am",53.86847,8.317215,1.8375242,30.85106,5.125725
"008","11am",46.06581,23.748212,2.4320458,23.31903,4.434907
"009","11am",31.93117,33.460803,4.5889101,22.94455,7.07457
"010","11am",31.4503,55.078762,1.0320478,10.53775,1.901141
"011","11am",54.1329,7.455429,1.5397083,33.14425,3.727715
"012","11am",48.71795,8.026756,2.2296544,36.23188,4.793757
"013","11am",58.93048,17.219251,2.2459893,16.8984,4.705882
"014","11am",43.11224,10.714286,0.7653061,37.5,7.908163
"015","11am",50.28571,11.714286,1.1428571,31.14286,5.714286
"016","11am",53.00546,8.743169,1.4571949,31.32969,5.464481
"017","11am",52.9563,4.37018,3.8560411,32.64781,6.169666
"018","11am",51.31965,2.932551,2.6392962,36.95015,6.158358
"019","11am",56.65138,7.798165,2.0642202,26.14679,7.33945
"020","11am",44.28224,5.839416,5.1094891,35.52311,9.245742
"021","11am",52.98013,7.615894,2.3178808,30.46358,6.622517
"022","11am",52.59594,7.900677,3.6117381,30.02257,5.869074
"023","11am",50.60484,7.258065,3.6290323,31.04839,7.459677
"024","11am",52.90023,4.408353,3.9443155,32.01856,6.728538
"025","11am",54.56432,5.809129,2.9045643,30.08299,6.639004
"026","11am",43.32553,5.854801,4.9180328,40.98361,4.918033
"027","11am",49.29577,6.338028,3.8341158,34.50704,6.025039
"028","11am",42.07188,4.22833,2.9598309,44.60888,6.131078
"029","11am",70.01034,10.961737,1.1375388,16.13237,1.758014
"001","12am",49.57082,26.502146,3.5407725,16.20172,4.184549
"002","12am",43.97906,16.579407,6.2827225,25.47993,7.678883
"003","12am",36.81507,24.315068,3.9383562,27.73973,7.191781
"004","12am",50.52083,17.291667,2.2916667,26.04167,3.854167
"005","12am",23.96607,51.219512,3.1813362,18.55779,3.075292
"006","12am",29.95781,15.822785,3.7974684,41.98312,8.438819
"007","12am",53.41018,7.492795,1.8251681,31.89241,5.379443
"008","12am",46.54179,23.487032,2.5936599,22.91066,4.466859
"009","12am",31.45009,34.651601,4.519774,22.78719,6.591337
"010","12am",30.54187,56.102901,0.9304871,10.39956,2.025178
"011","12am",53.63709,8.553157,1.1990408,32.53397,4.076739
"012","12am",47.67837,8.720272,2.2650057,37.03284,4.303511
"013","12am",58.23592,17.321998,2.3379384,17.21573,4.888417
"014","12am",43.257,10.941476,1.0178117,37.91349,6.870229
"015","12am",49.59128,12.53406,1.0899183,30.24523,6.53951
"016","12am",52.43056,9.201389,1.9097222,31.77083,4.6875
"017","12am",54.30809,4.177546,3.9164491,30.28721,7.310705
"018","12am",51.6129,2.639296,2.6392962,36.95015,6.158358
"019","12am",56.53153,7.432432,2.7027027,26.12613,7.207207
"020","12am",43.90244,5.609756,4.3902439,36.58537,9.512195
"021","12am",53.55372,8.264463,2.3140496,29.09091,6.77686
"022","12am",52.20264,8.14978,3.5242291,29.73568,6.387665
"023","12am",51.875,6.666667,3.9583333,30,7.5
"024","12am",51.36364,4.318182,3.6363636,33.18182,7.5
"025","12am",54.46985,5.405405,3.1185031,30.56133,6.444906
"026","12am",43.55972,5.386417,4.9180328,41.2178,4.918033
"027","12am",49.60191,6.369427,4.1401274,33.99682,5.89172
"028","12am",42.10526,4.210526,2.7368421,44.21053,6.736842
"029","12am",69.54733,11.111111,1.1316872,16.56379,1.646091
"001","1pm",49.79592,25.612245,3.3673469,16.836735,4.387755
"002","1pm",42.43986,15.635739,7.0446735,26.28866,8.591065
"003","1pm",36.37902,23.857868,3.5532995,29.441624,6.76819
"004","1pm",51.4553,16.632017,2.4948025,25.675676,3.742204
"005","1pm",24.2842,51.64369,3.2873807,17.497349,3.287381
"006","1pm",27.82609,16.521739,3.6956522,43.043478,8.913043
"007","1pm",53.42205,7.889734,1.9961977,30.988593,5.703422
"008","1pm",46.08696,23.333333,2.173913,23.768116,4.637681
"009","1pm",32.46269,34.141791,4.4776119,22.761194,6.156716
"010","1pm",31.68209,56.341862,0.9254219,9.145346,1.90528
"011","1pm",51.60281,8.913213,1.0946052,34.245504,4.143862
"012","1pm",49.8861,7.85877,2.0501139,36.218679,3.986333
"013","1pm",57.57576,17.554859,2.507837,17.763845,4.597701
"014","1pm",45.40682,11.286089,1.0498688,36.220472,6.036745
"015","1pm",50.5618,12.921348,0.8426966,28.370787,7.303371
"016","1pm",51.77305,9.751773,2.3049645,30.851064,5.319149
"017","1pm",55.01355,2.98103,3.7940379,30.352304,7.859079
"018","1pm",52.66272,2.366864,2.6627219,36.390533,5.91716
"019","1pm",57.27273,7.954545,2.2727273,25,7.5
"020","1pm",43.40528,5.275779,4.0767386,38.369305,8.872902
"021","1pm",54.01709,8.547009,2.5641026,27.863248,7.008547
"022","1pm",54.58613,7.606264,3.3557047,28.635347,5.816555
"023","1pm",51.9833,7.098121,3.9665971,29.645094,7.306889
"024","1pm",51.45414,4.474273,3.803132,32.438479,7.829978
"025","1pm",54.68085,5.531915,2.7659574,30.425532,6.595745
"026","1pm",43.80952,5.47619,5.2380952,41.190476,4.285714
"027","1pm",48.46336,6.304177,3.9401103,35.224586,6.06777
"028","1pm",44.02655,4.867257,2.6548673,42.035398,6.415929
"029","1pm",68.88434,11.156602,1.2282497,17.195496,1.535312
"001","2pm",49.89562,25.887265,3.5490605,16.80585,3.862213
"002","2pm",43.15068,16.09589,6.8493151,25.85616,8.047945
"003","2pm",36.39399,24.874791,3.5058431,28.38063,6.844741
"004","2pm",50.81967,17.213115,1.9467213,25.81967,4.20082
"005","2pm",23.86002,49.946978,3.1813362,18.98197,4.029692
"006","2pm",28.8172,16.989247,3.655914,43.01075,7.526882
"007","2pm",54.01742,7.357212,2.0329138,30.97773,5.614714
"008","2pm",46.23188,23.623188,2.3188406,23.18841,4.637681
"009","2pm",30.84112,34.579439,4.4859813,22.99065,7.102804
"010","2pm",32.00883,55.960265,0.9381898,9.10596,1.986755
"011","2pm",52.30024,9.281679,1.3720743,33.25262,3.793382
"012","2pm",49.60894,8.156425,2.2346369,36.31285,3.687151
"013","2pm",59.25134,17.433155,2.5668449,17.00535,3.743316
"014","2pm",45.50129,11.053985,0.7712082,35.98972,6.683805
"015","2pm",50.68493,13.424658,1.0958904,27.67123,7.123288
"016","2pm",51.81976,9.185442,1.9064125,31.88908,5.199307
"017","2pm",53.96825,3.439153,3.7037037,30.95238,7.936508
"018","2pm",51.49701,2.694611,2.6946108,36.22754,6.886228
"019","2pm",57.76805,7.439825,2.1881838,26.03939,6.564551
"020","2pm",43.75,5.528846,4.3269231,37.25962,9.134615
"021","2pm",53.96552,8.275862,2.5862069,27.93103,7.241379
"022","2pm",54.13043,7.826087,3.2608696,29.56522,5.217391
"023","2pm",51.32924,7.97546,3.8854806,29.44785,7.361963
"024","2pm",51.76211,3.964758,3.5242291,33.03965,7.709251
"025","2pm",56.45833,5,2.5,28.95833,7.083333
"026","2pm",44.31555,5.336427,5.1044084,40.60325,4.640371
"027","2pm",49.33018,6.225374,3.7825059,34.43656,6.225374
"028","2pm",42.95154,5.286344,2.8634361,42.51101,6.387665
"029","2pm",68.88186,11.814346,1.371308,16.77215,1.160338
"001","3pm",49.83888,25.56391,3.4371643,17.18582,3.974221
"002","3pm",43.26599,15.488215,6.7340067,26.59933,7.912458
"003","3pm",36.68342,25.628141,3.5175879,26.80067,7.370184
"004","3pm",49.11181,17.241379,2.0898642,27.58621,3.970742
"005","3pm",25.30658,48.494983,3.1215162,18.95206,4.124861
"006","3pm",29.70711,15.899582,4.8117155,41.841,7.740586
"007","3pm",54.11298,8.02775,1.9821606,29.93062,5.946482
"008","3pm",46.01504,23.007519,2.406015,23.45865,5.112782
"009","3pm",32.2695,34.397163,4.6099291,21.98582,6.737589
"010","3pm",31.25,55.113636,1.0795455,10.51136,2.045455
"011","3pm",52.29202,10.016978,1.5280136,32.51273,3.650255
"012","3pm",47.01835,10.321101,2.0642202,37.27064,3.325688
"013","3pm",58.98004,17.2949,2.1064302,17.73836,3.880266
"014","3pm",46.08076,10.926366,0.4750594,35.86698,6.650831
"015","3pm",53.25,12.5,1,26.5,6.75
"016","3pm",53.70675,10.873147,1.8121911,28.99506,4.61285
"017","3pm",53.39578,5.620609,3.0444965,30.67916,7.259953
"018","3pm",53.65169,3.089888,2.5280899,33.98876,6.741573
"019","3pm",56.96203,7.383966,2.3206751,26.16034,7.172996
"020","3pm",43.94619,6.278027,4.0358744,38.34081,7.399103
"021","3pm",54.31894,7.807309,2.6578073,28.07309,7.142857
"022","3pm",53.48361,8.401639,3.2786885,29.09836,5.737705
"023","3pm",52.79383,8.477842,3.8535645,27.93834,6.936416
"024","3pm",52.63158,4.631579,3.5789474,31.36842,7.789474
"025","3pm",55.89431,7.113821,2.4390244,28.45528,6.097561
"026","3pm",45.82393,4.96614,4.96614,39.50339,4.740406
"027","3pm",49.18542,6.51668,3.7238169,34.60047,5.973623
"028","3pm",42.44306,5.797101,2.484472,42.6501,6.625259
"029","3pm",70.25641,12.051282,1.2820513,15.12821,1.282051
"001","4pm",44.32577,25.233645,3.7383178,21.49533,5.206943
"002","4pm",41.14671,18.887015,6.9139966,25.12648,7.925801
"003","4pm",33.8843,29.256198,3.8016529,25.95041,7.107438
"004","4pm",47.03196,18.378995,2.6255708,27.39726,4.56621
"005","4pm",29.35065,40,4.1558442,21.81818,4.675325
"006","4pm",34.2155,14.555766,3.9697543,39.88658,7.372401
"007","4pm",47.49455,12.309368,2.0697168,33.11547,5.010893
"008","4pm",45.06173,21.141975,2.4691358,26.54321,4.783951
"009","4pm",34.62185,33.613445,4.3697479,21.0084,6.386555
"010","4pm",29.22971,53.645117,1.2379642,13.54883,2.338377
"011","4pm",52.48162,11.397059,1.0110294,31.15809,3.952206
"012","4pm",43.68825,14.050494,1.8660812,36.88255,3.512623
"013","4pm",55.89005,17.015707,2.2251309,20.41885,4.450262
"014","4pm",50.18519,13.703704,0.5555556,30,5.555556
"015","4pm",56.33803,15.090543,1.0060362,21.73038,5.83501
"016","4pm",55.51129,14.077025,1.4608234,24.9668,3.984064
"017","4pm",54.31373,10.392157,2.5490196,26.66667,6.078431
"018","4pm",56.03645,6.605923,2.0501139,29.84055,5.46697
"019","4pm",60.89965,9.515571,1.7301038,21.79931,6.055363
"020","4pm",46.45669,7.677165,3.5433071,35.23622,7.086614
"021","4pm",53.8835,8.090615,2.2653722,28.47896,7.281553
"022","4pm",56.13718,9.927798,2.8880866,25.45126,5.595668
"023","4pm",55.27273,6.909091,3.4545455,27.81818,6.545455
"024","4pm",53.01887,8.301887,3.5849057,28.30189,6.792453
"025","4pm",56.72727,9.272727,2.5454545,25.81818,5.636364
"026","4pm",47.94521,7.240705,4.3052838,36.39922,4.109589
"027","4pm",48.37662,6.006494,4.0584416,35.30844,6.25
"028","4pm",45.64831,7.637655,2.1314387,39.07638,5.506217
"029","4pm",67.11538,15.192308,1.5384615,14.42308,1.730769
"001","5pm",38.40361,28.313253,4.5180723,23.04217,5.722892
"002","5pm",39.05429,20.665499,7.0052539,25.39405,7.880911
"003","5pm",31.8818,31.570762,4.0435459,25.66096,6.842924
"004","5pm",46.04317,19.064748,2.6378897,27.69784,4.556355
"005","5pm",31.86969,33.286119,4.9575071,24.64589,5.240793
"006","5pm",37.54386,13.859649,3.5087719,37.7193,7.368421
"007","5pm",45.9846,12.761276,2.420242,33.33333,5.50055
"008","5pm",46.47887,17.840376,2.5039124,28.16901,5.007825
"009","5pm",38.29787,31.914894,3.7993921,20.36474,5.6231
"010","5pm",24.9048,56.207159,1.3709063,15.07997,2.437167
"011","5pm",48.0402,12.361809,1.6080402,33.76884,4.221106
"012","5pm",42.99363,16.348195,1.8046709,35.45648,3.397028
"013","5pm",58.6514,15.521628,2.2900763,19.2112,4.3257
"014","5pm",53.98671,14.285714,0.6644518,26.41196,4.651163
"015","5pm",60.27165,13.921902,0.8488964,19.86418,5.093379
"016","5pm",58.58709,13.154689,1.4616322,23.38611,3.410475
"017","5pm",58.2906,10.769231,2.2222222,23.4188,5.299145
"018","5pm",58.19672,6.967213,1.6393443,28.07377,5.122951
"019","5pm",63.54167,9.970238,1.4880952,19.64286,5.357143
"020","5pm",51.0453,8.885017,2.6132404,30.83624,6.620209
"021","5pm",52.73865,9.076682,2.1909233,28.95149,7.042254
"022","5pm",57.48299,9.52381,2.5510204,25.17007,5.272109
"023","5pm",56.38842,8.34753,3.407155,26.23509,5.621806
"024","5pm",55.13043,8.695652,3.1304348,26.6087,6.434783
"025","5pm",56.79862,10.327022,2.5817556,24.78485,5.507745
"026","5pm",51.64645,8.145581,3.4662045,33.27556,3.466205
"027","5pm",45.7429,7.679466,4.0901503,35.97663,6.510851
"028","5pm",46.21578,8.373591,2.5764895,37.68116,5.152979
"029","5pm",61.35135,21.351351,1.6216216,14.05405,1.621622
"001","6pm",39.44828,28.689655,4.5517241,22.34483,4.965517
"002","6pm",38.38028,20.422535,7.3943662,26.40845,7.394366
"003","6pm",33.08042,30.804249,3.7936267,25.79666,6.525038
"004","6pm",46.25604,17.995169,2.294686,28.74396,4.710145
"005","6pm",35.07565,30.261348,4.4016506,24.75928,5.502063
"006","6pm",37.43409,13.181019,3.8664323,37.78559,7.732865
"007","6pm",43.98625,13.287514,2.4054983,35.05155,5.269187
"008","6pm",46.06061,18.333333,2.5757576,27.72727,5.30303
"009","6pm",39.09774,30.827068,3.6090226,20.75188,5.714286
"010","6pm",25.94014,54.719877,1.3814275,15.27245,2.686109
"011","6pm",47.21931,11.857293,1.5739769,34.73242,4.616999
"012","6pm",43.68421,16.947368,1.7894737,34.21053,3.368421
"013","6pm",58.84666,15.59633,2.0969856,19.13499,4.325033
"014","6pm",54.30464,13.907285,0.4966887,25.99338,5.298013
"015","6pm",59.86509,13.827993,1.0118044,20.40472,4.890388
"016","6pm",58.67288,14.086147,1.5133877,22.46799,3.259604
"017","6pm",58,11.833333,2,23,5.166667
"018","6pm",59.44334,6.759443,1.5904573,27.23658,4.970179
"019","6pm",63.39678,11.420205,1.6105417,18.30161,5.270864
"020","6pm",51.68919,9.797297,2.5337838,29.39189,6.587838
"021","6pm",52.63158,9.597523,2.1671827,28.79257,6.811146
"022","6pm",58.84298,9.752066,2.6446281,24.46281,4.297521
"023","6pm",57.42574,8.580858,3.30033,25.74257,4.950495
"024","6pm",55.06003,8.919383,2.915952,26.92967,6.174957
"025","6pm",57.16724,10.238908,2.559727,24.74403,5.290102
"026","6pm",53.3557,7.885906,2.852349,32.04698,3.85906
"027","6pm",45.37265,8.108108,4.2588043,35.79034,6.470106
"028","6pm",46.33385,8.268331,2.4960998,37.5975,5.304212
"029","6pm",57.60234,25.730994,1.4619883,13.15789,2.046784
"001","7pm",39.08206,29.207232,4.4506259,22.11405,5.146036
"002","7pm",38.12057,21.276596,7.0921986,25.35461,8.156028
"003","7pm",33.98792,31.41994,3.776435,24.77341,6.042296
"004","7pm",45.35714,17.97619,2.3809524,29.52381,4.761905
"005","7pm",34.21419,30.041725,4.72879,25.45202,5.563282
"006","7pm",37.21739,14.086957,3.6521739,37.73913,7.304348
"007","7pm",44.48237,12.514221,2.2753129,35.60865,5.119454
"008","7pm",46.93572,18.086697,2.5411061,27.35426,5.082212
"009","7pm",39.82036,30.239521,4.0419162,20.05988,5.838323
"010","7pm",26.35294,53.647059,1.3333333,16.07843,2.588235
"011","7pm",46.55355,12.937434,1.5906681,34.46448,4.453871
"012","7pm",43.69748,16.596639,1.4705882,34.66387,3.571429
"013","7pm",59.86667,15.2,1.7333333,19.06667,4.133333
"014","7pm",54.20099,13.83855,0.4942339,26.35914,5.107084
"015","7pm",60.13289,13.45515,0.9966777,20.76412,4.651163
"016","7pm",58.48624,13.876147,1.4908257,22.36239,3.784404
"017","7pm",58.64297,12.116317,2.2617124,22.13247,4.846527
"018","7pm",59.61538,6.923077,1.5384615,27.30769,4.615385
"019","7pm",64.09884,11.337209,1.4534884,17.73256,5.377907
"020","7pm",51.39116,9.492635,2.9459902,29.62357,6.546645
"021","7pm",52.99539,9.52381,2.1505376,28.57143,6.758833
"022","7pm",58.18182,9.917355,2.6446281,24.6281,4.628099
"023","7pm",58.33333,8.333333,2.9411765,25.3268,5.065359
"024","7pm",55.72391,8.417508,3.030303,26.76768,6.060606
"025","7pm",56.80272,10.37415,2.3809524,24.4898,5.952381
"026","7pm",53.31126,8.112583,3.1456954,31.62252,3.807947
"027","7pm",45.05766,8.319605,4.4481054,35.99671,6.177924
"028","7pm",46.11801,8.385093,2.3291925,38.04348,5.124224
"029","7pm",57.89474,27.863777,1.5479876,10.83591,1.857585
"001","8pm",37.83032,29.902643,4.5897079,22.531293,5.146036
"002","8pm",38.85017,21.428571,6.7944251,24.390244,8.536585
"003","8pm",34.12463,31.602374,3.7091988,24.62908,5.934718
"004","8pm",45.4321,17.654321,2.4691358,29.62963,4.814815
"005","8pm",35,28.857143,5,25.571429,5.571429
"006","8pm",37.62887,14.604811,3.6082474,37.113402,7.044674
"007","8pm",43.02059,13.95881,2.2883295,35.125858,5.606407
"008","8pm",46.81818,17.575758,2.7272727,27.878788,5
"009","8pm",39.70803,31.240876,3.7956204,19.416058,5.839416
"010","8pm",26.14534,53.475513,1.5007899,16.271722,2.606635
"011","8pm",44.09722,12.962963,1.7361111,36.805556,4.398148
"012","8pm",44.18848,16.125654,1.4659686,34.764398,3.455497
"013","8pm",60.48064,14.953271,1.7356475,18.691589,4.138852
"014","8pm",54.4586,13.853503,0.6369427,26.273885,4.77707
"015","8pm",61.41732,13.385827,0.9448819,19.685039,4.566929
"016","8pm",58.86364,14.090909,1.3636364,22.045455,3.636364
"017","8pm",59.03226,11.935484,2.2580645,22.096774,4.677419
"018","8pm",60.37383,6.915888,1.4953271,26.35514,4.859813
"019","8pm",65.06365,11.032532,1.4144272,17.256011,5.23338
"020","8pm",51.66932,9.538951,3.1796502,29.0938,6.518283
"021","8pm",52.83308,9.188361,2.143951,28.943338,6.891271
"022","8pm",57.95455,9.577922,2.5974026,25,4.87013
"023","8pm",58.38608,8.227848,2.8481013,25.158228,5.379747
"024","8pm",56.31229,8.637874,2.9900332,26.079734,5.980066
"025","8pm",56.97674,10.631229,2.3255814,24.252492,5.813953
"026","8pm",52.41158,8.681672,2.8938907,32.315113,3.697749
"027","8pm",45.19868,8.112583,4.5529801,35.927152,6.208609
"028","8pm",46.71756,8.244275,1.9847328,37.862595,5.19084
"029","8pm",56.04027,31.208054,1.6778523,9.731544,1.342282
"001","9pm",35.09036,32.228916,5.2710843,21.686747,5.722892
"002","9pm",38.74346,21.465969,6.9808028,24.43281,8.376963
"003","9pm",33.2829,31.921331,3.7821483,24.810893,6.202723
"004","9pm",45.02488,17.412935,2.6119403,30.223881,4.726368
"005","9pm",35.30303,28.030303,5,26.060606,5.606061
"006","9pm",38.5399,14.601019,3.3955857,36.672326,6.791171
"007","9pm",43.00459,14.449541,2.1788991,34.862385,5.504587
"008","9pm",47.12991,16.918429,2.5679758,28.096677,5.287009
"009","9pm",40.08322,31.345354,3.6061026,19.278779,5.686546
"010","9pm",26.03072,52.950687,1.3742926,16.976556,2.667745
"011","9pm",42.99876,12.267658,1.6109046,38.537794,4.584882
"012","9pm",43.30875,16.54373,1.5806112,35.40569,3.161222
"013","9pm",60.58201,14.550265,1.984127,18.650794,4.232804
"014","9pm",54.53149,13.978495,0.7680492,25.960061,4.761905
"015","9pm",62.40602,13.533835,0.9022556,18.796992,4.360902
"016","9pm",58.86443,14.252607,1.2746234,22.132097,3.476246
"017","9pm",59.34066,11.77394,2.3547881,21.507064,5.023548
"018","9pm",60.83032,7.220217,1.4440433,25.812274,4.693141
"019","9pm",64.45047,10.990502,1.4925373,17.910448,5.156038
"020","9pm",51.70279,10.06192,3.0959752,28.79257,6.346749
"021","9pm",53.2925,9.800919,1.9908116,28.024502,6.891271
"022","9pm",59.2535,9.642302,2.4883359,23.950233,4.66563
"023","9pm",58.57805,8.346213,2.9366306,24.729521,5.409583
"024","9pm",56.66132,8.346709,3.0497592,26.163724,5.778491
"025","9pm",57.89474,10.526316,2.2328549,23.763955,5.582137
"026","9pm",52.92259,8.372828,2.8436019,32.227488,3.633491
"027","9pm",44.57429,8.263773,4.4240401,36.143573,6.594324
"028","9pm",47.16418,8.955224,2.0895522,36.865672,4.925373
"029","9pm",52.49042,34.8659,1.9157088,9.195402,1.532567
"001","10pm",33.43799,33.908948,5.4945055,21.507064,5.651491
"002","10pm",37.54325,22.318339,7.266436,24.567474,8.304498
"003","10pm",33.08271,32.330827,3.7593985,24.661654,6.165414
"004","10pm",44.70735,17.932752,2.49066,30.012453,4.856787
"005","10pm",33.92,27.2,5.12,27.84,5.92
"006","10pm",38.53821,15.116279,3.1561462,36.710963,6.478405
"007","10pm",43.58683,14.642452,2.1566402,34.052213,5.561862
"008","10pm",46.78899,16.666667,2.7522936,28.593272,5.198777
"009","10pm",39.80716,31.680441,3.5812672,19.283747,5.647383
"010","10pm",25.42662,52.303754,1.4505119,17.918089,2.901024
"011","10pm",42.49037,12.451861,1.5404365,39.02439,4.49294
"012","10pm",43.22647,16.856256,1.5511892,35.263702,3.102378
"013","10pm",60.69057,14.342629,1.8592297,18.990704,4.116866
"014","10pm",54.92754,14.637681,0.8695652,25.072464,4.492754
"015","10pm",62.55443,14.078374,0.8708273,18.287373,4.208999
"016","10pm",58.37209,14.534884,1.2790698,22.209302,3.604651
"017","10pm",59.10494,12.345679,2.3148148,21.141975,5.092593
"018","10pm",60.94571,7.880911,1.5761821,25.043783,4.553415
"019","10pm",64.05836,11.27321,1.4588859,18.037135,5.172414
"020","10pm",51.9084,10.076336,3.2061069,28.549618,6.259542
"021","10pm",53.13936,9.647779,1.9908116,28.330781,6.891271
"022","10pm",60,9.545455,2.4242424,23.333333,4.69697
"023","10pm",59.06344,8.459215,2.8700906,24.320242,5.287009
"024","10pm",56.59777,8.267091,3.1796502,25.914149,6.041335
"025","10pm",58.46395,10.344828,2.1943574,23.510972,5.485893
"026","10pm",52.64798,8.878505,2.6479751,32.242991,3.582555
"027","10pm",44.86216,8.103592,4.2606516,36.173768,6.599833
"028","10pm",47.73723,9.19708,2.189781,36.058394,4.817518
"029","10pm",51.85185,36.213992,2.0576132,8.641975,1.234568
"001","11pm",34.21053,32.401316,5.2631579,22.368421,5.756579
"002","11pm",37.32877,22.945205,7.0205479,24.657534,8.047945
"003","11pm",33.08495,32.339791,3.7257824,24.739195,6.110283
"004","11pm",44.28044,18.942189,2.5830258,29.520295,4.674047
"005","11pm",34.13462,26.602564,5.1282051,28.205128,5.929487
"006","11pm",38.18182,15.371901,3.1404959,36.694215,6.61157
"007","11pm",43.94977,14.383562,2.1689498,34.018265,5.479452
"008","11pm",47.08589,16.564417,2.7607362,28.374233,5.214724
"009","11pm",39.94528,31.463748,3.6935705,19.288646,5.608755
"010","11pm",25.12821,52.564103,1.4529915,17.863248,2.991453
"011","11pm",41.25326,13.05483,1.4360313,39.817232,4.438642
"012","11pm",42.75362,17.391304,1.6563147,35.093168,3.10559
"013","11pm",60.68602,14.116095,1.9788918,18.865435,4.353562
"014","11pm",54.88506,15.086207,0.7183908,24.712644,4.597701
"015","11pm",62.0887,14.449213,1.0014306,18.311874,4.148784
"016","11pm",58.54503,14.665127,1.2702079,21.939954,3.579677
"017","11pm",59.24242,12.424242,2.2727273,21.060606,5
"018","11pm",60.9589,7.876712,1.5410959,25.171233,4.452055
"019","11pm",64.10596,11.788079,1.4569536,17.615894,5.033113
"020","11pm",52.49622,9.984871,3.1770045,28.290469,6.051437
"021","11pm",53.27245,9.284627,2.130898,28.462709,6.849315
"022","11pm",59.93976,9.939759,2.4096386,23.042169,4.668675
"023","11pm",59.15916,8.258258,2.8528529,24.324324,5.405405
"024","11pm",56.55608,8.372828,3.1595577,25.908373,6.00316
"025","11pm",58.48765,10.339506,2.3148148,23.45679,5.401235
"026","11pm",52.60736,8.742331,2.607362,32.515337,3.527607
"027","11pm",44.87927,8.243131,4.2464613,35.886761,6.74438
"028","11pm",48.04631,9.406657,2.170767,35.600579,4.775687
"029","11pm",51.81818,38.181818,1.3636364,7.272727,1.363636
"001","12pm",34.17936,31.641286,5.2453469,23.011844,5.922166
"002","12pm",37.28814,23.050847,6.9491525,24.576271,8.135593
"003","12pm",33.33333,32.296296,3.7037037,24.592593,6.074074
"004","12pm",44.28044,18.819188,2.5830258,29.643296,4.674047
"005","12pm",34.55414,26.433121,5.0955414,28.025478,5.89172
"006","12pm",38.32237,15.296053,3.125,36.513158,6.743421
"007","12pm",43.62801,14.466131,2.1814007,34.213548,5.510907
"008","12pm",47.01378,16.539051,2.7565084,28.48392,5.206738
"009","12pm",39.94565,31.657609,3.6684783,19.157609,5.570652
"010","12pm",25.02135,52.604611,1.4517506,17.847993,3.074295
"011","12pm",41.12272,13.185379,1.4360313,39.817232,4.438642
"012","12pm",42.56198,17.561983,1.7561983,35.020661,3.099174
"013","12pm",60.4,14.4,2,18.933333,4.266667
"014","12pm",54.87106,15.04298,0.8595989,24.641834,4.584527
"015","12pm",62.28571,14.285714,1,18.285714,4.142857
"016","12pm",58.61272,14.566474,1.2716763,21.965318,3.583815
"017","12pm",59.30408,12.405446,2.269289,21.028744,4.992436
"018","12pm",60.89194,7.890223,1.5437393,25.214408,4.459691
"019","12pm",64.37995,11.609499,1.4511873,17.546174,5.013193
"020","12pm",52.63158,10.075188,3.1578947,28.120301,6.015038
"021","12pm",53.19149,9.422492,2.1276596,28.419453,6.838906
"022","12pm",60.08969,10.014948,2.3916293,22.869955,4.633782
"023","12pm",59.46349,8.196721,2.8315946,24.14307,5.365127
"024","12pm",56.48734,8.386076,3.164557,25.949367,6.012658
"025","12pm",58.35913,10.371517,2.3219814,23.529412,5.417957
"026","12pm",52.60736,8.742331,2.607362,32.515337,3.527607
"027","12pm",45.01661,8.222591,4.2358804,35.797342,6.727575
"028","12pm",47.90159,9.406657,2.170767,35.745297,4.775687
"029","12pm",49.76303,40.28436,0.9478673,7.582938,1.421801
"001","1am",33.95904,31.569966,5.2901024,23.208191,5.972696
"002","1am",37.5,22.972973,6.9256757,24.493243,8.108108
"003","1am",33.23486,32.496307,3.6927622,24.519941,6.05613
"004","1am",44.07407,18.888889,2.5925926,29.753086,4.691358
"005","1am",34.55414,26.433121,5.0955414,28.025478,5.89172
"006","1am",38.36066,15.409836,3.1147541,36.393443,6.721311
"007","1am",43.66359,14.285714,2.1889401,34.331797,5.529954
"008","1am",47.01378,16.539051,2.7565084,28.48392,5.206738
"009","1am",39.9729,31.707317,3.6585366,19.105691,5.555556
"010","1am",25.06416,52.523524,1.4542344,17.878529,3.079555
"011","1am",41.30719,12.941176,1.4379085,39.869281,4.444444
"012","1am",42.65159,17.677287,1.7471737,34.840699,3.083248
"013","1am",60.29412,14.438503,2.0053476,18.983957,4.278075
"014","1am",54.79256,15.164521,0.8583691,24.606581,4.577969
"015","1am",62.28571,14.428571,0.8571429,18.285714,4.142857
"016","1am",58.84393,14.33526,1.2716763,21.965318,3.583815
"017","1am",59.36556,12.386707,2.265861,20.996979,4.984894
"018","1am",60.89194,7.890223,1.5437393,25.214408,4.459691
"019","1am",64.34211,11.710526,1.4473684,17.5,5
"020","1am",52.63158,10.075188,3.1578947,28.120301,6.015038
"021","1am",53.19149,9.422492,2.1276596,28.419453,6.838906
"022","1am",60,10,2.3880597,22.985075,4.626866
"023","1am",59.49555,8.160237,2.8189911,24.035608,5.489614
"024","1am",56.48734,8.386076,3.164557,25.949367,6.012658
"025","1am",58.42349,10.355487,2.3183926,23.493045,5.409583
"026","1am",52.75229,8.715596,2.5993884,32.415902,3.51682
"027","1am",44.97925,8.215768,4.3153527,35.767635,6.721992
"028","1am",47.90159,9.406657,2.170767,35.745297,4.775687
"029","1am",48.29268,41.463415,0.9756098,7.804878,1.463415
"001","2am",34.33099,30.28169,5.4577465,23.943662,5.985915
"002","2am",37.71044,22.895623,6.9023569,24.410774,8.080808
"003","2am",33.28424,32.547865,3.6818851,24.447717,6.038292
"004","2am",44.05941,18.935644,2.5990099,29.826733,4.579208
"005","2am",34.45513,26.282051,5.1282051,28.205128,5.929487
"006","2am",38.53659,15.447154,3.2520325,36.097561,6.666667
"007","2am",43.48328,14.302191,2.1914648,34.486736,5.536332
"008","2am",46.9419,16.666667,2.7522936,28.440367,5.198777
"009","2am",39.91881,31.799729,3.6535859,19.079838,5.548038
"010","2am",24.8938,52.846219,1.44435,17.757009,3.058624
"011","2am",41.2844,12.844037,1.4416776,39.973788,4.456094
"012","2am",42.72541,17.622951,1.7418033,34.733607,3.17623
"013","2am",60.29412,14.438503,2.0053476,18.983957,4.278075
"014","2am",54.92154,15.121255,0.8559201,24.536377,4.564907
"015","2am",62.33951,14.407989,0.8559201,18.259629,4.136947
"016","2am",58.84393,14.33526,1.2716763,21.965318,3.583815
"017","2am",59.33735,12.349398,2.2590361,20.933735,5.120482
"018","2am",60.86207,7.931034,1.5517241,25.172414,4.482759
"019","2am",64.38896,11.695138,1.4454665,17.477004,4.99343
"020","2am",52.63952,9.954751,3.1674208,28.205128,6.033183
"021","2am",53.19149,9.422492,2.1276596,28.419453,6.838906
"022","2am",60.11905,9.970238,2.3809524,22.916667,4.613095
"023","2am",59.43536,8.172363,2.8231798,24.071322,5.497771
"024","2am",56.62461,8.359621,3.1545741,25.867508,5.993691
"025","2am",58.42349,10.355487,2.3183926,23.493045,5.409583
"026","2am",52.75229,8.715596,2.5993884,32.415902,3.51682
"027","2am",45.10779,8.208955,4.2288557,35.737977,6.716418
"028","2am",47.90159,9.406657,2.170767,35.745297,4.775687
"029","2am",48.03922,41.666667,0.9803922,7.843137,1.470588
"001","3am",34.2246,30.30303,5.3475936,24.06417,6.060606
"002","3am",37.71044,22.895623,6.9023569,24.41077,8.080808
"003","3am",33.43152,32.400589,3.6818851,24.44772,6.038292
"004","3am",44.04467,18.858561,2.6054591,29.90074,4.590571
"005","3am",34.4,26.4,5.12,28.16,5.92
"006","3am",38.47403,15.584416,3.2467532,36.03896,6.655844
"007","3am",43.48328,14.302191,2.1914648,34.48674,5.536332
"008","3am",46.9419,16.666667,2.7522936,28.44037,5.198777
"009","3am",40,31.756757,3.6486486,19.05405,5.540541
"010","3am",24.83051,52.966102,1.440678,17.71186,3.050847
"011","3am",41.2844,12.844037,1.4416776,39.97379,4.456094
"012","3am",42.66667,17.641026,1.7435897,34.76923,3.179487
"013","3am",60.34713,14.419226,2.0026702,18.95861,4.272363
"014","3am",54.98575,15.099715,0.8547009,24.50142,4.558405
"015","3am",62.33951,14.407989,0.8559201,18.25963,4.136947
"016","3am",58.89145,14.318707,1.2702079,21.93995,3.579677
"017","3am",59.33735,12.349398,2.2590361,20.93373,5.120482
"018","3am",60.86207,7.931034,1.5517241,25.17241,4.482759
