"district","hour","rev5","rev1","rev2","rev3","rev4"
"001","4am",32.82051,37.948718,12.13675,12.47863,4.615385
"002","4am",29.47883,38.762215,18.24104,11.88925,1.628664
"003","4am",37.21591,32.102273,17.47159,11.22159,1.988636
"004","4am",26.31579,16.646267,17.38066,21.78703,17.870257
"005","4am",29.90506,32.753165,18.98734,14.87342,3.481013
"006","4am",27.00491,35.351882,22.91326,11.78396,2.94599
"007","4am",22.66515,28.473804,26.30979,17.65376,4.897494
"008","4am",25.93703,12.893553,25.48726,24.28786,11.394303
"009","4am",35.97884,25.925926,25.66138,10.05291,2.380952
"010","4am",59.98308,11.928934,13.45178,10.7445,3.891709
"011","4am",26.68394,15.025907,27.59067,23.05699,7.642487
"012","4am",26.05128,14.358974,23.38462,21.94872,14.25641
"013","4am",20.98446,12.694301,33.16062,26.42487,6.735751
"014","4am",19.04762,9.95671,29.72583,28.42713,12.842713
"015","4am",25.56818,4.261364,29.40341,29.26136,11.505682
"016","4am",18.17143,11.771429,31.2,32,6.857143
"017","4am",17.3454,10.558069,34.53997,25.64103,11.915535
"018","4am",20.13769,11.703959,29.77625,24.61274,13.769363
"019","4am",19.07895,10.526316,29.21053,30.39474,10.789474
"020","4am",19.45701,8.748115,31.22172,26.24434,14.328808
"021","4am",23.11111,22.518519,30.51852,18.51852,5.333333
"022","4am",18.71345,14.473684,34.21053,26.90058,5.701754
"023","4am",18.71345,21.491228,34.06433,21.05263,4.678363
"024","4am",20.52067,20.061256,35.68147,19.29556,4.441041
"025","4am",22.07002,21.613394,32.87671,18.87367,4.56621
"026","4am",23.22775,10.708899,28.35596,23.37858,14.328808
"027","4am",21.82986,24.959872,28.8122,19.58266,4.815409
"028","4am",24.9635,11.970803,27.44526,20.29197,15.328467
"029","4am",26.79739,12.745098,23.20261,18.62745,18.627451
"001","5am",32.7674,37.691002,12.22411,12.73345,4.584041
"002","5am",29.4686,38.164251,18.35749,12.23833,1.771337
"003","5am",37.26885,32.147937,17.92319,10.81081,1.849218
"004","5am",26.77262,16.503667,17.35941,21.51589,17.848411
"005","5am",29.85554,32.423756,19.26164,15.08828,3.370787
"006","5am",27.36318,35.820896,22.22222,11.77446,2.819237
"007","5am",22.24745,28.490352,26.56073,17.70715,4.994325
"008","5am",25.3012,13.10241,25.90361,24.24699,11.445783
"009","5am",36.25337,26.280323,24.93261,10.10782,2.425876
"010","5am",59.91525,11.949153,13.55932,10.67797,3.898305
"011","5am",26.14213,14.974619,27.66497,23.60406,7.614213
"012","5am",26.33197,14.241803,23.15574,21.92623,14.344262
"013","5am",20.90323,12.516129,33.41935,26.32258,6.83871
"014","5am",18.94273,9.985316,29.36858,28.92805,12.77533
"015","5am",25.43605,4.360465,29.65116,29.36047,11.19186
"016","5am",18.32761,11.569301,31.50057,31.72967,6.872852
"017","5am",17.63804,10.429448,34.35583,25.6135,11.96319
"018","5am",20.06981,11.692845,29.84293,24.60733,13.787086
"019","5am",19.27224,10.916442,29.11051,30.18868,10.512129
"020","5am",19.5122,8.993902,31.09756,26.06707,14.329268
"021","5am",23.09985,22.801788,29.95529,18.92697,5.216095
"022","5am",18.80597,14.776119,33.8806,26.86567,5.671642
"023","5am",19.11988,21.85129,33.68741,20.33384,5.007587
"024","5am",20.18779,20.500782,35.52426,19.40532,4.381847
"025","5am",22.13622,22.136223,32.35294,18.73065,4.643963
"026","5am",23.38462,11.076923,28.15385,23.07692,14.307692
"027","5am",22.04214,24.959481,29.01135,19.1248,4.862237
"028","5am",24.70414,11.982249,28.10651,20.11834,15.088757
"029","5am",26.74772,12.158055,23.40426,19.45289,18.237082
"001","6am",31.61398,36.605657,12.97837,13.97671,4.825291
"002","6am",29.60526,37.993421,18.91447,11.67763,1.809211
"003","6am",37.4462,31.850789,17.934,10.90387,1.865136
"004","6am",25.61118,16.647264,17.46217,23.16647,17.112922
"005","6am",30.76923,31.914894,18.8216,15.05728,3.436989
"006","6am",28.31858,36.106195,21.41593,11.32743,2.831858
"007","6am",22.55556,28,26.55556,17.66667,5.222222
"008","6am",24.8494,13.855422,25.90361,23.94578,11.445783
"009","6am",37.34266,25.734266,24.33566,10.20979,2.377622
"010","6am",59.27152,12.334437,13.32781,10.76159,4.304636
"011","6am",25.96273,15.279503,28.57143,22.85714,7.329193
"012","6am",26.1811,14.173228,23.52362,22.24409,13.877953
"013","6am",22.10526,12.763158,32.76316,25.65789,6.710526
"014","6am",19.09233,10.328638,29.73396,28.79499,12.050078
"015","6am",24.49298,4.524181,29.79719,29.48518,11.700468
"016","6am",18.81785,12.183353,31.00121,31.48372,6.513872
"017","6am",17.69481,10.876623,35.22727,25,11.201299
"018","6am",19.78022,12.637363,30.21978,23.62637,13.736264
"019","6am",19.06117,11.379801,29.87198,29.30299,10.384068
"020","6am",19.80198,9.735974,31.68317,24.91749,13.861386
"021","6am",23.05246,24.165342,30.52464,17.80604,4.45151
"022","6am",19.13876,15.789474,33.65231,25.51834,5.901116
"023","6am",19.03172,22.704508,33.22204,19.6995,5.342237
"024","6am",20.64846,20.477816,35.66553,18.94198,4.266212
"025","6am",22.20421,22.690438,31.11831,18.96272,5.024311
"026","6am",23.42488,11.470113,27.46365,23.58643,14.054927
"027","6am",22.09586,25.020309,28.83834,19.57758,4.467912
"028","6am",24.92355,12.232416,27.98165,19.41896,15.443425
"029","6am",22.55319,11.06383,27.87234,22.76596,15.744681
"001","7am",27.37276,31.499312,16.09354,18.019257,7.015131
"002","7am",29.69799,35.738255,19.79866,12.583893,2.181208
"003","7am",38.12405,29.803328,17.70045,12.405446,1.966717
"004","7am",23.9779,15.690608,20,24.751381,15.58011
"005","7am",30.80169,26.863572,19.83122,18.284107,4.219409
"006","7am",29.17466,35.508637,22.64875,10.364683,2.303263
"007","7am",22.2449,26.734694,24.89796,19.183673,6.938776
"008","7am",24.51709,14.561664,26.59733,22.585438,11.738484
"009","7am",37.0915,26.797386,24.18301,9.150327,2.777778
"010","7am",53.81791,11.894273,15.34508,13.656388,5.286344
"011","7am",24.86188,15.359116,27.18232,24.640884,7.955801
"012","7am",26.17587,13.701431,25.15337,22.699387,12.269939
"013","7am",21.98758,13.291925,32.17391,23.229814,9.31677
"014","7am",19.77612,11.380597,30.59701,28.731343,9.514925
"015","7am",26.96177,5.231388,30.38229,26.358149,11.066398
"016","7am",19.64018,14.242879,29.83508,29.085457,7.196402
"017","7am",19.06694,12.373225,37.72819,21.703854,9.127789
"018","7am",19.77273,14.772727,33.18182,21.136364,11.136364
"019","7am",20.35398,13.274336,33.09735,24.955752,8.318584
"020","7am",21.5415,11.857708,30.83004,23.913043,11.857708
"021","7am",22.93729,24.587459,28.87789,18.316832,5.280528
"022","7am",19.81132,16.981132,32.64151,24.90566,5.660377
"023","7am",20.34221,24.714829,30.98859,18.250951,5.703422
"024","7am",22,21.6,34.2,18.2,4
"025","7am",23.03473,24.314442,29.98172,17.915905,4.753199
"026","7am",22.14022,12.915129,28.96679,23.431734,12.546125
"027","7am",22.28571,24,28.65306,20.163265,4.897959
"028","7am",24.48276,13.448276,28.44828,18.103448,15.517241
"029","7am",22.10526,8.721805,27.66917,25.56391,15.93985
"001","8am",24.52632,26.105263,18.84211,20.947368,9.578947
"002","8am",29.34974,34.446397,19.50791,14.059754,2.636204
"003","8am",37.09677,29.354839,17.74194,13.548387,2.258065
"004","8am",23.08489,14.906832,22.56729,26.086957,13.354037
"005","8am",27.40022,23.516721,23.73247,19.7411,5.609493
"006","8am",30.18109,35.211268,22.1328,9.657948,2.816901
"007","8am",20.92575,25.554484,24.6866,20.443587,8.389585
"008","8am",24.49857,15.902579,28.51003,20.200573,10.888252
"009","8am",36.15108,25.719424,23.56115,10.071942,4.496403
"010","8am",49.68625,11.979464,16.37193,15.858528,6.103822
"011","8am",23.48993,14.669223,27.61266,24.256951,9.971237
"012","8am",26.39363,15.13083,26.05233,22.1843,10.238908
"013","8am",22.56586,12.829324,30.01145,22.680412,11.912944
"014","8am",22.60442,12.530713,28.25553,27.518428,9.090909
"015","8am",27.52525,6.818182,32.82828,24.494949,8.333333
"016","8am",19.65812,15.897436,29.74359,28.376068,6.324786
"017","8am",19.36275,13.970588,39.70588,20.588235,6.372549
"018","8am",22.12885,15.966387,31.65266,20.168067,10.084034
"019","8am",20.4793,15.904139,35.72985,22.657952,5.228758
"020","8am",23.82022,12.808989,30.33708,22.921348,10.11236
"021","8am",22.47934,23.636364,28.59504,19.504132,5.785124
"022","8am",21.93548,17.849462,31.6129,24.086022,4.516129
"023","8am",20.16129,23.991935,30.64516,19.153226,6.048387
"024","8am",21.53518,22.17484,35.18124,16.84435,4.264392
"025","8am",23.37398,24.593496,29.26829,18.089431,4.674797
"026","8am",24.50766,12.910284,28.66521,22.97593,10.940919
"027","8am",21.85792,23.34114,27.86885,21.155347,5.776737
"028","8am",24.14487,13.480885,29.17505,17.907445,15.291751
"029","8am",22.38095,9.642857,27.02381,25.357143,15.595238
"001","9am",23.82413,25.46012,19.73415,20.96115,10.02045
"002","9am",29.74453,34.30657,18.61314,14.23358,3.10219
"003","9am",37.71044,28.95623,17.17172,13.63636,2.525253
"004","9am",22.49742,15.68627,23.32301,25.90299,12.590299
"005","9am",27.56813,22.95597,23.16562,20.33543,5.974843
"006","9am",30.24691,34.36214,22.22222,10.49383,2.674897
"007","9am",20.56075,25.98131,25.23364,20.28037,7.943925
"008","9am",24.14773,16.05114,28.69318,20.73864,10.369318
"009","9am",35.44061,25.09579,24.13793,10.91954,4.40613
"010","9am",48.70968,12.15054,17.2043,15.91398,6.021505
"011","9am",22.86957,14.69565,28.34783,23.65217,10.434783
"012","9am",26.51429,16.34286,25.14286,22.51429,9.485714
"013","9am",23.11062,13.36254,29.68237,22.12486,11.719606
"014","9am",21.67102,13.57702,28.98172,27.41514,8.355091
"015","9am",27.24796,6.53951,31.33515,26.703,8.174387
"016","9am",20.06981,15.53229,30.01745,28.44677,5.933682
"017","9am",20.15113,14.60957,39.79849,19.39547,6.04534
"018","9am",22.54335,15.60694,31.50289,20.80925,9.537572
"019","9am",20.27335,15.26196,36.90205,22.09567,5.46697
"020","9am",24.20538,13.44743,28.60636,23.22738,10.513447
"021","9am",22.70451,23.20534,29.04841,19.36561,5.676127
"022","9am",21.81818,17.04545,32.27273,23.86364,5
"023","9am",20.40404,24.24242,29.29293,19.59596,6.464646
"024","9am",21.55556,21.33333,36.44444,16.22222,4.444444
"025","9am",23.36842,25.47368,28.84211,17.68421,4.631579
"026","9am",24.7619,13.57143,28.57143,22.14286,10.952381
"027","9am",22.0679,22.68519,27.70062,20.98765,6.558642
"028","9am",23.78947,14.94737,28.84211,18.52632,13.894737
"029","9am",21.47505,10.52061,26.13883,26.24729,15.618221
"001","10am",23.78049,24.288618,20.73171,21.138211,10.060976
"002","10am",29.78339,33.754513,19.31408,13.898917,3.249097
"003","10am",37.32877,28.253425,17.63699,14.383562,2.39726
"004","10am",22.22222,15.618449,23.27044,25.471698,13.417191
"005","10am",27.28216,22.717842,23.65145,20.850622,5.497925
"006","10am",29.46058,36.929461,21.36929,9.543568,2.697095
"007","10am",20.67989,25.684608,25.21246,20.113314,8.309726
"008","10am",24.24242,15.440115,28.28283,21.067821,10.966811
"009","10am",34.45545,25.940594,24.15842,10.891089,4.554455
"010","10am",49.06267,11.837172,17.30048,15.693626,6.106052
"011","10am",23.19801,14.333057,28.74896,24.109362,9.610605
"012","10am",26.21469,16.271186,26.66667,21.694915,9.152542
"013","10am",22.71762,13.163482,29.83015,22.505308,11.783439
"014","10am",22.02073,13.989637,29.01554,26.943005,8.031088
"015","10am",26.55367,6.779661,31.07345,27.118644,8.474576
"016","10am",21.14695,15.770609,27.77778,28.673835,6.630824
"017","10am",19.33842,15.012723,41.47583,19.083969,5.089059
"018","10am",22.05438,16.314199,31.72205,19.939577,9.969789
"019","10am",20,15.909091,35.90909,23.409091,4.772727
"020","10am",23.89163,14.285714,30.04926,22.660099,9.1133
"021","10am",23.42954,23.7691,27.50424,19.694397,5.602716
"022","10am",21.62791,18.139535,31.16279,23.953488,5.116279
"023","10am",20.1232,23.819302,30.1848,19.712526,6.160164
"024","10am",22.42991,21.495327,36.21495,15.420561,4.439252
"025","10am",24.68354,24.894515,28.05907,17.510549,4.852321
"026","10am",24.88263,12.441315,28.87324,22.535211,11.267606
"027","10am",21.73913,23.059006,27.40683,21.506211,6.28882
"028","10am",24.197,14.561028,28.90792,17.773019,14.561028
"029","10am",21.7801,10.575916,25.44503,26.701571,15.497382
"001","11am",23.21063,25.35787,20.4499,20.858896,10.122699
"002","11am",29.18919,33.69369,19.0991,14.414414,3.603604
"003","11am",36.36364,28.95623,17.84512,13.973064,2.861953
"004","11am",22.67932,14.76793,22.99578,26.160338,13.396624
"005","11am",28.19706,22.22222,23.89937,20.230608,5.450734
"006","11am",28.78151,36.13445,22.47899,10.084034,2.521008
"007","11am",19.82592,25.24178,25.62863,20.889749,8.413926
"008","11am",23.74821,15.45064,27.897,21.745351,11.158798
"009","11am",36.71128,25.0478,24.09178,9.942639,4.206501
"010","11am",48.61488,11.89571,17.43618,15.643672,6.40956
"011","11am",22.52836,14.58671,28.52512,24.473258,9.886548
"012","11am",26.64437,15.4961,26.86734,21.516165,9.476031
"013","11am",22.35294,13.36898,29.83957,22.780749,11.657754
"014","11am",22.44898,13.26531,29.59184,26.27551,8.418367
"015","11am",28.28571,6,30.28571,26.857143,8.571429
"016","11am",20.40073,16.39344,28.23315,28.59745,6.375228
"017","11am",18.76607,14.91003,40.87404,19.537275,5.912596
"018","11am",22.8739,15.83578,31.08504,21.11437,9.090909
"019","11am",19.49541,15.82569,36.69725,22.477064,5.504587
"020","11am",24.3309,14.11192,28.95377,23.114355,9.489051
"021","11am",23.50993,24.00662,28.1457,19.039735,5.298013
"022","11am",22.7991,17.83296,30.92551,23.024831,5.417607
"023","11am",20.16129,25.20161,29.6371,18.951613,6.048387
"024","11am",21.57773,22.27378,35.49884,16.241299,4.408353
"025","11am",24.89627,24.48133,29.46058,17.012448,4.149378
"026","11am",25.76112,12.41218,29.97658,22.482436,9.367681
"027","11am",21.43975,23.55243,27.46479,21.283255,6.259781
"028","11am",24.73573,14.1649,28.54123,18.604651,13.953488
"029","11am",21.40641,10.44467,26.37022,26.163392,15.615305
"001","12am",23.17597,25.214592,20.92275,21.56652,9.120172
"002","12am",29.31937,34.380454,18.49913,14.48517,3.315881
"003","12am",37.15753,28.253425,17.29452,14.21233,3.082192
"004","12am",21.875,16.145833,22.70833,25.83333,13.4375
"005","12am",28.20785,21.95122,23.43584,20.4666,5.938494
"006","12am",28.48101,35.021097,22.1519,12.02532,2.320675
"007","12am",20.4611,25.072046,26.32085,20.36503,7.78098
"008","12am",23.77522,15.129683,28.24207,21.46974,11.383285
"009","12am",35.02825,26.177024,24.85876,10.16949,3.766478
"010","12am",49.15161,11.713191,17.13191,15.65408,6.349206
"011","12am",23.74101,16.227018,26.13909,23.98082,9.91207
"012","12am",26.72707,14.949037,26.84032,22.08381,9.399773
"013","12am",21.99787,13.071201,30.49947,22.74176,11.689692
"014","12am",21.88295,12.468193,29.51654,27.48092,8.651399
"015","12am",27.79292,5.722071,29.97275,27.52044,8.991826
"016","12am",18.75,19.097222,27.95139,27.60417,6.597222
"017","12am",20.36554,13.05483,40.46997,19.58225,6.527415
"018","12am",21.40762,16.129032,32.84457,20.52786,9.090909
"019","12am",19.81982,15.09009,36.26126,23.1982,5.630631
"020","12am",25.36585,13.902439,28.78049,22.68293,9.268293
"021","12am",23.47107,23.966942,27.93388,19.33884,5.289256
"022","12am",23.12775,17.621145,31.93833,22.68722,4.625551
"023","12am",19.16667,24.791667,30.83333,19.79167,5.416667
"024","12am",21.81818,22.272727,34.77273,16.36364,4.772727
"025","12am",24.74012,24.948025,29.93763,16.63202,3.742204
"026","12am",25.05855,11.943794,30.67916,22.01405,10.30445
"027","12am",22.05414,23.646497,27.62739,20.78025,5.89172
"028","12am",24.21053,14.315789,26.94737,18.73684,15.789474
"029","12am",21.50206,10.699588,26.33745,25.92593,15.534979
"001","1pm",23.87755,24.081633,20.61224,21.42857,10
"002","1pm",29.20962,35.051546,18.21306,14.08935,3.436426
"003","1pm",36.37902,28.426396,17.42809,14.72081,3.045685
"004","1pm",20.27027,16.528067,22.86902,26.50728,13.825364
"005","1pm",27.67762,21.845175,24.39024,20.78473,5.302227
"006","1pm",29.13043,35,21.95652,11.08696,2.826087
"007","1pm",20.72243,25.285171,26.14068,19.20152,8.65019
"008","1pm",24.2029,15.217391,28.11594,21.73913,10.724638
"009","1pm",34.88806,25.559701,24.81343,11.00746,3.731343
"010","1pm",48.88405,11.105063,17.03865,16.27654,6.6957
"011","1pm",24.47224,16.419077,25.95778,24.23769,8.913213
"012","1pm",26.53759,14.692483,27.67654,21.98178,9.111617
"013","1pm",22.77952,13.479624,29.36259,22.57053,11.807732
"014","1pm",21.52231,12.073491,28.34646,28.87139,9.186352
"015","1pm",27.52809,6.741573,31.17978,25.8427,8.707865
"016","1pm",19.50355,18.439716,28.7234,27.48227,5.851064
"017","1pm",20.3252,14.634146,40.3794,18.69919,5.96206
"018","1pm",22.18935,14.792899,31.36095,20.71006,10.946746
"019","1pm",18.86364,15.909091,37.5,22.27273,5.454545
"020","1pm",24.70024,13.908873,29.4964,22.54197,9.352518
"021","1pm",23.07692,24.615385,27.00855,20,5.299145
"022","1pm",23.48993,16.331096,32.66219,23.04251,4.474273
"023","1pm",19.83299,23.382046,32.35908,18.78914,5.636743
"024","1pm",20.80537,21.700224,36.24161,16.3311,4.9217
"025","1pm",24.25532,24.468085,30,17.02128,4.255319
"026","1pm",24.04762,12.619048,30.47619,21.66667,11.190476
"027","1pm",22.37983,23.877069,27.42317,20.33097,5.988968
"028","1pm",22.34513,15.265487,28.53982,18.58407,15.265487
"029","1pm",22.41556,10.747185,26.61208,25.38383,14.841351
"001","2pm",23.59081,23.173278,20.56367,22.12944,10.542797
"002","2pm",29.28082,35.445205,18.32192,13.35616,3.59589
"003","2pm",36.72788,28.881469,17.52922,14.35726,2.504174
"004","2pm",21.0041,15.778689,23.05328,26.53689,13.627049
"005","2pm",28.20785,22.481442,23.75398,20.14846,5.408271
"006","2pm",29.24731,35.053763,22.58065,10.75269,2.365591
"007","2pm",20.32914,24.201355,26.23427,20.52275,8.712488
"008","2pm",24.34783,14.782609,28.11594,22.17391,10.57971
"009","2pm",35.51402,25.981308,24.6729,10.09346,3.738318
"010","2pm",48.62031,10.706402,17.38411,16.61148,6.677704
"011","2pm",23.80952,17.514124,26.06941,23.40597,9.200969
"012","2pm",26.81564,14.636872,27.48603,22.4581,8.603352
"013","2pm",22.78075,13.368984,28.98396,22.56684,12.299465
"014","2pm",21.33676,12.85347,29.30591,26.99229,9.511568
"015","2pm",27.94521,6.575342,30.68493,26.30137,8.493151
"016","2pm",20.62392,17.677643,29.46274,26.86308,5.372617
"017","2pm",20.10582,13.492063,40.47619,19.84127,6.084656
"018","2pm",19.76048,15.568862,31.73653,22.75449,10.179641
"019","2pm",20.13129,15.754923,36.76149,21.4442,5.908096
"020","2pm",24.51923,13.461538,29.32692,22.83654,9.855769
"021","2pm",22.24138,23.965517,27.93103,20.51724,5.344828
"022","2pm",23.26087,15.869565,32.82609,23.04348,5
"023","2pm",21.26789,23.517382,31.28834,17.99591,5.93047
"024","2pm",20.48458,21.145374,35.02203,18.06167,5.286344
"025","2pm",22.5,24.166667,31.45833,17.91667,3.958333
"026","2pm",24.59397,13.225058,29.00232,22.04176,11.136891
"027","2pm",21.74941,23.719464,28.5264,20.25217,5.752561
"028","2pm",23.78855,14.757709,27.31278,18.94273,15.198238
"029","2pm",23.94515,11.28692,26.05485,24.57806,14.135021
"001","3pm",25.13426,23.200859,20.19334,21.58969,9.881847
"002","3pm",28.45118,34.511785,19.36027,14.14141,3.535354
"003","3pm",36.0134,29.480737,18.09045,13.40034,3.015075
"004","3pm",21.73459,15.673981,23.19749,25.80982,13.584117
"005","3pm",27.42475,23.857302,22.85396,20.06689,5.797101
"006","3pm",28.45188,34.518828,23.64017,10.46025,2.92887
"007","3pm",20.81269,24.677899,26.26363,20.21804,8.02775
"008","3pm",25.41353,14.43609,27.06767,22.25564,10.827068
"009","3pm",34.75177,26.950355,24.64539,10.28369,3.368794
"010","3pm",48.69318,11.25,16.875,16.81818,6.363636
"011","3pm",24.10866,16.213922,26.57046,23.7691,9.337861
"012","3pm",27.29358,14.678899,27.63761,21.10092,9.288991
"013","3pm",21.84035,13.192905,29.60089,23.50333,11.862528
"014","3pm",20.90261,13.064133,30.4038,26.84086,8.788599
"015","3pm",28.75,5.5,32.5,24.25,9
"016","3pm",19.60461,15.156507,29.65404,29.81878,5.766063
"017","3pm",20.6089,13.114754,37.93911,20.14052,8.196721
"018","3pm",21.06742,16.292135,27.80899,24.1573,10.674157
"019","3pm",20.25316,15.189873,35.86498,22.36287,6.329114
"020","3pm",23.09417,12.107623,29.14798,25.33632,10.313901
"021","3pm",21.7608,23.255814,29.06977,19.76744,6.146179
"022","3pm",22.7459,17.008197,32.9918,22.7459,4.508197
"023","3pm",20.03854,23.8921,31.02119,19.26782,5.780347
"024","3pm",20.84211,22.315789,32.84211,19.36842,4.631579
"025","3pm",22.56098,23.98374,32.31707,17.68293,3.455285
"026","3pm",26.1851,12.41535,27.08804,22.57336,11.738149
"027","3pm",21.10163,23.972071,29.48022,19.78278,5.663305
"028","3pm",25.05176,14.285714,28.15735,17.3913,15.113872
"029","3pm",25.89744,9.615385,25.12821,24.10256,15.25641
"001","4pm",27.77036,28.571429,15.22029,19.492657,8.94526
"002","4pm",29.17369,34.738617,19.22428,14.333895,2.529511
"003","4pm",36.8595,30.743802,18.84298,11.07438,2.479339
"004","4pm",22.94521,16.780822,20.89041,24.657534,14.726027
"005","4pm",27.66234,26.753247,21.42857,18.441558,5.714286
"006","4pm",28.9225,35.160681,23.06238,9.829868,3.024575
"007","4pm",21.35076,26.470588,27.23312,18.082789,6.862745
"008","4pm",25.61728,14.04321,26.85185,22.067901,11.419753
"009","4pm",35.29412,26.722689,25.21008,9.579832,3.193277
"010","4pm",52.61348,11.691884,14.71802,14.855571,6.121045
"011","4pm",25.36765,15.073529,27.84926,23.345588,8.363971
"012","4pm",26.45445,14.270033,26.01537,21.514819,11.745335
"013","4pm",24.08377,14.005236,30.49738,21.596859,9.816754
"014","4pm",20.18519,11.296296,30.18519,28.148148,10.185185
"015","4pm",27.7666,4.828974,30.98592,26.358149,10.060362
"016","4pm",17.79548,14.475432,30.9429,30.677291,6.108898
"017","4pm",19.21569,12.352941,36.47059,21.372549,10.588235
"018","4pm",21.64009,13.667426,29.15718,23.234624,12.300683
"019","4pm",20.58824,13.321799,32.52595,25.951557,7.612457
"020","4pm",21.06299,11.220472,30.11811,25.984252,11.614173
"021","4pm",22.65372,23.624595,29.61165,17.961165,6.148867
"022","4pm",20.21661,15.884477,32.85199,25.451264,5.595668
"023","4pm",19.27273,22.909091,32.36364,19.636364,5.818182
"024","4pm",20.18868,21.886792,34.5283,19.811321,3.584906
"025","4pm",22.18182,23.636364,33.45455,17.818182,2.909091
"026","4pm",26.22309,11.937378,26.81018,21.330724,13.69863
"027","4pm",21.18506,25.162338,28.49026,19.561688,5.600649
"028","4pm",24.33393,11.900533,28.24156,19.182948,16.34103
"029","4pm",27.69231,9.807692,21.53846,24.230769,16.730769
"001","5pm",29.36747,32.981928,15.06024,15.06024,7.53012
"002","5pm",30.29772,36.42732,18.21366,12.95972,2.101576
"003","5pm",37.16952,30.326594,20.06221,10.57543,1.866252
"004","5pm",23.6211,17.505995,19.18465,23.5012,16.18705
"005","5pm",26.48725,28.895184,19.97167,19.68839,4.957507
"006","5pm",27.7193,34.912281,22.80702,10.52632,4.035088
"007","5pm",22.77228,27.722772,26.29263,16.61166,6.60066
"008","5pm",25.19562,13.771518,26.91706,23.00469,11.111111
"009","5pm",35.86626,25.683891,24.92401,10.48632,3.039514
"010","5pm",55.75019,12.947449,14.24219,12.262,4.798172
"011","5pm",25.22613,14.572864,27.8392,23.61809,8.743719
"012","5pm",27.60085,13.906582,25.15924,21.86837,11.464968
"013","5pm",21.37405,12.59542,32.6972,24.93639,8.396947
"014","5pm",19.93355,10.299003,28.07309,30.06645,11.627907
"015","5pm",28.52292,4.584041,30.39049,25.97623,10.526316
"016","5pm",18.2704,13.276492,31.30329,30.45067,6.699147
"017","5pm",20,11.282051,35.21368,22.5641,10.940171
"018","5pm",21.10656,13.52459,30.7377,22.13115,12.5
"019","5pm",18.89881,12.35119,30.35714,29.46429,8.928571
"020","5pm",19.16376,9.930314,31.88153,25.26132,13.763066
"021","5pm",23.47418,23.317684,29.89045,17.84038,5.477308
"022","5pm",20.2381,15.816327,32.82313,25.5102,5.612245
"023","5pm",18.39864,22.998296,33.56048,19.7615,5.28109
"024","5pm",19.82609,20.347826,35.30435,20.86957,3.652174
"025","5pm",22.03098,22.547332,32.53012,18.93287,3.958692
"026","5pm",24.43674,11.265165,28.59619,21.83709,13.864818
"027","5pm",21.78631,25.125209,27.71285,19.6995,5.676127
"028","5pm",24.63768,12.399356,26.89211,20.45089,15.619968
"029","5pm",31.08108,11.621622,19.18919,24.05405,14.054054
"001","6pm",29.37931,30.344828,15.31034,17.241379,7.724138
"002","6pm",29.40141,38.204225,17.42958,12.147887,2.816901
"003","6pm",36.87405,29.438543,20.03035,11.836115,1.820941
"004","6pm",25,17.63285,18.23671,22.101449,17.028986
"005","6pm",26.82256,29.023384,20.35763,18.844567,4.951857
"006","6pm",26.71353,35.325132,23.02285,10.720562,4.217926
"007","6pm",22.56586,28.636884,27.37686,16.494845,4.925544
"008","6pm",25.60606,13.333333,26.06061,24.242424,10.757576
"009","6pm",35.48872,26.466165,25.56391,9.924812,2.556391
"010","6pm",55.79432,13.814275,14.04451,11.588642,4.75825
"011","6pm",24.65897,15.005247,28.43652,22.980063,8.919203
"012","6pm",26.63158,13.894737,25.36842,21.684211,12.421053
"013","6pm",21.36304,12.450852,32.24115,26.605505,7.33945
"014","6pm",19.86755,10.430464,28.47682,28.476821,12.748344
"015","6pm",26.47555,4.721754,29.17369,28.161889,11.467116
"016","6pm",16.99651,12.572759,32.13038,31.199069,7.101281
"017","6pm",18.83333,11.166667,36.33333,23.166667,10.5
"018","6pm",21.47117,13.121272,29.82107,23.06163,12.524851
"019","6pm",18.74085,12.005857,30.89312,29.136164,9.224012
"020","6pm",19.59459,9.797297,29.56081,26.351351,14.695946
"021","6pm",24.14861,22.600619,29.10217,19.040248,5.108359
"022","6pm",20.66116,15.702479,32.39669,25.785124,5.454545
"023","6pm",17.9868,22.112211,34.15842,20.462046,5.280528
"024","6pm",20.06861,19.554031,36.02058,20.754717,3.602058
"025","6pm",20.98976,22.525597,33.1058,19.453925,3.924915
"026","6pm",24.49664,10.738255,29.19463,21.979866,13.590604
"027","6pm",21.37592,24.897625,28.82883,19.246519,5.651106
"028","6pm",27.14509,11.544462,25.74103,19.968799,15.600624
"029","6pm",36.25731,9.649123,19.29825,21.637427,13.157895
"001","7pm",30.59805,30.876217,14.88178,17.10709,6.536857
"002","7pm",29.60993,38.652482,18.26241,10.6383,2.836879
"003","7pm",36.70695,29.154079,19.03323,12.68882,2.416918
"004","7pm",24.04762,17.5,17.85714,23.33333,17.261905
"005","7pm",26.98192,30.041725,19.74965,18.91516,4.311544
"006","7pm",26.95652,35.478261,22.26087,10.95652,4.347826
"007","7pm",22.29807,28.327645,27.18999,17.51991,4.664391
"008","7pm",25.41106,13.751868,25.71001,23.61734,11.509716
"009","7pm",35.32934,25.898204,25.5988,10.62874,2.54491
"010","7pm",56.54902,13.490196,14.35294,10.90196,4.705882
"011","7pm",25.13256,15.588547,27.99576,23.43584,7.847296
"012","7pm",27.20588,13.865546,25.52521,20.90336,12.5
"013","7pm",21.33333,11.866667,33.86667,25.86667,7.066667
"014","7pm",20.09885,10.708402,28.17133,28.00659,13.014827
"015","7pm",26.07973,4.817276,29.06977,28.40532,11.627907
"016","7pm",17.31651,12.385321,32.45413,30.9633,6.880734
"017","7pm",18.25525,10.82391,35.37964,24.71729,10.82391
"018","7pm",21.34615,12.5,29.61538,23.84615,12.692308
"019","7pm",18.60465,11.482558,30.08721,30.08721,9.738372
"020","7pm",19.47627,9.492635,29.62357,26.67758,14.729951
"021","7pm",23.5023,21.966206,29.49309,19.81567,5.222734
"022","7pm",20.66116,15.041322,33.38843,25.45455,5.454545
"023","7pm",18.30065,22.385621,33.16993,20.91503,5.228758
"024","7pm",19.86532,20.03367,36.36364,20.03367,3.703704
"025","7pm",20.7483,21.598639,33.5034,19.89796,4.251701
"026","7pm",24.50331,11.092715,28.1457,22.01987,14.238411
"027","7pm",21.25206,24.958814,29.07743,18.94563,5.766063
"028","7pm",27.01863,11.645963,25.93168,19.56522,15.838509
"029","7pm",38.69969,10.216718,18.57585,21.05263,11.455108
"001","8pm",30.87622,31.849791,15.02086,16.13352,6.119611
"002","8pm",28.57143,39.02439,18.29268,11.32404,2.787456
"003","8pm",37.68546,29.525223,18.84273,12.0178,1.928783
"004","8pm",25.06173,17.283951,17.40741,23.95062,16.296296
"005","8pm",27,30.571429,19.85714,18.14286,4.428571
"006","8pm",27.14777,34.707904,22.50859,11.68385,3.95189
"007","8pm",22.08238,28.718535,26.88787,17.04805,5.263158
"008","8pm",25.75758,13.333333,25.15152,24.09091,11.666667
"009","8pm",35.62044,25.547445,25.83942,10.36496,2.627737
"010","8pm",56.63507,13.744076,14.13902,10.7425,4.739336
"011","8pm",26.15741,15.856481,27.66204,22.33796,7.986111
"012","8pm",26.28272,13.612565,24.71204,21.88482,13.507853
"013","8pm",21.49533,12.550067,32.9773,26.03471,6.94259
"014","8pm",19.26752,10.509554,29.29936,28.50318,12.420382
"015","8pm",24.72441,4.566929,29.76378,28.97638,11.968504
"016","8pm",18.18182,12.159091,32.04545,30.79545,6.818182
"017","8pm",17.25806,10.967742,35.48387,25.80645,10.483871
"018","8pm",20.93458,12.523364,29.71963,24.11215,12.71028
"019","8pm",17.96322,11.598303,29.70297,30.1273,10.608204
"020","8pm",19.71383,9.220986,30.52464,25.75517,14.785374
"021","8pm",23.27718,21.898928,29.5559,20.2144,5.053599
"022","8pm",19.96753,15.097403,33.92857,25,6.006494
"023","8pm",18.35443,21.677215,34.49367,20.25316,5.221519
"024","8pm",19.76744,20.099668,36.04651,20.26578,3.820598
"025","8pm",21.26246,21.594684,33.3887,19.43522,4.318937
"026","8pm",24.27653,11.575563,28.13505,21.22186,14.790997
"027","8pm",21.35762,25.082781,28.89073,18.95695,5.711921
"028","8pm",26.56489,11.603053,25.64885,19.69466,16.48855
"029","8pm",41.27517,10.402685,18.79195,20.13423,9.395973
"001","9pm",34.33735,34.487952,13.10241,13.40361,4.668675
"002","9pm",28.62129,38.917976,18.67365,11.51832,2.268761
"003","9pm",37.36762,30.86233,18.45688,11.19516,2.118003
"004","9pm",25.49751,16.791045,16.91542,23.38308,17.412935
"005","9pm",28.18182,31.363636,19.24242,16.66667,4.545455
"006","9pm",26.65535,35.144312,22.9202,11.71477,3.565365
"007","9pm",22.59174,28.784404,26.14679,17.77523,4.701835
"008","9pm",26.13293,13.595166,24.92447,23.86707,11.480363
"009","9pm",35.22885,26.074896,25.65881,10.54092,2.496533
"010","9pm",57.23525,13.0962,14.14713,10.83266,4.688763
"011","9pm",26.88971,15.489467,27.88104,21.93309,7.806691
"012","9pm",25.6059,13.804004,25.07903,22.12856,13.382508
"013","9pm",20.89947,12.698413,32.80423,26.32275,7.275132
"014","9pm",18.89401,10.291859,29.6467,29.6467,11.520737
"015","9pm",25.26316,4.360902,28.87218,29.62406,11.879699
"016","9pm",17.84473,12.282735,31.74971,31.28621,6.836616
"017","9pm",17.42543,10.675039,35.32182,25.11774,11.459969
"018","9pm",20.75812,12.454874,29.42238,24.36823,12.99639
"019","9pm",17.91045,10.990502,30.2578,29.85075,10.990502
"020","9pm",19.50464,8.823529,30.80495,25.85139,15.01548
"021","9pm",23.43032,22.052067,29.40276,19.75498,5.359877
"022","9pm",19.12908,13.99689,34.21462,26.12753,6.531882
"023","9pm",18.08346,21.329212,34.77589,20.71097,5.100464
"024","9pm",19.74318,19.903692,35.79454,20.38523,4.173355
"025","9pm",21.21212,22.169059,32.85486,19.29825,4.46571
"026","9pm",23.69668,11.532385,28.27804,21.32701,15.165877
"027","9pm",21.28548,25.375626,28.96494,19.03172,5.342237
"028","9pm",25.8209,11.343284,26.26866,19.85075,16.716418
"029","9pm",45.21073,9.195402,18.00766,19.15709,8.429119
"001","10pm",35.32182,36.10675,12.2449,12.2449,4.081633
"002","10pm",28.71972,39.446367,17.99308,11.93772,1.903114
"003","10pm",36.69173,31.278195,18.49624,11.2782,2.255639
"004","10pm",26.27646,16.811955,16.81196,22.66501,17.43462
"005","10pm",29.12,32.48,19.36,15.04,4
"006","10pm",26.74419,35.049834,22.42525,12.29236,3.488372
"007","10pm",22.47446,27.922815,26.2202,18.5017,4.880817
"008","10pm",26.14679,12.996942,25.38226,23.5474,11.926606
"009","10pm",35.39945,26.033058,25.75758,10.33058,2.479339
"010","10pm",58.27645,12.883959,13.7372,10.9215,4.180887
"011","10pm",26.82927,15.404365,27.59949,22.72144,7.445443
"012","10pm",25.64633,13.960703,24.50879,22.02689,13.857291
"013","10pm",20.58433,12.616202,33.20053,26.42762,7.171315
"014","10pm",18.26087,10.434783,30,29.13043,12.173913
"015","10pm",25.10885,4.354136,28.88244,29.75327,11.901306
"016","10pm",17.90698,12.44186,31.39535,31.86047,6.395349
"017","10pm",17.12963,10.493827,35.18519,25.30864,11.882716
"018","10pm",20.84063,11.908932,29.42207,24.34326,13.485114
"019","10pm",18.43501,10.742706,29.44297,29.97347,11.405836
"020","10pm",19.69466,8.854962,30.68702,25.64885,15.114504
"021","10pm",23.43032,22.052067,29.86217,19.29556,5.359877
"022","10pm",18.63636,13.939394,34.39394,26.66667,6.363636
"023","10pm",18.27795,21.148036,35.19637,20.39275,4.984894
"024","10pm",19.87281,20.031797,35.93005,20.0318,4.133545
"025","10pm",21.15987,22.257053,32.60188,19.59248,4.388715
"026","10pm",24.1433,11.370717,27.72586,21.49533,15.264798
"027","10pm",21.30326,25.56391,28.9056,19.13116,5.096074
"028","10pm",25.69343,11.386861,26.71533,19.85401,16.350365
"029","10pm",46.50206,9.465021,18.107,17.28395,8.641975
"001","11pm",35.19737,36.677632,12.17105,11.67763,4.276316
"002","11pm",28.59589,39.554795,18.15068,11.81507,1.883562
"003","11pm",36.95976,31.743666,18.18182,11.02832,2.086438
"004","11pm",26.32226,16.605166,17.22017,22.38622,17.466175
"005","11pm",28.36538,33.653846,19.23077,14.90385,3.846154
"006","11pm",27.10744,35.041322,22.47934,12.06612,3.305785
"007","11pm",22.83105,27.853881,26.82648,17.80822,4.680365
"008","11pm",25.6135,13.190184,25.92025,23.61963,11.656442
"009","11pm",35.15732,26.128591,25.85499,10.53352,2.325581
"010","11pm",58.54701,12.307692,13.67521,11.28205,4.188034
"011","11pm",27.0235,15.143603,28.06789,22.58486,7.180157
"012","11pm",25.7764,14.285714,24.12008,21.73913,14.078675
"013","11pm",20.44855,12.664908,33.24538,26.51715,7.124011
"014","11pm",18.82184,10.057471,29.5977,29.02299,12.5
"015","11pm",25.32189,4.291845,28.89843,29.61373,11.874106
"016","11pm",18.2448,12.355658,31.2933,31.7552,6.351039
"017","11pm",17.12121,10.30303,34.69697,25.75758,12.121212
"018","11pm",20.54795,11.986301,29.10959,24.4863,13.869863
"019","11pm",18.6755,10.860927,28.87417,30.19868,11.390728
"020","11pm",19.96974,8.623298,30.40847,25.86989,15.128593
"021","11pm",23.59209,22.070015,30.28919,18.87367,5.175038
"022","11pm",18.8253,13.554217,34.48795,26.95783,6.174699
"023","11pm",18.31832,21.171171,34.83483,20.87087,4.804805
"024","11pm",19.58926,20.063191,36.17694,19.90521,4.265403
"025","11pm",21.45062,21.91358,32.87037,19.29012,4.475309
"026","11pm",23.77301,11.349693,27.76074,21.47239,15.644172
"027","11pm",21.31557,25.395504,29.05912,19.31724,4.912573
"028","11pm",25.47033,11.287988,26.77279,20.26049,16.208394
"029","11pm",46.36364,9.545455,15.90909,19.09091,9.090909
"001","12pm",34.17936,37.394247,12.18274,12.01354,4.230118
"002","12pm",28.98305,39.322034,17.9661,11.86441,1.864407
"003","12pm",37.03704,31.703704,18.07407,11.25926,1.925926
"004","12pm",26.56827,16.359164,17.22017,22.26322,17.589176
"005","12pm",28.18471,33.43949,19.58599,15.12739,3.66242
"006","12pm",26.97368,35.197368,22.86184,11.67763,3.289474
"007","12pm",22.96211,28.128588,26.40643,17.79564,4.707233
"008","12pm",25.57427,13.169985,25.72741,23.88974,11.638591
"009","12pm",35.32609,25.951087,25.95109,10.46196,2.309783
"010","12pm",58.66781,12.297182,13.57814,11.35781,4.099061
"011","12pm",27.0235,15.143603,28.06789,22.58486,7.180157
"012","12pm",25.92975,14.359504,23.96694,21.69421,14.049587
"013","12pm",20.53333,12.933333,33.2,26.53333,6.8
"014","12pm",18.76791,10.028653,29.79943,28.79656,12.60745
"015","12pm",25.14286,4.285714,29.14286,29.42857,12
"016","12pm",18.15029,12.485549,31.21387,31.6763,6.473988
"017","12pm",17.09531,10.287443,34.79576,25.71861,12.102874
"018","12pm",20.58319,12.006861,29.15952,24.35678,13.893654
"019","12pm",18.73351,10.55409,28.75989,30.47493,11.477573
"020","12pm",20,8.721805,30.22556,25.71429,15.338346
"021","12pm",23.86018,22.036474,30.24316,18.84498,5.015198
"022","12pm",18.98356,13.751868,34.37967,26.60688,6.278027
"023","12pm",18.18182,21.013413,34.87332,21.01341,4.918033
"024","12pm",19.62025,20.094937,36.07595,19.93671,4.272152
"025","12pm",21.51703,21.826625,32.97214,19.19505,4.489164
"026","12pm",23.61963,11.349693,27.91411,21.47239,15.644172
"027","12pm",21.34551,25.249169,29.06977,19.35216,4.983389
"028","12pm",25.47033,11.143271,26.62808,20.40521,16.353111
"029","12pm",47.8673,9.478673,15.16588,18.95735,8.530806
"001","1am",34.12969,37.713311,11.94539,12.11604,4.095563
"002","1am",29.05405,39.189189,17.90541,11.99324,1.858108
"003","1am",37.07533,31.757755,18.02068,11.226,1.920236
"004","1am",26.66667,16.419753,17.03704,22.22222,17.654321
"005","1am",28.18471,33.43949,19.74522,14.96815,3.66242
"006","1am",27.04918,35.081967,22.95082,11.63934,3.278689
"007","1am",22.81106,28.225806,26.26728,17.85714,4.83871
"008","1am",25.57427,13.169985,25.72741,23.88974,11.638591
"009","1am",35.36585,25.880759,26.01626,10.4336,2.303523
"010","1am",58.68263,12.232678,13.60137,11.37725,4.106074
"011","1am",26.9281,15.163399,28.10458,22.7451,7.058824
"012","1am",26.10483,14.285714,23.84378,21.68551,14.080164
"013","1am",20.58824,12.967914,33.28877,26.3369,6.818182
"014","1am",18.74106,10.014306,29.7568,28.89843,12.589413
"015","1am",25.28571,4.142857,29.14286,29.42857,12
"016","1am",18.03468,12.485549,31.32948,31.6763,6.473988
"017","1am",17.06949,10.271903,34.89426,25.67976,12.084592
"018","1am",20.58319,12.006861,29.15952,24.35678,13.893654
"019","1am",18.81579,10.526316,28.68421,30.52632,11.447368
"020","1am",19.84962,8.721805,30.22556,25.71429,15.488722
"021","1am",23.86018,22.036474,30.24316,18.84498,5.015198
"022","1am",18.95522,13.731343,34.47761,26.56716,6.268657
"023","1am",18.10089,21.068249,34.86647,21.06825,4.896142
"024","1am",19.62025,20.094937,36.07595,19.93671,4.272152
"025","1am",21.48377,21.79289,33.07573,19.16538,4.482226
"026","1am",23.70031,11.314985,27.98165,21.40673,15.59633
"027","1am",21.3278,25.394191,28.96266,19.3361,4.979253
"028","1am",25.47033,11.143271,26.62808,20.40521,16.353111
"029","1am",48.29268,9.268293,15.12195,19.02439,8.292683
"001","2am",32.57042,38.732394,12.32394,12.32394,4.049296
"002","2am",28.95623,39.225589,18.01347,11.95286,1.851852
"003","2am",37.1134,31.516937,18.11487,11.19293,2.061856
"004","2am",26.60891,16.460396,17.07921,22.27723,17.574257
"005","2am",27.88462,33.653846,19.71154,15.0641,3.685897
"006","2am",27.15447,34.95935,22.76423,11.86992,3.252033
"007","2am",22.72203,28.258362,26.41292,17.87774,4.72895
"008","2am",25.53517,13.455657,25.68807,23.70031,11.620795
"009","2am",35.45332,25.845737,25.98106,10.41949,2.300406
"010","2am",58.96347,12.149533,13.50892,11.29992,4.078165
"011","2am",27.12975,14.941022,28.04718,22.80472,7.077326
"012","2am",26.02459,14.241803,23.77049,21.72131,14.241803
"013","2am",20.58824,12.967914,33.28877,26.3369,6.818182
"014","2am",18.83024,9.985735,29.6719,28.95863,12.553495
"015","2am",25.3923,4.136947,29.10128,29.38659,11.982882
"016","2am",18.03468,12.601156,31.32948,31.56069,6.473988
"017","2am",17.31928,10.240964,34.78916,25.60241,12.048193
"018","2am",20.68966,11.724138,29.13793,24.48276,13.965517
"019","2am",18.79106,10.512484,28.77792,30.4862,11.432326
"020","2am",19.75867,8.748115,30.31674,25.64103,15.535445
"021","2am",23.86018,22.036474,30.39514,18.69301,5.015198
"022","2am",18.89881,13.839286,34.375,26.6369,6.25
"023","2am",18.12779,20.950966,34.91828,21.09955,4.903418
"024","2am",19.55836,20.347003,35.96215,19.87382,4.258675
"025","2am",21.48377,21.79289,32.92117,19.31994,4.482226
"026","2am",23.85321,11.16208,27.98165,21.40673,15.59633
"027","2am",21.31012,25.456053,28.93864,19.32007,4.975124
"028","2am",25.32562,11.287988,26.62808,20.40521,16.353111
"029","2am",48.52941,9.313725,15.19608,18.62745,8.333333
"001","3am",32.26381,39.037433,12.47772,12.29947,3.921569
"002","3am",28.95623,39.225589,18.01347,11.95286,1.851852
"003","3am",36.96613,31.516937,18.11487,11.34021,2.061856
"004","3am",26.55087,16.377171,17.12159,22.33251,17.617866
"005","3am",28,33.6,19.68,15.04,3.68
"006","3am",27.27273,34.902597,22.72727,11.85065,3.246753
"007","3am",22.72203,28.258362,26.41292,17.87774,4.72895
"008","3am",25.53517,13.455657,25.68807,23.70031,11.620795
"009","3am",35.40541,25.945946,25.94595,10.40541,2.297297
"010","3am",59.23729,12.118644,13.38983,11.10169,4.152542
"011","3am",27.12975,14.941022,28.04718,22.80472,7.077326
"012","3am",26.05128,14.25641,23.79487,21.64103,14.25641
"013","3am",20.56075,12.950601,33.24433,26.43525,6.809079
"014","3am",18.94587,9.97151,29.62963,28.91738,12.535613
"015","3am",25.3923,4.136947,29.10128,29.38659,11.982882
"016","3am",18.01386,12.586605,31.2933,31.63972,6.466513
"017","3am",17.31928,10.240964,34.78916,25.60241,12.048193
"018","3am",20.68966,11.724138,29.13793,24.48276,13.965517
"019","3am",18.79106,10.512484,28.77792,30.4862,11.432326
"020","3am",19.72892,8.73494,30.27108,25.75301,15.512048
"021","3am",23.93939,21.969697,30.30303,18.78788,5
"022","3am",18.87073,13.818722,34.32392,26.74591,6.240713
"023","3am",18.12779,20.950966,34.91828,21.09955,4.903418
