"district","hour","cleduc1","cleduc2","cleduc3","cleduc4"
"101","4am",6.082185,26.66532,27.08662,40.165872
"102","4am",4.694158,24.99688,22.46491,47.844049
"103","4am",5.742338,43.40846,17.63054,33.218661
"104","4am",1.522427,33.66031,26.42287,38.394392
"105","4am",7.169892,49.07488,30.72279,13.032439
"106","4am",8.209494,38.19435,24.37464,29.221518
"107","4am",14.354876,57.52646,18.86821,9.250455
"108","4am",5.453853,39.926,24.5138,30.10634
"109","4am",1.562496,31.10819,28.90747,38.421842
"110","4am",3.436034,37.69361,34.24758,24.622778
"111","4am",13.911702,36.02983,24.7732,25.285275
"112","4am",10.104365,23.65185,36.38493,29.85886
"113","4am",6.106842,51.76148,32.82066,9.311015
"114","4am",8.781068,50.75098,26.77393,13.694025
"115","4am",6.451071,51.53944,28.99666,13.012829
"116","4am",8.281304,54.34575,28.74529,8.627654
"117","4am",5.772822,46.4197,31.8135,15.99398
"118","4am",7.501045,38.28368,23.79966,30.415619
"119","4am",7.984255,33.64523,25.91455,32.455966
"120","4am",2.949139,41.30872,32.61724,23.124903
"121","4am",2.691246,42.01374,32.51913,22.775884
"122","4am",1.938437,50.5514,24.59932,22.910851
"123","4am",2.907324,57.19802,25.57253,14.322126
"124","4am",3.354712,41.02785,31.36382,24.253618
"125","4am",9.622341,46.05481,26.53283,17.790022
"126","4am",6.826995,57.8002,26.36816,9.004642
"127","4am",2.945289,56.05139,23.07163,17.93169
"128","4am",8.379551,41.98918,27.81351,21.817763
"129","4am",1.893805,37.98639,37.43679,22.68302
"130","4am",5.36907,38.37973,30.5354,25.715799
"131","4am",5.685466,42.78962,29.66629,21.858617
"132","4am",10.767175,39.48189,32.11429,17.63664
"201","4am",14.386748,39.51804,30.32445,15.770762
"202","4am",13.384915,29.91076,35.01409,21.690231
"203","4am",14.980503,32.85535,34.70708,17.457062
"204","4am",9.968369,33.98733,36.57894,19.465359
"205","4am",19.266201,38.26768,33.80597,8.660155
"206","4am",24.547087,42.46186,25.15639,7.834663
"207","4am",15.102636,38.37329,26.7807,19.743381
"208","4am",19.951783,46.03457,25.40711,8.606542
"209","4am",13.206214,30.49037,33.11596,23.187457
"210","4am",20.056313,43.33664,26.02829,10.57875
"211","4am",11.772408,33.90944,33.02518,21.292978
"212","4am",24.063172,29.48119,39.43081,7.024828
"213","4am",19.801935,36.19311,30.49331,13.511639
"214","4am",14.546043,25.32404,38.35026,21.779665
"215","4am",14.296109,49.36286,29.66992,6.671112
"216","4am",16.977954,38.24715,34.93873,9.836165
"217","4am",14.947058,39.93934,29.6179,15.495696
"218","4am",16.670336,32.04857,29.65662,21.624482
"219","4am",20.62109,36.87146,24.49185,18.015594
"220","4am",14.918394,26.59482,30.37866,28.108127
"221","4am",26.088515,27.15469,27.83079,18.926002
"222","4am",24.912536,33.80207,23.50034,17.785052
"223","4am",19.815394,35.0825,35.68386,9.41825
"224","4am",15.25206,48.70567,21.82856,14.213708
"101","5am",4.767736,27.38296,26.60244,41.246861
"102","5am",4.572377,24.28031,24.54449,46.602825
"103","5am",5.578133,42.95574,18.35028,33.115848
"104","5am",1.447365,36.93111,25.12012,36.5014
"105","5am",7.722268,48.48291,31.0034,12.791426
"106","5am",8.48535,38.25482,24.16286,29.09697
"107","5am",13.563979,58.18662,18.95594,9.293467
"108","5am",5.453853,39.926,24.5138,30.10634
"109","5am",1.550431,32.21094,28.11347,38.12516
"110","5am",3.420745,37.97085,34.09519,24.513215
"111","5am",13.821492,36.44464,24.61256,25.121313
"112","5am",10.348482,21.84985,37.22142,30.580238
"113","5am",5.978564,51.9769,32.59265,9.451888
"114","5am",8.891762,50.66665,27.49644,12.945149
"115","5am",6.557888,51.6459,28.56791,13.228297
"116","5am",8.032094,55.01934,28.58054,8.368022
"117","5am",5.91768,46.05575,31.3815,16.645069
"118","5am",7.632261,37.20408,24.21598,30.94768
"119","5am",8.074824,33.45971,25.64133,32.824131
"120","5am",2.997211,40.35205,33.1489,23.50184
"121","5am",2.913736,37.96697,35.20754,23.911755
"122","5am",1.998542,50.41868,24.5914,22.991382
"123","5am",2.929267,56.87498,25.76553,14.430218
"124","5am",3.373793,40.69243,31.54221,24.391565
"125","5am",9.614173,47.37413,25.23677,17.774921
"126","5am",6.983557,57.58959,26.97286,8.453995
"127","5am",3.009099,56.37008,22.1838,18.437023
"128","5am",8.184141,41.82242,28.40319,21.590246
"129","5am",1.83542,36.17547,40.0054,21.983717
"130","5am",5.401218,38.01077,30.71823,25.869774
"131","5am",5.792056,41.71705,30.22247,22.268419
"132","5am",10.687184,39.93149,31.87571,17.505616
"201","5am",14.621611,38.53068,30.81949,16.028219
"202","5am",13.91534,30.11088,34.08995,21.88383
"203","5am",14.760427,33.84176,34.19721,17.200603
"204","5am",10.271658,34.71078,36.87543,18.142136
"205","5am",19.569848,38.50682,33.12669,8.796644
"206","5am",24.547087,42.46186,25.15639,7.834663
"207","5am",15.102636,38.37329,26.7807,19.743381
"208","5am",20.222245,45.30302,25.75152,8.72321
"209","5am",13.450561,30.21539,32.71756,23.616481
"210","5am",20.07534,43.28289,26.05298,10.588785
"211","5am",12.189835,33.14447,32.87895,21.786746
"212","5am",24.135682,30.14402,38.6743,7.045995
"213","5am",18.411231,38.24871,29.58643,13.753622
"214","5am",15.280824,25.10688,36.73245,22.879846
"215","5am",14.247905,49.5336,29.56988,6.648618
"216","5am",17.394034,37.66307,34.86568,10.077221
"217","5am",14.947058,39.93934,29.6179,15.495696
"218","5am",16.841953,31.34902,29.96192,21.847101
"219","5am",20.69672,37.00669,24.58168,17.714909
"220","5am",14.903041,26.67036,30.3474,28.0792
"221","5am",26.053163,27.25341,27.79308,18.900356
"222","5am",24.835502,34.00676,23.42768,17.730057
"223","5am",19.774697,35.21582,35.61057,9.398907
"224","5am",15.30317,48.53378,21.90171,14.261338
"101","6am",5.626637,24.66812,32.03966,37.66559
"102","6am",5.196172,24.44588,24.43351,45.92443
"103","6am",6.014877,42.19988,19.23876,32.546479
"104","6am",1.412939,35.30613,27.01554,36.265384
"105","6am",7.660625,47.68441,33.16911,11.485859
"106","6am",8.21226,38.36436,22.97571,30.447672
"107","6am",13.459256,58.68647,19.35155,8.502723
"108","6am",5.758821,40.01537,24.62821,29.597596
"109","6am",1.542416,32.39108,29.74261,36.323894
"110","6am",4.614863,36.89715,33.37475,25.113233
"111","6am",13.470385,36.31784,23.93565,26.276123
"112","6am",7.851546,26.4668,36.29171,29.389935
"113","6am",5.542414,52.65829,31.83193,9.967371
"114","6am",9.531993,50.11555,26.99769,13.354759
"115","6am",6.617797,51.5131,28.51996,13.349142
"116","6am",8.531548,55.6196,27.8856,7.963244
"117","6am",4.47943,46.81999,31.98245,16.71813
"118","6am",7.920416,37.52506,24.21378,30.340739
"119","6am",8.707932,34.88007,22.18317,34.228827
"120","6am",3.154764,41.09853,33.6324,22.114313
"121","6am",3.08127,39.35998,33.06212,24.496625
"122","6am",2.083561,50.81776,23.89947,23.199207
"123","6am",3.23127,57.36133,25.21997,14.187433
"124","6am",3.608435,41.29801,30.50658,24.586977
"125","6am",10.12039,47.40419,27.02906,15.446359
"126","6am",7.214241,55.18257,26.98351,10.619676
"127","6am",2.967858,57.10724,21.8558,18.069099
"128","6am",8.735037,41.21394,29.55853,20.492489
"129","6am",1.920664,38.47456,39.48416,20.12061
"130","6am",5.535153,37.47249,31.21686,25.775501
"131","6am",6.174559,37.86809,32.21835,23.73901
"132","6am",10.67121,42.67054,28.58649,18.071755
"201","6am",15.710536,37.69186,32.50084,14.096765
"202","6am",14.577975,30.69042,31.23096,23.500647
"203","6am",15.225469,33.37186,34.2843,17.118374
"204","6am",10.822915,35.60258,35.25524,18.319265
"205","6am",20.069993,37.79762,33.15008,8.982301
"206","6am",25.019402,42.57095,24.83644,7.573212
"207","6am",15.262267,37.91737,26.8683,19.952063
"208","6am",20.453128,45.36764,25.35643,8.822805
"209","6am",13.965202,30.71807,31.29903,24.017705
"210","6am",20.816106,45.8339,26.41621,6.933776
"211","6am",12.565643,31.68867,33.01797,22.727717
"212","6am",25.290793,32.76794,35.04603,6.895237
"213","6am",18.295354,35.74665,31.0036,14.954398
"214","6am",15.18523,23.23712,37.79606,23.781589
"215","6am",13.987879,49.85885,29.27967,6.873606
"216","6am",18.240865,37.91032,35.98099,7.867826
"217","6am",15.377432,43.11192,25.95606,15.55459
"218","6am",16.923703,32.0268,29.09636,21.953145
"219","6am",20.568409,35.90753,25.91898,17.605084
"220","6am",15.139783,28.5607,29.81066,26.488852
"221","6am",26.976818,28.28705,30.83705,13.899078
"222","6am",25.389251,32.95933,23.10079,18.550634
"223","6am",20.05904,35.81992,34.19765,9.923396
"224","6am",16.663361,50.24052,19.0759,14.020222
"101","7am",4.9321305,20.94589,37.54323,36.578744
"102","7am",4.9922408,27.87187,24.4365,42.699392
"103","7am",6.2620319,42.20198,18.99891,32.537082
"104","7am",1.082695,35.63114,23.24712,40.039048
"105","7am",5.5056654,45.53371,37.07567,11.884956
"106","7am",6.4806768,37.92987,26.01265,29.576794
"107","7am",12.3832065,56.27333,20.16301,11.180455
"108","7am",5.3109367,39.78875,25.64719,29.253127
"109","7am",1.5678635,34.04725,30.99285,33.392039
"110","7am",5.903001,43.00812,29.54137,21.547508
"111","7am",15.2744053,35.90339,26.44844,22.37377
"112","7am",6.9568651,26.79418,33.59513,32.653826
"113","7am",5.4449673,51.6103,31.6325,11.312236
"114","7am",9.5113436,48.85442,27.15042,14.483819
"115","7am",7.6768693,54.4717,28.75521,9.096218
"116","7am",9.2706632,55.57262,27.03495,8.121775
"117","7am",3.7275541,45.92151,29.10205,21.248886
"118","7am",9.1943108,41.29553,23.64707,25.863087
"119","7am",10.1809891,40.54256,18.59267,30.683788
"120","7am",4.1797468,45.21911,24.71843,25.882713
"121","7am",3.548548,45.16709,24.46455,26.819808
"122","7am",2.6895844,58.07835,20.50288,18.729181
"123","7am",3.8182236,64.63005,21.75234,9.799379
"124","7am",4.5864508,46.24201,26.18502,22.986522
"125","7am",10.8060772,52.96878,22.28606,13.939085
"126","7am",8.8672517,63.00456,22.0088,6.119391
"127","7am",3.4208454,54.8489,21.22659,20.503665
"128","7am",9.7364133,39.39617,29.8422,21.02521
"129","7am",0.7684531,41.83063,37.44145,19.959459
"130","7am",8.0192587,42.02742,31.8772,18.076126
"131","7am",7.447941,45.28179,27.11419,20.156079
"132","7am",12.7721242,45.96431,25.64928,15.614291
"201","7am",17.3711387,37.41548,30.98415,14.229225
"202","7am",17.304108,31.11328,29.08809,22.494528
"203","7am",13.2643551,32.17977,35.17452,19.381353
"204","7am",12.2341315,38.49497,36.18602,13.084881
"205","7am",22.456248,37.83995,28.51331,11.1905
"206","7am",24.7407655,42.93609,24.06104,8.262106
"207","7am",15.0973859,38.39717,27.64219,18.863251
"208","7am",22.3954812,42.75279,25.4252,9.426532
"209","7am",17.0737712,31.96148,30.89491,20.069836
"210","7am",18.4518271,44.15458,28.86031,8.533283
"211","7am",14.5541146,35.41598,28.53939,21.490513
"212","7am",25.4946027,32.33033,35.04853,7.12654
"213","7am",18.9649543,38.0275,30.06869,12.93885
"214","7am",17.9792488,27.99976,30.85687,23.164121
"215","7am",14.6310072,52.98445,26.78572,5.598821
"216","7am",17.8854543,37.04141,34.81714,10.25599
"217","7am",16.6607043,40.33382,24.98832,18.017159
"218","7am",17.6192573,36.50913,29.07774,16.793873
"219","7am",22.1389832,33.25444,27.05535,17.551225
"220","7am",14.3893975,29.27936,27.11547,29.215769
"221","7am",19.4955971,29.91898,36.49229,14.093136
"222","7am",29.5322666,36.3013,18.71829,15.44814
"223","7am",22.6897889,37.0715,29.18953,11.049184
"224","7am",17.9057703,53.07945,18.49174,10.523035
"101","8am",3.4515983,18.7647,39.558337,38.225367
"102","8am",4.0039471,29.38352,31.011436,35.601099
"103","8am",7.2142726,45.16437,20.065672,27.555685
"104","8am",0.9807223,33.89278,27.906522,37.219973
"105","8am",5.2418496,37.97963,38.51689,18.261631
"106","8am",5.2513428,32.33403,27.66471,34.749917
"107","8am",12.5040591,56.48648,20.637947,10.371518
"108","8am",6.6854335,42.86182,31.183591,19.26916
"109","8am",0.8388105,37.38493,28.892097,32.884161
"110","8am",6.8050933,48.2448,27.583436,17.366667
"111","8am",16.3199888,42.55156,22.575964,18.552489
"112","8am",6.9829191,24.63312,31.912527,36.471433
"113","8am",5.7225783,48.82584,32.653587,12.797994
"114","8am",8.8508349,47.90912,25.089989,18.150052
"115","8am",8.6602578,61.30103,22.578209,7.4605
"116","8am",10.6417799,57.66624,22.083268,9.608711
"117","8am",4.1961073,41.86221,27.804674,26.13701
"118","8am",10.9741405,42.39836,23.580428,23.047073
"119","8am",11.9722179,46.89982,8.968606,32.159357
"120","8am",3.3053732,50.78642,22.176142,23.732064
"121","8am",4.6298498,46.02061,25.896089,23.453449
"122","8am",2.0517538,59.50204,23.401695,15.044507
"123","8am",4.1646463,68.60683,18.834886,8.393641
"124","8am",2.4722318,55.75447,21.04702,20.726282
"125","8am",11.2348085,52.89391,21.218081,14.653198
"126","8am",9.7451901,66.19447,16.066154,7.994186
"127","8am",3.753058,57.49109,19.538758,19.217092
"128","8am",9.1038577,38.01491,31.695235,21.186
"129","8am",2.1599902,43.11635,36.488724,18.23494
"130","8am",8.6355226,39.41358,36.270607,15.680289
"131","8am",8.1444561,46.18285,29.205166,16.467531
"132","8am",11.9245032,43.67129,26.779169,17.62504
"201","8am",19.2591066,42.14914,26.672179,11.919575
"202","8am",19.2995255,36.98939,25.594751,18.11633
"203","8am",11.9491845,31.12919,36.418126,20.503495
"204","8am",14.4456188,41.58179,31.647523,12.325065
"205","8am",24.5214843,38.97336,27.799149,8.706006
"206","8am",22.8229262,44.57419,23.919865,8.683018
"207","8am",12.864293,41.31959,27.108546,18.707573
"208","8am",24.7700054,39.11576,26.247617,9.86662
"209","8am",17.2788573,32.10951,32.549773,18.061859
"210","8am",17.949714,41.14882,31.989636,8.911826
"211","8am",20.1885328,44.14164,20.395489,15.274335
"212","8am",25.2344522,32.34886,34.903324,7.513368
"213","8am",17.6697752,39.29457,28.778469,14.257187
"214","8am",17.7920418,32.07223,29.994248,20.141484
"215","8am",14.5593351,54.94643,23.440401,7.053829
"216","8am",18.021549,34.47648,30.679182,16.822786
"217","8am",17.7943596,41.04882,30.70694,10.449876
"218","8am",19.4605953,40.99651,28.466034,11.076863
"219","8am",22.3610211,34.91265,27.879763,14.846567
"220","8am",13.5386881,26.13089,28.763338,31.567081
"221","8am",25.3512105,26.64712,33.382982,14.618685
"222","8am",30.8138675,34.70377,17.230986,17.251374
"223","8am",21.9524972,41.46226,25.972038,10.613203
"224","8am",18.1081174,51.92245,18.832372,11.137057
"101","9am",2.0647126,30.04267,34.46713,33.425479
"102","9am",4.0767181,28.55824,31.31417,36.05088
"103","9am",7.7596228,43.79629,21.58569,26.858401
"104","9am",0.8981482,33.45446,26.2615,39.385889
"105","9am",4.922618,36.65672,38.96448,19.456181
"106","9am",6.2762096,32.08214,26.05863,35.583015
"107","9am",11.7286497,57.75832,19.54211,10.970924
"108","9am",6.4915972,39.60966,34.6335,19.265248
"109","9am",1.6264198,36.21677,29.35795,32.798855
"110","9am",6.4379663,47.68934,31.09342,14.779274
"111","9am",18.218104,43.0417,22.44399,16.296213
"112","9am",6.4472318,30.06046,29.96763,33.524682
"113","9am",5.4457545,49.12741,32.27733,13.149505
"114","9am",8.5698709,45.52754,26.37816,19.524432
"115","9am",8.1847419,57.7538,23.17014,10.891321
"116","9am",9.7169772,56.13173,24.497,9.654289
"117","9am",5.1900756,40.30175,25.00473,29.503453
"118","9am",12.1991753,43.38866,24.63459,19.777579
"119","9am",10.0994215,42.39016,20.02128,27.489133
"120","9am",3.7880812,52.76921,21.37247,22.070237
"121","9am",3.8651645,43.57201,25.68567,26.877156
"122","9am",2.1801887,65.54979,18.76975,13.500273
"123","9am",4.5068701,66.46868,19.94107,9.083376
"124","9am",3.7520932,56.30007,20.12611,19.821733
"125","9am",11.5840441,51.30655,22.63882,14.470581
"126","9am",10.3955959,66.19772,13.02012,10.386566
"127","9am",4.1229882,55.43986,22.52906,17.908098
"128","9am",9.2127873,39.44355,28.79374,22.549927
"129","9am",2.0665088,39.2444,39.79847,18.890623
"130","9am",10.4207606,44.51491,28.99344,16.070896
"131","9am",7.9843442,45.25062,30.62124,16.143795
"132","9am",11.1499033,45.4999,25.60711,17.743087
"201","9am",19.3877603,42.58044,26.60574,11.426066
"202","9am",18.5694539,36.25177,26.264,18.914776
"203","9am",11.8997157,31.26525,35.76934,21.0657
"204","9am",14.8220537,42.67471,31.08142,11.421816
"205","9am",26.1689645,37.88545,28.57363,7.371949
"206","9am",22.8286743,45.76273,20.36712,11.041475
"207","9am",13.9335583,41.12894,27.06344,17.874066
"208","9am",24.9266034,38.42359,26.73791,9.911893
"209","9am",17.4534399,33.64325,33.01075,15.892567
"210","9am",16.9822174,41.13252,31.40994,10.475328
"211","9am",17.2585724,46.24096,22.14551,14.354961
"212","9am",26.3953937,33.16412,33.87874,6.56174
"213","9am",19.6376162,39.598,27.68309,13.081291
"214","9am",17.1371613,31.19061,33.1352,18.53703
"215","9am",14.4556618,56.39307,21.91173,7.239543
"216","9am",18.4594394,34.1423,30.42251,16.975747
"217","9am",15.0040471,43.8144,29.66124,11.520313
"218","9am",18.5761656,41.30265,28.50864,11.612545
"219","9am",20.1001485,34.19627,31.10429,14.599298
"220","9am",15.1307608,26.96678,27.40131,30.501146
"221","9am",25.2496846,26.64692,33.33072,14.772668
"222","9am",32.2650346,32.58186,17.00412,18.148985
"223","9am",21.2706864,39.08553,28.8852,10.758586
"224","9am",21.2398867,50.62038,18.73927,9.400457
"101","10am",3.1104066,29.04473,33.432346,34.412517
"102","10am",3.761181,28.17362,33.540748,34.524451
"103","10am",7.4616029,46.77198,21.057708,24.70871
"104","10am",0.9828905,34.06555,30.441467,34.510092
"105","10am",4.2857974,36.04161,38.712162,20.960433
"106","10am",6.0248589,31.66994,28.022247,34.282952
"107","10am",13.1168716,56.13958,21.092062,9.651485
"108","10am",4.9303405,43.46428,34.720061,16.885323
"109","10am",2.0571067,34.06172,29.098498,34.782674
"110","10am",7.0778821,47.61525,30.16619,15.140677
"111","10am",16.5331724,42.64079,24.221131,16.604911
"112","10am",6.1330823,28.05751,31.004859,34.804549
"113","10am",5.5634238,49.81597,31.391541,13.229069
"114","10am",9.0685572,47.88973,23.686239,19.355478
"115","10am",8.760455,61.11903,22.833553,7.286958
"116","10am",10.2172322,56.61406,22.189504,10.979204
"117","10am",5.7111957,40.90906,25.509211,27.870533
"118","10am",12.6680463,42.53874,24.264593,20.528624
"119","10am",13.8195346,49.26931,8.792752,28.118401
"120","10am",4.8339681,51.16865,18.321787,25.675595
"121","10am",3.2430136,45.39629,26.958262,24.402432
"122","10am",2.1922531,64.2424,18.873618,14.691733
"123","10am",4.2348597,67.64172,18.55691,9.566508
"124","10am",3.7999924,57.00018,20.383038,18.816789
"125","10am",11.0157456,51.47788,22.357748,15.148626
"126","10am",8.2046423,70.16505,11.271253,10.359056
"127","10am",3.950249,57.09373,21.742319,17.213703
"128","10am",8.9555636,37.55402,28.430369,25.060047
"129","10am",2.0488371,44.3666,37.908531,15.676034
"130","10am",7.6818839,40.94306,34.329737,17.045323
"131","10am",8.6177904,44.36194,28.937414,18.08285
"132","10am",11.3604731,44.40768,26.153675,18.078172
"201","10am",19.8759342,41.03297,27.810248,11.280853
"202","10am",19.1945398,35.25488,28.530889,17.019693
"203","10am",11.5655981,30.04026,36.693041,21.701105
"204","10am",15.812196,42.2085,29.753817,12.225491
"205","10am",27.8747703,38.47355,26.931838,6.719839
"206","10am",24.0154633,43.6141,18.975944,13.394493
"207","10am",13.685113,39.1358,27.942494,19.236593
"208","10am",23.1438863,43.05765,26.588974,7.209493
"209","10am",17.5296411,35.67835,29.938091,16.853919
"210","10am",17.7623891,39.27893,32.436741,10.521942
"211","10am",16.4214223,44.92954,24.127085,14.521956
"212","10am",25.1756005,34.99796,32.629757,7.196686
"213","10am",20.1937652,36.91697,28.053053,14.836215
"214","10am",18.184134,37.54988,28.538266,15.727717
"215","10am",14.8748499,56.03257,23.28266,5.809916
"216","10am",17.6648275,35.04946,30.974796,16.310915
"217","10am",17.8641056,43.91828,29.018606,9.199007
"218","10am",16.6535036,43.12446,28.206993,12.015047
"219","10am",22.8095809,33.57546,30.513912,13.101049
"220","10am",13.5607079,26.07037,29.719396,30.649524
"221","10am",24.4834073,26.81374,31.904056,16.798795
"222","10am",32.3731206,32.28807,16.503972,18.834837
"223","10am",21.9984714,39.92257,29.721752,8.357203
"224","10am",18.0107471,49.7318,21.921839,10.335618
"101","11am",2.5055062,27.36438,35.677184,34.452926
"102","11am",4.202665,25.93129,36.957876,32.908169
"103","11am",7.1069973,47.38629,21.256424,24.250287
"104","11am",0.9128084,31.12028,26.912895,41.054016
"105","11am",4.2236831,35.75894,38.519123,21.498251
"106","11am",6.1804449,32.55842,26.125435,35.135696
"107","11am",11.9553745,57.27516,19.749022,11.020448
"108","11am",6.8429261,43.46593,30.362959,19.328187
"109","11am",1.9513486,34.38945,30.477929,33.18127
"110","11am",7.0215008,48.1696,29.788834,15.020068
"111","11am",16.6986818,42.889,25.179023,15.233297
"112","11am",7.1208746,26.10947,28.648713,38.120946
"113","11am",6.4158572,48.98695,31.140785,13.456409
"114","11am",8.5524069,48.38881,24.126476,18.932305
"115","11am",8.7982708,57.25379,24.871609,9.076328
"116","11am",10.0951796,56.69755,22.555056,10.652218
"117","11am",5.0414105,43.58656,24.083519,27.28851
"118","11am",10.8002021,44.03702,24.564073,20.598703
"119","11am",14.2046444,49.54508,7.667221,28.58305
"120","11am",4.1973373,45.07947,19.416886,31.306303
"121","11am",4.8097565,47.80494,28.8448,18.540504
"122","11am",3.0350327,62.64184,17.382797,16.940327
"123","11am",4.2348597,67.64172,18.55691,9.566508
"124","11am",3.5109821,61.93813,16.002904,18.54798
"125","11am",11.0825492,53.58674,21.302319,14.028395
"126","11am",9.3210311,67.85003,14.185198,8.643738
"127","11am",3.7999774,57.60099,20.975201,17.623834
"128","11am",8.5870752,38.65058,29.842715,22.919629
"129","11am",2.2952884,40.31873,40.371872,17.014112
"130","11am",9.319058,43.43849,32.886388,14.356068
"131","11am",7.6817838,43.29347,28.268283,20.756466
"132","11am",11.167277,43.54593,27.516054,17.770735
"201","11am",19.0421345,41.26996,27.761945,11.925962
"202","11am",17.9435399,33.83485,27.172691,21.048924
"203","11am",12.2108937,30.0169,35.817831,21.954371
"204","11am",14.801761,38.86,32.776414,13.561827
"205","11am",26.3779918,38.8288,28.546575,6.246635
"206","11am",24.0326552,44.33359,20.249573,11.38418
"207","11am",13.9697706,39.22414,28.069699,18.736389
"208","11am",22.292426,43.27939,25.765182,8.663001
"209","11am",17.5352681,35.57443,31.228187,15.66211
"210","11am",16.7060205,40.35979,32.279297,10.654893
"211","11am",18.1869187,44.97635,22.277987,14.558746
"212","11am",26.176526,33.62044,33.148708,7.054324
"213","11am",20.4715337,38.01231,26.475862,15.04029
"214","11am",19.6164252,35.73895,28.80913,15.835497
"215","11am",15.0921358,54.89845,23.622764,6.386649
"216","11am",18.0145126,34.58098,30.148002,17.256503
"217","11am",16.8069859,44.98049,28.423375,9.789147
"218","11am",17.7152686,44.12033,24.066398,14.098002
"219","11am",23.5199992,33.76569,29.050945,13.663367
"220","11am",13.0366079,26.43385,28.98391,31.545632
"221","11am",24.4897721,27.25811,33.639833,14.612285
"222","11am",33.1801267,34.9353,13.814101,18.070476
"223","11am",22.3379317,35.23948,33.338197,9.084394
"224","11am",19.0448789,52.0379,19.846302,9.07092
"101","12am",2.669894,24.57941,34.85565,37.895052
"102","12am",4.945116,28.59704,27.41762,39.04023
"103","12am",7.635865,43.45474,20.11409,28.79531
"104","12am",2.465436,33.05192,34.39336,30.089292
"105","12am",5.183088,35.9622,36.57458,22.280138
"106","12am",5.385422,32.73053,25.96881,35.91524
"107","12am",12.464503,56.87844,19.31359,11.343467
"108","12am",5.909208,40.12752,31.85132,22.11195
"109","12am",2.00759,36.40071,32.21408,29.377625
"110","12am",6.526507,43.33442,34.46147,15.67761
"111","12am",16.972578,40.10938,22.71042,20.20762
"112","12am",6.852685,24.28685,31.96599,36.894479
"113","12am",6.617389,49.33193,34.32016,9.730519
"114","12am",8.147456,49.68528,27.30382,14.863442
"115","12am",6.506552,57.79964,26.64644,9.047375
"116","12am",9.001949,52.32189,27.44339,11.232774
"117","12am",4.313548,44.27366,25.73569,25.677099
"118","12am",9.783693,43.55226,24.58255,22.081492
"119","12am",13.434493,48.36371,12.17864,26.023158
"120","12am",3.861299,47.84429,19.30044,28.993971
"121","12am",4.223343,46.63054,30.67128,18.474838
"122","12am",2.916826,66.06726,17.2511,13.764808
"123","12am",4.036082,63.98332,21.83434,10.146255
"124","12am",3.026129,57.84402,22.69642,16.433439
"125","12am",11.22669,54.4896,20.59794,13.685769
"126","12am",7.740842,72.49398,11.9038,7.861378
"127","12am",3.666646,53.39183,23.49535,19.446171
"128","12am",7.893431,38.63316,29.45648,24.016934
"129","12am",2.149681,41.74783,32.35229,23.750201
"130","12am",8.024427,39.83,32.43965,19.705927
"131","12am",7.276831,41.8831,28.05303,22.787038
"132","12am",10.94388,44.57758,28.23267,16.245873
"201","12am",18.673528,40.29518,28.33535,12.695938
"202","12am",17.937925,34.62054,26.39992,21.041615
"203","12am",12.005633,30.80413,36.28867,20.901565
"204","12am",14.388508,37.33864,34.11982,14.153033
"205","12am",25.309835,42.53053,25.88235,6.277288
"206","12am",26.660603,46.17497,18.49487,8.669564
"207","12am",14.224963,38.12552,27.70239,19.947127
"208","12am",21.916758,43.46668,26.80579,7.810769
"209","12am",16.472763,34.032,34.78214,14.713104
"210","12am",18.055958,42.78662,27.93703,11.220391
"211","12am",17.170541,43.33588,21.51696,17.976613
"212","12am",26.410811,35.63588,30.6363,7.31701
"213","12am",20.657327,35.24402,31.48818,12.610476
"214","12am",20.186331,37.89397,27.84475,14.074948
"215","12am",14.744167,54.63834,24.3781,6.239397
"216","12am",18.18819,36.58392,28.85696,16.370929
"217","12am",18.859798,46.28351,27.45637,7.400323
"218","12am",17.500691,37.58389,28.86088,16.054541
"219","12am",23.005983,32.66324,32.49707,11.833704
"220","12am",13.131507,27.07703,28.28634,31.505126
"221","12am",26.213094,24.47486,32.37037,16.941675
"222","12am",30.856867,36.67816,15.22814,17.23683
"223","12am",20.411074,36.3722,32.92245,10.29427
"224","12am",18.614272,49.97411,22.22411,9.187509
"101","1pm",3.167138,28.66313,35.32552,32.844218
"102","1pm",4.699961,29.08856,28.28441,37.92707
"103","1pm",8.417716,42.66675,22.15333,26.762203
"104","1pm",2.576645,29.83997,32.43086,35.152529
"105","1pm",4.954451,35.97036,37.29964,21.775544
"106","1pm",5.70393,32.30882,24.7452,37.242049
"107","1pm",13.579712,53.88273,21.00694,11.530623
"108","1pm",4.660233,43.73525,32.90876,18.695763
"109","1pm",2.484927,36.73248,31.5151,29.2675
"110","1pm",5.467295,48.08203,31.80327,14.647397
"111","1pm",18.116769,36.65535,24.54995,20.677938
"112","1pm",5.576484,27.15763,35.7884,31.477484
"113","1pm",6.422116,43.65265,34.41102,15.514212
"114","1pm",8.066302,48.51225,25.78994,17.631507
"115","1pm",7.080609,58.19904,25.99231,8.728048
"116","1pm",7.833814,60.45275,20.43807,11.275372
"117","1pm",3.640069,42.28924,26.31502,27.755669
"118","1pm",10.101054,42.92424,25.34574,21.628972
"119","1pm",13.656361,48.07566,13.78555,24.482425
"120","1pm",6.5934,48.42217,17.83896,27.145473
"121","1pm",4.541134,46.26363,29.33024,19.865003
"122","1pm",1.854773,68.74045,16.71895,12.685831
"123","1pm",4.302436,66.6116,21.45454,7.631423
"124","1pm",3.493152,56.10353,23.74652,16.656798
"125","1pm",11.699601,53.15895,22.1094,13.032051
"126","1pm",7.831735,70.57507,12.55118,9.042012
"127","1pm",3.709174,54.56366,25.24286,16.484308
"128","1pm",7.915117,41.21331,27.59638,23.2752
"129","1pm",3.230748,46.08348,32.23977,18.446005
"130","1pm",8.585673,46.11198,26.63624,18.666104
"131","1pm",6.129761,44.79295,25.20863,23.868666
"132","1pm",13.070265,45.11846,25.59433,16.216947
"201","1pm",18.738582,44.1133,24.95236,12.195758
"202","1pm",15.904069,35.37133,25.39671,23.327894
"203","1pm",13.870847,28.571,37.52022,20.037934
"204","1pm",13.043174,36.48627,37.42222,13.048333
"205","1pm",24.109703,44.21835,25.84569,5.826261
"206","1pm",25.153509,47.81645,17.51876,9.511286
"207","1pm",14.341304,39.09919,25.38546,21.174045
"208","1pm",23.681848,45.07722,22.80111,8.439818
"209","1pm",18.187067,36.63523,30.93048,14.247224
"210","1pm",17.39693,41.84157,28.077,12.684502
"211","1pm",16.458784,42.71503,23.83307,16.993116
"212","1pm",26.356078,30.52127,35.8208,7.301847
"213","1pm",18.825974,35.12976,31.30133,14.742938
"214","1pm",20.286314,36.78354,28.11494,14.815209
"215","1pm",14.922442,52.96939,25.65815,6.450024
"216","1pm",17.54783,40.90804,25.66378,15.880357
"217","1pm",19.679262,40.13462,29.4678,10.71832
"218","1pm",17.605657,39.83887,29.04103,13.514446
"219","1pm",20.991963,39.75959,24.89862,14.349825
"220","1pm",12.894891,23.3565,31.32073,32.427878
"221","1pm",26.449304,27.07738,32.64457,13.828742
"222","1pm",31.414915,37.09132,17.08153,14.412237
"223","1pm",21.483348,37.38288,35.60461,5.529166
"224","1pm",18.874656,51.77214,24.18599,5.167214
"101","2pm",4.4411184,28.94874,36.24498,30.365164
"102","2pm",3.7374505,31.21299,25.88809,39.161467
"103","2pm",9.1626633,42.51969,23.50621,24.811442
"104","2pm",0.9648783,21.82589,35.59793,41.611308
"105","2pm",3.6477524,36.69812,37.98045,21.673683
"106","2pm",5.8217768,30.67331,29.10627,34.398647
"107","2pm",13.6984877,56.3226,17.95038,12.028524
"108","2pm",7.0139409,46.77873,27.58204,18.625296
"109","2pm",2.4233607,35.26012,30.01841,32.298107
"110","2pm",6.3379674,47.85107,27.57824,18.232722
"111","2pm",16.6645748,41.17341,24.20053,17.961487
"112","2pm",6.6767899,30.95127,32.69493,29.67701
"113","2pm",9.5684911,46.93943,24.48031,19.01177
"114","2pm",6.8760007,47.3045,31.37183,14.447662
"115","2pm",7.6176592,60.93551,23.51082,7.936008
"116","2pm",8.4196158,60.74909,16.17221,14.659085
"117","2pm",4.4746656,42.66806,26.20486,26.652409
"118","2pm",9.4210738,47.50945,24.22744,18.842035
"119","2pm",12.8566783,49.32032,15.9051,21.917897
"120","2pm",6.5231396,51.34365,16.48984,25.643369
"121","2pm",2.4212392,46.79261,24.58127,26.20488
"122","2pm",2.0245501,62.47627,21.94529,13.553889
"123","2pm",4.1372871,64.59101,23.93322,7.338491
"124","2pm",3.4627904,55.46957,24.77137,16.296267
"125","2pm",12.2920428,53.07463,21.44603,13.187298
"126","2pm",9.4253181,69.35287,11.38222,9.839601
"127","2pm",4.0208187,56.75409,22.59324,16.631849
"128","2pm",8.1056524,42.17446,26.32003,23.399857
"129","2pm",3.0021443,44.60635,36.48258,15.908923
"130","2pm",8.7826679,50.17093,23.54922,17.497187
"131","2pm",6.161479,46.73293,25.82655,21.279037
"132","2pm",11.7576878,46.33553,30.06684,11.839943
"201","2pm",18.3041814,42.86834,23.11212,15.715357
"202","2pm",16.2523992,37.17441,24.03151,22.54168
"203","2pm",12.7362843,31.77262,36.03675,19.454342
"204","2pm",12.8090547,34.88444,37.88728,14.419224
"205","2pm",24.266234,41.56215,28.03795,6.133664
"206","2pm",24.3166198,47.95745,17.31702,10.408913
"207","2pm",14.411256,39.05155,25.52299,21.014199
"208","2pm",24.3126444,43.84895,23.34861,8.489791
"209","2pm",18.2743701,34.3312,32.87708,14.517353
"210","2pm",16.9843351,41.37002,29.09961,12.546033
"211","2pm",15.0020864,42.81313,27.20112,14.983657
"212","2pm",26.6701728,34.25369,31.68727,7.388865
"213","2pm",18.88927,32.34153,31.40453,17.364678
"214","2pm",20.9028207,33.28771,31.0443,14.76517
"215","2pm",15.45893,53.2219,24.56738,6.751789
"216","2pm",18.1172154,40.29743,26.24625,15.339107
"217","2pm",17.7131646,42.72999,29.11483,10.442015
"218","2pm",17.9439832,38.41894,30.5587,13.078376
"219","2pm",20.852976,40.56609,26.00417,12.576764
"220","2pm",12.4334615,23.73411,31.31175,32.520681
"221","2pm",20.3080974,29.45392,34.4623,15.775679
"222","2pm",34.1982301,33.3925,19.03359,13.375686
"223","2pm",23.5151781,36.02024,33.38327,7.081307
"224","2pm",17.3167153,52.29437,24.26423,6.124692
"101","3pm",2.751412,30.48339,32.92727,33.837921
"102","3pm",4.952388,29.29515,29.28671,36.465752
"103","3pm",8.588017,41.41269,22.13061,27.868679
"104","3pm",1.632858,31.43189,35.20226,31.732992
"105","3pm",5.452245,38.51214,34.04757,21.988043
"106","3pm",5.487016,30.13099,30.2156,34.166387
"107","3pm",14.018326,54.45903,18.60344,12.919203
"108","3pm",6.883826,42.72524,30.81721,19.573722
"109","3pm",1.433096,35.82483,28.53134,34.210728
"110","3pm",5.417462,48.77913,28.11782,17.685579
"111","3pm",15.597623,38.15505,27.92707,18.320257
"112","3pm",7.054446,33.63603,29.76464,29.544884
"113","3pm",8.196243,46.41247,27.75599,17.635299
"114","3pm",7.410985,48.52295,26.91902,17.147048
"115","3pm",5.47619,64.29954,23.30924,6.915031
"116","3pm",8.552709,58.78231,19.42787,13.237107
"117","3pm",4.539008,40.73525,27.23769,27.488045
"118","3pm",11.619901,45.27798,22.68893,20.413193
"119","3pm",12.956295,45.05338,16.90393,25.086388
"120","3pm",6.785015,42.72579,18.24038,32.248808
"121","3pm",2.339794,45.87817,27.16421,24.617823
"122","3pm",1.948397,62.40083,22.55744,13.093336
"123","3pm",4.109439,65.42437,23.17709,7.289097
"124","3pm",3.56569,54.01156,23.18838,19.234374
"125","3pm",12.459016,54.82006,20.67016,12.050763
"126","3pm",9.34146,70.11208,11.81123,8.735239
"127","3pm",5.114723,55.88716,23.06406,15.934059
"128","3pm",7.655764,42.1988,26.76262,23.382824
"129","3pm",4.190532,44.41713,35.70476,15.687586
"130","3pm",9.114303,46.31256,25.98661,18.586523
"131","3pm",6.492394,49.51193,25.70845,18.287233
"132","3pm",11.693226,47.95473,30.55528,9.796761
"201","3pm",18.723197,43.11017,24.81622,13.350409
"202","3pm",17.934216,34.82759,25.01217,22.226027
"203","3pm",12.687191,32.68821,37.22571,17.398887
"204","3pm",13.503509,36.75499,36.11523,13.626263
"205","3pm",23.656844,42.36506,26.12118,7.856916
"206","3pm",26.062157,46.23529,17.14905,10.553502
"207","3pm",14.192719,39.17793,24.49787,22.13148
"208","3pm",22.504186,43.4525,25.74557,8.29775
"209","3pm",17.528689,32.4063,32.45565,17.609358
"210","3pm",18.75842,41.24954,28.9893,11.002744
"211","3pm",16.093601,44.06122,24.69214,15.153045
"212","3pm",26.396198,28.63184,37.04176,7.930205
"213","3pm",18.942137,34.22668,28.66035,18.170827
"214","3pm",19.825063,31.57139,34.59968,14.003871
"215","3pm",14.438953,50.59652,28.0995,6.865027
"216","3pm",17.727608,39.98065,25.05746,17.234277
"217","3pm",16.416319,42.82384,30.32762,10.432219
"218","3pm",15.179419,38.62981,31.74015,14.45062
"219","3pm",21.297498,40.96215,26.01373,11.726627
"220","3pm",13.309923,25.11553,30.40637,31.168177
"221","3pm",20.164954,29.89697,34.42593,15.512145
"222","3pm",27.258462,36.54319,18.83175,17.366592
"223","3pm",21.917477,34.27545,35.76416,8.042912
"224","3pm",19.104005,55.28557,20.28957,5.320856
"101","4pm",5.2251878,33.40801,36.15861,25.208191
"102","4pm",4.0281952,30.61631,24.43182,40.923681
"103","4pm",9.7773713,41.45304,20.46591,28.303681
"104","4pm",0.9858466,30.18135,31.97429,36.858508
"105","4pm",3.5775307,35.79848,35.53955,25.08444
"106","4pm",5.7833266,30.25851,28.86359,35.094569
"107","4pm",13.7025916,56.03825,19.54205,10.717108
"108","4pm",7.1665287,47.94907,26.47236,18.412039
"109","4pm",1.7253631,36.15871,31.35176,30.764168
"110","4pm",4.7575959,44.85013,28.53624,21.856034
"111","4pm",16.6982752,38.7077,24.82057,19.773458
"112","4pm",8.419956,28.37006,32.76576,30.444227
"113","4pm",7.5337227,42.82523,34.49808,15.142966
"114","4pm",8.3800139,44.85582,27.24789,19.516277
"115","4pm",7.2476719,61.46157,21.51004,9.780725
"116","4pm",8.479384,55.84898,21.26085,14.410783
"117","4pm",4.4023301,40.54387,28.12176,26.932043
"118","4pm",11.2500805,44.41993,20.89206,23.437929
"119","4pm",12.0220692,43.35521,12.97514,31.647577
"120","4pm",6.3591727,46.73294,19.90236,27.005529
"121","4pm",2.4684946,46.96214,23.93474,26.634622
"122","4pm",1.7900296,59.97234,23.90037,14.337266
"123","4pm",4.0721812,62.73665,22.96696,10.224212
"124","4pm",3.2485627,54.56637,25.08394,17.101127
"125","4pm",12.6320976,54.66371,18.98238,13.721811
"126","4pm",7.461993,68.86227,12.14066,11.535083
"127","4pm",2.736356,54.32583,29.05948,13.878334
"128","4pm",8.0505274,46.18487,22.65344,23.111169
"129","4pm",2.5843735,40.83099,42.49272,14.091918
"130","4pm",6.3165655,50.06601,24.44794,19.169483
"131","4pm",7.0387656,49.37464,26.75571,16.830887
"132","4pm",14.1673377,40.75201,30.37409,14.706568
"201","4pm",17.1658146,47.48255,24.55951,10.792125
"202","4pm",15.5046282,33.07802,27.87783,23.539522
"203","4pm",13.5266427,33.39519,36.39491,16.683259
"204","4pm",12.8111639,36.02591,37.76066,13.40227
"205","4pm",24.1866513,43.57174,26.7286,5.513008
"206","4pm",25.5820087,44.83907,18.55032,11.028603
"207","4pm",13.2604982,39.38744,25.02128,22.330775
"208","4pm",21.2524534,45.7363,24.55843,8.452812
"209","4pm",18.0778618,34.16605,30.88946,16.866623
"210","4pm",18.2192529,39.74526,29.84733,12.188149
"211","4pm",16.8842141,43.59084,26.0622,13.462745
"212","4pm",27.9270748,26.49315,40.82571,4.754067
"213","4pm",19.8135753,37.24446,29.96135,12.980615
"214","4pm",19.5244757,31.22939,34.97855,14.26759
"215","4pm",16.1413245,48.35061,27.49635,8.01172
"216","4pm",16.1047381,39.69757,29.11953,15.078153
"217","4pm",19.590083,37.01914,26.41104,16.979733
"218","4pm",17.0081163,35.73482,33.87106,13.386009
"219","4pm",21.9027763,37.13043,26.20304,14.763753
"220","4pm",13.8780139,27.20916,30.48746,28.425372
"221","4pm",17.6220764,30.71628,35.43468,16.226955
"222","4pm",27.0857527,36.57021,17.45699,18.88705
"223","4pm",23.4553276,34.52348,35.20114,6.820058
"224","4pm",16.0094197,53.87369,24.43009,5.686793
"101","5pm",4.91819,26.53305,33.55538,34.99338
"102","5pm",5.332463,27.94791,25.10056,41.619074
"103","5pm",7.787665,52.29804,16.53845,23.375839
"104","5pm",1.106069,31.07624,26.87691,40.940777
"105","5pm",3.839211,42.64153,30.21155,23.307707
"106","5pm",6.476571,29.94022,26.42174,37.161471
"107","5pm",14.352967,57.86758,19.53464,8.244812
"108","5pm",4.644764,46.25937,25.31449,23.781377
"109","5pm",1.752918,38.1755,31.7127,28.358881
"110","5pm",4.737984,38.58364,32.35646,24.321924
"111","5pm",17.07886,38.86169,26.00984,18.049611
"112","5pm",7.21812,25.79995,30.74091,36.241021
"113","5pm",7.437038,44.46413,35.07059,13.02824
"114","5pm",8.814354,45.27064,27.59347,18.321538
"115","5pm",6.446464,56.13637,26.73237,10.684794
"116","5pm",9.650519,56.69522,23.71298,9.941277
"117","5pm",4.856727,42.94384,28.75197,23.447464
"118","5pm",9.314094,43.99353,19.65159,27.040781
"119","5pm",10.19227,40.46035,16.88952,32.457856
"120","5pm",3.221547,45.00234,26.83854,24.937567
"121","5pm",2.987995,37.40351,32.56999,27.038506
"122","5pm",1.557195,56.78695,24.69518,16.960673
"123","5pm",3.276137,58.83954,27.61278,10.271551
"124","5pm",1.823767,51.61169,28.90112,17.663422
"125","5pm",10.924073,54.08164,20.04706,14.947229
"126","5pm",7.155173,68.10891,13.67513,11.060787
"127","5pm",3.237939,55.79307,24.77075,16.198242
"128","5pm",8.16679,41.26953,28.43637,22.127306
"129","5pm",1.84971,47.31537,36.61718,14.217738
"130","5pm",6.485884,46.57019,25.71037,21.233563
"131","5pm",7.894119,45.88021,28.14501,18.08066
"132","5pm",11.93919,45.80308,28.68627,13.571461
"201","5pm",16.974273,39.61786,30.62632,12.781547
"202","5pm",14.508429,34.18527,29.30614,22.000157
"203","5pm",13.940151,33.51532,35.89581,16.648716
"204","5pm",12.232202,32.3488,39.52648,15.892514
"205","5pm",21.6518,44.45915,27.3953,6.493751
"206","5pm",25.601771,41.14094,23.58043,9.676859
"207","5pm",15.721506,36.81792,24.98657,22.474004
"208","5pm",19.879265,47.8202,23.14107,9.159462
"209","5pm",17.718865,35.3665,33.50274,13.411892
"210","5pm",19.638703,39.5462,28.65473,12.160365
"211","5pm",15.582676,39.75855,27.629,17.029782
"212","5pm",28.580361,27.91072,38.92444,4.584475
"213","5pm",18.981985,34.87954,30.95997,15.178506
"214","5pm",17.22792,28.44758,35.50782,18.816688
"215","5pm",15.288103,49.67513,25.87099,9.165776
"216","5pm",16.584999,44.74426,27.45471,11.216027
"217","5pm",19.067731,42.67139,28.7678,9.493079
"218","5pm",16.260687,30.11501,32.09091,21.533395
"219","5pm",21.235156,38.07296,24.97684,15.715054
"220","5pm",12.601577,23.92531,35.69583,27.777278
"221","5pm",24.666627,25.83181,29.64993,19.851633
"222","5pm",23.798451,34.82808,17.63247,23.741
"223","5pm",20.775868,34.6058,34.99282,9.625518
"224","5pm",15.094349,49.84415,24.54844,10.513057
"101","6pm",3.032511,22.02413,31.66998,43.273382
"102","6pm",4.58836,23.56251,27.04203,44.807102
"103","6pm",6.940263,52.05244,16.98543,24.021862
"104","6pm",1.066483,25.16205,25.92644,47.845026
"105","6pm",4.635529,41.70901,33.73947,19.915999
"106","6pm",8.483549,36.34646,24.90731,30.262675
"107","6pm",14.375805,58.97757,17.08057,9.566051
"108","6pm",5.974288,42.06338,26.08477,25.877569
"109","6pm",1.586022,35.74271,29.89734,32.773925
"110","6pm",3.339788,36.7902,33.30205,26.56796
"111","6pm",18.680378,34.9706,24.03857,22.310453
"112","6pm",7.895764,33.38166,31.07232,27.650257
"113","6pm",7.367223,43.71713,35.53535,13.380296
"114","6pm",9.138231,49.05631,28.28692,13.518548
"115","6pm",5.596125,54.84708,26.97214,12.584655
"116","6pm",9.167399,55.9048,28.02071,6.907092
"117","6pm",5.189366,45.14927,31.65373,18.007638
