"district","hour","mode1","mode2","mode3"
"101","4am",14.5284108,28.78606,56.685533
"102","4am",10.8695683,37.82327,51.307164
"103","4am",11.5042876,53.24472,35.250992
"104","4am",7.7518054,26.53888,65.709313
"105","4am",6.1843524,62.59554,31.220109
"106","4am",16.6157051,50.03359,33.350704
"107","4am",12.268128,45.63059,42.101278
"108","4am",9.6181194,70.14528,20.236598
"109","4am",6.1145389,62.83311,31.05235
"110","4am",4.2228483,71.71413,24.063021
"111","4am",3.4308524,84.21055,12.358603
"112","4am",7.5056053,75.26784,17.226553
"113","4am",7.1874893,78.81275,13.999759
"114","4am",0.6036965,78.72649,20.669815
"115","4am",8.9410006,77.43561,13.62339
"116","4am",3.6312148,78.23928,18.129508
"117","4am",6.6682425,78.42019,14.911572
"118","4am",5.9914162,81.07037,12.938217
"119","4am",3.2053367,88.49389,8.300769
"120","4am",0.7301729,80.36197,18.907861
"121","4am",6.0296304,84.07838,9.891986
"122","4am",6.1846274,80.90875,12.906626
"123","4am",2.0112108,76.61621,21.372578
"124","4am",0.728781,78.55075,20.720473
"125","4am",3.9769511,69.31023,26.712823
"126","4am",7.0346012,81.13937,11.826028
"127","4am",0,85.60219,14.397807
"128","4am",2.6737693,74.43225,22.893981
"129","4am",1.2035203,90.66969,8.126795
"130","4am",0.7338553,87.98247,11.283672
"131","4am",0.9330758,87.90937,11.157559
"132","4am",0,81.49818,18.501823
"201","4am",0,74.67194,25.32806
"202","4am",2.1221676,80.55261,17.325222
"203","4am",0.883054,66.92039,32.196553
"204","4am",1.6250195,78.44927,19.925708
"205","4am",1.7904939,76.40337,21.806137
"206","4am",6.8835254,73.04624,20.070233
"207","4am",4.6910238,66.66053,28.648442
"208","4am",1.7129164,70.4998,27.78728
"209","4am",6.3722201,76.28594,17.34184
"210","4am",7.3338157,70.47594,22.190243
"211","4am",2.4401891,78.56815,18.991657
"212","4am",4.1706132,84.29812,11.531264
"213","4am",3.5828233,75.31176,21.105416
"214","4am",4.2077395,76.21091,19.581349
"215","4am",3.1091319,80.6936,16.197266
"216","4am",3.4982134,77.23322,19.26857
"217","4am",5.8017106,81.79689,12.4014
"218","4am",5.2173177,71.32008,23.462606
"219","4am",3.511017,50.5431,45.945881
"220","4am",6.1387948,46.06355,47.797657
"221","4am",7.3794795,71.59033,21.030194
"222","4am",7.6590179,78.35732,13.98366
"223","4am",6.6262607,79.74007,13.633668
"224","4am",1.1874492,70.75873,28.053823
"101","5am",14.8184876,27.36419,57.817326
"102","5am",10.6125883,40.20896,49.178456
"103","5am",11.2520108,53.8567,34.891286
"104","5am",8.1731248,27.87122,63.95566
"105","5am",6.0481534,63.4193,30.532543
"106","5am",16.2565804,51.11354,32.629877
"107","5am",12.3322753,46.74317,40.924556
"108","5am",9.6181194,70.14528,20.236598
"109","5am",6.0654919,63.13124,30.803268
"110","5am",4.2026962,71.84912,23.948188
"111","5am",3.408184,84.31487,12.276947
"112","5am",7.1116027,76.56614,16.322254
"113","5am",7.0284546,79.28155,13.689992
"114","5am",0.612432,78.41866,20.968908
"115","5am",9.0961476,77.04407,13.859787
"116","5am",3.5185393,78.91451,17.566955
"117","5am",6.8559307,78.53192,14.61215
"118","5am",6.1036828,80.71566,13.180653
"119","5am",3.2446144,88.3529,8.402485
"120","5am",0.7421176,80.88558,18.372303
"121","5am",6.5242941,82.77219,10.703513
"122","5am",6.3699118,80.33679,13.293293
"123","5am",2.0278894,77.25157,20.720537
"124","5am",0.728781,78.55075,20.720473
"125","5am",3.9731876,69.33927,26.687544
"126","5am",7.213749,80.65905,12.127198
"127","5am",0,85.28915,14.71085
"128","5am",2.6039365,75.10002,22.296042
"129","5am",1.1654305,90.96498,7.869593
"130","5am",0.7384514,87.90721,11.35434
"131","5am",0.9514867,87.6708,11.377713
"132","5am",0,81.63924,18.360764
"201","5am",0,72.51265,27.487349
"202","5am",2.2120863,80.96444,16.823471
"203","5am",0.863896,68.2169,30.919204
"204","5am",0.8251353,78.78304,20.391822
"205","5am",1.821275,75.99771,22.181015
"206","5am",6.8835254,73.04624,20.070233
"207","5am",4.6910238,66.66053,28.648442
"208","5am",1.7386979,70.05579,28.205512
"209","5am",6.4962309,75.82444,17.679333
"210","5am",7.3414957,71.55452,21.103981
"211","5am",2.5303513,79.14888,18.320766
"212","5am",4.1846823,84.24515,11.570163
"213","5am",3.648787,74.85722,21.493989
"214","5am",4.3603433,75.34814,20.291514
"215","5am",3.0981153,80.76201,16.139874
"216","5am",3.5835545,76.67781,19.738639
"217","5am",5.8017106,81.79689,12.4014
"218","5am",5.2717005,71.02113,23.707168
"219","5am",3.5249782,50.34644,46.12858
"220","5am",6.1321744,46.12172,47.74611
"221","5am",7.5569037,70.90728,21.535821
"222","5am",7.6333839,78.42976,13.936857
"223","5am",6.611425,81.51696,11.871617
"224","5am",1.1919234,70.64855,28.159527
"101","6am",16.7985402,30.09257,53.108892
"102","6am",11.7559073,39.99609,48.248004
"103","6am",11.2510925,53.54374,35.205166
"104","6am",9.0428445,29.12608,61.831078
"105","6am",3.9930546,69.0437,26.963245
"106","6am",16.2748434,51.3708,32.354357
"107","6am",12.2253053,47.20512,40.569577
"108","6am",7.7428216,71.49061,20.766565
"109","6am",6.39295,61.7255,31.881548
"110","6am",4.1269526,75.05784,20.815207
"111","6am",3.4868228,84.62977,11.883403
"112","6am",7.6847437,75.3759,16.939352
"113","6am",4.2799859,80.90897,14.811048
"114","6am",0.6033076,76.48829,22.908405
"115","6am",7.3849886,78.11604,14.498975
"116","6am",3.684791,77.91821,18.396997
"117","6am",6.1378168,78.00431,15.857875
"118","6am",4.382516,81.01807,14.599413
"119","6am",3.4979066,87.44366,9.058429
"120","6am",0,81.47245,18.527549
"121","6am",0.8461248,87.20692,11.946956
"122","6am",5.8924574,78.77118,15.336364
"123","6am",2.2599795,74.64804,23.091984
"124","6am",0,78.31999,21.680013
"125","6am",3.5696153,67.9785,28.451883
"126","6am",6.2128832,81.92859,11.858526
"127","6am",0,86.48172,13.518278
"128","6am",1.0585272,76.8735,22.067975
"129","6am",1.2126013,90.59928,8.188115
"130","6am",0.7576268,88.36368,10.878697
"131","6am",1.0391495,87.80352,11.157334
"132","6am",0,83.58425,16.415752
"201","6am",0,70.07313,29.926872
"202","6am",0.8580637,81.3753,17.766637
"203","6am",1.1402793,67.82753,31.032189
"204","6am",0.8724626,78.67789,20.449651
"205","6am",0.7195918,76.53259,22.747816
"206","6am",3.8624122,74.92469,21.212899
"207","6am",4.7449298,66.82218,28.432888
"208","6am",1.220543,70.21594,28.563518
"209","6am",6.7581871,74.84957,18.39224
"210","6am",6.3186884,71.00387,22.677441
"211","6am",2.6117463,79.50927,17.878984
"212","6am",2.8418751,86.22282,10.935302
"213","6am",3.7247367,75.54495,20.730317
"214","6am",3.6393018,74.16744,22.193253
"215","6am",2.3280715,80.12364,17.548293
"216","6am",3.2173904,76.81197,19.970636
"217","6am",6.2004436,85.267,8.532558
"218","6am",4.2906066,71.65885,24.050539
"219","6am",3.5012972,50.68002,45.818686
"220","6am",6.2343293,45.22417,48.541505
"221","6am",8.2340871,70.00039,21.765527
"222","6am",7.3700165,77.99229,14.637689
"223","6am",2.5034944,84.80187,12.694631
"224","6am",1.3123773,69.685,29.002619
"101","7am",14.5007339,37.46039,48.038878
"102","7am",20.3001539,36.93366,42.766186
"103","7am",15.304945,50.3523,34.342752
"104","7am",20.3422112,31.24867,48.409117
"105","7am",3.3563859,78.88636,17.757251
"106","7am",13.8411246,58.6065,27.552373
"107","7am",10.8894709,49.24692,39.863612
"108","7am",9.9018251,69.73742,20.360758
"109","7am",10.0683378,57.96602,31.965641
"110","7am",3.4643613,73.52818,23.007455
"111","7am",1.6092044,87.11605,11.274746
"112","7am",12.8077992,68.68702,18.505179
"113","7am",4.341359,84.42661,11.232028
"114","7am",4.5292518,75.99779,19.472956
"115","7am",7.8818074,75.05508,17.063116
"116","7am",2.836198,80.25223,16.911571
"117","7am",5.9300842,80.97691,13.093005
"118","7am",1.0715337,81.48555,17.442912
"119","7am",0,90.11097,9.889027
"120","7am",0,73.74628,26.253724
"121","7am",0.9910274,85.9852,13.023769
"122","7am",3.654169,75.96501,20.380818
"123","7am",0,72.07863,27.921375
"124","7am",0,74.20084,25.799164
"125","7am",4.4764102,62.57005,32.953537
"126","7am",0.6912888,83.48711,15.821601
"127","7am",0,86.25283,13.747167
"128","7am",4.6695329,75.80385,19.526621
"129","7am",0.646588,89.33564,10.017774
"130","7am",0.5839786,85.02016,14.395865
"131","7am",0,86.98261,13.017394
"132","7am",0,81.44961,18.550388
"201","7am",0,69.43304,30.566959
"202","7am",1.0913246,79.10365,19.80503
"203","7am",7.82492,67.13595,25.039131
"204","7am",1.8310518,75.26518,22.90377
"205","7am",1.0122199,73.01723,25.970551
"206","7am",1.8939305,80.61835,17.487723
"207","7am",0.8303851,71.05309,28.116528
"208","7am",0,60.35502,39.644979
"209","7am",2.2038946,77.86798,19.928129
"210","7am",6.4131577,72.4387,21.14814
"211","7am",3.1781366,77.67927,19.142595
"212","7am",0,85.85696,14.143041
"213","7am",0,73.22587,26.77413
"214","7am",3.0388691,70.08742,26.87371
"215","7am",0.8749043,80.72649,18.398606
"216","7am",0,76.84143,23.158566
"217","7am",4.68515,86.2402,9.074648
"218","7am",0.4984972,76.10272,23.39878
"219","7am",4.5236089,49.58022,45.896167
"220","7am",4.9776752,48.32135,46.70097
"221","7am",18.3881268,61.95643,19.65544
"222","7am",0.8480366,79.18399,19.967969
"223","7am",0.8199202,83.69484,15.485238
"224","7am",0.5698237,67.06521,32.364971
"101","8am",16.1772072,46.11753,37.705258
"102","8am",18.296122,38.62205,43.081824
"103","8am",21.5472338,48.12481,30.327958
"104","8am",25.3970637,33.49667,41.106265
"105","8am",4.0721403,84.05884,11.869016
"106","8am",13.0575386,63.35009,23.592368
"107","8am",5.415983,57.34136,37.242652
"108","8am",13.7494252,63.64154,22.609031
"109","8am",13.0902448,55.00978,31.899972
"110","8am",1.5668925,74.06813,24.364981
"111","8am",1.7474694,82.30177,15.950762
"112","8am",13.0527235,65.68195,21.265329
"113","8am",5.1989303,84.86222,9.938854
"114","8am",4.2308133,79.96683,15.802356
"115","8am",5.1539246,71.82997,23.01611
"116","8am",2.1063067,81.82529,16.068407
"117","8am",4.3916638,85.16802,10.440313
"118","8am",1.3217763,72.97882,25.699408
"119","8am",0,88.81747,11.182529
"120","8am",0,71.31767,28.682326
"121","8am",1.4129861,84.2083,14.37871
"122","8am",4.2770241,71.86824,23.85474
"123","8am",1.5720511,67.80491,30.623039
"124","8am",0,72.16399,27.83601
"125","8am",1.1310128,65.56766,33.301325
"126","8am",0.7780353,81.41499,17.806978
"127","8am",0.6696752,85.33238,13.99794
"128","8am",7.1119244,73.79894,19.089132
"129","8am",0,87.71721,12.282791
"130","8am",0.6263446,83.19175,16.181904
"131","8am",0,83.09988,16.900124
"132","8am",0,77.84594,22.154059
"201","8am",0,69.32475,30.675246
"202","8am",0,76.88106,23.118937
"203","8am",8.7890783,70.83883,20.372087
"204","8am",2.1438417,72.65731,25.198849
"205","8am",1.0626533,72.91875,26.018596
"206","8am",1.7912364,79.44396,18.764805
"207","8am",0.7829226,72.09875,27.118326
"208","8am",0,65.92369,34.076308
"209","8am",1.2592345,76.39537,22.345399
"210","8am",2.7480573,74.51919,22.732752
"211","8am",4.3648808,66.45842,29.176696
"212","8am",0,84.45195,15.548054
"213","8am",0,75.8046,24.195403
"214","8am",3.0435026,70.49388,26.462621
"215","8am",0.9253783,80.41933,18.655292
"216","8am",0,71.69252,28.307478
"217","8am",4.5057612,84.91984,10.574398
"218","8am",0.5653105,72.89978,26.534905
"219","8am",6.272543,49.83488,43.892581
"220","8am",9.691081,49.78931,40.519609
"221","8am",14.9903004,68.03411,16.97559
"222","8am",0,79.87641,20.12359
"223","8am",0,81.89885,18.101149
"224","8am",0,73.58709,26.412908
"101","9am",24.1524618,45.64405,30.203488
"102","9am",18.590466,42.95049,38.459046
"103","9am",21.7505569,47.34165,30.907793
"104","9am",28.7243148,31.74553,39.530151
"105","9am",4.3510098,84.08545,11.563544
"106","9am",14.3617256,61.75766,23.880613
"107","9am",5.6071809,59.75688,34.635939
"108","9am",12.759147,65.53331,21.707543
"109","9am",15.8500821,56.03509,28.114828
"110","9am",1.4720638,78.27268,20.255253
"111","9am",1.0664433,78.83345,20.100111
"112","9am",12.9432919,68.11198,18.944725
"113","9am",5.2940226,84.3522,10.353773
"114","9am",5.0566697,79.59582,15.347515
"115","9am",6.0821179,73.74568,20.1722
"116","9am",1.0622084,78.11664,20.821148
"117","9am",4.3873651,84.16368,11.448952
"118","9am",1.5238517,72.35271,26.123443
"119","9am",0,91.29362,8.706384
"120","9am",0,68.2553,31.744704
"121","9am",0,79.47258,20.527419
"122","9am",4.1245922,70.95184,24.923572
"123","9am",1.7264421,65.04263,33.230929
"124","9am",0,72.18557,27.814431
"125","9am",1.1733319,60.7039,38.122767
"126","9am",0.8450441,77.98453,21.170422
"127","9am",0.7407048,81.42341,17.835884
"128","9am",7.4422344,72.32738,20.230385
"129","9am",0.7390351,91.04476,8.216209
"130","9am",0.68931,81.50205,17.808645
"131","9am",0,82.18523,17.814771
"132","9am",0,78.22064,21.779362
"201","9am",0,71.88884,28.111161
"202","9am",0,76.94866,23.051338
"203","9am",8.4469178,72.39614,19.15694
"204","9am",2.2062239,73.07976,24.714016
"205","9am",1.0717206,73.26145,25.666826
"206","9am",1.8196198,77.82679,20.353593
"207","9am",0.7701127,71.95843,27.271455
"208","9am",0,70.38911,29.610888
"209","9am",1.2985097,76.95765,21.743837
"210","9am",3.2551612,77.5068,19.238041
"211","9am",4.0658482,66.82165,29.112499
"212","9am",0,79.6023,20.397695
"213","9am",0,74.67407,25.325927
"214","9am",3.2006689,65.8517,30.947629
"215","9am",0.9531132,80.61429,18.432598
"216","9am",0,72.19926,27.800741
"217","9am",4.9688968,82.44658,12.584521
"218","9am",0.5435723,75.63565,23.820779
"219","9am",8.0925418,56.91,34.997459
"220","9am",9.8260734,49.45019,40.723738
"221","9am",14.1185195,66.93087,18.950613
"222","9am",0.6970298,80.90223,18.400741
"223","9am",0,78.6334,21.366599
"224","9am",0,72.57476,27.425242
"101","10am",22.736341,42.0135,35.25016
"102","10am",15.0813443,46.85501,38.06364
"103","10am",22.8230824,50.59685,26.58006
"104","10am",28.7231181,29.7111,41.56578
"105","10am",4.8427028,83.8639,11.2934
"106","10am",13.2236315,62.80769,23.96868
"107","10am",4.6150505,61.4225,33.96245
"108","10am",12.4256465,66.0061,21.56825
"109","10am",15.4828452,56.19583,28.32132
"110","10am",1.6382172,74.5634,23.79838
"111","10am",1.0018992,77.66225,21.33585
"112","10am",13.5639781,64.16257,22.27345
"113","10am",5.2110165,81.20574,13.58325
"114","10am",4.4945906,78.7876,16.71781
"115","10am",6.3173178,71.02832,22.65437
"116","10am",1.1249697,79.21552,19.65951
"117","10am",3.1833887,82.32876,14.48786
"118","10am",0,74.19084,25.80916
"119","10am",0,88.1675,11.8325
"120","10am",0,68.54081,31.45919
"121","10am",0,80.60301,19.39699
"122","10am",4.0499757,72.94761,23.00241
"123","10am",1.6033585,68.92805,29.4686
"124","10am",0,71.07441,28.92559
"125","10am",1.1672049,60.55581,38.27698
"126","10am",0.8421581,79.16503,19.99282
"127","10am",0.7074172,80.17933,19.11325
"128","10am",8.0439997,72.81889,19.13711
"129","10am",0.7322994,89.10648,10.16122
"130","10am",0.6630232,80.80345,18.53352
"131","10am",0,76.78959,23.21041
"132","10am",0,77.79374,22.20626
"201","10am",0,70.88471,29.11529
"202","10am",0,74.6145,25.3855
"203","10am",8.4220946,73.6429,17.93501
"204","10am",2.2220006,74.11635,23.66165
"205","10am",1.1519145,70.20668,28.64141
"206","10am",1.8171956,77.99013,20.19268
"207","10am",0.8238714,70.00096,29.17517
"208","10am",0,73.59888,26.40112
"209","10am",1.3910234,80.49959,18.10938
"210","10am",3.6626746,76.67189,19.66544
"211","10am",4.1197706,64.49891,31.38132
"212","10am",0,75.13721,24.86279
"213","10am",0,77.27423,22.72577
"214","10am",3.7629807,71.96387,24.27315
"215","10am",0.9481929,77.89021,21.1616
"216","10am",0,74.27588,25.72412
"217","10am",5.0909101,83.42527,11.48382
"218","10am",0,75.80284,24.19716
"219","10am",10.7584284,51.35034,37.89123
"220","10am",10.2221469,51.31139,38.46647
"221","10am",14.7897023,65.25605,19.95425
"222","10am",0.7087434,80.87075,18.42051
"223","10am",0,77.4727,22.5273
"224","10am",0,71.647,28.353
"101","11am",20.3591015,39.19914,40.44175
"102","11am",11.3934523,49.45497,39.15158
"103","11am",21.5732069,49.49126,28.93553
"104","11am",29.4675327,29.4119,41.12057
"105","11am",4.5702921,84.28923,11.14048
"106","11am",11.6209878,61.02315,27.35586
"107","11am",4.0959347,57.05077,38.8533
"108","11am",15.2562784,60.02487,24.71885
"109","11am",15.3751599,54.95756,29.66728
"110","11am",1.6234144,75.15392,23.22267
"111","11am",4.179489,76.4104,19.41011
"112","11am",11.9761643,63.16417,24.85967
"113","11am",5.4139521,80.43575,14.1503
"114","11am",4.4535498,75.36443,20.18202
"115","11am",4.0075166,73.12875,22.86373
"116","11am",1.075529,82.49961,16.42486
"117","11am",4.0342482,80.41756,15.54819
"118","11am",0,80.38315,19.61685
"119","11am",0,87.07063,12.92937
"120","11am",0,63.88895,36.11105
"121","11am",0,80.32153,19.67847
"122","11am",2.6311923,78.19783,19.17098
"123","11am",1.6033585,68.92805,29.4686
"124","11am",0,70.80646,29.19354
"125","11am",2.8255048,62.21387,34.96063
"126","11am",0.7986375,80.24172,18.95964
"127","11am",0.6786308,73.7794,25.54196
"128","11am",7.4312178,72.46377,20.10501
"129","11am",0.8441098,88.6162,10.53969
"130","11am",0.6639516,81.58236,17.75369
"131","11am",0,77.74319,22.25681
"132","11am",0,74.06535,25.93465
"201","11am",0,72.00151,27.99849
"202","11am",0,76.58193,23.41807
"203","11am",8.654078,70.27198,21.07394
"204","11am",2.0601251,78.22734,19.71253
"205","11am",1.0597581,73.78641,25.15383
"206","11am",1.883347,78.15386,19.9628
"207","11am",0.8280949,68.71931,30.45259
"208","11am",0,74.72248,25.27752
"209","11am",1.3878232,79.15663,19.45554
"210","11am",3.7156968,75.19868,21.08562
"211","11am",4.1316731,64.66582,31.2025
"212","11am",0,78.51493,21.48507
"213","11am",0,76.29043,23.70957
"214","11am",4.2331763,72.33286,23.43396
"215","11am",0.9639823,78.08274,20.95328
"216","11am",0,72.3746,27.6254
"217","11am",4.7422098,84.56055,10.69724
"218","11am",0,71.09485,28.90515
"219","11am",10.5523807,48.44283,41.00479
"220","11am",9.7610516,52.66392,37.57503
"221","11am",15.3096708,65.13585,19.55448
"222","11am",0.6935544,80.00425,19.3022
"223","11am",0,77.17727,22.82273
"224","11am",0.5120639,70.78776,28.70017
"101","12am",20.1327187,28.74334,51.123942
"102","12am",12.85051,35.60215,51.547337
"103","12am",20.5251936,46.68717,32.787638
"104","12am",19.7066568,28.04575,52.247595
"105","12am",6.6794633,76.56575,16.754784
"106","12am",11.6037686,57.51415,30.882077
"107","12am",3.6763425,58.80058,37.523082
"108","12am",9.2621081,64.12636,26.611534
"109","12am",12.9923859,54.73103,32.276584
"110","12am",1.5078299,76.12932,22.362851
"111","12am",5.0172401,79.29216,15.690604
"112","12am",11.1756146,59.85032,28.974063
"113","12am",4.8031112,80.99571,14.201179
"114","12am",3.6561075,77.39844,18.945456
"115","12am",6.8161162,70.50155,22.682337
"116","12am",3.8070033,81.60964,14.58336
"117","12am",5.0109629,78.17919,16.809842
"118","12am",0,82.58379,17.416207
"119","12am",1.9332423,88.17199,9.894764
"120","12am",0,69.22445,30.775551
"121","12am",5.0224322,79.55349,15.424074
"122","12am",2.450958,79.14213,18.406908
"123","12am",1.5082698,70.7708,27.720933
"124","12am",0,75.31053,24.689467
"125","12am",2.596848,59.56571,37.83744
"126","12am",0.6337536,84.46557,14.900677
"127","12am",0.6348825,75.69985,23.665264
"128","12am",7.1559295,71.79716,21.046911
"129","12am",0.7923081,87.72297,11.484725
"130","12am",0,84.22308,15.776919
"131","12am",0,79.08154,20.918458
"132","12am",0,77.91973,22.08027
"201","12am",0,72.07033,27.929674
"202","12am",0,80.20087,19.799132
"203","12am",9.6702244,66.78739,23.542382
"204","12am",0,78.98829,21.011712
"205","12am",3.6490007,72.66381,23.687187
"206","12am",2.1246117,77.15213,20.723261
"207","12am",0.8451693,66.4893,32.66553
"208","12am",0,75.21394,24.786056
"209","12am",0,80.72237,19.277633
"210","12am",3.6041254,76.0656,20.330272
"211","12am",3.8148766,66.75012,29.435007
"212","12am",0,80.95731,19.042694
"213","12am",0.7817318,75.11677,24.101497
"214","12am",4.3781907,69.87477,25.747037
"215","12am",0.9387273,76.69345,22.367821
"216","12am",0,73.37564,26.624359
"217","12am",5.0254422,84.94385,10.030707
"218","12am",3.5109158,66.52042,29.968663
"219","12am",8.8672587,51.7935,39.339238
"220","12am",9.4347176,49.33537,41.229916
"221","12am",14.3350892,58.07006,27.594853
"222","12am",0.6097805,81.93294,17.457281
"223","12am",0,80.07419,19.925814
"224","12am",0.5399692,72.35927,27.100763
"101","1pm",18.2584792,31.51949,50.22203
"102","1pm",10.0042024,36.91783,53.077966
"103","1pm",22.670727,44.85053,32.478745
"104","1pm",18.0113693,25.40184,56.586786
"105","1pm",5.9254622,79.55044,14.524097
"106","1pm",14.1350977,55.07548,30.789421
"107","1pm",3.109004,59.85231,37.038683
"108","1pm",11.6419616,57.3032,31.054842
"109","1pm",13.4341405,56.57304,29.992822
"110","1pm",5.3347344,69.80047,24.864796
"111","1pm",3.6908335,77.54466,18.764502
"112","1pm",10.810294,62.3712,26.818503
"113","1pm",3.360022,84.9743,11.665681
"114","1pm",4.2753767,79.34106,16.383561
"115","1pm",3.6655656,70.71423,25.620201
"116","1pm",0.9923915,78.39862,20.608984
"117","1pm",7.1732679,77.88377,14.942959
"118","1pm",1.595152,80.31107,18.093783
"119","1pm",3.78081,86.54368,9.675513
"120","1pm",3.4126481,66.57835,30.009
"121","1pm",5.4055045,76.98744,17.607056
"122","1pm",1.3229478,80.34105,18.336006
"123","1pm",1.6134088,69.87148,28.515107
"124","1pm",0,74.54394,25.456056
"125","1pm",0,62.6497,37.350304
"126","1pm",1.0517027,81.35257,17.595729
"127","1pm",0.6613129,74.68823,24.65046
"128","1pm",6.2145176,69.15466,24.630826
"129","1pm",0.8181158,93.14883,6.033057
"130","1pm",0,82.54436,17.455638
"131","1pm",0,78.268,21.732005
"132","1pm",0,75.55618,24.443823
"201","1pm",0,72.41643,27.58357
"202","1pm",0,79.3769,20.623101
"203","1pm",9.4214993,67.90099,22.677508
"204","1pm",0,79.53178,20.468216
"205","1pm",3.7955253,71.56614,24.638339
"206","1pm",2.0218642,77.8316,20.146533
"207","1pm",5.5643376,63.15748,31.278183
"208","1pm",0,71.58734,28.412655
"209","1pm",1.7972186,78.70851,19.494272
"210","1pm",3.521929,77.06012,19.417949
"211","1pm",3.7761315,67.32268,28.901187
"212","1pm",0,83.54507,16.454926
"213","1pm",0.737425,78.20496,21.05762
"214","1pm",4.4037833,69.69868,25.897541
"215","1pm",1.3684101,77.12609,21.505499
"216","1pm",0,77.15268,22.847322
"217","1pm",5.5990504,84.77575,9.625195
"218","1pm",3.6686821,70.26984,26.061476
"219","1pm",9.291199,52.84193,37.866871
"220","1pm",9.6312222,49.31134,41.057443
"221","1pm",11.4832154,60.35505,28.161738
"222","1pm",1.4994406,79.43626,19.064297
"223","1pm",0,80.18588,19.81412
"224","1pm",0.5279346,70.57851,28.893551
"101","2pm",18.4258256,28.84367,52.730509
"102","2pm",11.1490656,36.09659,52.754346
"103","2pm",22.7888007,43.45633,33.754866
"104","2pm",22.2424143,25.19481,52.562774
"105","2pm",6.769103,79.16957,14.061325
"106","2pm",11.2482215,57.08824,31.663539
"107","2pm",4.4536799,59.75185,35.794468
"108","2pm",11.1554897,62.74419,26.100316
"109","2pm",14.1176972,54.76563,31.116675
"110","2pm",7.7880856,67.96567,24.246244
"111","2pm",4.6289532,77.58693,17.784119
"112","2pm",11.424675,60.45274,28.122585
"113","2pm",4.106688,80.60236,15.290951
"114","2pm",3.4701699,82.44523,14.084604
"115","2pm",3.9915797,70.22554,25.782884
"116","2pm",1.0379033,79.02041,19.941684
"117","2pm",5.2751968,81.00366,13.721144
"118","2pm",1.6846357,80.47189,17.843477
"119","2pm",3.8617987,86.25543,9.882772
"120","2pm",3.4224897,64.28878,32.288733
"121","2pm",5.5482521,77.4126,17.039145
"122","2pm",6.3755743,70.23818,23.386242
"123","2pm",2.5259036,70.76002,26.714077
"124","2pm",0,78.18269,21.81731
"125","2pm",0,64.80903,35.190972
"126","2pm",0,81.78623,18.213768
"127","2pm",0.7209907,73.61112,25.667889
"128","2pm",5.8401839,69.86284,24.296972
"129","2pm",0.7562927,93.63589,5.607819
"130","2pm",0,81.60696,18.393037
"131","2pm",0,83.054,16.945996
"132","2pm",0,73.7976,26.202402
"201","2pm",0,72.16967,27.830333
"202","2pm",0,79.68257,20.317427
"203","2pm",9.0925849,67.97432,22.933096
"204","2pm",0,79.30718,20.69282
"205","2pm",1.0989391,71.29391,27.607155
"206","2pm",2.0450011,79.24963,18.705369
"207","2pm",5.5569174,64.23949,30.203596
"208","2pm",0,72.18103,27.818974
"209","2pm",1.8002585,78.97848,19.221259
"210","2pm",3.5601859,78.09043,18.349386
"211","2pm",3.285254,71.3837,25.331045
"212","2pm",0,83.64714,16.352856
"213","2pm",0.7266075,78.60935,20.664038
"214","2pm",3.8249047,74.95757,21.21753
"215","2pm",1.4413289,76.49423,22.064437
"216","2pm",0,78.60743,21.39257
"217","2pm",5.1891903,87.32713,7.483682
"218","2pm",4.1950062,71.07401,24.730987
"219","2pm",11.9555367,52.32641,35.718058
"220","2pm",10.0370884,49.54358,40.419329
"221","2pm",12.5103725,56.25742,31.232203
"222","2pm",1.6022885,79.31209,19.085617
"223","2pm",0,80.81721,19.182793
"224","2pm",0.5494124,68.94354,30.50705
"101","3pm",16.4999415,31.78742,51.71264
"102","3pm",12.6988748,37.02574,50.275389
"103","3pm",23.3129696,39.87311,36.81392
"104","3pm",21.4288302,26.00774,52.563431
"105","3pm",5.3668184,77.079,17.554179
"106","3pm",10.2449729,58.77447,30.980556
"107","3pm",3.9437061,62.09981,33.956488
"108","3pm",12.8572372,57.90846,29.234298
"109","3pm",12.4492493,54.92675,32.623999
"110","3pm",7.0106128,67.79988,25.189507
"111","3pm",6.2731102,77.24169,16.485201
"112","3pm",12.5366404,61.81387,25.649487
"113","3pm",3.510183,84.34185,12.14797
"114","3pm",4.1369346,77.47373,18.389335
"115","3pm",3.818388,74.24917,21.932442
"116","3pm",0.9021511,83.17795,15.919894
"117","3pm",5.2705344,82.35485,12.374617
"118","3pm",1.8883795,80.94681,17.164813
"119","3pm",3.8967954,86.19458,9.90862
"120","3pm",3.1482571,65.57994,31.271802
"121","3pm",5.3572085,78.91197,15.730822
"122","3pm",5.9909662,75.74728,18.261758
"123","3pm",5.4645197,67.53743,26.998054
"124","3pm",0,71.5944,28.405604
"125","3pm",0,67.16364,32.836355
"126","3pm",0,82.30351,17.696491
"127","3pm",0.6892861,72.84197,26.468748
"128","3pm",6.2961039,69.61531,24.088587
"129","3pm",1.2893301,88.67253,10.038143
"130","3pm",0.5513057,83.58577,15.86292
"131","3pm",0,83.44374,16.556256
"132","3pm",0,76.79603,23.203969
"201","3pm",0,74.09794,25.902056
"202","3pm",0,79.56452,20.435479
"203","3pm",7.6182627,68.16258,24.219159
"204","3pm",0,72.42305,27.576949
"205","3pm",1.0825318,73.48533,25.432134
"206","3pm",1.9948003,77.3372,20.667999
"207","3pm",5.6805734,61.10619,33.213236
"208","3pm",0,71.18553,28.814471
"209","3pm",1.8544844,79.63329,18.512222
"210","3pm",2.6679116,74.31529,23.016799
"211","3pm",3.5499309,71.31933,25.130737
"212","3pm",0,79.77547,20.22453
"213","3pm",0.7705575,78.78021,20.449236
"214","3pm",3.6011763,75.77523,20.623598
"215","3pm",1.4689262,74.04419,24.486883
"216","3pm",0.6341726,79.51749,19.848336
"217","3pm",5.1835554,87.34089,7.475556
"218","3pm",2.8631623,73.38624,23.750598
"219","3pm",12.134388,50.37534,37.49027
"220","3pm",9.406964,45.83612,44.756918
"221","3pm",12.8738288,58.402,28.724171
"222","3pm",1.7981844,77.45623,20.745582
"223","3pm",0,83.60398,16.396023
"224","3pm",0.5921789,66.52609,32.88173
"101","4pm",16.3277842,29.91095,53.761262
"102","4pm",7.4293255,32.57189,59.998784
"103","4pm",21.5289771,41.95487,36.516153
"104","4pm",17.7534043,25.75929,56.487303
"105","4pm",5.9561364,73.45541,20.588449
"106","4pm",13.7046423,57.08805,29.207304
"107","4pm",7.6286769,54.38947,37.98185
"108","4pm",9.8279685,63.16221,27.009823
"109","4pm",8.18215,59.13812,32.679732
"110","4pm",4.1460932,72.4192,23.43471
"111","4pm",4.3581655,76.96503,18.676806
"112","4pm",11.1629184,65.72825,23.108827
"113","4pm",2.606056,86.36327,11.030676
"114","4pm",2.2431582,80.10299,17.653852
"115","4pm",12.3603012,67.97815,19.661552
"116","4pm",2.0641572,76.8408,21.09504
"117","4pm",6.1620832,82.82401,11.013912
"118","4pm",1.8137994,79.96797,18.218234
"119","4pm",3.2640762,87.39939,9.33653
"120","4pm",4.2487345,67.20945,28.54182
"121","4pm",8.6754892,70.76852,20.555995
"122","4pm",5.4908637,73.11452,21.394618
"123","4pm",6.3645417,67.32667,26.308785
"124","4pm",1.2319545,70.49454,28.273506
"125","4pm",6.1145821,62.15479,31.730631
"126","4pm",0.6826144,82.47443,16.842954
"127","4pm",1.7649974,80.68145,17.553556
"128","4pm",5.1273208,69.84165,25.031028
"129","4pm",1.1341405,90.18214,8.683718
"130","4pm",0.5696261,78.59915,20.831225
"131","4pm",0,79.09952,20.900478
"132","4pm",0,70.29623,29.703773
"201","4pm",0,72.14067,27.859328
"202","4pm",0,78.90958,21.090419
"203","4pm",4.3694558,67.83176,27.798787
"204","4pm",1.6679216,73.5018,24.830281
"205","4pm",0.9766765,73.35036,25.672962
"206","4pm",1.9370164,72.62975,25.433237
"207","4pm",5.3126056,61.02247,33.664924
"208","4pm",0,68.76261,31.237386
"209","4pm",1.2663032,77.40032,21.333381
"210","4pm",4.301244,69.01214,26.686621
"211","4pm",0,70.67175,29.328251
"212","4pm",2.0990904,83.41151,14.489397
"213","4pm",2.812654,74.42371,22.763639
"214","4pm",3.6900059,74.01918,22.290819
"215","4pm",1.3822159,75.57636,23.041429
"216","4pm",0.5957386,82.78977,16.614487
"217","4pm",4.8512176,77.85765,17.291134
"218","4pm",3.0251165,72.11597,24.858918
"219","4pm",7.7281193,49.29687,42.97501
"220","4pm",9.2030526,44.57686,46.220088
"221","4pm",12.7198993,57.82458,29.455526
"222","4pm",1.7085941,76.78579,21.505617
"223","4pm",0,85.06133,14.938674
"224","4pm",0.5537473,69.13999,30.306263
"101","5pm",20.3330382,29.89344,49.77352
"102","5pm",8.4547301,32.68686,58.858414
"103","5pm",12.8233818,48.53,38.646619
"104","5pm",12.9231745,29.46711,57.609714
"105","5pm",7.4600888,69.69332,22.846594
"106","5pm",14.1876084,57.17037,28.642022
"107","5pm",8.3781729,51.61288,40.008949
"108","5pm",7.8890952,66.09957,26.011332
"109","5pm",10.0178343,55.27676,34.705404
"110","5pm",3.2695708,72.32891,24.401522
"111","5pm",4.7785296,77.33479,17.886678
"112","5pm",11.6513606,65.59657,22.752069
"113","5pm",3.0749267,84.1418,12.783276
"114","5pm",2.8768808,78.08345,19.039665
"115","5pm",9.5002659,72.92563,17.574104
"116","5pm",5.1210261,75.53644,19.342535
"117","5pm",5.9836201,83.31338,10.703
"118","5pm",4.898456,79.00153,16.100013
"119","5pm",5.8341515,86.43773,7.728122
"120","5pm",1.0686202,77.8449,21.086482
"121","5pm",6.7134787,77.27307,16.013456
"122","5pm",10.148373,71.59167,18.259962
"123","5pm",3.0767401,73.02975,23.893515
"124","5pm",1.945527,71.71572,26.338752
"125","5pm",5.1667379,66.83877,27.994497
"126","5pm",3.8638804,80.50761,15.628513
"127","5pm",1.4744313,82.83313,15.692435
"128","5pm",5.4647989,71.619,22.916204
"129","5pm",1.1745719,89.31169,9.513736
"130","5pm",0.8754637,83.11668,16.007853
"131","5pm",1.2683573,79.65093,19.080717
"132","5pm",0.6734004,75.12053,24.206066
"201","5pm",0,70.40446,29.595543
"202","5pm",1.3704638,78.45881,20.170731
"203","5pm",1.4265521,64.32814,34.245306
"204","5pm",1.0354453,75.86488,23.099678
"205","5pm",2.5657775,73.6579,23.77632
"206","5pm",7.7750982,72.44144,19.783458
"207","5pm",4.6437607,62.0126,33.343637
"208","5pm",1.9259485,70.18561,27.888444
"209","5pm",4.7589909,74.22647,21.014538
"210","5pm",6.4811754,66.55938,26.959448
"211","5pm",0,73.42456,26.575445
"212","5pm",5.4199097,77.89146,16.688634
"213","5pm",2.5495219,74.54377,22.906707
"214","5pm",4.6275998,76.09995,19.272454
"215","5pm",2.2882972,78.31635,19.395348
"216","5pm",2.3170257,78.70097,18.982003
"217","5pm",8.8760654,74.65054,16.473393
"218","5pm",4.3940195,69.86716,25.738822
"219","5pm",2.3542375,55.44899,42.196777
"220","5pm",7.6482759,48.45356,43.898168
"221","5pm",3.2266521,74.91297,21.860375
"222","5pm",1.7382254,80.21074,18.05103
"223","5pm",2.5821881,85.28447,12.133345
"224","5pm",0.4836964,73.04389,26.472417
"101","6pm",21.1224707,31.18344,47.694089
"102","6pm",7.1227554,39.17811,53.699131
"103","6pm",10.9977144,46.91186,42.090424
"104","6pm",15.4727497,32.88682,51.640428
"105","6pm",8.1823312,64.53013,27.287536
"106","6pm",13.9106134,54.52177,31.56762
"107","6pm",9.9644106,46.80612,43.229469
"108","6pm",10.98162,66.8741,22.144282
"109","6pm",8.5440908,58.90658,32.549328
"110","6pm",3.9784186,72.09327,23.928308
"111","6pm",6.2909387,78.15497,15.554095
"112","6pm",12.5847362,68.21318,19.202085
"113","6pm",5.3196421,81.67857,13.001792
"114","6pm",3.6294275,73.6136,22.756969
"115","6pm",10.1251617,75.56642,14.308417
"116","6pm",4.2362018,71.66761,24.096188
"117","6pm",6.0166412,79.18593,14.797426
"118","6pm",12.6463371,73.63987,13.713792
"119","6pm",3.6185864,88.39056,7.990858
"120","6pm",1.7821686,78.30833,19.909502
"121","6pm",5.066833,83.38977,11.543396
"122","6pm",8.8792844,75.8609,15.259818
"123","6pm",2.8562345,73.26154,23.882226
"124","6pm",0.9311543,72.94715,26.121694
"125","6pm",4.6732352,70.99916,24.327606
"126","6pm",8.0594315,73.95558,17.984992
"127","6pm",0,84.2194,15.7806
"128","6pm",3.0856161,74.1481,22.766282
"129","6pm",1.1031668,89.33972,9.557109
"130","6pm",0.7616967,85.76165,13.476657
"131","6pm",1.0161202,86.00081,12.983071
"132","6pm",0,79.29778,20.702221
"201","6pm",0,73.40026,26.599738
"202","6pm",2.2918192,78.57126,19.136922
"203","6pm",1.4519621,62.81852,35.729518
"204","6pm",0.9297553,75.78323,23.287017
"205","6pm",3.4667826,73.93803,22.595188
"206","6pm",13.162462,68.95456,17.882983
"207","6pm",4.73487,62.04026,33.224867
"208","6pm",1.682957,73.45105,24.865997
"209","6pm",7.2390861,74.88548,17.875437
"210","6pm",7.4358043,69.44849,23.11571
"211","6pm",0,77.10564,22.89436
"212","6pm",5.3633829,79.34122,15.295399
"213","6pm",3.7375309,74.6968,21.565666
"214","6pm",4.1159468,76.24047,19.64358
"215","6pm",3.8256377,74.23825,21.936116
"216","6pm",4.1147317,77.16824,18.717027
"217","6pm",6.8343813,79.18521,13.980409
"218","6pm",4.5467889,72.93622,22.516996
"219","6pm",5.0810647,52.05322,42.865716
"220","6pm",6.7726269,46.86269,46.364686
"221","6pm",7.2383553,66.9441,25.817548
"222","6pm",7.2374778,79.007,13.755521
"223","6pm",6.4375866,79.91693,13.645486
"224","6pm",1.18504,73.98821,24.826749
"101","7pm",14.0071393,31.24756,54.745298
"102","7pm",8.7266533,38.25937,53.013975
"103","7pm",12.1274976,49.56931,38.303197
"104","7pm",14.4463828,27.31181,58.241805
"105","7pm",6.0944115,68.84029,25.065298
"106","7pm",15.3933585,51.37554,33.231104
"107","7pm",12.7685167,46.58089,40.650593
"108","7pm",8.9475847,71.01049,20.041928
"109","7pm",7.0729301,61.91198,31.015086
"110","7pm",5.5505941,69.55924,24.890166
"111","7pm",3.5759428,85.17165,11.252411
"112","7pm",5.5735906,79.72436,14.702045
"113","7pm",7.3676284,79.77461,12.857766
"114","7pm",0.6148854,77.67712,21.707997
"115","7pm",8.7243738,77.98231,13.293316
"116","7pm",4.1365678,74.23871,21.624721
"117","7pm",6.9137947,78.70284,14.383364
"118","7pm",6.3343125,80.82606,12.839629
"119","7pm",3.2234284,89.03764,7.738929
"120","7pm",0.7557278,81.19014,18.054136
"121","7pm",8.1772088,80.26765,11.555144
"122","7pm",7.2723138,78.11245,14.615232
"123","7pm",4.4803311,72.73061,22.789057
"124","7pm",2.9796292,76.10454,20.915827
"125","7pm",3.777308,71.78605,24.436644
"126","7pm",7.6020293,77.57072,14.82725
"127","7pm",0,84.49917,15.500834
"128","7pm",3.1896239,74.94853,21.861847
"129","7pm",1.067731,91.12063,7.81164
"130","7pm",0.8037431,86.36214,12.834117
"131","7pm",1.015208,86.01338,12.971416
"132","7pm",0,80.75664,19.243356
"201","7pm",0,74.70414,25.295859
"202","7pm",2.1630999,79.41899,18.41791
"203","7pm",0.8198508,63.78433,35.395819
"204","7pm",1.6160963,78.83598,19.547921
"205","7pm",3.6161049,74.73092,21.652974
"206","7pm",14.1765855,67.85139,17.972021
"207","7pm",4.6062137,64.97397,30.419812
"208","7pm",1.7307867,70.72306,27.546149
"209","7pm",6.5480899,76.61551,16.836401
"210","7pm",7.8570857,68.81938,23.323533
"211","7pm",0,81.31644,18.68356
"212","7pm",4.4823077,82.73496,12.782732
"213","7pm",3.6903716,75.01607,21.293555
"214","7pm",4.0739346,76.48299,19.443074
"215","7pm",3.7927462,76.86225,19.345002
"216","7pm",4.5191932,76.57886,18.901943
"217","7pm",6.6185953,79.16666,14.214744
"218","7pm",5.0274587,71.84667,23.125871
"219","7pm",4.7112088,51.3672,43.921596
"220","7pm",6.0295728,43.44045,50.529973
"221","7pm",6.9677472,68.84339,24.188859
"222","7pm",7.512399,78.77163,13.715966
"223","7pm",6.7638643,78.32661,14.909528
"224","7pm",1.1443081,72.39801,26.457684
"101","8pm",15.0574644,28.86042,56.082113
"102","8pm",9.345854,37.2438,53.410347
"103","8pm",13.0211976,48.29587,38.68293
"104","8pm",12.7274897,30.43102,56.841492
"105","8pm",8.5871101,65.56233,25.850556
"106","8pm",16.8941642,50.74826,32.35758
"107","8pm",13.6883527,43.82432,42.487326
"108","8pm",8.4787195,72.52958,18.991705
"109","8pm",6.3747933,63.35965,30.265555
"110","8pm",5.5136345,68.6744,25.811961
"111","8pm",3.7143749,82.90572,13.379906
"112","8pm",4.8993563,80.05689,15.043758
"113","8pm",7.3646202,80.30326,12.332117
"114","8pm",0.6016825,78.79746,20.60086
"115","8pm",8.4528789,78.66748,12.87964
"116","8pm",3.854227,77.82689,18.318879
"117","8pm",6.8635994,78.85746,14.278938
"118","8pm",6.2132149,80.3696,13.417183
"119","8pm",3.1134019,88.236,8.650603
"120","8pm",0.7165803,81.40072,17.882696
"121","8pm",6.7623461,82.04387,11.193779
"122","8pm",6.6639532,80.88465,12.451399
"123","8pm",4.4517832,74.39757,21.150647
"124","8pm",0.7157501,79.80128,19.482971
"125","8pm",3.8002709,70.80305,25.396682
"126","8pm",7.4339621,78.06659,14.499446
"127","8pm",0,84.77839,15.221615
"128","8pm",3.2148161,74.75067,22.034516
"129","8pm",1.122298,90.66684,8.210858
"130","8pm",0.8141971,86.66681,12.518997
"131","8pm",0.8807745,87.41738,11.701842
"132","8pm",0,81.24354,18.756459
"201","8pm",0,73.95271,26.047287
"202","8pm",2.1333914,78.50978,19.356829
"203","8pm",0.8227333,67.04733,32.129936
"204","8pm",1.5916555,78.89174,19.516605
"205","8pm",3.5780325,74.99697,21.424999
"206","8pm",12.58202,68.51341,18.904574
"207","8pm",4.5898079,68.27593,27.134262
"208","8pm",1.7269089,70.78866,27.484433
"209","8pm",6.5046882,75.79296,17.702349
"210","8pm",7.5645579,69.54703,22.88841
"211","8pm",2.3213181,79.61218,18.0665
"212","8pm",4.3052423,83.79126,11.903498
"213","8pm",3.435874,76.32435,20.239778
"214","8pm",4.2042795,75.73057,20.065153
"215","8pm",3.7267018,78.64268,17.630616
"216","8pm",4.0160896,76.46586,19.518047
"217","8pm",6.617635,79.96269,13.41968
"218","8pm",4.8930608,72.59929,22.507653
"219","8pm",3.4411734,50.69084,45.867988
"220","8pm",5.8692403,45.6384,48.492363
"221","8pm",7.3597984,68.61039,24.029817
"222","8pm",7.474229,78.87949,13.646276
"223","8pm",6.610644,79.78782,13.601536
"224","8pm",1.1541791,71.57801,27.267807
"101","9pm",13.6263715,27.81951,58.554123
"102","9pm",9.647177,37.4352,52.917626
"103","9pm",12.2434752,50.0439,37.712626
"104","9pm",12.4926689,30.66514,56.842187
"105","9pm",8.5964184,64.66501,26.738573
"106","9pm",16.1299798,52.70195,31.168066
"107","9pm",12.8932582,44.39242,42.714319
"108","9pm",9.2741164,71.21307,19.512813
"109","9pm",6.61129,60.94861,32.440103
"110","9pm",4.3460396,69.72163,25.932326
"111","9pm",3.6223302,83.32933,13.048343
"112","9pm",5.6623167,78.69991,15.637772
"113","9pm",7.482376,79.98832,12.5293
"114","9pm",0.5874528,79.29889,20.113654
"115","9pm",8.7119468,78.01367,13.274381
"116","9pm",3.4499593,78.5147,18.035339
"117","9pm",6.9884453,78.81232,14.199232
"118","9pm",6.148901,80.5728,13.278299
"119","9pm",2.9727136,88.76759,8.2597
"120","9pm",0.7233514,81.22498,18.051672
"121","9pm",6.6139203,82.43799,10.948088
"122","9pm",6.755439,80.62222,12.622338
"123","9pm",4.3457662,74.25692,21.397312
"124","9pm",0.6945791,80.39873,18.90669
"125","9pm",3.8002709,69.98489,26.214841
"126","9pm",7.1959606,78.7688,14.03524
"127","9pm",0,85.28079,14.719215
"128","9pm",3.219352,74.71504,22.065605
"129","9pm",1.1404234,91.15884,7.700732
"130","9pm",0.7743402,87.3195,11.906162
"131","9pm",0.8640275,87.65663,11.479344
"132","9pm",0,80.95207,19.04793
"201","9pm",0,74.16087,25.839134
"202","9pm",2.0900203,78.94667,18.963312
"203","9pm",0.837342,66.46221,32.700446
"204","9pm",1.5573285,79.34698,19.095692
"205","9pm",3.368707,76.45972,20.171573
"206","9pm",7.6144079,72.1339,20.251694
"207","9pm",4.5742957,68.38315,27.042556
"208","9pm",1.7229173,70.32757,27.949516
"209","9pm",6.4176704,76.1168,17.465532
"210","9pm",7.5150916,69.74617,22.738738
"211","9pm",2.2972847,79.82326,17.879452
"212","9pm",4.1852453,84.24303,11.57172
"213","9pm",3.4280471,76.37828,20.193673
"214","9pm",4.15964,75.98825,19.852108
"215","9pm",3.5142,79.86051,16.625293
"216","9pm",4.0542668,76.24215,19.703587
"217","9pm",6.1992275,81.22957,12.571205
"218","9pm",5.1290442,71.2778,23.593156
"219","9pm",3.4189227,50.1741,46.406976
"220","9pm",5.8661146,46.13471,47.99918
"221","9pm",7.3437608,68.67879,23.977454
"222","9pm",7.5448711,78.67988,13.775253
"223","9pm",6.4236671,80.35951,13.216827
"224","9pm",1.1405708,71.91312,26.946307
"101","10pm",13.7788796,25.66295,60.558168
