"district","hour","occ1","occ2","occ3","occ4","occ5"
"101","4am",40.32907,36.00372,10.635924,10.03826,2.993028
"102","4am",49.24453,19.105857,2.907227,25.66088,3.0815
"103","4am",42.40096,33.447638,2.798218,17.55812,3.795068
"104","4am",26.59153,52.797941,3.83261,12.01431,4.763611
"105","4am",52.15228,16.262772,5.963581,23.31277,2.308593
"106","4am",50.8258,13.875831,9.935598,20.93916,4.423605
"107","4am",35.39522,7.763277,13.341328,28.69655,14.803626
"108","4am",53.25206,9.939498,6.23427,24.86147,5.712705
"109","4am",49.25952,9.171187,6.056549,32.14438,3.368367
"110","4am",55.69271,5.82223,8.625181,26.96467,2.895216
"111","4am",53.49429,10.385372,2.520075,27.22822,6.372043
"112","4am",42.72048,30.255771,3.449113,19.97229,3.602353
"113","4am",44.21073,13.1942,4.065376,27.5181,11.011594
"114","4am",53.95206,5.166643,6.832929,25.92944,8.118935
"115","4am",59.97109,9.612572,2.024637,22.93791,5.453787
"116","4am",52.93165,12.289673,5.855298,22.54365,6.379734
"117","4am",58.08702,8.919492,1.799004,29.02825,2.166234
"118","4am",56.27336,9.115436,3.591517,28.83997,2.179725
"119","4am",54.89431,11.577527,4.819661,24.84718,3.86132
"120","4am",54.29147,9.030054,8.416261,22.92609,5.336126
"121","4am",60.34804,8.898165,1.441065,25.438,3.874728
"122","4am",54.71706,10.960591,5.227447,24.55724,4.537667
"123","4am",65.15993,3.481645,1.34977,25.55184,4.456815
"124","4am",63.052,7.894744,3.992295,20.91029,4.150672
"125","4am",57.59707,5.36563,3.308506,29.33725,4.391543
"126","4am",63.20978,4.85389,6.719158,22.05668,3.160496
"127","4am",59.57853,9.207858,5.850054,22.74028,2.623279
"128","4am",51.10983,3.7179,8.338969,30.32252,6.510777
"129","4am",56.12286,7.675837,3.496879,28.74613,3.958296
"130","4am",64.20578,4.112659,3.974138,23.19571,4.511713
"131","4am",50.68686,6.16912,7.702296,33.28361,2.158117
"132","4am",60.3369,5.034869,9.946437,21.04937,3.632426
"201","4am",54.03165,9.500437,2.064257,29.77644,4.627215
"202","4am",66.56821,4.855204,3.629464,23.40656,1.540559
"203","4am",47.7577,13.161642,4.598941,32.26661,2.215107
"204","4am",52.55541,6.826307,4.068493,31.41774,5.132047
"205","4am",59.60576,4.9523,1.387402,32.09399,1.960548
"206","4am",42.98501,10.533411,0,39.98989,6.491689
"207","4am",51.24051,5.63677,5.650851,33.98556,3.486308
"208","4am",44.15389,3.318664,8.515802,37.81094,6.200703
"209","4am",55.67871,7.406932,3.772195,29.40796,3.734202
"210","4am",40.99123,12.219078,12.537959,31.34428,2.907455
"211","4am",58.39555,9.834998,0,29.99102,1.778436
"212","4am",56.73066,9.03655,2.234452,27.97765,4.020683
"213","4am",52.75056,8.289583,2.29133,32.42348,4.245042
"214","4am",63.2456,6.586185,0,25.71925,4.448961
"215","4am",59.25764,7.454493,1.08646,29.41906,2.782345
"216","4am",51.06797,11.373368,3.597141,32.28355,1.677968
"217","4am",58.55212,4.755551,2.418369,29.4315,4.84246
"218","4am",42.7464,8.986846,1.925136,44.4468,1.894817
"219","4am",41.82918,2.773572,5.223801,46.46214,3.711312
"220","4am",41.54776,11.234882,5.887941,35.67926,5.650158
"221","4am",49.39772,11.451832,2.101966,35.22744,1.82104
"222","4am",58.09466,4.576905,1.958826,33.41254,1.957068
"223","4am",50.78611,8.548829,3.784261,34.43759,2.443212
"224","4am",52.8063,3.595892,4.037204,30.05482,9.50578
"101","5am",40.24431,36.64638,10.825773,9.237079,3.046453
"102","5am",50.33234,18.696376,2.844918,25.110912,3.015457
"103","5am",43.50771,32.804949,2.744451,17.220741,3.722147
"104","5am",28.36844,51.519921,3.739839,11.723493,4.648303
"105","5am",52.9074,16.006119,5.869466,22.944859,2.27216
"106","5am",51.35302,13.61595,9.749514,20.940756,4.340756
"107","5am",35.10523,7.798125,13.401214,28.825359,14.870076
"108","5am",53.25206,9.939498,6.23427,24.861466,5.712705
"109","5am",49.62412,9.105285,6.013029,31.913399,3.344163
"110","5am",55.88537,5.796912,8.587675,26.847413,2.882626
"111","5am",53.77275,10.323187,2.504986,27.065185,6.333888
"112","5am",39.07256,35.205042,3.283017,19.010503,3.428879
"113","5am",45.24184,12.950343,3.990239,27.009507,10.808076
"114","5am",53.38465,5.230307,6.917124,26.24894,8.218976
"115","5am",59.35621,9.76023,2.055737,23.290259,5.537561
"116","5am",54.2008,11.958293,5.697415,21.935778,6.20771
"117","5am",57.10425,9.128634,1.841187,29.708899,2.217027
"118","5am",55.56143,9.263847,3.649992,29.30952,2.215214
"119","5am",54.42553,11.697852,4.869751,25.105416,3.901451
"120","5am",53.58968,9.168699,8.545481,23.278087,5.418055
"121","5am",57.38345,9.56344,1.548807,27.339881,4.164423
"122","5am",54.03003,11.262171,5.37128,24.673997,4.662521
"123","5am",64.90621,3.507,1.3596,25.737921,4.489272
"124","5am",62.85573,7.93668,4.013502,21.021364,4.17272
"125","5am",57.63125,5.361305,3.305838,29.313602,4.388003
"126","5am",62.40022,4.960698,6.867011,22.542032,3.230042
"127","5am",58.77386,9.391157,5.96651,23.192971,2.6755
"128","5am",51.95129,3.632954,8.148441,29.905295,6.36202
"129","5am",57.37469,7.456841,3.397111,27.925991,3.845364
"130","5am",63.99946,4.136364,3.997045,23.329415,4.537719
"131","5am",49.82038,6.277517,7.837633,33.868435,2.196037
"132","5am",60.62066,4.998848,9.875277,20.89878,3.606439
"201","5am",57.53177,2.537057,2.260294,32.604228,5.06665
"202","5am",65.3015,5.039165,3.766983,24.293426,1.59893
"203","5am",48.20251,13.425962,4.515493,31.681127,2.174913
"204","5am",51.67804,6.158949,4.223218,32.612569,5.32722
"205","5am",58.98745,5.028105,1.408639,32.58525,1.990558
"206","5am",42.98501,10.533411,0,39.989886,6.491689
"207","5am",51.24051,5.63677,5.650851,33.985557,3.486308
"208","5am",43.39455,3.363788,8.631591,38.325052,6.285014
"209","5am",54.91106,7.535219,3.837529,29.917309,3.798879
"210","5am",40.93934,12.229822,12.548984,31.371841,2.910012
"211","5am",57.04888,10.15334,0,30.961777,1.836001
"212","5am",56.60876,9.062009,2.240747,28.056474,4.03201
"213","5am",51.95894,8.428468,2.329719,32.96671,4.316164
"214","5am",61.4767,6.903162,0,26.957056,4.663078
"215","5am",59.3848,7.431225,1.083069,29.327241,2.773661
"216","5am",49.99037,11.623837,3.676359,32.994511,1.714921
"217","5am",58.55212,4.755551,2.418369,29.431503,4.84246
"218","5am",42.20895,9.071208,1.943208,44.864032,1.912604
"219","5am",41.61197,2.783928,5.243306,46.635625,3.725169
"220","5am",41.60205,11.224447,5.882472,35.646124,5.64491
"221","5am",50.49979,9.57397,2.143618,35.925499,1.857126
"222","5am",58.23013,4.562109,1.952494,33.304528,1.950741
"223","5am",50.87953,8.532602,3.777078,34.372219,2.438575
"224","5am",52.65175,3.607668,4.050426,30.153251,9.53691
"101","6am",43.39566,34.153427,10.089326,9.522375,2.839211
"102","6am",51.18572,18.375138,2.796038,24.679462,2.963646
"103","6am",42.27537,33.411591,2.795203,17.726862,3.790978
"104","6am",30.01544,50.910929,3.695632,10.784638,4.593358
"105","6am",56.49708,14.786034,5.422059,21.19586,2.098961
"106","6am",53.24742,13.376212,9.577853,19.53419,4.264327
"107","6am",35.03434,7.739985,13.3013,29.16516,14.759211
"108","6am",50.30859,10.460019,6.560752,26.658762,6.011874
"109","6am",50.44262,9.061472,5.984095,31.759836,2.751973
"110","6am",50.44691,11.865641,8.446421,26.405813,2.835212
"111","6am",52.80822,10.538582,2.557252,27.629903,6.466046
"112","6am",43.80967,29.259275,3.396526,19.987103,3.54743
"113","6am",44.55623,12.161207,4.130991,27.962246,11.189323
"114","6am",54.47185,5.195737,6.092322,26.075444,8.164652
"115","6am",60.89278,6.969466,2.139221,24.236086,5.762444
"116","6am",51.66541,12.620292,6.012818,23.150121,6.551363
"117","6am",56.34893,9.879293,1.841441,29.713003,2.217333
"118","6am",53.10761,9.588529,4.674237,30.336767,2.292853
"119","6am",51.84579,12.532685,5.217287,26.224355,4.179883
"120","6am",52.78319,8.234183,9.104949,24.104906,5.772772
"121","6am",57.96435,5.518812,1.711111,30.2049,4.600824
"122","6am",54.48441,8.001857,5.805519,26.668755,5.03946
"123","6am",61.42754,3.854631,1.49437,28.289185,4.93427
"124","6am",60.45411,8.44984,4.273002,22.380536,4.442514
"125","6am",55.81558,5.098265,3.490211,31.732536,3.863411
"126","6am",62.41382,3.251749,7.223698,23.712914,3.397818
"127","6am",59.5395,8.89651,5.915722,22.995547,2.652725
"128","6am",52.33829,3.917025,8.075432,29.364239,6.305017
"129","6am",55.20328,8.350153,3.52057,28.940886,3.985113
"130","6am",63.14087,4.235014,4.092371,23.885804,4.64594
"131","6am",47.58952,4.942414,8.474247,36.61941,2.374411
"132","6am",61.70717,4.439401,9.241249,20.989999,3.62218
"201","6am",54.37184,2.725832,2.428475,35.030206,5.443644
"202","6am",62.85833,5.393979,4.03222,26.003954,1.711513
"203","6am",49.51499,11.996274,4.529285,31.777895,2.181557
"204","6am",49.23377,6.470488,4.436842,34.262216,5.596688
"205","6am",56.80378,4.661558,1.50847,34.894567,2.131629
"206","6am",41.57807,8.24734,0,43.167129,7.007461
"207","6am",50.74414,5.694152,5.708376,34.33153,3.521798
"208","6am",42.74629,3.402311,8.730444,38.763966,6.356992
"209","6am",53.30008,7.804446,3.974641,30.986228,3.934609
"210","6am",39.23116,11.959403,13.079178,32.6973,3.03296
"211","6am",56.49787,10.438322,0,31.176275,1.887533
"212","6am",55.41363,8.240117,2.372402,29.704936,4.268911
"213","6am",53.54502,6.093456,2.373766,33.589991,4.397768
"214","6am",61.28503,4.528689,0,29.144767,5.041512
"215","6am",59.23813,5.880098,1.138482,30.827719,2.91557
"216","6am",48.34724,11.148501,3.879253,34.815439,1.809566
"217","6am",55.94866,5.054261,2.570274,31.280177,5.146628
"218","6am",42.31252,8.333048,1.968519,45.448394,1.937516
"219","6am",42.36836,2.747864,5.175382,46.031485,3.676912
"220","6am",41.35206,11.385112,5.966673,35.570441,5.725711
"221","6am",49.57467,10.148749,2.162428,36.240727,1.873421
"222","6am",56.82888,4.783315,2.047166,34.295314,2.045328
"223","6am",48.66969,8.381768,3.996761,36.371378,2.580407
"224","6am",48.54716,3.920414,4.401554,32.767212,10.363658
"101","7am",53.33054,24.1030151,10.141247,9.571379,2.853822
"102","7am",47.3346,23.6265864,3.270098,23.106211,2.662499
"103","7am",42.4108,34.3776112,1.834826,17.487269,3.889495
"104","7am",32.19044,54.7997772,2.599991,6.974213,3.435577
"105","7am",66.7045,11.0385025,4.431775,15.838473,1.986754
"106","7am",60.62306,8.8386345,8.604187,18.189239,3.744878
"107","7am",33.93599,6.6742793,13.802055,30.189503,15.398167
"108","7am",44.38216,12.7551377,7.258365,28.953217,6.651124
"109","7am",48.27227,12.5898563,5.86688,31.137736,2.133255
"110","7am",52.73977,4.3455162,9.883246,29.71396,3.317511
"111","7am",50.52961,7.0157515,1.892528,32.910236,7.651875
"112","7am",39.69409,40.1536279,2.541591,14.956179,2.654512
"113","7am",45.66403,11.5051251,4.087879,27.670421,11.072546
"114","7am",53.39642,7.2208821,5.948864,25.461437,7.972396
"115","7am",54.1766,8.2862458,2.457573,28.459593,6.619991
"116","7am",53.88693,2.9307475,7.270126,27.990918,7.921283
"117","7am",59.35963,6.4616228,1.952392,29.875417,2.350933
"118","7am",50.64451,4.5389523,4.650498,37.343605,2.82243
"119","7am",46.00981,9.3946682,6.878705,32.939896,4.776921
"120","7am",41.47351,3.5374017,12.843486,34.002501,8.143101
"121","7am",53.06239,5.4958086,1.971083,34.170887,5.299835
"122","7am",45.4539,6.6748151,6.350023,34.922188,6.599069
"123","7am",57.33103,0,1.836614,34.768033,6.064327
"124","7am",52.05386,7.4835286,5.511569,29.220826,5.730217
"125","7am",48.93289,3.9247116,4.209596,38.273088,4.659718
"126","7am",57.02259,0,9.198244,29.452583,4.326587
"127","7am",57.71454,3.7783698,7.216997,28.053854,3.236242
"128","7am",51.54655,9.4750242,7.097787,26.338937,5.541705
"129","7am",52.00762,6.4868571,4.285642,32.368742,4.851137
"130","7am",49.84329,2.5991843,6.041916,34.656416,6.859197
"131","7am",40.83398,2.6855094,10.464587,43.08384,2.932088
"132","7am",57.41568,3.6697294,10.834738,24.123024,3.956833
"201","7am",50.35142,1.4524479,2.72813,39.352659,6.115347
"202","7am",55.44301,6.6554639,4.975232,30.814515,2.111783
"203","7am",53.31932,12.5328704,4.033417,28.604114,1.510279
"204","7am",44.56962,3.9663902,5.154842,39.806762,6.502382
"205","7am",52.30649,3.184652,1.742334,40.304417,2.462105
"206","7am",43.23125,5.8775887,0,43.783625,7.107539
"207","7am",53.73224,2.2611744,5.850918,35.188806,2.966865
"208","7am",42.32787,0.4751201,9.437231,40.888146,6.871633
"209","7am",47.2146,5.1507191,3.364836,39.306748,4.963094
"210","7am",42.98023,10.9831515,12.336163,30.839799,2.860661
"211","7am",52.9471,8.675959,0,36.141852,2.235093
"212","7am",52.59855,5.7318321,2.71987,34.055601,4.894148
"213","7am",52.82208,3.6143392,2.608544,36.122304,4.832729
"214","7am",54.92539,5.4755648,0,34.320825,5.278216
"215","7am",59.6578,2.5757061,1.232634,33.377173,3.156688
"216","7am",47.32348,7.1079849,4.312013,39.245082,2.011436
"217","7am",54.58476,1.4990226,2.894491,35.2259,5.795831
"218","7am",40.5435,8.4188622,2.058596,47.224459,1.754584
"219","7am",38.76575,3.5327856,5.542419,48.77288,3.386166
"220","7am",48.69367,4.184439,6.017013,35.330858,5.774017
"221","7am",40.74746,24.5703473,1.847927,30.618134,2.216137
"222","7am",50.54598,3.3993451,2.456029,41.144823,2.453824
"223","7am",45.35008,4.7157491,4.708663,42.849842,2.375666
"224","7am",46.04696,3.4745178,4.718678,34.649506,11.110341
"101","8am",65.31913,14.2947056,9.213839,8.95186,2.22046
"102","8am",51.14541,23.7832952,2.247806,20.464635,2.358854
"103","8am",42.3995,33.1628555,2.83539,17.756769,3.845482
"104","8am",30.34933,57.9369657,2.189701,6.463722,3.060278
"105","8am",70.24792,9.8612987,4.174631,14.037726,1.678426
"106","8am",66.57173,7.7330123,6.119287,16.051119,3.524855
"107","8am",39.26462,7.6301073,9.854821,28.781221,14.469229
"108","8am",36.51511,11.9596997,9.34633,33.614448,8.564408
"109","8am",44.37051,14.4530332,6.769444,32.190969,2.216041
"110","8am",45.54189,5.007352,11.388495,34.239489,3.822778
"111","8am",46.8075,6.3499452,3.264275,35.324516,8.253761
"112","8am",42.5489,38.8666816,2.730785,13.496488,2.357149
"113","8am",46.57994,12.5354552,4.298382,26.457825,10.1284
"114","8am",55.99056,7.4370697,5.305466,23.455507,7.811394
"115","8am",46.81025,9.0136864,2.940541,33.314556,7.920968
"116","8am",49.33287,3.3595344,7.19227,32.086166,8.02916
"117","8am",63.0251,4.4132287,1.957509,27.684638,2.919525
"118","8am",45.5283,5.4012797,5.534017,40.177754,3.358646
"119","8am",43.22657,9.3142982,4.684231,37.154936,5.619962
"120","8am",38.68719,0,12.06963,39.728732,9.514449
"121","8am",46.95762,7.236532,2.151026,37.871163,5.783664
"122","8am",45.01644,1.9932398,6.295953,38.97481,7.719554
"123","8am",52.68391,1.3172649,1.047572,38.423848,6.527405
"124","8am",42.09914,7.3162184,5.847375,38.611808,6.125456
"125","8am",51.02339,2.3465239,4.02594,37.260315,5.34383
"126","8am",52.71011,0,10.121223,32.407941,4.760729
"127","8am",55.78414,2.8379416,8.00772,29.77938,3.590818
"128","8am",51.83587,12.4115507,5.837638,24.770635,5.144306
"129","8am",46.84917,2.4829974,11.088459,34.810791,4.768587
"130","8am",43.58415,2.7946505,6.496286,40.873209,6.251705
"131","8am",41.17154,2.9292956,11.414546,41.286358,3.198258
"132","8am",60.95588,2.9325418,9.631327,22.362225,4.118022
"201","8am",39.87502,10.9963696,3.451736,39.533433,6.143439
"202","8am",53.7724,1.6341897,5.853657,36.255112,2.484638
"203","8am",56.70603,13.0164866,3.921239,24.970551,1.385697
"204","8am",35.38553,7.1026995,4.533627,45.539353,7.438794
"205","8am",47.47548,3.3208922,1.816871,44.819318,2.567434
"206","8am",45.93132,5.6417734,0,41.604534,6.822377
"207","8am",54.15337,0.6960011,10.137957,31.586347,3.426323
"208","8am",42.83199,0.5412001,1.818333,46.981131,7.827344
"209","8am",43.24229,4.5835886,5.406758,41.415059,5.352302
"210","8am",47.45152,6.7883175,12.008455,30.967036,2.784667
"211","8am",40.02803,9.9747598,0,47.09127,2.905937
"212","8am",54.48431,3.7906203,2.931796,33.517786,5.275488
"213","8am",54.14388,3.6773466,2.654017,34.607785,4.916976
"214","8am",56.59995,4.3291483,0,33.785909,5.284991
"215","8am",57.66154,2.7031602,1.293629,35.028782,3.312891
"216","8am",48.83619,6.5835577,4.369977,38.736674,1.473599
"217","8am",52.9276,0,2.087472,38.672184,6.312742
"218","8am",36.01236,9.4203929,2.303493,49.996536,2.267215
"219","8am",36.61023,3.7454568,5.876069,49.593525,4.174723
"220","8am",49.96955,7.417118,5.294997,32.35048,4.967855
"221","8am",44.47224,23.4569685,1.71731,28.515708,1.837777
"222","8am",49.36781,2.7356606,2.596463,42.705934,2.594132
"223","8am",47.03289,3.6417631,4.605133,41.747025,2.973187
"224","8am",48.68726,3.7778316,5.130603,36.092379,6.311925
"101","9am",67.49292,9.1560995,9.647863,11.555967,2.147155
"102","9am",51.04647,24.0059963,1.524857,21.04353,2.379151
"103","9am",41.55259,36.542528,2.830428,15.956855,3.117595
"104","9am",30.02958,58.2358814,1.899819,7.423031,2.411691
"105","9am",69.64555,8.1653343,4.477588,15.856956,1.85457
"106","9am",67.02271,7.1658809,6.033259,15.974369,3.80378
"107","9am",40.06085,7.2844715,9.617088,27.811418,15.226168
"108","9am",33.49181,12.8122413,9.232718,35.356221,9.107015
"109","9am",43.99516,14.9810159,7.190393,30.77549,3.057938
"110","9am",46.24214,4.6909969,12.816655,31.718065,4.532146
"111","9am",46.45806,1.9632041,3.83113,38.677078,9.07053
"112","9am",42.70313,38.1200556,1.940636,14.317629,2.918546
"113","9am",46.81522,12.4931853,4.465531,26.197851,10.028214
"114","9am",57.28848,8.5791177,4.965364,22.038192,7.128844
"115","9am",52.53686,7.0360422,2.836391,31.113634,6.477078
"116","9am",52.22536,3.1067024,8.39617,29.241435,7.030334
"117","9am",65.12439,3.8202045,2.318506,27.10907,1.627832
"118","9am",43.69032,5.0093233,6.203205,42.587293,2.509855
"119","9am",44.55034,8.5856762,3.374517,38.309135,5.180334
"120","9am",40.80382,0,10.380086,36.635666,12.180429
"121","9am",50.52781,6.0264004,2.161381,37.089458,4.194948
"122","9am",47.58656,0,5.649259,39.514638,7.24954
"123","9am",52.65187,1.4239679,0,38.868013,7.056147
"124","9am",41.55008,7.4222217,7.111305,37.702184,6.214206
"125","9am",51.58426,2.4180027,4.148577,37.11236,4.736797
"126","9am",53.33691,0,9.51966,32.060392,5.083036
"127","9am",55.29743,3.1142125,8.787264,30.08577,2.715324
"128","9am",51.64952,12.159088,6.030633,24.689122,5.47164
"129","9am",48.12572,2.3780922,8.556061,35.723637,5.216493
"130","9am",39.60149,3.0394659,7.06537,39.42375,10.869926
"131","9am",41.86818,2.8733632,11.196595,40.924677,3.13719
"132","9am",61.84076,2.9518966,9.800724,22.103421,3.303195
"201","9am",39.61075,11.0638985,3.210879,39.933311,6.181166
"202","9am",54.1429,0,6.389551,36.755446,2.712103
"203","9am",56.17068,13.3189014,4.845466,24.287518,1.377432
"204","9am",36.59951,7.2405059,3.852646,45.822798,6.484538
"205","9am",44.1992,5.231646,1.830166,46.15277,2.586221
"206","9am",48.35556,4.1513651,0,40.998999,6.494073
"207","9am",53.65221,2.1214461,8.891644,31.948027,3.386677
"208","9am",42.81364,0.5374384,1.209694,47.294734,8.14449
"209","9am",42.45966,3.605522,5.548566,42.893567,5.492683
"210","9am",48.89518,7.3384825,11.767572,29.269955,2.728809
"211","9am",41.09022,9.4180007,0,46.748044,2.743737
"212","9am",49.43438,3.6035635,2.78712,39.15978,5.015157
"213","9am",51.29401,4.531796,2.677538,36.536098,4.960553
"214","9am",58.79063,4.5158396,0,31.180626,5.512903
"215","9am",57.05124,2.7723561,1.326744,35.451963,3.397695
"216","9am",48.46959,6.4791161,4.300651,39.300418,1.450222
"217","9am",56.12296,0,1.577961,35.421616,6.877464
"218","9am",36.85942,8.1297907,2.781865,49.486161,2.742767
"219","9am",36.73819,3.8129396,5.079619,50.545297,3.823951
"220","9am",50.48651,6.521773,5.670323,32.354726,4.966666
"221","9am",44.81546,24.6075951,1.288416,27.836147,1.452382
"222","9am",47.48765,2.9126513,2.764448,44.073282,2.761966
"223","9am",48.13415,2.6184752,4.807705,42.553667,1.886
"224","9am",44.06955,3.8966089,5.291912,40.231553,6.510376
"101","10am",64.28474,11.5039971,8.1636398,14.23449,1.813139
"102","10am",51.91347,19.477945,3.7542301,21.77642,3.077932
"103","10am",40.30215,31.7798316,3.4940024,19.88783,4.536189
"104","10am",28.94897,62.2119427,0.8499016,5.9229,2.066287
"105","10am",72.37381,7.5293118,3.8479199,13.05103,3.197923
"106","10am",67.5283,6.8209517,5.8427298,16.63953,3.168482
"107","10am",38.89121,6.3148878,11.3288644,28.41621,15.04883
"108","10am",36.43545,11.5101877,10.3381544,32.22444,9.491773
"109","10am",46.06788,15.8509409,5.5532479,30.37935,2.148586
"110","10am",47.25582,5.1505623,9.6788117,33.98269,3.93211
"111","10am",49.5774,1.8689277,4.369389,35.54933,8.634948
"112","10am",37.07776,41.8038617,3.8484808,14.39616,2.873739
"113","10am",44.41931,12.6463125,4.8675423,27.81386,10.252966
"114","10am",54.28835,7.2901251,5.5376012,25.46269,7.421241
"115","10am",50.52248,7.2587838,2.9261834,31.41026,7.882292
"116","10am",50.04184,3.2652875,8.8247616,30.38273,7.485385
"117","10am",62.62397,3.6468687,1.8854163,30.28977,1.553972
"118","10am",46.5818,5.1997824,5.1879312,40.42521,2.605282
"119","10am",44.42132,9.9481983,2.8170627,36.81098,6.002438
"120","10am",38.63668,2.381873,9.5896003,38.55048,10.841367
"121","10am",54.49501,6.2153563,3.0640511,31.89911,4.326479
"122","10am",47.05294,2.1268292,6.2957005,37.38991,7.134617
"123","10am",55.69623,1.3391758,0,36.32861,6.635979
"124","10am",43.82221,7.4331091,7.1217363,34.81505,6.807897
"125","10am",50.14698,2.4446593,4.1943116,37.64673,5.567317
"126","10am",57.39571,0,9.494085,28.04083,5.06938
"127","10am",55.97378,2.9852839,8.4234709,28.84022,3.777249
"128","10am",53.38121,12.5117776,6.8027952,23.49873,3.805487
"129","10am",47.47921,2.3582355,5.4243769,37.59886,7.139314
"130","10am",41.07358,2.9379632,8.1083245,41.99534,5.884791
"131","10am",42.27098,3.0942708,12.0574023,40.50247,2.074885
"132","10am",64.54136,3.0068162,9.1937421,19.03575,4.222322
"201","10am",39.21601,10.9345035,3.1733265,40.56728,6.108876
"202","10am",54.82397,0,6.6069702,35.76467,2.804389
"203","10am",55.44901,14.1582271,4.4420767,24.23505,1.715635
"204","10am",39.73929,4.5060466,3.8948149,45.30433,6.555513
"205","10am",42.42171,5.5638246,0.4884423,48.7756,2.750431
"206","10am",47.35502,4.1466001,0.7565646,41.95046,5.791349
"207","10am",57.34603,2.2527581,4.3069117,33.13848,2.955822
"208","10am",41.20031,0.4863868,9.6610198,41.76411,6.888173
"209","10am",43.04222,3.8191154,5.8772667,44.47528,2.786115
"210","10am",47.44521,7.3702444,10.5654697,30.08196,4.53711
"211","10am",41.80854,9.5195156,0,46.53018,2.141762
"212","10am",51.89381,3.9506519,0.6751866,39.08996,4.390392
"213","10am",52.58805,4.2511839,2.5117432,35.99564,4.653391
"214","10am",57.15567,5.1597231,0,33.07973,4.604881
"215","10am",56.35591,2.7601234,1.3208896,36.88518,2.677903
"216","10am",49.60011,6.4594022,4.2875658,38.23464,1.418282
"217","10am",54.88817,0,2.6990172,35.43843,6.974382
"218","10am",36.37075,8.1786124,3.0834593,50.45978,1.9074
"219","10am",39.12488,3.8582866,5.553021,48.95814,2.505676
"220","10am",48.39499,6.43627,4.9379441,34.70686,5.523934
"221","10am",43.48683,25.6191324,2.1273748,27.25458,1.512085
"222","10am",50.46419,2.9599029,2.8092951,40.95984,2.806773
"223","10am",49.30419,2.5044359,4.5983205,40.62427,2.968789
"224","10am",47.85533,3.6040062,4.8945342,37.17573,6.470397
"101","11am",68.15644,14.0861492,7.3535205,8.769337,1.634554
"102","11am",54.96846,18.2204339,3.188042,20.138138,3.484922
"103","11am",42.71409,30.9187271,3.1242124,19.370865,3.87211
"104","11am",27.37268,61.3040405,1.526357,7.485546,2.311375
"105","11am",74.86272,6.5207308,4.482901,11.81373,2.31992
"106","11am",67.87073,7.6954252,6.0949464,15.688673,2.650225
"107","11am",39.14352,6.2281489,11.8101776,28.201002,14.617154
"108","11am",37.27793,9.7074962,9.1003924,37.829499,6.084678
"109","11am",42.18298,15.4963909,7.1529472,32.346045,2.821636
"110","11am",42.65198,5.166035,9.7078876,36.223056,6.25104
"111","11am",45.64532,5.6915305,2.9163486,38.064784,7.682013
"112","11am",40.42307,40.259865,2.0404834,14.957318,2.319267
"113","11am",44.94643,12.3757519,4.6640369,27.121982,10.891799
"114","11am",53.05929,9.4583483,5.4934782,23.28902,8.699864
"115","11am",44.65353,7.5335852,5.9363924,33.69579,8.180698
"116","11am",46.91896,5.8072862,6.3251613,32.678664,8.269931
"117","11am",63.6304,3.8190189,1.2848601,29.958649,1.307071
"118","11am",43.63067,4.4401459,5.4983743,43.093798,3.337014
"119","11am",45.04556,6.9470366,2.9966733,39.788259,5.222474
"120","11am",39.04384,0,12.2887411,36.860528,11.806894
"121","11am",46.25198,6.293894,3.1027687,38.281893,6.069462
"122","11am",47.04739,2.0187036,5.9756342,38.186369,6.771901
"123","11am",55.69623,1.3391758,0,36.328613,6.635979
"124","11am",45.15641,6.9679484,6.6760612,35.365709,5.833869
"125","11am",51.37766,2.4591822,5.6089578,34.953807,5.600391
"126","11am",56.01047,0,9.1038284,30.024698,4.861002
"127","11am",54.11027,2.8730159,8.1066882,31.274832,3.635197
"128","11am",52.87203,12.4584222,6.613682,23.072249,4.983619
"129","11am",50.68559,0.8049199,8.8462447,34.508759,5.154482
"130","11am",38.76006,5.239704,6.8377956,41.399708,7.762733
"131","11am",39.92176,1.3390154,10.9424834,45.913717,1.883026
"132","11am",62.50632,2.9564291,10.5918681,19.793814,4.151566
"201","11am",41.45978,10.5109691,3.0504117,39.106579,5.872256
"202","11am",57.21461,1.6022414,5.7392182,33.007864,2.436063
"203","11am",56.0698,14.5028057,4.2629517,23.756005,1.408442
"204","11am",38.25968,4.2275981,5.7018603,45.660439,6.150419
"205","11am",43.71512,5.181487,1.3577422,45.710276,4.035373
"206","11am",46.38079,4.2759988,0,42.22009,7.123118
"207","11am",55.71824,2.2629925,4.3264782,34.079652,3.612642
"208","11am",41.68442,0.4728569,9.3922768,41.611542,6.8389
"209","11am",45.04997,3.8638039,3.9906429,44.276866,2.818716
"210","11am",47.66462,7.4607922,11.6271133,28.65462,4.592851
"211","11am",41.76421,9.5418564,0,45.914118,2.77982
"212","11am",53.41937,3.8728552,0.6618908,36.65595,5.389936
"213","11am",52.38776,4.3084048,2.5455512,36.042263,4.716026
"214","11am",54.42773,4.7654717,0,36.553775,4.253025
"215","11am",57.15609,2.7993136,1.3396445,35.274222,3.430733
"216","11am",48.39658,6.581111,4.3683526,38.616242,2.037717
"217","11am",52.67018,0,3.2539828,37.560169,6.515664
"218","11am",32.8797,8.7045241,3.5959667,52.789759,2.030052
"219","11am",37.03658,3.5526946,5.5736532,49.877199,3.959869
"220","11am",51.47968,6.564919,5.0366444,31.833793,5.084959
"221","11am",43.82401,25.6623233,1.7482918,26.857085,1.90829
"222","11am",48.79381,2.8986217,2.751132,43.62448,1.931959
"223","11am",46.96814,2.6429326,4.8526102,43.012823,2.523494
"224","11am",44.83052,3.17387,7.3578074,34.488835,10.148971
"101","12am",61.85655,18.9104066,6.981089,10.806601,1.445355
"102","12am",51.07236,20.6099423,2.575323,22.991783,2.750593
"103","12am",40.15114,35.0169165,2.766235,18.460478,3.605233
"104","12am",30.01709,55.8813233,3.039582,8.142276,2.919729
"105","12am",72.31113,7.9098474,4.344215,13.589951,1.844853
"106","12am",66.88306,8.7639455,6.080133,15.080249,3.192617
"107","12am",37.25636,6.7036266,12.740995,29.136697,14.16232
"108","12am",42.07436,6.6342332,8.151072,35.070485,8.069849
"109","12am",44.48925,16.0930538,6.445008,29.874829,3.097859
"110","12am",47.28626,4.8030255,9.025729,33.073194,5.811789
"111","12am",49.91939,4.5562911,3.395721,35.420951,6.707648
"112","12am",43.90711,36.1589162,2.130374,15.578575,2.225025
"113","12am",47.17507,11.4473138,4.501646,26.3634,10.512572
"114","12am",53.48285,8.8111209,6.082632,23.082686,8.540709
"115","12am",48.74669,5.7753452,5.563739,32.247069,7.667159
"116","12am",49.08953,8.7100843,7.387406,26.763912,8.049067
"117","12am",63.67172,4.226656,1.220003,29.640522,1.241093
"118","12am",48.89191,4.0257244,4.985183,39.071634,3.025553
"119","12am",43.84686,10.430414,2.719729,38.263168,4.739827
"120","12am",39.5746,1.5180644,12.996391,35.076059,10.834888
"121","12am",51.00945,9.7939713,1.908067,32.158116,5.130398
"122","12am",48.0101,1.9416069,7.2358,37.715965,5.096524
"123","12am",55.61693,1.6584922,1.909209,34.511346,6.304027
"124","12am",48.62124,4.5659305,5.883369,34.812694,6.116767
"125","12am",51.55953,2.2631345,5.693647,34.798743,5.68495
"126","12am",47.36057,0,8.06594,34.510931,10.062556
"127","12am",54.89185,5.3084308,7.621336,28.760832,3.417556
"128","12am",51.76906,11.3891661,5.614103,25.291638,5.936029
"129","12am",52.15901,0,8.352289,34.622039,4.866666
"130","12am",48.66543,4.8420079,5.906619,33.88035,6.705598
"131","12am",41.28161,1.2693238,10.372961,45.291082,1.78502
"132","12am",62.552,3.4883763,10.946615,19.015322,3.99769
"201","12am",41.16671,12.0701609,3.053815,37.830508,5.878807
"202","12am",53.89339,5.9714239,5.197012,32.732255,2.205919
"203","12am",55.0327,13.851117,4.052699,25.607391,1.456097
"204","12am",40.88374,2.4548603,5.643735,43.89859,7.119077
"205","12am",43.82951,7.2158207,1.721086,43.401992,3.831594
"206","12am",39.84558,4.7371363,0,47.525983,7.891298
"207","12am",55.14966,2.2959206,4.389431,35.152534,3.012455
"208","12am",43.60328,0.4646129,9.228528,39.983911,6.719668
"209","12am",45.40955,4.6894243,4.24066,40.184474,5.475888
"210","12am",44.80192,9.0871249,11.907075,31.362793,2.84109
"211","12am",45.16503,10.1211743,0,42.109644,2.604155
"212","12am",52.33581,4.3199181,2.836888,36.749632,3.757754
"213","12am",51.16561,5.4215384,2.756253,35.550218,5.106383
"214","12am",52.64656,4.9014873,0,38.077538,4.374415
"215","12am",57.13875,2.7365381,1.309603,35.461307,3.353798
"216","12am",51.43842,6.7032527,4.061363,35.90245,1.894515
"217","12am",49.83225,0,3.444417,39.826346,6.896984
"218","12am",37.07883,4.2106728,2.391761,53.964646,2.354093
"219","12am",38.94634,5.4135452,5.085246,46.941997,3.612874
"220","12am",48.21937,10.2510471,5.152298,31.175564,5.201721
"221","12am",43.75744,22.749248,1.944093,29.864957,1.684266
"222","12am",51.7481,4.3071424,2.428777,39.810389,1.705588
"223","12am",49.77221,4.5050955,4.344484,38.573305,2.804906
"224","12am",46.18615,0,7.697386,36.080568,10.035899
"101","1pm",64.24859,16.2306554,7.10926,10.737528,1.673969
"102","1pm",53.43835,17.3664538,3.181243,22.122522,3.891429
"103","1pm",43.58733,31.0073134,2.954335,19.405097,3.045925
"104","1pm",28.83741,57.3616703,2.528863,8.482819,2.789239
"105","1pm",72.67436,7.7139072,4.357593,13.445994,1.808142
"106","1pm",66.10904,9.0135625,7.64701,14.274912,2.955473
"107","1pm",36.31036,6.6058786,9.923976,30.839934,16.319852
"108","1pm",41.30748,9.0948322,6.737596,34.21896,8.641133
"109","1pm",43.12076,17.1800443,6.15226,30.659829,2.887107
"110","1pm",43.57015,3.5339724,14.450505,32.705724,5.739649
"111","1pm",51.93067,5.2369438,1.462166,33.660536,7.709686
"112","1pm",41.47795,39.4716397,2.523886,14.735776,1.790748
"113","1pm",49.64241,12.0284623,4.156878,24.464806,9.707444
"114","1pm",53.22605,9.3842403,5.982486,22.527333,8.879887
"115","1pm",49.40564,7.8125968,3.035449,31.569689,8.176623
"116","1pm",42.75788,8.7412926,9.272716,31.315585,7.912529
"117","1pm",65.13905,4.7610339,1.203314,27.672486,1.224115
"118","1pm",49.43135,4.1551867,5.1455,38.145108,3.122851
"119","1pm",42.99113,13.3504073,1.89191,37.157729,4.608827
"120","1pm",45.15967,1.397458,8.609555,34.859234,9.974083
"121","1pm",47.16715,10.4538912,2.036633,34.866236,5.476085
"122","1pm",48.15871,3.1407762,7.210393,36.411496,5.078629
"123","1pm",54.59687,1.7660085,2.032978,34.89144,6.712703
"124","1pm",44.24997,5.2493959,6.76404,38.626415,5.110181
"125","1pm",52.22021,3.0529195,4.428092,34.421152,5.877626
"126","1pm",46.82019,0.933622,8.092208,34.058656,10.095325
"127","1pm",55.40432,2.8051272,7.915129,30.326121,3.549298
"128","1pm",53.04924,11.2511109,4.592445,25.133406,5.973801
"129","1pm",51.71913,2.6320724,6.054252,32.965906,6.628639
"130","1pm",46.49314,5.1653236,5.392371,35.795815,7.153351
"131","1pm",37.30191,1.455969,10.715765,50.526361,0
"132","1pm",57.29443,3.1839887,12.242968,22.037355,5.24126
"201","1pm",39.33886,12.1083196,2.630898,40.024529,5.897392
"202","1pm",59.96303,1.5024252,3.971979,32.278267,2.284302
"203","1pm",53.10249,14.5253171,4.51696,26.396463,1.458773
"204","1pm",39.96381,3.6121127,5.519198,43.942889,6.961986
"205","1pm",43.49743,7.4654223,1.780619,43.292401,3.964132
"206","1pm",43.03532,4.5427921,0,44.854337,7.567552
"207","1pm",51.82179,6.4407419,5.736159,32.462373,3.538938
"208","1pm",41.04007,0.5034326,9.999598,41.175786,7.281115
"209","1pm",43.22135,3.8063253,4.490567,42.683166,5.798588
"210","1pm",46.13606,7.2969374,11.678024,32.102538,2.786437
"211","1pm",45.24014,10.0363037,0,42.141242,2.582318
"212","1pm",52.11304,3.6843639,2.849614,37.578371,3.774611
"213","1pm",52.23547,5.1151503,2.600488,35.231082,4.817805
"214","1pm",52.07315,4.8931047,0,38.666813,4.366933
"215","1pm",53.30664,2.8263062,2.171994,35.659153,6.035903
"216","1pm",50.46227,6.9017825,4.181648,36.503678,1.950625
"217","1pm",50.07346,1.3365597,2.905662,38.175958,7.508361
"218","1pm",37.42918,9.9605017,3.005043,47.99278,1.612493
"219","1pm",38.91637,5.5597101,3.742129,48.071374,3.710421
"220","1pm",52.07244,6.650432,5.559414,30.693133,5.02458
"221","1pm",42.50424,25.6850748,1.853288,28.351803,1.605598
"222","1pm",51.98961,1.6648731,2.662214,41.813791,1.869517
"223","1pm",48.33871,3.845978,4.496001,40.416578,2.902729
"224","1pm",45.77867,3.257464,7.551599,33.566445,9.845821
"101","2pm",61.76026,10.8196821,7.402358,16.625613,3.3920898
"102","2pm",52.46214,17.3986021,3.475398,23.630055,3.0338062
"103","2pm",41.29097,30.5039653,3.454032,21.126574,3.6244618
"104","2pm",27.30242,59.7013615,1.725287,8.062497,3.208437
"105","2pm",72.03295,9.2388466,3.199325,13.80699,1.7218852
"106","2pm",65.42593,8.2764728,7.727724,14.790481,3.7793897
"107","2pm",41.10051,6.9336025,9.514246,27.423086,15.0285556
"108","2pm",42.51362,6.6890955,5.944161,36.870818,7.9823081
"109","2pm",44.98158,14.9601004,5.700797,31.459037,2.8984842
"110","2pm",46.50716,5.0893237,11.951438,32.161504,4.2905764
"111","2pm",52.55965,5.543447,3.095484,30.305372,8.4960448
"112","2pm",39.58105,40.3386606,4.241452,13.886149,1.9526863
"113","2pm",43.14748,15.2493585,5.614959,29.250649,6.7375522
"114","2pm",61.91591,7.0819288,5.096872,18.323268,7.5820165
"115","2pm",46.36551,8.3674359,3.251022,35.760242,6.2557911
"116","2pm",42.3083,13.3166328,9.894872,27.158737,7.3214545
"117","2pm",64.07672,4.7876616,1.440604,28.464051,1.2309616
"118","2pm",47.43979,3.2643758,8.045702,37.98387,3.266263
"119","2pm",45.41062,13.5710134,1.923172,35.307726,3.7874692
"120","2pm",47.00891,0,10.50243,32.48784,10.0008239
"121","2pm",50.53715,9.7727539,2.084,32.91171,4.6943838
"122","2pm",46.39168,4.5877648,7.686896,35.955845,5.3778123
"123","2pm",56.66964,2.5318752,1.939701,32.45407,6.4047107
"124","2pm",43.60293,5.1732589,8.53321,36.744633,5.9459652
"125","2pm",51.89328,3.0781301,4.464659,34.637764,5.9261625
"126","2pm",50.56748,0,7.633269,32.275007,9.5242398
"127","2pm",55.79821,2.9833206,6.772706,30.670996,3.7747647
"128","2pm",53.14543,10.6596547,5.941494,24.536109,5.7173112
"129","2pm",54.62822,2.4488549,3.916642,32.839057,6.1672223
"130","2pm",47.00323,5.4992309,3.127602,38.589477,5.7804609
"131","2pm",44.28921,1.3722642,8.619635,45.718891,0
"132","2pm",57.49875,3.3221774,12.147672,21.771345,5.2600567
"201","2pm",36.66132,11.8530468,2.575432,43.137137,5.7730607
"202","2pm",59.64617,1.4520698,3.389725,33.304295,2.2077412
"203","2pm",53.50931,14.1355962,4.542316,26.799629,1.0131477
"204","2pm",40.84984,3.5790223,5.468637,43.204291,6.8982071
"205","2pm",43.57202,7.8396726,1.869884,42.555564,4.1628585
"206","2pm",44.26341,4.586816,0,43.508888,7.6408884
"207","2pm",52.88295,7.0132705,4.905724,31.093873,4.1041831
"208","2pm",41.17522,0.5065258,10.061037,41.937842,6.3193721
"209","2pm",42.76964,4.1373599,5.865959,41.0387,6.1883425
"210","2pm",46.82699,7.3636804,12.125994,30.543626,3.1397086
"211","2pm",44.9946,8.9341383,5.646628,38.125901,2.2987332
"212","2pm",53.2298,5.3240546,2.835625,35.481024,3.1294959
"213","2pm",54.11276,5.0472012,2.565944,33.520291,4.753806
"214","2pm",52.93689,5.5075408,0,35.096392,6.4591775
"215","2pm",53.4544,2.9546283,2.270608,36.066492,5.2538762
"216","2pm",52.61233,6.6784142,4.608065,34.213697,1.8874949
"217","2pm",52.49202,1.2620974,3.540839,36.332758,6.3722834
"218","2pm",35.79337,10.1164093,2.967509,49.782753,1.3399559
"219","2pm",39.9116,6.0127274,2.915189,45.800964,5.3595176
"220","2pm",48.91208,6.1420521,5.487056,34.402957,5.0558498
"221","2pm",40.66059,27.6241455,1.531863,29.42452,0.7588794
"222","2pm",51.21542,1.7758592,2.839686,42.174889,1.9941448
"223","2pm",47.87481,4.1989688,4.908653,39.848418,3.1691473
"224","2pm",46.90758,3.3693964,7.811086,32.502665,9.4092717
"101","3pm",59.75774,11.9057672,7.003845,17.593888,3.7387574
"102","3pm",52.32735,16.9275008,2.274681,25.516808,2.9536654
"103","3pm",41.399,33.2300047,4.15804,17.217615,3.9953433
"104","3pm",28.70577,58.6807426,2.382969,7.346151,2.8843635
"105","3pm",68.74114,9.34089,3.4118,16.474172,2.0319937
"106","3pm",66.37899,9.7348611,5.146163,14.98761,3.7523785
"107","3pm",39.46145,6.4410915,9.988718,30.147702,13.96104
"108","3pm",43.1104,7.6993527,8.854143,34.935792,5.4003159
"109","3pm",47.97968,14.0311258,5.387498,29.660253,2.9414447
"110","3pm",46.72607,8.962697,10.5203,31.639734,2.1511955
"111","3pm",52.99582,6.0143047,3.063411,30.330647,7.5958177
"112","3pm",40.97311,39.1388852,3.644692,14.264461,1.9788526
"113","3pm",49.45495,12.1860711,5.405129,25.691349,7.2624979
"114","3pm",55.95454,6.3157471,6.255067,21.438596,10.0360519
"115","3pm",47.29886,7.113668,3.137393,37.123375,5.3267094
"116","3pm",47.70792,11.7681704,7.781256,24.066883,8.6757719
"117","3pm",64.43648,4.5162655,2.129778,26.635856,2.2816213
"118","3pm",50.45009,2.4229619,4.813301,38.687926,3.6257239
"119","3pm",45.59949,13.8136306,2.902073,34.743183,2.9416193
"120","3pm",49.94028,0,9.13416,32.967472,7.9580898
"121","3pm",53.3202,9.4751684,2.020541,30.632654,4.5514373
"122","3pm",49.54628,6.3019896,7.655154,31.414037,5.0825404
"123","3pm",53.3637,4.6520537,1.884736,33.876292,6.2232202
"124","3pm",44.98076,5.3213314,8.777453,34.804303,6.1161547
"125","3pm",51.25725,3.1188268,4.523687,35.095718,6.0045137
"126","3pm",46.70294,1.5602206,7.441588,33.881887,10.4133656
"127","3pm",57.54297,2.864315,6.502541,29.465989,3.6241882
"128","3pm",50.37805,10.9708091,7.626313,24.877323,6.1475018
"129","3pm",53.81927,2.1421391,6.562286,33.141687,4.3346133
"130","3pm",52.81275,4.8141638,2.73798,33.983555,5.6515511
"131","3pm",40.99351,1.2625012,8.955521,45.897676,2.8907928
"132","3pm",54.60015,3.6207994,12.079184,25.059924,4.6399389
"201","3pm",38.58298,11.6356046,2.528186,43.155184,4.0980414
"202","3pm",58.88559,1.5237589,3.105806,35.090964,1.3938761
"203","3pm",52.65136,13.7844522,4.349763,27.525694,1.688728
"204","3pm",40.37625,4.9683531,5.684903,41.799486,7.1710072
"205","3pm",45.76256,7.7394382,1.845977,40.542394,4.1096342
"206","3pm",42.60641,4.491102,0,45.421042,7.4814445
"207","3pm",52.44458,7.151579,5.002469,31.216251,4.1851216
"208","3pm",42.55998,0.5137589,10.204707,40.311938,6.4096118
"209","3pm",43.33375,2.7178402,4.996987,44.181038,4.7703824
"210","3pm",44.9343,5.9920173,13.268322,31.800158,4.0052044
"211","3pm",47.43345,9.534689,3.461177,37.117436,2.4532535
"212","3pm",48.82556,5.7053966,3.03873,37.241749,5.1885647
"213","3pm",52.94804,5.9323968,1.386858,34.719995,5.012712
"214","3pm",52.27895,5.2324713,0,36.352004,6.1365794
"215","3pm",58.80028,3.0026942,1.436975,34.15332,2.6067356
"216","3pm",53.47189,6.5120901,4.846355,33.329176,1.8404873
"217","3pm",51.2744,1.2609197,5.074536,36.740906,5.6492349
"218","3pm",36.28849,12.1522093,2.681724,47.107522,1.7700543
"219","3pm",45.44983,6.3267336,2.476052,40.107972,5.6394108
"220","3pm",47.83848,7.0756991,5.566406,34.43594,5.083476
"221","3pm",41.43002,26.3956628,1.508447,29.918588,0.7472795
"222","3pm",53.00974,0,2.821144,42.187988,1.9811242
"223","3pm",47.80699,4.0764182,4.765389,40.578913,2.7722847
"224","3pm",46.86056,0,8.318499,34.800436,10.0205049
"101","4pm",59.02701,15.552955,7.613325,15.66291,2.1438045
"102","4pm",51.66692,16.840401,2.294881,24.938686,4.259111
"103","4pm",38.57735,33.656956,3.646944,21.044005,3.0747444
"104","4pm",27.29325,57.646301,2.593771,8.458521,4.008161
"105","4pm",71.99554,8.993141,3.998624,12.952369,2.0603266
"106","4pm",64.98559,10.367879,4.803983,15.800478,4.0420658
"107","4pm",36.63395,7.971964,12.10989,29.085696,14.1985
"108","4pm",41.62983,7.291175,8.184083,36.782857,6.1120503
"109","4pm",46.85603,11.807699,7.08907,30.663403,3.5837982
"110","4pm",53.83531,7.621371,8.015504,27.515562,3.0122536
"111","4pm",51.80159,8.100475,4.586392,28.399384,7.1121642
"112","4pm",43.31008,34.404425,4.340054,15.948388,1.997059
