"district","hour","resarea1","resarea2","resarea3"
"101","4am",0.6969,0.7315402,98.5715598
"102","4am",1.6478369,0,98.3521631
"103","4am",1.0464099,0,98.9535901
"104","4am",1.2788398,0,98.7211602
"105","4am",5.2431562,1.3794511,93.3773927
"106","4am",3.9321612,0.5531789,95.5146599
"107","4am",0,0.4672325,99.5327675
"108","4am",0,0.2158243,99.7841757
"109","4am",0.294517,98.8499307,0.8555522
"110","4am",0.7212981,99.2787019,0
"111","4am",0.3949661,97.9494069,1.655627
"112","4am",1.1477902,98.8522098,0
"113","4am",1.3496743,98.6503257,0
"114","4am",1.3413129,98.0781836,0.5805035
"115","4am",100,0,0
"116","4am",0.5768434,98.0831116,1.340045
"117","4am",3.9491314,96.0508686,0
"118","4am",0,100,0
"119","4am",98.6207057,1.3792943,0
"120","4am",100,0,0
"121","4am",100,0,0
"122","4am",98.537812,0,1.462188
"123","4am",100,0,0
"124","4am",96.2901527,3.7098473,0
"125","4am",99.1086025,0.8913975,0
"126","4am",100,0,0
"127","4am",100,0,0
"128","4am",98.4940737,1.5059263,0
"129","4am",100,0,0
"130","4am",97.9256305,2.0743695,0
"131","4am",100,0,0
"132","4am",98.0966465,1.9033535,0
"201","4am",100,0,0
"202","4am",100,0,0
"203","4am",99.7144959,0.2855041,0
"204","4am",100,0,0
"205","4am",100,0,0
"206","4am",100,0,0
"207","4am",100,0,0
"208","4am",100,0,0
"209","4am",100,0,0
"210","4am",1.8279419,98.1720581,0
"211","4am",100,0,0
"212","4am",100,0,0
"213","4am",100,0,0
"214","4am",100,0,0
"215","4am",97.434514,0,2.565486
"216","4am",99.6630091,0.3369909,0
"217","4am",1.5325901,98.4674099,0
"218","4am",0,100,0
"219","4am",0.4216681,99.5783319,0
"220","4am",0,99.3730266,0.6269734
"221","4am",1.2558478,98.7441522,0
"222","4am",100,0,0
"223","4am",0.2523539,99.7476461,0
"224","4am",98.7934009,1.2065991,0
"101","5am",0.7089807,0.7442214,98.5467979
"102","5am",2.9668957,1.5809968,95.4521075
"103","5am",1.9455684,1.0022132,97.0522184
"104","5am",3.6538602,0,96.3461398
"105","5am",6.6566377,1.9518013,91.3915609
"106","5am",4.5317881,1.6122982,93.8559138
"107","5am",1.5126372,0.4692426,98.0181202
"108","5am",0,0.2158243,99.7841757
"109","5am",0.9682935,97.6799363,1.3517702
"110","5am",0.7182683,98.0216551,1.2600767
"111","5am",0.9759054,97.378124,1.6459707
"112","5am",8.278261,91.721739,0
"113","5am",2.0962472,97.1641745,0.7395784
"114","5am",1.7228088,97.6897415,0.5874497
"115","5am",100,0,0
"116","5am",1.2979762,96.0968639,2.6051599
"117","5am",3.9424368,96.0575632,0
"118","5am",0,100,0
"119","5am",98.6068311,1.3931689,0
"120","5am",100,0,0
"121","5am",100,0,0
"122","5am",98.49758,0,1.50242
"123","5am",100,0,0
"124","5am",96.2707051,3.7292949,0
"125","5am",99.1093144,0.8906856,0
"126","5am",100,0,0
"127","5am",100,0,0
"128","5am",98.527936,1.472064,0
"129","5am",100,0,0
"130","5am",97.9137217,2.0862783,0
"131","5am",100,0,0
"132","5am",97.4038412,2.5961588,0
"201","5am",100,0,0
"202","5am",100,0,0
"203","5am",99.7195407,0.2804593,0
"204","5am",99.5251309,0.4748691,0
"205","5am",100,0,0
"206","5am",100,0,0
"207","5am",100,0,0
"208","5am",100,0,0
"209","5am",100,0,0
"210","5am",2.0821632,97.9178368,0
"211","5am",100,0,0
"212","5am",100,0,0
"213","5am",100,0,0
"214","5am",100,0,0
"215","5am",97.4425215,0,2.5574785
"216","5am",99.6556964,0.3443036,0
"217","5am",1.5325901,98.4674099,0
"218","5am",0,100,0
"219","5am",0.4231735,99.5768265,0
"220","5am",0.3393287,99.0342718,0.6263995
"221","5am",1.2806106,98.7193894,0
"222","5am",99.3268231,0.6731769,0
"223","5am",1.8939961,98.1060039,0
"224","5am",98.7895015,1.2104985,0
"101","6am",1.2130537,4.9140079,93.8729384
"102","6am",3.145386,2.7031166,94.1514974
"103","6am",2.4215025,1.5869578,95.9915397
"104","6am",4.8423444,1.1097326,94.047923
"105","6am",11.87825,4.9179002,83.2038498
"106","6am",6.279322,1.8802827,91.8403952
"107","6am",2.3504325,0.4658885,97.183679
"108","6am",0.1674068,0.2266803,99.6059129
"109","6am",2.1364803,95.7579213,2.1055984
"110","6am",8.2214336,90.5385224,1.240044
"111","6am",0.8525102,96.9420405,2.2054493
"112","6am",4.4332368,94.5956785,0.9710847
"113","6am",3.0581295,95.5525435,1.389327
"114","6am",3.8117488,94.163608,2.0246432
"115","6am",100,0,0
"116","6am",4.7805088,93.8479603,1.3715309
"117","6am",5.7219673,94.2780327,0
"118","6am",0.8751472,99.1248528,0
"119","6am",98.5108192,1.4891808,0
"120","6am",100,0,0
"121","6am",99.24111,0.75889,0
"122","6am",98.3761176,0,1.6238824
"123","6am",100,0,0
"124","6am",96.0329477,3.9670523,0
"125","6am",97.0834197,2.140239,0.7763414
"126","6am",100,0,0
"127","6am",98.8770299,1.1229701,0
"128","6am",97.6881272,1.4590815,0.8527913
"129","6am",98.7599826,1.2400174,0
"130","6am",97.8641697,2.1358303,0
"131","6am",100,0,0
"132","6am",96.3151368,3.6848632,0
"201","6am",100,0,0
"202","6am",98.5104185,1.4895815,0
"203","6am",99.7187066,0.2812934,0
"204","6am",100,0,0
"205","6am",99.3262605,0.6737395,0
"206","6am",100,0,0
"207","6am",100,0,0
"208","6am",100,0,0
"209","6am",98.9467642,1.0532358,0
"210","6am",3.1344343,95.4723229,1.3932429
"211","6am",100,0,0
"212","6am",96.1894488,3.8105512,0
"213","6am",100,0,0
"214","6am",100,0,0
"215","6am",97.3116725,0,2.6883275
"216","6am",99.6369879,0.3630121,0
"217","6am",3.8508964,96.1491036,0
"218","6am",0.4819216,99.5180784,0
"219","6am",1.1902158,98.8097842,0
"220","6am",1.8547204,97.5100457,0.6352339
"221","6am",1.9662005,98.0337995,0
"222","6am",99.2970277,0.7029723,0
"223","6am",2.0030506,97.9969494,0
"224","6am",98.6860665,1.3139335,0
"101","7am",7.20628,8.3252754,84.4684441
"102","7am",8.547595,10.8371998,80.615205
"103","7am",6.947496,4.1799789,88.8725246
"104","7am",10.044258,16.7933499,73.1623926
"105","7am",26.830343,14.1791312,58.9905258
"106","7am",15.289187,8.9914004,75.7194123
"107","7am",4.992652,2.4738381,92.5335095
"108","7am",2.781461,3.3907327,93.8278065
"109","7am",7.653388,89.3818755,2.9647368
"110","7am",3.49912,94.1551784,2.3457017
"111","7am",4.474054,93.0078778,2.5180682
"112","7am",12.878124,69.2364861,17.8853902
"113","7am",12.005893,85.2872421,2.706865
"114","7am",13.636608,83.3206752,3.0427167
"115","7am",92.881315,4.2342033,2.8844813
"116","7am",9.525315,86.6200525,3.8546323
"117","7am",16.210899,78.924401,4.8646996
"118","7am",1.627698,97.2150593,1.1572427
"119","7am",98.05783,1.9421695,0
"120","7am",100,0,0
"121","7am",96.067364,3.9326357,0
"122","7am",97.873559,0,2.1264407
"123","7am",100,0,0
"124","7am",98.088604,1.9113958,0
"125","7am",96.489392,2.5761469,0.9344608
"126","7am",100,0,0
"127","7am",94.668509,3.9229098,1.4085812
"128","7am",92.673125,3.7468927,3.5799827
"129","7am",96.498107,1.5094915,1.9924018
"130","7am",96.852843,3.1471571,0
"131","7am",100,0,0
"132","7am",92.847682,5.6307781,1.5215399
"201","7am",100,0,0
"202","7am",96.67933,1.8349809,1.4856895
"203","7am",96.586233,2.32393,1.0898369
"204","7am",99.040878,0.9591219,0
"205","7am",96.870163,3.1298366,0
"206","7am",100,0,0
"207","7am",100,0,0
"208","7am",100,0,0
"209","7am",98.67551,1.3244902,0
"210","7am",10.691037,87.9912175,1.3177458
"211","7am",100,0,0
"212","7am",91.29631,8.7036896,0
"213","7am",95.286954,4.7130464,0
"214","7am",100,0,0
"215","7am",95.953444,1.1359032,2.9106523
"216","7am",96.004742,3.9952576,0
"217","7am",7.114439,92.885561,0
"218","7am",6.23323,93.7667701,0
"219","7am",3.036241,96.9637591,0
"220","7am",7.151467,90.7345985,2.1139342
"221","7am",10.300008,89.6999918,0
"222","7am",93.447671,6.5523288,0
"223","7am",6.212163,93.2163451,0.5714923
"224","7am",98.581982,1.4180181,0
"101","8am",15.26436,16.647795,68.0878454
"102","8am",12.94148,20.109108,66.949412
"103","8am",12.664585,8.846105,78.4893104
"104","8am",17.92441,19.687977,62.3876131
"105","8am",31.539409,16.654599,51.8059919
"106","8am",19.058326,14.331473,66.6102013
"107","8am",8.708263,7.36342,83.928317
"108","8am",11.500429,4.312134,84.1874375
"109","8am",10.465797,81.004977,8.5292254
"110","8am",4.984381,92.328598,2.6870211
"111","8am",7.466249,89.824258,2.709493
"112","8am",16.675124,55.508913,27.8159637
"113","8am",15.410545,80.260246,4.329209
"114","8am",17.992546,73.970336,8.037118
"115","8am",91.782523,5.126774,3.0907027
"116","8am",16.742718,78.85128,4.4060015
"117","8am",25.305038,68.308569,6.386393
"118","8am",3.60747,95.022954,1.3695754
"119","8am",95.663665,4.336335,0
"120","8am",97.396465,2.603535,0
"121","8am",88.979454,11.020546,0
"122","8am",95.472533,2.039969,2.4874983
"123","8am",98.890394,1.109606,0
"124","8am",94.403536,5.596464,0
"125","8am",90.151734,8.954111,0.8941545
"126","8am",100,0,0
"127","8am",88.403449,8.780003,2.8165483
"128","8am",87.300142,5.965501,6.7343566
"129","8am",85.78099,3.456209,10.7628008
"130","8am",96.617705,3.382295,0
"131","8am",97.445356,2.554644,0
"132","8am",91.832427,6.584956,1.5826166
"201","8am",94.417153,0,5.5828466
"202","8am",96.098901,2.155722,1.745377
"203","8am",91.702916,5.380204,2.9168797
"204","8am",98.904069,1.095931,0
"205","8am",96.739881,3.260119,0
"206","8am",100,0,0
"207","8am",99.050975,0,0.9490255
"208","8am",100,0,0
"209","8am",98.573291,1.426709,0
"210","8am",16.524527,80.022149,3.4533237
"211","8am",97.642347,2.357653,0
"212","8am",90.03592,9.96408,0
"213","8am",94.69342,5.30658,0
"214","8am",98.246374,1.753626,0
"215","8am",95.153274,1.792045,3.0546807
"216","8am",89.887935,6.445815,3.6662505
"217","8am",11.43213,88.56787,0
"218","8am",11.160273,88.839727,0
"219","8am",3.795727,96.204273,0
"220","8am",10.256234,86.142542,3.6012239
"221","8am",13.384491,86.615509,0
"222","8am",85.647844,14.352156,0
"223","8am",8.561914,90.879014,0.5590717
"224","8am",98.459233,1.540767,0
"101","9am",16.031081,19.068212,64.9007069
"102","9am",16.446747,19.618657,63.9345959
"103","9am",14.563909,13.00952,72.4265711
"104","9am",19.364205,23.041954,57.5938404
"105","9am",32.028886,16.393211,51.5779027
"106","9am",19.197495,15.070505,65.7320001
"107","9am",10.380119,10.090858,79.5290232
"108","9am",14.289926,5.535788,80.1742861
"109","9am",11.982844,77.731578,10.2855783
"110","9am",8.517678,81.287116,10.1952059
"111","9am",8.509251,86.757777,4.7329716
"112","9am",18.038438,50.590798,31.3707633
"113","9am",19.612347,75.092535,5.2951185
"114","9am",21.757508,66.530824,11.7116678
"115","9am",90.528694,4.948305,4.5230011
"116","9am",18.217067,75.060637,6.7222964
"117","9am",24.94092,66.717788,8.3412926
"118","9am",4.027029,94.444111,1.5288606
"119","9am",84.952491,15.047509,0
"120","9am",97.016251,2.983749,0
"121","9am",83.73455,10.696116,5.5693334
"122","9am",90.457962,6.845072,2.6969667
"123","9am",98.800512,1.199488,0
"124","9am",94.324316,5.675684,0
"125","9am",89.855245,9.223682,0.9210737
"126","9am",100,0,0
"127","9am",87.187732,8.814943,3.9973245
"128","9am",84.319816,6.412529,9.2676553
"129","9am",83.139807,6.552114,10.308079
"130","9am",100,0,0
"131","9am",94.988269,5.011731,0
"132","9am",91.779314,6.627777,1.5929081
"201","9am",94.383865,0,5.6161346
"202","9am",95.745659,2.350921,1.9034199
"203","9am",91.532999,5.571457,2.8955437
"204","9am",98.877568,1.122432,0
"205","9am",94.200008,5.799992,0
"206","9am",100,0,0
"207","9am",99.061748,0,0.9382522
"208","9am",100,0,0
"209","9am",98.015319,1.984681,0
"210","9am",16.919411,78.621367,4.4592221
"211","9am",96.140759,3.859241,0
"212","9am",86.455821,13.544179,0
"213","9am",94.647437,5.352563,0
"214","9am",98.172879,1.827121,0
"215","9am",95.029207,1.837918,3.1328749
"216","9am",89.653466,6.737451,3.6090822
"217","9am",10.082692,89.917308,0
"218","9am",11.771608,88.228392,0
"219","9am",5.278141,94.721859,0
"220","9am",11.104277,85.445548,3.4501747
"221","9am",14.152157,85.847843,0
"222","9am",82.431773,17.568227,0
"223","9am",11.186673,88.228184,0.5851435
"224","9am",98.411209,1.588791,0
"101","10am",15.043314,22.1675206,62.789165
"102","10am",16.414597,25.9649783,57.6204242
"103","10am",13.859447,12.2631124,73.8774402
"104","10am",18.718386,21.6290907,59.6525236
"105","10am",33.476807,17.8074769,48.7157162
"106","10am",20.425959,15.0076068,64.566434
"107","10am",10.337412,10.6991016,78.9634861
"108","10am",14.150489,6.1516395,79.6978713
"109","10am",13.33414,75.3159472,11.3499129
"110","10am",9.726459,84.5695589,5.703982
"111","10am",9.688372,86.6311392,3.680489
"112","10am",17.352423,48.8148671,33.8327099
"113","10am",19.067344,74.1560737,6.7765824
"114","10am",22.014394,68.5694865,9.41612
"115","10am",89.155377,5.102184,5.7424386
"116","10am",17.705802,75.2368544,7.0573437
"117","10am",24.002137,68.2226046,7.7752585
"118","10am",4.174077,94.2412361,1.5846874
"119","10am",90.991067,9.0089325,0
"120","10am",91.366796,3.0489747,5.5842297
"121","10am",84.335784,11.510542,4.1536735
"122","10am",90.609225,6.7365612,2.6542135
"123","10am",98.871937,1.1280629,0
"124","10am",94.257177,5.7428231,0
"125","10am",90.421123,8.647769,0.931108
"126","10am",100,0,0
"127","10am",86.387644,9.7775944,3.8347613
"128","10am",84.855381,5.2804998,9.864119
"129","10am",87.030417,2.747575,10.2220082
"130","10am",100,0,0
"131","10am",94.602961,5.3970388,0
"132","10am",91.628662,6.7492381,1.6220998
"201","10am",93.67853,0.5374059,5.7840642
"202","10am",95.602528,2.4300143,1.9674575
"203","10am",92.711635,4.3935652,2.8947996
"204","10am",97.05632,2.9436802,0
"205","10am",96.514216,3.4857837,0
"206","10am",100,0,0
"207","10am",98.756534,0,1.2434662
"208","10am",100,0,0
"209","10am",97.89977,2.1002297,0
"210","10am",18.665673,76.8566593,4.4776674
"211","10am",97.125547,2.8744533,0
"212","10am",87.35431,12.6456899,0
"213","10am",94.971947,5.0280531,0
"214","10am",97.920708,2.0792919,0
"215","10am",95.05114,1.8298083,3.1190514
"216","10am",89.97279,6.4289226,3.5982879
"217","10am",9.938655,90.0613446,0
"218","10am",13.402631,86.5973692,0
"219","10am",5.23024,94.7697603,0
"220","10am",11.081169,85.482509,3.4363224
"221","10am",13.570872,86.4291284,0
"222","10am",80.276603,19.7233973,0
"223","10am",12.26416,87.1759602,0.5598796
"224","10am",93.824643,6.1753571,0
"101","11am",16.155626,25.400386,58.443988
"102","11am",16.561317,23.983779,59.454904
"103","11am",14.18567,12.126998,73.687332
"104","11am",17.650976,19.636537,62.712487
"105","11am",32.517336,15.552802,51.929862
"106","11am",20.579618,14.305606,65.114776
"107","11am",11.215113,8.607392,80.177496
"108","11am",12.259317,7.899266,79.841417
"109","11am",13.268511,77.323694,9.407795
"110","11am",7.074667,90.580448,2.344885
"111","11am",12.887711,83.533539,3.57875
"112","11am",18.250799,48.842042,32.907159
"113","11am",18.039642,76.669691,5.290667
"114","11am",19.233642,71.558326,9.208032
"115","11am",91.518013,5.291798,3.190188
"116","11am",16.426998,76.779102,6.7939
"117","11am",23.414654,71.131488,5.453858
"118","11am",4.77431,93.864636,1.361054
"119","11am",90.445504,9.554496,0
"120","11am",95.967905,4.032095,0
"121","11am",89.735107,10.264893,0
"122","11am",91.086642,6.394082,2.519276
"123","11am",98.871937,1.128063,0
"124","11am",94.664175,5.335825,0
"125","11am",90.222087,6.512781,3.265132
"126","11am",100,0,0
"127","11am",85.854665,8.673331,5.472004
"128","11am",84.928671,4.878046,10.193282
"129","11am",86.234208,2.13202,11.633773
"130","11am",100,0,0
"131","11am",95.102012,4.897988,0
"132","11am",91.766878,6.637804,1.595318
"201","11am",94.43378,0,5.56622
"202","11am",96.174419,2.113991,1.71159
"203","11am",91.585194,5.061308,3.353498
"204","11am",97.642359,2.357641,0
"205","11am",96.747305,3.252695,0
"206","11am",100,0,0
"207","11am",98.750999,0,1.249001
"208","11am",100,0,0
"209","11am",97.875623,2.124377,0
"210","11am",17.874862,77.594924,4.530213
"211","11am",97.118945,2.881055,0
"212","11am",90.443764,9.556236,0
"213","11am",94.905702,5.094298,0
"214","11am",98.074873,1.925127,0
"215","11am",94.980873,1.855789,3.163338
"216","11am",90.195119,6.139969,3.664912
"217","11am",9.350529,90.649471,0
"218","11am",12.349293,87.650707,0
"219","11am",4.795399,95.204601,0
"220","11am",10.677214,85.578629,3.744156
"221","11am",13.42344,86.57656,0
"222","11am",83.388544,16.611456,0
"223","11am",11.25564,88.155609,0.588751
"224","11am",92.312821,4.661262,3.025916
"101","12am",18.947881,20.782291,60.269829
"102","12am",16.47309,15.295955,68.230955
"103","12am",12.634558,10.900114,76.465328
"104","12am",17.924491,19.059305,63.016204
"105","12am",30.323402,12.023715,57.652883
"106","12am",22.813912,12.644899,64.541189
"107","12am",12.083865,5.657104,82.259031
"108","12am",9.333621,4.627222,86.039157
"109","12am",7.172436,84.781214,8.046351
"110","12am",5.70622,92.106602,2.187177
"111","12am",10.509035,85.966606,3.52436
"112","12am",19.603737,53.89497,26.501293
"113","12am",14.148489,81.605557,4.245954
"114","12am",18.99465,75.150444,5.854906
"115","12am",90.977669,6.028959,2.993373
"116","12am",13.383107,77.311818,9.305075
"117","12am",21.123849,72.671348,6.204803
"118","12am",3.260768,93.110033,3.629198
"119","12am",96.319379,3.680621,0
"120","12am",96.343408,3.656592,0
"121","12am",91.323285,8.676715,0
"122","12am",93.850116,6.149884,0
"123","12am",98.928366,1.071634,0
"124","12am",95.285616,4.714384,0
"125","12am",91.026776,6.609931,2.363293
"126","12am",82.944518,17.055482,0
"127","12am",86.739279,6.662786,6.597935
"128","12am",87.19066,4.901159,7.908181
"129","12am",85.974762,1.452297,12.57294
"130","12am",98.766996,1.233004,0
"131","12am",94.613245,5.386755,0
"132","12am",92.787452,5.67552,1.537028
"201","12am",95.565628,0,4.434372
"202","12am",96.532621,1.916051,1.551328
"203","12am",92.740737,3.780694,3.47857
"204","12am",97.264463,2.735537,0
"205","12am",100,0,0
"206","12am",100,0,0
"207","12am",98.728697,0,1.271303
"208","12am",100,0,0
"209","12am",97.501696,2.498304,0
"210","12am",12.940514,82.4047,4.654786
"211","12am",97.297364,2.702636,0
"212","12am",95.466799,4.533201,0
"213","12am",94.493682,5.506318,0
"214","12am",100,0,0
"215","12am",95.093428,1.814173,3.092399
"216","12am",91.010754,5.577733,3.411514
"217","12am",6.21246,93.78754,0
"218","12am",6.550199,93.449801,0
"219","12am",2.654665,97.345335,0
"220","12am",9.669224,86.501388,3.829388
"221","12am",10.81443,89.18557,0
"222","12am",87.38078,12.61922,0
"223","12am",8.433024,91.566976,0
"224","12am",91.960661,4.874801,3.164538
"101","1pm",19.027436,23.295938,57.676626
"102","1pm",16.148217,16.629363,67.22242
"103","1pm",13.876795,11.41295,74.710254
"104","1pm",12.11096,20.407089,67.481951
"105","1pm",32.058719,17.268974,50.672307
"106","1pm",24.481721,14.200108,61.318171
"107","1pm",8.824076,6.104986,85.070938
"108","1pm",12.144004,4.321658,83.534338
"109","1pm",8.684502,78.604613,12.710884
"110","1pm",6.192266,80.760087,13.047648
"111","1pm",11.189131,84.770122,4.040747
"112","1pm",21.396155,44.999496,33.604348
"113","1pm",16.530393,78.168196,5.30141
"114","1pm",21.391141,68.489569,10.11929
"115","1pm",89.747529,7.063843,3.188628
"116","1pm",13.29806,77.279246,9.422694
"117","1pm",22.122226,70.057571,7.820203
"118","1pm",3.362286,91.619037,5.018677
"119","1pm",92.739632,7.260368,0
"120","1pm",90.628662,9.371338,0
"121","1pm",90.052581,9.947419,0
"122","1pm",93.87171,6.12829,0
"123","1pm",95.879148,4.120852,0
"124","1pm",94.5954,5.4046,0
"125","1pm",92.166797,6.831166,1.002037
"126","1pm",82.893175,17.106825,0
"127","1pm",85.213535,8.442363,6.344103
"128","1pm",88.205394,4.619604,7.175002
"129","1pm",85.678801,1.37672,12.944479
"130","1pm",98.685184,1.314816,0
"131","1pm",91.960349,8.039651,0
"132","1pm",94.237011,4.03311,1.729879
"201","1pm",93.718714,0,6.281286
"202","1pm",96.41055,1.983507,1.605943
"203","1pm",92.603125,4.362502,3.034373
"204","1pm",98.973689,1.026311,0
"205","1pm",100,0,0
"206","1pm",100,0,0
"207","1pm",98.771777,0,1.228223
"208","1pm",100,0,0
"209","1pm",94.194481,5.805519,0
"210","1pm",16.610451,77.669398,5.720151
"211","1pm",97.899696,2.100304,0
"212","1pm",89.183555,10.816445,0
"213","1pm",93.419483,6.580517,0
"214","1pm",100,0,0
"215","1pm",96.209214,1.873684,1.917103
"216","1pm",86.549622,9.939504,3.510874
"217","1pm",5.422547,94.577453,0
"218","1pm",13.77421,86.22579,0
"219","1pm",4.218738,95.781262,0
"220","1pm",12.766305,83.533626,3.70007
"221","1pm",12.358978,87.641022,0
"222","1pm",85.340774,14.659226,0
"223","1pm",9.249586,90.750414,0
"224","1pm",93.441898,3.453066,3.105036
"101","2pm",18.306883,23.468976,58.224141
"102","2pm",14.368003,16.768666,68.863331
"103","2pm",14.820994,13.309656,71.86935
"104","2pm",11.005711,22.20168,66.792609
"105","2pm",30.861933,19.333436,49.804631
"106","2pm",25.274886,13.812391,60.912723
"107","2pm",11.91103,10.298706,77.790264
"108","2pm",13.508256,7.314439,79.177305
"109","2pm",9.089932,75.405931,15.504136
"110","2pm",7.063075,80.239467,12.697458
"111","2pm",9.606965,86.120594,4.27244
"112","2pm",20.114515,43.429732,36.455753
"113","2pm",20.177155,72.191411,7.631433
"114","2pm",19.964068,71.449163,8.586768
"115","2pm",88.07905,8.510311,3.410639
"116","2pm",15.529232,71.3607,13.110067
"117","2pm",21.95842,69.581673,8.459907
"118","2pm",3.511549,88.671823,7.816628
"119","2pm",91.490817,8.509183,0
"120","2pm",90.605033,9.394967,0
"121","2pm",88.461274,7.655517,3.883209
"122","2pm",97.081242,2.918758,0
"123","2pm",96.068222,3.931778,0
"124","2pm",94.639984,5.360016,0
"125","2pm",92.102924,6.886868,1.010208
"126","2pm",81.978859,18.021141,0
"127","2pm",85.165237,8.863255,5.971508
"128","2pm",88.714214,4.09145,7.194336
"129","2pm",84.809525,4.662478,10.527997
"130","2pm",91.201415,8.798585,0
"131","2pm",93.226559,6.773441,0
"132","2pm",94.224493,4.359033,1.416474
"201","2pm",90.072692,3.774845,6.152463
"202","2pm",91.947867,3.965162,4.086971
"203","2pm",93.310133,3.746963,2.942905
"204","2pm",98.008221,1.991779,0
"205","2pm",100,0,0
"206","2pm",100,0,0
"207","2pm",98.447528,0,1.552472
"208","2pm",100,0,0
"209","2pm",95.638857,4.361143,0
"210","2pm",17.153178,77.076506,5.770316
"211","2pm",95.247818,4.752182,0
"212","2pm",89.841178,10.158822,0
"213","2pm",93.50547,6.49453,0
"214","2pm",100,0,0
"215","2pm",96.037101,1.958754,2.004144
"216","2pm",86.046817,10.554107,3.399076
"217","2pm",5.94612,94.05388,0
"218","2pm",13.725926,86.274074,0
"219","2pm",6.498655,93.501345,0
"220","2pm",13.759024,82.729353,3.511623
"221","2pm",13.256079,86.743921,0
"222","2pm",81.919566,18.080434,0
"223","2pm",11.057621,88.942379,0
"224","2pm",93.90353,2.885538,3.210932
"101","3pm",19.628832,22.689657,57.681511
"102","3pm",14.086193,15.02825,70.885557
"103","3pm",13.54788,14.37209,72.080031
"104","3pm",11.906335,22.261164,65.832501
"105","3pm",30.308444,18.187566,51.50399
"106","3pm",23.603738,15.165935,61.230327
"107","3pm",9.542282,9.694339,80.763379
"108","3pm",13.378856,8.010861,78.610283
"109","3pm",8.400079,76.786947,14.812974
"110","3pm",7.799322,71.966987,20.23369
"111","3pm",8.96467,86.641255,4.394075
"112","3pm",19.215834,47.917808,32.866357
"113","3pm",20.481687,71.792523,7.72579
"114","3pm",24.495945,66.370737,9.133318
"115","3pm",87.203738,7.683835,5.112427
"116","3pm",14.82174,73.523078,11.655182
"117","3pm",20.117335,73.153337,6.729328
"118","3pm",5.141615,89.061329,5.797057
"119","3pm",92.574294,7.425706,0
"120","3pm",89.552581,6.961,3.486419
"121","3pm",86.809703,9.425334,3.764963
"122","3pm",97.241498,2.758502,0
"123","3pm",96.179636,3.820364,0
"124","3pm",94.489045,5.510955,0
"125","3pm",91.999843,6.976762,1.023394
"126","3pm",82.39618,17.60382,0
"127","3pm",86.247919,8.766309,4.985772
"128","3pm",88.470168,4.270001,7.259831
"129","3pm",82.992803,4.517751,12.489446
"130","3pm",92.291058,7.708942,0
"131","3pm",91.811273,5.920884,2.267843
"132","3pm",94.015945,5.984055,0
"201","3pm",88.872158,3.724959,7.402882
"202","3pm",96.360057,2.011409,1.628534
"203","3pm",92.622572,3.830573,3.546855
"204","3pm",96.688635,3.311365,0
"205","3pm",100,0,0
"206","3pm",100,0,0
"207","3pm",98.417424,0,1.582576
"208","3pm",100,0,0
"209","3pm",95.530282,4.469718,0
"210","3pm",16.391244,78.959758,4.648998
"211","3pm",98.002689,1.997311,0
"212","3pm",91.890528,8.109472,0
"213","3pm",98.068749,1.931251,0
"214","3pm",97.053343,2.946657,0
"215","3pm",98.009381,1.990619,0
"216","3pm",86.410469,10.27378,3.315751
"217","3pm",9.236053,90.763947,0
"218","3pm",12.671574,87.328426,0
"219","3pm",4.562118,95.437882,0
"220","3pm",13.109582,84.107743,2.782675
"221","3pm",14.642695,85.357305,0
"222","3pm",82.355152,17.644848,0
"223","3pm",9.975896,90.024104,0
"224","3pm",93.510658,3.07149,3.417853
"101","4pm",17.492188,23.0203578,59.4874537
"102","4pm",11.591983,14.273897,74.1341198
"103","4pm",10.606283,13.497424,75.8962927
"104","4pm",7.863993,15.5225423,76.6134652
"105","4pm",28.010201,16.279199,55.7106005
"106","4pm",19.406119,13.1695124,67.4243685
"107","4pm",7.669908,6.417454,85.9126377
"108","4pm",8.760018,6.0879093,85.1520727
"109","4pm",7.700673,78.1831627,14.1161646
"110","4pm",7.173566,77.782662,15.0437721
"111","4pm",7.697476,87.7692409,4.5332827
"112","4pm",19.741408,50.2606766,29.9979153
"113","4pm",16.271752,77.8190745,5.9091735
"114","4pm",15.162628,76.6875226,8.1498491
"115","4pm",90.886303,4.9050734,4.2086233
"116","4pm",12.870535,77.843588,9.2858772
"117","4pm",18.378607,74.4117939,7.2095988
"118","4pm",2.972299,92.8395774,4.1881241
"119","4pm",89.817068,10.1829321,0
"120","4pm",91.944992,4.8221405,3.2328676
"121","4pm",86.680884,7.7151333,5.6039822
"122","4pm",98.317237,1.6827627,0
"123","4pm",96.212676,3.7873236,0
"124","4pm",97.861232,2.1387681,0
"125","4pm",94.07286,4.9865414,0.9405984
"126","4pm",83.776913,16.2230867,0
"127","4pm",85.282573,8.6004156,6.1170112
"128","4pm",90.505359,2.5069172,6.9877234
"129","4pm",84.812576,5.9089891,9.2784353
"130","4pm",98.720948,1.2790525,0
"131","4pm",92.10886,3.5942853,4.2968544
"132","4pm",97.66534,2.3346598,0
"201","4pm",92.417426,0,7.5825736
"202","4pm",100,0,0
"203","4pm",92.893265,3.3348933,3.7718417
"204","4pm",97.855656,2.1443436,0
"205","4pm",100,0,0
"206","4pm",100,0,0
"207","4pm",98.405623,0,1.594377
"208","4pm",100,0,0
"209","4pm",98.43372,1.5662804,0
"210","4pm",13.557392,82.4340405,4.0085673
"211","4pm",97.848872,2.1511281,0
"212","4pm",94.454886,5.5451136,0
"213","4pm",99.475131,0.5248692,0
"214","4pm",97.247246,2.7527537,0
"215","4pm",98.110111,1.8898886,0
"216","4pm",85.573174,11.2895038,3.1373226
"217","4pm",5.520302,94.4796978,0
"218","4pm",12.205106,87.7948938,0
"219","4pm",6.408222,93.5917784,0
"220","4pm",9.644571,87.6748127,2.680616
"221","4pm",11.113043,88.8869565,0
"222","4pm",84.067562,15.9324377,0
"223","4pm",6.118362,93.8816384,0
"224","4pm",93.863258,2.9045994,3.2321425
"101","5pm",11.643974,20.2936007,68.062425
"102","5pm",6.955138,12.0115688,81.0332927
"103","5pm",5.46232,9.9950959,84.5425842
"104","5pm",10.443489,7.098367,82.4581438
"105","5pm",17.887836,12.3942773,69.7178864
"106","5pm",12.215216,10.5932743,77.1915097
"107","5pm",7.243888,1.9937459,90.7623663
"108","5pm",5.492194,3.8900801,90.6177259
"109","5pm",2.983716,88.2547406,8.7615436
"110","5pm",4.986414,86.3794318,8.6341541
"111","5pm",5.080337,88.7342371,6.1854259
"112","5pm",13.818174,69.6158728,16.565953
"113","5pm",11.865379,83.8589714,4.2756498
"114","5pm",11.541525,80.8561472,7.6023282
"115","5pm",96.188229,2.7695023,1.0422685
"116","5pm",6.446469,88.3340771,5.2194542
"117","5pm",12.919764,85.0025951,2.0776405
"118","5pm",0,96.6011722,3.3988278
"119","5pm",91.231002,8.7689976,0
"120","5pm",98.960376,1.0396244,0
"121","5pm",94.09267,0.6770658,5.2302646
"122","5pm",98.5904,1.4096003,0
"123","5pm",96.398445,3.6015554,0
"124","5pm",98.198647,1.8013533,0
"125","5pm",97.527298,2.4727025,0
"126","5pm",84.805421,15.1945786,0
"127","5pm",92.169535,5.4388823,2.3915823
"128","5pm",93.175588,1.3687806,5.4556318
"129","5pm",97.072452,2.9275477,0
"130","5pm",92.45587,4.0186557,3.5254744
"131","5pm",97.761514,0,2.2384858
"132","5pm",97.085645,2.9143553,0
"201","5pm",97.559399,0,2.4406005
"202","5pm",100,0,0
"203","5pm",97.548249,1.5533822,0.8983691
"204","5pm",100,0,0
"205","5pm",100,0,0
"206","5pm",100,0,0
"207","5pm",97.683101,1.3540997,0.9627997
"208","5pm",100,0,0
"209","5pm",99.408826,0.5911737,0
"210","5pm",7.341084,91.1317605,1.5271558
"211","5pm",99.464089,0.5359108,0
"212","5pm",100,0,0
"213","5pm",99.027345,0.9726552,0
"214","5pm",97.431597,2.5684025,0
"215","5pm",97.507057,0.577097,1.9158457
"216","5pm",90.007517,8.0749518,1.9175309
"217","5pm",4.010392,95.9896081,0
"218","5pm",5.510884,94.4891158,0
"219","5pm",4.418751,95.5812494,0
"220","5pm",6.827095,90.4214097,2.751495
"221","5pm",4.750388,95.2496117,0
"222","5pm",90.222943,9.7770566,0
"223","5pm",7.38986,92.6101402,0
"224","5pm",94.526883,2.5904971,2.8826197
"101","6pm",9.0078077,17.1958425,73.7963498
"102","6pm",2.9787146,11.1468384,85.874447
"103","6pm",2.4283958,6.0856512,91.485953
"104","6pm",7.8880134,3.6175202,88.4944664
"105","6pm",9.1263097,10.7992868,80.0744035
"106","6pm",8.5314563,6.1575721,85.3109716
"107","6pm",3.8039753,1.1790944,95.0169303
"108","6pm",1.784592,3.1117763,95.1036316
"109","6pm",2.1382823,88.2532108,9.6085069
"110","6pm",1.9962895,89.2854087,8.7183019
"111","6pm",4.4051701,93.8161989,1.778631
"112","6pm",6.2827535,85.0328289,8.6844177
"113","6pm",7.3056807,87.5324099,5.1619094
"114","6pm",6.2077877,90.8029199,2.9892924
"115","6pm",94.0520057,3.6601771,2.2878172
"116","6pm",1.1636698,98.8363302,0
"117","6pm",5.7183428,90.9114586,3.3701985
"118","6pm",1.880226,96.1622273,1.9575467
"119","6pm",100,0,0
"120","6pm",97.220442,2.779558,0
"121","6pm",93.6494417,2.0507123,4.299846
"122","6pm",100,0,0
"123","6pm",100,0,0
"124","6pm",98.2437549,1.7562451,0
"125","6pm",98.5564471,1.4435529,0
"126","6pm",100,0,0
"127","6pm",96.9331024,1.8660945,1.2008031
"128","6pm",94.9865168,0.9192369,4.0942463
"129","6pm",97.2244285,2.7755715,0
"130","6pm",99.1182647,0.8817353,0
"131","6pm",100,0,0
"132","6pm",98.6809106,0,1.3190894
"201","6pm",97.8213089,0,2.1786911
"202","6pm",100,0,0
"203","6pm",99.0755567,0.9244433,0
"204","6pm",97.8355233,2.1644767,0
"205","6pm",100,0,0
"206","6pm",95.3018899,0,4.6981101
"207","6pm",99.0206869,0,0.9793131
"208","6pm",100,0,0
"209","6pm",99.5183849,0.4816151,0
"210","6pm",3.8997662,96.1002338,0
"211","6pm",96.5150063,0.4595535,3.0254402
"212","6pm",100,0,0
"213","6pm",100,0,0
"214","6pm",97.6789595,2.3210405,0
"215","6pm",97.5861559,0.5587863,1.8550577
"216","6pm",92.9007479,7.0992521,0
"217","6pm",0.6065812,96.8305558,2.562863
"218","6pm",1.7765251,98.2234749,0
"219","6pm",0,100,0
"220","6pm",5.4758895,93.9221332,0.6019773
"221","6pm",3.0813533,96.9186467,0
"222","6pm",96.6506383,3.3493617,0
"223","6pm",5.2106712,94.7893288,0
"224","6pm",97.1881239,0,2.8118761
"101","7pm",6.5076603,6.0446724,87.4476673
"102","7pm",4.5219721,4.1227737,91.3552541
"103","7pm",2.0211324,4.9938059,92.9850617
"104","7pm",1.0015414,4.0111566,94.987302
"105","7pm",5.4674593,7.6751984,86.8573423
"106","7pm",5.1427691,5.57494,89.2822909
"107","7pm",3.6609129,1.9822869,94.3568002
"108","7pm",0.4497452,3.0265057,96.5237491
"109","7pm",1.1767634,89.0045168,9.8187198
"110","7pm",0.7920742,97.9706244,1.2373015
"111","7pm",2.4898972,95.7958022,1.7143006
"112","7pm",5.3191856,86.9160146,7.7647999
"113","7pm",3.5985231,95.1779117,1.2235653
"114","7pm",1.2007458,98.1954444,0.6038098
"115","7pm",96.565278,3.434722,0
"116","7pm",3.9996054,96.0003946,0
"117","7pm",3.2939034,94.5617908,2.1443058
"118","7pm",2.8523308,95.2971325,1.8505367
"119","7pm",98.0011514,0,1.9988486
"120","7pm",98.7630762,0.4094372,0.8274865
"121","7pm",96.6961268,1.9684725,1.3354007
"122","7pm",100,0,0
"123","7pm",100,0,0
"124","7pm",98.4951794,1.5048206,0
"125","7pm",100,0,0
"126","7pm",100,0,0
"127","7pm",97.9045768,0.8479422,1.247481
"128","7pm",97.4130029,0.6736538,1.9133433
"129","7pm",100,0,0
"130","7pm",99.0728002,0.9271998,0
"131","7pm",100,0,0
"132","7pm",98.6833416,0,1.3166584
"201","7pm",97.0951684,0.8171405,2.0876911
"202","7pm",98.2351374,1.7648626,0
"203","7pm",100,0,0
"204","7pm",98.0233758,1.9766242,0
"205","7pm",98.9555257,1.0444743,0
"206","7pm",95.2050827,0,4.7949173
"207","7pm",99.044029,0,0.955971
"208","7pm",100,0,0
"209","7pm",100,0,0
"210","7pm",1.0260315,98.9739685,0
"211","7pm",97.358983,0,2.641017
"212","7pm",100,0,0
"213","7pm",100,0,0
"214","7pm",100,0,0
"215","7pm",100,0,0
"216","7pm",94.4572215,5.5427785,0
"217","7pm",0,97.5094057,2.4905943
"218","7pm",0.9694029,99.0305971,0
"219","7pm",0,100,0
"220","7pm",2.9649335,96.4073785,0.627688
"221","7pm",1.8683336,98.1316664,0
"222","7pm",98.0615722,1.9384278,0
"223","7pm",0.8915598,99.1084402,0
"224","7pm",100,0,0
"101","8pm",6.0923905,6.0188823,87.8887272
"102","8pm",3.4544642,3.9013891,92.6441467
"103","8pm",0.9771137,4.7123866,94.3104997
"104","8pm",0,5.8534518,94.1465482
"105","8pm",4.4773399,3.7512654,91.7713947
"106","8pm",4.8874044,5.4276398,89.6849559
"107","8pm",2.4974203,2.0603005,95.4422791
"108","8pm",0.1617217,2.2281436,97.6101346
"109","8pm",0.579702,90.9053995,8.5148985
"110","8pm",0.7874165,97.2892787,1.9233048
"111","8pm",0.762641,97.4632727,1.7740863
"112","8pm",3.2879381,82.8154305,13.8966314
"113","8pm",1.9608043,96.8160434,1.2231523
"114","8pm",0.558962,97.3787422,2.0622958
"115","8pm",96.4368464,3.5631536,0
"116","8pm",2.6916712,96.4596027,0.8487261
"117","8pm",3.2881168,94.1187312,2.593152
"118","8pm",3.9620565,96.0379435,0
"119","8pm",98.0599193,0,1.9400807
"120","8pm",99.2124614,0,0.7875386
"121","8pm",96.9175365,1.836555,1.2459085
"122","8pm",99.141589,0,0.858411
"123","8pm",100,0,0
"124","8pm",96.7806376,3.2193624,0
"125","8pm",100,0,0
"126","8pm",100,0,0
"127","8pm",98.106185,0.6673191,1.2264959
"128","8pm",97.7789476,0,2.2210524
"129","8pm",100,0,0
"130","8pm",98.3918838,1.6081162,0
"131","8pm",94.3782882,3.2172802,2.4044317
"132","8pm",96.624905,2.1309872,1.2441077
"201","8pm",97.0782467,0.8219007,2.0998526
"202","8pm",98.2567583,1.7432417,0
"203","8pm",100,0,0
"204","8pm",98.0376803,1.9623197,0
"205","8pm",98.953047,1.046953,0
"206","8pm",95.2477406,0,4.7522594
"207","8pm",100,0,0
"208","8pm",100,0,0
"209","8pm",100,0,0
"210","8pm",0.9955971,99.0044029,0
"211","8pm",97.4660022,0,2.5339978
"212","8pm",100,0,0
"213","8pm",100,0,0
"214","8pm",100,0,0
"215","8pm",100,0,0
"216","8pm",96.4579279,3.5420721,0
"217","8pm",0.6793762,97.0314252,2.2891986
"218","8pm",0.3828932,99.6171068,0
"219","8pm",0,100,0
"220","8pm",3.1877483,96.1990527,0.6131991
"221","8pm",0.5221979,99.4778021,0
"222","8pm",97.4095901,2.5904099,0
"223","8pm",0,100,0
"224","8pm",100,0,0
"101","9pm",4.6837409,6.0856975,89.2305616
"102","9pm",2.6376595,1.8770785,95.485262
"103","9pm",0.7634036,3.6673458,95.5692506
"104","9pm",0,4.8522505,95.1477495
"105","9pm",2.7988059,3.1260186,94.0751755
"106","9pm",4.0517463,4.5652204,91.3830333
"107","9pm",1.7782517,1.1552386,97.0665097
"108","9pm",0.4666135,2.1659608,97.3674258
"109","9pm",0.7625729,96.5177735,2.7196536
"110","9pm",0,98.0687793,1.9312207
"111","9pm",0,100,0
"112","9pm",1.0908656,88.0496882,10.8594462
"113","9pm",1.304033,98.0920553,0.6039116
"114","9pm",0.2929805,97.6865409,2.0204786
"115","9pm",99.0035406,0.9964594,0
"116","9pm",2.4353109,95.9113997,1.6532894
"117","9pm",2.8168387,95.5330939,1.6500674
"118","9pm",3.9267382,96.0732618,0
"119","9pm",98.1359087,0,1.8640913
"120","9pm",99.2055307,0,0.7944693
"121","9pm",98.3178953,0.4613983,1.2207064
"122","9pm",98.3160756,0,1.6839244
"123","9pm",100,0,0
"124","9pm",96.8600062,3.1399938,0
"125","9pm",100,0,0
"126","9pm",100,0,0
"127","9pm",98.8239822,0.6795397,0.4964781
"128","9pm",98.23221,0,1.76779
"129","9pm",100,0,0
"130","9pm",98.4655941,1.5344059,0
"131","9pm",94.4751448,3.1618496,2.3630057
"132","9pm",97.8373924,2.1626076,0
"201","9pm",97.0981456,0.816303,2.0855514
"202","9pm",98.2884395,1.7115605,0
"203","9pm",100,0,0
"204","9pm",100,0,0
"205","9pm",100,0,0
"206","9pm",100,0,0
"207","9pm",100,0,0
"208","9pm",100,0,0
"209","9pm",100,0,0
"210","9pm",0.9904033,99.0095967,0
"211","9pm",97.4695819,0,2.5304181
"212","9pm",100,0,0
"213","9pm",100,0,0
"214","9pm",100,0,0
"215","9pm",100,0,0
"216","9pm",100,0,0
"217","9pm",0.6401967,97.2026222,2.1571811
"218","9pm",0.3995269,99.6004731,0
"219","9pm",0.5279508,99.4720492,0
"220","9pm",1.4629343,97.9241502,0.6129156
"221","9pm",0.2628553,99.7371447,0
"222","9pm",98.054145,1.945855,0
"223","9pm",0,100,0
"224","9pm",100,0,0
"101","10pm",3.8405057,3.9334933,92.226001
"102","10pm",1.9366253,0.8272641,97.2361106
"103","10pm",0.7422366,3.229133,96.0286305
"104","10pm",0,5.0565202,94.9434798
"105","10pm",1.9315634,0.7031227,97.3653139
"106","10pm",2.0562279,3.1829912,94.7607809
"107","10pm",0.3730012,0,99.6269988
"108","10pm",0.4713054,1.1822176,98.3464771
"109","10pm",0.7112719,96.3819132,2.9068149
"110","10pm",0,97.1621788,2.8378212
"111","10pm",0,100,0
"112","10pm",0,92.8277238,7.1722762
"113","10pm",1.1372123,98.8627877,0
"114","10pm",0,97.9970599,2.0029401
"115","10pm",100,0,0
"116","10pm",2.383982,95.272731,2.343287
"117","10pm",2.3092113,96.0279732,1.6628155
"118","10pm",2.8439426,97.1560574,0
"119","10pm",98.1265425,0,1.8734575
"120","10pm",99.2340861,0,0.7659139
"121","10pm",98.2965385,0.4672565,1.2362051
"122","10pm",98.3262916,0,1.6737084
"123","10pm",100,0,0
"124","10pm",98.6579806,1.3420194,0
"125","10pm",100,0,0
"126","10pm",100,0,0
"127","10pm",99.4937404,0,0.5062596
"128","10pm",98.7846522,0,1.2153478
"129","10pm",100,0,0
"130","10pm",100,0,0
"131","10pm",95.8576629,4.1423371,0
"132","10pm",98.4537291,1.5462709,0
"201","10pm",97.1367077,0.8054554,2.0578369
"202","10pm",100,0,0
"203","10pm",100,0,0
"204","10pm",100,0,0
"205","10pm",100,0,0
"206","10pm",100,0,0
"207","10pm",100,0,0
"208","10pm",100,0,0
"209","10pm",100,0,0
"210","10pm",1.892206,98.107794,0
"211","10pm",97.4695819,0,2.5304181
"212","10pm",100,0,0
"213","10pm",100,0,0
"214","10pm",100,0,0
"215","10pm",100,0,0
"216","10pm",100,0,0
"217","10pm",0.6337243,97.2309037,2.1353719
"218","10pm",0,100,0
"219","10pm",0.5293927,99.4706073,0
"220","10pm",1.4803658,97.8994154,0.6202187
"221","10pm",0.2558919,99.7441081,0
"222","10pm",98.5995464,1.4004536,0
"223","10pm",0,100,0
"224","10pm",100,0,0
"101","11pm",1.159561,2.8480953,95.9923437
"102","11pm",1.6044055,0.3362185,98.059376
"103","11pm",0.726121,2.1233844,97.1504946
"104","11pm",0,3.312164,96.687836
"105","11pm",0.955747,0.2250069,98.8192462
"106","11pm",2.1335933,1.5964149,96.2699918
"107","11pm",0,0,100
"108","11pm",0.458011,2.1192865,97.4227024
"109","11pm",0.7104248,97.09552,2.1940551
"110","11pm",0,98.1323739,1.8676261
"111","11pm",0.4217911,99.5782089,0
"112","11pm",0,95.0761472,4.9238528
"113","11pm",1.1071853,98.8928147,0
"114","11pm",0,97.9970599,2.0029401
"115","11pm",100,0,0
"116","11pm",0,98.4969836,1.5030164
"117","11pm",2.2880239,96.0644171,1.6475589
"118","11pm",1.6660584,98.3339416,0
"119","11pm",98.1452747,0,1.8547253
"120","11pm",99.243584,0,0.756416
"121","11pm",98.3136473,0.4625636,1.2237892
"122","11pm",98.3262916,0,1.6737084
"123","11pm",100,0,0
"124","11pm",98.6273754,1.3726246,0
"125","11pm",100,0,0
"126","11pm",100,0,0
"127","11pm",99.5103292,0,0.4896708
"128","11pm",100,0,0
"129","11pm",100,0,0
"130","11pm",100,0,0
"131","11pm",98.931213,1.068787,0
"132","11pm",98.4633996,1.5366004,0
"201","11pm",97.9410813,0,2.0589187
"202","11pm",100,0,0
"203","11pm",100,0,0
"204","11pm",100,0,0
"205","11pm",100,0,0
"206","11pm",100,0,0
"207","11pm",100,0,0
"208","11pm",100,0,0
"209","11pm",100,0,0
"210","11pm",1.8795469,98.1204531,0
"211","11pm",97.4695819,0,2.5304181
"212","11pm",100,0,0
"213","11pm",100,0,0
"214","11pm",100,0,0
"215","11pm",100,0,0
"216","11pm",100,0,0
"217","11pm",0,97.8621419,2.1378581
"218","11pm",0,100,0
"219","11pm",0,100,0
"220","11pm",1.0968192,98.2861184,0.6170624
"221","11pm",0.2585411,99.7414589,0
"222","11pm",99.269955,0.730045,0
"223","11pm",0,100,0
"224","11pm",100,0,0
"101","12pm",1.2549785,0,98.7450215
"102","12pm",1.1163313,1.1828292,97.7008396
"103","12pm",0.7104057,0.9828338,98.3067605
"104","12pm",0,1.1254338,98.8745662
"105","12pm",0.9602302,0.2260623,98.8137074
"106","12pm",2.1563339,0.7178136,97.1258525
"107","12pm",0,0,100
"108","12pm",0.4623568,1.1905531,98.3470901
"109","12pm",0.7155946,98.0160182,1.2683871
"110","12pm",0,98.8250605,1.1749395
"111","12pm",0.4190371,99.5809629,0
"112","12pm",0,97.7299891,2.2700109
"113","12pm",0.6103363,99.3896637,0
"114","12pm",0,97.9970599,2.0029401
"115","12pm",100,0,0
"116","12pm",0,98.5079296,1.4920704
"117","12pm",2.2945218,96.8808003,0.8246779
"118","12pm",1.6438833,98.3561167,0
"119","12pm",98.1452747,0,1.8547253
"120","12pm",100,0,0
"121","12pm",98.3209357,0.4605644,1.2184999
"122","12pm",98.3627558,0,1.6372442
