"district","hour","age1","age2","age3","age4"
"001","4am",24.182005,11.532759,37.96603,26.31921
"002","4am",17.692789,14.646786,37.65479,30.00563
"003","4am",15.72446,6.864271,49.28662,28.12465
"004","4am",16.003865,7.594481,49.31689,27.08477
"005","4am",18.054808,6.423042,51.31107,24.21108
"006","4am",14.52949,5.780432,51.72866,27.96142
"007","4am",11.697156,2.338015,62.64108,23.32375
"008","4am",10.449658,7.915704,50.07981,31.55483
"009","4am",10.706994,5.820588,67.56866,15.90376
"010","4am",12.548548,10.99886,53.9257,22.5269
"011","4am",21.833621,8.351338,46.33418,23.48086
"012","4am",9.413739,9.339532,56.06242,25.18431
"013","4am",10.000311,9.334848,56.41226,24.25258
"014","4am",11.422105,8.268484,64.80586,15.50355
"015","4am",9.058118,9.604816,60.15344,21.18363
"001","5am",24.032435,11.461427,38.34972,26.15642
"002","5am",17.692789,14.646786,37.65479,30.00563
"003","5am",15.779699,6.888385,49.10847,28.22345
"004","5am",15.750911,7.474444,50.11797,26.65667
"005","5am",18.115509,6.444636,51.14737,24.29248
"006","5am",14.232629,5.662328,52.71492,27.39012
"007","5am",12.463873,2.491265,60.19231,24.85256
"008","5am",10.41177,7.887003,50.26081,31.44041
"009","5am",10.88288,5.916204,67.0359,16.16501
"010","5am",12.901194,11.307956,52.63089,23.15996
"011","5am",21.998198,8.414289,45.92966,23.65785
"012","5am",9.479248,9.404525,55.75667,25.35956
"013","5am",9.702501,9.056856,57.7103,23.53034
"014","5am",11.422105,8.268484,64.80586,15.50355
"015","5am",9.121115,9.671615,59.87631,21.33096
"001","6am",24.006731,11.449168,38.00613,26.53797
"002","6am",16.802594,14.623068,38.6173,29.95704
"003","6am",15.634072,6.95599,49.48061,27.92932
"004","6am",15.228632,10.003158,48.99544,25.77277
"005","6am",18.284376,6.504711,50.69199,24.51893
"006","6am",14.558401,5.791934,51.63261,28.01706
"007","6am",12.585916,2.515659,58.42593,26.47249
"008","6am",9.446931,7.231283,51.29118,32.0306
"009","6am",10.99075,6.268712,65.61236,17.12818
"010","6am",13.171758,10.047182,53.13539,23.64567
"011","6am",22.14016,8.46859,45.58073,23.81052
"012","6am",10.096351,8.643017,54.25015,27.01048
"013","6am",9.168215,9.045437,58.28567,23.50067
"014","6am",12.098378,7.522442,64.80671,15.57247
"015","6am",9.121115,9.671615,59.87631,21.33096
"001","7am",32.694666,9.491275,37.65513,20.15893
"002","7am",16.358257,10.678379,45.52803,27.43533
"003","7am",19.585537,4.83842,48.58806,26.98798
"004","7am",21.193419,9.389331,45.14129,24.27596
"005","7am",11.65635,6.238607,50.9159,31.18914
"006","7am",13.780339,6.061362,51.41354,28.74476
"007","7am",7.623783,2.768424,62.76094,26.84686
"008","7am",7.547834,7.455558,52.00394,32.99267
"009","7am",6.203792,8.260059,62.2634,23.27275
"010","7am",2.909048,10.752695,54.75362,31.58464
"011","7am",19.286374,8.542072,44.79443,27.37712
"012","7am",8.715149,9.425889,48.90339,32.95557
"013","7am",4.47683,12.459518,55.95782,27.10584
"014","7am",3.309641,9.886021,65.22317,21.58117
"015","7am",6.781615,14.70831,54.79742,23.71266
"001","8am",31.809887,10.410028,40.02367,17.75642
"002","8am",12.125002,12.395681,55.11592,20.36339
"003","8am",16.30269,3.487184,54.60622,25.60391
"004","8am",22.683368,9.009145,38.96106,29.34643
"005","8am",5.974704,3.15698,59.73757,31.13074
"006","8am",18.392115,5.171951,40.95486,35.48107
"007","8am",7.945352,10.830455,51.50978,29.71441
"008","8am",7.942984,5.57436,53.13132,33.35134
"009","8am",20.564812,6.65923,48.11473,24.66123
"010","8am",3.651595,16.008946,45.19958,35.13987
"011","8am",2.01262,11.35712,56.7564,29.87386
"012","8am",5.76224,5.503129,48.9277,39.80693
"013","8am",4.48171,11.549497,52.99135,30.97745
"014","8am",4.18206,1.648143,67.5091,26.6607
"015","8am",6.441643,10.08899,51.04206,32.42731
"001","9am",31.958989,7.133049,42.31993,18.58803
"002","9am",10.670805,13.902761,55.37056,20.05587
"003","9am",15.987819,5.167864,54.12766,24.71666
"004","9am",19.288668,9.007006,43.88162,27.82271
"005","9am",6.251395,3.303181,60.74896,29.69646
"006","9am",19.822858,6.391796,40.65141,33.13393
"007","9am",6.375701,11.67714,48.39269,33.55447
"008","9am",7.64045,8.121617,52.1268,32.11113
"009","9am",22.001873,4.072335,48.29114,25.63465
"010","9am",7.241692,16.506295,41.90372,34.34829
"011","9am",3.719589,7.594987,56.26892,32.4165
"012","9am",5.471108,5.225089,49.39214,39.91167
"013","9am",4.132933,10.454387,52.99632,32.41636
"014","9am",2.878711,4.960229,64.26845,27.89261
"015","9am",8.723003,2.230244,55.51239,33.53437
"001","10am",28.698068,7.969133,42.86257,20.47023
"002","10am",14.655172,13.772509,52.73853,18.83379
"003","10am",14.445046,4.871868,57.84355,22.83953
"004","10am",19.193157,10.101515,44.68586,26.01947
"005","10am",0,3.545915,64.7656,31.68848
"006","10am",18.884827,5.185682,40.95619,34.9733
"007","10am",12.848635,10.711513,48.4597,27.98015
"008","10am",7.421856,7.515756,52.99605,32.06634
"009","10am",22.65285,4.192825,46.96363,26.1907
"010","10am",7.199108,16.409231,40.60916,35.7825
"011","10am",4.025024,6.194361,55.99523,33.78539
"012","10am",4.241442,5.418499,47.03953,43.30053
"013","10am",3.834252,12.136886,50.57549,33.45337
"014","10am",19.201102,5.360209,54.67119,20.7675
"015","10am",4.439716,5.215347,54.59907,35.74587
"001","11am",28.067126,9.481187,44.90407,17.54762
"002","11am",16.644029,12.526282,49.50029,21.32939
"003","11am",17.251134,4.162007,52.8654,25.72146
"004","11am",19.371259,7.12266,47.42044,26.08565
"005","11am",0,3.499489,61.45295,35.04756
"006","11am",18.44126,5.063881,44.71435,31.78051
"007","11am",13.102085,10.922807,44.6732,31.30191
"008","11am",8.546337,8.520372,51.04196,31.89133
"009","11am",19.86326,6.698164,48.88187,24.55671
"010","11am",6.743519,15.370787,43.6052,34.28049
"011","11am",4.100137,3.464198,59.26067,33.175
"012","11am",3.970342,5.890202,50.10932,40.03014
"013","11am",4.673925,13.613405,50.31998,31.39269
"014","11am",2.80269,1.74028,69.12843,26.3286
"015","11am",4.057401,13.413668,48.75613,33.7728
"001","12am",33.768753,9.403364,39.64326,17.18462
"002","12am",20.56059,16.198831,37.34862,25.89196
"003","12am",16.463222,3.564339,51.35624,28.6162
"004","12am",13.906379,5.410908,54.44671,26.236
"005","12am",6.400724,6.459549,53.66647,33.47326
"006","12am",14.359038,9.425978,46.07099,30.14399
"007","12am",8.062741,5.822836,52.76248,33.35195
"008","12am",7.671905,10.31838,52.79961,29.2101
"009","12am",19.125878,5.77121,54.25302,20.84989
"010","12am",3.065801,14.722513,50.42378,31.78791
"011","12am",18.518595,2.070455,48.46174,30.94921
"012","12am",7.306538,6.59277,52.51868,33.58201
"013","12am",3.353057,10.729793,54.85977,31.05738
"014","12am",4.725167,5.787281,66.10192,23.38563
"015","12am",5.17187,7.917291,58.30634,28.6045
"001","1pm",30.3265513,7.404367,44.26066,18.00843
"002","1pm",15.022193,12.715749,50.68202,21.58003
"003","1pm",16.3261673,5.023896,54.11699,24.53295
"004","1pm",11.9375233,9.004162,50.39184,28.66647
"005","1pm",0.7896224,4.017082,55.54501,39.64828
"006","1pm",21.0081526,5.127825,40.17628,33.68775
"007","1pm",6.1367797,11.239553,50.43741,32.18626
"008","1pm",11.7040232,10.891488,48.54098,28.86351
"009","1pm",22.1633887,6.043353,49.8629,21.93036
"010","1pm",3.3365309,14.627673,47.46776,34.56803
"011","1pm",15.9708197,4.848987,49.9512,29.22899
"012","1pm",4.7908582,7.417569,48.53326,39.25832
"013","1pm",4.8301079,11.515438,49.10401,34.55044
"014","1pm",6.2241522,1.55489,65.93898,26.28198
"015","1pm",2.1120204,9.557234,57.25674,31.074
"001","2pm",28.8435346,8.414095,43.04498,19.69739
"002","2pm",14.4606132,10.817314,54.2052,20.51687
"003","2pm",12.9130394,5.173383,56.86533,25.04825
"004","2pm",16.9426881,9.862264,43.51672,29.67833
"005","2pm",0.6615584,4.185132,58.20148,36.95182
"006","2pm",19.4970197,8.359582,37.45573,34.68767
"007","2pm",10.3715552,10.952642,52.18588,26.48992
"008","2pm",6.3652469,10.757106,52.02223,30.85542
"009","2pm",20.3377913,6.370835,53.20738,20.08399
"010","2pm",6.7749931,13.286868,43.79864,36.13949
"011","2pm",5.5175884,2.286649,56.26089,35.93487
"012","2pm",5.8352324,6.044866,52.35035,35.76955
"013","2pm",5.0494708,12.038421,47.94642,34.96569
"014","2pm",19.2601506,2.731711,57.51553,20.49261
"015","2pm",2.2321777,7.452981,58.57753,31.73731
"001","3pm",25.405522,10.220245,43.61784,20.7564
"002","3pm",13.675892,9.982548,55.59294,20.74862
"003","3pm",13.378803,6.460155,55.32403,24.83701
"004","3pm",15.004281,11.409101,44.04273,29.54389
"005","3pm",7.480644,3.054666,51.12953,38.33516
"006","3pm",19.552784,6.496663,37.78168,36.16887
"007","3pm",12.026072,8.935181,54.58055,24.4582
"008","3pm",7.406399,10.598922,49.88394,32.11074
"009","3pm",20.643513,6.724162,51.4053,21.22703
"010","3pm",11.696518,11.941608,42.46365,33.89822
"011","3pm",5.571175,5.594004,52.95481,35.88001
"012","3pm",4.676201,5.474272,56.39469,33.45484
"013","3pm",7.548961,13.882832,48.49242,30.07579
"014","3pm",14.437685,1.349993,62.58846,21.62386
"015","3pm",5.891604,4.298119,58.02285,31.78743
"001","4pm",25.434548,12.546334,41.39181,20.62731
"002","4pm",13.123588,15.997551,52.81206,18.0668
"003","4pm",11.997725,6.377765,58.28043,23.34408
"004","4pm",18.712502,10.386956,40.26332,30.63722
"005","4pm",14.422885,0,49.63839,35.93873
"006","4pm",20.701957,8.187977,36.29741,34.81266
"007","4pm",14.861149,3.7003,53.17495,28.2636
"008","4pm",9.471931,6.930596,50.02816,33.56931
"009","4pm",22.777738,3.6526,53.42915,20.14052
"010","4pm",10.516381,12.945862,45.71934,30.81841
"011","4pm",6.004611,7.37802,54.92722,31.69015
"012","4pm",5.087215,9.961357,52.77234,32.17909
"013","4pm",5.566483,7.053382,53.33458,34.04555
"014","4pm",15.378408,1.197414,63.93206,19.49211
"015","4pm",6.206596,6.515588,57.12009,30.15773
"001","5pm",22.256862,8.391576,47.48111,21.87045
"002","5pm",18.091382,12.941432,45.12078,23.8464
"003","5pm",9.911915,7.330903,56.09266,26.66452
"004","5pm",14.609018,11.245661,46.80474,27.34058
"005","5pm",21.713962,5.371809,44.71865,28.19558
"006","5pm",16.861491,8.384416,40.98132,33.77277
"007","5pm",14.915036,3.087748,54.96642,27.03079
"008","5pm",7.017957,11.902589,49.01175,32.06771
"009","5pm",12.927906,3.649268,60.87435,22.54848
"010","5pm",9.731787,11.99813,50.52341,27.74667
"011","5pm",11.64734,9.757934,50.6186,27.97612
"012","5pm",6.339369,6.174984,58.0356,29.45005
"013","5pm",9.015983,4.251475,54.59528,32.13726
"014","5pm",19.663645,4.941587,59.84097,15.55379
"015","5pm",13.901659,6.350845,54.46266,25.28484
"001","6pm",14.506959,12.1394928,47.73528,25.61827
"002","6pm",17.079858,11.5673916,43.74723,27.60552
"003","6pm",12.700554,7.009319,51.1247,29.16543
"004","6pm",14.036546,7.9278154,54.49079,23.54485
"005","6pm",20.599688,5.5627388,43.8245,30.01307
"006","6pm",12.612385,6.78712,51.98818,28.61231
"007","6pm",24.579743,0.9834735,48.34622,26.09056
"008","6pm",8.303125,11.5004893,50.97095,29.22544
"009","6pm",10.137606,4.9041284,66.40211,18.55616
"010","6pm",25.543325,7.8069203,45.53696,21.1128
"011","6pm",12.364079,10.358405,48.01681,29.26071
"012","6pm",9.558722,8.8170943,52.57993,29.04425
"013","6pm",9.698619,11.3735339,51.50788,27.41996
"014","6pm",18.640713,4.8581596,62.54565,13.95547
"015","6pm",13.128729,9.5055217,54.27698,23.08877
"001","7pm",14.081326,14.834518,45.30994,25.77421
"002","7pm",15.088532,13.69166,43.26168,27.95813
"003","7pm",18.935428,5.205542,47.70017,28.15886
"004","7pm",11.648442,8.244632,50.27301,29.83392
"005","7pm",19.076664,6.972963,48.19628,25.75409
"006","7pm",12.837421,5.525299,54.71907,26.91821
"007","7pm",17.354494,0.938521,56.54514,25.16185
"008","7pm",11.759257,9.04244,48.613,30.5853
"009","7pm",9.039322,6.522381,66.61701,17.82129
"010","7pm",22.689682,8.529808,48.35642,20.42409
"011","7pm",9.744141,10.197975,51.41538,28.64251
"012","7pm",9.379798,10.279447,53.33657,27.00419
"013","7pm",8.402778,8.777993,56.49011,26.32912
"014","7pm",23.37089,7.226714,56.15491,13.24748
"015","7pm",10.933277,8.648912,57.67422,22.7436
"001","8pm",13.615476,14.65002,44.13715,27.59736
"002","8pm",15.749409,13.39891,41.53554,29.31614
"003","8pm",19.020644,6.765078,48.07712,26.13716
"004","8pm",11.85644,7.506071,50.68586,29.95162
"005","8pm",19.295022,6.686167,48.30783,25.71098
"006","8pm",14.449168,5.665214,51.69059,28.19503
"007","8pm",17.271246,0.934019,56.75359,25.04115
"008","8pm",9.402042,8.171434,51.01981,31.40671
"009","8pm",9.864091,6.383136,66.31195,17.44082
"010","8pm",22.138632,9.814541,47.49056,20.55626
"011","8pm",10.34082,10.678424,50.21278,28.76797
"012","8pm",8.973271,9.619479,56.30865,25.09859
"013","8pm",8.266477,8.635605,57.52958,25.56834
"014","8pm",22.699057,7.01897,57.41531,12.86666
"015","8pm",10.658819,7.54722,59.34171,22.45225
"001","9pm",18.638633,12.973246,41.904,26.48413
"002","9pm",18.053036,13.124801,41.9551,26.86706
"003","9pm",18.392878,6.91883,47.28871,27.39958
"004","9pm",11.702812,7.408812,51.32484,29.56353
"005","9pm",18.28098,6.682122,49.34147,25.69543
"006","9pm",14.312894,5.54372,52.83809,27.3053
"007","9pm",12.239302,2.705359,57.68746,27.36788
"008","9pm",9.65805,8.393934,49.17313,32.77489
"009","9pm",9.521116,6.161194,67.48328,16.83441
"010","9pm",22.127283,9.809509,47.51748,20.54573
"011","9pm",10.164263,10.496102,51.06284,28.27679
"012","9pm",9.486338,9.225374,55.80083,25.48746
"013","9pm",8.84257,8.430604,57.76545,24.96137
"014","9pm",19.208472,7.31186,60.0761,13.40357
"015","9pm",10.531446,8.923922,58.36068,22.18395
"001","10pm",21.433388,12.764331,40.08761,25.71467
"002","10pm",17.476475,13.276025,41.58271,27.66479
"003","10pm",17.275082,7.028854,47.86078,27.83529
"004","10pm",14.720455,7.136305,49.6671,28.47614
"005","10pm",17.907702,6.370708,50.25546,25.46613
"006","10pm",14.658887,5.677731,51.88506,27.77832
"007","10pm",11.785391,2.605028,59.25667,26.35291
"008","10pm",10.559779,8.212383,48.79346,32.43438
"009","10pm",9.423167,6.09781,67.8178,16.66122
"010","10pm",20.806502,9.734657,49.06989,20.38895
"011","10pm",9.954343,10.279329,52.07353,27.6928
"012","10pm",10.284776,9.228523,55.38436,25.10234
"013","10pm",8.85143,8.439051,57.72314,24.98638
"014","10pm",12.63088,7.98649,64.40782,14.97481
"015","10pm",10.216995,8.657469,59.60396,21.52157
"001","11pm",21.596664,12.697572,39.3521,26.35367
"002","11pm",18.132194,13.774143,38.90602,29.18764
"003","11pm",16.980508,6.765812,48.53244,27.72124
"004","11pm",16.554123,6.947125,49.24998,27.24877
"005","11pm",17.616609,6.267151,51.06407,25.05217
"006","11pm",14.641314,5.670924,51.53377,28.15399
"007","11pm",12.312337,2.460976,60.33377,24.89291
"008","11pm",9.550075,8.059952,50.75271,31.63726
"009","11pm",10.494169,5.984496,67.16973,16.35161
"010","11pm",20.421479,10.278139,49.28873,20.01165
"011","11pm",10.756263,9.950233,51.47816,27.81535
"012","11pm",9.791562,9.156213,56.36224,24.68998
"013","11pm",8.90924,8.494167,57.44702,25.14957
"014","11pm",12.794296,8.089818,63.94733,15.16855
"015","11pm",9.831213,9.424799,59.56101,21.18297
"001","12pm",21.449026,12.936027,38.76637,26.84858
"002","12pm",18.132194,13.774143,38.90602,29.18764
"003","12pm",17.082982,6.806643,48.22184,27.88853
"004","12pm",16.702986,5.117574,50.68563,27.49381
"005","12pm",17.616609,6.267151,51.06407,25.05217
"006","12pm",14.275922,5.679552,51.84771,28.19682
"007","12pm",12.267655,2.452045,60.47772,24.80258
"008","12pm",9.505363,8.022217,50.98328,31.48914
"009","12pm",10.225916,5.831519,68.00894,15.93363
"010","12pm",20.507802,10.321586,49.49708,19.67353
"011","12pm",11.563148,9.687399,51.09922,27.65023
"012","12pm",9.791562,9.156213,56.36224,24.68998
"013","12pm",9.336126,8.357868,57.55999,24.74602
"014","12pm",12.794296,8.089818,63.94733,15.16855
"015","12pm",9.77232,9.368341,59.80326,21.05608
"001","1am",24.196967,12.483487,37.41021,25.90934
"002","1am",18.900329,14.357658,36.3179,30.42412
"003","1am",15.38906,6.968116,49.09269,28.55013
"004","1am",16.503731,5.056525,50.82423,27.61551
"005","1am",17.616609,6.267151,51.06407,25.05217
"006","1am",14.219234,5.656999,52.03891,28.08485
"007","1am",11.80341,2.359252,61.97337,23.86397
"008","1am",9.505363,8.022217,50.98328,31.48914
"009","1am",10.160894,5.794439,68.21236,15.83231
"010","1am",20.507802,10.321586,49.49708,19.67353
"011","1am",11.563148,9.687399,51.09922,27.65023
"012","1am",9.791562,9.156213,56.36224,24.68998
"013","1am",9.336126,8.357868,57.55999,24.74602
"014","1am",12.764298,8.07085,64.03186,15.13299
"015","1am",9.77232,9.368341,59.80326,21.05608
"001","2am",24.130276,12.449081,37.58272,25.83792
"002","2am",18.900329,14.357658,36.3179,30.42412
"003","2am",15.38906,6.968116,49.09269,28.55013
"004","2am",16.503731,5.056525,50.82423,27.61551
"005","2am",17.616609,6.267151,51.06407,25.05217
"006","2am",14.219234,5.656999,52.03891,28.08485
"007","2am",11.762048,2.350985,62.10662,23.78035
"008","2am",9.458987,7.983077,50.73454,31.8234
"009","2am",10.160894,5.794439,68.21236,15.83231
"010","2am",20.507802,10.321586,49.49708,19.67353
"011","2am",11.563148,9.687399,51.09922,27.65023
"012","2am",9.791562,9.156213,56.36224,24.68998
"013","2am",9.336126,8.357868,57.55999,24.74602
"014","2am",12.764298,8.07085,64.03186,15.13299
"015","2am",9.77232,9.368341,59.80326,21.05608
"001","3am",24.130276,12.449081,37.58272,25.83792
"002","3am",18.900329,14.357658,36.3179,30.42412
"003","3am",18.424446,6.718138,47.33151,27.5259
"004","3am",16.503731,5.056525,50.82423,27.61551
"005","3am",17.616609,6.267151,51.06407,25.05217
"006","3am",14.219234,5.656999,52.03891,28.08485
"007","3am",11.762048,2.350985,62.10662,23.78035
"008","3am",9.548751,8.058835,50.26702,32.1254
"009","3am",10.160894,5.794439,68.21236,15.83231
"010","3am",12.03264,13.009642,53.63821,21.31951
"011","3am",11.563148,9.687399,51.09922,27.65023
"012","3am",9.791562,9.156213,56.36224,24.68998
"013","3am",9.336126,8.357868,57.55999,24.74602
"014","3am",12.764298,8.07085,64.03186,15.13299
"015","3am",9.77232,9.368341,59.80326,21.05608
