"district","hour","educmen1","educmen2","educmen3","educmen4"
"001","4am",13.346575,26.56368,28.28595,31.803793
"002","4am",8.248366,22.93418,29.46358,39.353872
"003","4am",9.80363,38.67209,32.89528,18.629002
"004","4am",16.512369,40.14273,31.7006,11.644301
"005","4am",8.505702,37.90891,33.70176,19.883628
"006","4am",14.080695,32.4258,36.43645,17.057056
"007","4am",15.98344,45.33377,19.33053,19.352259
"008","4am",9.29532,39.75773,30.83834,20.108618
"009","4am",5.330851,45.1683,38.23528,11.265571
"010","4am",8.606208,42.65066,38.89552,9.84761
"011","4am",15.476758,43.10346,19.02982,22.389964
"012","4am",10.907929,51.42786,28.88226,8.781954
"013","4am",11.615419,36.3838,32.63576,19.365023
"014","4am",8.53296,43.65788,30.7852,17.023954
"015","4am",7.838339,36.67689,31.33203,24.152735
"001","5am",13.256121,27.06138,28.09425,31.58825
"002","5am",8.248366,22.93418,29.46358,39.353872
"003","5am",9.84005,39.31696,32.43222,18.410766
"004","5am",16.238901,39.47791,31.1756,13.107591
"005","5am",8.535412,37.69202,33.81948,19.953082
"006","5am",13.773418,34.32496,35.64132,16.26031
"007","5am",14.426482,44.27805,20.63614,20.659332
"008","5am",9.26133,39.77369,30.72557,20.239406
"009","5am",5.41971,44.25432,38.87261,11.453355
"010","5am",8.856412,43.58499,37.4247,10.133905
"011","5am",15.601177,43.44997,18.78085,22.168003
"012","5am",10.985298,51.08334,29.08712,8.844244
"013","5am",13.508029,36.07975,31.63878,18.773447
"014","5am",8.53296,43.65788,30.7852,17.023954
"015","5am",7.894206,36.9383,31.54669,23.620806
"001","6am",13.469656,27.22315,28.06133,31.245869
"002","6am",8.233728,21.9493,30.53294,39.284032
"003","6am",9.275622,39.85253,32.13299,18.73886
"004","6am",14.531355,41.81713,31.00532,12.646195
"005","6am",8.119481,37.58699,34.14713,20.146393
"006","6am",13.730394,33.48528,36.51401,16.27032
"007","6am",15.990962,40.74441,22.78054,20.484079
"008","6am",9.436686,40.04197,30.137,20.384343
"009","6am",5.747671,43.35735,38.74855,12.146428
"010","6am",9.048699,43.21502,37.69463,10.041653
"011","6am",15.7086,44.26336,17.7074,22.320642
"012","6am",11.715145,53.52978,25.32323,9.431843
"013","6am",13.4187,35.19015,32.74185,18.649298
"014","6am",8.447154,45.43958,28.31589,17.797372
"015","6am",7.894206,36.9383,31.54669,23.620806
"001","7am",9.254166,26.48594,33.64458,30.615313
"002","7am",8.134027,24.4395,32.60263,34.82384
"003","7am",10.023219,40.45607,30.82947,18.691235
"004","7am",13.425029,40.14781,29.4615,16.96566
"005","7am",10.141937,40.39748,32.87761,16.582978
"006","7am",13.066386,36.60861,36.28532,14.039686
"007","7am",15.982814,43.10959,20.06265,20.844943
"008","7am",10.312552,45.22466,30.3574,14.105384
"009","7am",8.160755,45.24978,37.99435,8.595113
"010","7am",11.383264,43.91003,33.45552,11.251186
"011","7am",15.5588,46.01477,20.12339,18.303037
"012","7am",13.735793,55.25448,24.1407,6.869028
"013","7am",14.401982,36.96409,33.5687,15.06522
"014","7am",11.070682,42.88003,29.12227,16.927016
"015","7am",8.371605,37.0444,32.89945,21.684544
"001","8am",8.359519,26.41821,34.23417,30.988105
"002","8am",7.072188,25.68411,36.4224,30.821295
"003","8am",8.149933,35.81601,34.94799,21.086068
"004","8am",16.332662,39.9833,29.3832,14.300846
"005","8am",9.309748,32.91676,47.66169,10.111796
"006","8am",15.126096,46.23609,23.99715,14.640666
"007","8am",18.830125,47.02227,28.71292,5.434685
"008","8am",13.922646,44.14572,31.65373,10.277896
"009","8am",10.962308,49.9059,35.16415,3.967642
"010","8am",11.001736,52.01599,24.64607,12.3362
"011","8am",15.95197,36.77127,23.51957,23.757196
"012","8am",14.170477,57.83603,22.57423,5.41926
"013","8am",16.750478,40.55651,30.05307,12.639949
"014","8am",14.076391,49.31069,29.07889,7.534035
"015","8am",9.891086,47.26441,24.28731,18.557191
"001","9am",8.800728,29.27118,32.74868,29.179413
"002","9am",5.982297,22.99879,38.73538,32.283524
"003","9am",8.111156,34.58632,34.43357,22.868952
"004","9am",17.522704,40.98595,28.41124,13.080111
"005","9am",8.657648,32.16028,48.60199,10.580077
"006","9am",14.169575,46.58461,24.76494,14.480865
"007","9am",18.474513,45.98786,29.13498,6.402638
"008","9am",13.583009,45.72134,30.23949,10.456161
"009","9am",11.773101,48.5651,33.94456,5.717233
"010","9am",9.948704,52.32064,25.7312,11.999456
"011","9am",18.130406,39.34217,21.40993,21.1175
"012","9am",15.450003,56.73116,23.30562,4.513216
"013","9am",17.517917,39.95823,31.82802,10.695834
"014","9am",13.611481,48.39048,28.25813,9.739916
"015","9am",9.710676,47.36354,27.04685,15.878933
"001","10am",9.299723,29.65339,32.2327,28.814188
"002","10am",5.075891,22.71735,39.52829,32.678478
"003","10am",7.576332,37.72087,32.49465,22.208144
"004","10am",13.88588,40.16854,30.42043,15.525153
"005","10am",10.456695,26.53052,51.65523,11.357553
"006","10am",15.263191,44.9541,24.0686,15.714105
"007","10am",18.123269,49.15691,28.62762,4.092201
"008","10am",12.132711,44.4369,29.74871,13.681683
"009","10am",12.899662,50.16867,31.01121,5.920452
"010","10am",12.137422,52.24738,24.37105,11.244145
"011","10am",19.68366,43.92585,20.07843,16.312067
"012","10am",16.021897,57.54227,21.90021,4.535618
"013","10am",18.382363,40.86132,32.49492,8.261396
"014","10am",13.090864,32.94438,45.99357,7.971189
"015","10am",11.089525,50.27497,24.89948,13.736026
"001","11am",8.242646,29.08942,29.79312,32.874813
"002","11am",6.396213,23.12211,35.69276,34.788914
"003","11am",9.107532,35.98946,32.06873,22.834285
"004","11am",13.480663,36.78555,37.33377,12.400016
"005","11am",10.319787,27.67426,50.67524,11.330706
"006","11am",14.614181,43.73481,28.50342,13.147588
"007","11am",19.092573,47.8804,26.66899,6.358043
"008","11am",12.213068,41.10092,32.81065,13.875367
"009","11am",10.085881,48.06444,36.78391,5.065765
"010","11am",11.621936,51.20498,27.46053,9.71255
"011","11am",20.686111,41.2212,19.16703,18.925661
"012","11am",14.87385,57.78496,24.37238,2.968812
"013","11am",16.792424,39.36459,34.16813,9.674862
"014","11am",14.402046,50.94142,31.03452,3.622013
"015","11am",11.300513,51.5094,23.41287,13.777219
"001","12am",8.661546,29.95507,29.05517,32.328213
"002","12am",8.344454,28.73273,31.01636,31.906461
"003","12am",9.568323,38.35835,31.22811,20.845221
"004","12am",12.866471,39.11838,38.83883,9.176322
"005","12am",11.146,35.5478,36.5923,16.713901
"006","12am",14.748299,38.61721,35.38543,11.249069
"007","12am",19.252524,47.40853,22.96535,10.373596
"008","12am",10.560355,40.03121,31.01607,18.392363
"009","12am",8.586442,43.32403,38.9151,9.174429
"010","12am",10.563583,49.95679,29.60836,9.871275
"011","12am",19.563024,47.11918,16.8164,16.501396
"012","12am",12.260665,53.79129,29.22197,4.726082
"013","12am",16.627967,36.28134,34.37192,12.718766
"014","12am",10.430097,41.4163,36.39187,11.761735
"015","12am",10.311709,42.70203,26.18008,20.806179
"001","1pm",10.526675,28.07576,29.51376,31.883809
"002","1pm",6.709476,24.90785,36.8726,31.51007
"003","1pm",8.585925,38.35826,30.59688,22.458931
"004","1pm",13.319783,35.06604,41.63932,9.974852
"005","1pm",12.621217,39.52911,33.26247,14.587205
"006","1pm",14.122726,41.93315,32.52263,11.421489
"007","1pm",17.798665,50.10932,26.75141,5.340608
"008","1pm",12.010531,41.45053,30.70675,15.83219
"009","1pm",9.593463,48.10643,35.6608,6.6393
"010","1pm",13.821368,46.64688,27.23887,12.292884
"011","1pm",16.735121,43.60926,21.14408,18.51154
"012","1pm",15.266107,57.02212,24.84258,2.869198
"013","1pm",15.622115,37.66159,38.43382,8.282474
"014","1pm",12.18291,46.60555,34.1385,7.073042
"015","1pm",9.641931,42.07298,26.1566,22.128489
"001","2pm",9.56357,30.27348,30.59526,29.567686
"002","2pm",5.569558,27.42733,35.081,31.922113
"003","2pm",9.87151,36.54582,29.3311,24.25157
"004","2pm",15.67125,41.89151,30.18786,12.249378
"005","2pm",11.168722,37.52349,34.62057,16.687216
"006","2pm",15.736549,47.59102,25.99236,10.68007
"007","2pm",16.41655,39.7141,38.85221,5.017141
"008","2pm",13.25841,37.18362,34.19785,15.360128
"009","2pm",10.205714,53.15685,29.42408,7.21336
"010","2pm",14.619418,49.96874,25.28444,10.127396
"011","2pm",20.19603,42.08805,18.81306,18.902863
"012","2pm",15.391767,48.21733,33.67155,2.719349
"013","2pm",15.472919,36.74551,38.03518,9.746398
"014","2pm",9.01884,38.49,43.95153,8.53963
"015","2pm",9.085924,47.2479,24.99672,18.669454
"001","3pm",6.958276,31.57885,31.67153,29.791346
"002","3pm",7.28156,25.48516,35.76996,31.463318
"003","3pm",9.840319,37.98773,29.62362,22.54833
"004","3pm",14.816461,37.8107,32.8959,14.476936
"005","3pm",11.755445,41.91729,28.33474,17.992522
"006","3pm",14.991986,50.27436,23.02211,11.711541
"007","3pm",18.234315,39.10175,38.21542,4.448518
"008","3pm",13.020283,40.08961,33.8204,13.069708
"009","3pm",9.007742,52.17214,30.31374,8.506374
"010","3pm",14.134577,54.55228,23.82305,7.490084
"011","3pm",19.036648,39.08201,23.90313,17.978204
"012","3pm",14.189522,48.29078,32.7772,4.742495
"013","3pm",14.210174,34.34228,40.08934,11.35821
"014","3pm",15.917864,46.02863,29.51311,8.540394
"015","3pm",11.296008,48.38619,24.58842,15.729381
"001","4pm",7.173597,27.62389,35.48017,29.722338
"002","4pm",7.374993,24.91879,35.13266,32.573556
"003","4pm",9.51802,36.33163,31.79926,22.351083
"004","4pm",13.931443,33.58104,37.55031,14.937208
"005","4pm",10.61464,35.75979,37.10833,16.517232
"006","4pm",16.789852,44.16285,26.44022,12.607071
"007","4pm",18.741011,48.75346,25.44031,7.065216
"008","4pm",12.224119,44.47308,26.3671,16.935702
"009","4pm",9.328257,56.78244,29.84338,4.045923
"010","4pm",11.753771,50.64381,29.74634,7.856084
"011","4pm",18.260919,38.59779,21.83645,21.304847
"012","4pm",14.815886,45.31274,35.89571,3.975657
"013","4pm",16.42437,37.56233,34.26542,11.747887
"014","4pm",14.448914,48.88249,27.2449,9.423698
"015","4pm",8.287497,41.65186,28.15179,21.908853
"001","5pm",6.66577,27.43219,35.30563,30.596412
"002","5pm",6.793993,33.95496,27.50984,31.741207
"003","5pm",10.171155,35.9329,29.89633,23.99961
"004","5pm",14.328726,31.2225,38.5736,15.875173
"005","5pm",8.558561,38.37667,33.8223,19.242466
"006","5pm",16.496966,44.79192,21.96496,16.746154
"007","5pm",19.936588,37.22163,22.86467,19.977113
"008","5pm",10.08613,41.82304,31.36264,16.728182
"009","5pm",8.036919,56.73422,29.98249,5.246369
"010","5pm",11.09768,45.95255,36.93075,6.019021
"011","5pm",17.524298,34.25862,22.5513,25.665773
"012","5pm",13.878847,45.73283,33.69848,6.689847
"013","5pm",16.278307,38.20268,33.27982,12.239193
"014","5pm",14.62254,43.79137,31.43186,10.154232
"015","5pm",8.9329,46.07162,29.02089,15.974582
"001","6pm",8.52118,29.90513,23.79125,37.782439
"002","6pm",9.55817,29.55779,24.99671,35.887335
"003","6pm",9.817221,36.95752,32.69722,20.528045
"004","6pm",14.217009,32.37918,31.03317,22.370637
"005","6pm",8.859102,42.37168,31.13186,17.637362
"006","6pm",13.474533,32.28938,37.87702,16.359072
"007","6pm",19.139645,42.88515,28.18671,9.788491
"008","6pm",8.81227,42.54129,31.61627,17.030176
"009","6pm",5.891549,49.77615,37.55509,6.777208
"010","6pm",8.24051,42.5843,41.13333,8.041856
"011","6pm",19.170535,37.01733,24.48377,19.328363
"012","6pm",12.995291,50.27981,29.93632,6.788584
"013","6pm",12.493259,36.65665,34.45395,16.396134
"014","6pm",13.810163,44.31732,28.05687,13.815649
"015","6pm",9.111436,41.63902,26.80996,22.439579
"001","7pm",8.790286,28.21699,26.05893,36.933787
"002","7pm",8.239262,30.87974,25.01736,35.863632
"003","7pm",12.436957,37.43444,31.39733,18.731279
"004","7pm",16.995424,44.84091,27.94306,10.220605
"005","7pm",9.264725,41.27033,28.61947,20.845476
"006","7pm",12.862396,33.73585,35.72009,17.681662
"007","7pm",17.034924,38.60434,24.57434,19.786391
"008","7pm",8.614999,40.65117,34.43212,16.301711
"009","7pm",5.93576,47.46983,38.05419,8.540218
"010","7pm",8.133793,40.9537,42.23245,8.680062
"011","7pm",18.916848,34.48439,22.21598,24.382778
"012","7pm",12.028853,50.43692,31.13946,6.394766
"013","7pm",11.744647,36.813,33.2279,18.214449
"014","7pm",8.013149,45.56091,30.04926,16.376684
"015","7pm",8.268996,41.06926,29.92006,20.741679
"001","8pm",9.262197,27.69387,27.68475,35.359183
"002","8pm",7.991885,25.88181,28.87365,37.252647
"003","8pm",11.474505,39.35165,30.11207,19.061772
"004","8pm",17.315282,46.78194,25.92724,9.975538
"005","8pm",8.961769,37.15477,34.46207,19.42139
"006","8pm",13.638572,31.83425,36.24187,18.285308
"007","8pm",16.950739,41.42804,24.13021,17.491015
"008","8pm",8.724699,40.6486,30.88362,19.74308
"009","8pm",5.854251,48.81433,36.22256,9.108856
"010","8pm",7.744703,39.9922,44.89756,7.365544
"011","8pm",19.478124,35.37153,19.5668,25.58355
"012","8pm",11.659929,49.85642,29.11401,9.369641
"013","8pm",11.550363,36.38096,33.00269,19.065986
"014","8pm",7.750581,45.09201,30.59213,16.565278
"015","8pm",8.35205,39.92712,28.02414,23.696696
"001","9pm",8.871878,26.74487,30.78042,33.602841
"002","9pm",7.432983,24.11876,28.91776,39.530499
"003","9pm",11.591983,39.58127,31.05767,17.769079
"004","9pm",17.606318,46.1435,25.5734,10.676787
"005","9pm",8.862665,37.46089,34.08097,19.59547
"006","9pm",13.465704,32.93359,35.47846,18.122253
"007","9pm",18.577904,42.66203,19.59003,19.170043
"008","9pm",9.482058,40.36888,29.44732,20.701744
"009","9pm",5.647579,48.18811,37.37702,8.787287
"010","9pm",7.740613,39.97108,45.23712,7.05119
"011","9pm",19.117503,36.10141,19.20454,25.576549
"012","9pm",11.173198,50.11649,29.7318,8.978516
"013","9pm",11.360302,36.93097,31.65825,20.05047
"014","9pm",8.397156,44.07834,30.74202,16.782484
"015","9pm",8.249654,38.3748,30.55733,22.818214
"001","10pm",9.13396,26.50818,30.57286,33.784998
"002","10pm",7.527497,24.82714,27.47593,40.169437
"003","10pm",11.786703,39.93402,29.63851,18.640768
"004","10pm",16.92558,44.13686,28.67358,10.263975
"005","10pm",8.936468,36.84808,34.65687,19.558576
"006","10pm",13.813442,32.24242,36.00435,17.939782
"007","10pm",17.866972,44.56834,18.84036,18.72432
"008","10pm",9.64679,40.54462,30.58401,19.224571
"009","10pm",5.588598,47.68485,37.5536,9.172946
"010","10pm",7.679775,39.74804,44.88158,7.690607
"011","10pm",18.690113,36.25708,19.71734,25.335461
"012","10pm",10.775826,50.35348,29.19358,9.677111
"013","10pm",11.976508,36.23357,31.37141,20.418509
"014","10pm",8.472538,44.31764,31.018,16.191826
"015","10pm",7.997141,37.84224,30.29604,23.864585
"001","11pm",9.464002,26.47228,29.47519,34.588523
"002","11pm",7.840399,25.44075,28.0063,38.712545
"003","11pm",11.808332,40.0073,29.51185,18.672522
"004","11pm",16.906009,42.4126,30.70305,9.978342
"005","11pm",8.785707,36.95402,34.55193,19.708342
"006","11pm",13.795753,33.06319,36.79699,16.34406
"007","11pm",16.849296,44.07635,18.67374,20.400611
"008","11pm",9.466181,39.7483,30.30728,20.478243
"009","11pm",5.483201,46.78555,38.20931,9.521936
"010","11pm",7.986409,38.99085,44.38016,8.642583
"011","11pm",18.044103,35.00388,20.70349,26.248524
"012","11pm",10.689809,49.95154,29.55615,9.802501
"013","11pm",12.05689,36.26534,32.65745,19.020318
"014","11pm",8.584822,44.90497,30.1038,16.406411
"015","11pm",7.68788,36.92675,30.7306,24.654769
"001","12pm",9.659241,26.55602,29.01317,34.771571
"002","12pm",7.840399,25.44075,28.0063,38.712545
"003","12pm",11.88364,40.26245,29.70006,18.15385
"004","12pm",17.065672,40.82608,30.07377,12.034483
"005","12pm",8.785707,36.95402,34.55193,19.708342
"006","12pm",13.818175,33.08287,36.72833,16.370623
"007","12pm",16.78632,43.91161,18.97771,20.324361
"008","12pm",9.421478,39.56059,30.63639,20.381537
"009","12pm",5.341007,45.57228,37.79967,11.287035
"010","12pm",7.58596,39.16054,44.5733,8.680196
"011","12pm",18.144281,34.43566,21.91852,25.501541
"012","12pm",10.689809,49.95154,29.55615,9.802501
"013","12pm",11.858164,36.25294,32.11918,19.769722
"014","12pm",8.584822,44.90497,30.1038,16.406411
"015","12pm",7.64072,36.70023,31.15552,24.50353
"001","1am",13.119035,25.539,27.90204,33.439919
"002","1am",8.210065,21.92537,29.32677,40.537797
"003","1am",9.960577,41.2732,30.44565,18.320574
"004","1am",16.851992,41.567,29.69721,11.883799
"005","1am",8.785707,36.95402,34.55193,19.708342
"006","1am",13.759574,32.94257,36.57257,16.725287
"007","1am",16.132804,46.09521,18.23888,19.533105
"008","1am",9.421478,39.56059,30.63639,20.381537
"009","1am",5.306557,45.92335,37.55586,11.214231
"010","1am",7.58596,39.16054,44.5733,8.680196
"011","1am",18.144281,34.43566,21.91852,25.501541
"012","1am",10.689809,49.95154,29.55615,9.802501
"013","1am",11.858164,36.25294,32.11918,19.769722
"014","1am",8.564206,44.79712,30.03151,16.607164
"015","1am",7.64072,36.70023,31.15552,24.50353
"001","2am",13.079462,25.46196,27.81788,33.640696
"002","2am",8.210065,21.92537,29.32677,40.537797
"003","2am",9.960577,41.2732,30.44565,18.320574
"004","2am",16.851992,41.567,29.69721,11.883799
"005","2am",8.785707,36.95402,34.55193,19.708342
"006","2am",13.759574,32.94257,36.57257,16.725287
"007","2am",16.074651,46.28952,18.17314,19.462695
"008","2am",9.375116,39.36592,30.97772,20.281241
"009","2am",5.306557,45.92335,37.55586,11.214231
"010","2am",7.58596,39.16054,44.5733,8.680196
"011","2am",18.144281,34.43566,21.91852,25.501541
"012","2am",10.689809,49.95154,29.55615,9.802501
"013","2am",11.858164,36.25294,32.11918,19.769722
"014","2am",8.564206,44.79712,30.03151,16.607164
"015","2am",7.64072,36.70023,31.15552,24.50353
"001","3am",13.079462,25.46196,27.81788,33.640696
"002","3am",8.210065,21.92537,29.32677,40.537797
"003","3am",9.58323,39.7096,33.08065,17.626517
"004","3am",16.851992,41.567,29.69721,11.883799
"005","3am",8.785707,36.95402,34.55193,19.708342
"006","3am",13.759574,32.94257,36.57257,16.725287
"007","3am",16.074651,46.28952,18.17314,19.462695
"008","3am",9.464856,38.78552,31.27425,20.475378
"009","3am",5.306557,45.92335,37.55586,11.214231
"010","3am",8.241017,42.54211,39.78713,9.429742
"011","3am",18.144281,34.43566,21.91852,25.501541
"012","3am",10.689809,49.95154,29.55615,9.802501
"013","3am",11.858164,36.25294,32.11918,19.769722
"014","3am",8.564206,44.79712,30.03151,16.607164
"015","3am",7.64072,36.70023,31.15552,24.50353
