"district","hour","age1","age2","age3","age4"
"001","4am",26.761549,19.090344,33.65107,20.49704
"002","4am",29.83694,24.851332,26.12521,19.18652
"003","4am",23.100634,25.843682,32.8947,18.160984
"004","4am",17.221546,25.014036,42.28945,15.474967
"005","4am",36.789696,20.65658,24.4221,18.131622
"006","4am",29.862655,13.162827,47.59366,9.38086
"007","4am",21.269862,14.399462,47.16118,17.169497
"008","4am",29.280804,19.6804,38.19762,12.841172
"009","4am",18.39437,19.433235,45.95657,16.215827
"010","4am",25.611988,21.582334,35.89553,16.91015
"011","4am",19.562219,10.964314,58.56666,10.906804
"012","4am",21.058261,18.100036,43.59853,17.243171
"021","4am",13.634427,11.749764,56.6831,17.932713
"022","4am",9.222557,16.705135,53.95117,20.121134
"023","4am",16.804806,13.919446,55.60012,13.675631
"024","4am",18.320765,20.515662,36.72959,24.433981
"025","4am",16.514428,11.144812,56.66308,15.677677
"026","4am",10.996729,12.480026,61.48455,15.038691
"027","4am",11.790532,10.24154,63.96381,14.004119
"028","4am",10.912662,14.742028,58.85455,15.490764
"029","4am",17.565304,12.377532,57.17291,12.884259
"030","4am",16.001858,12.972056,53.02587,18.000218
"031","4am",17.454375,12.601173,50.48635,19.458097
"032","4am",14.141215,25.221956,51.50513,9.131701
"033","4am",19.088201,5.050005,58.96517,16.896628
"034","4am",10.175216,14.515605,57.1199,18.189278
"035","4am",13.125262,12.392143,46.71389,27.768708
"036","4am",16.457454,17.455,47.63944,18.448111
"037","4am",12.938453,10.852296,61.54198,14.667275
"038","4am",15.626944,12.005357,55.78849,16.579208
"041","4am",7.865595,17.13672,47.06606,27.931625
"042","4am",18.650718,8.182535,61.43929,11.727455
"043","4am",8.927756,11.442568,67.05779,12.571885
"044","4am",13.373094,12.548231,58.83642,15.24226
"045","4am",16.996345,11.781722,55.24052,15.981409
"046","4am",9.167214,8.545157,68.4034,13.884226
"047","4am",12.240811,17.264043,48.39501,22.100131
"048","4am",9.605989,10.547235,54.00788,25.838897
"049","4am",11.090461,14.693538,60.5467,13.669295
"050","4am",3.378338,21.643167,54.76221,20.216285
"051","4am",14.245052,18.638916,54.59544,12.520586
"052","4am",15.105681,13.426347,50.29752,21.170449
"053","4am",8.506207,9.436403,61.02301,21.034376
"054","4am",15.287646,11.135882,50.53548,23.040991
"055","4am",10.932128,11.237127,55.24834,22.5824
"056","4am",13.795733,16.769527,52.90739,16.527347
"057","4am",12.651375,20.433722,50.76216,16.152746
"058","4am",11.583262,13.792836,55.62007,19.003834
"059","4am",13.793766,18.426582,49.37177,18.407885
"060","4am",10.802192,17.308613,49.80941,22.079785
"061","4am",14.687022,9.584508,56.37983,19.348638
"062","4am",8.635388,27.428092,47.13109,16.805432
"063","4am",12.107049,13.376248,40.20378,34.31292
"064","4am",5.156531,9.049665,45.65517,40.13863
"065","4am",5.015669,14.065112,47.06549,33.853731
"066","4am",8.736122,9.122366,58.31971,23.821799
"067","4am",7.516389,17.335298,47.23156,27.916758
"068","4am",9.107564,10.415281,55.63535,24.841803
"069","4am",11.123491,5.054761,61.50399,22.317756
"070","4am",4.593122,12.793846,59.69627,22.916765
"071","4am",9.286984,13.01654,48.41575,29.280727
"072","4am",14.785255,14.138421,48.24539,22.830929
"073","4am",8.723264,13.054437,49.70839,28.513913
"074","4am",11.080849,17.227407,47.33903,24.352717
"075","4am",13.90541,10.985307,61.64912,13.460159
"081","4am",13.239262,12.930534,52.38806,21.442145
"082","4am",11.137542,8.37834,52.17952,28.304601
"083","4am",6.953634,6.268075,60.1516,26.626692
"001","5am",26.908523,18.645988,33.83588,20.60961
"002","5am",29.839655,25.727624,25.24446,19.188266
"003","5am",23.100634,25.843682,32.8947,18.160984
"004","5am",17.101277,25.537711,41.99412,15.366895
"005","5am",36.681779,20.595987,24.6438,18.078435
"006","5am",29.987475,13.217845,47.37461,9.42007
"007","5am",21.959999,14.866677,45.44673,17.72659
"008","5am",29.59107,19.67802,37.89129,12.839619
"009","5am",18.520418,18.881152,46.27148,16.326946
"010","5am",25.327805,20.448101,36.78158,17.442509
"011","5am",19.894304,11.162429,57.85131,11.091956
"012","5am",21.058261,18.100036,43.59853,17.243171
"021","5am",14.145334,13.412577,55.97448,16.46761
"022","5am",9.364005,16.961344,53.24492,20.429735
"023","5am",17.045045,14.118436,54.96538,13.871136
"024","5am",18.065555,21.71646,36.12437,24.093613
"025","5am",16.498763,9.855291,57.98314,15.662806
"026","5am",10.692445,14.406495,60.2785,14.622564
"027","5am",12.069235,9.645985,63.94963,14.335147
"028","5am",10.94223,14.302264,59.22277,15.532735
"029","5am",19.890016,11.869031,55.44068,12.800272
"030","5am",17.478042,11.918677,54.06475,16.538534
"031","5am",17.407383,12.567247,50.61966,19.405711
"032","5am",13.860538,25.123243,52.06576,8.950454
"033","5am",19.499904,4.702068,58.53697,17.261062
"034","5am",10.13391,14.862628,56.88802,18.115439
"035","5am",13.125262,12.392143,46.71389,27.768708
"036","5am",16.46044,17.975439,47.11266,18.451458
"037","5am",13.025433,10.925252,61.28344,14.765878
"038","5am",15.626944,12.005357,55.78849,16.579208
"041","5am",7.576723,21.410528,44.10694,26.90581
"042","5am",18.650718,8.182535,61.43929,11.727455
"043","5am",9.128009,11.699229,66.31889,12.853876
"044","5am",13.69219,12.847644,57.85421,15.605956
"045","5am",16.080008,11.711437,57.08876,15.119792
"046","5am",9.077632,8.461654,68.71216,13.74855
"047","5am",12.164228,17.67839,48.19552,21.961864
"048","5am",9.85602,10.821766,52.81076,26.51145
"049","5am",10.925142,13.106586,62.50274,13.465534
"050","5am",3.346043,20.793674,55.83725,20.023029
"051","5am",14.327079,18.746245,54.33399,12.592683
"052","5am",15.344945,13.639011,49.51027,21.505774
"053","5am",7.375053,9.988565,61.45359,21.182793
"054","5am",15.349281,11.180778,50.33606,23.133884
"055","5am",11.037349,10.531731,55.63117,22.799754
"056","5am",13.932348,16.93559,52.44105,16.691012
"057","5am",13.183508,21.29319,48.69115,16.832151
"058","5am",11.71736,13.952514,55.10629,19.223838
"059","5am",13.691233,18.289612,49.7481,18.271053
"060","5am",10.924994,16.368561,50.37565,22.330793
"061","5am",14.586017,9.518595,56.67981,19.215575
"062","5am",8.596277,27.303866,47.37054,16.729317
"063","5am",12.231272,13.513494,39.59025,34.664984
"064","5am",5.079202,10.413591,44.97051,39.536696
"065","5am",5.009472,13.666392,47.51223,33.811905
"066","5am",8.770181,9.157932,58.15721,23.914673
"067","5am",7.584346,17.49203,46.75447,28.169159
"068","5am",9.300667,10.636111,54.69471,25.368512
"069","5am",11.123491,5.054761,61.50399,22.317756
"070","5am",4.635431,10.562269,61.67444,23.12786
"071","5am",9.455144,13.252232,47.48171,29.810916
"072","5am",15.157675,14.494549,46.94177,23.40601
"073","5am",8.701492,12.1055,50.75026,28.442745
"074","5am",10.998028,18.24623,46.58504,24.170699
"075","5am",14.256708,11.262833,60.68025,13.800209
"081","5am",13.44712,13.133545,51.64055,21.77879
"082","5am",11.068123,8.949408,51.85429,28.128181
"083","5am",6.967996,6.28102,60.0693,26.681685
"001","6am",28.228774,16.588553,33.56187,21.620808
"002","6am",28.013582,26.438904,28.13127,17.416248
"003","6am",24.378261,25.460769,31.67524,18.485734
"004","6am",15.733715,26.90902,42.13449,15.222779
"005","6am",35.790368,20.5093,25.65343,18.046904
"006","6am",30.272502,12.258118,47.95977,9.509607
"007","6am",22.880712,13.602432,45.04705,18.469811
"008","6am",29.736639,20.950838,36.50819,12.804337
"009","6am",18.823401,18.499548,45.59925,17.0778
"010","6am",25.905616,18.883781,37.37017,17.84043
"011","6am",20.715993,11.077586,57.19877,11.007649
"012","6am",20.328834,18.692402,43.69675,17.282016
"021","6am",15.083778,13.85249,54.68153,16.382205
"022","6am",9.739847,15.641308,54.40638,20.212464
"023","6am",17.720584,14.677986,53.18055,14.420885
"024","6am",18.710361,20.613621,37.7454,22.930621
"025","6am",15.594259,12.846718,56.75489,14.804131
"026","6am",10.613724,14.519249,60.35212,14.514909
"027","6am",11.308008,8.498834,65.14445,15.048712
"028","6am",11.000607,14.774824,58.60897,15.615603
"029","6am",19.765336,12.596975,54.91766,12.720034
"030","6am",16.888648,10.457445,57.19996,15.453946
"031","6am",16.207956,12.573684,51.80271,19.415651
"032","6am",12.049955,25.528465,53.3295,9.092076
"033","6am",18.363403,4.100522,59.64506,17.891013
"034","6am",8.215212,16.178627,57.28727,18.318893
"035","6am",13.458883,12.70713,45.35945,28.474539
"036","6am",17.740666,16.07876,46.5224,19.658173
"037","6am",13.368298,10.052976,60.72273,15.855996
"038","6am",12.278006,11.421984,58.90522,17.39479
"041","6am",7.741626,21.307427,41.88991,29.061034
"042","6am",17.610923,9.952302,60.66736,11.769417
"043","6am",7.186543,12.274713,67.05259,13.486158
"044","6am",12.774017,13.638977,57.01982,16.567182
"045","6am",16.853699,11.620189,55.67883,15.847281
"046","6am",8.434046,8.791987,68.48869,14.285277
"047","6am",12.133503,17.106177,48.85393,21.906392
"048","6am",9.104761,11.311785,51.87154,27.711912
"049","6am",10.501132,13.428103,62.27491,13.795857
"050","6am",3.437419,21.702966,54.28978,20.569831
"051","6am",13.729117,19.646035,53.42774,13.197113
"052","6am",15.724925,13.976748,48.26001,22.038313
"053","6am",7.067676,10.326734,60.70564,21.899951
"054","6am",14.502792,10.564176,53.07495,21.858087
"055","6am",7.331015,11.250441,57.06288,24.355664
"056","6am",14.443682,15.60632,51.74748,18.202523
"057","6am",10.95069,21.7717,49.35699,17.920623
"058","6am",11.833646,12.529023,55.51021,20.127122
"059","6am",13.360766,18.769762,49.11876,18.750716
"060","6am",11.281314,16.130931,49.52864,23.059115
"061","6am",11.386715,10.411943,57.52133,20.680014
"062","6am",7.694818,27.550834,47.54994,17.204408
"063","6am",11.96317,13.217286,40.9144,33.905147
"064","6am",5.172478,10.604829,43.95993,40.26276
"065","6am",4.180888,15.281188,45.98436,34.553568
"066","6am",7.270322,9.284688,59.19931,24.245681
"067","6am",7.930906,14.537974,48.07479,29.456325
"068","6am",9.772381,7.681775,55.89068,26.65516
"069","6am",11.059941,5.24776,60.52242,23.169882
"070","6am",3.929931,11.807124,61.14416,23.118787
"071","6am",9.588648,13.439349,46.74017,30.231836
"072","6am",15.400991,13.930737,46.88654,23.78173
"073","6am",8.441287,11.7839,50.92475,28.850067
"074","6am",10.305904,17.032317,47.52221,25.139571
"075","6am",12.058591,10.513785,62.61478,14.812844
"081","6am",11.36215,13.716698,52.17535,22.745807
"082","6am",10.559478,9.526277,51.21567,28.698577
"083","6am",4.578192,6.689619,60.31478,28.417405
"001","7am",32.575146,16.088667,31.13804,20.198148
"002","7am",29.229434,23.044705,32.17784,15.548025
"003","7am",23.750514,23.124478,33.98158,19.143428
"004","7am",13.349875,25.584648,46.62236,14.443117
"005","7am",37.273086,18.673141,29.18058,14.873196
"006","7am",28.346682,12.385562,50.35157,8.916187
"007","7am",21.545996,15.682624,41.79663,20.97475
"008","7am",42.477032,17.476012,30.37977,9.66719
"009","7am",14.89654,19.092464,49.14663,16.864369
"010","7am",23.33905,18.972479,39.89421,17.794261
"011","7am",17.601988,12.532077,59.88237,9.983567
"012","7am",17.927691,17.28988,48.79689,15.985538
"021","7am",18.611858,14.85713,51.97753,14.553479
"022","7am",8.125177,12.879123,56.49697,22.498732
"023","7am",12.708493,17.255156,53.7961,16.240255
"024","7am",15.259025,23.238943,41.40254,20.099489
"025","7am",15.931847,12.372378,54.82713,16.868642
"026","7am",5.979077,17.408657,62.09775,14.514519
"027","7am",5.891924,5.636973,66.77916,21.691946
"028","7am",9.829725,17.503619,55.8354,16.83126
"029","7am",11.472402,13.845801,59.95732,14.724475
"030","7am",10.649234,11.260269,61.91336,16.177139
"031","7am",12.230448,13.079007,54.21461,20.47594
"032","7am",11.307811,21.753631,57.6008,9.337756
"033","7am",12.638384,3.965247,58.38217,25.014201
"034","7am",10.059296,16.505669,56.21612,17.218915
"035","7am",7.879249,12.582105,45.0565,34.48215
"036","7am",13.764739,17.441207,46.7125,22.081556
"037","7am",7.359592,13.76633,61.83565,17.038427
"038","7am",8.964546,18.152463,54.36698,18.516011
"041","7am",5.444606,23.299342,38.41973,32.836323
"042","7am",17.678049,13.957013,55.74747,12.617468
"043","7am",4.082732,9.822468,68.3785,17.7163
"044","7am",5.145837,13.209099,60.52198,21.123081
"045","7am",9.784142,15.216959,56.90698,18.091924
"046","7am",4.439191,8.605291,69.56478,17.390734
"047","7am",10.606908,16.07925,51.40672,21.907118
"048","7am",5.035482,10.990323,51.3779,32.596296
"049","7am",3.940585,14.224682,65.88873,15.946001
"050","7am",2.912918,23.055097,53.49955,20.532431
"051","7am",9.629952,19.394935,54.20682,16.768295
"052","7am",13.61051,16.148982,45.91855,24.321958
"053","7am",4.865459,10.203739,60.02887,24.901934
"054","7am",31.569158,7.075281,44.51759,16.837976
"055","7am",3.375324,10.991875,57.74913,27.883673
"056","7am",14.357059,14.504158,49.32614,21.812646
"057","7am",8.925056,14.569457,53.95932,22.546164
"058","7am",6.572032,11.356444,55.55511,26.516418
"059","7am",16.080546,17.298578,45.18067,21.440204
"060","7am",9.479443,14.64538,47.96782,27.907361
"061","7am",10.739915,10.474213,56.53702,22.248851
"062","7am",4.116121,27.299104,47.16392,21.420852
"063","7am",6.623599,13.944201,43.66236,35.769839
"064","7am",1.379638,13.239029,44.24558,41.135748
"065","7am",13.576534,13.714571,44.60911,28.099783
"066","7am",7.767921,11.726795,52.04813,28.457158
"067","7am",3.047784,16.292543,47.6483,33.011371
"068","7am",11.157486,7.435351,53.56063,27.846536
"069","7am",7.718552,7.586639,61.61382,23.080988
"070","7am",1.610203,9.298249,62.5762,26.51535
"071","7am",6.385184,11.889464,46.55597,35.169378
"072","7am",10.928676,16.183964,41.51751,31.369847
"073","7am",13.550693,12.35352,48.53119,25.564596
"074","7am",7.098645,18.377893,43.7281,30.79536
"075","7am",3.503031,16.831037,63.82518,15.840748
"081","7am",1.181815,14.922665,55.84072,28.054802
"082","7am",13.777608,9.32566,47.92661,28.970121
"083","7am",1.839793,7.143726,58.40526,32.611218
"001","8am",34.256638,14.507307,32.07594,19.160116
"002","8am",25.582868,17.88373,42.05081,14.482596
"003","8am",22.063966,18.199142,38.32337,21.413526
"004","8am",8.856074,23.950988,54.42194,12.771
"005","8am",38.629138,19.233462,31.02854,11.108859
"006","8am",26.313171,10.320441,55.33458,8.031804
"007","8am",13.851683,14.669934,49.48837,21.990015
"008","8am",38.466052,15.817691,38.53218,7.184072
"009","8am",12.338689,17.843155,52.8489,16.969254
"010","8am",28.379634,17.248167,39.66816,14.704039
"011","8am",13.666157,14.893628,61.65747,9.78274
"012","8am",30.255936,11.844983,40.19337,17.705711
"021","8am",15.075649,23.14054,50.46869,11.315118
"022","8am",9.728478,10.33203,53.97163,25.96786
"023","8am",13.210423,14.933181,53.79009,18.066301
"024","8am",16.244017,20.65218,48.66542,14.438381
"025","8am",10.818274,20.752388,52.77622,15.653121
"026","8am",6.562186,20.117606,60.17702,13.143193
"027","8am",12.79542,8.904137,58.53551,19.764938
"028","8am",7.553601,20.26526,51.44257,20.738564
"029","8am",9.376329,12.12196,59.51339,18.988321
"030","8am",9.590423,10.546484,64.70255,15.160547
"031","8am",19.669426,13.419498,50.28613,16.624943
"032","8am",11.516293,21.065518,59.32811,8.090077
"033","8am",9.219823,10.146887,50.55343,30.079856
"034","8am",15.105225,23.90728,46.36384,14.623658
"035","8am",7.623587,13.063789,47.19502,32.117605
"036","8am",14.85447,15.83525,41.59577,27.714512
"037","8am",6.048377,18.975093,55.29021,19.686324
"038","8am",14.311238,14.539072,44.72501,26.424675
"041","8am",4.935221,18.35602,43.45775,33.251011
"042","8am",17.873647,12.621364,54.08187,15.423115
"043","8am",4.059071,8.856997,64.48532,22.59861
"044","8am",3.065716,13.244496,60.62421,23.065573
"045","8am",6.374737,19.99214,52.73227,20.900855
"046","8am",1.356311,6.716719,71.47248,20.454487
"047","8am",18.637249,14.997995,50.2026,16.162156
"048","8am",5.443941,12.403017,46.91266,35.240383
"049","8am",4.600176,15.027689,63.72289,16.649247
"050","8am",1.785547,19.512035,53.56625,25.136164
"051","8am",6.037586,25.954869,48.43439,19.573154
"052","8am",12.834659,17.311161,44.03379,25.820394
"053","8am",12.706486,9.155742,54.66691,23.470865
"054","8am",26.807078,9.959547,48.46751,14.765869
"055","8am",3.79173,3.360865,62.51616,30.331246
"056","8am",6.2449,15.812638,52.33226,25.610208
"057","8am",8.242742,8.735263,54.47333,28.548668
"058","8am",8.901005,11.551496,51.87047,27.677026
"059","8am",18.598425,14.142629,43.70091,23.558036
"060","8am",13.4712,10.34241,48.74394,27.442452
"061","8am",10.745758,9.628777,55.97306,23.652408
"062","8am",2.274294,22.224387,53.01148,22.489844
"063","8am",5.66717,9.765027,47.3075,37.260302
"064","8am",2.453148,14.233383,46.45828,36.855188
"065","8am",14.270419,15.972003,44.44897,25.308609
"066","8am",6.608822,8.887416,51.7213,32.782458
"067","8am",2.70968,13.358213,48.65977,35.272342
"068","8am",13.088429,9.11743,51.30098,26.493166
"069","8am",7.816929,5.367936,63.34373,23.4714
"070","8am",1.22082,12.366342,57.03692,29.375917
"071","8am",3.679303,12.458672,46.7418,37.120227
"072","8am",11.135539,8.728727,48.13041,32.005325
"073","8am",13.093212,13.453183,50.44479,23.008813
"074","8am",4.079727,13.22852,46.97923,35.712524
"075","8am",5.724491,16.903671,59.42171,17.950132
"081","8am",1.220614,14.961445,53.57804,30.239901
"082","8am",14.438696,10.395176,44.80594,30.360188
"083","8am",2.190505,8.125736,51.70673,37.977025
"001","9am",35.812964,14.749104,31.87077,17.567167
"002","9am",21.272688,16.903757,48.05567,13.767879
"003","9am",19.220272,19.958472,38.93741,21.88385
"004","9am",8.991325,28.08672,51.35983,11.562123
"005","9am",40.241566,19.849295,29.46694,10.442204
"006","9am",30.867708,8.994589,51.28662,8.851079
"007","9am",8.697681,14.267497,51.05207,25.982748
"008","9am",39.028519,14.789994,39.70524,6.476247
"009","9am",11.281836,19.346426,51.98294,17.3888
"010","9am",26.594163,17.58203,42.7069,13.116907
"011","9am",10.949222,16.244461,63.57189,9.234428
"012","9am",32.186311,11.891896,40.86069,15.061103
"021","9am",11.950097,24.823813,51.12782,12.098271
"022","9am",9.751011,10.918785,54.29955,25.030657
"023","9am",13.25526,14.38371,54.99391,17.367124
"024","9am",14.099794,22.334233,50.63246,12.933517
"025","9am",9.503802,20.382412,52.67394,17.439844
"026","9am",4.638527,20.937249,60.17192,14.252307
"027","9am",13.571171,8.564623,55.18608,22.678122
"028","9am",6.190925,19.641624,51.64798,22.51947
"029","9am",10.506147,11.55943,58.0774,19.857019
"030","9am",10.732193,9.616798,64.88613,14.764882
"031","9am",18.126951,13.390008,51.51898,16.964065
"032","9am",11.15227,21.798054,58.37717,8.672506
"033","9am",10.109684,11.126224,47.34198,31.422117
"034","9am",15.486624,24.510925,44.91166,15.090787
"035","9am",6.112104,14.25717,50.43231,29.19842
"036","9am",14.491149,18.376616,40.97043,26.161802
"037","9am",4.428634,21.950576,54.24018,19.380608
"038","9am",14.338296,9.832718,47.61724,28.211745
"041","9am",2.824794,20.503426,43.79121,32.880566
"042","9am",17.727375,13.445807,53.83219,14.994628
"043","9am",4.396445,9.593155,62.01401,23.996395
"044","9am",1.61777,11.351244,61.6364,25.394589
"045","9am",3.755023,23.005397,56.52606,16.713518
"046","9am",5.377375,6.917561,68.35881,19.346254
"047","9am",18.266032,12.954039,52.72196,16.057967
"048","9am",5.4601,11.599009,48.10787,34.833021
"049","9am",5.377552,14.240699,64.95837,15.423384
"050","9am",2.526616,22.363197,48.63313,26.47706
"051","9am",6.18987,23.331496,51.44497,19.033665
"052","9am",12.56079,16.941771,44.97464,25.522802
"053","9am",13.420958,9.416846,54.78778,22.374412
"054","9am",26.228089,11.981906,45.81212,15.97788
"055","9am",4.103929,3.637588,61.22972,31.028758
"056","9am",6.777389,14.054305,52.64722,26.521089
"057","9am",7.936087,11.522415,51.79723,28.744267
"058","9am",9.086119,7.95357,54.70885,28.251462
"059","9am",14.161326,11.878461,45.58422,28.375989
"060","9am",14.386471,9.348131,46.51223,29.753165
"061","9am",7.049274,10.198364,57.031,25.721364
"062","9am",2.261216,20.997386,54.88191,21.85949
"063","9am",5.615541,11.427509,45.73467,37.222282
"064","9am",2.469935,15.308129,47.50679,34.715147
"065","9am",13.868209,15.869364,44.41977,25.842657
"066","9am",7.046703,8.3743,50.00698,34.572014
"067","9am",2.99148,9.928316,50.42558,36.654621
"068","9am",11.600341,9.210284,53.32972,25.859653
"069","9am",8.485845,4.349262,63.46718,23.697713
"070","9am",1.276965,11.927086,57.74496,29.050985
"071","9am",3.809936,12.901012,46.01427,37.274784
"072","9am",10.676078,12.034228,47.62215,29.667548
"073","9am",13.331423,14.101835,49.47078,23.095957
"074","9am",2.260086,14.030761,51.8483,31.860854
"075","9am",5.638913,19.176614,57.50268,17.681788
"081","9am",2.431994,16.301655,50.80032,30.466031
"082","9am",14.15599,9.80046,46.10564,29.937905
"083","9am",2.209026,5.117398,55.37501,37.298567
"001","10am",34.038495,15.145248,32.30562,18.510637
"002","10am",19.810986,19.426309,47.58562,13.177083
"003","10am",18.332321,19.573272,39.07413,23.020274
"004","10am",6.93928,28.777522,51.88444,12.398755
"005","10am",42.193077,19.501098,28.90255,9.403278
"006","10am",29.295179,11.199503,53.50066,6.004659
"007","10am",13.599756,12.990311,46.0449,27.365029
"008","10am",41.55134,14.361352,37.67603,6.411274
"009","10am",15.845188,18.343193,49.34081,16.470804
"010","10am",27.020167,15.988405,43.20021,13.791223
"011","10am",11.092239,13.113074,66.51231,9.282378
"012","10am",28.66457,11.730988,42.02934,17.575101
"021","10am",12.365008,23.695731,49.55074,14.388522
"022","10am",8.343561,10.568864,57.58659,23.50098
"023","10am",12.540159,13.814261,57.17761,16.467966
"024","10am",14.369802,22.918399,49.89177,12.820025
"025","10am",8.543716,21.676613,53.394,16.385675
"026","10am",4.497763,20.99088,59.30404,15.207319
"027","10am",11.989257,7.485912,57.52516,22.999668
"028","10am",7.333356,20.469746,51.80383,20.393073
"029","10am",9.019811,11.068367,60.45521,19.456612
"030","10am",9.692712,9.676613,64.927,15.703675
"031","10am",17.749676,13.810173,51.90741,16.532744
"032","10am",9.797686,21.873783,58.88203,9.4465
"033","10am",10.962803,5.971128,46.16619,36.899876
"034","10am",16.726147,23.345763,44.85317,15.074919
"035","10am",6.436645,14.149132,47.92754,31.486684
"036","10am",14.912499,18.627353,42.6108,23.849352
"037","10am",4.455676,22.084609,55.07295,18.386766
"038","10am",8.818957,12.275781,50.43481,28.470451
"041","10am",2.87396,20.765442,44.32726,32.033336
"042","10am",17.267424,13.143527,55.13819,14.450855
"043","10am",3.292505,9.868443,61.77843,25.060619
"044","10am",5.398683,10.651281,60.78582,23.164216
"045","10am",3.652438,21.284261,57.02506,18.038245
"046","10am",5.277569,7.993368,70.50858,16.220483
"047","10am",18.533503,13.415904,51.02059,17.029999
"048","10am",5.463776,12.967929,44.6177,36.950593
"049","10am",5.121322,12.369599,66.52362,15.985459
"050","10am",2.603219,21.614697,49.0035,26.778582
"051","10am",5.919596,27.125616,46.45533,20.499455
"052","10am",13.13295,14.234762,46.52154,26.110751
"053","10am",13.492937,9.898723,53.81834,22.789999
"054","10am",27.037271,12.351568,44.33379,16.277369
"055","10am",0.936852,5.527123,63.06809,30.467939
"056","10am",6.910695,13.083143,52.20751,27.798647
"057","10am",9.219179,10.503119,53.1062,27.171498
"058","10am",9.147084,6.709712,55.577,28.566203
"059","10am",13.06457,14.020428,43.88646,29.028538
"060","10am",16.010763,9.823082,46.68322,27.482937
"061","10am",7.178153,11.191289,57.66608,23.964475
"062","10am",2.253297,20.923854,55.60912,21.21373
"063","10am",5.679298,10.202273,45.99174,38.126693
"064","10am",2.980197,14.506728,44.29454,38.218533
"065","10am",13.874507,16.24283,45.32433,24.55833
"066","10am",7.696663,10.893456,51.48752,29.922359
"067","10am",2.296076,10.824368,51.41805,35.461511
"068","10am",13.479523,8.755268,53.03584,24.729365
"069","10am",8.394958,3.519027,67.20088,20.885133
"070","10am",1.290399,12.052566,56.57049,30.086545
"071","10am",3.779862,12.179189,45.48547,38.555476
"072","10am",10.96989,12.419939,45.6063,31.003866
"073","10am",13.285441,13.642912,49.1242,23.947443
"074","10am",3.435844,13.94138,55.25226,27.370517
"075","10am",5.37973,18.295194,58.50461,17.820466
"081","10am",2.396567,16.064186,49.19682,32.342422
"082","10am",14.270411,9.879676,47.10148,28.748438
"083","10am",2.315054,5.36302,53.93686,38.385065
"001","11am",31.17841,13.9513364,35.23367,19.636587
"002","11am",21.415579,18.2042279,47.4578,12.922388
"003","11am",17.812224,18.9897089,39.64431,23.553759
"004","11am",6.833952,28.1238416,53.4237,11.618505
"005","11am",41.701588,20.0025093,28.74529,9.550612
"006","11am",28.160614,10.2506744,56.09389,5.494826
"007","11am",15.644452,13.7436685,50.05501,20.556872
"008","11am",41.371439,14.1413005,37.99564,6.491616
"009","11am",15.415499,18.8433459,48.3185,17.422655
"010","11am",28.363568,13.4878626,43.31182,14.836752
"011","11am",11.632178,13.0158557,65.33055,10.021411
"012","11am",29.528751,11.3250694,41.09885,18.047326
"021","11am",12.370823,26.899883,48.61113,12.118164
"022","11am",10.517619,8.074305,54.3303,27.077772
"023","11am",7.21391,14.8043426,60.27682,17.704925
"024","11am",14.784241,23.0552228,49.06882,13.091715
"025","11am",8.900912,25.3366334,51.86295,13.899505
"026","11am",5.043776,22.9943747,58.88216,13.079694
"027","11am",12.220594,9.9015508,56.1576,21.720254
"028","11am",7.093071,19.7990328,52.80732,20.300579
"029","11am",8.926465,9.5909919,62.46395,19.018589
"030","11am",10.087658,9.5322242,63.49905,16.88107
"031","11am",18.878277,14.123987,50.29871,16.699024
"032","11am",10.976982,21.408728,57.43275,10.181539
"033","11am",13.478536,5.2163042,47.95304,33.352124
"034","11am",16.654482,23.0597435,45.93846,14.347309
"035","11am",4.171697,12.8931734,53.15572,29.779404
"036","11am",15.3896,19.1209821,38.68228,26.807142
"037","11am",4.495481,21.5272778,54.28677,19.690467
"038","11am",6.63735,13.6796227,50.61227,29.070752
"041","11am",2.731888,18.5009098,45.32319,33.444007
"042","11am",17.845645,16.0911029,52.05179,14.011461
"043","11am",3.059524,9.1701403,63.7166,24.053735
"044","11am",5.065409,12.0366021,59.72977,23.168221
"045","11am",4.164514,18.1104779,59.64273,18.082277
"046","11am",5.13902,7.7835221,70.81494,16.262517
"047","11am",18.478624,16.3851699,48.48277,16.653431
"048","11am",3.724875,13.9046028,45.61307,36.757456
"049","11am",6.229325,16.9460171,60.79495,16.029705
"050","11am",2.628789,22.1394602,51.33295,23.898798
"051","11am",6.002586,20.8301415,51.5222,21.645077
"052","11am",13.211924,15.2661514,46.64921,24.872716
"053","11am",13.374315,7.7513901,53.95837,24.915923
"054","11am",26.24287,11.9886584,48.0396,13.728875
"055","11am",1.042391,0.4883075,62.00569,36.463608
"056","11am",6.321927,16.0044597,51.30957,26.364047
"057","11am",10.917479,10.3457211,51.50062,27.236182
"058","11am",9.442879,7.0611888,53.81523,29.680701
"059","11am",13.165547,11.7597346,46.59805,28.476668
"060","11am",15.340628,11.3727199,45.17849,28.108162
"061","11am",5.896681,11.5425743,55.27187,27.288876
"062","11am",2.263309,23.9997658,53.36773,20.369196
"063","11am",5.718045,9.398524,47.27492,37.608507
"064","11am",3.07027,14.3040003,44.42857,38.197156
"065","11am",14.127036,16.1694813,44.24793,25.455549
"066","11am",8.047648,8.3029636,54.75548,28.893912
"067","11am",2.161535,12.0046041,50.54994,35.283923
"068","11am",14.062265,7.3732802,52.50142,26.06303
"069","11am",8.473744,3.9771822,67.18915,20.359927
"070","11am",1.243613,11.127974,58.03655,29.591859
"071","11am",3.765273,13.0788458,46.07627,37.079608
"072","11am",12.007356,10.6719988,45.8057,31.514946
"073","11am",13.349083,13.9979668,47.92467,24.728278
"074","11am",3.436654,13.9446664,53.1725,29.446175
"075","11am",5.512473,17.5846859,60.96188,15.940963
"081","11am",1.195399,20.2790837,48.9124,29.61312
"082","11am",14.274028,9.6059742,46.02487,30.09513
"083","11am",2.245246,6.1421413,54.64029,36.972325
"001","12am",36.713546,16.451144,28.1133,18.722011
"002","12am",22.072011,15.699994,48.18264,14.045357
"003","12am",19.564793,17.870799,37.665,24.899411
"004","12am",7.348729,25.621129,55.80125,11.228892
"005","12am",40.522544,19.719415,30.09212,9.665922
"006","12am",25.708762,12.154179,57.81406,4.323004
"007","12am",16.117353,13.609237,48.91531,21.358099
"008","12am",39.216789,15.91204,37.90884,6.962326
"009","12am",7.575034,22.079615,52.5068,17.838546
"010","12am",30.631494,14.539841,39.85803,14.970634
"011","12am",14.838968,13.088508,62.68856,9.383967
"012","12am",20.613324,13.788833,46.2908,19.307043
"021","12am",13.526821,25.278483,50.41244,10.782252
"022","12am",10.356497,9.255356,54.86803,25.520119
"023","12am",8.134439,16.557282,56.32176,18.986517
"024","12am",16.458789,21.814134,48.64133,13.085744
"025","12am",11.656738,20.336903,54.51742,13.488936
"026","12am",6.036595,24.020655,56.7934,13.149352
"027","12am",11.117422,9.697692,57.91182,21.273065
"028","12am",6.547432,19.238023,54.54191,19.672631
"029","12am",10.917457,9.914321,61.39405,17.774177
"030","12am",10.368836,10.133993,63.15338,16.343793
"031","12am",17.430336,13.583112,52.45757,16.52898
"032","12am",10.978283,19.382345,59.77573,9.863645
"033","12am",11.817263,8.263705,50.67767,29.241366
"034","12am",17.134528,21.847189,45.7079,15.310384
"035","12am",4.251578,13.140053,52.10854,30.499827
"036","12am",11.221253,16.516227,43.93254,28.329984
"037","12am",6.401503,20.899573,54.22244,18.476483
"038","12am",6.71031,9.616777,54.89597,28.776947
"041","12am",4.4592,22.181129,39.70567,33.653997
"042","12am",16.248357,13.869424,56.12081,13.761409
"043","12am",3.86283,9.429728,63.30252,23.404924
"044","12am",5.471098,13.545268,57.02992,23.953715
"045","12am",5.962117,16.565227,58.67094,18.801715
"046","12am",6.284425,7.064937,69.47124,17.179396
"047","12am",16.406773,16.377899,49.55592,17.659409
"048","12am",4.582553,10.276428,49.92685,35.214173
"049","12am",7.442383,15.968357,59.97589,16.613369
"050","12am",2.475926,23.00251,50.81072,23.710847
"051","12am",9.180538,18.397167,53.43161,18.990685
"052","12am",12.655784,17.291324,45.56411,24.48878
"053","12am",13.601873,9.466315,52.12978,24.802029
"054","12am",28.902968,11.957125,43.56506,15.574852
"055","12am",2.073915,4.603836,60.03012,33.292128
"056","12am",6.570745,10.843405,55.95419,26.631663
"057","12am",12.545377,8.236598,53.1091,26.10892
"058","12am",8.89964,9.296172,54.13141,27.672781
"059","12am",14.587601,17.886324,43.10819,24.417883
"060","12am",14.236438,12.773272,45.79342,27.196871
"061","12am",7.141417,9.811807,54.46688,28.579898
"062","12am",3.770687,23.115606,53.62795,19.485757
"063","12am",4.44542,9.25607,49.02514,37.27337
"064","12am",4.095055,11.272674,45.3815,39.250775
"065","12am",13.378665,15.436314,45.7899,25.395124
"066","12am",6.586571,8.699199,55.61002,29.10421
"067","12am",2.694712,11.962836,47.51924,37.823217
"068","12am",13.062287,13.178673,50.08569,23.673349
"069","12am",8.681546,4.729084,64.19342,22.395947
"070","12am",1.164261,11.486352,58.61124,28.738143
"071","12am",4.318247,14.492309,46.55337,34.636079
"072","12am",13.842645,13.955957,40.96234,31.239059
"073","12am",12.810777,12.662323,49.51817,25.008728
"074","12am",5.333986,13.473639,54.22909,26.963283
"075","12am",5.76226,17.144879,59.5127,17.580157
"081","12am",3.216074,18.019718,50.81264,27.95157
"082","12am",14.095561,11.087384,45.19023,29.626823
"083","12am",2.030011,7.53038,59.89693,30.542675
"001","1pm",30.959485,16.6866,32.98831,19.365609
"002","1pm",23.231439,15.217465,46.10729,15.443808
"003","1pm",19.913662,18.841167,34.69309,26.552078
"004","1pm",8.131415,24.73188,56.20434,10.932362
"005","1pm",38.431725,21.822098,31.60767,8.138503
"006","1pm",29.207438,10.778656,55.72451,4.289392
"007","1pm",20.549656,12.472457,45.16758,21.81031
"008","1pm",39.354959,15.569607,37.93975,7.135684
"009","1pm",9.951055,21.269783,52.13241,16.646755
"010","1pm",26.781038,16.087294,43.40595,13.725723
"011","1pm",16.374073,10.560423,64.20323,8.862277
"012","1pm",21.275057,15.151228,45.18512,18.388597
"021","1pm",14.067452,24.83381,49.24164,11.857099
"022","1pm",9.557401,9.188474,55.53378,25.720342
"023","1pm",6.765167,16.5316,55.48495,21.218285
"024","1pm",15.910806,22.145613,49.48334,12.46024
"025","1pm",13.04841,23.315412,47.81442,15.821756
"026","1pm",7.892548,21.302915,57.98726,12.817279
"027","1pm",17.333524,10.542246,50.94309,21.181139
"028","1pm",9.941522,18.26972,53.84531,17.943448
"029","1pm",7.701186,9.33145,63.89481,19.072554
"030","1pm",7.568329,9.711075,64.73336,17.98724
"031","1pm",18.082181,14.97107,49.74698,17.199768
"032","1pm",10.305638,23.048531,58.11008,8.535752
"033","1pm",14.199038,8.723695,45.76331,31.313958
"034","1pm",15.086055,22.44021,48.08728,14.386452
"035","1pm",4.075961,11.750457,54.93358,29.239997
"036","1pm",11.681832,19.467296,41.3917,27.459175
"037","1pm",6.819215,22.215298,51.61137,19.354112
"038","1pm",11.190173,14.49514,40.70534,33.609343
"041","1pm",3.640554,14.43174,47.44395,34.48376
"042","1pm",15.976724,12.270946,54.92603,16.8263
"043","1pm",3.490268,9.410578,65.95159,21.147568
"044","1pm",3.810362,11.940188,59.3232,24.926247
"045","1pm",6.346463,17.01939,56.37709,20.257057
"046","1pm",6.902473,6.71972,67.88527,18.492536
"047","1pm",15.521377,16.005878,52.26569,16.207054
"048","1pm",5.499354,10.442236,47.66829,36.390119
"049","1pm",7.719759,14.798751,58.56112,18.920367
"050","1pm",3.447191,22.679121,49.98415,23.88954
"051","1pm",9.81457,16.032175,57.21484,16.938413
"052","1pm",13.732971,15.269287,46.79367,24.204074
"053","1pm",13.743005,9.124579,52.45196,24.68046
"054","1pm",27.082183,12.469019,44.36933,16.07947
"055","1pm",2.077459,5.608959,60.38077,31.932813
"056","1pm",9.537595,9.58975,55.38257,25.490084
"057","1pm",9.874131,10.447335,52.78845,26.890084
"058","1pm",9.336655,10.792763,53.0941,26.776481
"059","1pm",15.776669,14.56648,44.72555,24.9313
"060","1pm",14.212792,14.326689,45.46756,25.992962
"061","1pm",5.916094,11.948842,54.34956,27.785499
"062","1pm",5.06195,17.738316,56.70852,20.49121
"063","1pm",4.419596,9.202301,49.75219,36.625916
"064","1pm",2.924397,14.571188,45.99469,36.509722
"065","1pm",13.868994,15.663278,44.18501,26.282714
"066","1pm",8.089386,5.540649,52.1228,34.24716
"067","1pm",2.825806,12.161197,49.5104,35.5026
"068","1pm",12.8744,12.989112,51.8507,22.28579
"069","1pm",9.424309,2.791862,61.38663,26.3972
"070","1pm",1.670122,11.669368,59.98441,26.676103
"071","1pm",4.546348,14.344868,45.90046,35.208327
"072","1pm",14.465806,12.76891,39.98971,32.775574
"073","1pm",12.704812,15.058067,48.14309,24.094032
"074","1pm",5.309691,14.742931,54.10236,25.845019
"075","1pm",6.917921,17.720942,58.4383,16.922842
"081","1pm",3.058485,17.647824,54.09431,25.199378
"082","1pm",14.541196,10.069427,45.15341,30.235967
"083","1pm",2.418865,5.603508,61.85982,30.117804
"001","2pm",32.172508,14.522864,35.67858,17.626043
"002","2pm",23.246944,15.83828,44.6404,16.274376
"003","2pm",18.330465,19.436878,36.39829,25.834369
"004","2pm",7.259739,32.441186,50.16073,10.138344
"005","2pm",35.34071,20.811514,33.88167,9.966107
"006","2pm",28.673729,10.304992,56.72912,4.292155
"007","2pm",15.823727,11.785412,48.83146,23.559404
"008","2pm",40.536404,14.966687,37.71745,6.779462
"009","2pm",8.720072,21.527507,52.77008,16.982345
"010","2pm",27.757141,13.791719,45.95403,12.497113
"011","2pm",16.792176,11.928489,59.71344,11.565895
"012","2pm",25.492865,16.199192,43.5324,14.775544
"021","2pm",13.521605,27.24174,48.0825,11.154156
"022","2pm",7.916192,8.365349,60.54129,23.17717
"023","2pm",7.796156,16.046876,56.42608,19.730893
"024","2pm",14.406607,21.01888,52.05851,12.516
"025","2pm",15.494797,20.770587,49.88335,13.851264
"026","2pm",7.885288,22.701618,58.64207,10.771025
"027","2pm",17.982225,11.978743,49.66733,20.371699
"028","2pm",10.376848,19.184371,51.22475,19.214035
"029","2pm",8.488256,10.529098,60.56801,20.414633
"030","2pm",9.524784,10.644625,60.65815,19.172442
"031","2pm",17.270135,16.095269,49.34808,17.286518
"032","2pm",11.772031,21.477917,58.20419,8.545866
"033","2pm",17.251011,6.205506,41.95513,34.588358
"034","2pm",17.073023,18.866378,51.38657,12.674034
"035","2pm",3.022628,11.86032,55.55189,29.565162
"036","2pm",9.127665,18.769621,46.21992,25.882791
"037","2pm",8.050469,22.113231,49.60684,20.229459
"038","2pm",10.274645,12.852223,39.13624,37.736888
"041","2pm",0,13.95094,45.69099,40.358075
"042","2pm",15.546505,17.778558,51.18305,15.491883
"043","2pm",3.690785,7.503795,66.44292,22.362499
"044","2pm",3.346989,8.798387,65.18442,22.670202
"045","2pm",7.14006,16.449174,52.31492,24.095845
"046","2pm",7.089053,10.816309,62.79618,19.298458
"047","2pm",15.222686,15.991433,52.58009,16.20579
"048","2pm",4.583675,8.930393,49.6523,36.833634
"049","2pm",7.337273,13.303665,59.39311,19.965956
"050","2pm",3.461879,23.231204,50.20984,23.097079
"051","2pm",8.640712,12.238233,62.59482,16.526238
"052","2pm",12.724781,16.795444,47.79694,22.682834
"053","2pm",12.25379,8.850197,53.07571,25.820299
"054","2pm",25.243235,11.503686,46.80979,16.443292
"055","2pm",2.09163,4.166453,62.26676,31.47516
"056","2pm",9.919018,9.761957,61.35706,18.961964
"057","2pm",9.950041,11.599947,54.54493,23.905088
"058","2pm",9.724001,7.870273,55.18778,27.217946
"059","2pm",15.208126,15.502461,44.03536,25.254057
"060","2pm",14.239577,14.883982,44.90611,25.97033
"061","2pm",4.77993,11.108012,58.49788,25.614182
"062","2pm",5.990008,19.1781,53.69409,21.1378
"063","2pm",4.39972,10.16981,49.04601,36.384458
"064","2pm",1.84308,12.5218,48.39844,37.236682
"065","2pm",13.506903,17.530797,42.40277,26.559527
"066","2pm",7.320493,7.552738,53.41728,31.70949
"067","2pm",3.060711,10.810761,50.29546,35.833068
"068","2pm",13.169854,10.366516,54.40405,22.059576
"069","2pm",9.279144,4.506571,62.94536,23.268927
"070","2pm",1.696503,8.883462,61.1046,28.315434
"071","2pm",3.601221,13.005206,48.37124,35.022336
"072","2pm",14.059622,12.34934,47.80092,25.790114
"073","2pm",13.165883,15.768402,46.05662,25.009094
"074","2pm",5.483814,12.964807,55.70618,25.845199
"075","2pm",6.848161,17.906259,59.47937,15.766209
"081","2pm",3.302825,17.789926,51.55079,27.356456
"082","2pm",14.585498,10.78181,44.57536,30.057333
"083","2pm",2.170414,6.4894,57.59083,33.749358
"001","3pm",29.656728,14.465615,36.82924,19.048412
"002","3pm",24.495048,15.37173,43.37642,16.756802
"003","3pm",21.899741,15.586234,39.80508,22.708948
"004","3pm",8.055438,27.507147,51.99865,12.438765
"005","3pm",33.803876,22.27191,34.27284,9.651369
"006","3pm",28.224597,13.987399,52.67749,5.110517
"007","3pm",16.824068,15.201103,45.99168,21.98315
"008","3pm",39.155912,14.121079,40.05754,6.665465
"009","3pm",10.724442,23.8166,53.13021,12.32875
"010","3pm",26.751637,13.966057,46.5808,12.70151
"011","3pm",18.079402,12.391802,57.56067,11.968126
"012","3pm",24.341803,16.594089,45.60857,13.455543
"021","3pm",15.84201,25.080623,44.18278,14.894585
"022","3pm",7.977627,7.540753,61.71921,22.762414
"023","3pm",7.189207,16.864786,57.4057,18.540302
"024","3pm",14.364064,20.47542,51.99946,13.161056
"025","3pm",13.825394,20.903811,50.36621,14.90459
"026","3pm",8.548595,22.389969,56.37376,12.68768
"027","3pm",16.796771,10.607235,54.35288,18.243114
"028","3pm",9.364445,20.211515,51.92878,18.495264
"029","3pm",2.712756,10.396966,66.93274,19.957537
"030","3pm",10.809862,10.284361,62.61074,16.295035
"031","3pm",16.336324,16.726195,48.69977,18.237707
"032","3pm",10.284632,24.040301,56.11349,9.561581
"033","3pm",18.876328,4.852411,47.54249,28.728766
"034","3pm",16.361751,21.139881,50.32167,12.176697
"035","3pm",3.970801,10.128884,58.18756,27.712757
"036","3pm",9.203557,19.035412,44.46556,27.295474
"037","3pm",7.227398,23.955774,48.57516,20.241671
"038","3pm",10.953993,13.6609,38.09557,37.289536
"041","3pm",3.712044,15.278569,47.53599,33.473392
"042","3pm",12.461807,16.518354,52.22466,18.795183
"043","3pm",3.459423,8.092491,66.71147,21.736619
"044","3pm",5.733008,10.448903,63.19695,20.621142
"045","3pm",7.708496,16.145194,49.5978,26.548507
"046","3pm",7.397219,6.2701,66.89217,19.44051
"047","3pm",14.09263,19.174054,50.82252,15.910798
"048","3pm",4.51278,7.424679,52.84555,35.216988
"049","3pm",12.173083,12.778232,56.67715,18.371539
"050","3pm",3.471606,22.618912,52.27066,21.638823
"051","3pm",9.863012,13.969433,57.22826,18.93929
"052","3pm",15.235121,16.947508,45.4908,22.32657
"053","3pm",12.288701,9.971123,52.43992,25.300261
"054","3pm",26.426203,12.230024,43.15134,18.192435
"055","3pm",5.599583,3.953148,61.10765,29.339618
"056","3pm",10.09612,10.910419,55.8742,23.119261
"057","3pm",9.561302,14.606072,52.37998,23.45265
"058","3pm",10.011825,8.103228,53.36202,28.522926
