"district","hour","cleduc1","cleduc2","cleduc3","cleduc4"
"001","4am",1.7206009,17.07416,19.95803,61.247203
"002","4am",1.7631747,13.57711,28.78975,55.869958
"003","4am",3.8080658,16.89578,28.29096,51.005189
"004","4am",5.0325158,18.95637,38.38797,37.623145
"005","4am",11.8263774,35.68662,26.17349,26.313513
"006","4am",1.9845197,32.36253,29.65924,35.993711
"007","4am",7.0678042,43.17194,27.63311,22.127142
"008","4am",4.866104,25.09719,22.11549,47.92121
"009","4am",5.6722468,24.04849,34.4114,35.867869
"010","4am",3.6847987,41.92529,32.05968,22.330231
"011","4am",8.2637595,33.23324,24.86415,33.638852
"012","4am",7.1177095,29.61988,39.65798,23.604426
"021","4am",2.1899928,16.82029,28.73553,52.25418
"022","4am",2.6758582,29.88755,24.24272,43.193868
"023","4am",4.3931178,15.13235,28.34883,52.125706
"024","4am",4.9161282,16.27408,38.06255,40.747241
"025","4am",5.835241,40.39109,28.74256,25.031105
"026","4am",3.3563461,47.39802,33.22745,16.018187
"027","4am",4.5082415,33.91792,36.52131,25.052524
"028","4am",6.0974189,31.5134,39.61119,22.777999
"029","4am",0,43.94799,36.01684,20.035169
"030","4am",2.4306404,30.93735,33.26104,33.370971
"031","4am",6.1097124,35.83636,37.72147,20.332457
"032","4am",2.9756898,28.27291,33.22271,35.528692
"033","4am",7.7084656,40.88305,32.37477,19.033718
"034","4am",5.642051,34.21117,27.46457,32.682212
"035","4am",13.4879417,36.28158,28.88498,21.345491
"036","4am",4.4755829,40.70365,39.80195,15.018808
"037","4am",4.1965954,17.16236,38.44825,40.192796
"038","4am",3.3761022,33.79311,24.6147,38.216091
"041","4am",12.0997846,27.76725,23.37288,36.760089
"042","4am",6.2171483,29.27372,36.7636,27.745535
"043","4am",5.267003,30.87736,31.10847,32.747167
"044","4am",9.9356933,34.65111,31.49552,23.917678
"045","4am",6.9399768,30.38197,27.52841,35.149643
"046","4am",5.0229932,35.4321,40.79484,18.750068
"047","4am",9.2829185,37.72747,30.90903,22.080577
"048","4am",9.8694058,47.73665,30.49925,11.89469
"049","4am",4.9894279,30.40592,34.71728,29.887377
"050","4am",3.7579323,32.57543,33.7615,29.905138
"051","4am",0.5575695,28.86614,38.70452,31.871768
"052","4am",6.9850089,52.13379,26.25191,14.629287
"053","4am",5.4147672,48.34484,24.4059,21.834496
"054","4am",7.0397318,47.51315,25.65731,19.789812
"055","4am",10.9772462,46.04528,25.68836,17.289109
"056","4am",8.7850898,45.29779,35.60626,10.310859
"057","4am",4.0484006,36.56475,35.52272,23.864123
"058","4am",4.0258241,39.28868,36.71423,19.971263
"059","4am",8.1559087,39.94485,35.48688,16.412367
"060","4am",12.3780711,35.41478,26.06876,26.138386
"061","4am",7.4240771,25.58907,40.69193,26.294926
"062","4am",4.2180892,44.33674,35.27559,16.169581
"063","4am",4.6856901,33.3135,38.23118,23.769626
"064","4am",7.4152332,32.90886,31.35971,28.316198
"065","4am",4.6927818,38.30031,31.30609,25.700828
"066","4am",3.8323083,38.2341,37.69496,20.238634
"067","4am",12.9191338,42.94836,23.92081,20.211694
"068","4am",10.2773542,44.61084,29.2479,15.863905
"069","4am",10.4894285,47.78139,33.49253,8.236644
"070","4am",15.6814523,32.40676,38.31698,13.594807
"071","4am",12.4798539,59.93096,21.25204,6.337137
"072","4am",4.5650521,49.27946,30.14603,16.009461
"073","4am",9.4378124,45.58207,31.1657,13.814415
"074","4am",12.2856974,34.63271,30.00851,23.073087
"075","4am",10.4785002,32.99194,36.94226,19.5873
"081","4am",5.6005396,40.52266,26.11215,27.764651
"082","4am",4.8053181,34.97263,41.74263,18.479418
"083","4am",4.4479708,51.12234,28.94332,15.486365
"001","5am",1.720601,17.07416,19.95803,61.247203
"002","5am",1.774853,13.00471,28.98044,56.240002
"003","5am",3.808066,16.89578,28.29096,51.005189
"004","5am",4.991734,18.80275,38.88725,37.318259
"005","5am",11.772263,35.9809,26.05373,26.193109
"006","5am",1.995293,31.99535,29.82025,36.189103
"007","5am",5.603028,43.71414,28.70917,21.973665
"008","5am",5.524886,25.46123,22.20458,46.809296
"009","5am",5.718758,24.24568,33.87358,36.161981
"010","5am",3.824988,43.22549,29.76973,23.179792
"011","5am",8.435301,30.66771,26.55986,34.337138
"012","5am",7.117709,29.61988,39.65798,23.604426
"021","5am",1.990002,20.03203,28.78934,49.188628
"022","5am",2.721826,28.68311,24.65918,43.935883
"023","5am",4.466589,15.38543,27.83916,52.308825
"024","5am",4.834115,16.93645,38.16196,40.067473
"025","5am",5.828965,40.87664,27.2614,26.032988
"026","5am",3.255395,46.51073,34.69748,15.536396
"027","5am",4.623408,33.86127,35.82282,25.69251
"028","5am",6.115323,33.06473,37.97506,22.844881
"029","5am",0,41.60974,38.50234,19.887918
"030","5am",2.21074,33.19351,33.53152,31.06423
"031","5am",6.090184,37.02506,36.61729,20.267467
"032","5am",2.911219,31.83666,30.49318,34.758934
"033","5am",7.899205,40.70947,31.88664,19.504691
"034","5am",5.617686,34.06343,27.7778,32.541077
"035","5am",13.487942,36.28158,28.88498,21.345491
"036","5am",4.476522,40.63848,39.86303,15.021959
"037","5am",4.228354,17.29224,37.98244,40.496963
"038","5am",3.376102,33.79311,24.6147,38.216091
"041","5am",11.631902,30.56039,22.46908,35.338624
"042","5am",6.217148,29.27372,36.7636,27.745535
"043","5am",5.397011,30.04761,30.9999,33.55548
"044","5am",10.21038,34.00071,32.36626,23.422657
"045","5am",6.496847,31.44692,29.15095,32.905278
"046","5am",4.971395,36.09537,40.37578,18.557458
"047","5am",9.22134,38.25407,30.03664,22.487947
"048","5am",10.143871,49.21166,28.41899,12.225478
"049","5am",4.909023,30.76507,35.43666,28.889245
"050","5am",3.720922,33.23948,33.42899,29.610612
"051","5am",0.561317,29.06016,38.29254,32.085985
"052","5am",7.104229,51.31681,26.69998,14.878979
"053","5am",5.455482,48.70835,23.83749,21.998674
"054","5am",7.070485,47.28386,25.76939,19.876266
"055","5am",11.096905,45.84308,25.96838,17.091632
"056","5am",8.885467,45.5935,35.09236,10.428669
"057","5am",4.237211,35.77688,35.86193,24.123979
"058","5am",4.076351,39.78178,35.91995,20.221915
"059","5am",8.088142,40.44384,35.19202,16.275999
"060","5am",12.536046,34.59052,26.40146,26.471978
"061","5am",7.368868,26.14242,40.38933,26.099385
"062","5am",4.197032,43.49724,36.21687,16.088859
"063","5am",4.738003,33.92696,37.30004,24.035
"064","5am",7.298387,32.3903,32.44131,27.870004
"065","5am",4.686716,38.57946,30.43548,26.298348
"066","5am",3.847858,38.38924,37.44215,20.320755
"067","5am",13.043918,43.06296,23.48621,20.406915
"068","5am",10.505084,44.84921,28.43028,16.215425
"069","5am",10.489428,47.78139,33.49253,8.236644
"070","5am",15.82983,34.18053,37.56858,12.421053
"071","5am",12.720303,61.56727,19.25319,6.459235
"072","5am",4.688434,47.90861,30.9608,16.442156
"073","5am",9.41382,45.15415,31.65274,13.779297
"074","5am",12.187248,33.92616,28.99316,24.893436
"075","5am",10.774792,32.3168,36.76725,20.141154
"081","5am",5.700165,41.2435,24.79779,28.258545
"082","5am",4.773202,34.73889,41.46365,19.024262
"083","5am",4.457776,51.48774,28.53398,15.520504
"001","6am",1.834028,18.017,18.1741,61.974871
"002","6am",1.543959,14.02093,34.14802,50.287082
"003","6am",3.88967,17.25785,31.09584,47.756638
"004","6am",4.937493,21.69084,37.82597,35.545694
"005","6am",11.590807,36.23672,27.32366,24.848803
"006","6am",2.019994,32.00721,30.10943,35.863364
"007","6am",4.670981,43.34882,28.8915,23.088704
"008","6am",5.504634,25.14148,23.12297,46.23092
"009","6am",5.996604,24.30635,32.70825,36.988794
"010","6am",3.930946,43.3129,28.12845,24.627707
"011","6am",8.45748,31.72183,25.39327,34.427419
"012","6am",7.136382,29.69758,39.49968,23.666349
"021","6am",1.978473,21.09543,28.02243,48.903661
"022","6am",2.800324,27.79903,25.84265,43.557998
"023","6am",4.675085,16.1036,27.87636,51.344952
"024","6am",4.600424,17.58279,38.96353,38.853253
"025","6am",5.469249,40.54972,29.55459,24.426445
"026","6am",3.229359,47.19677,34.16173,15.41214
"027","6am",4.833996,30.84876,37.45448,26.862759
"028","6am",6.150695,32.57258,39.10795,22.16877
"029","6am",0,41.11818,39.13435,19.747468
"030","6am",2.082907,38.73887,30.7358,28.442424
"031","6am",5.97582,37.2925,36.8448,19.886877
"032","6am",2.919363,34.38949,28.86877,33.822375
"033","6am",8.231724,41.09488,32.0887,18.584694
"034","6am",5.564453,35.31349,27.69707,31.424988
"035","6am",13.863909,35.88086,29.69013,20.565097
"036","6am",4.818452,38.96571,39.37495,16.840894
"037","6am",4.583051,18.03974,35.29275,42.084453
"038","6am",3.405771,34.99241,24.01005,37.591775
"041","6am",11.898762,31.58855,22.61985,33.892842
"042","6am",6.268819,31.42058,35.85893,26.451668
"043","6am",5.544042,30.3595,29.62683,34.469633
"044","6am",10.725176,34.57837,31.35275,23.343704
"045","6am",6.963982,30.73533,27.32555,34.975141
"046","6am",5.12198,36.43762,38.94689,19.493513
"047","6am",9.196649,38.27172,31.6133,20.918336
"048","6am",10.501366,50.95667,25.88563,12.656334
"049","6am",5.001974,29.97124,37.07142,27.955367
"050","6am",3.825696,31.18958,35.03005,29.95467
"051","6am",0.584182,30.24391,36.47496,32.696951
"052","6am",7.29416,51.01572,26.41335,15.276767
"053","6am",5.60524,48.61567,23.17653,22.60256
"054","6am",8.04714,43.47193,29.78696,18.693965
"055","6am",11.382261,45.45432,25.63227,17.531141
"056","6am",9.741472,45.25652,33.56866,11.433343
"057","6am",3.650179,36.30456,36.09596,23.949303
"058","6am",4.264666,39.23419,36.26872,20.232431
"059","6am",8.26231,40.82882,35.55884,15.350028
"060","6am",12.996902,35.86215,26.25665,24.884305
"061","6am",7.93125,25.05253,40.42018,26.596039
"062","6am",4.274656,43.58195,34.98817,17.155224
"063","6am",4.625216,32.54998,39.22772,23.597084
"064","6am",7.439352,33.56719,31.34504,27.648414
"065","6am",4.732517,38.27652,30.73291,26.258047
"066","6am",3.859826,40.07737,36.75203,19.310781
"067","6am",13.68266,42.70065,22.21048,21.406213
"068","6am",11.063182,42.84561,29.94068,16.150524
"069","6am",10.857063,47.83489,32.78272,8.525323
"070","6am",15.709897,33.40545,38.55771,12.326946
"071","6am",12.911587,62.07152,19.13406,5.882836
"072","6am",4.769283,49.33467,29.17035,16.72569
"073","6am",9.551165,45.12635,31.34215,13.980333
"074","6am",12.559522,34.07317,30.79863,22.568684
"075","6am",11.480036,31.08708,35.84735,21.585536
"081","6am",5.927436,42.88791,21.79941,29.385236
"082","6am",4.83905,35.21813,41.66866,18.274158
"083","6am",4.627615,53.18315,26.07741,16.111828
"001","7am",1.9348681,20.93714,18.88285,58.245143
"002","7am",0.6400306,16.85213,37.27837,45.229473
"003","7am",3.9847904,17.15901,35.89348,42.962717
"004","7am",4.3851432,22.75991,36.57136,36.283593
"005","7am",9.8169069,33.82091,30.05088,26.3113
"006","7am",1.8579854,29.58148,36.96926,31.591275
"007","7am",5.3484595,41.93994,28.41707,24.294529
"008","7am",5.0058694,21.92561,27.76254,45.305983
"009","7am",6.0099112,23.22099,36.28635,34.482758
"010","7am",4.0439206,41.94171,29.29397,24.720395
"011","7am",7.4000803,33.55622,27.11235,31.931348
"012","7am",6.8647031,30.07143,37.02072,26.043147
"021","7am",1.8041474,21.77043,25.89809,50.527332
"022","7am",2.9649656,30.42158,27.53066,39.082797
"023","7am",5.178091,20.68015,31.54063,42.60112
"024","7am",4.4761909,21.30754,37.17745,37.038814
"025","7am",5.7401278,43.0817,24.98349,26.19468
"026","7am",2.9976852,47.91696,34.22288,14.862469
"027","7am",6.7587541,32.56011,35.05733,25.623804
"028","7am",6.5288128,33.25209,39.83603,20.383071
"029","7am",0,42.71705,36.97188,20.311067
"030","7am",2.9372178,39.38894,33.24859,24.425253
"031","7am",6.1213978,36.23909,34.57065,23.068858
"032","7am",2.69392,37.74152,28.64334,30.921223
"033","7am",10.6765924,43.7195,28.59365,17.010259
"034","7am",3.799287,36.99106,34.14349,25.066162
"035","7am",15.8223455,38.92152,21.20281,24.053323
"036","7am",5.1484591,43.88268,33.26742,17.70144
"037","7am",4.5614841,19.59209,39.03165,36.814768
"038","7am",2.177975,34.89658,32.15756,30.767881
"041","7am",13.8041134,36.40094,27.17269,22.622257
"042","7am",6.825493,33.72146,36.37269,23.080348
"043","7am",6.7801875,31.67263,32.55539,28.991795
"044","7am",14.1830192,36.98386,28.83012,20.003002
"045","7am",7.3300686,36.25428,26.20049,30.21516
"046","7am",6.0170983,35.83463,38.36996,19.778304
"047","7am",9.0504634,44.64408,24.78948,21.51597
"048","7am",11.7751548,52.61893,23.54218,12.063743
"049","7am",5.4568914,33.71543,37.54885,23.278831
"050","7am",3.7590378,33.86421,34.62626,27.750487
"051","7am",0.6871694,30.22864,32.79989,36.284301
"052","7am",7.7991159,52.60179,26.88289,12.716206
"053","7am",6.1978423,50.10392,22.2987,21.399534
"054","7am",7.8790234,43.5925,30.329,18.199478
"055","7am",12.0087527,47.82672,22.23461,17.929923
"056","7am",11.2581994,47.66059,30.91156,10.169644
"057","7am",4.4330625,40.27258,34.81297,20.481383
"058","7am",5.8639866,43.33005,33.34757,17.458387
"059","7am",9.6906016,45.14532,31.95401,13.210065
"060","7am",15.2261129,34.65568,25.37336,24.744845
"061","7am",8.4382752,28.09579,41.36229,22.103645
"062","7am",5.0849216,45.08625,31.53082,18.298006
"063","7am",4.5486239,32.58809,37.91546,24.947833
"064","7am",7.454994,35.55901,32.90723,24.078761
"065","7am",4.206193,37.52645,32.11943,26.147927
"066","7am",4.5180209,41.92313,33.79898,19.759863
"067","7am",14.549224,41.83517,21.98149,21.634116
"068","7am",11.698697,45.10845,31.62129,11.571565
"069","7am",10.2654267,48.22842,30.76253,10.743622
"070","7am",16.7063974,32.05159,38.26169,12.980316
"071","7am",14.5670853,63.12611,16.29879,6.008022
"072","7am",5.9787218,51.50589,28.87601,13.63938
"073","7am",8.9313736,44.18017,33.55035,13.338105
"074","7am",14.0126741,37.52615,29.74045,18.720721
"075","7am",8.4554311,35.88496,35.1567,20.502913
"081","7am",6.5577027,41.85776,24.63112,26.953415
"082","7am",5.0559491,38.40369,39.64568,16.894673
"083","7am",5.2823888,52.79903,26.02212,15.89646
"001","8am",1.9623473,17.94728,28.98407,51.106303
"002","8am",1.9942377,17.74012,36.92036,43.34528
"003","8am",4.4266316,22.40887,32.13841,41.026089
"004","8am",3.3908026,25.83008,35.41386,35.365254
"005","8am",7.4773997,28.7296,31.74219,32.050806
"006","8am",1.9432344,22.51603,35.39364,40.147094
"007","8am",7.4653289,43.55764,29.65496,19.32207
"008","8am",3.420237,18.08664,25.86919,52.623941
"009","8am",5.7101921,23.53671,39.17571,31.577385
"010","8am",3.9591745,43.6672,25.80944,26.564179
"011","8am",5.4196191,27.84429,37.17216,29.563933
"012","8am",6.8070478,36.57067,33.80785,22.814434
"021","8am",2.3385955,16.58231,28.99979,52.07931
"022","8am",3.6059047,34.55894,28.21568,33.619474
"023","8am",5.9704051,23.09087,35.18392,35.754804
"024","8am",3.2857724,17.81046,33.61217,45.291598
"025","8am",5.1625649,36.56798,28.93005,29.339407
"026","8am",4.2364106,46.7604,29.25208,19.751114
"027","8am",7.1815259,36.72107,40.9064,15.191004
"028","8am",8.1685695,37.7461,39.72861,14.356716
"029","8am",0,50.92695,32.58521,16.48784
"030","8am",2.8371719,38.60634,33.92561,24.630873
"031","8am",5.694617,33.41535,30.21601,30.674019
"032","8am",2.4216056,33.77856,31.73528,32.064555
"033","8am",11.7330927,43.76265,24.41333,20.090921
"034","8am",3.3571838,29.88427,44.01218,22.74637
"035","8am",15.2923328,37.24684,20.29365,27.167181
"036","8am",6.5868003,47.48593,30.40373,15.52354
"037","8am",5.1787578,23.39365,45.65793,25.769664
"038","8am",3.2798437,44.00502,25.82065,26.894493
"041","8am",13.9003506,42.11913,31.21099,12.769524
"042","8am",7.9600532,36.71867,36.45749,18.86379
"043","8am",8.8939808,38.96653,34.25966,17.87983
"044","8am",14.8492119,36.74024,22.28185,26.128706
"045","8am",8.3549627,38.68523,27.07736,25.882445
"046","8am",7.035842,38.4514,33.58639,20.926373
"047","8am",7.1027485,39.26438,27.79716,25.835709
"048","8am",12.739323,56.92745,21.36481,8.968421
"049","8am",6.3678888,30.26706,43.5222,19.842849
"050","8am",4.6041172,40.51657,30.82757,24.051744
"051","8am",0.7478551,33.96122,26.30672,38.984211
"052","8am",8.3262468,50.48482,31.51337,9.675568
"053","8am",6.2345402,53.56839,19.53903,20.658035
"054","8am",6.0786254,36.80228,33.93853,23.180564
"055","8am",13.5486328,53.44129,17.079,15.931081
"056","8am",10.4982997,46.74285,31.17268,11.586168
"057","8am",5.5899254,44.48254,36.28313,13.644411
"058","8am",6.1979351,43.88423,34.94968,14.968159
"059","8am",11.1593567,48.50559,29.87435,10.460704
"060","8am",15.5483022,35.69231,27.03008,21.729305
"061","8am",9.6847189,33.94583,36.44696,19.922491
"062","8am",5.3397767,48.53817,27.29815,18.823905
"063","8am",4.7122953,33.5603,41.20627,20.521138
"064","8am",6.4996757,34.01609,32.70141,26.782818
"065","8am",3.8649135,35.94395,32.80444,27.386702
"066","8am",4.1715905,48.36318,30.12865,17.336582
"067","8am",15.4774719,39.44848,20.21539,24.858652
"068","8am",11.960388,43.11444,32.7189,12.206273
"069","8am",10.3983481,49.38897,28.0542,12.158482
"070","8am",19.2827532,35.98697,32.04348,12.686793
"071","8am",15.5989726,58.72324,17.25113,8.426662
"072","8am",4.4178156,54.31802,22.96055,18.303616
"073","8am",8.308314,41.22599,34.15536,16.310331
"074","8am",15.9806785,41.4457,26.13795,16.435671
"075","8am",9.6836418,35.95401,33.54222,20.82013
"081","8am",6.7756354,39.34618,21.24122,32.636972
"082","8am",5.3248151,39.33503,38.62951,16.710643
"083","8am",6.3016914,54.97917,30.42843,8.290708
"001","9am",2.0824475,21.30984,29.25775,47.349963
"002","9am",2.8860143,18.46085,34.14573,44.507408
"003","9am",4.0161381,24.75019,31.77297,39.460705
"004","9am",3.289355,23.75945,40.63744,32.313754
"005","9am",6.0678613,28.6428,31.06662,34.222726
"006","9am",2.4282958,22.54601,38.37508,36.650614
"007","9am",7.5087487,40.75145,27.20478,24.535017
"008","9am",3.1668542,18.05217,27.2304,51.550578
"009","9am",5.6040743,21.095,37.9735,35.327424
"010","9am",2.3445907,45.39821,23.09514,29.162062
"011","9am",6.3668079,29.76336,35.56293,28.306903
"012","9am",6.6615852,33.15283,37.61988,22.565705
"021","9am",1.9841551,18.04109,32.05275,47.922
"022","9am",2.87065,35.51444,27.83294,33.781973
"023","9am",4.9939604,22.66736,35.39098,36.9477
"024","9am",2.8091736,16.364,31.77558,49.051243
"025","9am",7.1599546,29.97314,32.3234,30.5435
"026","9am",4.0668648,42.21573,30.46508,23.252326
"027","9am",7.6752932,35.13335,41.90719,15.284174
"028","9am",8.7875285,39.90804,36.91818,14.386258
"029","9am",0,50.7134,35.44168,13.844921
"030","9am",2.8198301,38.09434,37.39167,21.69416
"031","9am",5.6254746,33.31885,28.77376,32.281915
"032","9am",2.5372032,32.21877,33.53203,31.711994
"033","9am",12.8936428,38.48766,25.26769,23.35101
"034","9am",3.4530978,29.72065,44.5318,22.294454
"035","9am",14.0394488,36.51158,24.13032,25.318656
"036","9am",6.4073609,45.74317,32.52793,15.32154
"037","9am",6.2590208,21.2491,41.53728,30.954598
"038","9am",3.4107467,45.70052,26.3797,24.509035
"041","9am",14.3778267,39.69743,33.53749,12.387255
"042","9am",8.0275232,36.26713,37.46935,18.235996
"043","9am",9.6672065,42.4813,32.31729,15.534203
"044","9am",16.7613939,37.09474,20.25746,25.886404
"045","9am",6.4318473,41.17054,26.72045,25.677167
"046","9am",7.2462261,39.98333,32.52807,20.242378
"047","9am",6.9392685,39.16944,27.97713,25.914166
"048","9am",12.7774947,56.44507,20.91202,9.865419
"049","9am",6.2978447,28.97989,43.09025,21.632017
"050","9am",5.1812832,45.25793,27.75497,21.80582
"051","9am",0.7677797,36.55197,26.06934,36.610907
"052","9am",8.1413782,48.59341,33.12596,10.139256
"053","9am",3.951451,54.23771,20.98522,20.825622
"054","9am",5.9743561,36.96736,35.08281,21.975469
"055","9am",14.7119268,57.98925,15.42455,11.87428
"056","9am",12.9190893,47.20897,30.80562,9.066317
"057","9am",5.3782722,44.69543,38.03999,11.886309
"058","9am",6.3357094,48.62212,30.16554,14.876635
"059","9am",12.6992036,50.48082,25.90115,10.91883
"060","9am",16.7233212,35.84122,26.72298,20.712478
"061","9am",9.2809114,36.15676,36.02886,18.533468
"062","9am",5.3083613,45.8386,30.13988,18.713158
"063","9am",4.6693656,33.86087,40.83088,20.638892
"064","9am",7.1329951,32.99964,34.44211,25.425258
"065","9am",3.2422089,38.11716,32.04031,26.600317
"066","9am",4.45243,49.34018,29.41422,16.79317
"067","9am",16.5622018,39.96166,18.98855,24.487592
"068","9am",12.0933652,41.37718,33.29855,13.230902
"069","9am",8.8844578,49.40074,28.49788,13.216925
"070","9am",22.6694527,32.86837,32.5057,11.956485
"071","9am",16.1613909,56.59994,18.50819,8.730484
"072","9am",4.2328518,49.30689,27.50862,18.951636
"073","9am",8.635692,41.71431,32.95406,16.695934
"074","9am",16.949824,39.81582,27.23179,16.002571
"075","9am",9.5330013,34.80914,32.22952,23.428338
"081","9am",7.0255756,38.86323,25.21145,28.899739
"082","9am",5.3437543,39.98846,39.05989,15.607905
"083","9am",6.3556338,57.57646,26.94766,9.120249
"001","10am",1.5282711,23.67957,31.48414,43.308018
"002","10am",1.8901901,20.92972,34.16021,43.019878
"003","10am",4.4381977,25.85199,31.37082,38.338998
"004","10am",3.9081523,25.79248,37.73559,32.56378
"005","10am",5.6267157,28.18773,30.8471,35.338456
"006","10am",2.0942922,18.47039,40.26157,39.17375
"007","10am",8.7962858,38.57484,28.72741,23.90146
"008","10am",3.0461543,19.59796,27.24269,50.113197
"009","10am",4.0992683,22.60318,38.86423,34.433319
"010","10am",3.3338984,40.86397,25.48479,30.317339
"011","10am",5.5209487,31.19321,32.60041,30.685426
"012","10am",6.0722825,35.103,35.55407,23.270652
"021","10am",1.9066751,20.55011,31.8732,45.67002
"022","10am",3.6820252,32.46062,30.1919,33.66546
"023","10am",6.0178793,21.12032,38.12095,34.740848
"024","10am",2.5452857,17.07712,31.0809,49.296693
"025","10am",6.5013604,30.3938,34.76078,28.344067
"026","10am",4.0082885,41.0919,29.80539,25.094425
"027","10am",7.7989435,34.22834,41.94818,16.024543
"028","10am",8.4493566,38.91866,38.10388,14.528102
"029","10am",0,53.73095,31.85607,14.412979
"030","10am",3.0582646,39.18544,36.01597,21.740326
"031","10am",5.4815744,33.14869,29.22079,32.148947
"032","10am",2.4824832,31.73822,35.14444,30.634854
"033","10am",15.8286795,46.18174,21.65078,16.338803
"034","10am",3.4371674,28.6817,44.32636,23.554773
"035","10am",13.930971,33.14302,26.78448,26.141529
"036","10am",6.6155554,43.81594,36.9353,12.633203
"037","10am",4.276487,26.43392,39.76573,29.523871
"038","10am",5.2798299,41.11428,26.39342,27.212471
"041","10am",14.631052,45.76669,26.99684,12.605422
"042","10am",8.1064671,33.38415,38.28429,20.225092
"043","10am",9.8310998,43.14671,31.22463,15.797562
"044","10am",14.860338,36.15085,23.09994,25.888874
"045","10am",7.6571982,39.1538,29.45123,23.737771
"046","10am",6.6819864,40.21377,34.2891,18.815144
"047","10am",7.2651026,39.59629,27.32262,25.815992
"048","10am",13.1110607,54.71659,22.30023,9.872124
"049","10am",6.6097733,31.53584,39.17711,22.67728
"050","10am",5.3383716,43.67867,30.15904,20.823914
"051","10am",0.7324554,37.29048,26.39689,35.580179
"052","10am",8.5279731,48.38628,32.46502,10.620721
"053","10am",3.9748876,55.50715,20.40149,20.11647
"054","10am",6.1816242,37.47486,34.90971,21.433797
"055","10am",14.6360298,57.18597,16.26617,11.911828
"056","10am",13.894852,46.2739,30.57336,9.257883
"057","10am",5.0790632,42.80157,38.35275,13.766616
"058","10am",6.3811683,47.33784,31.77027,14.510728
"059","10am",12.3295367,49.83372,24.3054,13.531344
"060","10am",17.8522265,37.92543,24.94124,19.281107
"061","10am",7.2847364,36.00324,36.36426,20.347769
"062","10am",5.2893433,47.04696,29.21354,18.45016
"063","10am",4.7223802,33.16884,42.10213,20.006657
"064","10am",7.2605821,32.22512,32.24314,28.271165
"065","10am",3.4970185,41.87312,29.35303,25.276835
"066","10am",3.6686847,50.21037,30.79797,15.322972
"067","10am",16.8022,39.55685,20.80801,22.83294
"068","10am",11.4440669,39.88315,36.15226,12.520529
"069","10am",11.1804253,44.6625,32.74388,11.413192
"070","10am",20.3817524,35.63023,31.90574,12.082274
"071","10am",16.6382313,53.94731,18.35985,11.05461
"072","10am",3.3505672,46.86649,26.56831,23.214628
"073","10am",8.9082512,43.50909,32.62583,14.956833
"074","10am",15.6123908,38.95807,28.69294,16.736604
"075","10am",9.4507898,34.03024,32.9068,23.612173
"081","10am",6.920729,38.59014,25.95922,28.529915
"082","10am",5.3914972,38.01266,39.92705,16.66879
"083","10am",5.724985,59.79491,26.62084,7.85926
"001","11am",2.0776461,21.1494,29.48455,47.288396
"002","11am",1.6496041,18.69386,34.04544,45.611095
"003","11am",4.5532291,23.32873,32.90164,39.216399
"004","11am",4.6345192,23.46609,38.76872,33.130669
"005","11am",5.7758585,30.3681,32.15347,31.702578
"006","11am",2.1817041,21.99878,37.61642,38.203091
"007","11am",5.3578837,46.04593,27.40619,21.189996
"008","11am",3.459901,17.89944,28.20442,50.436237
"009","11am",4.2170814,22.39451,38.83918,34.549225
"010","11am",3.7596655,43.47026,24.09403,28.676039
"011","11am",5.9039466,29.78215,34.23172,30.082182
"012","11am",6.5044393,35.55028,34.78562,23.159666
"021","11am",2.0118817,18.46799,32.19472,47.325405
"022","11am",2.3358535,33.17852,35.96906,28.516573
"023","11am",5.0993618,22.87176,36.06609,35.962794
"024","11am",2.9650931,17.5802,31.69013,47.764575
"025","11am",4.2889329,32.02301,31.19014,32.49792
"026","11am",4.5781171,44.17645,29.03849,22.20694
"027","11am",7.9703777,36.41936,38.97911,16.631156
"028","11am",8.1646572,38.61541,40.83795,12.381987
"029","11am",0,53.46756,31.67495,14.85749
"030","11am",3.1882802,42.90877,30.83118,23.071768
"031","11am",5.5178189,32.49368,29.11657,32.871927
"032","11am",2.5977843,34.42139,34.29487,28.685955
"033","11am",13.8841824,41.99798,26.31015,17.807682
"034","11am",3.6507538,28.26349,46.37825,21.707501
"035","11am",14.2217887,35.16253,23.19437,27.421309
"036","11am",5.4225654,45.56015,32.30544,16.711847
"037","11am",4.3153712,22.06661,44.34687,29.271155
"038","11am",5.7376412,40.68423,27.74833,25.829803
"041","11am",13.8996013,41.69089,32.43427,11.975238
"042","11am",8.3945752,33.57158,38.28904,19.7448
"043","11am",9.7815233,39.74563,32.71921,17.753636
"044","11am",17.2640738,32.32215,24.17035,26.243423
"045","11am",8.8410567,42.28966,27.588,21.281278
"046","11am",6.5065676,42.50349,33.6688,17.321137
"047","11am",6.8323663,36.24323,29.16491,27.759493
"048","11am",12.5564726,55.6373,23.64628,8.159945
"049","11am",6.6282372,32.35241,38.22328,22.796077
"050","11am",5.3908075,45.08058,25.91812,23.610495
"051","11am",0.7432835,37.23402,26.55104,35.471664
"052","11am",8.1553526,50.76157,29.65665,11.426428
"053","11am",6.5965792,55.32175,20.43697,17.644699
"054","11am",5.4839779,38.67593,35.20179,20.638302
"055","11am",15.8559723,58.32622,17.8473,7.970502
"056","11am",13.1024709,42.59093,31.58236,12.724239
"057","11am",5.1089458,41.94195,39.10149,13.847612
"058","11am",6.6023287,46.83548,31.54854,15.013645
"059","11am",12.8656334,52.24369,24.1981,10.692578
"060","11am",17.0124729,34.45179,28.40253,20.133207
"061","11am",8.4540576,37.28832,33.45468,20.802946
"062","11am",5.3133878,48.82087,28.26812,17.597623
"063","11am",4.7545987,32.00948,42.33461,20.901311
"064","11am",7.1433696,33.68192,33.15569,26.01902
"065","11am",3.825575,38.86066,30.87936,26.434399
"066","11am",4.4138976,49.02509,34.13201,12.429012
"067","11am",15.805239,39.07035,21.21741,23.907007
"068","11am",11.9837742,42.57212,32.98262,12.461487
"069","11am",10.4209611,47.23032,31.7108,10.637916
"070","11am",19.6427657,37.11533,31.5977,11.644204
"071","11am",14.2883549,56.41245,18.2879,11.011291
"072","11am",4.5418257,50.26935,25.47028,19.71855
"073","11am",8.84587,41.75645,34.33561,15.062074
"074","11am",16.8458178,39.2106,28.6997,15.243878
"075","11am",6.8980429,36.87223,32.01184,24.217893
"081","11am",6.6339844,39.87672,25.13739,28.351902
"082","11am",5.9157061,39.26727,38.61673,16.200293
"083","11am",5.5501858,61.643,24.51815,8.28867
"001","12am",2.030955,21.97849,29.9354,46.055153
"002","12am",2.2151403,18.06105,33.60194,46.121876
"003","12am",4.5060196,22.34857,31.29228,41.853129
"004","12am",4.3314632,24.92606,35.90867,34.833809
"005","12am",6.1166426,31.75689,27.61379,34.512677
"006","12am",1.4810877,18.87922,44.79821,34.841484
"007","12am",7.1177782,44.75478,23.08852,25.038924
"008","12am",2.9621351,16.42163,28.73349,51.882742
"009","12am",3.811435,23.87773,41.2567,31.054139
"010","12am",3.8311473,42.19684,23.91905,30.05296
"011","12am",4.8264448,30.58357,32.88167,31.708318
"012","12am",7.0605967,35.66555,34.08425,23.189602
"021","12am",1.603741,15.56636,30.94175,51.888148
"022","12am",2.8112583,36.25576,30.04844,30.884535
"023","12am",5.7874707,24.30038,32.76819,37.143958
"024","12am",3.1319629,17.28827,31.1497,48.430065
"025","12am",4.5045678,29.45528,30.47584,35.564309
"026","12am",2.9498668,45.65793,29.89676,21.495443
"027","12am",7.5831304,35.48306,40.1967,16.737114
"028","12am",7.8787644,39.47071,38.9085,13.742025
"029","12am",0,51.26938,31.2467,17.483921
"030","12am",3.281113,43.31286,30.47389,22.932139
"031","12am",5.1037729,35.05023,30.6964,29.149591
"032","12am",2.7821593,34.67144,32.08867,30.457734
"033","12am",12.0868951,44.43422,30.47917,12.999717
"034","12am",4.0125593,25.86174,44.06325,26.062451
"035","12am",13.9225356,35.37778,24.58105,26.118635
"036","12am",7.2364355,42.44578,34.02539,16.2924
"037","12am",4.8194063,23.68478,42.78351,28.712302
"038","12am",4.641501,41.33047,25.74417,28.283853
"041","12am",14.4420364,42.54696,27.18206,15.828949
"042","12am",9.1039568,34.92211,40.42438,15.549554
"043","12am",10.1424643,38.3594,31.25939,20.23874
"044","12am",16.2045956,35.63223,25.73872,22.42446
"045","12am",9.4969761,37.61379,33.02064,19.86859
"046","12am",6.4087138,39.50183,36.53471,17.554749
"047","12am",7.315989,35.70623,30.66875,26.309036
"048","12am",12.1087574,57.391,22.02977,8.470475
"049","12am",6.4403543,29.06931,36.62374,27.866593
"050","12am",5.0773353,44.57905,27.52814,22.815482
"051","12am",0.7910515,37.85565,28.17947,33.17383
"052","12am",7.7987353,46.88762,31.87494,13.438709
"053","12am",6.5831631,55.9929,19.86957,17.55436
"054","12am",6.9287541,38.74207,33.25193,21.077248
"055","12am",14.6293692,55.26332,13.8318,16.275516
"056","12am",12.8302509,46.86332,32.58448,7.721951
"057","12am",5.0735916,43.97404,36.32783,14.624541
"058","12am",6.1969204,43.63895,34.76833,15.395804
"059","12am",10.9841272,47.99878,27.38612,13.630973
"060","12am",15.6484448,39.76566,25.42421,19.16168
"061","12am",8.5573226,35.96546,34.41073,21.066483
"062","12am",5.3372825,47.79131,29.94857,16.922841
"063","12am",4.6825331,31.25896,41.37075,22.687761
"064","12am",7.0796106,36.07397,32.2971,24.54932
"065","12am",3.8968989,39.15702,28.52065,28.425434
"066","12am",4.1573348,40.81224,37.81255,17.217876
"067","12am",14.8520794,39.40449,21.28601,24.45742
"068","12am",11.0601239,41.0753,35.89511,11.969466
"069","12am",10.6825558,46.83227,32.76921,9.715958
"070","12am",18.3894072,34.80656,34.60733,12.1967
"071","12am",13.7515822,56.56502,17.63642,12.046983
"072","12am",5.6887355,50.8968,23.59476,19.819706
"073","12am",8.8960154,41.74259,35.4954,13.865997
"074","12am",15.1712768,41.19572,31.20128,12.431724
"075","12am",9.7501851,36.44327,31.04784,22.758711
"081","12am",6.2499579,40.91969,26.1451,26.685252
"082","12am",5.8339447,38.5159,36.78474,18.865406
"083","12am",5.0120921,55.13049,30.33927,9.518145
"001","1pm",2.2128773,19.4837,33.1531,45.150319
"002","1pm",2.2689599,18.73474,33.13319,45.863111
"003","1pm",4.904378,23.93754,31.31013,39.847946
"004","1pm",4.2957054,26.47778,34.14363,35.08288
"005","1pm",5.043888,28.77417,31.33599,34.845952
"006","1pm",1.5284261,20.46874,40.10041,37.902425
"007","1pm",5.1125262,43.33954,23.64203,27.905906
"008","1pm",3.3539073,16.33125,28.75951,51.555339
"009","1pm",3.8150991,23.01314,41.16072,32.011041
"010","1pm",3.0515568,43.54556,23.59335,29.809534
"011","1pm",4.6680456,34.90507,30.64463,29.78226
"012","1pm",7.434606,37.28732,29.27247,26.005607
"021","1pm",2.440664,16.56962,31.24554,49.74417
"022","1pm",2.8083135,36.17646,34.18431,26.830915
"023","1pm",6.9139912,20.70436,31.94464,40.437008
"024","1pm",2.9023676,19.25071,28.07129,49.775631
"025","1pm",4.1966779,28.93735,33.11506,33.750911
"026","1pm",4.1288057,42.72389,32.44444,20.702865
"027","1pm",8.1181461,36.73564,41.92795,13.218261
"028","1pm",8.1139991,38.56625,41.81775,11.502006
"029","1pm",0,48.22552,35.51719,16.257299
"030","1pm",3.7225845,41.0383,37.83261,17.406507
"031","1pm",5.1653985,35.83476,27.46772,31.532121
"032","1pm",2.6078865,30.10714,34.89735,32.387625
"033","1pm",16.1538355,43.96384,24.46659,15.415735
"034","1pm",3.5932565,24.78849,45.87251,25.745747
"035","1pm",13.3356314,36.32711,25.31966,25.017604
"036","1pm",7.3308746,44.07696,34.22293,14.369238
"037","1pm",4.3233913,22.50032,46.96312,26.213168
"038","1pm",5.5602749,44.69316,28.29811,21.448456
"041","1pm",14.4834434,37.81846,32.21878,15.479315
"042","1pm",9.9184853,36.89602,37.77988,15.40562
"043","1pm",9.1288673,38.65043,28.91181,23.308893
"044","1pm",16.8982902,34.21863,27.92245,20.960635
"045","1pm",10.4478637,42.04367,25.44396,22.064514
"046","1pm",7.0389857,37.93734,35.51935,19.504315
"047","1pm",6.8962823,35.76469,30.21243,27.126597
"048","1pm",12.305992,57.69385,21.89653,8.103625
"049","1pm",6.6863857,32.39103,38.18258,22.740004
"050","1pm",5.0281089,44.86183,28.00558,22.104481
"051","1pm",0.7308002,36.20728,26.78271,36.279208
"052","1pm",8.0146715,50.42288,30.97782,10.584627
"053","1pm",6.6336826,52.47589,23.67643,17.213995
"054","1pm",6.4534177,38.95075,33.62969,20.966141
"055","1pm",14.0714137,55.36948,14.34745,16.21166
"056","1pm",10.8112378,47.61349,33.88035,7.694918
"057","1pm",6.2505626,47.28042,30.16406,16.304954
"058","1pm",4.5997658,45.21742,34.92649,15.256321
"059","1pm",11.3633233,49.08167,27.25069,12.304321
"060","1pm",14.6566579,42.20777,24.02922,19.106354
"061","1pm",8.4830588,38.95156,33.49566,19.069727
"062","1pm",4.1400465,47.15701,30.1091,18.593849
"063","1pm",4.6553321,30.96679,41.85493,22.522944
"064","1pm",8.3313695,36.01696,30.82846,24.823208
"065","1pm",2.0043607,38.00053,33.35464,26.64047
"066","1pm",4.4371562,44.33223,35.28121,15.949407
"067","1pm",15.5888179,36.28254,21.33536,26.793275
"068","1pm",10.8879004,42.47179,35.78765,10.85266
"069","1pm",11.6200222,49.48223,27.22956,11.668185
"070","1pm",17.3316974,35.89935,36.08865,10.68031
"071","1pm",13.1664912,55.80691,20.0169,11.009699
"072","1pm",6.1068894,52.39527,21.49628,20.001559
"073","1pm",8.2265697,40.96345,35.38451,15.425473
"074","1pm",14.302164,42.02934,30.13131,13.537188
"075","1pm",9.7324485,37.37351,31.54653,21.347515
"081","1pm",5.9404111,41.29222,26.32686,26.440499
"082","1pm",5.8474563,39.9096,35.92865,18.314291
"083","1pm",5.9851838,61.95342,24.1855,7.875889
"001","2pm",2.131421,18.04824,31.36801,48.452326
"002","2pm",2.729039,20.36512,32.34696,44.558878
"003","2pm",4.9794768,25.14563,33.48175,36.393141
"004","2pm",2.9788708,30.6638,32.84505,33.512286
"005","2pm",6.199761,24.45411,31.91922,37.42691
"006","2pm",1.7022212,21.05534,40.36647,36.875972
"007","2pm",8.7604515,45.35418,16.71848,29.166885
"008","2pm",3.8778552,15.81547,28.19796,52.108719
"009","2pm",3.6355555,23.12143,41.23364,32.009375
"010","2pm",2.3839343,46.58041,23.65286,27.38279
"011","2pm",5.2962817,32.98049,32.93247,28.790763
"012","2pm",6.9212449,35.49981,33.21932,24.359624
"021","2pm",2.7794718,16.92017,32.94573,47.354628
"022","2pm",3.3110651,31.72926,40.74501,24.214664
"023","2pm",6.5452712,19.21091,31.97345,42.270364
"024","2pm",2.9955349,19.24299,28.70894,49.052528
"025","2pm",3.5995581,30.94691,32.01305,33.440478
"026","2pm",4.1248667,41.82966,32.94175,21.103727
"027","2pm",7.970035,33.68623,46.32726,12.016471
"028","2pm",7.5312551,39.66077,39.95512,12.852852
"029","2pm",0,47.74054,35.27936,16.980102
"030","2pm",3.9131313,39.02367,37.29782,19.765383
"031","2pm",4.9707347,35.33406,28.29333,31.401875
"032","2pm",2.6907394,31.58838,34.85166,30.869218
"033","2pm",19.2459368,39.63891,23.62123,17.493931
"034","2pm",3.608661,27.28806,45.84855,23.254725
"035","2pm",12.9275907,36.17842,27.47395,23.420031
"036","2pm",7.5366682,45.71206,32.69343,14.057841
"037","2pm",4.6062707,21.38259,47.94076,26.070381
"038","2pm",5.9246081,42.26901,31.94785,19.858536
"041","2pm",15.040204,35.92922,30.6809,18.349676
"042","2pm",9.63362,35.13021,40.12755,15.108624
"043","2pm",9.6734204,40.14833,29.15453,21.023725
"044","2pm",14.7721491,36.75627,23.28535,25.186238
"045","2pm",10.684822,42.09281,22.01895,25.203424
"046","2pm",7.807251,36.35585,35.56212,20.274782
"047","2pm",6.598594,36.82196,32.26303,24.316421
"048","2pm",13.6265361,55.99399,22.65126,7.728212
"049","2pm",5.5148719,35.49711,34.91582,24.072189
"050","2pm",5.0497537,43.44838,29.39076,22.111106
"051","2pm",0.6992619,33.68697,29.38293,36.230836
"052","2pm",6.2364084,48.12239,34.39132,11.24988
"053","2pm",6.4850857,51.03163,22.43068,20.052607
"054","2pm",5.8246757,40.18979,34.11538,19.870156
"055","2pm",14.1694542,55.9452,14.44741,15.437932
"056","2pm",11.2858792,44.88409,35.78152,8.048505
"057","2pm",7.157402,46.44746,30.61067,15.784466
"058","2pm",4.8047264,47.33868,33.91543,13.941167
"059","2pm",11.0992212,46.91634,31.33494,10.649499
"060","2pm",14.6875152,41.08053,24.16154,20.070412
"061","2pm",7.1714752,38.81691,35.16096,18.850662
"062","2pm",4.6326769,46.44937,31.39315,17.524805
"063","2pm",4.6343961,30.66151,41.228,23.47609
"064","2pm",5.8262045,36.90701,30.14866,27.118122
"065","2pm",4.4095478,37.64681,33.22013,24.723519
"066","2pm",5.1152393,45.37484,34.29089,15.219039
"067","2pm",16.9123401,37.76689,23.52146,21.799313
"068","2pm",11.1589107,45.28981,32.52112,11.03016
"069","2pm",10.3173761,48.93786,27.78639,12.958373
"070","2pm",17.8453108,35.54557,33.30906,13.300069
"071","2pm",13.6087755,54.93307,20.07862,11.379533
"072","2pm",5.3951054,52.10536,22.55858,19.940956
"073","2pm",8.98593,41.6363,35.27476,14.103005
"074","2pm",13.91781,44.67828,27.41575,13.988164
"075","2pm",8.6038711,37.37553,31.23101,22.78959
"081","2pm",5.6238572,37.34667,30.10994,26.919538
"082","2pm",5.9720494,41.86488,34.35476,17.808305
"083","2pm",4.9579451,57.63655,27.58606,9.819446
"001","3pm",1.7179516,19.81643,30.32771,48.137905
"002","3pm",3.0918704,18.00684,32.76065,46.140646
"003","3pm",3.9729939,26.72685,32.36132,36.938833
"004","3pm",2.654711,26.61839,38.27452,32.452384
"005","3pm",5.9823925,24.52533,29.94068,39.551598
"006","3pm",1.6596872,22.84734,38.45579,37.037178
"007","3pm",7.0831706,48.18726,17.90632,26.823246
"008","3pm",3.6575866,17.08054,27.70774,51.554125
"009","3pm",2.7531205,22.17631,41.87392,33.196648
"010","3pm",3.4909419,46.64193,25.74375,24.123377
"011","3pm",5.5537592,35.7393,32.28772,26.419229
"012","3pm",7.6410225,33.00968,36.5068,22.842497
"021","3pm",3.0096668,18.21145,31.73866,47.040218
"022","3pm",3.5041862,38.53014,37.14744,20.818234
"023","3pm",6.0170401,19.47774,31.88304,42.622178
"024","3pm",2.9854887,18.60119,28.6928,49.720514
"025","3pm",5.6356229,30.08649,31.49633,32.781555
"026","3pm",4.48582,44.59888,27.8282,23.087099
"027","3pm",7.3479106,37.51342,43.61126,11.527407
"028","3pm",7.5677502,36.57458,42.05836,13.799311
"029","3pm",0,49.32142,33.64213,17.036446
"030","3pm",3.9570536,35.95912,36.88236,23.201468
"031","3pm",5.5513417,34.08492,28.50628,31.857456
"032","3pm",3.0914926,29.74884,35.88431,31.275358
"033","3pm",14.5270644,40.64057,26.0717,18.760666
"034","3pm",3.1268749,25.89964,45.65869,25.314794
"035","3pm",13.8417088,32.10336,32.47599,21.578934
"036","3pm",7.5189612,46.75103,30.63778,15.092226
"037","3pm",4.5939657,23.86082,44.21914,27.326075
"038","3pm",6.346964,40.38821,34.79434,18.470487
"041","3pm",13.6647521,33.44245,29.70578,23.187015
"042","3pm",10.0700164,32.95028,40.40374,16.575966
"043","3pm",9.0452999,39.21443,31.15235,20.587919
"044","3pm",14.7317318,37.14227,21.98195,26.144054
"045","3pm",11.2469161,38.91632,25.41444,24.422327
"046","3pm",6.7609137,35.15218,38.16802,19.918883
"047","3pm",7.2157339,36.10177,30.29042,26.392084
"048","3pm",13.962022,55.60687,24.98,5.45111
"049","3pm",5.3828301,34.80504,35.32667,24.485459
"050","3pm",5.0640901,44.29071,27.60393,23.041273
"051","3pm",0.8034496,29.55668,25.95769,43.682187
"052","3pm",6.1416868,48.47724,33.72301,11.658071
"053","3pm",6.6629073,50.41661,22.8448,20.075685
"054","3pm",4.7057791,42.66048,34.33633,18.297411
"055","3pm",14.0833925,57.59062,13.27066,15.055322
"056","3pm",11.5074796,50.4936,31.15309,6.845839
"057","3pm",7.0690017,48.57806,29.3018,15.051138
"058","3pm",4.0414466,52.79613,28.85501,14.307411
"059","3pm",12.4226241,44.62051,31.16896,11.787902
"060","3pm",14.1001056,42.53584,24.09634,19.26772
"061","3pm",5.6570708,35.91302,37.76912,20.660783
"062","3pm",4.5458531,49.34619,28.45668,17.651272
"063","3pm",4.6217304,29.20113,41.32645,24.850699
"064","3pm",5.8643896,39.96445,30.42003,23.751134
"065","3pm",4.6630821,37.04896,32.67055,25.617407
