"district","hour","cs1","cs2","cs3","cs4","cs5"
"001","4am",2.6792701,5.808743,17.35292,32.20677,41.952292
"002","4am",3.4520937,7.825903,26.54765,20.08404,42.090314
"003","4am",10.0527637,5.522814,15.73011,36.04199,32.652328
"004","4am",3.6059248,12.794568,24.95041,38.217,20.432096
"005","4am",0,23.825219,40.39776,26.82872,8.948302
"006","4am",0,23.273075,17.10665,37.6691,21.95117
"007","4am",7.7022909,16.034321,44.73927,17.5523,13.97182
"008","4am",8.4722315,6.453191,34.90096,22.97105,27.202559
"009","4am",5.6523659,5.708248,31.20132,29.95957,27.478499
"010","4am",5.4804312,24.364275,39.41856,17.70568,13.031054
"011","4am",3.0338027,9.299667,47.86098,23.31616,16.489395
"012","4am",3.7802631,11.84638,45.64658,22.88933,15.837442
"021","4am",0,4.288075,33.38245,29.47821,32.851263
"022","4am",0.7060702,5.558349,31.11538,29.75032,32.869871
"023","4am",2.6792419,6.18559,29.71047,22.24593,39.178766
"024","4am",1.392667,4.578491,25.77438,24.8,43.454459
"025","4am",3.1711779,3.723137,45.07939,26.59279,21.433505
"026","4am",1.7634962,12.436972,42.08116,31.51695,12.201417
"027","4am",0,14.087492,45.5459,22.58767,17.778938
"028","4am",0.958683,10.529375,45.20738,18.7395,24.56507
"029","4am",0,15.384221,54.86753,13.88135,15.866898
"030","4am",3.4227963,15.046481,32.11655,24.95843,24.455743
"031","4am",5.4439394,10.386108,49.72395,14.29043,20.155566
"032","4am",2.6849473,15.927266,50.63988,17.98949,12.758412
"033","4am",2.9190479,19.038083,23.24077,44.90139,9.900711
"034","4am",1.7181765,20.309936,22.86444,33.59055,21.516905
"035","4am",5.3781022,22.356559,27.34085,28.95828,15.966212
"036","4am",1.0849681,16.512431,29.43534,44.69707,8.270197
"037","4am",2.2198163,11.332756,21.24021,33.77792,31.429294
"038","4am",0.5525859,15.153124,25.30197,40.09196,18.900369
"041","4am",1.3035283,12.655289,28.25285,36.33581,21.452523
"042","4am",4.0164462,19.300781,26.01087,29.44112,21.230779
"043","4am",2.2808607,10.99257,35.94254,33.87083,16.913198
"044","4am",0,21.182993,33.90724,27.89839,17.011384
"045","4am",0,13.916525,31.84858,28.54655,25.688339
"046","4am",1.3224372,21.324869,32.24047,36.52371,8.588509
"047","4am",0.420832,14.986717,40.12479,27.78371,16.683956
"048","4am",0.6992053,34.693102,31.81983,27.46291,5.324952
"049","4am",0.8156813,28.149183,20.2317,37.54298,13.260459
"050","4am",0.5241276,19.886282,20.81599,42.11792,16.655684
"051","4am",0,8.746836,26.24307,42.62659,22.383499
"052","4am",2.9450046,28.797532,31.92855,25.04709,11.281825
"053","4am",0.6243445,27.752201,24.49263,35.11005,12.020778
"054","4am",5.1854395,20.780198,43.31059,19.43757,11.286206
"055","4am",0.4495877,16.379105,41.05106,29.64482,12.475427
"056","4am",1.7300282,22.099615,31.67782,35.79862,8.693918
"057","4am",1.1358352,23.375418,36.79562,21.69054,17.002594
"058","4am",1.8294378,22.810254,31.3519,25.37003,18.638372
"059","4am",0,22.919925,34.69762,34.45801,7.924443
"060","4am",0,20.10032,37.45134,29.46823,12.980116
"061","4am",0.9916597,17.433617,33.74444,34.40787,13.422414
"062","4am",3.7302664,26.048331,22.96282,36.35602,10.902565
"063","4am",1.6740132,14.62781,33.83342,30.68404,19.180715
"064","4am",3.5603402,10.21789,32.45568,40.04545,13.720639
"065","4am",3.7858799,20.303266,38.02067,25.16437,12.725814
"066","4am",4.1843978,22.222409,24.50393,36.90798,12.181276
"067","4am",3.1877358,26.949559,31.03595,26.53496,12.291802
"068","4am",5.6392655,21.764192,31.46828,27.39231,13.735949
"069","4am",3.8662222,28.048467,27.94602,35.64317,4.496118
"070","4am",0.4796467,28.887552,31.72573,35.91972,2.987351
"071","4am",0.3540317,32.301038,28.85792,34.19619,4.290819
"072","4am",3.6372309,16.856985,37.41246,38.68213,3.411196
"073","4am",0.6039912,31.567106,32.56402,27.53652,7.728357
"074","4am",0.9912043,29.752902,22.67535,29.63486,16.945684
"075","4am",0,18.122911,33.86287,36.49672,11.517491
"081","4am",1.0761592,11.876778,36.37042,38.54148,12.135162
"082","4am",0.8794767,17.932935,37.03205,39.00831,5.147224
"083","4am",0,33.816562,22.00248,36.67638,7.504584
"001","5am",2.6792701,5.808743,17.35292,32.20677,41.952292
"002","5am",3.474958,7.877736,26.06115,20.21706,42.369091
"003","5am",10.0527637,5.522814,15.73011,36.04199,32.652328
"004","5am",3.5767035,13.501255,24.74822,37.9073,20.266521
"005","5am",0,22.820189,41.56649,26.70596,8.907357
"006","5am",0,23.399413,16.65666,37.87359,22.070332
"007","5am",8.0022249,16.658711,43.60249,18.2358,13.500768
"008","5am",8.5063615,6.742125,34.88793,22.55144,27.312143
"009","5am",5.6987145,5.755055,30.63718,30.20523,27.703819
"010","5am",5.6889358,23.099404,39.6004,18.08443,13.526824
"011","5am",3.0967794,9.492712,46.77866,23.80016,16.831688
"012","5am",3.7802631,11.84638,45.64658,22.88933,15.837442
"021","5am",0,3.896486,39.46599,26.78625,29.851272
"022","5am",0.7181996,5.653834,30.47108,29.72236,33.434533
"023","5am",2.7240501,6.289039,30.20735,22.61798,38.16158
"024","5am",1.3694338,4.50211,27.69394,24.75091,41.683606
"025","5am",3.1677671,3.719133,44.10965,27.59299,21.410452
"026","5am",1.7104542,12.062896,43.82323,30.56899,11.834425
"027","5am",0,12.798044,45.80415,23.16469,18.233114
"028","5am",0.9614979,12.206188,44.39093,18.30451,24.136872
"029","5am",0,18.021361,52.44903,13.77932,15.750283
"030","5am",3.1131361,20.595929,30.87309,22.70044,22.71741
"031","5am",5.4265386,10.35291,50.86826,14.24476,19.107535
"032","5am",2.6267757,16.02089,52.15725,16.71309,12.481991
"033","5am",2.9912773,19.509164,23.81584,44.19643,9.487285
"034","5am",1.7107568,20.222229,22.7657,33.87733,21.423986
"035","5am",5.3781022,22.356559,27.34085,28.95828,15.966212
"036","5am",1.0851957,16.609988,29.32644,44.70644,8.271932
"037","5am",2.2366152,11.418519,21.40095,34.03354,30.910372
"038","5am",0.5525859,15.153124,25.30197,40.09196,18.900369
"041","5am",1.2531226,12.165926,31.48797,34.47,20.622982
"042","5am",4.0164462,19.300781,26.01087,29.44112,21.230779
"043","5am",2.3371602,11.263905,35.23782,33.83045,17.330674
"044","5am",0,20.160244,33.68839,28.66968,17.481688
"045","5am",0,17.025226,29.815,28.23363,24.926149
"046","5am",1.3088525,22.133056,31.90928,36.14852,8.500284
"047","5am",0.4180404,14.267019,41.25577,28.39335,15.665818
"048","5am",0.71865,37.068925,31.44118,25.29821,5.473037
"049","5am",0.8025365,28.276628,17.92298,39.19031,13.807542
"050","5am",0.5189656,18.466856,22.81942,41.70311,16.491648
"051","5am",0,8.805626,26.41946,42.24097,22.533944
"052","5am",2.9952699,27.321521,32.4735,25.47459,11.73511
"053","5am",0.6290391,26.691494,25.19425,35.37405,12.111165
"054","5am",5.2080925,20.870978,43.49979,18.35148,12.069659
"055","5am",0.4544885,15.136545,42.21552,29.96797,12.225477
"056","5am",1.7497952,21.94168,31.30762,36.20765,8.793254
"057","5am",1.1888087,23.197947,35.96866,21.84902,17.795566
"058","5am",1.8523984,23.096538,31.74539,25.68844,17.617231
"059","5am",0,22.729486,35.01809,34.39382,7.8586
"060","5am",0,20.356851,36.65306,29.84432,13.145775
"061","5am",0.9842853,18.047619,33.4935,34.152,13.322599
"062","5am",3.7116442,26.216214,22.50591,37.09234,10.473895
"063","5am",1.6927026,14.791121,33.09471,31.02661,19.394857
"064","5am",3.5042379,10.056881,33.52002,39.41443,13.504435
"065","5am",3.780986,21.236424,37.14138,25.13184,12.709364
"066","5am",4.2013765,22.31258,24.60336,36.65198,12.230703
"067","5am",3.2185256,27.209861,30.36983,26.79125,12.410526
"068","5am",5.7642228,21.027327,32.16557,27.24914,13.79374
"069","5am",3.8662222,28.048467,27.94602,35.64317,4.496118
"070","5am",0.4841851,28.049928,32.02591,36.42436,3.015618
"071","5am",0.3608529,32.129952,28.82787,34.30784,4.37349
"072","5am",3.7355361,16.273563,38.42363,38.06388,3.503391
"073","5am",0.6024558,32.407921,31.68573,27.59519,7.708711
"074","5am",0.9832614,28.310574,22.49365,31.40262,16.809893
"075","5am",0,17.781042,34.82039,36.94478,10.453788
"081","5am",1.0953026,12.088049,35.23854,39.22708,12.351029
"082","5am",0.8735987,17.81308,36.78455,38.7476,5.781174
"083","5am",0,33.417966,22.05098,37.43459,7.096465
"001","6am",2.8558957,4.451788,17.07422,33.70966,41.908435
"002","6am",3.0228946,9.153441,29.55286,21.19675,37.074059
"003","6am",10.2681886,6.677239,16.0672,35.2749,31.712481
"004","6am",3.5378385,14.602516,28.53927,33.27408,20.046302
"005","6am",0,22.671718,43.91505,26.0035,7.409732
"006","6am",0,21.397297,16.65687,39.60228,22.343555
"007","6am",8.4082921,13.645985,44.5987,19.16117,14.185855
"008","6am",8.4751805,6.616486,37.51108,21.55519,25.842067
"009","6am",5.9755865,6.034664,31.67637,27.26357,29.049808
"010","6am",5.8465275,21.584711,39.58739,18.00885,14.97252
"011","6am",3.1049216,9.517671,46.63873,23.86274,16.875943
"012","6am",3.7901801,11.877457,46.40867,22.94938,14.97432
"021","6am",0,4.44303,38.11731,26.63107,30.80859
"022","6am",0.7389126,4.96569,29.73391,29.03648,35.525012
"023","6am",2.8512059,7.064954,29.29742,21.7843,39.002126
"024","6am",1.3032327,5.342627,31.30294,23.28694,38.764255
"025","6am",2.9722784,9.290517,40.49958,27.14845,20.089174
"026","6am",1.6967745,14.199889,43.82157,28.54199,11.739778
"027","6am",0,12.246914,44.46968,24.2198,19.063601
"028","6am",0.9670595,12.276792,44.18629,18.97678,23.59308
"029","6am",0,17.576037,50.74357,16.04134,15.639053
"030","6am",2.9331221,25.106543,28.98719,20.56226,22.410883
"031","6am",5.324637,11.598908,49.6709,13.7417,19.663851
"032","6am",2.6341237,16.392728,52.16607,16.75985,12.047233
"033","6am",3.1171958,17.151945,25.52837,44.31584,9.886654
"034","6am",1.6945456,22.02846,21.74224,31.21547,23.319283
"035","6am",5.528013,22.65888,27.42125,27.9806,16.411259
"036","6am",1.1680862,14.113866,27.02151,48.35919,9.337344
"037","6am",2.4242344,9.254994,20.58553,34.23195,33.503298
"038","6am",0.5574419,13.666893,27.22508,39.48412,19.066462
"041","6am",1.2818718,10.920635,30.32068,36.3807,21.096116
"042","6am",4.0498266,21.364764,25.01684,29.04851,20.52006
"043","6am",2.4008316,10.564554,34.79568,34.43612,17.802814
"044","6am",0,21.176701,32.89741,30.20817,15.717719
"045","6am",0,14.755215,30.073,29.33476,25.837017
"046","6am",1.3484981,21.659009,32.87583,35.35891,8.75776
"047","6am",0.416921,15.862653,39.29872,29.62842,14.793286
"048","6am",0.743977,35.090491,33.04834,26.01303,5.104156
"049","6am",0.8177323,29.297147,17.09501,39.1666,13.62351
"050","6am",0.5335788,17.043819,23.46197,42.18664,16.773995
"051","6am",0,9.164319,26.04012,42.05124,22.744328
"052","6am",3.075348,26.587289,32.97715,25.31136,12.048847
"053","6am",0.6463068,27.258688,24.52161,35.12976,12.443629
"054","6am",4.8982993,24.284832,40.80805,18.6571,11.351719
"055","6am",0.4661756,13.958171,43.30109,30.73859,11.535972
"056","6am",1.9183664,20.869211,32.12152,35.45052,9.640375
"057","6am",1.2322007,24.178899,36.13364,20.01014,18.445112
"058","6am",1.9379738,20.921833,33.21193,25.9515,17.976764
"059","6am",0,22.631756,35.35625,36.09729,5.914704
"060","6am",0,21.105218,38.00051,28.37862,12.515643
"061","6am",1.0594046,16.164349,35.23612,35.05668,12.48345
"062","6am",3.7802911,23.638468,23.36647,37.55974,11.655038
"063","6am",1.6524082,14.439022,35.12249,30.42226,18.363816
"064","6am",3.5719204,10.251124,34.55621,38.61536,13.005382
"065","6am",3.8179361,21.234804,37.03355,25.23085,12.682865
"066","6am",4.2144439,23.950705,23.87331,35.22083,12.740713
"067","6am",3.3761323,26.071252,31.50979,26.02457,13.018252
"068","6am",6.0704556,17.841894,33.79068,28.69679,13.600184
"069","6am",4.0017258,28.554531,25.89765,36.8924,4.653699
"070","6am",0.4805167,29.111169,31.78327,35.63227,2.99277
"071","6am",0.3662793,32.191527,28.85272,34.15022,4.439258
"072","6am",3.7999529,16.55419,38.72241,37.35965,3.563805
"073","6am",0.6112455,31.297866,32.27192,27.99779,7.821178
"074","6am",1.0132963,27.055112,24.83869,31.81516,15.277745
"075","6am",0,16.895584,35.35249,37.02665,10.72528
"081","6am",1.1389732,12.57001,32.65644,40.7911,12.843475
"082","6am",0.8856503,18.058819,37.29201,38.33264,5.430883
"083","6am",0,30.881222,22.89111,38.86083,7.366837
"001","7am",3.0129208,7.215958,18.66167,31.05596,40.053486
"002","7am",2.8336601,9.339586,29.69558,27.43416,30.697014
"003","7am",10.5192922,7.338462,19.41773,31.9294,30.79512
"004","7am",3.142066,14.461819,27.0794,32.74246,22.574253
"005","7am",0,19.627336,44.15341,26.64063,9.578629
"006","7am",0,17.417373,21.95279,43.22939,17.400449
"007","7am",9.6278294,14.043513,42.71443,18.64675,14.96747
"008","7am",7.7072609,4.857774,36.93691,26.68751,23.810546
"009","7am",5.9888469,8.955155,32.27891,28.85879,23.918295
"010","7am",6.0145562,19.943434,42.62194,15.03153,16.38854
"011","7am",2.7167276,8.557128,46.26155,23.76747,18.697123
"012","7am",3.6458897,14.480709,42.31314,25.21982,14.340436
"021","7am",0,6.755546,35.57175,25.50679,32.165911
"022","7am",0.7823561,4.006682,33.28856,28.32928,33.593118
"023","7am",3.1579755,14.686295,30.78061,18.64648,32.728642
"024","7am",1.091968,7.885387,30.40708,26.46965,34.145916
"025","7am",3.3457513,9.826645,40.09495,24.94417,21.788483
"026","7am",1.5750481,16.266522,43.37382,29.1975,9.587113
"027","7am",0,13.273734,43.21637,24.05243,19.457468
"028","7am",1.02651,15.615894,43.26243,19.92276,20.172411
"029","7am",0,20.877115,44.45627,17.85526,16.811348
"030","7am",2.8609693,24.734876,30.25174,19.98863,22.163782
"031","7am",5.4543514,13.65963,41.81131,15.88001,23.1947
"032","7am",2.4307081,21.580209,49.54676,14.97249,11.46984
"033","7am",4.0430206,18.598437,26.63492,42.23161,8.492009
"034","7am",1.657,21.534797,18.07469,29.97775,28.755757
"035","7am",6.3089085,22.744889,24.56122,32.36684,14.018137
"036","7am",1.2480864,16.313653,26.40599,46.68609,9.346179
"037","7am",2.4128265,13.14799,19.93493,29.15067,35.353586
"038","7am",0.6190586,11.957512,28.00715,41.37227,18.044012
"041","7am",1.4871382,17.466901,32.72559,30.27906,18.041307
"042","7am",4.4094534,22.926555,24.88022,31.22746,16.556315
"043","7am",2.936141,10.705493,33.8508,37.36007,15.147492
"044","7am",0,20.795814,34.01194,30.61044,14.581805
"045","7am",0,17.493655,30.99327,30.82764,20.685436
"046","7am",1.5841619,19.943223,33.20052,38.66681,6.60528
"047","7am",0.4102939,21.34966,34.45615,29.92854,13.855359
"048","7am",0.8342195,34.090526,31.97174,28.75489,4.348628
"049","7am",0.8921031,29.403872,23.06185,34.67503,11.967146
"050","7am",0.5242818,21.652303,21.58645,39.3906,16.846365
"051","7am",0,12.593979,32.27555,35.99272,19.137745
"052","7am",3.2882467,27.987139,32.06239,24.75443,11.907801
"053","7am",0.7146362,27.823409,23.884,37.32727,10.250687
"054","7am",4.7959663,22.333573,42.6292,20.07973,10.161533
"055","7am",0.4918344,15.364738,42.84436,29.43137,11.867699
"056","7am",2.3571038,18.59488,34.7364,35.53852,8.773093
"057","7am",1.4964806,24.634584,37.71138,23.31839,12.839168
"058","7am",2.4842635,22.03887,34.0335,27.75348,13.689884
"059","7am",0,24.333513,39.42819,31.11257,5.125722
"060","7am",0,22.574942,39.04236,27.82186,10.560838
"061","7am",1.1271297,17.398858,37.49742,31.33019,12.646399
"062","7am",4.4968494,25.0656,23.68831,36.73443,10.014814
"063","7am",1.6250448,15.385776,35.40953,29.51993,18.059717
"064","7am",3.5794309,14.659017,36.47379,34.74969,10.538073
"065","7am",3.3933266,20.045026,35.85537,27.29085,13.415423
"066","7am",4.9331096,20.145261,25.72741,37.96257,11.231648
"067","7am",3.5899529,28.279195,28.2211,26.81043,13.099318
"068","7am",6.4191675,19.311862,35.56143,27.87147,10.836072
"069","7am",3.9265258,29.966446,25.45726,36.96608,3.683686
"070","7am",0.5576045,23.45711,35.50531,37.79019,2.689785
"071","7am",0.4132429,29.890381,31.07303,35.17787,3.445478
"072","7am",2.3969908,16.29175,42.98436,34.6407,3.6862
"073","7am",1.1728313,32.716737,29.581,28.7764,7.753031
"074","7am",1.1881696,27.55675,26.7926,31.30588,13.156606
"075","7am",0,19.85337,42.31207,26.66063,11.173926
"081","7am",1.2600807,11.721308,35.77447,37.90213,13.342009
"082","7am",0.9253475,19.027016,36.82741,36.90341,6.316818
"083","7am",0,30.71211,24.22794,38.30872,6.751235
"001","8am",3.0557106,6.056623,22.27299,33.95469,34.659989
"002","8am",2.3055215,8.592883,30.55534,31.61502,26.931243
"003","8am",10.7399306,8.188272,25.81737,28.49616,26.758275
"004","8am",3.8750565,16.200978,29.3749,26.7562,23.792866
"005","8am",3.2304936,15.149429,35.98106,31.28629,14.352724
"006","8am",0,11.152447,33.52821,37.35307,17.966281
"007","8am",8.393937,14.454351,49.42276,17.37578,10.353178
"008","8am",3.4324398,5.680095,32.0289,25.53493,33.323642
"009","8am",4.6811089,8.779875,32.81791,33.50275,20.218354
"010","8am",5.8885125,17.490558,46.51287,13.38687,16.721197
"011","8am",2.5737358,8.309165,43.89824,26.94966,18.269198
"012","8am",4.3732421,11.865611,46.7748,27.0363,9.950048
"021","8am",0,5.630954,35.4273,24.52915,34.412598
"022","8am",0.9514786,7.859561,31.49645,28.98607,30.706434
"023","8am",3.6411861,17.069624,32.71389,18.69016,27.885143
"024","8am",0.8015651,7.11646,26.39588,24.48972,41.196373
"025","8am",3.6631223,10.119509,42.81737,26.03802,17.361987
"026","8am",1.4802715,15.72644,42.9983,26.09953,13.695454
"027","8am",0,17.064533,47.82892,22.35804,12.748507
"028","8am",1.2843252,16.558545,49.16786,22.63561,10.353658
"029","8am",0,23.474736,39.7046,23.20353,13.617135
"030","8am",2.7635206,23.470693,34.29076,19.75267,19.722354
"031","8am",3.9863966,12.571598,36.81018,21.48735,25.144477
"032","8am",2.1850003,21.884528,39.74606,19.35516,16.829254
"033","8am",4.4430969,19.468203,22.93657,44.82196,8.33017
"034","8am",1.4641835,16.92867,24.7665,33.45708,23.383569
"035","8am",6.0975744,21.612089,22.25761,31.64871,18.384015
"036","8am",1.5461061,16.836471,29.57001,42.57728,9.470135
"037","8am",2.7393374,15.435919,21.95152,31.79636,28.076861
"038","8am",0.9322493,14.328656,32.53828,37.76524,14.435568
"041","8am",1.497506,19.863964,31.67035,32.49996,14.468227
"042","8am",3.288829,25.933912,25.88849,32.92757,11.961205
"043","8am",3.8515132,16.645121,31.38443,39.22209,8.89685
"044","8am",0,20.307872,30.15448,28.25571,21.281938
"045","8am",0,19.230924,33.50423,34.62209,12.642753
"046","8am",1.8523734,23.368554,28.67801,37.09695,9.004106
"047","8am",0.3457693,20.084074,32.39958,29.70337,17.467214
"048","8am",0.9025267,35.780521,30.76112,29.36441,3.191418
"049","8am",0.9178647,29.362419,24.39303,35.71172,9.61497
"050","8am",0.642147,25.309377,28.03745,29.39583,16.615195
"051","8am",0,14.101771,26.77211,33.80327,25.322845
"052","8am",3.5104945,28.298577,31.26092,27.85166,9.078356
"053","8am",0.7188676,28.44173,26.02094,31.54646,13.271998
"054","8am",3.700063,20.994265,40.21633,22.06905,13.02029
"055","8am",0.5549022,16.255547,35.11311,33.26032,14.816123
"056","8am",2.5467083,18.200399,30.2381,38.93751,10.077279
"057","8am",1.8870059,32.137075,39.27357,20.11242,6.589925
"058","8am",2.62574,23.776467,34.72587,30.17134,8.700585
"059","8am",0,30.235519,35.99947,30.49524,3.269773
"060","8am",0,25.507765,38.12937,26.50428,9.858582
"061","8am",2.8438696,17.188395,37.3572,33.15929,9.45124
"062","8am",4.7222304,28.181003,20.09831,39.65796,7.340504
"063","8am",1.3607122,14.246414,37.66123,30.12545,16.606193
"064","8am",3.2657749,14.602459,36.75995,33.65684,11.714975
"065","8am",3.3597436,20.298205,33.14516,29.07496,14.121926
"066","8am",3.5720744,21.561998,25.51506,39.62059,9.730281
"067","8am",2.446817,27.285171,29.2122,26.85137,14.204445
"068","8am",6.1069866,19.596684,36.67467,27.78206,9.839594
"069","8am",3.9773683,28.055817,28.11961,36.45655,3.390651
"070","8am",0.6435947,26.929613,31.99433,38.42688,2.005584
"071","8am",0.4425157,26.958901,29.8475,37.94213,4.80896
"072","8am",2.5839059,17.715823,41.17607,35.30592,3.218283
"073","8am",1.0910137,29.75861,29.14879,32.44582,7.555767
"074","8am",1.3550416,33.073691,23.76549,32.25564,9.550135
"075","8am",0,21.252392,42.68309,26.40004,9.664476
"081","8am",1.3019571,12.110843,31.67029,39.5193,15.397609
"082","8am",0.9745558,20.316,36.01421,35.99301,6.70223
"083","8am",0,30.172895,28.45788,38.49197,2.877253
"001","9am",3.2427272,6.714628,26.30466,32.48601,31.251978
"002","9am",1.9145389,8.346757,30.28874,34.78997,24.660001
"003","9am",10.701765,10.911,24.3463,28.46139,25.57955
"004","9am",2.356906,14.967415,31.84007,26.59534,24.240264
"005","9am",3.7384446,12.855789,36.24608,28.74439,18.415293
"006","9am",0,11.454061,36.54751,35.76862,16.229804
"007","9am",8.9548384,13.401853,46.98278,18.14351,12.517016
"008","9am",3.6513961,4.899901,34.21822,22.31235,34.918139
"009","9am",5.3413481,8.647118,29.20288,33.71212,23.096533
"010","9am",4.5187117,17.583336,45.24716,14.59619,18.05461
"011","9am",5.5347238,8.263211,42.82108,27.2821,16.098879
"012","9am",4.480493,15.80868,45.34514,26.33092,8.03476
"021","9am",0.389173,4.761408,33.83812,27.22582,33.785484
"022","9am",0,8.894834,33.43253,28.338,29.334635
"023","9am",3.6548952,15.93116,34.26762,18.15032,27.996006
"024","9am",0.6852986,6.898415,23.29661,23.91912,45.20056
"025","9am",2.6919191,9.052819,44.45004,24.34475,19.460468
"026","9am",2.0095518,13.331754,38.25736,31.0221,15.379235
"027","9am",0,15.073754,50.63313,21.86378,12.429335
"028","9am",2.6655451,15.318815,49.54257,19.86593,12.607136
"029","9am",0,23.441231,39.97332,23.10537,13.480077
"030","9am",2.746629,22.49558,34.96612,21.00699,18.78468
"031","9am",3.9379949,12.418957,36.62854,22.24166,24.77285
"032","9am",2.1135246,20.49119,37.99855,18.53317,20.863568
"033","9am",2.0758322,21.393852,20.52971,49.39636,6.60425
"034","9am",3.0302736,14.022094,25.82407,34.1737,22.949857
"035","9am",5.5980069,22.822127,24.37072,30.07204,17.137105
"036","9am",1.5039867,17.688603,28.48026,41.82462,10.502531
"037","9am",2.6535218,14.952355,21.79749,35.10697,25.489669
"038","9am",0,16.467462,35.0059,32.67273,15.853914
"041","9am",1.5489452,19.305719,33.29593,30.26922,15.580183
"042","9am",3.3167053,28.50962,26.96364,32.61038,8.59965
"043","9am",4.1863564,18.092216,29.96543,38.08568,9.670325
"044","9am",0,21.355105,27.33697,30.32513,20.982789
"045","9am",0,21.648702,34.11535,31.74665,12.489294
"046","9am",1.9077626,21.00171,33.08013,35.35588,8.654526
"047","9am",0.3378109,20.688033,31.97894,29.85228,17.142937
"048","9am",0.905231,35.77368,31.33418,28.43262,3.554296
"049","9am",0,28.730758,22.56644,38.26739,10.435419
"050","9am",0,27.754655,25.44202,31.9071,14.896225
"051","9am",0,12.363865,30.04433,35.00623,22.585571
"052","9am",3.4325506,27.67026,30.50804,28.90849,9.480656
"053","9am",0.7635441,30.209337,25.14812,30.06259,13.816408
"054","9am",3.6365942,20.90057,42.29248,20.50537,12.664988
"055","9am",0.6025465,17.651259,38.0874,31.49386,12.164941
"056","9am",2.7796479,19.507832,27.39341,41.1162,9.202915
"057","9am",1.8155575,32.028913,41.83998,18.10942,6.206128
"058","9am",2.6841077,20.232014,36.63432,29.99373,10.455828
"059","9am",0,30.39696,38.01912,27.86296,3.720959
"060","9am",0,27.435442,36.68093,24.78371,11.099916
"061","9am",3.0214322,18.261587,36.68741,35.93663,6.092946
"062","9am",4.6944483,24.331773,21.19308,40.6246,9.156093
"063","9am",1.3483159,14.418055,38.88297,29.33114,16.01952
"064","9am",4.2989184,15.926792,38.79087,30.41326,10.570161
"065","9am",3.1847821,18.857506,33.8431,28.37883,15.735787
"066","9am",3.8125533,21.70886,22.61138,40.62561,11.241602
"067","9am",2.6183008,27.697336,26.60061,30.12671,12.957049
"068","9am",6.1748849,20.00456,36.01519,27.85638,9.948992
"069","9am",4.3236136,26.479444,28.38818,37.12294,3.68582
"070","9am",0.6731933,28.428715,30.8084,37.99187,2.09782
"071","9am",0.4584705,24.153635,30.1935,38.94441,6.249979
"072","9am",2.4757237,19.197755,39.07681,35.44243,3.807279
"073","9am",1.0764242,29.318716,29.41034,32.65038,7.544142
"074","9am",1.4372179,33.012384,29.22805,26.54407,9.778272
"075","9am",0,19.095094,44.09214,28.18408,8.628683
"081","9am",1.3499838,10.97363,28.07333,47.12206,12.480996
"082","9am",0.9780221,20.731593,37.6821,35.08606,5.522221
"083","9am",0,34.457248,24.59121,38.04966,2.901882
"001","10am",3.128986,7.763303,27.93826,29.80299,31.36646
"002","10am",1.8125477,8.883456,32.17587,32.9533,24.174828
"003","10am",10.586382,9.629271,25.69636,29.83222,24.255766
"004","10am",2.2570896,13.374764,35.34902,25.48172,23.537406
"005","10am",4.125107,13.181783,36.26098,29.42597,17.006164
"006","10am",0,10.99895,36.09382,34.77171,18.135524
"007","10am",10.6496696,9.541747,49.98195,18.73476,11.091874
"008","10am",3.7322523,4.017962,33.47078,23.56149,35.217516
"009","10am",4.5244855,8.611711,31.88201,31.41549,23.566307
"010","10am",5.8799038,16.608246,42.3056,16.13035,19.075903
"011","10am",4.6718954,5.530672,43.66164,28.2359,17.899897
"012","10am",4.0841359,21.218374,40.12574,26.17019,8.401562
"021","10am",0.4039087,4.298147,34.02571,24.98385,36.288381
"022","10am",0,9.410147,33.25442,28.62986,28.705577
"023","10am",3.8661258,15.787039,33.42273,20.05655,26.867553
"024","10am",0.7002437,7.048855,23.03731,24.80247,44.411123
"025","10am",2.5361139,10.194499,45.82133,23.46318,17.984875
"026","10am",1.5468814,13.371085,39.9835,28.57447,16.524062
"027","10am",0,15.316595,46.93283,23.0383,14.712275
"028","10am",2.5629665,13.297837,49.95418,20.87572,13.309294
"029","10am",0,23.315824,39.71286,26.94713,10.024186
"030","10am",2.9788739,23.534736,34.55597,21.26451,17.665911
"031","10am",3.8372606,12.747341,34.06144,22.26639,27.087563
"032","10am",2.0679421,21.331925,37.88799,18.40197,20.310171
"033","10am",2.548363,18.365063,23.5369,47.44206,8.107605
"034","10am",3.0162939,13.957405,25.35655,34.39715,23.2726
"035","10am",5.554753,22.363951,23.147,30.03544,18.898865
"036","10am",1.5528558,17.51164,31.92944,42.62065,6.385413
"037","10am",2.6700102,20.190662,20.68271,32.35896,24.09765
"038","10am",0,17.64436,29.79414,32.91052,19.650976
"041","10am",1.1769238,23.34432,36.59097,24.5877,14.300084
"042","10am",3.2255525,27.136866,27.97017,33.52183,8.145584
"043","10am",4.2573299,18.398943,28.38969,39.11977,9.834271
"044","10am",0,16.720833,27.76808,33.62337,21.887716
"045","10am",0,21.705109,36.02351,28.52759,13.74379
"046","10am",1.8723539,24.39507,33.75157,33.0983,6.88271
"047","10am",0.3290331,19.533407,32.54641,28.86286,18.728292
"048","10am",0.9058462,35.387647,33.14306,27.00674,3.556712
"049","10am",0,29.384108,21.45512,39.35669,9.804081
"050","10am",0,26.868603,23.89957,32.68112,16.550709
"051","10am",0,15.812761,32.78947,31.6662,19.731572
"052","10am",3.5955459,26.472755,31.06058,29.53932,9.331801
"053","10am",0.7680728,30.388513,25.62416,29.0665,14.152748
"054","10am",3.7649101,20.619415,43.39774,20.26641,11.951528
"055","10am",1.0421008,18.512872,36.39295,31.8923,12.159774
"056","10am",2.8383805,19.235914,28.40205,41.98496,7.538694
"057","10am",1.7145528,31.993155,38.87044,20.47935,6.9425
"058","10am",2.7033663,22.391297,32.9311,32.68624,9.287996
"059","10am",0,30.627655,36.06746,28.4061,4.898786
"060","10am",0,28.097965,40.01133,24.03649,7.85422
"061","10am",3.0797961,19.466424,36.01954,35.22359,6.210642
"062","10am",4.6776297,25.946867,19.64361,40.6086,9.12329
"063","10am",0.6701353,14.581753,39.0529,29.38838,16.306831
"064","10am",3.3478854,15.80775,36.882,31.42135,12.54102
"065","10am",3.271348,19.601503,36.077,27.8299,13.220247
"066","10am",5.8765672,22.121604,20.34948,41.00147,10.650872
"067","10am",3.7411278,29.084281,26.9368,27.12774,13.110041
"068","10am",5.8433525,20.474349,37.57854,27.24832,8.855434
"069","10am",4.2765128,30.429552,27.81326,32.58003,4.900648
"070","10am",0.6802757,26.201605,31.2375,39.76073,2.119891
"071","10am",0.454796,24.438731,29.97701,38.92958,6.199886
"072","10am",2.5448873,17.67474,37.76445,38.95613,3.059791
"073","10am",1.0870618,31.083992,30.31934,29.31365,8.195957
"074","10am",1.4280623,31.807781,30.0692,26.143,10.551956
"075","10am",0,19.185013,41.98719,29.30875,9.51905
"081","10am",1.3298373,10.184313,29.61628,46.97723,11.892332
"082","10am",0.9867601,20.916815,37.62766,33.71514,6.753617
"083","10am",0,34.045033,26.24942,36.66258,3.04297
"001","11am",3.2352505,8.026955,24.98696,28.64972,35.101115
"002","11am",1.8156173,8.067925,31.95235,32.80486,25.359252
"003","11am",11.0470825,10.101428,22.11042,29.12896,27.612115
"004","11am",2.2697911,14.302028,37.08689,24.87186,21.46943
"005","11am",4.2976656,13.959579,38.63145,27.92799,15.183313
"006","11am",0,10.878257,33.53826,38.68476,16.89872
"007","11am",10.7724182,10.097656,50.61611,15.77213,12.741686
"008","11am",3.7257113,3.764674,32.83108,26.22822,33.450308
"009","11am",5.8537146,8.087222,30.35722,33.45471,22.247128
"010","11am",4.8840424,18.252027,40.40287,16.92837,19.532693
"011","11am",5.3849252,6.034358,43.4607,26.49823,18.621786
"012","11am",4.1788288,20.034914,40.59797,26.76235,8.425936
"021","11am",0,4.517906,38.36776,23.52139,33.592944
"022","11am",1.0366906,8.706756,31.82435,26.40906,32.023137
"023","11am",2.3924162,14.585805,35.40116,19.84116,27.77946
"024","11am",0.7233352,7.27469,25.24645,23.30089,43.454639
"025","11am",2.6485291,10.391902,42.58148,26.60843,17.769661
"026","11am",1.4784455,14.410352,41.09072,27.64762,15.372863
"027","11am",0,15.65328,46.23324,24.20149,13.911988
"028","11am",2.4766078,17.434174,46.67879,21.47143,11.93899
"029","11am",0,20.111558,40.66281,24.43462,14.791015
"030","11am",3.1055143,24.535265,34.41537,20.94546,16.99839
"031","11am",3.8626328,12.831627,34.6652,23.18111,25.459432
"032","11am",2.1639895,21.992196,40.26904,16.74873,18.826047
"033","11am",2.2353056,20.790179,21.94644,46.851,8.177078
"034","11am",3.2037271,13.746565,25.73134,34.31435,23.004014
"035","11am",4.8365299,23.745421,21.79875,30.72725,18.892048
"036","11am",1.6085841,18.004272,30.99415,39.15316,10.239837
"037","11am",2.6818665,15.517961,22.23786,32.74727,26.815046
"038","11am",0,17.367641,26.76388,38.25582,17.612655
"041","11am",1.4974253,19.367895,32.18846,31.70974,15.236481
"042","11am",3.3401904,28.711492,26.43278,33.49153,8.024008
"043","11am",3.9465683,17.867633,30.50507,36.24315,11.437572
"044","11am",0,17.972137,28.91655,31.70085,21.410464
"045","11am",0,25.700797,33.4376,29.69948,11.162124
"046","11am",1.8232,25.060018,32.56643,34.84839,5.70196
"047","11am",0.3326068,18.40155,33.62371,29.00609,18.63604
"048","11am",0.9062769,34.843651,33.0764,26.46825,4.705418
"049","11am",0,27.417417,23.78096,39.94495,8.856668
"050","11am",0,31.00216,21.88355,29.53533,17.578963
"051","11am",0,10.753424,31.22671,37.72929,20.290581
"052","11am",3.4384424,27.844146,30.31718,27.65141,10.748825
"053","11am",0.7606122,30.093337,26.60586,31.88618,10.654018
"054","11am",3.6240053,22.533168,43.40777,18.89452,11.540542
"055","11am",1.1607325,15.560138,39.74718,31.1532,12.378749
"056","11am",2.5802404,17.777922,27.75685,44.56061,7.324382
"057","11am",2.2477335,32.181386,38.3385,20.24903,6.983346
"058","11am",2.7970604,23.995469,31.89457,31.703,9.609902
"059","11am",0,32.503001,35.81891,28.03424,3.643856
"060","11am",0,26.776261,39.05877,26.2461,7.918871
"061","11am",3.1321646,19.797429,35.48346,35.2707,6.316247
"062","11am",4.6988935,26.323845,21.41163,39.03252,8.533112
"063","11am",1.3729276,14.696298,38.4731,29.13476,16.322916
"064","11am",3.429808,17.750808,36.55567,31.30057,10.96315
"065","11am",2.3807772,18.170581,36.29287,28.75447,14.401299
"066","11am",6.1488217,24.626431,23.19047,35.31817,10.716113
"067","11am",3.5191474,28.260973,27.47787,27.23435,13.507663
"068","11am",6.1189276,20.272185,36.65665,27.67917,9.27306
"069","11am",3.9860178,30.366124,25.91968,35.16042,4.567757
"070","11am",0.6556108,27.432393,30.18081,39.68815,2.043029
"071","11am",0.4530138,23.405667,29.47332,40.49241,6.175591
"072","11am",2.6564373,17.172844,40.29742,36.67939,3.19391
"073","11am",1.1026225,29.863345,30.96151,30.15268,7.919843
"074","11am",1.4283989,33.045025,29.48018,26.98863,9.057773
"075","11am",0,17.441959,42.53316,30.26164,9.763241
"081","11am",1.2747385,11.258021,31.55894,44.33146,11.576832
"082","11am",0.9622531,20.166947,36.24765,36.27465,6.348508
"083","11am",0,36.17594,24.29525,35.19093,4.337886
"001","12am",7.3957446,6.747485,22.94962,32.45265,30.454495
"002","12am",1.8374808,8.185306,31.55486,30.58962,27.832735
"003","12am",11.8952647,8.066297,19.62483,33.23564,27.177971
"004","12am",2.5390334,14.40599,34.56028,27.06837,21.426326
"005","12am",0.6339721,12.422681,37.34591,32.98011,16.617328
"006","12am",0,10.900753,35.1633,31.07588,22.860067
"007","12am",9.8277754,9.27051,52.14775,15.18761,13.566356
"008","12am",3.5119295,3.719259,31.11702,28.2495,33.402294
"009","12am",5.6487363,10.120921,28.94619,29.0283,26.255855
"010","12am",5.365902,17.135576,39.79541,18.66035,19.042759
"011","12am",4.3096313,6.628225,46.31353,26.28987,16.458744
"012","12am",4.5361366,15.892061,43.86202,26.35096,9.358825
"021","12am",0,3.771577,36.15031,30.22873,29.849388
"022","12am",0.934158,6.892422,34.53669,24.13109,33.505648
"023","12am",2.7152493,14.228951,34.7061,21.74698,26.602718
"024","12am",1.1841182,6.699783,25.41383,23.97965,42.72262
"025","12am",2.0725757,10.606631,43.42319,23.64891,20.248696
"026","12am",1.5214522,16.659585,40.72119,29.43058,11.667195
"027","12am",0,14.892753,46.17569,24.59581,14.335739
"028","12am",2.3898872,19.762382,46.92645,21.81705,9.104223
"029","12am",0,19.711673,38.25086,24.80556,17.231916
"030","12am",3.1959372,25.956133,31.78585,21.31278,17.749294
"031","12am",3.5727887,13.532355,36.88073,19.24137,26.772757
"032","12am",1.5398283,23.204958,39.09594,18.18337,17.975895
"033","12am",1.9459486,17.890901,22.21928,48.6234,9.320469
"034","12am",1.6455991,15.003864,23.22343,38.34825,21.778851
"035","12am",4.9311272,22.093759,24.85454,30.40315,17.717418
"036","12am",1.5470306,17.402141,26.58683,45.37912,9.084881
"037","12am",2.5375038,13.814869,24.49811,32.06892,27.080595
"038","12am",0,18.139996,30.09985,33.88289,17.877265
"041","12am",1.5558626,20.123732,34.4633,27.55626,16.300842
"042","12am",2.8812742,25.250043,31.5625,29.97722,10.328961
"043","12am",4.0921978,18.526953,30.19529,33.8287,13.356863
"044","12am",0,21.262324,30.91753,30.63812,17.182026
"045","12am",0,25.728986,30.41761,32.84323,11.010166
"046","12am",1.6872651,22.95937,33.01546,35.44524,6.892664
"047","12am",0.3561501,18.229152,35.86304,28.22105,17.33061
"048","12am",0.8971871,30.591705,35.90478,28.7541,3.852225
"049","12am",0.9283099,25.125411,22.52502,37.49287,13.92839
"050","12am",0.7081478,31.012614,24.87399,30.50869,12.896565
"051","12am",0,14.843899,29.71804,36.32204,19.116018
"052","12am",3.2880862,26.645184,29.99329,27.41575,12.657688
"053","12am",0.7590653,28.730382,27.03742,32.14054,11.332588
"054","12am",4.2199486,22.312587,43.77453,19.98816,9.704776
"055","12am",1.0709393,14.938892,39.14654,31.16619,13.67744
"056","12am",2.6889356,18.878544,29.60055,42.24753,6.584438
"057","12am",2.2321791,34.550799,34.71474,21.24413,7.258152
"058","12am",2.6253101,22.522055,33.66199,30.0707,11.119948
"059","12am",0,26.089711,39.10803,30.32088,4.481379
"060","12am",0,27.129012,40.07808,24.91544,7.877468
"061","12am",3.1704235,19.859303,32.51085,38.06603,6.393399
"062","12am",4.7200247,24.054038,22.0701,40.37888,8.776953
"063","12am",1.3521181,14.156436,36.41445,30.97935,17.097652
"064","12am",3.7290544,16.483116,36.7738,32.53645,10.477583
"065","12am",2.181421,21.212701,33.05928,27.21641,16.330187
"066","12am",5.7914145,18.381277,23.01239,40.28108,12.533834
"067","12am",3.3069198,27.506077,28.11191,27.17713,13.897966
"068","12am",5.6473108,21.864455,38.43114,26.00788,8.049212
"069","12am",4.0860777,29.592663,27.02727,35.84732,3.446667
"070","12am",0.6137778,28.228614,27.85223,41.39271,1.912668
"071","12am",0.4144335,25.054449,28.27802,39.82551,6.427582
"072","12am",2.2807294,18.054477,39.13934,37.01805,3.507408
"073","12am",1.1681882,29.892254,31.44458,29.30771,8.187272
"074","12am",1.2864104,35.937244,26.65041,27.19368,8.93225
"075","12am",0,19.603514,41.59393,29.97729,8.825264
"081","12am",1.2009467,11.229558,34.91846,41.38096,11.270076
"082","12am",0.9489537,19.404916,37.23675,36.14862,6.260764
"083","12am",0,30.938189,26.07328,34.91755,8.070985
"001","1pm",2.8831671,10.191762,22.57129,32.6916,31.66218
"002","1pm",2.2610201,7.304355,28.62169,31.62503,30.187907
"003","1pm",12.1316683,11.259914,20.70722,31.07835,24.822856
"004","1pm",2.6163084,12.983944,35.86124,24.67865,23.859854
"005","1pm",3.6732695,10.607111,37.40218,30.70993,17.607508
"006","1pm",0,11.681464,36.94874,30.74473,20.625067
"007","1pm",9.6285919,9.359941,50.25302,20.36689,10.391555
"008","1pm",3.3658735,5.402412,31.43035,26.68173,33.11964
"009","1pm",5.6541667,8.458033,31.11555,32.96265,21.809607
"010","1pm",5.4801149,18.24275,41.8216,16.6397,17.815842
"011","1pm",3.5098781,6.864877,47.41332,27.14772,15.064201
"012","1pm",3.8693383,16.901276,42.01241,29.69802,7.518953
"021","1pm",0,7.001871,35.14083,27.38899,30.468302
"022","1pm",0.9331794,9.811338,32.70539,27.0513,29.498795
"023","1pm",1.7942633,16.256998,33.22611,20.84056,27.882073
"024","1pm",1.1801531,6.341081,22.81577,25.79643,43.866564
"025","1pm",2.1546161,11.891225,44.22588,23.107,18.621283
"026","1pm",1.4249398,17.055821,38.03028,27.63905,15.84991
"027","1pm",0,14.619619,49.0618,25.16091,11.157672
"028","1pm",1.2757452,21.433109,48.75771,20.32914,8.204294
"029","1pm",0,19.242647,38.40179,26.29479,16.060776
"030","1pm",3.6259484,17.741994,42.70621,17.93577,17.990075
"031","1pm",4.602527,12.904998,33.69091,23.52119,25.280375
"032","1pm",1.4433743,22.139813,35.60346,20.3918,20.421548
"033","1pm",2.0981277,22.886757,23.87238,42.78969,8.35305
"034","1pm",1.5692955,13.693,24.11576,37.2929,23.329047
"035","1pm",4.7232557,25.78327,22.25375,30.26919,16.97054
"036","1pm",1.5790608,19.145592,27.96113,42.42552,8.888698
"037","1pm",2.7101787,13.930987,28.2079,26.48418,28.666745
"038","1pm",0,16.496475,29.40783,41.04927,13.046423
"041","1pm",1.6974533,21.238985,33.23305,29.95214,13.878375
"042","1pm",3.1796307,27.968602,26.99866,32.05067,9.802443
"043","1pm",3.6832401,16.675444,30.91757,35.66674,13.057004
"044","1pm",0,20.839068,30.1147,32.09016,16.956068
"045","1pm",1.6935436,21.148714,31.64738,33.7269,11.783456
"046","1pm",1.8532011,25.768561,29.53009,36.45124,6.396906
"047","1pm",0.3341881,17.256208,35.42698,28.40536,18.577262
"048","1pm",0.911801,31.141212,37.39598,27.99175,2.559254
"049","1pm",0.9637727,25.272262,22.46943,40.28601,11.008525
"050","1pm",0.7012821,33.695167,22.14373,28.48759,14.972226
"051","1pm",0,14.708886,32.10402,31.28141,21.905682
"052","1pm",3.3791288,28.471501,29.93259,27.79011,10.426674
"053","1pm",0.7648904,28.901561,29.84282,29.07117,11.419555
"054","1pm",3.9304456,23.064504,43.94568,16.3553,12.704069
"055","1pm",1.0728079,15.091192,35.07245,34.218,14.545555
"056","1pm",2.6795221,20.222404,29.64808,40.8886,6.561387
"057","1pm",2.3029763,36.593979,31.58667,23.27834,6.238028
"058","1pm",2.7633652,20.239121,36.54599,31.47077,8.980752
"059","1pm",0,27.209521,42.51294,28.55073,1.726807
"060","1pm",0,28.750107,38.61936,23.81196,8.818572
"061","1pm",3.1429093,16.879177,34.98336,37.1943,7.800251
"062","1pm",4.9548102,24.702967,22.35455,37.84182,10.145855
"063","1pm",0.6606208,15.017477,35.20918,31.97227,17.140457
"064","1pm",2.3418113,16.937775,38.46182,32.96144,9.29715
"065","1pm",3.0945958,18.462769,35.60829,26.27436,16.559986
"066","1pm",6.1812224,21.37143,17.98852,40.56308,13.895745
"067","1pm",2.4644196,28.287968,25.52773,30.16181,13.558076
"068","1pm",4.6482217,22.787542,37.83271,27.39926,7.332266
"069","1pm",4.4446586,30.576049,21.72922,39.88171,3.36837
"070","1pm",0.5784749,26.67364,33.56071,37.38452,1.802657
"071","1pm",0.436648,23.695758,27.99685,41.08638,6.784358
"072","1pm",2.4483758,18.765902,37.71661,37.30389,3.765222
"073","1pm",1.163907,30.50193,31.37685,27.81927,9.138042
"074","1pm",1.2804612,35.870572,28.34848,23.7266,10.773887
"075","1pm",0,21.998494,37.89878,31.1322,8.970522
"081","1pm",1.1414664,13.780797,32.77452,41.57042,10.732795
"082","1pm",0.9822291,19.62825,37.65851,35.74091,5.990099
"083","1pm",0,35.170709,26.64121,33.0873,5.100778
"001","2pm",2.7770373,9.341795,23.49244,32.4907,31.898029
"002","2pm",2.3285713,7.582451,27.9076,33.70882,28.472555
"003","2pm",12.3174358,11.601772,21.69755,30.1583,24.224944
"004","2pm",4.0746198,11.26218,42.00362,22.29198,20.3676
"005","2pm",2.9232436,11.732215,33.49564,33.61423,18.234672
"006","2pm",0,12.914182,35.76392,28.94442,22.377475
"007","2pm",6.0616376,8.648307,51.98634,17.19792,16.105797
"008","2pm",3.4750028,5.950944,30.83827,26.12202,33.613767
"009","2pm",3.6132503,9.559002,29.20755,35.30303,22.317173
"010","2pm",5.6292921,16.624179,42.60367,18.5221,16.620753
