"district","hour","cspmen1","cspmen2","cspmen3","cspmen4","cspmen5"
"001","4am",4.0790265,6.122675,16.6879,37.65918,35.451215
"002","4am",4.0966181,9.673714,27.03243,20.99928,38.197965
"003","4am",10.3657671,7.951829,16.8949,31.56731,33.220192
"004","4am",5.3942509,14.372368,24.09379,40.34947,15.790118
"005","4am",0,26.295827,40.44813,27.40373,5.852308
"006","4am",3.6130537,28.592577,17.46344,35.45808,14.872849
"007","4am",11.5208577,18.436699,40.05158,18.26076,11.730106
"008","4am",9.6298459,6.716869,36.21921,22.13778,25.296299
"009","4am",8.4743871,6.383624,32.88653,30.91669,21.338769
"010","4am",10.0183741,21.729201,40.85603,19.78674,7.60966
"011","4am",8.7584889,11.450692,48.24741,17.06514,14.478267
"012","4am",6.9481908,9.706847,47.84261,20.67158,14.830767
"021","4am",0,4.658658,37.99239,32.75572,24.593224
"022","4am",0.6779917,5.337308,36.05731,34.42169,23.505695
"023","4am",8.6449253,10.105422,29.42283,23.44396,28.382858
"024","4am",2.5166265,4.149048,32.34772,26.43793,34.548678
"025","4am",4.5520549,3.678055,50.23926,23.16076,18.36987
"026","4am",3.0772703,16.203459,43.88727,25.97489,10.857109
"027","4am",0,17.897097,49.59405,19.8272,12.681654
"028","4am",3.2341799,11.780084,43.9787,20.02165,20.985384
"029","4am",0.7265801,18.543738,56.35671,13.67166,10.701312
"030","4am",3.7337133,15.129854,43.00489,21.16412,16.967419
"031","4am",7.9286335,14.343986,47.74755,14.44057,15.539255
"032","4am",4.4604156,16.991723,50.94877,17.2991,10.299994
"033","4am",5.2058705,29.133318,21.23119,41.00419,3.425433
"034","4am",2.1993225,26.339789,22.50615,35.01015,13.944589
"035","4am",8.7409134,24.242903,32.2248,25.26416,9.527233
"036","4am",2.2208714,21.964743,35.11553,33.50864,7.190212
"037","4am",2.0395336,11.824797,21.80599,40.90171,23.427965
"038","4am",3.8876948,19.247422,26.38131,39.52746,10.956114
"041","4am",3.5109675,14.633542,25.41299,40.59724,15.845262
"042","4am",5.6221688,18.862398,27.01168,31.10767,17.396084
"043","4am",2.1891572,12.878763,39.37818,30.55888,14.99502
"044","4am",0,20.963709,37.973,29.01583,12.047456
"045","4am",0,13.247571,32.50516,29.96727,24.279997
"046","4am",2.6940996,23.663135,32.32642,34.63843,6.677918
"047","4am",0.689976,17.246241,39.67581,33.62528,8.762688
"048","4am",1.0442832,37.159433,31.31055,25.55424,4.931493
"049","4am",0.76312,31.087692,21.35433,34.18599,12.60887
"050","4am",0.5141442,21.700433,21.6056,41.75791,14.421918
"051","4am",0,12.564529,28.24112,42.55125,16.643095
"052","4am",2.8880978,34.081718,29.44122,22.03518,11.553779
"053","4am",0.6013142,30.782118,22.86003,34.15115,11.605387
"054","4am",9.207962,20.230148,41.95897,19.43273,9.170194
"055","4am",0.4056959,15.234232,38.71494,29.27957,16.36556
"056","4am",2.5698175,25.731674,33.08903,31.14935,7.460122
"057","4am",1.0489346,24.432955,35.77801,20.91972,17.820381
"058","4am",1.6891174,25.362944,31.96669,26.55646,14.424783
"059","4am",0,25.122711,40.17725,29.7399,4.960144
"060","4am",0,21.12155,39.03549,27.78753,12.055426
"061","4am",0.9284707,17.946584,37.19831,33.07999,10.846649
"062","4am",4.5931125,28.016443,26.26907,31.41329,9.708081
"063","4am",1.5827159,14.28914,35.11726,30.34938,18.661499
"064","4am",4.4572339,11.142784,30.9198,39.8325,13.647677
"065","4am",3.7619377,25.34824,32.60685,26.2266,12.056372
"066","4am",5.2431162,24.253415,26.28758,35.89584,8.320053
"067","4am",4.9366221,24.95959,33.14945,25.68257,11.271766
"068","4am",6.9639789,22.634789,33.10989,26.14875,11.142587
"069","4am",5.7487376,28.13584,28.86173,32.96687,4.286819
"070","4am",0.4703394,31.04581,28.96993,36.58453,2.929384
"071","4am",0.3399478,33.539816,28.64247,33.35765,4.120123
"072","4am",3.3958521,21.065237,40.55114,31.60519,3.382576
"073","4am",0.5929881,32.794013,34.14699,24.87845,7.587566
"074","4am",0.9468218,29.780539,25.9362,29.99722,13.339219
"075","4am",0,16.514896,42.05909,32.77782,8.648191
"081","4am",1.0223507,11.914326,42.29438,36.25366,8.515281
"082","4am",0.8545567,17.424806,38.93039,38.23774,4.552504
"083","4am",0,35.166377,21.38003,37.16167,6.291927
"001","5am",4.0790265,6.122675,16.6879,37.65918,35.451215
"002","5am",4.726288,9.73458,25.96943,21.1314,38.4383
"003","5am",10.3657671,7.951829,16.8949,31.56731,33.220192
"004","5am",5.3538874,15.013093,23.91351,40.04755,15.671965
"005","5am",0,25.336433,41.55117,27.28537,5.827029
"006","5am",3.6300689,28.727229,17.07475,35.62506,14.942891
"007","5am",11.9468628,19.11843,38.7988,18.93598,11.199921
"008","5am",8.9042363,6.956057,36.79772,22.04942,25.292568
"009","5am",8.5368163,6.430651,32.39212,31.14445,21.495968
"010","5am",10.3681996,20.476276,41.07312,20.20703,7.875377
"011","5am",8.0648705,11.669469,48.11959,17.39118,14.754889
"012","5am",6.9481908,9.706847,47.84261,20.67158,14.830767
"021","5am",1.5712466,4.266905,41.63545,30.00125,22.525146
"022","5am",0.6891679,5.42529,35.52052,34.47186,23.89317
"023","5am",8.7719756,10.253937,29.85525,22.924,28.194837
"024","5am",2.4785211,4.086225,33.99043,26.36857,33.076255
"025","5am",4.5476706,3.674513,49.36591,24.05973,18.352177
"026","5am",2.9909257,15.748808,45.46173,25.24606,10.552471
"027","5am",0,16.794002,49.9287,20.29587,12.981421
"028","5am",3.2430332,13.346766,42.74774,19.61963,21.04283
"029","5am",0.7217341,20.91581,54.15204,13.58048,10.629939
"030","5am",3.4237755,20.214823,40.9601,19.40727,15.994024
"031","5am",7.9061126,14.303243,48.77006,14.39955,14.621032
"032","5am",4.3686693,17.058712,52.38296,16.10152,10.088133
"033","5am",5.3201107,29.772633,21.6971,40.29347,2.916688
"034","5am",2.1899395,26.227416,22.41013,35.28742,13.885097
"035","5am",8.7409134,24.242903,32.2248,25.26416,9.527233
"036","5am",2.2212968,22.054884,35.01717,33.51506,7.191589
"037","5am",2.0537059,11.906965,21.95752,40.49105,23.590762
"038","5am",3.8876948,19.247422,26.38131,39.52746,10.956114
"041","5am",3.382024,14.096112,28.58987,38.66866,15.263331
"042","5am",5.6221688,18.862398,27.01168,31.10767,17.396084
"043","5am",2.2409692,13.183571,38.78378,30.44177,15.349915
"044","5am",0,20.04764,37.87823,29.73011,12.344026
"045","5am",0,16.057767,30.65438,29.60733,23.680521
"046","5am",2.6675721,24.414789,32.00812,34.29736,6.612163
"047","5am",0.6855902,16.542231,40.76243,33.30276,8.706988
"048","5am",1.0723875,39.524989,30.93041,23.40801,5.064213
"049","5am",0.7516028,31.383007,19.17519,36.27162,12.418572
"050","5am",0.5091761,20.290252,23.56361,41.35441,14.282561
"051","5am",0,12.641396,28.4139,42.19979,16.744914
"052","5am",2.9364234,32.723125,30.18946,22.40389,11.747105
"053","5am",0.6056676,29.782757,23.52377,34.3984,11.689408
"054","5am",9.2468185,20.315516,42.13603,18.38359,9.91805
"055","5am",0.4096823,14.102921,39.74165,29.56727,16.178476
"056","5am",2.5976234,25.621411,32.75373,31.4864,7.540841
"057","5am",1.0939517,24.315031,34.97336,21.03248,18.585178
"058","5am",1.7086721,25.656567,32.33677,26.8639,13.434091
"059","5am",0,24.922298,40.44122,29.71591,4.920575
"060","5am",0,21.385672,38.27314,28.13501,12.206177
"061","5am",0.922003,18.51816,36.93919,32.84956,10.771092
"062","5am",4.5712074,28.167439,25.8168,32.14029,9.304261
"063","5am",1.5994122,14.439877,34.43281,30.66954,18.858361
"064","5am",4.3873663,10.96812,32.00264,39.20812,13.433748
"065","5am",3.7571055,26.269025,31.74007,26.19291,12.040885
"066","5am",5.2637736,24.348971,26.39115,35.64328,8.352833
"067","5am",4.98211,25.189577,32.53347,25.91922,11.375629
"068","5am",7.1138061,21.938065,33.82224,25.98299,11.142903
"069","5am",5.7487376,28.13584,28.86173,32.96687,4.286819
"070","5am",0.4747026,31.683024,29.23868,35.64704,2.956559
"071","5am",0.3462322,33.398562,28.60965,33.44926,4.196289
"072","5am",3.4813891,19.076977,41.57257,32.40128,3.467779
"073","5am",0.591508,33.616487,33.2807,24.94268,7.568628
"074","5am",0.9395717,28.402088,25.7376,31.68366,13.237077
"075","5am",0,15.611005,42.57429,33.64036,8.174348
"081","5am",1.0396122,12.115489,41.32007,36.86578,8.659054
"082","5am",0.8490061,17.311625,38.67753,37.98937,5.172471
"083","5am",0,34.781716,21.42585,37.89992,5.892515
"001","6am",4.3347221,4.852041,16.3812,38.55985,35.872187
"002","6am",4.1383788,10.72341,29.56941,21.70456,33.864245
"003","6am",10.5771844,9.100108,17.23948,31.85243,31.230793
"004","6am",4.6046691,16.706978,27.42944,35.74432,15.51459
"005","6am",0,25.732746,42.89681,26.9135,4.456947
"006","6am",3.6689905,27.050323,17.07941,37.09817,15.103109
"007","6am",12.5210522,16.383176,39.51148,19.84608,11.738211
"008","6am",8.8744126,6.444032,38.46552,21.00818,25.207854
"009","6am",8.9603411,6.758421,32.99437,28.72446,22.562417
"010","6am",10.631209,19.022691,41.09856,20.19166,9.055878
"011","6am",8.0843833,11.697703,47.99406,17.43326,14.790588
"012","6am",6.9652757,10.33278,47.96025,20.72241,14.01928
"021","6am",1.5628605,4.768437,40.38139,29.84113,23.446187
"022","6am",0.708218,4.759414,37.02336,32.95538,24.553627
"023","6am",9.1297722,11.093663,28.22369,22.20801,29.344865
"024","6am",2.3692849,4.87085,36.46359,24.96258,31.333697
"025","6am",4.2947279,8.698429,46.25991,23.41551,17.331424
"026","6am",2.9685988,17.715916,44.81387,24.02792,10.473698
"027","6am",0,16.576356,48.4899,21.30615,13.627601
"028","6am",3.2605145,12.000657,43.96623,19.61634,21.15626
"029","6am",0.7171057,19.918519,53.16678,15.63583,10.56177
"030","6am",3.1945846,24.042453,40.48161,17.35798,14.923368
"031","6am",7.9103853,15.616198,46.82136,14.19388,15.458173
"032","6am",4.3802697,17.414432,52.39193,16.14428,9.669087
"033","6am",5.5177817,28.073374,23.12994,40.25385,3.025058
"034","6am",2.1694357,27.955834,20.5789,33.4675,15.828326
"035","6am",8.9660177,24.570795,31.77972,24.91088,9.772587
"036","6am",2.6950562,20.16757,33.00053,36.05351,8.083333
"037","6am",2.2108153,9.971274,21.25646,41.16599,25.395465
"038","6am",3.9834102,18.202182,28.62627,37.96229,11.225855
"041","6am",3.4556315,12.956757,27.41942,40.57266,15.595527
"042","6am",5.6650637,20.753827,26.10678,30.75996,16.714374
"043","6am",2.3367228,11.146234,39.07627,31.43498,16.005797
"044","6am",0,21.060869,37.57567,29.3089,12.054555
"045","6am",0,13.987628,30.93607,30.66906,24.407242
"046","6am",2.772537,24.268817,33.26759,32.81872,6.872342
"047","6am",0.5180567,18.231348,39.86234,33.4996,7.888651
"048","6am",1.1226723,38.163701,31.62906,24.33265,4.751917
"049","6am",0.9255208,33.016191,17.85114,35.89966,12.307483
"050","6am",0.5232356,18.267777,24.51598,42.4963,14.196705
"051","6am",0,12.996442,28.75726,41.66726,16.579034
"052","6am",3.0133455,32.145195,30.62312,22.16351,12.05483
"053","6am",0.6267259,30.657766,23.01874,34.41587,11.280896
"054","6am",8.7144338,23.651839,39.60915,18.67756,9.347019
"055","6am",0.4372214,13.580686,41.6948,31.55481,12.73248
"056","6am",2.8568296,24.236865,33.19892,31.41407,8.293311
"057","6am",1.1662278,26.048527,36.19758,18.93879,17.648878
"058","6am",1.7889587,23.435389,33.8562,27.27352,13.645932
"059","6am",0,25.058362,40.29624,30.7434,3.901999
"060","6am",0,22.155418,39.65072,26.63845,11.555405
"061","6am",1.0097592,17.172876,37.43586,32.92901,11.452491
"062","6am",4.6519077,25.741348,26.69668,33.44154,9.468519
"063","6am",1.5633897,14.114657,36.32121,30.10579,17.894947
"064","6am",4.4716539,11.178833,33.00416,38.40936,12.936
"065","6am",3.793588,26.316283,31.58048,26.30159,12.008064
"066","6am",5.3374115,26.692587,24.875,34.62532,8.469686
"067","6am",5.2143272,24.011639,33.71937,25.14882,11.905849
"068","6am",7.4801909,18.89686,35.48302,27.3212,10.818734
"069","6am",5.9697308,28.761172,26.5833,34.23419,4.451613
"070","6am",0.471176,32.696645,29.02146,34.87612,2.934594
"071","6am",0.3512247,33.475899,28.63034,33.28574,4.256798
"072","6am",3.5372734,19.044545,42.23991,31.65483,3.523444
"073","6am",0.5999789,32.665825,33.7573,25.29988,7.677017
"074","6am",0.9669596,26.234628,27.08997,32.08552,13.622929
"075","6am",0,14.880643,43.28343,33.42303,8.412891
"081","6am",1.0788753,12.573055,39.1039,38.25809,8.986081
"082","6am",0.8669629,17.677774,38.73096,37.8634,4.8609
"083","6am",0,33.325705,22.8759,37.50709,6.291306
"001","7am",4.2129991,7.469338,19.80224,34.47808,34.037348
"002","7am",4.1136991,11.307117,29.37129,27.24954,27.958354
"003","7am",10.880341,9.836791,20.5601,28.74378,29.97899
"004","7am",4.1834308,17.135918,27.1602,35.31092,16.209536
"005","7am",0.7562024,20.352702,44.18918,24.15549,10.546424
"006","7am",3.5160415,23.02108,21.06743,39.87777,12.517678
"007","7am",12.177025,17.129982,39.09785,19.45594,12.139196
"008","7am",7.7222433,6.297668,34.89668,28.3108,22.772611
"009","7am",9.2782265,8.127353,34.50647,29.05528,19.032678
"010","7am",9.839839,18.084499,45.70623,12.83496,13.534465
"011","7am",7.7163842,10.61121,45.70527,19.8508,16.116335
"012","7am",6.4427937,14.969187,43.91548,24.73899,9.933549
"021","7am",1.3961904,6.70037,38.78521,26.96827,26.149953
"022","7am",0.7744825,5.748207,40.686,29.00058,23.790739
"023","7am",8.0584207,17.984282,29.73026,20.88883,23.33821
"024","7am",2.0368084,8.216801,37.08922,24.9872,27.669968
"025","7am",4.0840765,9.23195,45.72637,21.83164,19.125957
"026","7am",1.5750481,17.51038,48.10064,25.69474,7.119191
"027","7am",0,20.206809,42.80176,23.40094,13.590499
"028","7am",3.478245,15.222487,43.27037,17.77211,20.256793
"029","7am",0.8114209,21.912759,46.58508,18.91407,11.776666
"030","7am",3.2760623,24.89061,39.72307,17.93412,14.176139
"031","7am",8.4849613,15.561418,40.92302,15.9178,19.112794
"032","7am",6.2458896,23.348852,49.34464,11.71405,9.34656
"033","7am",7.5776316,28.480481,23.01632,38.98162,1.943948
"034","7am",2.9397973,27.338145,16.45874,32.76784,20.495475
"035","7am",8.7335977,26.507589,27.34665,30.1127,7.299464
"036","7am",3.022428,24.115745,30.40333,35.08615,7.372342
"037","7am",2.292655,14.080876,21.95585,35.22549,26.445128
"038","7am",3.2292027,15.67262,29.09853,40.91577,11.083881
"041","7am",1.4524966,19.738914,29.28439,34.53045,14.993749
"042","7am",6.226243,21.245299,27.76129,30.62824,14.138926
"043","7am",2.9106079,11.688318,35.96153,35.30374,14.135805
"044","7am",0,22.476448,34.49709,31.37865,11.647809
"045","7am",0,17.209735,38.23785,24.66337,19.889043
"046","7am",3.3486884,22.510754,32.24261,35.33121,6.566735
"047","7am",0.5180742,24.229884,35.34726,33.3738,6.530987
"048","7am",1.2752174,36.984521,31.12133,26.3079,4.311028
"049","7am",1.0719016,33.341979,26.55017,30.22672,8.809234
"050","7am",0.5165401,22.867033,23.87945,39.92195,12.815031
"051","7am",0,19.733659,29.26982,37.04471,13.951808
"052","7am",3.2383465,34.111385,29.30541,21.35027,11.994584
"053","7am",0.7045389,31.388936,21.77158,36.0291,10.105851
"054","7am",5.1235987,19.181395,35.80281,25.31082,14.581374
"055","7am",0.4752334,15.378139,42.05216,28.49757,13.596896
"056","7am",3.6051875,21.68427,36.31885,29.832,8.559694
"057","7am",1.4608244,25.475554,36.81284,22.95315,13.297627
"058","7am",2.7336558,22.642203,33.85125,27.7851,12.9878
"059","7am",0.3459663,26.455319,43.27336,27.11572,2.809635
"060","7am",0,23.474595,37.9179,29.0793,9.528205
"061","7am",1.0779649,19.464028,40.06457,28.43213,10.961309
"062","7am",5.6156009,25.511813,24.92529,35.38412,8.563174
"063","7am",1.6250448,15.857155,34.93815,29.51993,18.059717
"064","7am",4.5050903,15.64876,34.55839,34.74969,10.538073
"065","7am",3.6414195,23.301809,32.28509,28.55059,12.221092
"066","7am",4.8641369,25.020279,26.32889,36.72201,7.064679
"067","7am",5.7287919,26.928282,28.21154,26.78199,12.349397
"068","7am",7.0875918,18.689042,37.29074,26.44602,10.486601
"069","7am",6.0286915,30.963588,24.05364,35.3274,3.626678
"070","7am",0.5544908,27.529395,33.82918,35.41217,2.674766
"071","7am",0.4100103,31.430937,31.36495,33.37557,3.418526
"072","7am",2.3478507,17.0052,44.1139,32.92242,3.61063
"073","7am",1.0988267,33.503804,32.68186,25.67668,7.038828
"074","7am",1.1881696,28.068792,26.7926,30.79384,13.156606
"075","7am",0,20.192844,45.64191,24.7414,9.423845
"081","7am",1.2600807,11.721308,41.94341,35.37122,9.703985
"082","7am",1.2788334,18.339159,39.39835,35.57662,5.407038
"083","7am",0,32.974616,23.51071,36.76343,6.751235
"001","8am",4.6185203,8.379749,22.86967,34.54693,29.585128
"002","8am",4.0031773,10.230479,31.04608,31.94073,22.77954
"003","8am",11.5869462,9.943155,27.60177,26.04519,24.822932
"004","8am",4.2625611,17.871952,31.59044,29.96905,16.305997
"005","8am",3.7348468,17.170396,37.82936,26.11773,15.147667
"006","8am",3.3197806,16.05701,31.70639,35.36993,13.546895
"007","8am",11.320973,19.624073,44.64581,16.76736,7.641789
"008","8am",3.9155398,8.22548,32.02265,28.67914,27.15719
"009","8am",8.4490112,8.451264,35.66026,32.06104,15.378426
"010","8am",7.7110344,18.572731,46.35624,11.69718,15.662816
"011","8am",6.3715562,10.482347,42.9419,25.13775,15.066444
"012","8am",6.9537027,13.233824,47.07034,26.69403,6.048107
"021","8am",1.0179056,7.754796,37.86845,25.48204,27.876808
"022","8am",0.9398584,9.9259,37.09548,30.0482,21.990562
"023","8am",5.6907508,20.960973,32.6674,20.41373,20.267151
"024","8am",2.0019415,7.965051,32.25351,25.37036,32.409139
"025","8am",4.3975445,9.757405,47.48423,22.69647,15.664346
"026","8am",2.7746681,16.89545,47.10481,22.08184,11.143231
"027","8am",0,20.013738,50.97071,20.224,8.791558
"028","8am",4.4452007,17.308419,47.05393,20.52117,10.671279
"029","8am",0.9765844,24.925438,42.7225,20.9337,10.44177
"030","8am",3.1692952,23.371868,42.32749,17.78609,13.345256
"031","8am",6.1719095,13.640457,34.82311,23.67448,21.690044
"032","8am",4.7015756,23.875056,39.85133,17.06863,14.503403
"033","8am",6.7182167,28.832767,22.26768,39.946,2.235344
"034","8am",2.4622459,21.350712,24.97432,34.3353,16.877415
"035","8am",8.4502147,25.288216,24.30416,29.49022,12.467194
"036","8am",3.7857359,23.152463,32.79306,33.38124,6.887499
"037","8am",2.6489505,16.761067,25.32978,33.77884,21.481361
"038","8am",4.8195222,19.81042,29.0389,35.42795,10.90321
"041","8am",1.4708401,21.061564,29.55508,35.28739,12.625129
"042","8am",5.6291533,24.403267,29.93305,30.65303,9.381506
"043","8am",3.8076967,19.275085,33.64819,35.74315,7.525874
"044","8am",0,21.363469,30.43697,29.40273,18.796833
"045","8am",0,21.063435,38.69673,29.64666,10.593172
"046","8am",3.9386322,25.844918,26.20165,35.0107,9.004106
"047","8am",0.4109262,23.638103,32.69346,32.70044,10.557067
"048","8am",1.3786581,38.893467,31.40356,26.10109,2.223218
"049","8am",1.1028553,33.336313,28.10031,31.81703,5.643495
"050","8am",0.642147,26.770269,29.41392,30.50765,12.666015
"051","8am",0,14.662493,28.28416,39.62069,17.432662
"052","8am",3.4252817,33.51462,26.7911,26.10404,10.164963
"053","8am",0.6981498,31.544792,25.284,30.32407,12.148992
"054","8am",6.2837253,17.003069,34.59858,25.97852,16.136108
"055","8am",0.5338618,15.639181,35.11397,33.27765,15.435341
"056","8am",3.9354072,21.807146,30.33833,33.98543,9.933679
"057","8am",1.8528302,35.549284,36.37915,19.98961,6.229128
"058","8am",2.8809208,24.537578,34.27718,30.39219,7.912126
"059","8am",0.3852016,28.884113,41.93799,25.75515,3.037546
"060","8am",0,28.361305,34.99492,28.62713,8.016653
"061","8am",2.7197536,19.263881,39.45552,30.17982,8.381023
"062","8am",5.9493849,30.068205,21.98433,36.02994,5.968146
"063","8am",1.3607122,15.50652,36.40113,30.12545,16.606193
"064","8am",4.1103212,15.505474,35.01239,33.65684,11.714975
"065","8am",3.5324009,22.914213,31.16538,30.04193,12.346071
"066","8am",3.5720744,24.107018,26.685,40.69637,4.93954
"067","8am",2.4169677,28.357259,29.34421,25.8504,14.031161
"068","8am",6.6140961,19.53909,39.18053,25.41124,9.255044
"069","8am",6.1055302,28.015423,26.65638,35.88516,3.337509
"070","8am",0.6435947,29.48573,32.60157,35.26352,2.005584
"071","8am",0.4425157,28.029685,31.06697,36.87134,3.589486
"072","8am",2.5448367,18.583281,42.02288,33.67938,3.169622
"073","8am",1.0235635,30.746323,32.18147,29.16959,6.879061
"074","8am",1.3550416,33.657645,23.76549,31.67169,9.550135
"075","8am",0,21.816094,44.8379,24.40753,8.938471
"081","8am",1.3019571,12.110843,38.04424,36.90428,11.638682
"082","8am",0.9234039,19.525829,38.18797,35.21655,6.146246
"083","8am",0,33.501688,26.97255,36.64851,2.877253
"001","9am",4.8568865,9.054534,26.30031,33.33898,26.449289
"002","9am",3.3861998,10.017167,31.31584,33.12579,22.154998
"003","9am",11.8413247,14.05073,27.70897,26.37418,20.024793
"004","9am",2.7772611,17.045027,36.4442,26.63617,17.097347
"005","9am",4.0139942,13.931723,37.0948,25.75002,19.209463
"006","9am",3.2690274,15.811528,32.14042,34.59047,14.188552
"007","9am",11.7847341,18.440868,41.99513,18.71537,9.063893
"008","9am",3.968921,7.330882,34.28735,26.07642,28.336427
"009","9am",8.9975775,8.850889,31.7725,33.45566,16.92337
"010","9am",5.9642083,18.153831,45.46967,13.39467,17.017621
"011","9am",9.5852869,10.855711,42.96524,25.45195,11.141816
"012","9am",6.9339035,15.629022,47.11794,26.45726,3.861881
"021","9am",1.263093,7.273746,37.40039,27.29251,26.770263
"022","9am",0,10.953678,38.02525,29.41073,21.610338
"023","9am",5.7108404,19.907242,33.42144,19.91364,21.04684
"024","9am",1.7301179,9.375803,28.89533,24.34307,35.655684
"025","9am",3.4144649,8.793166,49.3024,23.1029,15.387068
"026","9am",5.2324012,14.45398,41.52191,25.86256,12.929155
"027","9am",0,18.437104,53.63389,18.60444,9.324565
"028","9am",4.8596565,15.633906,48.92698,19.27783,11.301635
"029","9am",1.0942598,25.067713,40.87266,21.72805,11.237314
"030","9am",3.1507553,22.439211,43.06011,19.67434,11.675579
"031","9am",6.1466296,13.934042,34.00421,25.00614,20.908976
"032","9am",4.5507362,22.444659,38.93045,16.08817,17.985988
"033","9am",4.6278933,30.092971,18.8891,43.93895,2.45109
"034","9am",3.9533342,18.750957,25.96879,34.41995,16.906965
"035","9am",7.8535722,26.42554,26.01085,28.40456,11.305472
"036","9am",3.6863361,23.807922,32.13082,32.89727,7.47766
"037","9am",2.607814,18.979115,25.46088,32.92015,20.032045
"038","9am",2.7222075,19.890992,32.48189,32.91895,11.98596
"041","9am",1.5310401,19.082553,34.1596,32.08495,13.141862
"042","9am",5.716873,27.016012,28.55234,30.56565,8.149117
"043","9am",4.1346413,20.930123,32.44109,34.32206,8.172077
"044","9am",0,21.677123,27.65955,31.90184,18.761483
"045","9am",0,23.537975,39.07798,27.10753,10.276512
"046","9am",4.0564042,23.552122,30.52971,33.20723,8.654526
"047","9am",0.4022402,24.117633,32.30095,32.77385,10.405325
"048","9am",1.3827503,38.895931,31.97315,25.16835,2.57982
"049","9am",0.1813687,31.360821,27.81008,34.19655,6.451179
"050","9am",0,29.398683,25.52152,32.64106,12.438741
"051","9am",0,13.031334,30.788,39.95987,16.220797
"052","9am",3.3510358,32.788162,26.39527,27.17366,10.291873
"053","9am",0.7402129,33.445345,24.12158,28.8119,12.880961
"054","9am",6.1928343,16.981793,36.43053,24.60341,15.791433
"055","9am",0.5778184,16.926864,37.96627,31.58511,12.943946
"056","9am",4.2897756,20.619618,30.34628,35.68436,9.059966
"057","9am",1.7838991,35.316063,39.00849,18.0261,5.865446
"058","9am",2.941427,21.204703,36.38064,30.22902,9.244203
"059","9am",0.452281,30.069825,39.32138,26.59001,3.566507
"060","9am",0,30.432257,33.3665,27.11967,9.081573
"061","9am",2.8817142,20.41104,38.94165,32.6513,5.114294
"062","9am",4.5882967,27.62204,23.0435,36.99559,7.750572
"063","9am",1.3483159,15.66668,37.63435,29.33114,16.01952
"064","9am",5.1494849,16.836243,37.03085,30.41326,10.570161
"065","9am",4.4249002,20.374737,31.9146,29.34373,13.942033
"066","9am",3.8125533,24.425216,23.86008,41.77381,6.128339
"067","9am",2.5841501,28.295476,27.31854,29.01378,12.788049
"068","9am",6.6832182,20.36344,38.14526,25.45632,9.351766
"069","9am",4.2500498,28.840362,26.79516,36.49132,3.623108
"070","9am",3.1730894,28.602491,31.44356,34.68304,2.09782
"071","9am",0.4584705,25.263027,31.45694,37.83502,4.986536
"072","9am",6.1081946,20.833492,35.42519,33.88103,3.752087
"073","9am",1.0093756,30.066679,32.69246,29.36393,6.867553
"074","9am",1.4372179,33.012384,29.22805,28.50762,7.814726
"075","9am",0,19.665292,46.20374,26.20978,7.921192
"081","9am",1.3499838,10.97363,34.6824,44.41058,8.583409
"082","9am",0.9265153,19.916872,39.77535,34.35475,5.026508
"083","9am",0,36.877434,24.03027,36.19042,2.901882
"001","10am",4.7552024,9.963778,27.0293,31.32027,26.931444
"002","10am",3.0850503,10.36705,32.78956,32.31075,21.447592
"003","10am",10.8926629,12.886429,29.26135,27.0959,19.863662
"004","10am",2.6466423,15.003583,40.43639,25.39597,16.51741
"005","10am",4.6560592,14.077851,39.1115,24.14445,18.010147
"006","10am",1.0340073,15.887992,33.70079,33.53711,15.840102
"007","10am",17.8072601,14.790906,42.35325,18.3787,6.669889
"008","10am",4.0068632,6.624855,33.98935,26.78539,28.593538
"009","10am",8.247462,8.923931,35.62838,30.51403,16.686204
"010","10am",7.6388554,18.034652,42.04187,14.34327,17.941352
"011","10am",8.5059659,6.54019,43.09446,29.7142,12.145183
"012","10am",6.8876191,21.949686,43.43114,23.17152,4.560038
"021","10am",1.3084343,6.371898,37.31213,24.68626,30.321269
"022","10am",0,11.502901,37.00519,31.98515,19.506763
"023","10am",6.1214609,22.088546,28.94069,22.15998,20.689326
"024","10am",1.7653881,8.730615,28.56074,25.17746,35.765791
"025","10am",3.244216,9.929563,50.30116,22.44969,14.075367
"026","10am",2.8789916,14.489365,42.91143,25.96134,13.758869
"027","10am",0,15.526075,52.19411,20.99004,11.289777
"028","10am",5.868634,14.460327,48.54828,19.09017,12.032592
"029","10am",1.2476968,25.174532,41.2214,24.77476,7.581618
"030","10am",3.4279772,23.585005,44.82425,18.73947,9.423305
"031","10am",6.0108533,13.205647,31.84972,25.6032,23.330584
"032","10am",4.4779641,25.64498,37.69538,14.58532,17.59635
"033","10am",5.5270696,25.200476,22.72908,43.61605,2.927324
"034","10am",3.9362749,18.670044,25.53087,34.62789,17.234924
"035","10am",7.7940592,26.635792,24.79827,27.69439,13.07749
"036","10am",3.801646,25.226409,34.16802,32.13787,4.666054
"037","10am",2.6237376,21.657757,24.3878,33.26581,18.064905
"038","10am",2.7910583,23.150989,29.61712,29.52717,14.913666
"041","10am",1.1630823,23.069773,37.43092,26.50185,11.834379
"042","10am",5.5677732,26.380837,29.46608,30.85534,7.729969
"043","10am",4.2573299,21.55119,30.04799,35.72892,8.41457
"044","10am",0,16.500749,30.79538,33.9223,18.78157
"045","10am",0,23.538565,39.83411,25.0811,11.546225
"046","10am",3.9811161,26.898145,31.24849,30.98953,6.88271
"047","10am",0.3926212,22.973,33.56676,31.7934,11.274214
"048","10am",1.3836813,38.515622,33.76549,23.75365,2.581557
"049","10am",0.1902701,32.137306,25.07531,35.82932,6.767795
"050","10am",0,26.868603,26.38562,33.43733,13.308452
"051","10am",0,16.275337,33.36078,36.57374,13.790143
"052","10am",3.5062066,31.857398,26.74364,27.70848,10.18428
"053","10am",0.7444683,33.637618,24.5771,27.83923,13.201586
"054","10am",6.373788,16.616036,37.16211,24.53924,15.308821
"055","10am",1.6549945,18.339434,37.49004,32.36577,10.14976
"056","10am",4.3789791,20.37513,31.40033,36.4264,7.41916
"057","10am",1.6862915,35.101035,36.24282,20.36153,6.608321
"058","10am",2.9613594,22.699619,32.12231,34.08367,8.133041
"059","10am",0.4436773,29.661328,37.75509,27.39568,4.744226
"060","10am",0,31.928422,36.01099,26.29544,5.765154
"061","10am",2.9347578,21.598703,38.34674,31.91137,5.208432
"062","10am",5.89446,27.866988,21.52247,36.99266,7.72343
"063","10am",0.6701353,15.844555,37.7901,29.38838,16.306831
"064","10am",4.1925894,16.64977,35.41517,31.91693,11.825542
"065","10am",4.5478427,21.173959,33.73489,28.50631,12.037003
"066","10am",5.8765672,24.695219,21.53257,42.08934,5.806304
"067","10am",3.6916342,29.672625,27.66056,26.03858,12.936601
"068","10am",6.3448425,20.788286,39.51168,25.00443,8.350767
"069","10am",6.5570079,30.346217,26.24698,32.03163,4.81816
"070","10am",0.6802757,29.654209,31.12854,36.41708,2.119891
"071","10am",0.454796,25.539231,31.23033,37.82908,4.94657
"072","10am",7.2977972,19.37818,34.03189,36.27792,3.014214
"073","10am",1.0187235,31.727908,33.57471,26.20653,7.472126
"074","10am",1.4280623,31.807781,30.0692,28.09404,8.600918
"075","10am",0,19.727569,45.80352,25.62978,8.83913
"081","10am",1.3298373,10.184313,36.12673,44.30621,8.052912
"082","10am",0.9343534,20.085366,39.74151,33.05046,6.188311
"083","10am",0,36.582886,25.66121,34.71294,3.04297
"001","11am",4.8927084,10.2519,23.96383,30.90843,29.983132
"002","11am",3.0969977,8.993988,32.40357,32.44164,23.063798
"003","11am",12.2136946,12.514011,26.2104,27.76348,21.298416
"004","11am",2.6613485,16.222874,38.75829,27.12235,15.235138
"005","11am",4.4055434,15.391471,40.91475,23.34201,15.946227
"006","11am",1.2646209,15.163022,31.85418,38.3655,13.352677
"007","11am",17.2627545,15.359255,43.59064,15.64328,8.144071
"008","11am",4.0198731,6.221202,33.67591,28.7683,27.31471
"009","11am",8.2511923,8.619458,34.04476,32.83584,16.248752
"010","11am",6.3852657,18.842768,41.25615,15.10226,18.413555
"011","11am",9.1489936,9.192129,41.78549,26.20386,13.66953
"012","11am",8.2130969,19.792604,43.8845,23.16798,4.941825
"021","11am",0.8840735,7.31706,41.12676,23.04899,27.623115
"022","11am",1.0229109,10.944431,36.94847,28.56462,22.519567
"023","11am",7.2330685,20.02817,33.12333,20.64082,18.974607
"024","11am",1.3454502,9.243188,30.54111,23.21223,35.65802
"025","11am",4.004881,10.782103,47.2094,24.07145,13.932171
"026","11am",2.7524839,15.472458,43.88249,25.8755,12.017071
"027","11am",0,17.27995,50.22724,21.97156,10.521251
"028","11am",5.676342,17.728953,46.12485,19.72796,10.741891
"029","11am",1.0811577,21.814306,45.06066,21.88634,10.157539
"030","11am",3.5676557,24.546015,42.02264,20.05642,9.807273
"031","11am",6.0840665,13.367138,32.72242,25.38752,22.438857
"032","11am",4.0059548,23.736252,40.03363,16.215,16.00916
"033","11am",4.8283802,28.769166,22.09309,41.75208,2.557275
"034","11am",4.1641506,18.165089,25.89012,35.20551,16.575134
"035","11am",7.2474501,27.552923,24.25111,28.94302,12.005489
"036","11am",3.9328108,24.094855,33.71231,29.94768,8.312344
"037","11am",2.6349732,16.705564,25.94885,34.20968,20.500935
"038","11am",4.5821992,24.080449,24.47556,33.80135,13.060442
"041","11am",1.480685,19.151374,33.03611,34.06926,12.262577
"042","11am",5.7552183,27.846964,28.06014,30.73687,7.600814
"043","11am",3.9465683,20.789782,32.04233,33.09982,10.121501
"044","11am",0,17.702256,31.6988,32.07871,18.520243
"045","11am",0,27.819996,37.09587,25.88694,9.197189
"046","11am",3.8766018,26.768497,30.85795,32.79499,5.70196
"047","11am",0.3942011,22.427307,33.60918,31.76572,11.8036
"048","11am",1.39745,37.684948,35.22958,23.14427,2.543748
"049","11am",0.1907967,29.918696,27.38995,36.67993,5.820623
"050","11am",0,31.00216,25.3103,30.29897,13.388574
"051","11am",0,11.483914,32.49981,41.21499,14.801286
"052","11am",3.3566509,32.966487,26.20206,25.94357,11.531235
"053","11am",0.7374571,33.32083,25.7165,30.40689,9.818324
"054","11am",6.1726599,18.355942,36.97418,23.64086,14.856359
"055","11am",1.1652368,15.39794,40.9329,32.3639,10.14002
"056","11am",3.9864761,21.437572,27.8942,39.4631,7.218656
"057","11am",2.164818,34.575016,37.03235,19.71853,6.50929
"058","11am",3.0581066,24.790826,30.54982,33.2025,8.398747
"059","11am",0.4473886,31.468928,40.40326,24.1525,3.527928
"060","11am",0,30.491446,36.02149,27.56604,5.921032
"061","11am",3.0275238,23.182967,35.78816,32.62828,5.373068
"062","11am",5.9206489,28.243965,23.25881,35.43618,7.140389
"063","11am",1.3729276,15.967715,37.20168,29.13476,16.322916
"064","11am",4.2946563,18.60337,35.0548,31.14019,10.906978
"065","11am",3.7390801,19.865222,33.89159,29.38468,13.119426
"066","11am",6.1488217,27.319278,24.42837,36.45643,5.647102
"067","11am",3.4753186,29.343329,27.63425,26.20767,13.339433
"068","11am",6.626259,20.174281,39.16819,25.31012,8.721153
"069","11am",6.1185992,30.289357,24.48786,34.60817,4.496012
"070","11am",0.6556108,30.759815,30.07581,36.46574,2.043029
"071","11am",0.4530138,24.501854,30.72172,39.39622,4.927186
"072","11am",7.5642191,17.677565,37.92905,33.70491,3.124255
"073","11am",1.0337354,30.873369,33.89359,26.98593,7.21338
"074","11am",1.4283989,33.045025,29.48018,28.94012,7.106275
"075","11am",0,18.010338,46.44296,26.48238,9.064318
"081","11am",1.2747385,11.258021,37.79964,41.77111,7.896489
"082","11am",0.9123514,19.393963,38.38328,35.49288,5.817522
"083","11am",0,39.588967,22.77233,33.30081,4.337886
"001","12am",8.4134091,8.50892,22.07385,35.40722,25.596594
"002","12am",3.7457353,9.447468,31.59709,29.92602,25.283688
"003","12am",11.5971899,12.537142,22.86142,30.67098,22.333268
"004","12am",2.9577158,16.137393,37.47431,28.72328,14.707309
"005","12am",2.1019642,14.51998,37.55911,27.65307,18.165881
"006","12am",1.2346405,15.939138,33.67543,32.97284,16.177955
"007","12am",17.3279209,14.016474,42.23724,14.95477,11.463593
"008","12am",3.8091571,5.768808,32.40173,30.07501,27.945293
"009","12am",8.7276013,10.878735,31.81251,30.28825,18.292905
"010","12am",6.7987714,16.759721,40.07788,18.46514,17.898486
"011","12am",6.2240289,9.817924,47.97027,22.46992,13.517852
"012","12am",9.1462483,14.860181,46.87739,23.20961,5.906563
"021","12am",1.4821727,5.8597,38.46038,29.43083,24.766923
"022","12am",0.9142485,8.848931,38.04875,25.8571,26.330966
"023","12am",5.4089315,18.464271,35.32792,18.4828,22.316076
"024","12am",2.2402787,8.765738,31.62001,24.38907,32.984903
"025","12am",2.8362921,10.306478,48.40273,23.57298,14.881512
"026","12am",1.4750538,19.68598,44.22405,26.04553,8.569379
"027","12am",0,16.92418,49.83315,22.93804,10.304633
"028","12am",5.5007585,19.298985,46.96123,20.18945,8.049572
"029","12am",1.0104161,21.043565,43.27215,22.07404,12.599824
"030","12am",3.6670987,26.719932,39.35472,19.16912,11.089129
"031","12am",6.1221726,14.035107,35.76313,21.18572,22.893872
"032","12am",3.1371078,25.019424,39.24917,17.01502,15.579273
"033","12am",4.2332667,25.025209,22.33481,45.05109,3.355627
"034","12am",2.7458129,19.471425,23.56399,39.7162,14.502576
"035","12am",7.3862251,26.837072,26.03967,27.76335,11.973686
"036","12am",3.7879153,24.743568,30.40839,33.73954,7.320587
"037","12am",2.4396011,15.674429,25.52933,34.14972,22.206917
"038","12am",4.7293006,22.862489,27.83845,33.18975,11.380011
"041","12am",1.5377981,21.51202,33.69529,30.05502,13.199871
"042","12am",4.9572427,24.443041,31.79421,29.55832,9.247184
"043","12am",4.0619164,19.891368,31.55404,32.58919,11.903489
"044","12am",0,22.314562,32.28938,31.10439,14.291668
"045","12am",0,25.249291,34.46774,31.45754,8.825434
"046","12am",3.5875687,25.215008,30.75982,33.54494,6.892664
"047","12am",0.42687,22.283155,37.62192,30.12921,9.538842
"048","12am",1.3705775,35.263501,35.25553,24.29396,3.816426
"049","12am",1.089179,26.452601,25.78558,36.75991,9.912728
"050","12am",0.7081478,32.024443,25.55111,30.00183,11.714472
"051","12am",0,17.93665,30.21518,38.89185,12.956313
"052","12am",3.2132136,31.575937,26.06139,25.78626,13.363197
"053","12am",0.731285,31.787844,25.96918,32.01775,9.493943
"054","12am",7.0069794,17.610027,36.31613,25.21955,13.847317
"055","12am",1.0759628,14.795101,41.9237,29.3268,12.878431
"056","12am",4.1518857,22.673496,29.71588,36.97329,6.485449
"057","12am",2.1503863,36.84165,33.55008,20.6807,6.777186
"058","12am",2.8804746,23.350836,32.92345,31.25314,9.592098
"059","12am",0.3705781,24.506893,44.90819,26.63895,3.575393
"060","12am",0,30.544132,36.5492,26.1681,6.738559
"061","12am",3.0632545,23.282706,34.07627,34.14129,5.436481
"062","12am",4.5420474,26.948785,25.07633,36.17324,7.2596
"063","12am",1.3521181,15.408582,35.1623,30.97935,17.097652
"064","12am",4.5847029,17.334545,35.28515,32.37122,10.424375
"065","12am",3.5886547,22.816311,30.59013,28.18474,14.820164
"066","12am",5.7914145,22.834798,24.17834,40.45599,6.739461
"067","12am",3.2461043,28.339958,28.73637,26.03519,13.642377
"068","12am",6.1437226,20.657907,40.66186,24.93148,7.605032
"069","12am",6.2697208,30.635687,25.54226,34.16113,3.391194
"070","12am",0.6137778,31.343721,27.75393,38.37591,1.912668
"071","12am",0.4144335,26.057281,29.42011,38.82268,5.285497
"072","12am",6.2600598,20.695839,35.07557,33.71153,4.256999
"073","12am",1.1054198,30.575332,34.85271,26.19905,7.26749
"074","12am",1.2668602,35.937039,27.76515,27.96526,7.0657
"075","12am",0,20.182945,43.7713,27.9454,8.100354
"081","12am",1.2009467,11.229558,40.79789,38.96882,7.80278
"082","12am",0.9003871,18.681069,39.29376,35.38355,5.741233
"083","12am",0,34.020321,24.69801,33.21068,8.070985
"001","1pm",5.4581544,11.623397,22.26862,31.96948,28.680357
"002","1pm",3.5623088,8.755666,29.56097,31.84659,26.274467
"003","1pm",11.8217823,14.022917,23.2475,30.28405,20.623748
"004","1pm",3.0355429,16.145679,38.02742,27.52802,15.263342
"005","1pm",4.9165552,12.108168,38.28814,26.04736,18.639785
"006","1pm",1.2730061,15.662981,34.62338,32.57709,15.863549
"007","1pm",17.3869241,14.684287,39.97753,19.63259,8.318666
"008","1pm",4.0869177,7.252085,32.40646,28.52022,27.73432
"009","1pm",9.5797906,8.057221,32.77916,33.37908,16.204752
"010","1pm",6.9740472,18.244338,43.0369,14.42412,17.320592
"011","1pm",6.8174285,9.291582,47.02382,24.20826,12.658906
"012","1pm",7.0858893,17.085697,45.47526,26.67043,3.682726
"021","1pm",1.193113,9.81094,38.59953,26.41188,23.984538
"022","1pm",0.9219993,11.815029,38.18353,27.12271,21.956735
"023","1pm",3.1396867,20.660368,33.58853,17.89548,24.715939
"024","1pm",2.2332445,8.217027,29.00388,26.56026,33.985593
"025","1pm",2.9580673,11.567183,49.06589,22.57989,13.828966
"026","1pm",1.3841623,19.884393,41.88636,24.51385,12.331233
"027","1pm",0,14.320239,56.09579,21.14587,8.438109
"028","1pm",4.3716267,20.300533,48.66331,19.73398,6.930549
"029","1pm",1.0460509,20.663747,42.98909,23.43517,11.865949
"030","1pm",3.4776215,19.144338,50.37426,16.28533,10.718448
"031","1pm",7.0945198,12.478733,32.52369,25.88904,22.014016
"032","1pm",2.9434166,24.247746,35.79727,19.44056,17.571006
"033","1pm",4.4689072,28.566609,25.22323,38.7425,2.998745
"034","1pm",2.6270831,18.170568,26.06141,37.8564,15.284538
"035","1pm",7.0811287,28.615528,24.28912,28.53513,11.479099
"036","1pm",4.1226862,26.11876,31.80668,30.90539,7.046484
"037","1pm",2.5987907,16.622631,30.37657,28.16677,22.23523
"038","1pm",4.5260848,23.774998,25.45533,37.24131,9.00228
"041","1pm",1.6974533,23.029313,31.44272,31.78188,12.048637
"042","1pm",5.4400766,26.921524,26.38249,32.0357,9.22021
"043","1pm",3.6586905,19.273296,32.13663,33.18148,11.749905
"044","1pm",0,21.838414,32.47484,31.33524,14.351502
"045","1pm",1.5819532,22.301903,34.52436,32.19024,9.401547
"046","1pm",3.940392,27.525996,27.77266,34.36405,6.396906
"047","1pm",0.4024229,21.497367,35.99619,30.19111,11.912911
"048","1pm",1.3926914,35.589784,36.72218,23.76026,2.535086
"049","1pm",1.1297725,27.388739,26.24264,39.45762,5.781235
"050","1pm",0.7012821,33.695167,25.76417,29.19985,10.639531
"051","1pm",0,17.594744,32.38164,35.1868,14.836818
"052","1pm",3.3001023,32.873138,26.51552,26.1078,11.203437
"053","1pm",0.73669,31.97531,28.66325,29.06064,9.564114
"054","1pm",6.606981,19.220708,36.67337,21.44109,16.05785
"055","1pm",1.0778221,14.945684,37.24054,34.28208,12.45388
"056","1pm",4.0435594,25.711278,29.08608,34.84284,6.316238
"057","1pm",2.2160139,38.877593,30.50458,22.6209,5.780904
"058","1pm",3.0233563,21.238499,34.63432,32.9664,8.13742
"059","1pm",0.3789452,25.263688,47.83002,24.92402,1.603318
"060","1pm",0,31.896164,35.36041,25.69011,7.053321
"061","1pm",3.0375615,20.373757,37.42322,32.36126,6.804202
"062","1pm",6.1353123,26.680237,25.14705,33.53548,8.501924
"063","1pm",0.6606208,16.262349,33.9643,31.97227,17.140457
"064","1pm",3.1694534,20.943949,33.83388,32.80086,9.251856
"065","1pm",4.4297034,17.925719,35.30203,27.61622,14.726324
"066","1pm",6.1812224,24.078468,19.23294,41.70734,8.800023
"067","1pm",2.4168932,29.147337,26.23241,28.90675,13.296608
"068","1pm",5.1916448,22.561343,40.06312,25.25029,6.933607
"069","1pm",6.8103121,29.936321,20.75941,39.18448,3.309483
"070","1pm",0.5751245,29.438081,33.27422,34.92036,1.792216
"071","1pm",0.436648,23.695758,29.20016,41.08638,5.581054
"072","1pm",6.7182148,20.84925,36.36649,31.49749,4.568556
"073","1pm",1.1023749,31.365993,34.11302,25.24222,8.176397
"074","1pm",1.2610899,35.871376,29.43244,24.54711,8.887978
"075","1pm",0,22.559648,40.0988,29.09568,8.245876
"081","1pm",1.1414664,14.98489,38.36276,38.07366,7.437227
"082","1pm",0.93029,18.868554,39.76154,34.97199,5.467625
"083","1pm",0,37.823907,26.02626,31.04905,5.100778
"001","2pm",4.2380965,10.452296,23.17368,31.65797,30.477954
"002","2pm",4.0007094,8.968327,28.92904,33.27255,24.829374
"003","2pm",11.7963121,14.154976,22.8838,28.88193,22.282988
"004","2pm",4.4430113,14.318935,44.41623,24.25304,12.568787
