"district","hour","mode1","mode2","mode3"
"001","4am",18.3827881,36.81519,44.80202
"002","4am",15.9594988,23.14545,60.895051
"003","4am",14.2109294,34.05748,51.731588
"004","4am",23.1000215,44.8086,32.091375
"005","4am",19.8996979,25.4133,54.686998
"006","4am",11.1609587,60.83476,28.004284
"007","4am",34.0083876,29.36353,36.628078
"008","4am",19.1160795,42.3535,38.530418
"009","4am",22.1981171,46.94379,30.858097
"010","4am",32.1426951,31.83591,36.021396
"011","4am",29.5366591,32.02795,38.435389
"012","4am",23.9622087,39.23297,36.804824
"021","4am",6.8887485,68.50368,24.60757
"022","4am",5.2425761,76.55482,18.202601
"023","4am",10.8252483,70.85293,18.321817
"024","4am",6.9901038,71.56004,21.449857
"025","4am",11.8708026,54.82002,33.309176
"026","4am",9.9595296,71.17475,18.86572
"027","4am",4.385048,77.55593,18.059017
"028","4am",8.0638481,68.48145,23.454702
"029","4am",9.4598206,61.59498,28.945195
"030","4am",6.308884,76.5967,17.094419
"031","4am",18.8818209,58.96886,22.149318
"032","4am",11.2766614,57.8286,30.894736
"033","4am",11.8461051,75.97594,12.17796
"034","4am",12.3923227,56.48778,31.119893
"035","4am",4.6267745,70.01625,25.356974
"036","4am",7.1228819,71.48352,21.393596
"037","4am",19.2692228,70.78116,9.949616
"038","4am",12.4426526,77.38164,10.17571
"041","4am",2.8603787,71.64274,25.496878
"042","4am",5.7135557,86.05466,8.23178
"043","4am",7.306147,78.13883,14.555019
"044","4am",9.8596725,64.39989,25.740441
"045","4am",7.7849476,71.73214,20.482916
"046","4am",3.9846997,72.69861,23.316688
"047","4am",7.5399288,59.17682,33.283254
"048","4am",4.9384527,72.53538,22.526164
"049","4am",2.7109034,80.82087,16.468224
"050","4am",2.2058281,68.82597,28.968203
"051","4am",13.1335527,76.87125,9.995198
"052","4am",5.5494505,73.82105,20.629499
"053","4am",5.2021646,71.86937,22.928463
"054","4am",0.5317794,65.92369,33.544526
"055","4am",4.9250277,69.54413,25.53084
"056","4am",3.0600161,84.03512,12.904866
"057","4am",5.4656573,78.17431,16.360032
"058","4am",3.6215492,70.79077,25.58768
"059","4am",8.3436536,59.31711,32.339241
"060","4am",4.6073061,77.39397,17.99872
"061","4am",8.0885303,66.14483,25.766644
"062","4am",6.2984373,78.26397,15.437595
"063","4am",7.4199005,61.55953,31.020567
"064","4am",4.1830147,62.97514,32.841848
"065","4am",5.3278726,45.7313,48.94083
"066","4am",1.8898582,81.0447,17.065445
"067","4am",2.9211284,75.81226,21.266613
"068","4am",3.466393,69.81249,26.721117
"069","4am",1.8704419,81.6,16.529555
"070","4am",1.5100444,69.38129,29.108663
"071","4am",5.0352677,69.28118,25.683553
"072","4am",1.4040981,79.8775,18.7184
"073","4am",1.5543148,66.70831,31.737376
"074","4am",3.4262341,78.20489,18.368871
"075","4am",5.7192016,68.48669,25.794109
"081","4am",8.8943771,71.80546,19.300158
"082","4am",0.8746165,73.47684,25.64854
"083","4am",3.8301932,75.32242,20.847385
"001","5am",17.8902336,37.03737,45.072398
"002","5am",16.4795336,22.11116,61.409304
"003","5am",14.2109294,34.05748,51.731588
"004","5am",22.9139237,45.25323,31.832842
"005","5am",19.6535589,25.83124,54.5152
"006","5am",11.2136401,60.64989,28.136469
"007","5am",31.5502071,30.45732,37.99247
"008","5am",20.0127172,41.46215,38.525132
"009","5am",22.3671212,47.30119,30.331688
"010","5am",31.4027859,32.31108,36.286139
"011","5am",27.9172581,32.87647,39.206272
"012","5am",23.9622087,39.23297,36.804824
"021","5am",6.2658505,71.35166,22.382492
"022","5am",4.1657584,77.32238,18.511866
"023","5am",10.3253232,71.05107,18.623602
"024","5am",6.2585994,72.62543,21.115972
"025","5am",11.8579331,54.869,33.273064
"026","5am",9.6549283,72.05634,18.288733
"027","5am",4.5017555,76.95859,18.539656
"028","5am",8.0875577,68.87945,23.032994
"029","5am",9.389957,61.87862,28.731426
"030","5am",5.7436458,78.69349,15.562862
"031","5am",18.8211329,60.0898,21.089066
"032","5am",11.0199363,59.45067,29.529397
"033","5am",12.123492,75.41339,12.463117
"034","5am",12.3388104,56.67568,30.985512
"035","5am",4.6267745,70.01625,25.356974
"036","5am",7.124325,71.47775,21.39793
"037","5am",19.2692228,70.78116,9.949616
"038","5am",12.4426526,77.38164,10.17571
"041","5am",2.7308045,72.92732,24.341877
"042","5am",5.7135557,86.05466,8.23178
"043","5am",7.4819606,77.61277,14.905268
"044","5am",10.1164864,63.47261,26.4109
"045","5am",7.3517347,73.30517,19.343092
"046","5am",3.9402289,73.00331,23.056465
"047","5am",6.5284043,60.42159,33.050009
"048","5am",5.0857785,71.71605,23.198174
"049","5am",2.6482804,82.86756,14.48416
"050","5am",2.1812716,69.92136,27.897369
"051","5am",13.2173571,77.36176,9.420882
"052","5am",5.6503143,74.1617,20.187984
"053","5am",5.2460878,71.63186,23.122054
"054","5am",0.534277,65.76365,33.702073
"055","5am",4.9770832,69.22223,25.80069
"056","5am",3.0943549,84.57503,12.330615
"057","5am",5.7118195,77.19133,17.096855
"058","5am",3.6700793,70.39936,25.930565
"059","5am",8.2740719,59.17895,32.546982
"060","5am",4.6286868,78.58365,16.787665
"061","5am",8.024929,66.41103,25.564037
"062","5am",6.2648193,78.33872,15.396461
"063","5am",7.5103349,61.09102,31.398648
"064","5am",4.1102187,63.61947,32.270309
"065","5am",5.3207334,45.80402,48.87525
"066","5am",1.8980344,80.96269,17.139276
"067","5am",2.9518422,75.55794,21.490218
"068","5am",3.5543888,69.90555,26.540056
"069","5am",1.8704419,81.6,16.529555
"070","5am",1.526584,69.04592,29.427492
"071","5am",5.093809,68.92403,25.982157
"072","5am",1.4445637,79.29758,19.257858
"073","5am",1.5499886,67.82286,30.627151
"074","5am",3.3983261,78.38242,18.21925
"075","5am",5.8871813,67.56111,26.551713
"081","5am",9.0587899,71.28429,19.656922
"082","5am",0.8680307,73.67656,25.455411
"083","5am",3.8396998,75.26117,20.899129
"001","6am",18.8594837,34.21701,46.923506
"002","6am",18.8481847,25.49153,55.660283
"003","6am",13.6784314,34.49617,51.8254
"004","6am",17.815635,49.72194,32.462422
"005","6am",20.2308586,27.68626,52.08288
"006","6am",11.3341515,60.227,28.438847
"007","6am",31.1418291,30.7715,38.086667
"008","6am",20.3221668,41.16255,38.515279
"009","6am",21.3348848,48.17151,30.493607
"010","6am",30.9648269,33.31775,35.717422
"011","6am",27.1288013,34.01023,38.860966
"012","6am",24.02232,39.94562,36.032062
"021","6am",6.2299051,71.51601,22.25409
"022","6am",3.4969849,77.16448,19.338532
"023","6am",8.9804663,71.81639,19.203139
"024","6am",6.4132764,74.05205,19.534669
"025","6am",11.1207076,57.79373,31.085559
"026","6am",9.5764225,72.28355,18.140024
"027","6am",4.755654,76.62357,18.620772
"028","6am",7.4500672,69.38353,23.166404
"029","6am",9.3233248,62.46872,28.207955
"030","6am",5.3308591,80.22476,14.444383
"031","6am",18.4425468,61.09112,20.466337
"032","6am",10.7193033,61.11198,28.168715
"033","6am",12.6053495,74.43618,12.958473
"034","6am",10.3227394,59.99775,29.679508
"035","6am",4.0562254,69.85722,26.086554
"036","6am",7.5611931,69.31581,23.122993
"037","6am",16.4759411,72.98332,10.540735
"038","6am",8.5845883,80.6888,10.726616
"041","6am",2.7964544,71.6472,25.556348
"042","6am",5.736622,85.99837,8.265013
"043","6am",6.2135869,79.00088,14.785536
"044","6am",10.1938408,62.66611,27.140052
"045","6am",7.7174048,73.22525,19.057349
"046","6am",2.9707675,72.93905,24.090185
"047","6am",3.9052422,63.13823,32.956531
"048","6am",5.286007,73.46046,21.25353
"049","6am",2.7175513,81.33562,15.94683
"050","6am",1.5642741,71.54476,26.890961
"051","6am",11.5791385,78.00565,10.415213
"052","6am",5.8114559,73.42482,20.763726
"053","6am",4.5041197,71.43082,24.065058
"054","6am",0.5002617,68.05492,31.44482
"055","6am",0.6803534,71.57241,27.747236
"056","6am",2.5550886,83.13699,14.307922
"057","6am",3.6199352,77.57984,18.80023
"058","6am",3.3483625,69.43334,27.218301
"059","6am",7.3768359,59.96084,32.662327
"060","6am",3.6713939,78.91459,17.414015
"061","6am",3.603352,68.05193,28.344716
"062","6am",6.4755527,77.61009,15.914361
"063","6am",6.6953854,62.72016,30.584456
"064","6am",2.4713457,66.56631,30.962341
"065","6am",3.6972632,47.9113,48.391435
"066","6am",0.7246256,81.02242,18.252952
"067","6am",3.1098787,74.24935,22.640767
"068","6am",3.7724074,68.05963,28.167967
"069","6am",1.3553843,81.33524,17.309378
"070","6am",0.6892022,70.37232,28.938478
"071","6am",5.1798125,68.39935,26.420837
"072","6am",1.4711565,79.2653,19.263548
"073","6am",1.5747829,68.50783,29.917388
"074","6am",3.5473145,78.67384,17.778844
"075","6am",4.693563,67.86985,27.436591
"081","6am",7.7977061,71.50959,20.692699
"082","6am",0,73.91834,26.08166
"083","6am",0.681779,77.57162,21.746604
"001","7am",23.2749993,31.09579,45.62921
"002","7am",26.9482767,27.19981,45.85191
"003","7am",11.0804137,37.78131,51.13827
"004","7am",17.8014838,55.75801,26.44051
"005","7am",27.2590428,32.1239,40.61705
"006","7am",7.2166794,67.05325,25.73007
"007","7am",32.3742433,26.45631,41.16945
"008","7am",29.0609458,41.06627,29.87278
"009","7am",11.4546825,57.77609,30.76923
"010","7am",31.0131697,32.74935,36.23748
"011","7am",22.7138425,39.0691,38.21705
"012","7am",21.5038094,43.75592,34.74027
"021","7am",9.4942922,71.86396,18.64175
"022","7am",1.1042879,80.92713,17.96859
"023","7am",6.8970424,71.50802,21.59494
"024","7am",8.0975321,75.81821,16.08425
"025","7am",10.5413657,57.66363,31.79501
"026","7am",3.6411674,80.51421,15.84462
"027","7am",2.014403,71.58502,26.40058
"028","7am",8.7676598,67.47452,23.75782
"029","7am",5.3217561,66.57502,28.10323
"030","7am",2.1228313,84.91787,12.9593
"031","7am",15.7263627,62.61676,21.65688
"032","7am",10.2020188,66.18827,23.60971
"033","7am",8.8476187,76.72404,14.42834
"034","7am",8.4289219,63.02336,28.54772
"035","7am",3.7594185,64.02927,32.21131
"036","7am",2.0622984,75.54807,22.38963
"037","7am",7.0215592,82.94095,10.03749
"038","7am",5.2753939,82.15913,12.56548
"041","7am",2.9328664,69.98942,27.07771
"042","7am",5.2850039,83.9816,10.73339
"043","7am",3.6902788,79.00761,17.30211
"044","7am",4.3182525,62.36392,33.31783
"045","7am",2.7713867,77.78267,19.44594
"046","7am",0,69.32358,30.67642
"047","7am",3.1618823,64.0753,32.76282
"048","7am",0.9873653,75.08222,23.93042
"049","7am",0.8078687,84.40238,14.78976
"050","7am",0.6680004,74.65897,24.67303
"051","7am",1.5011196,88.16947,10.32941
"052","7am",2.8555721,75.07488,22.06955
"053","7am",1.7573303,74.22363,24.01904
"054","7am",19.3802301,52.94292,27.67685
"055","7am",0,71.50842,28.49158
"056","7am",1.3068277,82.85395,15.83922
"057","7am",0,79.05296,20.94704
"058","7am",0.73255,65.23766,34.02979
"059","7am",7.9375147,58.2497,33.81279
"060","7am",0.8945765,77.37229,21.73314
"061","7am",1.5597316,71.29906,27.14121
"062","7am",3.6319749,77.11748,19.25054
"063","7am",0,67.95323,32.04677
"064","7am",1.3690918,71.36731,27.2636
"065","7am",11.4111782,46.96656,41.62226
"066","7am",0,81.12872,18.87128
"067","7am",0,73.9944,26.0056
"068","7am",2.4338672,66.72685,30.83928
"069","7am",0,85.87678,14.12322
"070","7am",0,64.13575,35.86425
"071","7am",0,70.5964,29.4036
"072","7am",0.7881875,77.25612,21.95569
"073","7am",4.2652017,70.45359,25.2812
"074","7am",1.2336364,79.2017,19.56466
"075","7am",0,72.84368,27.15632
"081","7am",0.9652054,72.29608,26.73871
"082","7am",5.0715253,72.87955,22.04893
"083","7am",0,77.38102,22.61898
"001","8am",27.6991936,30.77621,41.524594
"002","8am",34.1427786,28.79362,37.063605
"003","8am",18.4116783,41.35463,40.23369
"004","8am",13.6015913,67.77431,18.624101
"005","8am",31.9489153,34.62741,33.423679
"006","8am",9.1245312,75.7749,15.100573
"007","8am",25.2803125,33.98147,40.738221
"008","8am",32.1279128,43.09868,24.773402
"009","8am",9.7995827,61.32255,28.877865
"010","8am",37.8625626,35.64124,26.496201
"011","8am",28.8639062,36.01273,35.123369
"012","8am",32.4115816,35.92311,31.665309
"021","8am",9.1408762,80.58098,10.278147
"022","8am",1.3552667,80.84647,17.798264
"023","8am",5.3690327,73.29205,21.338922
"024","8am",15.5353532,73.94598,10.518672
"025","8am",11.6370645,62.49561,25.867329
"026","8am",5.1970311,77.48752,17.315445
"027","8am",4.9264029,68.78602,26.287582
"028","8am",5.3344807,60.38797,34.277545
"029","8am",6.4571458,60.94811,32.594744
"030","8am",1.534856,88.6784,9.786745
"031","8am",17.7715819,62.98752,19.240901
"032","8am",10.8010864,66.16647,23.032447
"033","8am",8.7633829,72.92129,18.315324
"034","8am",10.4690751,64.99273,24.538193
"035","8am",2.8054776,64.41419,32.780329
"036","8am",1.6901163,68.63121,29.678678
"037","8am",4.9617773,85.95354,9.084686
"038","8am",4.6838005,67.52834,27.787861
"041","8am",0,71.6672,28.332804
"042","8am",1.2450362,91.14012,7.614842
"043","8am",0,70.50361,29.496391
"044","8am",1.7912162,60.58798,37.620808
"045","8am",0,78.80392,21.196082
"046","8am",0,63.20361,36.796392
"047","8am",11.929129,68.36693,19.703943
"048","8am",1.0810416,72.71814,26.200817
"049","8am",0.8457735,84.30556,14.848665
"050","8am",0.8305461,74.54037,24.629081
"051","8am",0,91.35191,8.648092
"052","8am",0.9407804,77.88023,21.178993
"053","8am",4.4609352,71.93492,23.60414
"054","8am",15.6118381,62.14733,22.240835
"055","8am",0,67.91543,32.084565
"056","8am",1.5822034,78.09061,20.327187
"057","8am",0,77.9588,22.041203
"058","8am",0.7702904,58.9888,40.24091
"059","8am",10.6570656,53.21809,36.124846
"060","8am",2.1225341,75.42084,22.456631
"061","8am",2.4165234,67.76731,29.816165
"062","8am",1.2647008,77.38885,21.346449
"063","8am",0,66.09753,33.902472
"064","8am",1.7732225,77.17797,21.048807
"065","8am",11.3239023,50.86497,37.811123
"066","8am",0,75.50789,24.492114
"067","8am",0,68.10145,31.898551
"068","8am",5.6730512,60.39456,33.932385
"069","8am",0.3504825,80.28022,19.369302
"070","8am",0,59.44121,40.558788
"071","8am",0,70.39569,29.604314
"072","8am",0,77.15603,22.843973
"073","8am",3.506783,76.07085,20.422369
"074","8am",4.4035331,71.28078,24.315683
"075","8am",0,70.17395,29.82605
"081","8am",1.0048371,75.5981,23.397058
"082","8am",5.3357914,71.51911,23.145099
"083","8am",0,79.70673,20.293274
"001","9am",32.3296708,27.72818,39.942146
"002","9am",36.7545015,28.5477,34.697802
"003","9am",15.8944316,41.72639,42.379181
"004","9am",10.8502891,69.40764,19.742073
"005","9am",33.6291514,33.80651,32.564341
"006","9am",10.7126774,74.93463,14.352697
"007","9am",18.9569585,38.6632,42.379846
"008","9am",33.014496,44.58754,22.397963
"009","9am",7.9197461,64.87188,27.20837
"010","9am",37.3841355,37.58962,25.026247
"011","9am",29.0357203,37.10939,33.854886
"012","9am",31.7434008,34.96688,33.289724
"021","9am",9.1719033,81.33773,9.490371
"022","9am",1.3588833,80.2736,18.367517
"023","9am",5.3907384,70.49338,24.115877
"024","9am",16.3888589,74.11026,9.50088
"025","9am",9.467207,66.16322,24.369577
"026","9am",3.3631899,81.40873,15.228079
"027","9am",5.2892911,62.41573,32.294982
"028","9am",5.6059526,53.81551,40.578536
"029","9am",4.642462,64.51297,30.844568
"030","9am",3.548627,87.63064,8.820736
"031","9am",16.6710613,65.03288,18.296061
"032","9am",9.4327895,70.08686,20.480354
"033","9am",6.6472353,73.39616,19.956606
"034","9am",10.6352752,62.44008,26.924649
"035","9am",1.4781319,70.49835,28.023515
"036","9am",1.6422527,69.169,29.188746
"037","9am",2.5504597,85.16085,12.288694
"038","9am",2.1334776,71.02376,26.842758
"041","9am",0,74.3015,25.698503
"042","9am",1.2671856,85.0964,13.636412
"043","9am",0,71.56773,28.432273
"044","9am",1.8460807,57.28408,40.869838
"045","9am",0,78.69367,21.306332
"046","9am",0,65.31855,34.681451
"047","9am",12.7506523,68.35552,18.893828
"048","9am",1.0847966,69.71754,29.197668
"049","9am",1.7498904,83.24887,15.001239
"050","9am",0.9392708,75.15402,23.906706
"051","9am",0,89.55013,10.449869
"052","9am",0.917521,77.1187,21.963783
"053","9am",3.9690905,72.2372,23.793709
"054","9am",15.1797407,63.61485,21.205412
"055","9am",0,66.95317,33.046833
"056","9am",1.7053538,78.88337,19.411277
"057","9am",0,76.97785,23.022148
"058","9am",0.7844743,59.13329,40.082235
"059","9am",8.0169803,52.97962,39.003402
"060","9am",2.2950517,75.80851,21.896435
"061","9am",2.5308425,70.78906,26.680096
"062","9am",1.239586,79.41692,19.343496
"063","9am",0,66.60902,33.390975
"064","9am",1.7870845,77.77256,20.440356
"065","9am",8.8997918,52.17345,38.926756
"066","9am",0,75.04225,24.957748
"067","9am",1.235578,70.58563,28.17879
"068","9am",5.7429696,62.85769,31.399336
"069","9am",0,75.7582,24.241798
"070","9am",0,58.20444,41.795556
"071","9am",0,69.62512,30.374882
"072","9am",0,77.54826,22.451745
"073","9am",3.5337619,76.37225,20.093986
"074","9am",4.7037311,71.9248,23.371472
"075","9am",1.4670791,68.1103,30.422623
"081","9am",1.0203308,75.13463,23.845036
"082","9am",6.9365849,69.91691,23.146508
"083","9am",0,79.32458,20.67542
"001","10am",29.71573626,28.85576,41.428504
"002","10am",37.19975627,26.67371,36.12653
"003","10am",17.40149123,39.65628,42.942226
"004","10am",12.90511129,69.65085,17.444043
"005","10am",36.9770879,32.3967,30.626211
"006","10am",10.27224557,75.03539,14.692365
"007","10am",17.81724258,35.85203,46.330728
"008","10am",35.14341804,43.40354,21.453045
"009","10am",9.69818213,63.40024,26.901576
"010","10am",34.59463523,36.72814,28.677222
"011","10am",27.98247982,38.85953,33.157986
"012","10am",28.14342245,38.85606,33.000521
"021","10am",9.77175604,81.80927,8.418972
"022","10am",1.30895015,77.80388,20.887167
"023","10am",5.72670693,69.61446,24.658836
"024","10am",16.85970105,74.72118,8.419118
"025","10am",8.66373039,68.25953,23.076742
"026","10am",2.67738673,80.10872,17.213896
"027","10am",8.23540789,64.00736,27.757235
"028","10am",5.37449844,55.54672,39.078786
"029","10am",3.90698848,63.13667,32.956342
"030","10am",1.66737559,88.20177,10.130857
"031","10am",15.1118646,65.42243,19.465706
"032","10am",8.87600529,70.31302,20.810976
"033","10am",5.80399104,68.73912,25.456886
"034","10am",9.65397377,62.47371,27.87232
"035","10am",2.46781636,65.43163,32.100551
"036","10am",1.68995414,67.84038,30.469665
"037","10am",2.56683747,83.56979,13.863377
"038","10am",0,73.65522,26.344782
"041","10am",0,71.55568,28.444315
"042","10am",1.21181831,86.01834,12.76984
"043","10am",0,73.93342,26.066576
"044","10am",1.87716436,58.13562,39.987218
"045","10am",0,78.47131,21.528686
"046","10am",0,65.3717,34.628305
"047","10am",12.66468811,68.94994,18.38537
"048","10am",0,68.52624,31.473758
"049","10am",1.84142703,82.47631,15.682259
"050","10am",1.76057372,69.99016,28.249267
"051","10am",0,85.69483,14.305172
"052","10am",0.96629826,72.27126,26.762445
"053","10am",3.06370647,72.05519,24.881106
"054","10am",15.66494464,63.54244,20.792614
"055","10am",0.03651952,73.40198,26.5615
"056","10am",0,79.38478,20.615221
"057","10am",0,77.10228,22.897724
"058","10am",0.7906626,61.19607,38.013266
"059","10am",6.83181188,54.31531,38.852878
"060","10am",2.40535327,71.33122,26.263429
"061","10am",2.57155637,68.78878,28.639663
"062","10am",1.22985536,78.86484,19.905302
"063","10am",0,65.55162,34.448379
"064","10am",1.81219254,75.11712,23.070692
"065","10am",9.11944541,50.92925,39.951307
"066","10am",0,75.0106,24.989401
"067","10am",0,73.7889,26.211098
"068","10am",5.40314589,66.34153,28.255319
"069","10am",0,76.25593,23.744067
"070","10am",0,55.924,44.076004
"071","10am",0,69.40068,30.599323
"072","10am",1.24619229,75.39473,23.359076
"073","10am",3.56918675,72.24784,24.182971
"074","10am",4.67007425,73.12915,22.200773
"075","10am",1.38612079,69.98729,28.626592
"081","10am",1.00196452,76.94674,22.051291
"082","10am",7.00524195,70.92303,22.071732
"083","10am",0,74.80249,25.197513
"001","11am",28.02802502,31.24996,40.72201
"002","11am",35.41749913,23.5759,41.006605
"003","11am",14.38573529,38.76788,46.846385
"004","11am",13.7351128,67.41802,18.846872
"005","11am",35.73496667,32.69692,31.568109
"006","11am",11.25492572,74.5896,14.15547
"007","11am",26.62749999,37.24404,36.128456
"008","11am",33.23507448,42.31199,24.452936
"009","11am",10.2561902,60.06498,29.678826
"010","11am",34.33765008,38.79108,26.871269
"011","11am",29.65238735,36.79603,33.551584
"012","11am",30.60580679,35.61701,33.77718
"021","11am",10.11789152,82.04189,7.840221
"022","11am",1.06960818,73.77497,25.155422
"023","11am",5.78493623,72.90061,21.314457
"024","11am",17.68004396,73.05173,9.268229
"025","11am",10.31733674,63.47778,26.204884
"026","11am",3.37574393,80.376,16.248256
"027","11am",8.42988892,62.37301,29.197102
"028","11am",6.12630417,58.21065,35.663049
"029","11am",5.78001297,65.27857,28.941422
"030","11am",1.74229803,86.63354,11.624166
"031","11am",14.51364617,66.48417,19.002187
"032","11am",9.1479368,67.58541,23.26665
"033","11am",2.13913524,75.95189,21.908979
"034","11am",10.1061277,61.07876,28.815116
"035","11am",1.58271219,62.94695,35.470342
"036","11am",1.98199719,64.83703,33.180976
"037","11am",0.84287549,87.21272,11.944409
"038","11am",0,70.0093,29.990701
"041","11am",0,69.85376,30.146243
"042","11am",1.2577384,82.33369,16.40857
"043","11am",0,76.04682,23.953176
"044","11am",1.74676488,60.86774,37.385496
"045","11am",1.36662626,76.64691,21.98646
"046","11am",0,66.47915,33.520848
"047","11am",11.67413373,68.42135,19.904512
"048","11am",0,70.42831,29.571695
"049","11am",3.09474659,83.57406,13.331192
"050","11am",1.78055639,68.66611,29.553336
"051","11am",0.94118511,87.92029,11.138521
"052","11am",0.91219927,72.72946,26.358339
"053","11am",3.03084596,69.94252,27.026635
"054","11am",8.85731459,65.28041,25.862272
"055","11am",0.04126696,70.17149,29.787245
"056","11am",0,81.60845,18.391546
"057","11am",0,77.48034,22.51966
"058","11am",0.82089456,60.90726,38.271848
"059","11am",6.89520635,52.75548,40.34931
"060","11am",2.28619326,73.98981,23.723996
"061","11am",3.8145768,65.93102,30.254399
"062","11am",1.23631342,81.90317,16.860518
"063","11am",0,64.67672,35.323285
"064","11am",1.87514593,72.23948,25.885371
"065","11am",8.851702,51.62593,39.522367
"066","11am",0,70.02338,29.976623
"067","11am",0,76.65043,23.349575
"068","11am",5.68533539,65.18709,29.12757
"069","11am",0,76.6212,23.378798
"070","11am",0,58.20675,41.793254
"071","11am",0,69.29742,30.702584
"072","11am",2.08553254,73.17954,24.734923
"073","11am",3.46521261,69.72705,26.807741
"074","11am",4.62092467,73.00999,22.369086
"075","11am",1.42738801,74.22226,24.35035
"081","11am",0.96552242,78.07906,20.955422
"082","11am",6.78168712,69.80112,23.417196
"083","11am",0,78.36976,21.630245
"001","12am",24.6035324,29.77217,45.6243
"002","12am",28.3010526,19.55695,52.142
"003","12am",9.4871443,34.64645,55.8664
"004","12am",13.7055836,57.88285,28.41157
"005","12am",30.5897856,27.08588,42.32433
"006","12am",9.633941,64.9635,25.40256
"007","12am",27.7835028,30.51925,41.69725
"008","12am",23.8583904,40.58126,35.56035
"009","12am",4.0405635,59.20344,36.756
"010","12am",34.9246146,33.88837,31.18702
"011","12am",26.3587438,34.82515,38.81611
"012","12am",18.5128274,35.76044,45.72673
"021","12am",10.0788839,77.12455,12.79656
"022","12am",0.9924482,76.83976,22.16779
"023","12am",4.7749015,70.60768,24.61742
"024","12am",14.9137103,63.14192,21.94437
"025","12am",11.5644652,55.98207,32.45347
"026","12am",4.9946187,70.79973,24.20566
"027","12am",8.1271943,64.78839,27.08441
"028","12am",5.9183904,60.96134,33.12027
"029","12am",5.3687934,67.23628,27.39493
"030","12am",1.796007,86.60448,11.59951
"031","12am",13.1727904,65.3431,21.4841
"032","12am",4.5940579,64.76874,30.6372
"033","12am",1.8473237,79.23242,18.92025
"034","12am",9.2320081,63.71837,27.04962
"035","12am",1.6174364,60.00594,38.37663
"036","12am",2.3684693,65.08662,32.54491
"037","12am",3.8047877,79.34461,16.85061
"038","12am",1.8754405,72.31434,25.81022
"041","12am",0,67.41007,32.58993
"042","12am",3.3381335,82.38802,14.27385
"043","12am",0.8197772,74.45146,24.72876
"044","12am",1.9057851,58.20785,39.88636
"045","12am",4.092009,74.10145,21.80654
"046","12am",0,68.17073,31.82927
"047","12am",9.4925535,66.68676,23.82069
"048","12am",0,72.19389,27.80611
"049","12am",4.5257565,78.61877,16.85547
"050","12am",0.7399509,70.5874,28.67265
"051","12am",0.9725952,79.87375,19.15365
"052","12am",0.8683178,74.01997,25.11171
"053","12am",3.7311782,66.78474,29.48408
"054","12am",8.9699473,61.03296,29.99709
"055","12am",0.0371798,74.70171,25.26111
"056","12am",0,80.73214,19.26786
"057","12am",0,77.84491,22.15509
"058","12am",0.7656351,64.37426,34.8601
"059","12am",9.5096692,57.09343,33.3969
"060","12am",0.8917605,77.60495,21.50329
"061","12am",3.8666813,63.45808,32.67524
"062","12am",1.2202796,80.30622,18.47351
"063","12am",0,65.18952,34.81048
"064","12am",1.8336254,69.83558,28.33079
"065","12am",9.6509894,49.55324,40.79577
"066","12am",0,69.84983,30.15017
"067","12am",0,76.5362,23.4638
"068","12am",2.2402127,60.69291,37.06688
"069","12am",0,73.28494,26.71506
"070","12am",0,59.52497,40.47503
"071","12am",0,70.10322,29.89678
"072","12am",3.2136696,77.09625,19.69008
"073","12am",2.4266907,66.14351,31.4298
"074","12am",5.7151745,75.78621,18.49861
"075","12am",0,72.73694,27.26306
"081","12am",0.8985752,78.76543,20.336
"082","12am",3.4981289,72.20925,24.29262
"083","12am",0,84.89756,15.10244
"001","1pm",23.71045565,30.74499,45.54455
"002","1pm",25.83788104,17.45587,56.70625
"003","1pm",8.12470891,34.84523,57.03007
"004","1pm",11.75531261,58.73673,29.50795
"005","1pm",30.176273,28.48895,41.33477
"006","1pm",8.22609147,67.42354,24.35037
"007","1pm",29.50208317,36.36948,34.12843
"008","1pm",25.27241771,40.32765,34.39993
"009","1pm",5.90687597,58.57575,35.51738
"010","1pm",33.73608464,36.52536,29.73856
"011","1pm",25.65049817,30.41558,43.93393
"012","1pm",16.59044083,36.64347,46.76609
"021","1pm",9.85299287,77.20321,12.9438
"022","1pm",0,76.63768,23.36232
"023","1pm",6.1802808,68.89599,24.92373
"024","1pm",13.37459752,64.19634,22.42907
"025","1pm",7.03858644,62.73129,30.23012
"026","1pm",3.88191041,71.87603,24.24206
"027","1pm",10.23758364,61.66522,28.0972
"028","1pm",7.54925186,61.09601,31.35474
"029","1pm",5.72702942,66.4052,27.86777
"030","1pm",5.0041242,82.26857,12.72731
"031","1pm",14.07126362,65.30343,20.62531
"032","1pm",4.28207886,70.10533,25.61259
"033","1pm",5.94049948,77.60093,16.45857
"034","1pm",9.42804792,67.09573,23.47622
"035","1pm",1.54134445,60.59424,37.86441
"036","1pm",3.21780397,61.85859,34.92361
"037","1pm",5.23104226,76.3825,18.38646
"038","1pm",2.25289302,68.74728,28.99982
"041","1pm",0,64.16228,35.83772
"042","1pm",3.70159451,81.80394,14.49446
"043","1pm",0.73057707,76.55257,22.71685
"044","1pm",0,59.92372,40.07628
"045","1pm",4.36759997,76.04548,19.58692
"046","1pm",0,65.80477,34.19523
"047","1pm",8.99159234,67.63594,23.37246
"048","1pm",0,71.66824,28.33176
"049","1pm",4.70548801,81.17525,14.11926
"050","1pm",0.72331718,73.50825,25.76844
"051","1pm",0.88412322,79.49826,19.61762
"052","1pm",0.89484046,73.56558,25.53958
"053","1pm",3.76258157,65.72872,30.5087
"054","1pm",7.83623508,63.86519,28.29858
"055","1pm",0.03725215,76.43367,23.52907
"056","1pm",0,81.3072,18.6928
"057","1pm",0,76.33566,23.66434
"058","1pm",0.8099982,66.36483,32.82517
"059","1pm",10.77199486,57.24174,31.98626
"060","1pm",1.88030187,77.26987,20.84983
"061","1pm",2.8816214,64.91649,32.20188
"062","1pm",1.28964285,78.02689,20.68347
"063","1pm",0.6772179,64.2261,35.09668
"064","1pm",9.25228207,63.89502,26.8527
"065","1pm",7.60531166,55.78643,36.60825
"066","1pm",0,70.99842,29.00158
"067","1pm",0,74.75748,25.24252
"068","1pm",2.20211354,61.29105,36.50684
"069","1pm",0,71.88417,28.11583
"070","1pm",0,64.70351,35.29649
"071","1pm",0,67.68349,32.31651
"072","1pm",3.02813151,77.41544,19.55643
"073","1pm",1.51235517,65.6217,32.86594
"074","1pm",7.27099746,75.1859,17.54311
"075","1pm",0,73.65352,26.34648
"081","1pm",0,83.17438,16.82562
"082","1pm",3.60754419,71.88891,24.50355
"083","1pm",0,82.8025,17.1975
"001","2pm",23.59596786,31.77371,44.63033
"002","2pm",26.61868922,18.00789,55.37342
"003","2pm",9.99562401,38.71271,51.29167
"004","2pm",11.08365124,63.84568,25.07067
"005","2pm",26.43276767,29.98722,43.58001
"006","2pm",9.0738978,66.03577,24.89033
"007","2pm",25.77598635,33.49284,40.73117
"008","2pm",24.11642436,40.35102,35.53255
"009","2pm",6.8614962,60.19975,32.93875
"010","2pm",32.65620766,34.90849,32.43531
"011","2pm",30.60650116,29.07733,40.31617
"012","2pm",19.30674021,36.94065,43.75261
"021","2pm",7.68884782,78.90351,13.40764
"022","2pm",0,78.26535,21.73465
"023","2pm",4.95745884,74.01437,21.02818
"024","2pm",12.82217169,64.71573,22.4621
"025","2pm",7.17219352,66.79378,26.03402
"026","2pm",3.87803131,71.81607,24.3059
"027","2pm",3.06020155,67.25911,29.68069
"028","2pm",10.07244255,59.83498,30.09258
"029","2pm",6.30909681,61.3693,32.3216
"030","2pm",4.5136916,81.11789,14.36841
"031","2pm",14.13956591,65.45372,20.40672
"032","2pm",9.96813535,66.03357,23.99829
"033","2pm",6.61916979,76.45249,16.92834
"034","2pm",12.90403051,64.35004,22.74593
"035","2pm",1.55777889,59.69694,38.74528
"036","2pm",0.64118053,61.15467,38.20415
"037","2pm",5.57629175,75.74042,18.68329
"038","2pm",0,71.39476,28.60524
"041","2pm",0,63.40275,36.59725
"042","2pm",3.58997389,80.20161,16.20842
"043","2pm",0.77827986,74.34904,24.87268
"044","2pm",0,66.07118,33.92882
"045","2pm",1.58320138,74.31071,24.10609
"046","2pm",0,69.0151,30.9849
"047","2pm",7.52505773,67.99281,24.48214
"048","2pm",0,71.14948,28.85052
"049","2pm",2.04233023,81.38573,16.57194
"050","2pm",0.85942106,74.07455,25.06603
"051","2pm",0.87524865,79.04811,20.07664
"052","2pm",0.90396046,75.57921,23.51683
"053","2pm",3.73158447,68.30279,27.96562
"054","2pm",7.38454122,66.59099,26.02447
"055","2pm",0.03754187,69.65991,30.30255
"056","2pm",0,80.39948,19.60052
"057","2pm",0,79.43554,20.56446
"058","2pm",0.84994874,63.62527,35.52478
"059","2pm",6.66980901,64.53113,28.79906
"060","2pm",1.88439709,78.7802,19.33541
"061","2pm",2.90907678,65.77656,31.31437
"062","2pm",1.29435705,78.04736,20.65829
"063","2pm",0.67362166,66.03972,33.28666
"064","2pm",3.974959,71.64772,24.37732
"065","2pm",13.08504827,52.78722,34.12773
"066","2pm",0,75.09482,24.90518
"067","2pm",0,72.96072,27.03928
"068","2pm",2.26211651,60.33799,37.3999
"069","2pm",0,72.07076,27.92924
"070","2pm",0,65.92896,34.07104
"071","2pm",0,63.99429,36.00571
"072","2pm",2.92674974,76.9747,20.09856
"073","2pm",2.46322396,67.61572,29.92105
"074","2pm",7.5333687,72.80665,19.65998
"075","2pm",0,76.55741,23.44259
"081","2pm",0,76.26807,23.73193
"082","2pm",3.36857137,71.41451,25.21692
"083","2pm",0,86.40282,13.59718
"001","3pm",20.70549484,33.4575,45.83701
"002","3pm",23.9582297,17.93571,58.10606
"003","3pm",14.27550274,33.25689,52.4676
"004","3pm",11.09744109,62.75595,26.14661
"005","3pm",26.75205354,31.11368,42.13426
"006","3pm",11.96327938,65.69093,22.34579
"007","3pm",28.03746686,34.25442,37.70812
"008","3pm",23.67864828,41.37427,34.94708
"009","3pm",8.92896631,57.12631,33.94473
"010","3pm",36.71964488,32.93109,30.34926
"011","3pm",29.80136878,30.19821,40.00042
"012","3pm",21.24526088,36.2141,42.54064
"021","3pm",6.98899499,78.6884,14.3226
"022","3pm",1.63706664,79.0989,19.26404
"023","3pm",6.04935957,73.56708,20.38356
"024","3pm",12.32836315,63.57019,24.10145
"025","3pm",8.95597523,65.68563,25.3584
"026","3pm",5.02646656,70.13155,24.84198
"027","3pm",2.82176534,69.79218,27.38605
"028","3pm",9.00235952,63.31606,27.68158
"029","3pm",4.53713055,62.55603,32.90684
"030","3pm",4.5674072,81.87475,13.55784
"031","3pm",14.04328917,62.51683,23.43988
"032","3pm",6.25359026,67.34602,26.40039
"033","3pm",7.21484111,74.33341,18.45175
"034","3pm",14.07563768,63.94591,21.97845
"035","3pm",0,62.92923,37.07077
"036","3pm",1.92606392,63.29204,34.78189
"037","3pm",3.43933491,75.80602,20.75465
"038","3pm",0,70.84171,29.15829
"041","3pm",3.4196123,65.57434,31.00605
"042","3pm",0,83.45253,16.54747
"043","3pm",0.72330126,78.27007,21.00663
"044","3pm",2.73513205,57.96823,39.29664
"045","3pm",2.28763679,75.34877,22.36359
"046","3pm",0,72.13652,27.86348
"047","3pm",8.07086688,66.91667,25.01246
"048","3pm",0,71.86818,28.13182
"049","3pm",1.95602668,81.87898,16.165
"050","3pm",0.86216543,74.18567,24.95216
"051","3pm",0,77.68311,22.31689
"052","3pm",0.85225595,77.87494,21.2728
"053","3pm",3.84578227,67.11028,29.04394
"054","3pm",8.19818299,64.23364,27.56818
"055","3pm",0.03536627,71.24543,28.71921
"056","3pm",0,78.38225,21.61775
"057","3pm",1.06432215,80.48594,18.44974
"058","3pm",0.88002623,64.76711,34.35287
"059","3pm",6.53439393,61.94085,31.52476
"060","3pm",1.80654097,77.69633,20.49713
"061","3pm",2.66833606,70.68355,26.64812
"062","3pm",1.26075056,78.57311,20.16613
"063","3pm",0.66635064,65.58509,33.74856
"064","3pm",3.5410086,71.66967,24.78933
"065","3pm",13.91933197,47.80539,38.27527
"066","3pm",0,73.60573,26.39427
"067","3pm",0,77.40132,22.59868
"068","3pm",2.41768791,61.28873,36.29358
"069","3pm",0,74.55615,25.44385
"070","3pm",0,64.78349,35.21651
"071","3pm",0,65.43902,34.56098
"072","3pm",3.00380752,76.1361,20.86009
"073","3pm",2.42451244,66.2221,31.35339
"074","3pm",7.41943996,75.78659,16.79397
"075","3pm",0,75.0688,24.9312
"081","3pm",0,79.62718,20.37282
"082","3pm",3.48389634,69.41857,27.09754
"083","3pm",0,84.26185,15.73815
"001","4pm",18.79803076,29.61887,51.58309
"002","4pm",26.34397667,15.8069,57.84912
"003","4pm",16.55207497,30.39151,53.05641
"004","4pm",12.97264793,59.35301,27.67434
"005","4pm",29.85913817,27.96974,42.17112
"006","4pm",11.66006244,64.49109,23.84885
"007","4pm",25.88694978,33.82625,40.2868
"008","4pm",19.16232718,43.46838,37.3693
"009","4pm",13.26587546,55.60541,31.12871
"010","4pm",36.33035392,33.49102,30.17862
"011","4pm",23.21913877,29.33472,47.44614
"012","4pm",25.66590281,38.28727,36.04683
"021","4pm",7.41595612,78.71745,13.86659
"022","4pm",2.27741593,82.22461,15.49797
"023","4pm",5.98203812,73.479,20.53896
"024","4pm",13.34505099,61.92404,24.7309
"025","4pm",9.17054833,65.28678,25.54267
"026","4pm",6.82725495,70.46432,22.70842
"027","4pm",2.84546263,70.32752,26.82702
"028","4pm",9.70669992,64.93092,25.36238
"029","4pm",5.96408099,59.83939,34.19653
"030","4pm",5.38701424,79.52016,15.09283
"031","4pm",13.773591,63.17787,23.04853
"032","4pm",6.88756978,65.21585,27.89658
"033","4pm",12.67508125,71.01583,16.30909
"034","4pm",13.94227,63.61913,22.4386
"035","4pm",0.68080989,66.47469,32.8445
"036","4pm",3.6279348,66.02595,30.34612
"037","4pm",7.13919369,77.1262,15.73461
"038","4pm",1.25158163,75.08117,23.66725
"041","4pm",3.97480185,66.29477,29.73043
"042","4pm",1.74688767,82.4311,15.82201
"043","4pm",3.44737768,76.18648,20.36615
"044","4pm",2.60936119,63.03286,34.35778
"045","4pm",5.6026101,71.76036,22.63703
"046","4pm",0,72.62909,27.37091
"047","4pm",4.83093795,66.50437,28.66469
"048","4pm",0,73.78254,26.21746
"049","4pm",0.87184417,81.95018,17.17798
"050","4pm",0.83987723,72.82701,26.33311
"051","4pm",0,78.92796,21.07204
"052","4pm",0.86449048,75.79988,23.33563
"053","4pm",5.25629747,66.04151,28.70219
"054","4pm",5.12429414,69.64545,25.23026
"055","4pm",0.03438349,70.28562,29.68
"056","4pm",0,81.16711,18.83289
"057","4pm",3.15395606,77.08847,19.75757
"058","4pm",0.76078675,68.44745,30.79177
"059","4pm",7.05295536,60.59971,32.34734
"060","4pm",1.07905201,72.26793,26.65302
"061","4pm",5.464034,67.65675,26.87922
"062","4pm",1.28577201,80.38284,18.33139
"063","4pm",4.88190432,62.46953,32.64857
"064","4pm",2.19709209,71.56489,26.23802
"065","4pm",8.38686572,51.28898,40.32416
"066","4pm",0,74.98233,25.01767
"067","4pm",0,72.92036,27.07964
"068","4pm",2.39847733,60.31265,37.28888
"069","4pm",0.3948939,76.69376,22.91135
"070","4pm",0,64.87945,35.12055
"071","4pm",0,66.2519,33.7481
"072","4pm",2.05743373,74.04995,23.89261
"073","4pm",2.31135972,64.76025,32.92839
"074","4pm",7.10656229,71.39202,21.50141
"075","4pm",1.38780256,71.43658,27.17562
"081","4pm",5.84129489,75.35805,18.80066
"082","4pm",2.69044574,64.99942,32.31014
"083","4pm",0,83.01486,16.98514
"001","5pm",19.7624158,30.00348,50.23411
"002","5pm",25.7696013,16.97422,57.25618
"003","5pm",16.0495189,26.66396,57.28652
"004","5pm",13.2142495,55.93941,30.84634
"005","5pm",26.8547068,24.716,48.4293
"006","5pm",15.5422246,58.63388,25.82389
"007","5pm",34.0917936,28.37211,37.5361
"008","5pm",16.5463703,46.22683,37.2268
"009","5pm",18.7890265,48.33642,32.87456
"010","5pm",32.4256277,29.58619,37.98818
"011","5pm",32.5366395,33.41481,34.04856
"012","5pm",22.5335586,42.46867,34.99777
"021","5pm",7.6272405,78.01364,14.35912
"022","5pm",4.8650668,78.01627,17.11866
"023","5pm",2.4714724,71.19578,26.33275
"024","5pm",7.4838432,66.75047,25.76568
"025","5pm",9.2616368,59.93264,30.80573
"026","5pm",6.8882574,71.299,21.81274
"027","5pm",2.3510506,74.78145,22.86749
"028","5pm",11.7557498,56.63748,31.60677
"029","5pm",2.7050646,66.52094,30.774
"030","5pm",7.4247894,76.74025,15.83496
"031","5pm",14.7830109,61.81781,23.39918
"032","5pm",5.7436167,61.71765,32.53874
"033","5pm",11.1345286,75.21095,13.65452
"034","5pm",9.3232804,59.46481,31.21191
"035","5pm",3.0198301,63.83428,33.14589
"036","5pm",3.043171,73.25213,23.70469
"037","5pm",10.8525659,70.02014,19.12729
"038","5pm",5.5599697,78.03003,16.41
"041","5pm",4.9676542,61.82909,33.20325
"042","5pm",3.2794039,86.38702,10.33357
"043","5pm",0.5711421,80.35175,19.0771
"044","5pm",5.8345034,61.97711,32.18839
"045","5pm",6.6942043,72.17807,21.12773
"046","5pm",2.3344305,75.46494,22.20063
"047","5pm",4.2083534,67.59899,28.19266
"048","5pm",4.3717853,65.54958,30.07864
"049","5pm",2.0792628,79.79149,18.12925
"050","5pm",5.5516965,70.1267,24.3216
"051","5pm",7.1861772,73.41924,19.39458
"052","5pm",0,78.48021,21.51979
"053","5pm",4.2632009,72.33253,23.40427
"054","5pm",0.304144,72.55149,27.14436
"055","5pm",5.3556964,66.28119,28.36311
"056","5pm",1.7907843,81.34405,16.86516
"057","5pm",5.2941964,76.47862,18.22718
"058","5pm",4.9555916,68.77707,26.26734
"059","5pm",7.6657996,63.48905,28.84515
"060","5pm",1.9093579,71.29613,26.79452
"061","5pm",4.126302,68.52939,27.34431
"062","5pm",4.5666914,81.09246,14.34084
"063","5pm",8.181999,60.89697,30.92103
"064","5pm",2.1927664,72.88446,24.92278
"065","5pm",4.7548285,52.62495,42.62022
"066","5pm",3.3773143,79.06291,17.55977
"067","5pm",6.1858732,66.51438,27.29975
"068","5pm",1.8519699,64.92465,33.22338
"069","5pm",1.4244296,77.3029,21.27267
"070","5pm",0.7726452,65.50448,33.72287
"071","5pm",2.0250843,68.81794,29.15697
"072","5pm",2.377624,81.19123,16.43114
"073","5pm",1.5381061,66.75105,31.71085
"074","5pm",4.0890879,79.67365,16.23726
"075","5pm",6.6774453,67.14349,26.17906
"081","5pm",9.6878411,68.72019,21.59197
"082","5pm",1.0078838,69.79921,29.19291
"083","5pm",0,81.70605,18.29395
"001","6pm",14.1712306,33.71933,52.10944
"002","6pm",26.6185958,22.72784,50.65357
"003","6pm",14.4825815,31.37153,54.14589
"004","6pm",16.823089,52.56106,30.61585
"005","6pm",21.9269571,28.56206,49.51098
"006","6pm",13.9655,52.42874,33.60575
"007","6pm",30.7433672,32.06745,37.18918
"008","6pm",17.9829799,44.41398,37.60304
"009","6pm",22.755019,44.26855,32.97643
"010","6pm",29.8999445,29.5604,40.53965
"011","6pm",26.9648983,36.37227,36.66283
"012","6pm",15.8410666,44.33343,39.8255
"021","6pm",3.6893241,77.37183,18.93885
"022","6pm",6.3426422,74.72511,18.93224
"023","6pm",13.8210352,63.64556,22.53341
"024","6pm",10.7687009,67.71908,21.51222
"025","6pm",9.8110762,59.26353,30.9254
"026","6pm",9.7432661,68.10453,22.1522
"027","6pm",1.1661713,75.32206,23.51177
"028","6pm",10.9979426,66.8827,22.11936
"029","6pm",6.5158378,64.64207,28.8421
"030","6pm",7.6665024,74.62304,17.71046
"031","6pm",17.6955899,59.2966,23.00781
"032","6pm",6.1590825,60.58255,33.25836
"033","6pm",13.0117095,73.94373,13.04456
"034","6pm",9.1735368,54.53672,36.28975
"035","6pm",4.5412001,67.72851,27.73029
"036","6pm",8.1771552,70.3729,21.44995
"037","6pm",18.1704177,62.54524,19.28434
"038","6pm",11.2569336,78.50157,10.2415
"041","6pm",5.665575,65.71247,28.62196
"042","6pm",5.691763,81.54433,12.76391
"043","6pm",4.4748734,78.34169,17.18344
"044","6pm",8.9374986,65.4151,25.6474
"045","6pm",8.4506788,69.3458,22.20353
"046","6pm",4.1523525,74.90633,20.94131
"047","6pm",5.0202928,59.3028,35.67691
"048","6pm",5.7078064,68.17155,26.12064
"049","6pm",3.0077716,78.11196,18.88027
"050","6pm",2.759703,72.19441,25.04589
"051","6pm",9.5746193,78.2979,12.12748
"052","6pm",4.4727504,71.87752,23.64973
"053","6pm",3.9995654,71.34123,24.6592
"054","6pm",0.836604,70.48334,28.68005
"055","6pm",4.9015265,68.05674,27.04174
"056","6pm",3.72217,81.51729,14.76054
"057","6pm",5.9678249,72.92514,21.10704
"058","6pm",3.8844476,71.29384,24.82171
"059","6pm",8.1050857,65.33976,26.55515
"060","6pm",4.7626992,72.40296,22.83434
"061","6pm",6.7371444,69.9539,23.30895
"062","6pm",3.8041139,77.21529,18.98059
