"district","hour","resarea1","resarea2","resarea3"
"001","4am",0.8201007,0.7616421,98.4182572
"002","4am",3.0343291,0.8886306,96.0770403
"003","4am",0,0.2704716,99.7295284
"004","4am",1.6716477,0.5818908,97.7464615
"005","4am",0.1941547,0.7932055,99.0126397
"006","4am",0,0,100
"007","4am",0,0.9479708,99.0520292
"008","4am",0.8123667,0.702139,98.4854943
"009","4am",0.4949689,0,99.5050311
"010","4am",1.8045963,0,98.1954037
"011","4am",0.6709933,0,99.3290067
"012","4am",0,1.5928515,98.4071485
"021","4am",2.3910432,97.6089568,0
"022","4am",97.8513939,0,2.1486061
"023","4am",100,0,0
"024","4am",3.2786924,95.5455016,1.1758059
"025","4am",0.6688397,96.5831915,2.7479689
"026","4am",100,0,0
"027","4am",100,0,0
"028","4am",100,0,0
"029","4am",97.7197426,0,2.2802574
"030","4am",7.4666221,89.4909945,3.0423834
"031","4am",0,100,0
"032","4am",3.0026361,96.9973639,0
"033","4am",100,0,0
"034","4am",97.8234685,0,2.1765315
"035","4am",98.9656966,1.0343034,0
"036","4am",99.7305449,0,0.2694551
"037","4am",1.4872951,98.5127049,0
"038","4am",100,0,0
"041","4am",2.7404688,97.2595312,0
"042","4am",97.9789837,1.0267962,0.9942201
"043","4am",100,0,0
"044","4am",100,0,0
"045","4am",100,0,0
"046","4am",100,0,0
"047","4am",4.5174317,94.1229985,1.3595698
"048","4am",100,0,0
"049","4am",99.509462,0,0.490538
"050","4am",96.6351225,1.5956625,1.769215
"051","4am",100,0,0
"052","4am",100,0,0
"053","4am",100,0,0
"054","4am",11.5242427,88.4757573,0
"055","4am",99.4376855,0.5623145,0
"056","4am",99.0364921,0,0.9635079
"057","4am",100,0,0
"058","4am",99.7218976,0.2781024,0
"059","4am",100,0,0
"060","4am",100,0,0
"061","4am",100,0,0
"062","4am",99.4707427,0,0.5292573
"063","4am",0,100,0
"064","4am",1.741076,98.258924,0
"065","4am",2.9840696,97.0159304,0
"066","4am",98.8310661,1.1689339,0
"067","4am",100,0,0
"068","4am",100,0,0
"069","4am",100,0,0
"070","4am",100,0,0
"071","4am",100,0,0
"072","4am",100,0,0
"073","4am",3.4634064,96.5365936,0
"074","4am",98.7972754,1.2027246,0
"075","4am",95.4994671,4.5005329,0
"081","4am",100,0,0
"082","4am",99.3837139,0.6162861,0
"083","4am",100,0,0
"001","5am",0.8246047,0.765825,98.4095702
"002","5am",3.0346052,0.8887115,96.0766834
"003","5am",0,0.2704716,99.7295284
"004","5am",1.6599735,1.2761914,97.0638351
"005","5am",0.6583812,0.7908788,98.55074
"006","5am",0,0,100
"007","5am",0,0.9787293,99.0212707
"008","5am",1.0091982,0.6322822,98.3585195
"009","5am",0.4983607,0,99.5016393
"010","5am",1.8614079,0,98.1385921
"011","5am",0.6823839,0.1876763,99.1299397
"012","5am",0,1.5928515,98.4071485
"021","5am",6.2163643,92.2570716,1.526564
"022","5am",97.8184405,0,2.1815595
"023","5am",100,0,0
"024","5am",5.1832939,92.8774924,1.9392136
"025","5am",0.6682052,96.5864325,2.7453623
"026","5am",99.504755,0,0.495245
"027","5am",100,0,0
"028","5am",100,0,0
"029","5am",97.7346065,0,2.2653935
"030","5am",12.8444502,82.2239961,4.9315537
"031","5am",0.1757514,99.8242486,0
"032","5am",3.2930771,94.472557,2.2343659
"033","5am",100,0,0
"034","5am",97.8323041,0,2.1676959
"035","5am",98.9656966,1.0343034,0
"036","5am",99.730496,0,0.269504
"037","5am",1.4972937,98.5027063,0
"038","5am",100,0,0
"041","5am",7.542992,92.457008,0
"042","5am",97.9789837,1.0267962,0.9942201
"043","5am",100,0,0
"044","5am",100,0,0
"045","5am",100,0,0
"046","5am",100,0,0
"047","5am",5.9706852,92.678251,1.3510638
"048","5am",100,0,0
"049","5am",99.2688064,0,0.7311936
"050","5am",96.6672888,1.5804089,1.7523023
"051","5am",100,0,0
"052","5am",100,0,0
"053","5am",99.5144208,0.4855792,0
"054","5am",11.1675394,88.8324606,0
"055","5am",99.4322733,0.5677267,0
"056","5am",99.0269508,0,0.9730492
"057","5am",100,0,0
"058","5am",99.7186781,0.2813219,0
"059","5am",100,0,0
"060","5am",100,0,0
"061","5am",100,0,0
"062","5am",99.4731398,0,0.5268602
"063","5am",1.2400822,98.7599178,0
"064","5am",1.7149662,98.2850338,0
"065","5am",4.0881245,95.9118755,0
"066","5am",98.8265088,1.1734912,0
"067","5am",100,0,0
"068","5am",100,0,0
"069","5am",100,0,0
"070","5am",100,0,0
"071","5am",100,0,0
"072","5am",100,0,0
"073","5am",4.6207068,95.3792932,0
"074","5am",98.8062649,1.1937351,0
"075","5am",95.3857685,4.6142315,0
"081","5am",100,0,0
"082","5am",99.3875552,0.6124448,0
"083","5am",100,0,0
"001","6am",1.0180914,0.8033998,98.1785088
"002","6am",6.8846196,2.6872531,90.4281273
"003","6am",0.2510643,0.2753081,99.4736276
"004","6am",4.7848024,2.1093128,93.1058848
"005","6am",2.9237424,1.1826753,95.8935823
"006","6am",0.9271964,0,99.0728036
"007","6am",0,1.0197644,98.9802356
"008","6am",2.3552072,1.867563,95.7772298
"009","6am",1.0781225,0,98.9218775
"010","6am",1.9038728,0,98.0961272
"011","6am",0.932616,0.7188155,98.3485684
"012","6am",0.5515907,1.5964398,97.8519695
"021","6am",6.6935984,90.7759504,2.5304513
"022","6am",95.7816905,1.0165298,3.2017797
"023","6am",99.5904631,0.4095369,0
"024","6am",8.935193,88.4819462,2.5828608
"025","6am",3.1206889,91.1865012,5.6928099
"026","6am",97.8281493,1.6802518,0.4915989
"027","6am",100,0,0
"028","6am",100,0,0
"029","6am",96.9464627,0,3.0535373
"030","6am",16.3691054,75.3010224,8.3298722
"031","6am",2.0733009,96.9776324,0.9490666
"032","6am",5.90633,90.7923093,3.3013607
"033","6am",100,0,0
"034","6am",95.7942134,2.0137453,2.1920413
"035","6am",98.9394064,1.0605936,0
"036","6am",99.4110454,0,0.5889546
"037","6am",1.6078341,98.3921659,0
"038","6am",100,0,0
"041","6am",9.276797,90.723203,0
"042","6am",97.9717524,1.0304701,0.9977774
"043","6am",100,0,0
"044","6am",100,0,0
"045","6am",100,0,0
"046","6am",100,0,0
"047","6am",8.1010058,89.3145914,2.5844028
"048","6am",100,0,0
"049","6am",99.097583,0.1532864,0.7491305
"050","6am",98.1998447,0,1.8001553
"051","6am",100,0,0
"052","6am",100,0,0
"053","6am",99.4979812,0.5020188,0
"054","6am",16.1631597,83.8368403,0
"055","6am",99.3935302,0.6064698,0
"056","6am",98.938833,0,1.061167
"057","6am",100,0,0
"058","6am",99.7054594,0.2945406,0
"059","6am",100,0,0
"060","6am",100,0,0
"061","6am",100,0,0
"062","6am",99.4581777,0,0.5418223
"063","6am",1.3365003,98.6634997,0
"064","6am",2.0168472,97.9831528,0
"065","6am",6.0193899,93.9806101,0
"066","6am",98.8102662,1.1897338,0
"067","6am",100,0,0
"068","6am",100,0,0
"069","6am",100,0,0
"070","6am",98.751001,1.248999,0
"071","6am",100,0,0
"072","6am",100,0,0
"073","6am",5.3646151,94.6353849,0
"074","6am",98.7584145,1.2415855,0
"075","6am",96.8450115,3.1549885,0
"081","6am",100,0,0
"082","6am",99.3751357,0.6248643,0
"083","6am",100,0,0
"001","7am",7.592482,2.4125577,89.9949601
"002","7am",15.024242,4.6593167,80.3164414
"003","7am",6.15251,1.2591339,92.5883564
"004","7am",18.847961,3.9118415,77.2401973
"005","7am",16.226976,3.789751,79.983273
"006","7am",17.681169,5.7627041,76.5561265
"007","7am",0,1.1757149,98.8242851
"008","7am",16.026387,9.7123146,74.2612982
"009","7am",12.019887,2.9875111,84.9926023
"010","7am",4.14731,2.0134759,93.8392145
"011","7am",7.416331,6.4819846,86.1016844
"012","7am",8.562141,6.0785199,85.3593393
"021","7am",23.283565,69.5071015,7.2093334
"022","7am",94.149748,1.1056128,4.7446396
"023","7am",93.413407,4.4181228,2.1684697
"024","7am",23.325122,71.5809574,5.0939211
"025","7am",7.403396,85.401466,7.1951384
"026","7am",96.005375,2.225686,1.7689393
"027","7am",100,0,0
"028","7am",94.295166,2.1749675,3.5298668
"029","7am",98.48182,0,1.51818
"030","7am",21.939275,67.8800282,10.180697
"031","7am",10.171627,84.8752716,4.9531014
"032","7am",17.682284,75.6145864,6.7031294
"033","7am",100,0,0
"034","7am",87.633036,3.1910001,9.1759634
"035","7am",94.426565,1.2843596,4.2890756
"036","7am",97.311421,0.1600238,2.528555
"037","7am",18.538039,79.975908,1.4860526
"038","7am",97.758816,2.2411835,0
"041","7am",16.662347,83.3376529,0
"042","7am",98.90382,0,1.0961803
"043","7am",99.113047,0,0.8869534
"044","7am",100,0,0
"045","7am",98.546537,1.4534626,0
"046","7am",97.946139,2.0538607,0
"047","7am",18.094864,78.935589,2.9695468
"048","7am",100,0,0
"049","7am",97.690905,0.1771768,2.1319186
"050","7am",94.463591,0.8659193,4.67049
"051","7am",100,0,0
"052","7am",99.616407,0.3835929,0
"053","7am",99.172698,0.827302,0
"054","7am",39.975714,60.0242864,0
"055","7am",97.67835,2.32165,0
"056","7am",98.292945,0.3995831,1.3074721
"057","7am",100,0,0
"058","7am",99.611958,0.3880416,0
"059","7am",99.092769,0.5917314,0.3155001
"060","7am",98.548308,0.1724963,1.2791954
"061","7am",99.346742,0.6532575,0
"062","7am",99.325388,0,0.6746118
"063","7am",6.046559,93.9534408,0
"064","7am",7.355046,92.6449542,0
"065","7am",14.917783,84.6676703,0.4145467
"066","7am",94.638453,5.3615471,0
"067","7am",98.778819,1.2211809,0
"068","7am",98.541688,0.509993,0.9483193
"069","7am",100,0,0
"070","7am",98.530149,1.4698508,0
"071","7am",100,0,0
"072","7am",98.389667,1.6103331,0
"073","7am",18.756366,79.7358299,1.5078045
"074","7am",98.017255,1.9827453,0
"075","7am",92.471255,4.5017695,3.0269757
"081","7am",100,0,0
"082","7am",99.369223,0.6307767,0
"083","7am",100,0,0
"001","8am",15.043554,7.3295571,77.6268892
"002","8am",23.199664,9.4435341,67.356802
"003","8am",12.058444,3.1595299,84.7820262
"004","8am",37.085479,4.5142645,58.4002564
"005","8am",22.951937,5.6396788,71.4083837
"006","8am",39.073293,8.6898851,52.2368223
"007","8am",6.884523,1.8427533,91.2727242
"008","8am",28.036512,10.6226586,61.3408292
"009","8am",23.805427,7.9306871,68.2638855
"010","8am",11.735948,9.4960342,78.7680176
"011","8am",18.183748,7.4625766,74.353675
"012","8am",17.501721,6.5278995,75.9703794
"021","8am",39.979246,45.6649282,14.3558254
"022","8am",87.828719,2.0699114,10.10137
"023","8am",85.9566,7.8541999,6.1891997
"024","8am",43.161597,43.9296027,12.9088
"025","8am",23.22053,65.9281106,10.8513595
"026","8am",86.939299,4.8887032,8.1719977
"027","8am",97.545031,0,2.4549691
"028","8am",89.902197,2.0516164,8.0461868
"029","8am",98.172797,0,1.8272031
"030","8am",27.235925,61.862875,10.9012003
"031","8am",29.339369,60.6939281,9.966703
"032","8am",26.55503,65.0848252,8.3601451
"033","8am",99.025117,0.9748826,0
"034","8am",85.865633,3.946542,10.1878252
"035","8am",91.228383,3.291079,5.4805377
"036","8am",95.385366,1.4991823,3.115452
"037","8am",33.918966,62.030436,4.0505982
"038","8am",95.399561,4.6004391,0
"041","8am",32.339274,67.6607255,0
"042","8am",95.582218,3.120703,1.2970793
"043","8am",95.906598,1.6974064,2.3959959
"044","8am",100,0,0
"045","8am",94.397835,1.656971,3.9451941
"046","8am",97.274164,2.4156926,0.3101438
"047","8am",38.562048,58.0729303,3.365022
"048","8am",99.256667,0.7433332,0
"049","8am",93.738867,1.2426448,5.018488
"050","8am",91.49759,1.5843837,6.9180262
"051","8am",94.533025,0,5.4669752
"052","8am",96.626534,1.8087574,1.5647088
"053","8am",99.461971,0.5380293,0
"054","8am",50.227491,47.7775092,1.9949998
"055","8am",96.356553,3.6434471,0
"056","8am",97.531871,0,2.468129
"057","8am",98.355294,1.6447065,0
"058","8am",97.553655,0.405026,2.0413195
"059","8am",96.70303,1.6926175,1.6043525
"060","8am",95.835089,1.4912412,2.6736693
"061","8am",98.36701,0.6536129,0.979377
"062","8am",97.252847,0.6560836,2.0910699
"063","8am",8.01997,90.5929166,1.387113
"064","8am",12.493812,87.0203617,0.4858263
"065","8am",21.753898,76.9682998,1.2778025
"066","8am",91.649976,8.3500236,0
"067","8am",96.857599,3.1424008,0
"068","8am",97.984577,0.5068508,1.5085726
"069","8am",100,0,0
"070","8am",97.413598,2.5864022,0
"071","8am",100,0,0
"072","8am",98.254559,1.745441,0
"073","8am",26.01843,72.5789597,1.4026107
"074","8am",92.028911,7.9710886,0
"075","8am",91.468713,5.1012335,3.4300535
"081","8am",96.71379,1.592655,1.6935548
"082","8am",98.033188,1.966812,0
"083","8am",99.579033,0.4209669,0
"001","9am",16.595327,8.6177579,74.7869151
"002","9am",27.192887,9.6580847,63.149028
"003","9am",15.844499,4.0297663,80.1257351
"004","9am",43.997442,7.2301625,48.772396
"005","9am",23.832297,6.1932797,69.9744237
"006","9am",38.318396,9.6462913,52.0353132
"007","9am",8.357262,4.0017,87.6410378
"008","9am",29.886101,13.01604,57.0978591
"009","9am",25.100678,10.9099072,63.9894147
"010","9am",20.546505,9.6189551,69.8345401
"011","9am",21.315014,10.2042912,68.4806948
"012","9am",19.729184,6.8227232,73.4480929
"021","9am",44.195418,36.8665664,18.9380159
"022","9am",85.333173,1.619134,13.0476935
"023","9am",86.509092,7.2807021,6.2102061
"024","9am",45.001734,38.1465503,16.8517153
"025","9am",31.917953,55.35541,12.7266368
"026","9am",84.431002,5.7291432,9.8398552
"027","9am",97.396193,0,2.603807
"028","9am",85.759302,2.6709342,11.5697639
"029","9am",97.952625,0,2.0473755
"030","9am",32.05017,57.1124004,10.8374298
"031","9am",30.311268,57.5159341,12.172798
"032","9am",25.776461,61.1642326,13.0593066
"033","9am",98.931026,1.0689744,0
"034","9am",84.161636,4.04619,11.7921741
"035","9am",89.567474,5.3389515,5.0935745
"036","9am",95.804124,0.9426271,3.2532492
"037","9am",41.972273,54.0400323,3.9876949
"038","9am",89.879431,5.6725345,4.4480341
"041","9am",37.890127,62.1098733,0
"042","9am",94.884933,3.7978825,1.3171846
"043","9am",95.566371,1.8384879,2.5951413
"044","9am",100,0,0
"045","9am",93.953607,1.7883618,4.2580314
"046","9am",97.192656,2.4879261,0.3194176
"047","9am",41.463707,55.1710068,3.3652858
"048","9am",98.778085,1.221915,0
"049","9am",93.577503,1.2183156,5.2041811
"050","9am",90.910966,3.1675404,5.9214938
"051","9am",94.395133,0,5.6048668
"052","9am",95.881812,1.7701616,2.3480262
"053","9am",99.431718,0.5682821,0
"054","9am",54.192752,43.8391184,1.9681299
"055","9am",95.741413,4.2585867,0
"056","9am",97.901107,1.0829379,1.0159553
"057","9am",98.416482,1.5835183,0
"058","9am",96.743448,1.1727795,2.0837726
"059","9am",96.028753,2.0387818,1.9324655
"060","9am",94.967215,2.1774596,2.8553259
"061","9am",98.270411,0.6922772,1.0373118
"062","9am",96.51154,0.6523109,2.8361495
"063","9am",8.988605,89.6369191,1.3744762
"064","9am",16.636165,82.8746838,0.4891509
"065","9am",26.923407,71.8574761,1.2191173
"066","9am",91.909941,8.090059,0
"067","9am",92.956182,7.0438177,0
"068","9am",96.877094,0.5120126,2.6108937
"069","9am",100,0,0
"070","9am",97.294651,2.7053494,0
"071","9am",100,0,0
"072","9am",95.942023,4.0579768,0
"073","9am",29.01492,69.1854268,1.7996534
"074","9am",89.581959,10.4180407,0
"075","9am",88.69463,7.9265942,3.3787762
"081","9am",92.430738,5.8347649,1.734497
"082","9am",98.385753,1.6142474,0
"083","9am",97.51245,2.4875501,0
"001","10am",17.794421,8.176149,74.02943
"002","10am",28.986697,9.9389439,61.074359
"003","10am",16.966487,3.687223,79.3462899
"004","10am",42.268775,6.5821137,51.1491114
"005","10am",25.353841,6.5111319,68.1350267
"006","10am",39.38606,12.857745,47.7561948
"007","10am",9.231497,1.397845,89.3706577
"008","10am",30.628037,13.2191575,56.1528057
"009","10am",29.354913,10.1345461,60.5105404
"010","10am",16.793422,9.4613514,73.745227
"011","10am",22.111617,12.631263,65.2571199
"012","10am",17.655804,7.553965,74.7902307
"021","10am",45.981489,36.9266237,17.0918873
"022","10am",82.811381,3.3053982,13.883221
"023","10am",84.128306,8.5635416,7.3081523
"024","10am",46.199578,40.1149592,13.6854631
"025","10am",33.806661,51.9620345,14.2313048
"026","10am",81.894424,7.3895109,10.7160654
"027","10am",97.359274,0,2.6407256
"028","10am",86.03208,2.8307089,11.1372109
"029","10am",97.191096,0.4744462,2.3344583
"030","10am",30.398659,57.8103707,11.7909704
"031","10am",33.706138,54.3744159,11.9194459
"032","10am",29.654443,57.111949,13.2336077
"033","10am",98.723329,1.2766707,0
"034","10am",83.392367,5.044453,11.5631799
"035","10am",90.792721,4.1523025,5.0549763
"036","10am",97.189906,0.6002862,2.2098078
"037","10am",41.437499,54.0559427,4.5065585
"038","10am",92.265199,7.7348007,0
"041","10am",38.328655,59.8815554,1.7897893
"042","10am",93.661997,3.6993433,2.6386595
"043","10am",95.439142,1.8912458,2.6696124
"044","10am",100,0,0
"045","10am",90.604188,2.246433,7.1493785
"046","10am",97.244761,2.4417494,0.3134891
"047","10am",43.703035,52.7784148,3.5185505
"048","10am",99.253958,0.7460415,0
"049","10am",92.544709,3.3552874,4.1000034
"050","10am",92.503982,1.8370577,5.6589605
"051","10am",89.827001,0,10.1729986
"052","10am",95.694223,1.8507948,2.4549819
"053","10am",99.42867,0.5713299,0
"054","10am",52.340293,45.630857,2.0288501
"055","10am",96.01396,3.9860397,0
"056","10am",97.859823,1.1042385,1.0359385
"057","10am",98.503125,1.4968746,0
"058","10am",96.721598,1.1806485,2.097754
"059","10am",96.0986,2.0029232,1.8984768
"060","10am",94.711514,2.2880898,3.0003964
"061","10am",98.23879,0.7049338,1.0562765
"062","10am",96.125297,1.0484859,2.8262175
"063","10am",10.153575,88.4563439,1.3900816
"064","10am",14.347669,84.3848996,1.267431
"065","10am",26.461628,72.2905647,1.2478077
"066","10am",89.326762,10.6732384,0
"067","10am",91.360223,8.639777,0
"068","10am",97.031375,0.4867177,2.4819077
"069","10am",100,0,0
"070","10am",97.266189,2.7338113,0
"071","10am",100,0,0
"072","10am",94.780432,5.2195676,0
"073","10am",29.431417,68.8900912,1.6784919
"074","10am",88.152008,11.847992,0
"075","10am",89.214262,7.5622619,3.2234765
"081","10am",92.105386,6.1853836,1.7092304
"082","10am",97.513758,2.4862423,0
"083","10am",97.393054,2.6069457,0
"001","11am",17.629871,7.2479308,75.1221981
"002","11am",26.08395,10.8845461,63.0315034
"003","11am",15.651456,5.3154698,79.033074
"004","11am",41.8893,6.8894204,51.2212799
"005","11am",24.915333,6.9549364,68.129731
"006","11am",42.593351,10.0426481,47.3640013
"007","11am",9.167547,1.312416,89.5200373
"008","11am",29.871454,12.8003531,57.3281924
"009","11am",25.973432,8.997094,65.0294744
"010","11am",18.650329,9.3335742,72.0160971
"011","11am",20.655342,13.15926,66.1853975
"012","11am",15.002142,7.8340253,77.1638325
"021","11am",43.482629,40.2734107,16.2439603
"022","11am",87.332815,1.7464276,10.9207578
"023","11am",84.808363,8.4963867,6.6952502
"024","11am",45.627688,39.960416,14.4118962
"025","11am",33.881578,54.1293006,11.9891218
"026","11am",85.143559,7.4087247,7.4477158
"027","11am",97.308321,0,2.6916795
"028","11am",87.602367,1.6253445,10.7722884
"029","11am",97.977139,0,2.0228613
"030","11am",27.785678,59.9429095,12.2714127
"031","11am",34.323904,54.3153143,11.360782
"032","11am",27.123177,60.0801163,12.7967065
"033","11am",95.598421,4.4015794,0
"034","11am",84.945478,2.8707453,12.1837769
"035","11am",88.92143,5.669609,5.4089609
"036","11am",97.047476,0.4751244,2.4774
"037","11am",42.640875,51.5555659,5.8035595
"038","11am",93.191913,6.8080874,0
"041","11am",37.072743,62.9272575,0
"042","11am",92.426772,6.2472557,1.3259722
"043","11am",95.761874,1.757419,2.4807074
"044","11am",100,0,0
"045","11am",84.864693,7.1182631,8.017044
"046","11am",97.317093,2.3776474,0.3052592
"047","11am",40.350465,56.1176273,3.5319073
"048","11am",99.246535,0.7534652,0
"049","11am",87.981893,5.3728091,6.6452976
"050","11am",92.430353,1.8551022,5.7145453
"051","11am",91.877939,2.6867786,5.4352828
"052","11am",95.875019,1.7730815,2.3518992
"053","11am",99.123861,0.8761385,0
"054","11am",54.647329,43.3834324,1.969239
"055","11am",95.914625,4.0853751,0
"056","11am",99.05232,0,0.9476799
"057","11am",98.053685,1.9463146,0
"058","11am",96.615582,1.2188279,2.1655905
"059","11am",96.068446,2.018404,1.9131502
"060","11am",94.932865,2.1923212,2.874814
"061","11am",96.599084,1.1216185,2.2792973
"062","11am",96.108081,1.0531443,2.8387743
"063","11am",9.114395,89.4860394,1.3995654
"064","11am",14.405629,83.9577167,1.6366545
"065","11am",26.561994,72.1674868,1.270519
"066","11am",93.521854,6.4781458,0
"067","11am",93.845504,6.1544956,0
"068","11am",96.903036,0.5077593,2.5892046
"069","11am",100,0,0
"070","11am",97.365309,2.6346908,0
"071","11am",100,0,0
"072","11am",96.926913,3.0730872,0
"073","11am",28.422814,69.874174,1.7030121
"074","11am",89.645886,10.3541143,0
"075","11am",88.948126,7.7488587,3.3030149
"081","11am",92.339377,6.0020528,1.6585699
"082","11am",97.198249,2.1101629,0.6915882
"083","11am",97.471663,2.5283366,0
"001","12am",13.162732,6.8527733,79.9844948
"002","12am",29.086641,9.8620718,61.0512872
"003","12am",16.166837,5.5399016,78.2932618
"004","12am",39.890167,7.523804,52.5860289
"005","12am",24.025334,6.0966867,69.877979
"006","12am",40.727544,8.8131649,50.4592909
"007","12am",6.587862,4.6641652,88.7479731
"008","12am",28.856929,12.9683608,58.1747103
"009","12am",26.914304,6.5437722,66.541924
"010","12am",14.260134,8.7739101,76.9659555
"011","12am",21.314679,10.2846597,68.4006613
"012","12am",13.761309,8.812705,77.4259862
"021","12am",47.133179,36.7428747,16.1239463
"022","12am",90.818431,0.8083025,8.3732669
"023","12am",86.50136,9.4260408,4.0725993
"024","12am",44.517589,43.2335401,12.2488708
"025","12am",32.309654,54.8473939,12.8429525
"026","12am",86.332256,6.7492557,6.9184887
"027","12am",97.363738,0,2.6362616
"028","12am",89.364103,0.6591759,9.9767208
"029","12am",98.109497,0,1.8905027
"030","12am",30.40265,56.3900651,13.2072852
"031","12am",28.636238,59.9281391,11.4356233
"032","12am",28.514609,59.0223727,12.4630183
"033","12am",99.022178,0.9778215,0
"034","12am",86.435095,2.5491155,11.0157892
"035","12am",89.959316,4.5281521,5.5125323
"036","12am",96.876815,0.7974435,2.325742
"037","12am",35.932315,58.8997356,5.1679496
"038","12am",91.294892,3.3049118,5.4001962
"041","12am",27.080483,72.919517,0
"042","12am",95.075158,2.6360728,2.2887697
"043","12am",95.641901,1.8071678,2.550931
"044","12am",100,0,0
"045","12am",86.472459,5.8233363,7.7042047
"046","12am",96.767,2.9505004,0.2824996
"047","12am",35.316412,61.3772771,3.3063105
"048","12am",99.261024,0.7389763,0
"049","12am",91.550111,3.2217332,5.2281553
"050","12am",93.269718,1.3128669,5.4174152
"051","12am",91.643438,2.7643513,5.5922105
"052","12am",96.048655,1.6984459,2.252899
"053","12am",98.139575,0.8692896,0.9911357
"054","12am",46.894014,50.8719641,2.2340218
"055","12am",97.86812,1.1188982,1.0129822
"056","12am",97.965102,1.0499189,0.9849787
"057","12am",97.94443,2.0555697,0
"058","12am",97.55403,0.4049639,2.0410064
"059","12am",96.712916,1.6875421,1.5995419
"060","12am",95.297588,2.0345219,2.6678901
"061","12am",96.55923,1.1347625,2.3060079
"062","12am",96.546703,0.6457357,2.8075616
"063","12am",6.833161,91.7884867,1.3783522
"064","12am",14.280618,84.1143485,1.6050337
"065","12am",21.571895,76.6593396,1.7687658
"066","12am",98.341343,1.6586568,0
"067","12am",93.628087,6.3719135,0
"068","12am",94.063852,3.531064,2.4050843
"069","12am",100,0,0
"070","12am",95.582365,4.4176347,0
"071","12am",100,0,0
"072","12am",94.464839,5.5351609,0
"073","12am",23.557001,74.6229836,1.8200156
"074","12am",92.966543,7.0334573,0
"075","12am",88.447333,8.0999826,3.4526844
"081","12am",92.777869,5.658497,1.5636338
"082","12am",97.233279,2.0837797,0.6829414
"083","12am",99.382243,0.3901236,0.2276332
"001","1pm",15.477975,8.7850299,75.7369952
"002","1pm",29.515615,9.7581061,60.7262792
"003","1pm",16.163592,5.1845487,78.6518595
"004","1pm",39.273931,8.3076355,52.4184334
"005","1pm",25.64356,7.0769099,67.2795297
"006","1pm",42.839635,9.9857635,47.1746013
"007","1pm",10.803788,4.196011,85.0002014
"008","1pm",27.808519,12.6029915,59.5884899
"009","1pm",27.889151,9.0539232,63.0569257
"010","1pm",15.129725,8.7843532,76.085922
"011","1pm",23.122878,11.0998255,65.7772967
"012","1pm",15.231628,7.3802178,77.3881544
"021","1pm",44.093348,38.6623208,17.2443316
"022","1pm",91.346815,1.5869856,7.0661999
"023","1pm",83.869086,8.2569277,7.8739859
"024","1pm",45.098116,39.7835003,15.1183834
"025","1pm",33.879372,51.9441351,14.1764926
"026","1pm",84.208861,7.9785923,7.8125469
"027","1pm",95.123338,0,4.8766621
"028","1pm",87.022733,1.5732703,11.4039969
"029","1pm",98.401679,0.8384887,0.7598319
"030","1pm",24.950415,62.3077779,12.7418072
"031","1pm",31.600083,57.3211529,11.0787638
"032","1pm",27.884529,58.4614339,13.6540375
"033","1pm",98.967749,1.0322509,0
"034","1pm",82.886848,4.1957159,12.9174361
"035","1pm",90.374057,4.3411117,5.284831
"036","1pm",95.015363,1.3735934,3.611044
"037","1pm",37.284456,58.0340359,4.6815078
"038","1pm",94.207336,3.8598923,1.932772
"041","1pm",24.107527,75.8924726,0
"042","1pm",92.718119,2.9337841,4.3480964
"043","1pm",96.062231,1.6328702,2.304899
"044","1pm",100,0,0
"045","1pm",85.748158,7.2814665,6.9703753
"046","1pm",95.157644,4.5320738,0.3102823
"047","1pm",38.92093,57.9511857,3.1278845
"048","1pm",98.692056,0.7508995,0.5570447
"049","1pm",91.784027,1.7900916,6.425881
"050","1pm",93.09643,1.7126352,5.1909346
"051","1pm",90.365271,2.5700905,7.0646386
"052","1pm",95.943446,1.7436691,2.3128852
"053","1pm",98.298476,0.7035495,0.9979746
"054","1pm",51.373586,46.5115365,2.1148777
"055","1pm",96.078465,2.9068215,1.014713
"056","1pm",98.015531,1.0239,0.9605691
"057","1pm",97.558075,2.4419248,0
"058","1pm",97.001353,0.8574178,2.1412295
"059","1pm",97.305663,1.0611628,1.6331743
"060","1pm",95.769629,1.7382651,2.4921063
"061","1pm",96.587887,1.1253112,2.2868014
"062","1pm",96.381714,0.6765872,2.941699
"063","1pm",6.709982,91.4558984,1.8341201
"064","1pm",13.402888,85.0382175,1.5588947
"065","1pm",27.251897,71.0112452,1.7368582
"066","1pm",98.523956,1.4760441,0
"067","1pm",91.888521,8.1114793,0
"068","1pm",94.149237,3.4802735,2.3704898
"069","1pm",100,0,0
"070","1pm",97.385117,2.6148827,0
"071","1pm",100,0,0
"072","1pm",94.332882,5.6671184,0
"073","1pm",25.068809,73.1161419,1.8150487
"074","1pm",89.162414,9.1413323,1.6962538
"075","1pm",91.06009,5.4932566,3.4466535
"081","1pm",93.131758,5.3812276,1.4870149
"082","1pm",97.811544,1.4839231,0.7045327
"083","1pm",99.26391,0.4648528,0.271237
"001","2pm",16.859085,8.5266895,74.6142256
"002","2pm",29.02918,10.4301193,60.5407005
"003","2pm",21.022622,5.3825761,73.5948023
"004","2pm",42.884085,8.134815,48.9811001
"005","2pm",27.361274,7.1971197,65.4416066
"006","2pm",40.729934,10.1254088,49.1446576
"007","2pm",7.903746,7.7718946,84.3243594
"008","2pm",28.425077,11.7404186,59.8345045
"009","2pm",27.536373,8.9251501,63.5384764
"010","2pm",16.298775,9.5894997,74.1117251
"011","2pm",23.957686,9.800841,66.2414735
"012","2pm",18.443906,7.8831125,73.6729815
"021","2pm",46.132486,36.8040199,17.0634939
"022","2pm",90.98911,3.0977163,5.9131732
"023","2pm",82.169335,8.5327164,9.2979486
"024","2pm",47.460564,37.5522034,14.9872331
"025","2pm",34.079203,50.1218583,15.7989385
"026","2pm",83.463695,7.3097952,9.2265093
"027","2pm",95.251322,0,4.748678
"028","2pm",84.615648,1.6093699,13.774982
"029","2pm",98.253988,0.9159684,0.8300435
"030","2pm",22.370691,67.651367,9.9779422
"031","2pm",30.924581,56.9802835,12.095135
"032","2pm",25.821151,58.1881587,15.9906903
"033","2pm",96.334707,1.1369497,2.5283431
"034","2pm",82.943634,4.4606684,12.5956979
"035","2pm",90.284059,4.3816994,5.3342421
"036","2pm",95.997453,1.1668468,2.8357007
"037","2pm",37.213684,57.8118746,4.9744417
"038","2pm",92.180198,5.7690004,2.0508016
"041","2pm",28.522041,70.80173,0.6762293
"042","2pm",92.253592,4.9365806,2.8098272
"043","2pm",95.836005,1.7266789,2.4373158
"044","2pm",99.342546,0.6574543,0
"045","2pm",86.193383,8.1919812,5.6146354
"046","2pm",90.628546,9.0527844,0.3186695
"047","2pm",42.776559,54.2873393,2.936102
"048","2pm",98.00137,1.4502959,0.5483338
"049","2pm",91.658389,2.8672682,5.4743429
"050","2pm",93.067016,1.7199322,5.2130514
"051","2pm",88.89514,6.2515678,4.8532925
"052","2pm",94.919481,2.7471126,2.3334066
"053","2pm",97.488694,1.0517082,1.4595983
"054","2pm",53.854201,44.1946519,1.951147
"055","2pm",96.051714,2.9266508,1.021635
"056","2pm",96.683414,0,3.3165865
"057","2pm",97.224778,2.7752222,0
"058","2pm",96.417187,1.3527517,2.2300618
"059","2pm",96.64826,1.0229218,2.3288179
"060","2pm",95.761656,1.741541,2.4968028
"061","2pm",94.789345,0.7354177,4.4752369
"062","2pm",97.095794,0.6837717,2.2204338
"063","2pm",9.869862,88.765955,1.3641825
"064","2pm",15.635025,83.4847395,0.8802354
"065","2pm",25.975837,71.9140892,2.1100742
"066","2pm",95.280292,4.7197077,0
"067","2pm",94.444179,5.5558209,0
"068","2pm",93.73909,3.8360198,2.4248901
"069","2pm",100,0,0
"070","2pm",99.200878,0.7991215,0
"071","2pm",100,0,0
"072","2pm",93.82105,6.1789504,0
"073","2pm",23.635012,74.358949,2.0060386
"074","2pm",88.807013,9.4411071,1.7518796
"075","2pm",92.386768,4.2013346,3.4118979
"081","2pm",91.889032,6.5051567,1.6058117
"082","2pm",96.847932,2.4320527,0.7200155
"083","2pm",99.145499,0.611124,0.2433772
"001","3pm",16.33665,9.4634554,74.1998925
"002","3pm",26.97883,10.0775416,62.9436251
"003","3pm",21.94061,5.7828524,72.2765401
"004","3pm",42.23427,7.2983748,50.467355
"005","3pm",24.99929,6.8703206,68.1303862
"006","3pm",40.99879,10.5436686,48.4575366
"007","3pm",8.11321,7.4077864,84.4790041
"008","3pm",28.65477,12.3004476,59.0447833
"009","3pm",26.22858,9.0256009,64.745823
"010","3pm",17.54452,8.944472,73.5110083
"011","3pm",23.61578,10.716834,65.6673874
"012","3pm",17.09321,7.255971,75.6508179
"021","3pm",45.30205,34.3836164,20.3143315
"022","3pm",91.16151,4.5668093,4.2716807
"023","3pm",83.55749,7.8684243,8.5740813
"024","3pm",46.81648,37.6997447,15.4837717
"025","3pm",28.8414,56.2088227,14.9497725
"026","3pm",85.68574,4.7610208,9.5532366
"027","3pm",95.56437,0,4.4356277
"028","3pm",85.96119,2.005673,12.03314
"029","3pm",99.10228,0,0.8977236
"030","3pm",21.49449,69.1489014,9.3566053
"031","3pm",29.37824,57.8244965,12.7972655
"032","3pm",26.43566,57.8228234,15.7415135
"033","3pm",98.77312,1.2268791,0
"034","3pm",81.80679,6.1222539,12.0709536
"035","3pm",90.62241,4.2291107,5.148482
"036","3pm",95.35021,1.1642645,3.4855207
"037","3pm",42.73631,51.5259154,5.7377756
"038","3pm",87.82923,9.9843758,2.1863985
"041","3pm",27.15216,70.3020115,2.5458296
"042","3pm",91.62761,4.6333867,3.7390007
"043","3pm",95.56202,2.1534467,2.2845294
"044","3pm",100,0,0
"045","3pm",84.23541,10.2537079,5.5108773
"046","3pm",94.26129,5.7387071,0
"047","3pm",40.45637,57.3292587,2.2143756
"048","3pm",96.23782,3.2223223,0.5398529
"049","3pm",90.58601,4.1558578,5.2581321
"050","3pm",93.57378,2.4435581,3.9826595
"051","3pm",87.81416,6.6460091,5.5398311
"052","3pm",94.69811,3.085539,2.2163489
"053","3pm",98.70824,0.2757678,1.0159948
"054","3pm",50.94757,46.9780908,2.0743416
"055","3pm",96.93802,3.0619786,0
"056","3pm",98.98318,0,1.0168203
"057","3pm",96.95113,2.8133575,0.2355169
"058","3pm",97.24836,0.4555721,2.2960703
"059","3pm",96.28273,1.8066806,1.9105881
"060","3pm",94.52637,2.1917845,3.2818489
"061","3pm",95.16371,0.6825814,4.1537124
"062","3pm",97.14809,0.6714592,2.180451
"063","3pm",11.59456,87.0537448,1.3516916
"064","3pm",16.49897,82.6152686,0.8857618
"065","3pm",23.21266,75.0274392,1.7599008
"066","3pm",93.17774,6.822255,0
"067","3pm",95.43875,4.5612496,0
"068","3pm",93.38034,4.0558254,2.5638373
"069","3pm",100,0,0
"070","3pm",98.14447,1.8555265,0
"071","3pm",100,0,0
"072","3pm",93.90243,6.0975698,0
"073","3pm",22.09227,75.9212223,1.9865111
"074","3pm",88.96106,9.311171,1.7277688
"075","3pm",93.88125,5.3422649,0.776483
"081","3pm",91.75123,6.6156751,1.6330934
"082","3pm",97.85577,2.0403847,0.1038473
"083","3pm",98.42314,1.3529166,0.2239385
"001","4pm",14.195168,8.1984126,77.6064197
"002","4pm",22.973154,10.8855999,66.1412462
"003","4pm",18.476144,6.3631048,75.1607512
"004","4pm",38.516224,8.6025171,52.881259
"005","4pm",19.012918,6.223408,74.7636738
"006","4pm",37.188162,9.3243738,53.4874641
"007","4pm",5.721619,5.0234251,89.2549563
"008","4pm",23.723021,9.7410999,66.535879
"009","4pm",19.958899,7.6933404,72.3477601
"010","4pm",14.585828,6.7247123,78.6894598
"011","4pm",21.939829,8.2497518,69.8104193
"012","4pm",13.954151,2.4861281,83.5597212
"021","4pm",42.423989,41.8145823,15.761429
"022","4pm",93.919043,2.3972973,3.6836593
"023","4pm",83.627943,10.2646008,6.1074558
"024","4pm",39.964085,44.1916879,15.8442275
"025","4pm",24.568414,59.6413352,15.7902508
"026","4pm",83.464006,5.2075495,11.3284444
"027","4pm",95.532895,0,4.4671045
"028","4pm",88.653663,2.1128318,9.2335048
"029","4pm",97.492839,1.6326227,0.874538
"030","4pm",15.524387,78.8393481,5.6362648
"031","4pm",26.395396,61.7857289,11.818875
"032","4pm",23.168516,61.0709863,15.7604974
"033","4pm",99.037494,0.9625062,0
"034","4pm",84.946171,4.2532139,10.8006154
"035","4pm",88.787692,3.8944691,7.3178391
"036","4pm",95.961797,1.6964232,2.3417794
"037","4pm",36.908643,57.5406039,5.5507531
"038","4pm",87.376483,10.7839503,1.8395672
"041","4pm",26.328385,71.1172685,2.554347
"042","4pm",93.039273,4.2807986,2.6799287
"043","4pm",95.983858,1.9487595,2.0673826
"044","4pm",98.982818,1.0171817,0
"045","4pm",87.347961,8.7605284,3.8915111
"046","4pm",97.530343,2.4696572,0
"047","4pm",36.017238,61.5159493,2.4668124
"048","4pm",97.328141,2.1501193,0.5217401
"049","4pm",91.827614,3.6409884,4.5313974
"050","4pm",95.121864,0.9646319,3.9135037
"051","4pm",91.030878,3.8824557,5.0866664
"052","4pm",95.250747,2.2598473,2.4894054
"053","4pm",98.614049,0,1.3859511
"054","4pm",48.467879,51.5321212,0
"055","4pm",96.340373,3.6596269,0
"056","4pm",97.71039,1.3973483,0.892262
"057","4pm",97.963174,2.0368263,0
"058","4pm",96.718971,0,3.2810287
"059","4pm",98.577931,0.988041,0.4340279
"060","4pm",95.963132,1.7912548,2.245613
"061","4pm",95.216276,0.6751619,4.1085623
"062","4pm",97.902985,0.6722343,1.4247811
"063","4pm",9.166783,89.5200457,1.313171
"064","4pm",13.769658,85.3423515,0.8879901
"065","4pm",21.136326,77.0014108,1.8622633
"066","4pm",95.640551,4.3594489,0
"067","4pm",93.609395,6.3906047,0
"068","4pm",93.573348,3.8798108,2.5468412
"069","4pm",100,0,0
"070","4pm",98.739298,0.7608023,0.4999001
"071","4pm",100,0,0
"072","4pm",94.559615,5.4403845,0
"073","4pm",18.986272,79.2935964,1.7201317
"074","4pm",89.463881,8.8870495,1.6490694
"075","4pm",94.700715,5.2992848,0
"081","4pm",93.599763,4.983295,1.4169419
"082","4pm",98.07556,1.813793,0.1106467
"083","4pm",99.822027,0.1779733,0
"001","5pm",8.138386,6.4379951,85.4236189
"002","5pm",17.86347,8.9816302,73.1548996
"003","5pm",12.281525,4.0693605,83.6491143
"004","5pm",22.478223,12.0054617,65.5163155
"005","5pm",15.45405,2.9514301,81.5945194
"006","5pm",21.874314,5.7067242,72.418962
"007","5pm",2.370292,1.6864875,95.9432203
"008","5pm",16.873926,6.7763847,76.3496892
"009","5pm",11.420015,4.2088125,84.3711728
"010","5pm",6.948103,5.2781866,87.7737106
"011","5pm",16.266461,4.1564722,79.5770668
"012","5pm",12.375419,2.7268836,84.8976976
"021","5pm",35.739217,49.6375032,14.62328
"022","5pm",92.556196,1.4427881,6.0010155
"023","5pm",93.365279,2.9409038,3.6938176
"024","5pm",27.934417,58.0813567,13.9842267
"025","5pm",20.535301,68.5436858,10.9210133
"026","5pm",85.616976,1.6046002,12.7784241
"027","5pm",92.957325,0,7.0426746
"028","5pm",90.628994,1.3904827,7.9805232
"029","5pm",98.399156,1.6008437,0
"030","5pm",10.649586,84.6784838,4.6719303
"031","5pm",15.77585,76.5201101,7.7040399
"032","5pm",13.331132,77.6296863,9.0391813
"033","5pm",100,0,0
"034","5pm",90.572996,0,9.4270038
"035","5pm",94.47122,1.7813358,3.7474446
"036","5pm",96.997365,1.801935,1.2006996
"037","5pm",22.361623,67.5294118,10.1089654
"038","5pm",95.196801,3.5638818,1.2393176
"041","5pm",14.762158,84.5880674,0.6497744
"042","5pm",97.514665,2.4853353,0
"043","5pm",98.258309,1.7416908,0
"044","5pm",99.08527,0.9147304,0
"045","5pm",92.016791,6.3581476,1.6250615
"046","5pm",98.731028,1.2689719,0
"047","5pm",21.768888,76.6431326,1.5879795
"048","5pm",98.138277,1.3748891,0.4868336
"049","5pm",95.811869,1.3350712,2.8530601
"050","5pm",97.321041,0.9479298,1.7310288
"051","5pm",95.559576,0,4.4404244
"052","5pm",97.861897,1.3748009,0.7633024
"053","5pm",99.017656,0,0.9823442
"054","5pm",37.280443,62.7195571,0
"055","5pm",97.556944,2.4430562,0
"056","5pm",99.191809,0.8081907,0
"057","5pm",98.413166,0.8749842,0.7118498
"058","5pm",97.249133,0,2.7508669
"059","5pm",98.4654,0.9081577,0.6264421
"060","5pm",97.726045,1.3561441,0.9178112
"061","5pm",97.823994,0.8846078,1.2913979
"062","5pm",99.377754,0,0.6222456
"063","5pm",3.179519,94.6088825,2.2115982
"064","5pm",9.393918,90.6060817,0
"065","5pm",14.705961,83.1779282,2.116111
"066","5pm",96.563646,3.4363541,0
"067","5pm",97.477651,2.5223495,0
"068","5pm",98.832515,0,1.1674848
"069","5pm",100,0,0
"070","5pm",100,0,0
"071","5pm",100,0,0
"072","5pm",92.653069,7.3469311,0
"073","5pm",11.424973,86.7582687,1.8167588
"074","5pm",93.417241,5.2499644,1.3327946
"075","5pm",94.41048,4.3554424,1.2340771
"081","5pm",94.447873,4.1637147,1.3884124
"082","5pm",98.78382,1.1100424,0.1061375
"083","5pm",100,0,0
"001","6pm",6.2630492,1.6766996,92.0602512
"002","6pm",11.8578823,5.4257741,82.7163436
"003","6pm",5.8772383,0.9915323,93.1312294
"004","6pm",12.2684407,9.1780863,78.553473
"005","6pm",12.802524,1.3629343,85.8345417
"006","6pm",7.3456,6.3796119,86.2747881
"007","6pm",0.8244635,1.0275796,98.147957
"008","6pm",7.0865939,6.8413562,86.0720499
"009","6pm",10.3210346,1.9149355,87.7640299
"010","6pm",3.0792409,2.3956813,94.5250777
"011","6pm",8.2679686,6.2126385,85.519393
"012","6pm",3.02155,1.2674493,95.7110007
"021","6pm",15.515312,65.577066,18.907622
"022","6pm",98.257209,1.742791,0
"023","6pm",96.1036858,1.5198777,2.3764364
"024","6pm",15.0787765,71.0074961,13.9137274
"025","6pm",10.0302833,81.9776074,7.9921093
"026","6pm",94.5991556,3.7394513,1.661393
"027","6pm",98.2561291,0,1.7438709
"028","6pm",96.3556304,1.1616723,2.4826972
"029","6pm",100,0,0
"030","6pm",11.8374883,85.6955005,2.4670112
"031","6pm",7.5275877,85.2705774,7.2018349
"032","6pm",5.8081999,85.2893628,8.9024374
"033","6pm",100,0,0
"034","6pm",97.724408,0,2.275592
"035","6pm",98.795529,1.204471,0
"036","6pm",97.9220794,1.2256753,0.8522453
"037","6pm",8.8222718,82.6145196,8.5632086
"038","6pm",95.7976737,1.693591,2.5087354
"041","6pm",12.7264844,87.2735156,0
"042","6pm",98.3824686,1.6175314,0
"043","6pm",100,0,0
"044","6pm",99.2264972,0.7735028,0
"045","6pm",95.8034279,1.3322583,2.8643138
"046","6pm",99.5269396,0.4730604,0
"047","6pm",12.8580464,86.3797099,0.7622438
"048","6pm",97.9009019,2.0990981,0
"049","6pm",99.0689694,0.9310306,0
"050","6pm",99.0722638,0.4518419,0.4758942
"051","6pm",98.5827697,0,1.4172303
"052","6pm",97.828105,1.4905866,0.6813085
"053","6pm",99.2348051,0,0.7651949
"054","6pm",21.8612315,78.1387685,0
"055","6pm",98.1930876,1.8069124,0
"056","6pm",99.3427186,0,0.6572814
"057","6pm",100,0,0
"058","6pm",97.8474896,0.4789204,1.67359
"059","6pm",98.2706483,1.1825223,0.5468293
"060","6pm",100,0,0
"061","6pm",98.059929,0.1861206,1.7539504
"062","6pm",100,0,0
"063","6pm",3.094837,96.905163,0
"064","6pm",6.7688517,93.2311483,0
"065","6pm",10.0843042,88.8002979,1.1153979
"066","6pm",96.0009983,3.9990017,0
"067","6pm",98.3462397,1.6537603,0
"068","6pm",100,0,0
"069","6pm",100,0,0
"070","6pm",100,0,0
"071","6pm",100,0,0
"072","6pm",98.6592867,1.3407133,0
"073","6pm",7.2833283,90.9164838,1.8001879
"074","6pm",100,0,0
"075","6pm",95.1060096,3.8134751,1.0805153
"081","6pm",98.693572,0,1.306428
"082","6pm",99.2409046,0.7590954,0
"083","6pm",100,0,0
"001","7pm",2.4896248,0.242417,97.2679582
"002","7pm",8.8104341,3.6512771,87.5382888
"003","7pm",5.7380219,1.1344402,93.1275379
"004","7pm",11.5523789,6.0344679,82.4131531
"005","7pm",9.1480078,0.7663568,90.0856354
"006","7pm",5.3784888,5.2946346,89.3268765
"007","7pm",0,0,100
"008","7pm",3.9088541,5.0695555,91.0215904
"009","7pm",3.5080448,3.6617808,92.8301744
"010","7pm",0.7888432,0.9058026,98.3053542
"011","7pm",1.7731839,4.4344178,93.7923984
"012","7pm",1.7991067,0.6340996,97.5667937
"021","7pm",11.7962018,77.0423721,11.1614261
"022","7pm",99.5526057,0.4473943,0
"023","7pm",96.8392325,1.0222512,2.1385162
"024","7pm",4.4048037,85.582173,10.0130234
"025","7pm",5.4434839,89.3157627,5.2407533
"026","7pm",94.9092273,3.6138782,1.4768946
"027","7pm",98.4907172,0,1.5092828
"028","7pm",100,0,0
"029","7pm",99.6528779,0,0.3471221
"030","7pm",13.1316874,85.8890221,0.9792905
"031","7pm",4.7860611,90.7921616,4.4217774
"032","7pm",6.3277218,88.0123282,5.6599499
"033","7pm",97.2369546,0,2.7630454
"034","7pm",97.8395108,0,2.1604892
"035","7pm",100,0,0
"036","7pm",97.5538065,1.3765368,1.0696567
"037","7pm",1.0865053,90.6856224,8.2278723
"038","7pm",98.5125224,1.4874776,0
"041","7pm",10.8385783,84.942747,4.2186747
"042","7pm",95.2882732,3.1410505,1.5706763
"043","7pm",100,0,0
"044","7pm",100,0,0
"045","7pm",95.8715106,1.3106446,2.8178449
"046","7pm",99.5487653,0.4512347,0
"047","7pm",4.4469956,95.0854103,0.467594
"048","7pm",98.7723326,1.2276674,0
"049","7pm",98.5483038,1.4516962,0
"050","7pm",99.5555244,0,0.4444756
"051","7pm",97.2904116,0,2.7095884
"052","7pm",98.6134048,0.7077718,0.6788234
