"district","hour","age1","age2","age3","age4"
"001","4am",22.735739,19.934081,38.60901,18.72117
"002","4am",29.791444,14.595114,36.74332,18.87013
"003","4am",16.587961,9.903279,54.36268,19.14608
"004","4am",14.034084,13.42015,48.47165,24.07412
"005","4am",12.582456,18.773498,38.60688,30.03716
"006","4am",13.344924,20.400682,45.79337,20.46102
"007","4am",18.651844,14.117272,42.74041,24.49048
"008","4am",11.658223,14.607185,35.65085,38.08374
"009","4am",15.12836,16.263525,33.38219,35.22593
"010","4am",16.390187,11.806748,42.44083,29.36224
"011","4am",12.463448,15.047695,46.0229,26.46596
"012","4am",15.882107,5.573319,50.03174,28.51283
"013","4am",12.663451,11.706714,48.3404,27.28943
"014","4am",12.729602,9.64026,55.37853,22.25161
"015","4am",11.5372,18.712624,38.89388,30.8563
"016","4am",8.793232,15.132346,50.47848,25.59594
"017","4am",11.856086,13.287824,58.6091,16.24699
"018","4am",12.55166,7.212809,57.24951,22.98602
"019","4am",8.439314,11.370056,55.68878,24.50185
"020","4am",11.008452,12.923796,49.29317,26.77459
"021","4am",16.525217,13.553398,53.8251,16.09628
"022","4am",11.894731,18.015775,40.06369,30.0258
"023","4am",16.356838,12.130884,42.46046,29.05182
"024","4am",12.247244,13.593715,48.70532,25.45372
"025","4am",13.448186,15.807397,45.23086,25.51355
"026","4am",11.577513,16.293571,52.01573,20.11319
"027","4am",10.178146,11.090462,56.33311,22.39828
"028","4am",14.105764,11.777591,59.87763,14.23902
"029","4am",9.337399,11.337935,58.51933,20.80533
"030","4am",7.300723,10.976731,59.04101,22.68153
"031","4am",10.705186,9.187979,61.08463,19.0222
"032","4am",9.31128,10.130984,60.22482,20.33292
"033","4am",8.297058,11.832996,62.27236,17.59758
"034","4am",9.435873,11.965543,54.5606,24.03798
"035","4am",9.21927,11.558902,60.82287,18.39896
"036","4am",8.878431,9.010533,62.87872,19.23232
"037","4am",6.142814,7.641453,56.79158,29.42415
"038","4am",8.130458,9.301628,57.29335,25.27456
"039","4am",13.045569,8.212985,58.93347,19.80798
"040","4am",11.985487,12.239687,53.55667,22.21816
"041","4am",10.113936,12.341802,56.35051,21.19375
"042","4am",11.371101,13.636577,55.9867,19.00562
"043","4am",12.366204,7.482592,54.80568,25.34552
"044","4am",11.331984,12.501285,60.16088,16.00585
"045","4am",10.732466,14.806685,48.9379,25.52295
"046","4am",12.051398,12.348434,59.6306,15.96957
"047","4am",8.148859,18.929449,47.12108,25.80061
"048","4am",13.359576,8.187893,54.27165,24.18088
"049","4am",7.423709,13.79701,54.31116,24.46812
"050","4am",9.200787,9.910435,49.77571,31.11306
"051","4am",9.79583,7.77633,63.63248,18.79536
"052","4am",9.935681,16.937409,51.56416,21.56275
"001","5am",21.838946,20.101532,39.18109,18.87843
"002","5am",29.988317,13.86603,37.15083,18.99483
"003","5am",17.434347,10.876173,53.37361,18.31587
"004","5am",14.22126,13.599138,47.7844,24.3952
"005","5am",11.470728,19.017208,38.55355,30.95851
"006","5am",13.147147,20.985342,45.70973,20.15778
"007","5am",18.938981,13.68852,42.505,24.8675
"008","5am",11.905077,14.390684,34.81411,38.89013
"009","5am",15.214591,15.814749,33.54394,35.42672
"010","5am",16.523557,11.902822,41.97246,29.60117
"011","5am",12.844233,14.164039,45.71718,27.27455
"012","5am",16.033468,5.626435,49.55553,28.78457
"013","5am",12.936451,11.941538,47.48832,27.63369
"014","5am",12.653477,9.58261,55.64537,22.11854
"015","5am",11.68712,18.623647,38.43197,31.25726
"016","5am",8.402982,14.764744,50.99677,25.8355
"017","5am",11.945184,13.071642,59.00051,15.98266
"018","5am",12.879019,8.371464,55.80159,22.94793
"019","5am",8.812853,11.3259,54.2749,25.58635
"020","5am",11.105661,13.037918,48.8454,27.01102
"021","5am",16.261618,13.337203,54.56165,15.83952
"022","5am",11.519607,17.367102,40.4187,30.69459
"023","5am",16.319404,11.800511,42.07465,29.80544
"024","5am",11.73543,13.396252,49.6064,25.26192
"025","5am",13.725373,15.620553,44.61465,26.03943
"026","5am",12.254894,17.246881,49.20825,21.28997
"027","5am",10.614487,11.565915,54.46109,23.35851
"028","5am",14.219633,11.872666,59.55374,14.35396
"029","5am",9.380171,9.9854,59.73379,20.90064
"030","5am",7.406507,11.135779,58.44753,23.01018
"031","5am",11.027315,9.022849,60.35524,19.5946
"032","5am",9.65976,10.510142,58.73621,21.09389
"033","5am",7.905036,12.184805,61.78938,18.12078
"034","5am",9.514065,12.064698,54.18406,24.23717
"035","5am",9.21927,11.558902,60.82287,18.39896
"036","5am",9.11917,9.254853,61.87218,19.7538
"037","5am",6.142814,7.641453,56.79158,29.42415
"038","5am",8.189954,9.369694,56.98084,25.45951
"039","5am",11.990071,10.41792,59.1848,18.40721
"040","5am",11.1161,12.204884,54.52404,22.15498
"041","5am",10.082283,12.786345,56.00395,21.12742
"042","5am",9.976896,13.975581,56.56943,19.4781
"043","5am",12.476049,7.413784,54.53951,25.57066
"044","5am",11.9629,12.050697,59.08941,16.89699
"045","5am",10.696729,14.856465,49.00884,25.43797
"046","5am",11.007729,13.387706,59.38122,16.22334
"047","5am",9.217108,18.408923,47.28283,25.09114
"048","5am",13.186707,8.081944,54.86336,23.86798
"049","5am",7.379706,13.715231,54.58198,24.32309
"050","5am",9.3187,10.148597,49.02091,31.5118
"051","5am",9.863248,7.829848,63.38219,18.92472
"052","5am",10.025922,17.091243,51.12424,21.7586
"001","6am",22.579113,18.653856,39.68613,19.0809
"002","6am",30.830134,13.051627,36.32188,19.79636
"003","6am",15.777145,11.334524,54.03052,18.85781
"004","6am",14.391411,14.421021,46.50049,24.68708
"005","6am",11.986393,18.075214,39.27403,30.66437
"006","6am",12.398178,21.216125,46.50509,19.8806
"007","6am",18.375587,14.318317,41.86943,25.43666
"008","6am",11.5141,14.348737,35.01811,39.11905
"009","6am",15.741077,15.682117,31.92418,36.65262
"010","6am",17.373749,12.48075,39.10708,31.03842
"011","6am",11.127396,15.041238,47.47087,26.36049
"012","6am",16.061882,5.674281,51.19974,27.0641
"013","6am",13.025834,11.820987,47.32856,27.82462
"014","6am",11.250603,8.950829,56.82165,22.97692
"015","6am",11.120136,18.587255,39.07021,31.2224
"016","6am",8.071796,13.938614,51.69356,26.29603
"017","6am",13.599966,12.431213,58.20565,15.76317
"018","6am",12.173071,10.415183,54.91351,22.49824
"019","6am",8.123444,11.468421,52.87516,27.53297
"020","6am",11.690285,13.919183,45.9576,28.43293
"021","6am",13.853867,15.219613,53.97594,16.95058
"022","6am",10.284901,16.095952,43.34769,30.27146
"023","6am",13.704136,10.940636,46.80236,28.55287
"024","6am",12.175929,12.568929,49.04499,26.21015
"025","6am",13.862265,15.10985,42.88228,28.14561
"026","6am",10.916083,16.822559,48.68862,23.57274
"027","6am",10.471348,10.710084,54.11012,24.70845
"028","6am",13.484269,10.339328,60.10076,16.07565
"029","6am",7.710654,10.4301,58.48342,23.37583
"030","6am",7.741149,11.638918,56.5701,24.04983
"031","6am",10.625926,8.488379,59.99017,20.89552
"032","6am",9.31033,9.562458,58.72574,22.40147
"033","6am",8.383229,12.361413,60.03841,19.21695
"034","6am",9.808752,11.138181,54.33782,24.71524
"035","6am",7.458538,11.434773,61.62446,19.48223
"036","6am",8.648493,7.91694,61.55607,21.87849
"037","6am",6.599486,7.288849,54.50005,31.61162
"038","6am",8.072544,10.49068,55.83006,25.60671
"039","6am",11.924019,11.649617,58.7459,17.68046
"040","6am",11.041567,11.586315,54.7948,22.57732
"041","6am",10.055874,12.27095,57.05787,20.6153
"042","6am",9.605221,14.039802,55.8977,20.45728
"043","6am",12.181666,7.098458,54.33846,26.38142
"044","6am",11.8859,11.662874,59.01602,17.43521
"045","6am",10.128872,14.68523,48.20357,26.98233
"046","6am",10.452915,13.932891,58.73019,16.884
"047","6am",7.418909,18.728165,46.78708,27.06584
"048","6am",13.181251,8.078601,54.88204,23.85811
"049","6am",7.527896,13.990643,53.66995,24.81151
"050","6am",8.960617,10.412516,48.29559,32.33127
"051","6am",9.177318,6.106835,64.35586,20.35999
"052","6am",10.103012,15.962624,49.38614,24.54822
"001","7am",18.014959,17.912049,45.30794,18.76506
"002","7am",36.00477,12.523317,33.96818,17.50373
"003","7am",15.377507,10.250037,56.18912,18.18333
"004","7am",16.448663,13.396044,45.17407,24.98122
"005","7am",8.69402,15.566193,43.74201,31.99778
"006","7am",8.885015,19.595669,54.05864,17.46067
"007","7am",21.893462,16.311896,39.53626,22.25838
"008","7am",9.367306,13.877389,34.60902,42.14629
"009","7am",16.57374,16.350603,29.59287,37.48278
"010","7am",22.495777,11.013593,37.97483,28.5158
"011","7am",14.816393,13.450558,46.88872,24.84433
"012","7am",20.845447,6.738099,46.19544,26.22101
"013","7am",13.024639,11.948933,45.29127,29.73516
"014","7am",6.694513,7.355813,59.83226,26.11742
"015","7am",15.898918,15.828493,39.63984,28.63274
"016","7am",5.973471,16.025675,49.71852,28.28233
"017","7am",13.085751,9.180581,61.45801,16.27565
"018","7am",8.666885,12.653699,53.64043,25.03899
"019","7am",6.315143,19.479587,44.48624,29.71903
"020","7am",11.604118,13.650387,46.1277,28.61779
"021","7am",13.238795,15.538291,51.48208,19.74084
"022","7am",10.406185,15.03359,45.35329,29.20693
"023","7am",16.499138,7.514608,44.09244,31.89382
"024","7am",9.269432,11.001374,53.02,26.70919
"025","7am",16.657581,13.640125,40.93136,28.77094
"026","7am",6.070262,14.741421,48.94154,30.24678
"027","7am",4.66831,11.051788,55.46326,28.81664
"028","7am",7.962487,11.451327,59.89354,20.69265
"029","7am",7.063742,11.693653,56.87075,24.37185
"030","7am",6.648818,8.003421,59.99335,25.35441
"031","7am",4.675822,8.911924,62.29223,24.12002
"032","7am",11.263964,10.393183,55.7044,22.63845
"033","7am",7.642742,15.22315,54.65931,22.4748
"034","7am",13.059303,11.427752,51.87088,23.64207
"035","7am",5.597285,12.342386,60.36106,21.69927
"036","7am",4.69355,4.947837,63.22752,27.13109
"037","7am",3.483726,5.439254,55.35084,35.72618
"038","7am",5.18779,10.913317,56.25075,27.64814
"039","7am",13.932531,13.622543,56.8261,15.61882
"040","7am",4.90499,10.58935,59.45438,25.05127
"041","7am",7.622486,11.168275,56.47152,24.73772
"042","7am",5.344218,10.918537,59.38197,24.35527
"043","7am",9.385209,6.667617,54.60661,29.34056
"044","7am",5.364519,11.300073,62.70977,20.62564
"045","7am",5.344986,16.269657,48.69021,29.69515
"046","7am",13.885902,13.065162,55.46465,17.58428
"047","7am",9.871547,17.267878,45.12755,27.73303
"048","7am",10.020982,7.671861,57.69668,24.61048
"049","7am",8.599442,14.893954,49.70395,26.80265
"050","7am",6.360124,11.258033,45.3413,37.04055
"051","7am",8.508911,5.600968,60.98174,24.90838
"052","7am",8.273056,16.187423,47.37134,28.16819
"001","8am",13.824122,14.699255,53.99591,17.48071
"002","8am",35.112305,10.91607,35.79776,18.17386
"003","8am",15.145878,12.902083,55.20324,16.74879
"004","8am",19.005258,12.230025,42.40557,26.35914
"005","8am",9.485774,16.70942,43.35061,30.45419
"006","8am",6.563283,20.889086,57.43066,15.11697
"007","8am",24.08674,14.104961,43.69777,18.11053
"008","8am",10.488156,14.647733,33.0457,41.81841
"009","8am",20.413357,16.909292,29.17913,33.49822
"010","8am",23.35908,10.866825,34.47746,31.29663
"011","8am",18.541509,12.121695,47.5177,21.8191
"012","8am",24.234825,8.229498,44.36575,23.16993
"013","8am",13.466891,12.767827,45.04545,28.71983
"014","8am",5.860161,9.507052,56.46234,28.17045
"015","8am",14.965686,13.953819,43.90799,27.17251
"016","8am",6.282649,11.265774,51.15733,31.29425
"017","8am",13.237627,10.562821,58.74557,17.45399
"018","8am",9.003396,14.406775,51.57502,25.01481
"019","8am",3.342397,19.53675,44.82643,32.29442
"020","8am",10.737092,13.042538,48.49051,27.72986
"021","8am",11.770059,14.684891,53.84077,19.70428
"022","8am",9.409088,12.979712,48.83969,28.77151
"023","8am",16.536228,12.52886,42.84618,28.08874
"024","8am",9.329344,11.837137,51.15604,27.67748
"025","8am",17.813551,10.973239,43.68617,27.52704
"026","8am",5.492542,14.0347,43.79483,36.67793
"027","8am",5.251802,12.708907,50.49758,31.54171
"028","8am",11.819733,12.56371,56.15706,19.45949
"029","8am",4.494306,10.845378,57.61275,27.04757
"030","8am",1.79868,9.165126,59.98607,29.05012
"031","8am",5.976644,6.078411,62.09061,25.85433
"032","8am",10.763484,9.665864,55.34666,24.22399
"033","8am",7.428661,13.017751,51.45833,28.09525
"034","8am",13.29439,11.180338,53.47339,22.05189
"035","8am",5.386666,8.898574,63.37857,22.33619
"036","8am",5.245445,2.30601,61.75968,30.68886
"037","8am",3.516946,9.623856,50.02817,36.83103
"038","8am",5.36244,11.817283,54.24134,28.57894
"039","8am",13.975035,15.394107,57.87179,12.75906
"040","8am",7.429445,9.130501,56.1785,27.26155
"041","8am",9.550988,9.808248,56.62864,24.01212
"042","8am",4.555142,10.042738,59.41841,25.98371
"043","8am",7.121651,7.258495,52.90409,32.71577
"044","8am",5.371948,10.01776,60.64093,23.96937
"045","8am",5.849315,16.688507,47.34071,30.12147
"046","8am",16.310539,11.411119,54.75574,17.5226
"047","8am",8.588935,14.864548,47.97367,28.57284
"048","8am",10.410091,8.447301,56.45572,24.68689
"049","8am",9.969862,16.136452,46.08836,27.80532
"050","8am",5.444497,11.710164,41.29634,41.549
"051","8am",6.579064,3.051575,62.89481,27.47455
"052","8am",6.867769,12.38576,46.42948,34.31699
"001","9am",14.248464,14.842304,52.61836,18.29088
"002","9am",36.496,10.794882,33.93212,18.777
"003","9am",14.5374,13.800656,55.50895,16.15299
"004","9am",20.478296,11.813253,42.25493,25.45352
"005","9am",8.802273,17.424156,47.4343,26.33927
"006","9am",7.155342,20.128725,57.05167,15.66427
"007","9am",24.419075,13.587624,42.89018,19.10312
"008","9am",10.388916,15.158734,33.62924,40.82311
"009","9am",20.636922,16.416209,31.22705,31.71981
"010","9am",23.774073,10.477151,34.6529,31.09588
"011","9am",18.414158,11.711208,48.02729,21.84735
"012","9am",23.184479,8.621006,45.09514,23.09938
"013","9am",11.471119,13.937492,46.06023,28.53116
"014","9am",6.104289,10.919126,55.58568,27.3909
"015","9am",14.699431,14.386102,43.30551,27.60896
"016","9am",5.450612,11.126784,50.60541,32.8172
"017","9am",12.990698,10.887256,58.64501,17.47703
"018","9am",8.396835,15.543232,51.54333,24.51661
"019","9am",2.650294,19.573311,46.43301,31.34339
"020","9am",11.165461,12.664172,48.67903,27.49134
"021","9am",11.41183,16.374643,53.60628,18.60725
"022","9am",8.877314,11.599415,48.46267,31.06061
"023","9am",17.563028,12.724708,41.22748,28.48479
"024","9am",9.326835,13.723793,50.83802,26.11135
"025","9am",18.341866,11.131494,41.32646,29.20018
"026","9am",5.383883,13.757053,47.37101,33.48806
"027","9am",4.738272,10.386484,53.56005,31.3152
"028","9am",10.019891,12.396398,55.93085,21.65287
"029","9am",4.578342,9.075218,57.55522,28.79122
"030","9am",1.8859,10.081825,56.96952,31.06275
"031","9am",6.037848,6.140657,58.8299,28.9916
"032","9am",9.490749,10.844903,55.64364,24.0207
"033","9am",7.037243,13.027865,61.02018,18.91472
"034","9am",13.507714,11.171846,53.97822,21.34222
"035","9am",6.661624,9.046075,61.58587,22.70643
"036","9am",3.338161,2.547177,60.60314,33.51152
"037","9am",5.235947,10.474111,48.11959,36.17036
"038","9am",5.430787,11.967898,51.75467,30.84665
"039","9am",14.229427,16.237561,56.10744,13.42557
"040","9am",6.884054,9.864501,59.30215,23.9493
"041","9am",9.642285,8.283892,55.79043,26.28339
"042","9am",3.512789,10.355835,61.06919,25.06219
"043","9am",7.454148,6.876171,53.64831,32.02137
"044","9am",4.308779,9.777302,59.63585,26.27807
"045","9am",6.215256,17.732564,46.01894,30.03324
"046","9am",16.215948,9.899767,55.94535,17.93894
"047","9am",8.712414,15.279005,49.1772,26.83138
"048","9am",10.024371,7.564174,57.2293,25.18215
"049","9am",10.612063,16.407636,46.74074,26.23956
"050","9am",4.133145,10.99062,43.98341,40.89283
"051","9am",7.185703,2.855024,65.23977,24.71951
"052","9am",7.373961,13.750724,42.8315,36.04381
"001","10am",14.393535,14.206301,55.86384,15.53633
"002","10am",37.119358,12.353491,31.14959,19.37756
"003","10am",15.564185,11.894779,54.64891,17.89212
"004","10am",20.431851,11.78646,43.05965,24.72204
"005","10am",8.361679,17.286757,44.24358,30.10798
"006","10am",6.673744,20.040959,58.4108,14.87449
"007","10am",24.412723,13.941178,42.93451,18.71159
"008","10am",10.885033,14.028237,32.15688,42.92985
"009","10am",21.355714,14.501662,34.57295,29.56968
"010","10am",24.444485,9.372525,35.0074,31.17559
"011","10am",20.212216,12.854753,46.67473,20.2583
"012","10am",21.613666,9.890208,44.09952,24.39661
"013","10am",11.610258,14.460001,45.05252,28.87722
"014","10am",4.960241,9.593203,56.19685,29.2497
"015","10am",14.758961,12.901015,43.67756,28.66247
"016","10am",5.912859,10.627507,49.96759,33.49204
"017","10am",13.416892,10.714804,59.73921,16.1291
"018","10am",8.357725,15.470837,52.43923,23.73221
"019","10am",2.610728,19.281101,45.0136,33.09457
"020","10am",11.040758,13.580378,45.3272,30.05167
"021","10am",11.555715,16.840318,53.22377,18.3802
"022","10am",8.869256,11.912673,49.97985,29.23822
"023","10am",16.337716,12.535885,44.45466,26.67174
"024","10am",9.491086,11.470612,51.07025,27.96805
"025","10am",18.822053,12.939572,39.57673,28.66164
"026","10am",4.98678,12.742364,49.8804,32.39046
"027","10am",4.125645,7.140114,54.9427,33.79154
"028","10am",10.119535,12.700229,54.01732,23.16292
"029","10am",4.663685,10.249249,57.02015,28.06692
"030","10am",2.460889,7.277155,60.94263,29.31933
"031","10am",6.405532,6.514601,55.56093,31.51894
"032","10am",9.785645,10.798898,56.53986,22.8756
"033","10am",4.498399,14.657652,54.00739,26.83655
"034","10am",14.129591,10.460111,53.90627,21.50403
"035","10am",6.92813,11.473427,60.21452,21.38392
"036","10am",4.221821,6.797385,58.15349,30.82731
"037","10am",5.758587,11.519613,47.56839,35.15341
"038","10am",3.915564,10.023471,55.91616,30.14481
"039","10am",14.404199,15.657547,54.95536,14.98289
"040","10am",6.679393,9.571232,61.34014,22.40924
"041","10am",7.668378,10.166471,58.24716,23.91799
"042","10am",3.530489,10.408016,61.74833,24.31316
"043","10am",10.61176,6.718575,52.21001,30.45966
"044","10am",4.480141,10.166149,58.03055,27.32316
"045","10am",7.061708,18.235651,46.00861,28.69403
"046","10am",15.474115,9.620481,57.36105,17.54435
"047","10am",8.252175,15.026536,48.77675,27.94454
"048","10am",9.832643,7.912678,55.49657,26.75811
"049","10am",12.705087,16.940863,44.24483,26.10922
"050","10am",4.288024,11.683869,42.54045,41.48765
"051","10am",9.680381,2.262029,58.14952,29.90807
"052","10am",6.801036,12.682353,46.53307,33.98354
"001","11am",14.549286,13.722628,55.23119,16.4969
"002","11am",36.171148,12.090622,35.21473,16.5235
"003","11am",16.257659,12.591139,53.89075,17.26046
"004","11am",20.557712,11.783961,43.29054,24.36779
"005","11am",7.589957,18.099569,45.9186,28.39187
"006","11am",6.068612,21.365014,57.19194,15.37443
"007","11am",25.054672,12.788047,43.69159,18.46569
"008","11am",10.729617,12.951519,33.19025,43.12861
"009","11am",16.875452,16.50024,32.88251,33.7418
"010","11am",25.691495,8.460475,34.13819,31.70984
"011","11am",17.713312,12.549338,42.91224,26.82511
"012","11am",23.07591,7.881737,42.4363,26.60605
"013","11am",10.494011,14.413099,43.76268,31.33021
"014","11am",4.766532,9.598416,58.2765,27.35856
"015","11am",14.764558,13.705582,44.45481,27.07505
"016","11am",7.424996,11.664256,49.08064,31.83011
"017","11am",13.775055,11.800673,59.05447,15.3698
"018","11am",8.348299,16.426957,51.21207,24.01268
"019","11am",3.757688,15.435593,47.0235,33.78322
"020","11am",12.891157,11.633375,44.96225,30.51321
"021","11am",9.684204,15.478749,55.58005,19.25699
"022","11am",8.369613,13.361802,49.79673,28.47186
"023","11am",16.451245,12.241699,42.04759,29.25946
"024","11am",9.177042,13.022534,51.24563,26.55479
"025","11am",19.552435,12.463127,39.69112,28.29331
"026","11am",4.991089,11.922135,53.18417,29.90261
"027","11am",4.201586,9.755147,52.63889,33.40438
"028","11am",9.562657,11.867954,55.43264,23.13675
"029","11am",5.979999,11.872455,52.53853,29.60902
"030","11am",2.254776,8.492746,55.06215,34.19033
"031","11am",7.682925,6.074681,52.23836,34.00404
"032","11am",9.233271,10.64941,57.76905,22.34827
"033","11am",5.448863,14.247453,57.70282,22.60087
"034","11am",13.932915,9.900834,53.55685,22.6094
"035","11am",6.099636,14.460519,61.02471,18.41513
"036","11am",4.181848,6.095447,56.42255,33.30016
"037","11am",5.677845,11.358095,47.50628,35.45778
"038","11am",5.546977,10.068289,54.71627,29.66847
"039","11am",15.571365,16.189372,54.78951,13.44975
"040","11am",6.094705,10.756561,59.32443,23.8243
"041","11am",9.7988,6.392875,57.93819,25.87013
"042","11am",4.400779,9.301004,61.20003,25.09819
"043","11am",9.439326,3.870869,54.33134,32.35847
"044","11am",5.460366,11.878084,61.01314,21.64841
"045","11am",5.225922,18.818033,46.46512,29.49092
"046","11am",16.084754,11.113448,54.01633,18.78547
"047","11am",8.229284,16.65365,47.25004,27.86702
"048","11am",9.633635,8.035333,56.6632,25.66783
"049","11am",12.13044,16.159355,45.81283,25.89737
"050","11am",4.213612,10.414226,42.76195,42.61021
"051","11am",9.583249,2.190105,59.26954,28.95711
"052","11am",7.092884,11.859587,44.83375,36.21378
"001","12am",16.160776,15.075651,52.66898,16.0946
"002","12am",32.668622,13.187718,37.97695,16.16671
"003","12am",16.740903,12.573331,52.26495,18.42082
"004","12am",18.938344,11.931002,44.67981,24.45084
"005","12am",8.309239,18.75979,44.82217,28.1088
"006","12am",7.320308,19.348432,56.49736,16.8339
"007","12am",24.412421,11.807064,44.92834,18.85217
"008","12am",9.758775,13.017005,35.33023,41.89399
"009","12am",16.979838,16.501346,30.43487,36.08395
"010","12am",24.143362,9.589384,35.97226,30.29499
"011","12am",18.730556,12.462603,41.05441,27.75243
"012","12am",20.835528,7.966002,44.21635,26.98212
"013","12am",11.823099,13.551185,44.41616,30.20956
"014","12am",6.723257,8.319043,57.6624,27.2953
"015","12am",13.942951,15.791691,41.25033,29.01503
"016","12am",5.487282,10.715628,54.79607,29.00102
"017","12am",12.561468,12.638755,60.39635,14.40343
"018","12am",11.242541,15.738244,50.79376,22.22546
"019","12am",2.977316,13.251148,49.81173,33.95981
"020","12am",12.730041,11.819048,46.61616,28.83475
"021","12am",9.832246,14.098163,57.86095,18.20864
"022","12am",7.612775,15.465226,47.30237,29.61963
"023","12am",18.517688,10.841943,39.12426,31.51611
"024","12am",12.751067,11.361967,48.4976,27.38937
"025","12am",14.30031,12.64915,43.79797,29.25257
"026","12am",7.862495,12.260054,52.48669,27.39076
"027","12am",8.922582,9.040629,51.07912,30.95767
"028","12am",10.281734,11.957069,57.61616,20.14504
"029","12am",5.598792,8.871109,54.91184,30.61826
"030","12am",7.267611,8.83066,54.22108,29.68065
"031","12am",6.80339,6.893452,56.19187,30.11128
"032","12am",7.869688,9.850091,58.62873,23.65149
"033","12am",7.174282,11.996418,59.96881,20.86049
"034","12am",14.260346,10.519508,51.03883,24.18131
"035","12am",5.55557,13.524411,60.99951,19.92051
"036","12am",6.728629,4.208914,61.15235,27.91011
"037","12am",5.278552,11.953368,49.20936,33.55871
"038","12am",3.97364,7.07408,60.77211,28.18017
"039","12am",12.988633,16.761109,56.34866,13.9016
"040","12am",5.024331,12.539134,55.13097,27.30557
"041","12am",7.850314,7.984653,58.75093,25.41411
"042","12am",7.332036,9.443169,57.81555,25.40924
"043","12am",9.530957,2.917921,56.86332,30.6878
"044","12am",5.18358,10.402379,64.76755,19.64649
"045","12am",4.509207,18.915604,44.92733,31.64786
"046","12am",17.147763,10.860669,54.90087,17.09069
"047","12am",8.354964,13.680092,50.17045,27.79449
"048","12am",9.748755,7.65396,57.07785,25.51944
"049","12am",10.037735,17.080479,47.70836,25.17342
"050","12am",6.356845,9.324843,43.71455,40.60376
"051","12am",11.058697,4.272241,58.28721,26.38185
"052","12am",6.568242,11.27723,48.61939,33.53514
"001","1pm",14.385691,16.919818,55.78502,12.90947
"002","1pm",35.344665,11.461634,35.48729,17.70642
"003","1pm",17.907816,11.575233,51.02625,19.4907
"004","1pm",16.870422,12.713794,47.4949,22.92088
"005","1pm",8.215266,17.130587,47.53205,27.12209
"006","1pm",8.220271,20.895758,54.59892,16.28505
"007","1pm",24.123773,13.069646,43.53774,19.26884
"008","1pm",11.465114,13.04256,34.44195,41.05037
"009","1pm",20.582427,17.329373,28.77405,33.31415
"010","1pm",23.495913,8.72375,37.21001,30.57033
"011","1pm",16.345808,13.760469,42.15522,27.73851
"012","1pm",21.715988,7.559696,47.58363,23.14068
"013","1pm",11.871321,13.00381,47.057,28.06787
"014","1pm",6.629537,7.747836,56.35791,29.26471
"015","1pm",13.32526,13.94145,45.53955,27.19374
"016","1pm",7.098091,10.722205,49.84803,32.33167
"017","1pm",11.494524,13.258289,59.93622,15.31096
"018","1pm",9.051197,16.277492,50.57967,24.09164
"019","1pm",2.722967,13.504372,47.71231,36.06035
"020","1pm",13.229998,13.232252,47.86362,25.67413
"021","1pm",13.480949,14.145353,53.84396,18.52974
"022","1pm",10.29056,13.06317,48.8062,27.84007
"023","1pm",18.669062,9.133585,41.75909,30.43826
"024","1pm",8.529203,13.450798,49.29564,28.72436
"025","1pm",14.580424,14.363372,42.43284,28.62336
"026","1pm",8.237432,10.539579,51.25634,29.96665
"027","1pm",11.968847,7.391866,49.62716,31.01213
"028","1pm",9.037623,11.585118,56.79082,22.58643
"029","1pm",3.988046,9.78981,54.25529,31.96685
"030","1pm",4.598828,7.383923,55.18496,32.83229
"031","1pm",7.307373,7.404106,54.29802,30.9905
"032","1pm",8.452791,9.314306,58.10125,24.13165
"033","1pm",8.30708,11.535037,53.84635,26.31153
"034","1pm",12.363727,10.156876,54.20134,23.27806
"035","1pm",7.434682,8.452766,64.83642,19.27614
"036","1pm",6.161922,2.81587,58.81886,32.20335
"037","1pm",5.696299,13.796776,48.73722,31.7697
"038","1pm",6.879761,9.461829,58.11308,25.54533
"039","1pm",12.673894,16.76009,56.77355,13.79246
"040","1pm",4.812563,11.951741,55.71968,27.51602
"041","1pm",10.113599,8.849345,56.57895,24.4581
"042","1pm",5.834689,7.780977,56.23467,30.14967
"043","1pm",11.838049,3.356014,54.17654,30.6294
"044","1pm",5.358549,10.721503,63.6103,20.30965
"045","1pm",4.581932,17.013068,47.69682,30.70818
"046","1pm",18.547926,11.647106,50.00928,19.79569
"047","1pm",9.565822,11.036784,52.97446,26.42293
"048","1pm",8.915744,7.88514,58.50627,24.69285
"049","1pm",8.881313,18.655777,47.2078,25.25511
"050","1pm",6.52884,4.874934,45.61784,42.97839
"051","1pm",10.04504,2.112719,59.3182,28.52404
"052","1pm",6.994248,8.424322,51.15485,33.42658
"001","2pm",15.787293,16.119134,53.25828,14.83529
"002","2pm",35.700875,9.898742,34.90372,19.49667
"003","2pm",14.866888,12.925619,53.8617,18.34579
"004","2pm",16.038988,14.557829,48.21428,21.1889
"005","2pm",10.072035,16.730813,45.15216,28.04499
"006","2pm",8.479418,18.855187,54.41486,18.25053
"007","2pm",22.175443,13.568483,46.32303,17.93304
"008","2pm",11.04757,15.620759,34.31981,39.01186
"009","2pm",22.418181,16.530422,30.4072,30.6442
"010","2pm",22.36246,9.539699,40.49243,27.60541
"011","2pm",15.771438,14.750746,42.38928,27.08854
"012","2pm",22.00075,8.610784,46.19272,23.19574
"013","2pm",12.071161,15.306198,44.67542,27.94723
"014","2pm",6.315502,10.324042,52.67616,30.6843
"015","2pm",14.333727,14.031202,46.64844,24.98663
"016","2pm",6.958761,13.513997,48.64644,30.8808
"017","2pm",10.263805,13.671219,59.18476,16.88022
"018","2pm",9.348619,17.103754,49.61541,23.93222
"019","2pm",4.826435,13.158938,46.80178,35.21285
"020","2pm",14.263047,11.759309,47.70719,26.27046
"021","2pm",11.155279,15.572111,55.84736,17.42525
"022","2pm",11.67449,10.920237,48.21264,29.19263
"023","2pm",18.488434,10.444834,40.54198,30.52476
"024","2pm",8.761313,13.78054,50.14189,27.31626
"025","2pm",15.068829,12.342618,43.26792,29.32063
"026","2pm",7.148497,10.435168,53.17002,29.24632
"027","2pm",9.087036,8.148275,53.51974,29.24495
"028","2pm",9.74365,11.168997,57.45044,21.63691
"029","2pm",4.268124,9.379674,55.0657,31.2865
"030","2pm",2.033947,11.145395,59.04585,27.77481
"031","2pm",5.429406,8.103225,58.09755,28.36982
"032","2pm",7.778846,8.491859,55.74974,27.97956
"033","2pm",7.92327,13.51205,53.28197,25.28271
"034","2pm",12.899057,7.677915,56.13982,23.28321
"035","2pm",7.496658,9.247683,64.96113,18.29453
"036","2pm",6.167612,3.359662,61.27846,29.19426
"037","2pm",6.834218,12.70354,47.58971,32.87253
"038","2pm",5.825025,9.307798,53.88366,30.98352
"039","2pm",12.812495,14.1011,57.23952,15.84688
"040","2pm",10.228321,11.148218,50.31412,28.30934
"041","2pm",7.871188,8.537184,59.0893,24.50233
"042","2pm",8.504474,8.007359,56.66254,26.82562
"043","2pm",12.469338,3.808747,53.20064,30.52128
"044","2pm",5.382483,8.628579,67.46712,18.52182
"045","2pm",4.729027,16.861252,48.57853,29.83119
"046","2pm",16.43261,10.60476,51.75531,21.20732
"047","2pm",10.038047,11.021608,51.01662,27.92372
"048","2pm",9.992454,8.266398,57.31208,24.42907
"049","2pm",9.777471,17.736578,48.51146,23.97449
"050","2pm",6.297339,6.367712,49.19162,38.14333
"051","2pm",12.97535,3.196452,52.00424,31.82396
"052","2pm",7.072557,10.60366,52.81929,29.50449
"001","3pm",15.078754,16.817558,50.72163,17.38206
"002","3pm",35.196456,11.361438,33.94668,19.49543
"003","3pm",14.716764,10.152395,56.33438,18.79646
"004","3pm",15.237027,11.598567,49.82223,23.34218
"005","3pm",11.529479,17.701208,45.15675,25.61257
"006","3pm",7.806977,20.3529,55.05569,16.78443
"007","3pm",21.190272,12.804178,43.63257,22.37298
"008","3pm",12.390093,12.367046,36.07818,39.16468
"009","3pm",25.190906,18.825685,27.84332,28.14009
"010","3pm",17.466742,11.348975,41.0192,30.16508
"011","3pm",14.968382,13.570124,44.41296,27.04853
"012","3pm",22.734242,8.099523,46.89563,22.2706
"013","3pm",10.304967,14.451396,46.97076,28.27287
"014","3pm",7.698057,10.519858,52.79565,28.98643
"015","3pm",14.556556,13.084676,45.97071,26.38805
"016","3pm",8.103811,13.645573,48.72732,29.52329
"017","3pm",10.843491,13.483928,58.36609,17.30649
"018","3pm",9.170986,17.306677,47.7277,25.79464
"019","3pm",4.437461,12.098427,48.49884,34.96527
"020","3pm",12.963483,11.223475,46.74472,29.06832
"021","3pm",10.792653,14.774488,53.7363,20.69656
"022","3pm",12.198782,9.949769,50.39159,27.45985
"023","3pm",16.888762,10.806881,37.72305,34.58131
"024","3pm",7.852061,13.576637,52.33162,26.23968
"025","3pm",14.499018,15.397281,42.45794,27.64576
"026","3pm",5.923442,9.68936,53.55316,30.83404
"027","3pm",6.984555,9.698269,53.04473,30.27244
"028","3pm",12.654293,10.399677,58.06749,18.87854
"029","3pm",5.161976,10.011998,55.14027,29.68575
"030","3pm",2.168226,10.980517,56.61072,30.24054
"031","3pm",5.061527,4.513048,62.08267,28.34276
"032","3pm",7.997854,9.368752,56.2082,26.42519
"033","3pm",5.825525,15.32179,52.90141,25.95127
"034","3pm",12.768311,9.338553,54.92501,22.96813
"035","3pm",8.765514,8.565875,65.1825,17.48611
"036","3pm",7.664766,2.918364,60.36785,29.04902
"037","3pm",5.205712,13.150659,47.61411,34.02952
"038","3pm",6.040896,9.59278,52.74666,31.61966
"039","3pm",12.816816,14.385327,56.88649,15.91137
"040","3pm",12.054763,9.810283,50.03118,28.10377
"041","3pm",8.817101,6.987919,61.18896,23.00602
"042","3pm",7.254145,8.469448,57.40144,26.87497
"043","3pm",11.787866,6.972966,54.57899,26.66018
"044","3pm",8.748501,8.702629,64.20641,18.34246
"045","3pm",4.786461,15.976385,47.53528,31.70188
"046","3pm",17.252616,11.892002,49.94734,20.90804
"047","3pm",10.170513,8.751332,52.51483,28.56333
"048","3pm",9.993516,7.416515,57.40568,25.18429
"049","3pm",8.79482,17.723877,48.7233,24.758
"050","3pm",6.093249,6.161341,48.33774,39.40767
"051","3pm",6.876531,4.197675,59.2636,29.66219
"052","3pm",8.626237,9.544479,51.69912,30.13016
"001","4pm",16.30682,16.894363,50.66094,16.13788
"002","4pm",35.059915,12.68335,35.54424,16.7125
"003","4pm",13.583075,11.757511,52.6602,21.99922
"004","4pm",12.417527,11.276184,49.8482,26.45808
"005","4pm",10.375262,19.689878,43.43126,26.50359
"006","4pm",7.306811,20.849341,55.09656,16.74729
"007","4pm",21.360503,12.120065,45.51998,20.99945
"008","4pm",12.229982,13.70291,32.54345,41.52366
"009","4pm",22.572561,17.320117,29.87647,30.23085
"010","4pm",17.126639,11.499134,41.53569,29.83854
"011","4pm",9.179217,16.407218,45.52535,28.88822
"012","4pm",20.678097,9.488122,43.85238,25.9814
"013","4pm",10.094,15.175478,46.08595,28.64457
"014","4pm",7.55608,10.194202,56.30371,25.94601
"015","4pm",13.725118,13.986683,45.46164,26.82656
"016","4pm",8.321986,12.763178,48.21992,30.69491
"017","4pm",9.99949,12.213911,61.27499,16.51161
"018","4pm",8.576683,13.695814,53.50142,24.22608
"019","4pm",7.599995,8.364648,51.85104,32.18431
"020","4pm",11.564077,10.844627,48.44345,29.14784
"021","4pm",13.600914,14.105824,50.73447,21.55879
"022","4pm",13.592849,10.834847,49.96603,25.60628
"023","4pm",16.819621,11.870115,38.63332,32.67694
"024","4pm",8.607138,14.138233,50.13738,27.11725
"025","4pm",15.472812,14.863411,43.11905,26.54473
"026","4pm",6.148242,13.742861,51.75532,28.35358
"027","4pm",8.875005,11.696364,49.89578,29.53285
"028","4pm",12.466443,6.672934,63.55496,17.30567
"029","4pm",6.268801,12.676335,51.43635,29.61851
"030","4pm",4.560789,10.669813,57.64397,27.12543
"031","4pm",6.996092,4.621437,62.26629,26.11618
"032","4pm",9.943225,10.976696,55.582,23.49808
"033","4pm",6.497559,16.340471,51.97389,25.18808
"034","4pm",11.32549,8.634069,57.09919,22.94125
"035","4pm",8.064208,6.723168,68.34739,16.86523
"036","4pm",6.685745,4.362459,63.16265,25.78915
"037","4pm",3.546994,12.33458,46.43021,37.68822
"038","4pm",8.186438,10.085762,51.39003,30.33777
"039","4pm",14.473477,11.386083,58.48244,15.658
"040","4pm",10.454704,10.638246,49.31553,29.59152
"041","4pm",11.019127,6.910535,60.37467,21.69567
"042","4pm",4.64093,10.01205,57.08361,28.26341
"043","4pm",10.611959,7.24433,57.57558,24.56813
"044","4pm",13.286297,9.304185,58.30046,19.10906
"045","4pm",6.769895,14.104691,47.2634,31.86202
"046","4pm",15.987243,13.770629,50.93248,19.30965
"047","4pm",8.067326,8.963288,53.24566,29.72372
"048","4pm",9.43647,8.222507,57.3179,25.02312
"049","4pm",8.749822,16.915951,49.03655,25.29768
"050","4pm",6.238178,8.068932,48.07795,37.61494
"051","4pm",5.40131,10.184655,56.55594,27.8581
"052","4pm",10.989768,11.07823,49.19302,28.73898
"001","5pm",18.117743,18.240636,46.21217,17.42945
"002","5pm",31.932044,11.07562,37.77092,19.22141
"003","5pm",12.926899,10.618901,56.01486,20.43934
"004","5pm",17.439133,10.045408,46.6261,25.88936
"005","5pm",12.117541,19.592583,40.41053,27.87935
"006","5pm",9.004838,21.563034,52.22273,17.2094
"007","5pm",17.087281,12.854177,47.46876,22.58979
"008","5pm",14.739431,13.134956,31.8198,40.30581
"009","5pm",17.849806,19.487398,29.02848,33.63431
"010","5pm",15.936556,13.305847,42.07077,28.68682
"011","5pm",10.527949,15.702927,44.87095,28.89818
"012","5pm",20.487178,9.588271,42.7386,27.18595
"013","5pm",11.321567,14.231149,46.79359,27.6537
"014","5pm",8.043749,11.599614,54.96159,25.39504
"015","5pm",12.060918,16.376028,45.10681,26.45624
"016","5pm",9.340272,12.89189,49.34288,28.42496
"017","5pm",10.078137,12.514548,59.506,17.90132
"018","5pm",12.267096,9.953311,55.07285,22.70675
"019","5pm",7.846675,8.967932,53.2659,29.91949
"020","5pm",10.472512,11.479914,50.47932,27.56825
"021","5pm",15.087095,13.223804,53.20796,18.48114
"022","5pm",10.245292,12.499685,47.64863,29.60639
"023","5pm",15.23423,13.958301,39.02036,31.78711
"024","5pm",10.882053,14.150449,48.6857,26.2818
"025","5pm",13.356133,14.443935,45.31828,26.88165
"026","5pm",7.784981,12.402815,55.45969,24.35252
"027","5pm",10.232061,12.622896,51.4096,25.73545
"028","5pm",15.699841,10.04883,58.30966,15.94167
"029","5pm",9.940352,12.464238,51.73499,25.86042
"030","5pm",8.101513,8.488812,59.87699,23.53268
"031","5pm",7.015573,6.304117,63.66721,23.0131
"032","5pm",7.413453,10.280686,60.27495,22.03091
"033","5pm",5.848333,17.506319,55.31869,21.32666
"034","5pm",10.675709,11.636278,52.99561,24.69241
"035","5pm",10.155795,6.217565,65.44278,18.18386
"036","5pm",8.319321,5.058208,61.66848,24.954
"037","5pm",3.571494,9.653741,53.33599,33.43877
"038","5pm",9.508193,9.582679,55.37181,25.53732
"039","5pm",14.194013,10.456517,58.16522,17.18425
"040","5pm",11.835628,13.777435,48.34418,26.04276
"041","5pm",11.039171,8.63189,60.64574,19.68319
"042","5pm",5.363448,11.237695,57.77916,25.6197
"043","5pm",12.628111,4.267925,56.33258,26.77139
"044","5pm",12.392959,9.500582,57.03973,21.06673
"045","5pm",7.128454,14.574333,47.58027,30.71694
"046","5pm",14.019855,14.837625,53.00899,18.13353
"047","5pm",6.767109,11.372457,50.31702,31.54342
"048","5pm",9.784014,6.240649,58.87419,25.10114
"049","5pm",7.492484,17.020457,50.83048,24.65658
"050","5pm",8.934381,6.864846,47.58051,36.62027
"051","5pm",6.26306,11.98054,58.27296,23.48344
"052","5pm",7.023007,15.347956,51.42411,26.20493
"001","6pm",22.572204,18.709941,42.21187,16.50598
"002","6pm",28.173533,14.450591,38.73231,18.64356
"003","6pm",16.987935,8.325447,56.40384,18.28278
"004","6pm",14.68688,13.844518,47.82255,23.64605
"005","6pm",12.764781,17.851273,40.99243,28.39152
"006","6pm",13.094532,20.290245,47.83724,18.77798
"007","6pm",17.364147,13.203018,45.02214,24.4107
"008","6pm",12.849438,15.966429,33.02482,38.15931
"009","6pm",19.092088,15.436542,31.68015,33.79122
"010","6pm",13.813792,12.21429,44.34042,29.6315
"011","6pm",9.21082,15.494238,44.92225,30.37269
"012","6pm",15.330314,5.288226,48.47907,30.90239
"013","6pm",10.287017,14.664862,48.40809,26.64003
"014","6pm",12.698513,9.621739,54.82242,22.85732
"015","6pm",10.280187,18.815622,41.5364,29.36779
"016","6pm",11.163423,12.319168,50.29982,26.21759
"017","6pm",9.025062,12.396133,60.65762,17.92119
"018","6pm",14.950979,8.741114,53.82985,22.47806
"019","6pm",7.734157,9.897335,54.1055,28.26301
"020","6pm",10.589116,10.966918,52.55878,25.88519
"021","6pm",16.63764,11.778128,53.55113,18.0331
"022","6pm",11.49045,17.031214,41.45269,30.02565
"023","6pm",14.664985,11.965411,43.33681,30.03279
"024","6pm",13.550289,12.362403,47.439,26.64831
"025","6pm",11.834355,14.551143,47.17145,26.44305
"026","6pm",13.159772,15.843754,48.81511,22.18137
"027","6pm",9.565278,12.078833,55.80573,22.55016
"028","6pm",15.863287,10.49112,57.60296,16.04263
"029","6pm",8.012005,11.668257,55.78489,24.53485
"030","6pm",8.778185,8.207532,59.43424,23.58005
"031","6pm",7.939299,7.258166,62.77026,22.03227
"032","6pm",9.239554,9.528133,62.12043,19.11189
"033","6pm",6.883259,17.455382,54.56795,21.09341
"034","6pm",8.967444,12.767747,54.17906,24.08575
"035","6pm",11.930935,8.033105,62.22694,17.80902
"036","6pm",9.572332,6.365053,61.69168,22.37093
"037","6pm",6.740939,6.796819,55.25396,31.20828
"038","6pm",9.101846,8.620698,55.23421,27.04325
"039","6pm",12.846509,10.287007,58.92655,17.93993
"040","6pm",14.774396,13.37741,47.77471,24.07349
"041","6pm",10.600586,10.474047,57.10728,21.81809
"042","6pm",8.784019,13.038467,58.20975,19.96777
"043","6pm",14.271066,6.856103,52.39368,26.47915
"044","6pm",13.294001,10.584903,58.15136,17.96974
"045","6pm",9.736046,13.25787,48.54651,28.45957
"046","6pm",12.743382,12.991176,55.34367,18.92177
"047","6pm",7.671303,16.856832,46.3477,29.12416
"048","6pm",12.494648,7.269924,56.50729,23.72813
"049","6pm",7.053938,16.331875,51.39777,25.21641
"050","6pm",10.615247,7.186998,48.09712,34.10063
"051","6pm",9.371682,7.374197,61.65304,21.60108
"052","6pm",11.494092,15.079731,50.9443,22.48187
"001","7pm",22.424093,19.04959,42.37663,16.14969
"002","7pm",28.201336,13.478345,37.91854,20.40178
"003","7pm",16.582664,8.764273,56.04218,18.61089
"004","7pm",14.183831,13.334203,49.07204,23.40992
"005","7pm",13.131373,18.673759,38.34095,29.85391
"006","7pm",13.114488,19.336244,48.42596,19.12331
"007","7pm",17.348028,13.328202,43.24424,26.07953
"008","7pm",11.513931,15.600899,32.44833,40.43684
"009","7pm",17.279322,16.917245,32.76109,33.04234
"010","7pm",15.808248,12.261179,42.62593,29.30464
"011","7pm",12.543786,13.676316,44.75113,29.02876
"012","7pm",13.091693,4.996827,51.19067,30.72081
"013","7pm",10.548788,14.09961,48.65378,26.69783
"014","7pm",12.504849,9.920333,56.00519,21.56963
"015","7pm",10.400328,17.92999,41.54227,30.12741
"016","7pm",10.369131,14.463266,49.24986,25.91774
"017","7pm",12.613965,13.151916,58.15521,16.07891
"018","7pm",13.93294,8.258238,54.84442,22.9644
"019","7pm",10.634331,8.818872,56.18046,24.36634
"020","7pm",11.667261,12.796404,50.69564,24.8407
"021","7pm",16.065803,13.692877,53.43905,16.80228
"022","7pm",11.296749,15.981197,40.88728,31.83478
"023","7pm",14.647632,12.241723,43.79339,29.31726
"024","7pm",13.800791,11.609234,46.95706,27.63292
"025","7pm",13.886568,15.734768,44.11731,26.26135
"026","7pm",12.961553,16.906472,48.86873,21.26325
"027","7pm",9.9105,11.665644,56.61709,21.80676
"028","7pm",13.834935,12.236582,59.47365,14.45483
"029","7pm",9.348558,10.259698,58.81867,21.57307
"030","7pm",8.803248,9.75946,59.32554,22.11175
"031","7pm",9.904784,6.158958,62.19773,21.73853
"032","7pm",8.721271,10.746553,62.11806,18.41412
"033","7pm",6.335394,13.179472,60.52189,19.96324
"034","7pm",8.003404,13.851838,53.14903,24.99573
