"district","hour","cspmen1","cspmen2","cspmen3","cspmen4","cspmen5"
"001","4am",15.992773,18.26166,23.51577,31.277695,10.9521062
"002","4am",11.349643,23.46915,30.0437,29.892289,5.2452185
"003","4am",27.374479,38.68208,18.10676,14.56725,1.2694275
"004","4am",14.052668,34.60623,38.54335,10.830276,1.9674813
"005","4am",11.168244,25.92689,42.64237,15.639157,4.6233337
"006","4am",26.973385,45.30024,21.92368,4.48339,1.3193023
"007","4am",16.884443,39.34561,25.51034,16.068211,2.1913895
"008","4am",17.468604,37.95248,29.97649,11.465595,3.1368302
"009","4am",9.518539,30.70735,21.1719,27.792726,10.8094908
"010","4am",11.051585,38.39018,27.99367,15.59081,6.9737544
"011","4am",10.004296,56.8792,17.07424,12.179599,3.8626712
"012","4am",12.982556,35.18838,25.73158,20.776582,5.3209011
"013","4am",13.675359,50.57115,23.28065,11.851817,0.6210254
"014","4am",10.712008,45.73634,31.49044,11.4417,0.6195101
"015","4am",13.250285,41.5631,30.12031,13.797431,1.2688767
"016","4am",4.813245,32.6612,31.78177,26.337989,4.4057948
"017","4am",6.730001,30.36535,21.19246,30.802149,10.9100402
"018","4am",3.387296,36.05864,31.89518,22.371711,6.2871739
"019","4am",6.186278,31.11063,25.12819,32.033942,5.5409643
"020","4am",15.103574,35.51225,27.66629,20.312946,1.4049429
"021","4am",12.879706,41.13635,18.91553,21.266159,5.8022616
"022","4am",21.811541,35.25525,22.11703,18.193705,2.6224759
"023","4am",9.826713,33.18183,23.07343,27.622797,6.2952336
"024","4am",19.07334,45.51486,14.56794,19.109491,1.7343661
"025","4am",28.768136,32.46025,21.32802,14.572082,2.8715164
"026","4am",2.270277,34.03709,24.03306,36.065243,3.5943248
"027","4am",8.507078,43.53741,26.64045,17.675072,3.639988
"028","4am",6.686959,51.22845,20.17027,16.480067,5.4342479
"029","4am",6.555488,43.32808,23.43448,26.68195,0
"030","4am",8.013335,40.54021,28.7546,16.172354,6.5194921
"031","4am",8.776555,29.86329,33.07384,23.806347,4.4799667
"032","4am",14.769925,36.32264,27.13292,19.108316,2.6662021
"033","4am",4.37985,38.6412,21.70656,27.921848,7.3505455
"034","4am",16.388504,30.74657,34.26925,14.089874,4.5058071
"035","4am",5.764551,25.94278,42.1632,25.216468,0.9129992
"036","4am",4.256979,33.8362,31.05895,27.632454,3.2154247
"037","4am",6.323347,22.64645,20.81913,48.097076,2.1139991
"038","4am",6.363991,44.57511,19.59202,28.097528,1.3713507
"039","4am",5.217454,47.13121,29.18873,9.747346,8.7152603
"040","4am",5.59975,32.05474,28.01018,28.580937,5.754387
"041","4am",2.637594,38.89545,35.25256,20.622602,2.5917918
"042","4am",10.718716,22.78482,29.23254,29.018379,8.2455485
"043","4am",3.118824,31.62953,34.56655,28.724997,1.960106
"044","4am",3.28182,21.21573,31.01498,35.493103,8.9943626
"045","4am",4.22002,48.45125,25.01073,19.942265,2.3757401
"046","4am",6.919549,42.89381,18.9913,23.540249,7.6550935
"047","4am",3.881637,37.24706,29.70619,25.697432,3.4676789
"048","4am",3.575386,47.8584,21.18812,26.65733,0.7207612
"049","4am",12.330174,50.94733,21.0437,14.932529,0.7462705
"050","4am",3.499197,42.85386,25.60698,26.884368,1.1555928
"051","4am",6.311199,33.8703,24.79885,32.265708,2.7539404
"052","4am",10.394469,33.36775,23.32615,28.167438,4.7441949
"001","5am",14.91858,18.22525,24.2267,31.573712,11.0557588
"002","5am",10.908573,22.82646,30.63681,30.336809,5.2913439
"003","5am",28.093256,38.4184,18.09964,14.177575,1.2111225
"004","5am",12.892853,35.07322,39.06347,10.976425,1.9940315
"005","5am",11.013821,25.85948,43.12386,16.011231,3.9916144
"006","5am",26.424327,46.14215,22.12026,4.013604,1.2996578
"007","5am",16.480555,39.98737,25.24191,15.900803,2.3893682
"008","5am",17.264756,37.76543,30.04704,11.717128,3.205646
"009","5am",9.576954,30.20197,21.30183,28.043419,10.8758284
"010","5am",11.149607,37.84373,28.24196,15.729093,7.0356081
"011","5am",10.320227,56.35815,17.61343,11.723537,3.9846526
"012","5am",13.113173,35.15885,25.36793,20.985614,5.3744343
"013","5am",13.440341,49.84006,24.08843,12.002268,0.6289089
"014","5am",10.647949,46.2081,30.97519,11.552956,0.6158054
"015","5am",13.422466,42.05432,29.26113,13.976722,1.2853651
"016","5am",4.858596,32.50246,32.08122,26.110424,4.4473065
"017","5am",7.841963,30.40953,20.86373,30.152871,10.731903
"018","5am",3.747507,35.1017,32.01935,22.854787,6.2766519
"019","5am",6.460093,31.33747,24.90378,31.51244,5.786217
"020","5am",14.353906,35.82584,27.91059,20.492317,1.4173491
"021","5am",13.507097,40.48017,18.6138,21.689228,5.7097078
"022","5am",21.891875,34.0552,21.96811,19.403177,2.6816382
"023","5am",10.081623,32.55532,23.67196,27.232553,6.4585356
"024","5am",18.837264,46.64095,15.26365,17.536925,1.7212178
"025","5am",28.797786,32.40634,21.76762,14.097549,2.9307026
"026","5am",2.403107,35.35331,24.92924,34.911241,2.4031069
"027","5am",7.835818,44.92802,26.53197,16.908157,3.7960359
"028","5am",6.741239,51.64429,19.52227,16.613841,5.4783595
"029","5am",6.036724,43.61728,23.54183,26.804172,0
"030","5am",8.129445,40.45474,29.17125,15.630608,6.6139568
"031","5am",9.04065,27.75281,34.06907,24.522702,4.6147732
"032","5am",15.322698,36.5011,26.47963,18.930581,2.7659864
"033","5am",4.510068,37.34543,21.82341,28.751999,7.5690862
"034","5am",15.938027,31.31465,34.55323,13.650952,4.5431452
"035","5am",5.764551,25.94278,42.1632,25.216468,0.9129992
"036","5am",4.372407,34.03422,31.24583,27.044937,3.3026108
"037","5am",6.323347,22.64645,20.81913,48.097076,2.1139991
"038","5am",7.649661,43.577,19.07324,28.318716,1.3813858
"039","5am",4.846599,49.14529,27.114,10.798324,8.095781
"040","5am",5.583705,30.49247,27.92992,30.256001,5.7378985
"041","5am",2.629339,38.49627,35.14223,21.148484,2.5836804
"042","5am",10.985182,20.88167,30.59297,29.089647,8.4505322
"043","5am",3.146528,30.07966,35.28266,29.513629,1.977517
"044","5am",2.310616,19.33632,32.10108,36.753051,9.4989307
"045","5am",4.205969,48.84918,24.09476,20.482257,2.3678294
"046","5am",6.988043,42.09883,20.03824,23.144016,7.7308679
"047","5am",3.824322,38.17365,29.26756,25.317991,3.416476
"048","5am",3.529122,48.5331,20.91395,26.312392,0.7114348
"049","5am",12.855781,51.88974,19.66968,14.843004,0.7417964
"050","5am",3.544041,43.38882,25.93515,25.96159,1.1704024
"051","5am",6.354952,34.10511,24.97077,31.796135,2.7730324
"052","5am",10.488877,34.55088,22.20382,27.969143,4.7872842
"001","6am",17.18349,16.5693,25.0437,30.013981,11.1895302
"002","6am",10.817557,22.35322,31.19727,29.885998,5.7459608
"003","6am",27.10344,39.31679,18.49761,13.840412,1.2417543
"004","6am",12.350206,37.66515,37.61162,10.354847,2.0181739
"005","6am",10.976668,25.69946,43.20511,16.140605,3.9781492
"006","6am",26.066508,46.77835,20.34472,4.614471,2.1959498
"007","6am",16.099834,40.58223,25.45605,15.592677,2.2692144
"008","6am",16.892284,38.23113,29.68224,11.969148,3.2252005
"009","6am",9.934712,31.81504,20.54204,28.069267,9.6389386
"010","6am",11.742269,39.56964,27.76426,15.017424,5.9064042
"011","6am",9.413671,57.8329,17.733,11.173651,3.8467793
"012","6am",12.288495,36.34714,25.72519,21.181133,4.4580389
"013","6am",13.533793,50.70342,23.84446,11.28505,0.6332818
"014","6am",10.574483,45.45266,32.36641,10.966738,0.6397035
"015","6am",12.784989,43.00788,28.73174,14.191455,1.2839316
"016","6am",4.945794,32.87209,32.08207,25.572923,4.5271236
"017","6am",7.733888,31.59731,20.94025,29.144546,10.5839997
"018","6am",4.120137,36.16554,31.83527,22.642498,5.2365499
"019","6am",6.95158,29.42245,25.37591,33.261308,4.9887603
"020","6am",14.246827,35.66493,27.8879,20.708376,1.4919612
"021","6am",14.454548,39.74799,21.37442,19.115924,5.3071175
"022","6am",19.901662,34.24787,22.71505,20.491207,2.6442031
"023","6am",12.214955,35.22917,21.94944,24.861651,5.7447818
"024","6am",19.84139,45.03852,15.57254,17.761319,1.7862325
"025","6am",29.980111,31.14267,22.52924,13.791393,2.5565811
"026","6am",2.660774,34.4571,24.35651,35.643438,2.882177
"027","6am",8.288667,43.8358,25.9748,17.885316,4.0154171
"028","6am",5.21128,55.18639,16.37486,17.997623,5.2298431
"029","6am",6.751632,41.71607,24.28726,27.245035,0
"030","6am",9.328599,38.52767,29.67813,16.336832,6.1287704
"031","6am",9.16995,24.09985,36.79174,26.150808,3.7876442
"032","6am",14.667123,34.9144,28.12107,19.149621,3.1477917
"033","6am",4.782892,35.77128,23.663,29.694121,6.0887074
"034","6am",16.252399,30.39965,34.64783,13.500721,5.1993978
"035","6am",6.103949,29.39914,37.85549,25.674672,0.9667536
"036","6am",4.842697,33.78301,29.93988,28.502332,2.932074
"037","6am",6.79344,20.87869,20.25976,49.796947,2.271159
"038","6am",7.69389,45.97745,17.15153,27.787763,1.3893728
"039","6am",5.006686,50.06225,26.8754,10.31914,7.7365243
"040","6am",5.690982,29.29095,27.91032,31.259607,5.8481381
"041","6am",2.622452,39.10601,34.11422,21.118213,3.0391054
"042","6am",10.899072,21.93142,29.74611,29.186395,8.2370027
"043","6am",3.246293,31.03338,35.7114,27.968711,2.040217
"044","6am",2.384793,19.17934,32.66997,35.962024,9.8038707
"045","6am",4.461317,48.63524,23.2027,21.189162,2.5115826
"046","6am",7.278211,40.04702,20.15534,24.46755,8.0518805
"047","6am",4.071987,39.51624,28.09684,25.600271,2.7146582
"048","6am",3.527662,47.78289,20.9053,27.073009,0.7111404
"049","6am",13.116956,51.74701,20.06928,15.06675,0
"050","6am",3.636205,42.61647,26.60961,25.93688,1.2008392
"051","6am",6.84071,33.23577,24.29303,32.645496,2.9849967
"052","6am",11.833634,34.58223,18.8017,29.381383,5.4010519
"001","7am",17.410789,17.54492,27.83533,27.315748,9.8932181
"002","7am",13.596297,19.96969,30.66593,27.97369,7.7943912
"003","7am",22.839847,39.22585,20.4129,16.088894,1.4325092
"004","7am",11.824048,42.19023,29.68955,14.253655,2.0425105
"005","7am",11.980008,24.51803,40.94163,18.859959,3.7003751
"006","7am",20.336006,45.82874,23.45469,6.524049,3.8565125
"007","7am",14.704496,40.16246,25.60435,17.327757,2.2009385
"008","7am",15.850615,37.17663,27.70775,15.664889,3.6001116
"009","7am",11.105239,30.32878,25.88519,21.550676,11.130112
"010","7am",15.944786,36.2441,28.01173,14.09827,5.701107
"011","7am",11.581263,53.57132,21.37784,9.44628,4.0232935
"012","7am",9.911641,36.17475,27.84226,21.826299,4.2450464
"013","7am",12.999439,52.03687,23.31305,10.988375,0.6622664
"014","7am",8.667818,50.56179,28.38427,11.092151,1.2939671
"015","7am",11.806927,41.55378,29.23455,15.512348,1.8923919
"016","7am",5.322131,31.76285,33.2312,27.286879,2.3969429
"017","7am",8.257707,32.42724,22.56229,27.693867,9.0588972
"018","7am",4.55973,40.72108,28.3682,21.63812,4.7128725
"019","7am",9.142855,29.24403,28.53009,29.418138,3.6648867
"020","7am",12.967988,34.94986,29.48409,19.484496,3.1135612
"021","7am",16.849868,40.89462,19.24377,19.441388,3.5703465
"022","7am",17.894029,35.95158,22.03932,22.134073,1.9810029
"023","7am",14.367663,35.05167,18.22678,25.024815,7.3290792
"024","7am",18.493036,43.50971,16.88103,18.651891,2.4643285
"025","7am",29.082788,33.60027,20.6931,14.532292,2.0915567
"026","7am",3.414107,35.04815,20.10047,37.739074,3.6981946
"027","7am",8.016714,45.71247,24.36451,17.854073,4.0522282
"028","7am",8.451707,54.4981,18.2129,14.512838,4.3244545
"029","7am",7.535662,43.06074,22.02117,27.382427,0
"030","7am",10.09823,37.5269,32.63827,16.137866,3.5987328
"031","7am",8.714333,26.90164,30.06465,30.586077,3.7332992
"032","7am",14.405979,35.15551,26.86358,20.016376,3.558547
"033","7am",5.593737,37.29395,27.939,23.776846,5.3964693
"034","7am",15.633545,29.03589,32.32067,14.708661,8.3012346
"035","7am",7.238184,31.239,34.28807,26.088346,1.1463957
"036","7am",4.939174,36.82768,29.34723,27.214251,1.6716572
"037","7am",6.637149,20.19387,21.94992,48.652283,2.5667731
"038","7am",6.99367,43.56278,20.98415,27.688782,0.7706233
"039","7am",6.563784,50.19874,24.26308,13.744103,5.2302927
"040","7am",4.091136,30.98442,29.14239,30.912893,4.8691668
"041","7am",3.703518,34.68907,38.25598,20.259213,3.0922153
"042","7am",11.316416,19.62521,31.11773,29.240367,8.7002814
"043","7am",3.694882,32.6961,36.12848,26.1078,1.3727376
"044","7am",2.521674,22.47658,31.21168,35.373133,8.4169395
"045","7am",3.615667,48.76395,25.64416,19.176938,2.7992914
"046","7am",6.170793,44.72441,19.32095,23.182551,6.6013009
"047","7am",7.812765,38.64842,27.55551,23.091602,2.891696
"048","7am",4.274815,47.22021,20.69456,27.056758,0.7536547
"049","7am",13.259313,50.89145,22.68718,13.162062,0
"050","7am",3.477969,44.91818,24.86842,26.73543,0
"051","7am",6.985048,34.76911,21.23096,34.271176,2.7437021
"052","7am",14.170156,33.36671,19.52266,27.086515,5.853965
"001","8am",13.774565,20.69656,32.91637,24.51306,8.0994453
"002","8am",15.649022,19.77993,31.45061,25.99584,7.1246013
"003","8am",21.819103,43.1343,18.77991,12.56643,3.700248
"004","8am",11.152631,42.20571,29.20282,15.24543,2.1934049
"005","8am",11.07579,21.58225,39.788,21.55145,6.0025105
"006","8am",17.718307,42.42987,22.8735,11.62627,5.352051
"007","8am",13.399836,36.73639,26.66942,17.95015,5.2442092
"008","8am",14.232046,36.90196,25.4318,18.67262,4.7615821
"009","8am",11.40385,29.92201,27.0062,21.67459,9.9933552
"010","8am",17.634081,38.14063,27.47959,13.75394,2.9917636
"011","8am",11.007475,47.70349,21.62668,16.84518,2.8171721
"012","8am",9.278161,35.61912,30.00812,20.32351,4.7711008
"013","8am",14.301056,51.30995,21.46857,12.18309,0.7373348
"014","8am",8.513948,51.8837,25.9793,12.07714,1.5459108
"015","8am",12.245141,38.63738,30.04375,16.56834,2.5053768
"016","8am",5.324831,39.11482,29.8816,23.821,1.8577459
"017","8am",7.968476,36.991,24.88934,22.88095,7.270232
"018","8am",4.716221,42.85489,28.35192,21.02271,3.0542534
"019","8am",9.672573,29.22513,28.74394,29.21475,3.1436005
"020","8am",12.947927,33.36203,29.32517,21.18783,3.1770507
"021","8am",17.948651,41.78715,16.68624,20.96462,2.6133328
"022","8am",17.143707,35.7896,21.73255,21.87824,3.4559038
"023","8am",14.318976,37.65122,18.496,24.78592,4.7478766
"024","8am",18.367012,46.09564,17.57059,16.2081,1.7586577
"025","8am",27.841688,33.97558,22.77113,13.98993,1.421665
"026","8am",3.053639,36.89278,19.94647,37.5931,2.5140108
"027","8am",7.726406,48.08774,22.74997,19.09728,2.3386009
"028","8am",7.722236,56.95468,18.00925,13.96478,3.3490524
"029","8am",7.250015,47.61078,18.20747,26.93174,0
"030","8am",11.288109,35.23846,31.39551,17.12525,4.9526796
"031","8am",9.427677,27.08877,26.11641,33.54064,3.8264954
"032","8am",14.930163,34.81965,27.61865,19.2125,3.4190362
"033","8am",8.590882,35.87786,27.60457,23.01584,4.9108419
"034","8am",14.579624,28.83549,31.22068,17.40181,7.9623975
"035","8am",7.765829,32.73995,29.19379,27.1499,3.15054
"036","8am",5.763298,37.74706,30.89956,23.6395,1.9505808
"037","8am",5.649991,21.76683,18.73685,52.63898,1.2073487
"038","8am",7.886458,45.98972,21.46207,24.66175,0
"039","8am",5.821722,46.83666,27.91148,14.08014,5.3499977
"040","8am",4.581102,30.88728,28.19992,32.72694,3.604763
"041","8am",4.146613,40.7057,32.15753,20.15004,2.8401195
"042","8am",8.979973,20.62653,32.25189,29.11067,9.0309326
"043","8am",4.01799,31.11272,36.14644,26.42062,2.302223
"044","8am",3.019481,21.1844,31.84939,39.00673,4.9400024
"045","8am",3.169067,50.76281,26.04489,18.11727,1.9059631
"046","8am",6.985167,46.04199,19.7363,22.43819,4.7983559
"047","8am",8.735824,36.96389,28.35737,22.96365,2.9792631
"048","8am",4.173789,45.25074,21.82538,27.49694,1.2531477
"049","8am",11.382703,53.32118,23.42997,11.86614,0
"050","8am",3.901295,45.08626,23.897,27.11545,0
"051","8am",7.712338,36.90902,19.20688,34.15218,2.0195859
"052","8am",15.192302,34.51827,20.33017,25.64591,4.3133445
"001","9am",14.053,20.71968,33.50222,24.0361,7.689
"002","9am",15.226532,24.24484,30.14136,24.34454,6.042727
"003","9am",21.451977,44.49729,16.95614,13.22743,3.867162
"004","9am",10.298881,42.58334,29.27733,15.50398,2.336472
"005","9am",10.606931,23.88012,38.54374,20.54751,6.421701
"006","9am",17.945114,43.43601,21.53673,12.03355,5.048587
"007","9am",12.930287,35.72583,26.97369,20.02324,4.346956
"008","9am",13.907505,36.15568,24.58533,20.69848,4.653001
"009","9am",9.706451,30.96028,28.86066,19.57985,10.892761
"010","9am",18.807676,37.50447,24.79566,14.38948,4.502718
"011","9am",11.297987,47.41206,22.68116,14.95662,3.652168
"012","9am",9.320728,34.96936,31.14554,20.77466,3.789705
"013","9am",14.064419,51.54988,22.81903,11.56667,0
"014","9am",8.868629,51.93863,24.91911,12.66332,1.610312
"015","9am",11.879023,38.06141,29.15992,17.64731,3.252332
"016","9am",8.804047,37.38087,28.33131,25.48377,0
"017","9am",6.994767,35.99215,24.37066,24.68402,7.958401
"018","9am",3.941695,43.44504,28.75571,19.96768,3.889878
"019","9am",9.228185,31.85429,24.98053,31.50543,2.431567
"020","9am",13.270462,33.41583,26.87478,23.87499,2.563946
"021","9am",16.671399,44.22987,16.04274,20.52219,2.533794
"022","9am",16.453228,36.12911,24.35162,20.42342,2.642621
"023","9am",15.65723,43.18017,17.35714,18.50018,5.305283
"024","9am",18.68841,43.92596,17.27381,17.56324,2.548578
"025","9am",27.755616,33.8297,21.98672,15.14553,1.282442
"026","9am",4.225367,32.3067,22.96699,38.03667,2.464276
"027","9am",8.147068,46.78935,26.67206,17.15856,1.232963
"028","9am",7.619398,51.42541,23.87192,15.42125,1.662016
"029","9am",7.385577,49.48749,16.57497,26.55197,0
"030","9am",10.975046,33.17876,32.01031,17.83666,5.999219
"031","9am",8.806097,24.73786,28.53824,34.05213,3.865681
"032","9am",15.909606,35.24457,26.65894,18.39313,3.793755
"033","9am",8.945264,38.53747,29.18063,18.68456,4.652088
"034","9am",14.773631,28.63862,31.51149,17.07127,8.004985
"035","9am",6.413001,31.29664,32.67001,26.41759,3.202763
"036","9am",4.301406,38.19245,30.60469,24.74687,2.154577
"037","9am",7.401726,21.13031,20.46217,51.0058,0
"038","9am",7.986974,47.36572,17.84245,24.76233,2.042524
"039","9am",6.547759,44.49236,29.66332,14.63641,4.660153
"040","9am",2.38909,33.78222,29.61348,31.46331,2.751906
"041","9am",4.440817,41.50422,29.82357,21.19439,3.036992
"042","9am",8.394138,21.99338,33.19709,27.96871,8.446686
"043","9am",3.424346,32.68609,32.99855,28.4813,2.40971
"044","9am",2.947004,22.92081,30.15068,39.16009,4.821427
"045","9am",2.702216,52.81854,27.93083,14.2865,2.261921
"046","9am",7.153546,46.55209,19.28589,22.50241,4.506066
"047","9am",8.979398,38.59277,26.59797,22.76753,3.062332
"048","9am",4.257523,45.31381,21.77302,27.37736,1.278288
"049","9am",11.265555,52.65623,24.33419,11.74402,0
"050","9am",3.919861,45.30082,24.53055,26.24876,0
"051","9am",7.210647,34.50807,24.46251,31.93056,1.888211
"052","9am",16.312057,35.29083,17.83474,25.93111,4.631261
"001","10am",15.121367,21.54228,33.87555,21.69558,7.765229
"002","10am",13.647084,21.96869,33.69046,24.8117,5.8820686
"003","10am",22.362121,43.91845,18.09519,12.77315,2.851094
"004","10am",10.916135,46.26496,24.73645,15.75141,2.3310518
"005","10am",13.038053,22.32937,37.1388,22.53067,4.9631154
"006","10am",17.637348,43.2528,21.26219,13.46847,4.3791948
"007","10am",12.847891,35.09814,28.44377,19.81779,3.7924098
"008","10am",14.23802,34.35449,25.95291,21.448,4.0065867
"009","10am",9.746605,31.61612,27.1516,21.49834,9.9873296
"010","10am",23.156369,35.09387,24.79899,12.35065,4.6001259
"011","10am",7.140367,49.05688,22.61195,18.00985,3.1809554
"012","10am",8.32372,35.68904,29.88519,21.55671,4.545337
"013","10am",14.841734,51.7315,22.22393,11.09838,0.1044542
"014","10am",8.965823,51.7465,24.81831,12.84142,1.6279595
"015","10am",11.811488,39.25571,28.72893,17.52841,2.6754598
"016","10am",6.344535,37.13609,29.16548,25.70488,1.6490212
"017","10am",7.64801,35.12192,24.50782,22.84195,9.8803001
"018","10am",4.298137,43.27188,28.03399,19.77837,4.6176253
"019","10am",9.088108,31.37077,26.10555,32.60744,0.8281363
"020","10am",13.945892,32.36609,29.37772,21.7755,2.5348012
"021","10am",17.729352,41.64745,16.26341,21.2423,3.117487
"022","10am",17.208968,36.02276,23.57547,19.8497,3.3431087
"023","10am",14.434763,41.34188,19.92678,19.62411,4.6724738
"024","10am",17.45329,44.90326,19.53729,16.0468,2.0593668
"025","10am",27.395601,32.93155,21.22234,17.15639,1.2941229
"026","10am",3.913714,33.13982,24.06037,36.60358,2.2825171
"027","10am",8.533519,50.81522,23.89439,15.46542,1.2914476
"028","10am",10.356509,55.32868,18.07254,15.33986,0.9024078
"029","10am",8.359166,49.57405,17.95269,24.1141,0
"030","10am",11.666862,34.03511,28.48134,18.80917,7.0075174
"031","10am",7.818644,27.65936,31.03797,29.38294,4.101087
"032","10am",15.249334,36.13295,26.17511,18.55429,3.8883139
"033","10am",7.974879,32.36431,31.92769,24.0651,3.6680233
"034","10am",14.662495,29.51821,30.13418,17.06659,8.6185332
"035","10am",5.955739,33.18651,31.58416,25.9427,3.3308934
"036","10am",4.294526,36.30504,27.21634,30.13039,2.0537076
"037","10am",8.140549,16.04795,21.69605,54.11545,0
"038","10am",8.12154,45.43367,20.49195,23.8759,2.0769364
"039","10am",5.930754,45.64266,30.6469,14.13169,3.647993
"040","10am",4.042213,32.84871,28.91167,31.2467,2.9507095
"041","10am",6.802128,38.48547,28.62845,21.09016,4.9937917
"042","10am",8.436434,21.22889,32.45709,29.46552,8.4120617
"043","10am",4.438922,34.34102,32.05974,28.39698,0.7633324
"044","10am",3.064207,23.83237,29.43046,39.63116,4.0417968
"045","10am",2.659858,51.38818,29.10619,14.85064,1.9951259
"046","10am",5.884262,49.55285,19.47259,21.34383,3.7464731
"047","10am",9.622833,40.14935,26.8849,19.25165,4.0912645
"048","10am",4.239909,44.61612,22.17113,27.69984,1.2729997
"049","10am",13.565036,49.37255,24.53851,12.5239,0
"050","10am",4.066748,44.2994,25.89962,25.73423,0
"051","10am",8.742406,41.6303,18.40374,28.93422,2.289324
"052","10am",15.784853,37.40371,16.44906,26.09094,4.2714327
"001","11am",13.89305,21.59807,33.79589,23.34445,7.3685459
"002","11am",13.166784,21.77773,31.33211,27.94498,5.7783913
"003","11am",24.183948,39.93727,20.67723,11.97002,3.2315273
"004","11am",12.84172,43.88385,25.68873,15.36739,2.2183053
"005","11am",12.223558,21.98353,38.09081,21.69528,6.0068217
"006","11am",18.874429,43.36216,21.71988,11.5178,4.5257408
"007","11am",14.851452,36.20634,27.16244,18.16613,3.6136395
"008","11am",14.7038,36.18676,26.33015,18.60668,4.1726025
"009","11am",9.799359,29.12042,28.40032,22.63852,10.0413868
"010","11am",19.640201,35.68525,24.28294,14.38591,6.0057054
"011","11am",9.257668,51.09488,19.00385,16.39905,4.2445531
"012","11am",8.477303,36.0836,30.78523,20.89176,3.7621118
"013","11am",15.786164,51.76612,20.37101,12.0767,0
"014","11am",8.615686,54.84633,22.89408,11.54827,2.0956292
"015","11am",11.51866,40.69244,27.44855,17.23965,3.1007074
"016","11am",6.395908,34.14189,32.72322,25.25202,1.48697
"017","11am",6.614662,34.75679,24.3614,25.30513,8.9620156
"018","11am",3.730962,41.4346,27.45885,21.36851,6.0070881
"019","11am",9.685732,32.18503,25.80113,29.98912,2.3389915
"020","11am",12.990385,35.27818,29.17461,20.13775,2.4190769
"021","11am",17.21243,37.67549,19.87444,22.64853,2.5890998
"022","11am",15.799272,36.78489,25.25348,19.2507,2.911647
"023","11am",15.20065,41.10098,15.67236,22.54063,5.4853884
"024","11am",20.254606,44.48107,16.41569,16.45022,2.3984125
"025","11am",25.990902,33.20934,22.94614,16.53795,1.3156624
"026","11am",3.917095,37.92718,22.10768,33.76355,2.2844892
"027","11am",8.690597,47.68834,27.1968,15.10905,1.3152194
"028","11am",9.067223,54.45731,20.73127,15.7442,0
"029","11am",8.81845,47.50707,18.93908,24.7354,0
"030","11am",12.397548,31.47765,30.67959,19.02461,6.4205998
"031","11am",7.72003,28.21192,28.23162,32.01228,3.8241473
"032","11am",14.464781,37.11156,27.0996,17.63323,3.6908329
"033","11am",8.186512,37.37861,26.64801,24.02151,3.7653631
"034","11am",14.258938,31.42625,28.62108,17.39155,8.3021849
"035","11am",5.954283,30.04157,32.74257,29.10634,2.1552475
"036","11am",3.510654,33.40783,29.07512,29.6534,4.3529882
"037","11am",8.02641,15.82294,19.93873,56.21192,0
"038","11am",8.157854,45.01934,20.89703,23.83955,2.086223
"039","11am",6.160936,47.36695,29.04478,13.88883,3.5385031
"040","11am",3.934369,32.0019,26.56211,33.57664,3.9249777
"041","11am",7.608133,38.54038,31.21341,19.55178,3.0862888
"042","11am",8.675662,21.71529,32.97598,28.79129,7.841772
"043","11am",3.317962,31.26298,36.30865,28.35344,0.7569671
"044","11am",1.683816,21.38936,31.08686,40.27046,5.5695124
"045","11am",2.650431,52.74169,27.16667,15.45314,1.9880552
"046","11am",5.937462,48.86558,18.49106,22.52568,4.1802128
"047","11am",9.596141,38.17971,28.38434,19.75989,4.0799159
"048","11am",4.154096,45.45426,21.35029,27.79412,1.2472349
"049","11am",12.931029,51.1941,24.0493,11.82557,0
"050","11am",3.996176,45.41163,24.52891,26.06328,0
"051","11am",10.155347,40.49278,21.06512,26.07107,2.2156821
"052","11am",16.462216,36.85649,16.38299,25.84357,4.4547292
"001","12am",12.587245,21.63857,31.35015,26.029788,8.3942495
"002","12am",14.512135,19.36037,32.08296,26.080142,7.9643931
"003","12am",25.61314,39.94844,18.84711,13.391779,2.1995326
"004","12am",14.536687,43.26293,27.05756,12.693889,2.4489298
"005","12am",12.63417,23.57008,39.0043,19.311152,5.4803028
"006","12am",19.223008,45.74439,21.44517,9.061398,4.5260383
"007","12am",14.950035,36.36127,28.52733,17.705706,2.455662
"008","12am",15.106478,39.34296,27.77335,14.279426,3.4977845
"009","12am",10.526868,27.80438,28.14544,25.439378,8.0839347
"010","12am",13.335564,40.97322,23.99393,14.356994,7.3402921
"011","12am",7.874528,53.71159,22.3096,12.58819,3.5160827
"012","12am",9.69508,37.3571,29.56323,19.898302,3.4862825
"013","12am",15.464877,50.94789,21.11587,12.471358,0
"014","12am",8.733706,53.06629,24.88429,12.327746,0.9879717
"015","12am",11.585067,41.74611,26.85024,17.575206,2.2433738
"016","12am",5.714993,37.18742,31.75954,24.00938,1.3286655
"017","12am",6.750126,31.26582,24.94064,27.295375,9.7480357
"018","12am",3.049312,41.22257,27.4917,22.461007,5.7754135
"019","12am",7.902202,31.98947,25.31822,32.438688,2.3514192
"020","12am",12.565261,34.65213,29.32047,21.122231,2.3399101
"021","12am",16.062599,40.38485,18.74008,20.865407,3.9470644
"022","12am",17.279797,35.82366,23.98972,20.347228,2.559602
"023","12am",13.570217,43.02321,17.47298,19.878501,6.0550874
"024","12am",20.07632,47.0708,14.59301,16.657957,1.6019093
"025","12am",26.970276,32.59542,24.82783,14.824981,0.7814903
"026","12am",3.456039,39.89541,15.47439,39.158565,2.0155965
"027","12am",8.054052,48.12822,24.58875,16.34964,2.8793344
"028","12am",9.608181,49.03192,20.79322,16.889255,3.6774268
"029","12am",9.08193,41.96968,18.66116,30.287229,0
"030","12am",10.287805,31.5618,33.98285,18.67144,5.4960995
"031","12am",6.207165,30.35434,30.57061,30.739692,2.1281973
"032","12am",15.039069,35.2944,29.98189,17.024815,2.6598197
"033","12am",5.191952,35.45915,27.06756,27.272492,5.0088529
"034","12am",14.629848,31.12491,30.7091,14.792559,8.7435892
"035","12am",6.807766,31.93465,32.65906,26.248347,2.3501722
"036","12am",5.356343,32.50136,31.57326,26.862708,3.7063303
"037","12am",9.040333,19.33384,19.8387,51.78713,0
"038","12am",7.347368,43.85294,19.30417,26.562765,2.9327591
"039","12am",7.14403,47.38843,25.4116,15.697579,4.3583676
"040","12am",5.039872,33.67248,25.93297,31.573284,3.7813893
"041","12am",4.426593,42.77005,30.01178,19.7597,3.0318854
"042","12am",12.533609,19.74471,36.0576,22.648085,9.0159989
"043","12am",3.95711,29.34792,36.96687,28.650475,1.0776338
"044","12am",3.196926,19.43152,31.32019,39.859611,6.1917555
"045","12am",3.506359,55.50955,22.33214,16.649681,2.0022669
"046","12am",7.530039,43.89724,21.2729,22.499278,4.8005384
"047","12am",7.699055,37.37716,30.73425,21.330092,2.8594402
"048","12am",3.611978,44.68793,21.87798,29.093971,0.7281377
"049","12am",12.161715,51.77426,24.4883,11.575726,0
"050","12am",4.566588,43.7643,25.92458,25.744527,0
"051","12am",7.497068,40.4627,21.90592,28.042147,2.0921689
"052","12am",15.24455,36.0937,15.88602,28.65051,4.1252249
"001","1pm",14.537765,22.95896,31.04356,23.910687,7.5490288
"002","1pm",14.598518,20.98455,30.78679,27.330739,6.2994038
"003","1pm",23.052012,44.34222,20.47808,9.153344,2.9743446
"004","1pm",13.205392,39.29447,29.17274,16.898715,1.4286863
"005","1pm",12.68714,24.36349,37.43001,18.826865,6.6925029
"006","1pm",17.473374,43.72819,22.75436,11.3597,4.684377
"007","1pm",12.498358,36.02885,27.36197,19.401886,4.7089452
"008","1pm",14.441984,40.10008,25.44606,16.377251,3.6346175
"009","1pm",10.330173,26.34106,27.72393,25.844336,9.7604974
"010","1pm",15.070421,37.52442,26.18928,13.504311,7.7115644
"011","1pm",7.487605,52.58202,22.07275,14.578991,3.2786294
"012","1pm",9.420545,35.11295,29.68562,21.870429,3.9104606
"013","1pm",16.99182,49.94077,21.13364,11.176337,0.7574274
"014","1pm",10.932624,46.47293,27.62377,13.221808,1.7488724
"015","1pm",10.782419,42.38978,26.09932,18.459817,2.2686671
"016","1pm",6.152203,37.51427,33.23742,20.461019,2.6350824
"017","1pm",6.295338,35.84509,25.12339,26.278382,6.4578022
"018","1pm",2.452352,40.92316,29.2687,21.74471,5.6110802
"019","1pm",11.214378,33.22826,23.84399,30.849012,0.8643619
"020","1pm",13.548743,37.67632,28.63297,17.796334,2.3456342
"021","1pm",13.400829,42.15665,19.10378,21.741085,3.5976535
"022","1pm",18.509071,35.73416,23.41836,19.257111,3.081297
"023","1pm",13.105284,37.79616,19.07094,25.355036,4.6725833
"024","1pm",19.296426,42.85232,19.05875,16.552717,2.2397881
"025","1pm",26.683323,35.89652,22.90274,13.159779,1.3576372
"026","1pm",3.620847,36.11462,15.01531,40.267154,4.9820723
"027","1pm",7.490728,47.42896,27.95418,15.992506,1.1336334
"028","1pm",9.726586,50.0455,20.68461,18.678978,0.8643214
"029","1pm",8.200197,43.09991,19.49845,29.20145,0
"030","1pm",11.948606,28.03983,32.60398,21.034787,6.3727965
"031","1pm",6.66698,28.06707,31.31464,31.665465,2.2858503
"032","1pm",13.436147,37.29822,29.19997,17.714569,2.3511002
"033","1pm",5.962507,38.79666,27.45565,22.877349,4.9078405
"034","1pm",13.792521,30.99459,32.75484,15.128178,7.329869
"035","1pm",7.40167,34.74546,29.70655,24.91128,3.2350402
"036","1pm",3.847426,30.2907,32.50847,31.062022,2.2913837
"037","1pm",7.573228,23.34909,19.27639,49.801286,0
"038","1pm",7.259454,44.46615,20.94768,23.26629,4.0604286
"039","1pm",8.105158,46.77352,25.56028,14.895812,4.6652282
"040","1pm",5.217162,32.1387,16.69667,40.001327,5.9461419
"041","1pm",3.846784,43.34423,31.03213,18.178209,3.5986467
"042","1pm",15.123335,19.73352,33.00885,22.808221,9.3260721
"043","1pm",4.003553,31.84883,36.37201,26.685324,1.0902817
"044","1pm",1.652418,23.60958,30.04814,39.2242,5.4656598
"045","1pm",1.751088,51.69176,25.79769,18.759583,1.9998786
"046","1pm",7.684203,46.75488,20.81814,22.211895,2.5308786
"047","1pm",7.800162,39.18371,27.06607,21.612688,4.3373725
"048","1pm",4.409885,43.88403,21.27445,29.654162,0.7774678
"049","1pm",11.900876,50.88569,24.05675,11.409102,1.7475827
"050","1pm",5.19172,40.39331,27.55959,26.85538,0
"051","1pm",7.414042,44.93003,19.79208,25.794853,2.0689992
"052","1pm",16.233288,34.2804,15.39396,30.460762,3.6315813
"001","2pm",14.8048,24.16994,30.88278,22.58745,7.5550298
"002","2pm",13.864808,25.493,28.7319,26.60912,5.3011694
"003","2pm",21.256465,43.85837,18.49403,13.21184,3.1792841
"004","2pm",12.704743,38.93208,32.34622,15.31488,0.7020799
"005","2pm",13.560117,26.44497,30.63651,22.06776,7.2906479
"006","2pm",16.03068,42.45656,25.08041,11.34309,5.0892533
"007","2pm",11.49755,36.65682,29.67573,18.01786,4.1520451
"008","2pm",14.783855,40.21921,24.70431,17.73926,2.5533676
"009","2pm",10.452075,25.66187,29.08556,24.55642,10.2440798
"010","2pm",17.330786,34.47206,26.45426,14.57526,7.1676416
"011","2pm",9.640545,50.8935,18.8148,17.37397,3.2771867
"012","2pm",10.088512,35.91934,27.71893,21.88769,4.3855362
"013","2pm",17.13742,46.22526,21.10029,14.15476,1.3822607
"014","2pm",10.839091,45.75545,27.52364,14.21578,1.6660297
"015","2pm",11.46967,42.1146,26.81822,17.24778,2.349721
"016","2pm",5.955263,38.47701,31.43155,21.58544,2.5507302
"017","2pm",6.782692,34.74981,26.48591,24.26261,7.7189669
"018","2pm",2.568022,40.1127,30.38316,21.06038,5.8757384
"019","2pm",12.576888,31.67416,24.08346,30.80459,0.8609026
"020","2pm",13.500526,37.05243,28.2042,18.66551,2.5773302
"021","2pm",10.068558,41.48183,22.289,24.58121,1.579408
"022","2pm",16.928625,37.40126,25.25835,16.40261,4.0091533
"023","2pm",17.812894,41.68387,13.60486,22.05026,4.8481109
"024","2pm",20.709924,44.63337,15.4483,16.93984,2.2685649
"025","2pm",26.518622,35.07532,21.20077,15.89241,1.3128736
"026","2pm",2.539579,33.53045,15.41558,40.73974,7.7746395
"027","2pm",8.312194,43.81698,26.80338,21.06745,0
"028","2pm",14.998608,50.8356,18.64584,14.65768,0.8622768
"029","2pm",5.850728,45.07713,19.89269,29.17946,0
"030","2pm",10.332546,31.3264,30.20368,21.87857,6.2587989
"031","2pm",10.484642,29.07169,25.44044,31.07966,3.9235616
"032","2pm",14.881488,36.3636,27.78418,17.42041,3.550318
"033","2pm",4.656289,42.74696,24.44239,22.03845,6.1159092
"034","2pm",12.172742,31.56053,32.67281,15.82487,7.769047
"035","2pm",7.44187,33.40056,29.25512,26.64044,3.2620075
"036","2pm",2.495272,32.23928,34.67773,28.29422,2.2934998
"037","2pm",8.026164,25.01072,18.52884,48.43428,0
"038","2pm",6.632045,44.13702,20.92767,28.30326,0
"039","2pm",8.485775,45.66173,24.70826,15.51333,5.6309042
"040","2pm",5.307089,32.69017,21.42171,35.85429,4.7267377
"041","2pm",3.711089,39.83902,33.44221,18.35441,4.6532808
"042","2pm",14.994631,26.34989,30.38649,21.27958,6.9894068
"043","2pm",2.855569,29.98727,37.25054,29.06259,0.8440359
"044","2pm",1.659799,24.91215,29.58901,38.34897,5.4900725
"045","2pm",1.808118,51.26354,27.25339,17.60994,2.0650116
"046","2pm",7.558985,47.50743,18.46796,23.97599,2.4896368
"047","2pm",7.694707,39.1684,27.27128,21.15414,4.7114777
"048","2pm",4.910382,45.73145,21.57425,26.96886,0.8150595
"049","2pm",10.485855,50.28602,24.91219,12.60178,1.7141599
"050","2pm",5.007631,40.3742,29.29036,25.32781,0
"051","2pm",7.064836,46.43234,18.37099,26.00309,2.1287503
"052","2pm",13.336151,32.35505,17.70196,32.16488,4.4419626
"001","3pm",14.064937,24.15139,30.19423,23.82862,7.760823
"002","3pm",13.970812,26.24766,29.91285,24.51272,5.3559629
"003","3pm",24.389822,40.93236,15.81698,16.45556,2.4052822
"004","3pm",14.135279,37.27004,27.9597,17.76796,2.8670252
"005","3pm",13.254911,27.82534,30.99178,19.63431,8.293658
"006","3pm",14.345006,44.07914,25.35226,11.55799,4.6656074
"007","3pm",12.367435,34.48035,31.33186,18.07156,3.7487992
"008","3pm",16.419582,38.73426,25.23831,17.06662,2.5412224
"009","3pm",9.773031,24.26851,30.34626,25.11322,10.4989743
"010","3pm",14.703041,38.81515,26.33012,13.23321,6.9184866
"011","3pm",8.025229,51.86579,20.13427,16.65577,3.318944
"012","3pm",11.119385,33.74758,29.97296,21.54389,3.6161886
"013","3pm",15.858418,48.36839,20.52821,13.6815,1.5634847
"014","3pm",9.850263,49.07001,26.84286,12.53924,1.6976294
"015","3pm",11.670439,41.4897,26.28619,18.22384,2.329825
"016","3pm",5.803048,34.53643,29.87511,26.71976,3.0656607
"017","3pm",7.440856,36.70559,26.08181,21.87492,7.8968238
"018","3pm",3.803953,42.14194,28.09683,21.94423,4.0130467
"019","3pm",11.889426,32.56582,23.87222,27.95804,3.7144936
"020","3pm",13.879064,37.07146,28.55608,17.33785,3.1555487
"021","3pm",10.256361,42.30215,21.90353,23.89398,1.6439755
"022","3pm",18.95441,36.52237,22.7664,19.28299,2.4738254
"023","3pm",19.557835,35.37413,18.51268,20.9588,5.5965524
"024","3pm",19.429424,45.3776,15.86337,16.4971,2.8325009
"025","3pm",25.355539,35.9712,21.80325,15.61472,1.2552921
"026","3pm",6.345116,32.73286,15.74133,40.60652,4.5741807
"027","3pm",5.737516,50.531,25.23117,18.50031,0
"028","3pm",11.397445,54.09403,19.27418,14.33814,0.8962005
"029","3pm",6.47661,45.11152,18.75862,29.65325,0
"030","3pm",10.902132,28.80611,33.525,20.09476,6.6719978
"031","3pm",9.774238,29.45545,26.2436,29.60554,4.9211714
"032","3pm",13.177931,36.0558,27.5588,19.71377,3.4936986
"033","3pm",4.786979,38.84137,30.73946,21.4647,4.1674969
"034","3pm",12.385483,32.3027,32.28765,16.61967,6.4044899
"035","3pm",6.524238,37.09054,29.83811,23.30537,3.2417328
"036","3pm",2.58371,30.06353,31.69552,30.72534,4.9319061
"037","3pm",6.43961,27.35243,19.18099,47.02697,0
"038","3pm",8.364087,41.51266,18.56068,30.7396,0.822975
"039","3pm",8.078076,45.64589,23.51811,17.68078,5.077145
"040","3pm",5.301637,34.64169,21.82174,34.55236,3.6825771
"041","3pm",3.588527,40.53648,31.81613,19.23902,4.8198366
"042","3pm",17.690982,20.53307,33.3108,21.70395,6.7611919
"043","3pm",2.626549,32.72178,35.42838,27.67061,1.5526867
"044","3pm",1.492365,21.07144,34.82282,39.50203,3.1113439
"045","3pm",1.914636,53.08365,26.21754,16.59752,2.1866628
"046","3pm",7.405863,45.1284,20.90587,23.47595,3.0839144
"047","3pm",8.335581,40.64556,21.72325,24.19173,5.1038855
"048","3pm",4.910904,45.90491,22.32917,26.03987,0.8151461
"049","3pm",11.378843,51.50411,23.53644,11.90969,1.6709248
"050","3pm",4.845339,39.0833,30.11884,25.95252,0
"051","3pm",6.383971,41.71735,27.76961,22.20547,1.9235944
"052","3pm",15.931864,30.51428,18.94277,31.04694,3.5641492
"001","4pm",14.901764,23.65586,30.42253,22.02863,8.9912252
"002","4pm",13.259084,25.15752,30.40977,25.85391,5.3197146
"003","4pm",25.592231,40.7802,18.99308,12.51081,2.1236712
"004","4pm",15.895642,35.05012,31.18818,16.11536,1.7507005
"005","4pm",10.339328,27.5875,30.72728,23.20225,8.143654
"006","4pm",16.159936,45.71798,23.95034,10.28735,3.8843881
"007","4pm",15.105148,35.12111,31.11209,16.23833,2.4233181
"008","4pm",16.138382,37.18697,25.94901,17.29395,3.4316879
"009","4pm",10.75143,26.21223,27.70814,25.45394,9.8742538
"010","4pm",14.948933,40.58073,27.377,14.02382,3.0695163
"011","4pm",9.992139,53.70896,19.46426,12.60511,4.2295239
"012","4pm",8.14341,36.44622,27.3785,22.86072,5.1711492
"013","4pm",15.548053,49.14548,22.73059,11.12726,1.4486125
"014","4pm",10.13416,49.66935,25.02767,14.20435,0.964474
"015","4pm",11.150166,42.6718,30.73655,13.56502,1.8764663
"016","4pm",5.821226,33.0837,25.59151,31.75162,3.7519454
"017","4pm",7.340944,34.35316,25.6341,23.01256,9.6592372
"018","4pm",4.286193,39.08331,30.36807,21.18843,5.0739914
"019","4pm",9.139318,30.35748,27.19874,29.66242,3.642038
"020","4pm",13.593796,36.57212,25.65008,21.77778,2.4062237
"021","4pm",11.441208,45.0081,17.54058,24.49275,1.517362
"022","4pm",19.553155,37.69492,22.10121,17.62256,3.0281595
"023","4pm",16.628736,36.65775,16.3918,24.63441,5.6873051
"024","4pm",20.444343,42.52004,18.21155,17.12442,1.6996513
"025","4pm",23.613792,36.18098,21.75539,17.73748,0.7123584
"026","4pm",3.450565,36.12402,18.48164,36.47692,5.4668556
"027","4pm",5.542741,49.86896,27.42507,15.1098,2.0534232
"028","4pm",10.228062,48.6215,22.7781,15.74445,2.6278878
"029","4pm",6.669822,44.8659,15.78125,32.68303,0
"030","4pm",10.873588,32.68496,30.70799,19.38107,6.3523991
"031","4pm",10.008984,27.9453,28.03999,28.96637,5.0393624
"032","4pm",15.406202,38.6184,26.61086,17.76771,1.5968365
"033","4pm",4.665347,42.2751,29.09132,21.81085,2.1573769
"034","4pm",15.076631,30.43986,28.44249,18.68372,7.3573029
"035","4pm",9.079014,34.30805,31.994,22.59537,2.023574
"036","4pm",2.362148,31.69832,32.53104,26.42477,6.9837226
"037","4pm",5.698264,32.88164,15.98667,45.43344,0
"038","4pm",6.413967,48.11497,19.74393,25.72714,0
"039","4pm",5.463572,42.66237,29.53939,16.59794,5.7367211
"040","4pm",5.259646,35.98276,22.9448,33.81717,1.9956287
"041","4pm",4.156945,38.76364,29.79105,23.90608,3.3822889
"042","4pm",16.55572,20.43469,34.25528,22.42517,6.329145
"043","4pm",2.420442,31.96758,32.17818,28.95151,4.4822856
"044","4pm",2.634561,28.54356,32.9987,31.91109,3.9120983
"045","4pm",2.540741,53.42391,25.47258,16.4545,2.1082699
"046","4pm",7.346898,45.75831,19.03227,22.93296,4.9295667
"047","4pm",7.162697,38.02532,22.87068,27.86803,4.0732675
"048","4pm",4.365878,43.55352,23.01545,28.29545,0.7697093
"049","4pm",12.541347,49.61424,24.02582,13.8186,0
"050","4pm",4.960585,40.70537,27.31474,26.71035,0.3089518
"051","4pm",5.935509,42.1671,23.82723,26.2817,1.7884657
"052","4pm",14.483683,31.12404,18.73648,30.99434,4.6614547
"001","5pm",13.964991,21.31586,29.23124,27.176796,8.3111059
"002","5pm",12.206568,26.87808,30.65029,25.337242,4.927813
"003","5pm",26.192316,38.19622,17.82388,16.150697,1.6368925
"004","5pm",17.901399,33.35558,34.44812,12.797851,1.4970479
"005","5pm",10.835688,28.17871,36.07933,18.975478,5.9307982
"006","5pm",22.654283,44.87407,21.71201,6.953792,3.805842
"007","5pm",15.14598,39.47667,25.56338,17.160293,2.6536745
"008","5pm",13.510771,37.39246,26.59075,16.92917,5.5768548
"009","5pm",12.589507,27.09772,27.72485,22.925013,9.6629069
"010","5pm",12.554939,39.25302,25.80291,17.119619,5.2695142
"011","5pm",8.882148,53.92589,20.55963,13.167265,3.4650653
"012","5pm",11.630684,44.25195,23.55746,17.602668,2.957242
