"district","hour","mode1","mode2","mode3"
"001","4am",13.8779802,35.13231,50.989709
"002","4am",12.3009058,42.76272,44.936378
"003","4am",8.7019758,56.67542,34.622605
"004","4am",15.1494177,59.50372,25.346867
"005","4am",21.7722791,48.69819,29.52953
"006","4am",17.0425543,61.31549,21.64196
"007","4am",14.5529849,44.30404,41.142979
"008","4am",19.1530037,62.28675,18.560245
"009","4am",9.7856653,55.43417,34.780161
"010","4am",16.1498894,46.65513,37.194977
"011","4am",14.0231529,55.32066,30.656186
"012","4am",20.9222949,47.2306,31.847105
"013","4am",13.9226912,68.88348,17.193829
"014","4am",10.9213869,72.37787,16.700743
"015","4am",7.3421495,53.39649,39.261363
"016","4am",4.1623912,76.30067,19.536935
"017","4am",9.1553004,79.16627,11.678425
"018","4am",5.989367,76.84284,17.167797
"019","4am",7.2852575,78.99848,13.716264
"020","4am",4.8880626,75.39356,19.718374
"021","4am",4.9464492,75.13028,19.923266
"022","4am",6.9148928,49.09917,43.985938
"023","4am",10.8913809,70.20554,18.903077
"024","4am",2.9224401,76.24207,20.835495
"025","4am",6.8952896,63.25576,29.848952
"026","4am",2.1680128,87.53725,10.294739
"027","4am",7.4039088,77.39345,15.202637
"028","4am",6.0992143,85.58127,8.319512
"029","4am",1.542422,90.0776,8.379977
"030","4am",0,89.57448,10.425517
"031","4am",1.2351109,82.19511,16.569782
"032","4am",3.7993018,72.13435,24.066351
"033","4am",1.5825636,89.9434,8.47404
"034","4am",3.0937869,74.37594,22.530278
"035","4am",3.7117972,83.67304,12.615167
"036","4am",4.6742641,88.44011,6.885627
"037","4am",3.1649009,69.6377,27.197395
"038","4am",2.264902,83.86545,13.86965
"039","4am",0,84.81975,15.180248
"040","4am",5.5204526,76.67075,17.808797
"041","4am",2.8566772,86.44417,10.699152
"042","4am",5.377691,85.99119,8.631122
"043","4am",4.1626569,81.89951,13.937832
"044","4am",2.6662257,79.74722,17.586552
"045","4am",3.1001042,76.43563,20.464264
"046","4am",1.4786056,77.25213,21.269263
"047","4am",1.8960584,81.5819,16.522046
"048","4am",0.6844154,79.85732,19.458269
"049","4am",1.5347799,78.43575,20.02947
"050","4am",1.4106755,71.27886,27.310466
"051","4am",1.6760527,79.85358,18.470364
"052","4am",3.558985,85.07762,11.363399
"001","5am",15.009753,34.7849,50.205344
"002","5am",12.200806,43.00486,44.794332
"003","5am",8.238328,57.50247,34.2592
"004","5am",15.406946,57.24984,27.343212
"005","5am",20.25031,49.08812,30.661569
"006","5am",16.018271,62.73621,21.245514
"007","5am",14.006439,44.03036,41.963203
"008","5am",19.698017,60.62672,19.675262
"009","5am",9.85291,55.12793,35.019161
"010","5am",16.303635,47.09929,36.597077
"011","5am",14.415471,55.12573,30.458801
"012","5am",21.169924,46.60604,32.224036
"013","5am",13.59932,68.4312,17.969482
"014","5am",10.843834,72.93963,16.216535
"015","5am",7.455384,54.77175,37.772871
"016","5am",4.206228,76.58283,19.210942
"017","5am",9.992237,78.54648,11.461281
"018","5am",5.978034,76.88665,17.135313
"019","5am",7.680388,77.85942,14.460192
"020","5am",4.940322,75.13049,19.929186
"021","5am",4.182529,75.59459,20.222881
"022","5am",7.10353,48.49402,44.402447
"023","5am",10.678274,69.83555,19.486179
"024","5am",2.87097,75.84055,21.288479
"025","5am",7.081667,63.27875,29.639585
"026","5am",2.295371,86.80514,10.899494
"027","5am",7.769646,77.10088,15.129475
"028","5am",6.1588,85.44041,8.400789
"029","5am",1.551,90.02242,8.426583
"030","5am",0,89.40092,10.59908
"031","5am",1.279861,80.05979,18.660351
"032","5am",2.851437,71.95373,25.194835
"033","5am",1.640722,90.22709,8.132193
"034","5am",2.485584,74.76991,22.744509
"035","5am",3.711797,83.67304,12.615167
"036","5am",4.82108,87.17782,8.0011
"037","5am",3.164901,69.6377,27.197395
"038","5am",2.283528,83.73276,13.983712
"039","5am",0,86.00309,13.996908
"040","5am",4.578243,78.35977,17.061985
"041","5am",2.84645,86.4927,10.660847
"042","5am",5.53376,85.58463,8.881611
"043","5am",4.207191,81.70586,14.086944
"044","5am",2.825275,78.53908,18.635648
"045","5am",3.045812,77.78633,19.167861
"046","5am",1.501052,76.9068,21.592144
"047","5am",1.835066,79.9266,18.238337
"048","5am",0.673826,80.16897,19.157208
"049","5am",1.524282,79.42961,19.046112
"050","5am",1.43086,70.8679,27.701241
"051","5am",1.689352,79.69373,18.616921
"052","5am",3.597464,84.91628,11.486258
"001","6am",14.4497541,34.01613,51.53412
"002","6am",11.4924986,40.49623,48.011274
"003","6am",9.2351983,60.21176,30.553038
"004","6am",13.9281525,59.39284,26.679004
"005","6am",20.5305626,48.57062,30.898814
"006","6am",15.9279472,63.68788,20.38417
"007","6am",13.0614057,45.22805,41.710542
"008","6am",19.2332949,61.6477,19.119009
"009","6am",11.1031704,55.07998,33.816855
"010","6am",14.2468455,48.53102,37.222134
"011","6am",17.4020483,53.92396,28.673994
"012","6am",17.6675763,52.46625,29.86617
"013","6am",13.1675426,69.2919,17.540561
"014","6am",10.4147751,71.92828,17.656946
"015","6am",5.9965024,55.48892,38.51458
"016","6am",4.2907878,76.11206,19.597148
"017","6am",11.1197116,77.64312,11.237167
"018","6am",5.3282187,79.0871,15.584682
"019","6am",6.7134534,77.45476,15.831784
"020","6am",3.4581838,74.19018,22.351636
"021","6am",3.5233086,78.24283,18.233864
"022","6am",6.213734,50.13117,43.655091
"023","6am",11.2471218,71.5095,17.243377
"024","6am",3.6616374,74.90103,21.437328
"025","6am",7.0331421,62.46422,30.502638
"026","6am",1.9264872,88.20896,9.864552
"027","6am",6.7667549,77.08733,16.145914
"028","6am",3.3158521,87.03238,9.651771
"029","6am",0.8606841,88.70501,10.434307
"030","6am",0,89.59512,10.404883
"031","6am",1.3646977,78.73804,19.897266
"032","6am",1.8694706,72.16262,25.967907
"033","6am",1.7232944,89.73525,8.54146
"034","6am",3.3531775,73.38779,23.25903
"035","6am",0.846373,85.62133,13.532293
"036","6am",2.6659972,88.31874,9.015263
"037","6am",3.469603,66.34414,30.186255
"038","6am",1.5302454,84.39511,14.07464
"039","6am",0,86.6098,13.390203
"040","6am",4.6750698,75.88055,19.444378
"041","6am",2.8379239,86.53316,10.628915
"042","6am",4.8332171,85.75952,9.407267
"043","6am",4.3326627,81.16027,14.507062
"044","6am",2.9369741,77.69061,19.372421
"045","6am",3.2307624,76.43745,20.331789
"046","6am",0.4097404,76.98023,22.610026
"047","6am",1.9824788,79.94731,18.070213
"048","6am",0.6734927,79.96487,19.361636
"049","6am",1.5597145,79.65137,18.788919
"050","6am",1.4725318,70.01947,28.507995
"051","6am",0.9193997,80.1375,18.943102
"052","6am",2.6564693,84.20584,13.137692
"001","7am",16.4884224,37.62506,45.886516
"002","7am",21.6543324,35.44393,42.90174
"003","7am",8.3092698,65.1988,26.491933
"004","7am",15.6280304,59.57939,24.792578
"005","7am",16.6469639,50.5817,32.771341
"006","7am",12.3961352,70.99945,16.604411
"007","7am",15.2849526,48.00853,36.706514
"008","7am",17.3009514,61.37099,21.328059
"009","7am",11.1063318,54.93665,33.957018
"010","7am",21.6329943,47.91928,30.447723
"011","7am",16.6586331,48.7008,34.640563
"012","7am",20.8594234,51.52154,27.61904
"013","7am",12.2303695,68.69763,19.072005
"014","7am",6.3531304,74.80791,18.838962
"015","7am",11.3995234,54.67498,33.925497
"016","7am",3.3256726,77.31474,19.35959
"017","7am",13.9498499,77.50518,8.544972
"018","7am",3.4077389,79.57089,17.021368
"019","7am",6.0434367,74.85219,19.104375
"020","7am",3.525428,74.04887,22.425698
"021","7am",3.0043655,76.39739,20.598245
"022","7am",4.0073293,54.36137,41.631303
"023","7am",11.061701,64.14593,24.792368
"024","7am",3.6882656,74.16776,22.143979
"025","7am",11.8026542,59.76171,28.435636
"026","7am",0.8625885,83.80141,15.336002
"027","7am",3.6552723,80.78385,15.560879
"028","7am",4.1915276,81.02855,14.779923
"029","7am",0,88.01197,11.988033
"030","7am",0,89.49236,10.507637
"031","7am",0,76.29762,23.702383
"032","7am",5.2054098,68.26084,26.533751
"033","7am",0,89.7017,10.298298
"034","7am",3.6492815,70.17527,26.175449
"035","7am",0,83.54102,16.458976
"036","7am",1.1080841,87.21185,11.680061
"037","7am",0,65.71435,34.285649
"038","7am",0,83.59696,16.403037
"039","7am",4.1925644,85.25177,10.555662
"040","7am",1.7482019,79.72188,18.529916
"041","7am",1.2905929,86.2235,12.485904
"042","7am",2.2273796,89.89986,7.872759
"043","7am",1.3020089,82.5605,16.137489
"044","7am",0,80.4476,19.552396
"045","7am",2.0183425,78.03911,19.942548
"046","7am",5.2847375,74.14311,20.57215
"047","7am",2.1019879,81.8277,16.07031
"048","7am",0,80.18964,19.810357
"049","7am",3.8396675,76.58428,19.576056
"050","7am",0,66.75912,33.240884
"051","7am",0,76.14115,23.858849
"052","7am",0,83.72416,16.275844
"001","8am",18.5742019,41.64261,39.783188
"002","8am",23.7735028,35.14406,41.082434
"003","8am",9.9826521,63.66329,26.354057
"004","8am",16.7531705,54.73008,28.516745
"005","8am",18.6444892,48.9587,32.396815
"006","8am",10.7588854,76.3066,12.934519
"007","8am",19.4879111,52.99786,27.514227
"008","8am",13.5035794,60.38993,26.106495
"009","8am",11.5102152,49.31611,39.173677
"010","8am",25.2792899,45.33318,29.387533
"011","8am",19.9864301,49.40316,30.610405
"012","8am",25.6523614,49.77502,24.572621
"013","8am",10.2945947,67.68213,22.023271
"014","8am",5.2928158,71.68788,23.019306
"015","8am",13.1379597,56.54671,30.315328
"016","8am",2.4105746,76.33129,21.258134
"017","8am",14.4614384,77.46269,8.075876
"018","8am",5.487878,74.4329,20.07922
"019","8am",3.1477439,72.93417,23.918088
"020","8am",4.911769,71.33876,23.749466
"021","8am",2.4992259,76.78623,20.714547
"022","8am",3.5621437,58.47002,37.967838
"023","8am",13.7197661,59.67473,26.605508
"024","8am",2.182384,74.12241,23.695202
"025","8am",8.9110542,62.05635,29.032599
"026","8am",1.1402781,85.48459,13.375137
"027","8am",2.7867218,80.1924,17.020874
"028","8am",4.5314851,76.00957,19.458947
"029","8am",0,85.16685,14.833154
"030","8am",0,88.9887,11.011302
"031","8am",0,65.7165,34.283496
"032","8am",5.4167812,61.41612,33.167095
"033","8am",0,90.17396,9.826038
"034","8am",3.3043967,71.82921,24.866389
"035","8am",0,83.16708,16.832917
"036","8am",3.6888169,83.54817,12.763014
"037","8am",0,65.27259,34.727408
"038","8am",0,79.48094,20.51906
"039","8am",4.8397905,85.24077,9.919441
"040","8am",1.1909968,77.11118,21.697819
"041","8am",0.6254914,87.27181,12.102695
"042","8am",1.0205586,89.07892,9.900525
"043","8am",1.4458021,81.71299,16.841211
"044","8am",0,71.48692,28.51308
"045","8am",2.1332096,73.60632,24.260472
"046","8am",7.3096802,70.09598,22.594337
"047","8am",0,83.64935,16.350654
"048","8am",0,79.0366,20.963398
"049","8am",2.8906106,78.41628,18.693107
"050","8am",0,62.58985,37.410151
"051","8am",0,72.28381,27.716189
"052","8am",0,78.34225,21.65775
"001","9am",19.586235,38.71476,41.699006
"002","9am",23.847364,37.60027,38.552362
"003","9am",9.756645,62.44935,27.79401
"004","9am",18.56117,53.33315,28.105684
"005","9am",17.662087,50.79252,31.545393
"006","9am",11.439489,75.08099,13.479516
"007","9am",18.851084,55.68298,25.465941
"008","9am",12.165162,58.44627,29.388572
"009","9am",12.761878,48.51019,38.727935
"010","9am",24.488542,45.32082,30.190634
"011","9am",15.737517,52.10625,32.156232
"012","9am",25.078547,50.34763,24.573823
"013","9am",8.01752,68.65249,23.329991
"014","9am",4.660003,71.8695,23.470495
"015","9am",14.641793,55.17018,30.188024
"016","9am",1.863286,75.06971,23.067001
"017","9am",14.580039,77.17253,8.247432
"018","9am",5.355354,72.62535,22.019296
"019","9am",2.211621,72.78929,24.999088
"020","9am",5.452422,69.2123,25.335278
"021","9am",2.409128,75.83158,21.759292
"022","9am",3.668194,57.74863,38.583179
"023","9am",14.571752,57.71253,27.715714
"024","9am",2.210963,75.82326,21.965779
"025","9am",8.862561,59.70402,31.433414
"026","9am",1.111796,84.42027,14.467938
"027","9am",1.975744,77.09498,20.929274
"028","9am",2.22487,79.14337,18.631764
"029","9am",0,84.79016,15.209844
"030","9am",0,83.96692,16.033077
"031","9am",0,70.21278,29.787223
"032","9am",6.785792,56.69025,36.523961
"033","9am",0,90.83226,9.167744
"034","9am",3.124213,72.66906,24.20673
"035","9am",0,84.21324,15.786762
"036","9am",2.682774,82.81975,14.497475
"037","9am",2.261995,62.60632,35.131689
"038","9am",0,78.28114,21.718865
"039","9am",5.087343,85.42277,9.489887
"040","9am",0,78.58862,21.411377
"041","9am",0,84.50083,15.499166
"042","9am",1.047458,88.79106,10.161481
"043","9am",1.51123,77.39825,21.090524
"044","9am",0,69.07592,30.924079
"045","9am",1.030709,71.72108,27.248211
"046","9am",7.516007,72.24909,20.234908
"047","9am",0,86.00076,13.999236
"048","9am",0,81.95209,18.047906
"049","9am",2.856018,80.22038,16.923597
"050","9am",0,62.95806,37.041935
"051","9am",1.256813,69.72207,29.021119
"052","9am",0,77.78072,22.219284
"001","10am",18.457449,39.86985,41.672705
"002","10am",26.109705,34.54449,39.345808
"003","10am",11.090219,61.76752,27.142263
"004","10am",20.537861,55.4358,24.026343
"005","10am",18.263851,47.42617,34.309975
"006","10am",9.848743,77.36403,12.787228
"007","10am",20.271598,55.35464,24.373759
"008","10am",15.124185,56.41127,28.46454
"009","10am",14.108661,47.57854,38.3128
"010","10am",26.150013,43.22132,30.62867
"011","10am",16.928227,55.01674,28.055033
"012","10am",22.959634,49.99645,27.043914
"013","10am",8.153158,66.698,25.148842
"014","10am",3.801341,71.96458,24.234081
"015","10am",13.19467,53.71097,33.094361
"016","10am",2.874189,75.18897,21.936845
"017","10am",14.64046,77.99711,7.362431
"018","10am",5.291371,71.41592,23.292709
"019","10am",1.083842,75.19902,23.717138
"020","10am",5.376361,69.64179,24.981851
"021","10am",2.44519,73.34019,24.214621
"022","10am",5.129362,54.71069,40.15995
"023","10am",14.698825,57.0318,28.269379
"024","10am",2.195469,73.16114,24.643395
"025","10am",9.55249,59.26063,31.186882
"026","10am",1.010224,85.49171,13.498067
"027","10am",0,85.71271,14.287294
"028","10am",2.491955,79.79823,17.709815
"029","10am",0,84.4025,15.597499
"030","10am",0,85.63018,14.369817
"031","10am",0,66.6089,33.391099
"032","10am",6.492474,58.15147,35.356053
"033","10am",0,91.50815,8.491849
"034","10am",2.612315,71.24664,26.141047
"035","10am",0,84.60912,15.390876
"036","10am",1.66817,85.40611,12.925718
"037","10am",2.580118,63.17824,34.241645
"038","10am",0,81.00122,18.998777
"039","10am",5.132735,84.99376,9.873502
"040","10am",0,79.23276,20.767244
"041","10am",0,84.34465,15.655351
"042","10am",1.053813,88.72306,10.223124
"043","10am",2.505631,77.14778,20.346592
"044","10am",0,68.09113,31.908874
"045","10am",1.012273,72.19748,26.790247
"046","10am",7.739555,74.50808,17.75237
"047","10am",0,86.11765,13.882353
"048","10am",0,78.7177,21.282296
"049","10am",3.062195,76.89737,20.040439
"050","10am",0,62.46298,37.537021
"051","10am",1.594142,58.62464,39.781215
"052","10am",0,76.67093,23.329071
"001","11am",17.529072,41.01519,41.455739
"002","11am",22.2300222,35.44001,42.329969
"003","11am",12.2793472,58.29949,29.421161
"004","11am",20.6923273,52.91125,26.39642
"005","11am",16.3898873,50.05022,33.559895
"006","11am",10.8690608,76.24783,12.883104
"007","11am",20.3995013,52.29114,27.30936
"008","11am",14.4422074,54.6476,30.910194
"009","11am",14.7674377,50.35286,34.879705
"010","11am",24.9521585,39.94337,35.10447
"011","11am",19.6434285,48.95529,31.401277
"012","11am",25.8881498,47.05619,27.055659
"013","11am",8.0879357,63.99832,27.913741
"014","11am",3.6157076,74.27009,22.114201
"015","11am",12.6152706,53.39687,33.987857
"016","11am",4.0604402,67.72904,28.210517
"017","11am",14.5149831,76.44419,9.040828
"018","11am",4.9929577,72.41004,22.597005
"019","11am",1.0511028,75.84662,23.102275
"020","11am",4.9322639,69.6152,25.452534
"021","11am",2.4716647,73.05154,24.476795
"022","11am",3.7255995,55.94268,40.331718
"023","11am",14.9875069,55.15882,29.853672
"024","11am",2.6131637,72.92182,24.465019
"025","11am",9.1663593,60.23992,30.593719
"026","11am",1.0113053,82.64596,16.342734
"027","11am",0,83.89785,16.102148
"028","11am",2.3044536,83.28544,14.410102
"029","11am",0,83.20662,16.793378
"030","11am",0,86.83394,13.166064
"031","11am",0,66.96333,33.036668
"032","11am",6.5501805,57.77952,35.670303
"033","11am",0,90.77325,9.226748
"034","11am",2.6059577,72.26416,25.129883
"035","11am",0,84.10766,15.892342
"036","11am",1.647984,85.58271,12.769307
"037","11am",2.529438,63.90151,33.569053
"038","11am",0.9401278,80.73368,18.326197
"039","11am",5.5530718,83.77973,10.667197
"040","11am",0,77.29866,22.701336
"041","11am",0,83.50723,16.492767
"042","11am",0.9689734,89.63093,9.400092
"043","11am",2.4794916,77.38617,20.134334
"044","11am",0,72.32022,27.67978
"045","11am",0,73.19526,26.804738
"046","11am",7.8208369,72.53269,19.646472
"047","11am",0,84.38709,15.612911
"048","11am",0,79.32888,20.671117
"049","11am",2.8699721,78.91868,18.211352
"050","11am",0,62.13172,37.868281
"051","11am",1.5115978,60.67855,37.809854
"052","11am",0,71.45158,28.548423
"001","12am",15.7769211,37.69024,46.532842
"002","12am",21.2305087,35.28103,43.488466
"003","12am",9.2869305,60.11507,30.597998
"004","12am",18.8789643,53.90581,27.215225
"005","12am",17.8622824,46.34699,35.79073
"006","12am",14.6615563,66.99589,18.342551
"007","12am",20.5724067,46.68817,32.739423
"008","12am",14.6688515,54.17688,31.154269
"009","12am",12.9895341,45.40094,41.609529
"010","12am",24.3782192,37.68236,37.939422
"011","12am",20.8751464,42.00989,37.11496
"012","12am",23.6529748,46.76177,29.585254
"013","12am",9.2709498,65.89348,24.835572
"014","12am",7.003704,70.26132,22.734975
"015","12am",8.8610097,53.6312,37.50779
"016","12am",5.0315682,68.65015,26.318283
"017","12am",13.5029591,76.50096,9.996078
"018","12am",7.9679651,73.38669,18.64535
"019","12am",0,76.25683,23.743172
"020","12am",4.7669302,72.86314,22.369926
"021","12am",5.7913303,71.51929,22.689375
"022","12am",2.2237868,53.73702,44.039194
"023","12am",9.8687801,60.01835,30.112869
"024","12am",4.4331838,69.49027,26.076551
"025","12am",5.3098754,60.20166,34.48846
"026","12am",1.2143997,81.54883,17.23677
"027","12am",4.6625994,79.34328,15.99412
"028","12am",5.1381417,82.27321,12.588647
"029","12am",0,85.1184,14.881598
"030","12am",2.0190256,85.4319,12.549074
"031","12am",0,71.85153,28.148469
"032","12am",2.0440611,62.33916,35.616777
"033","12am",0,91.16713,8.832867
"034","12am",1.91213,71.2082,26.879671
"035","12am",0,85.56137,14.43863
"036","12am",1.3980711,87.76906,10.832871
"037","12am",3.4542559,68.60262,27.943129
"038","12am",0,82.23847,17.761527
"039","12am",3.5684044,85.17003,11.261563
"040","12am",0.9282581,76.35331,22.718428
"041","12am",0.5793572,80.39469,19.025957
"042","12am",0.8874019,91.85136,7.261237
"043","12am",4.0739952,77.4277,18.4983
"044","12am",0,74.53129,25.468708
"045","12am",0,75.62317,24.376825
"046","12am",8.6099322,67.3848,24.005266
"047","12am",0,85.87574,14.124258
"048","12am",0,79.47244,20.527562
"049","12am",1.5859778,81.74577,16.668251
"050","12am",0,65.11283,34.887169
"051","12am",2.7690995,69.81549,27.415412
"052","12am",0,75.13171,24.86829
"001","1pm",16.439185,36.0497,47.511111
"002","1pm",23.513111,32.47219,44.014701
"003","1pm",11.819394,59.03368,29.146925
"004","1pm",15.043181,55.55474,29.402079
"005","1pm",17.318759,44.89013,37.791115
"006","1pm",11.603922,71.25649,17.13959
"007","1pm",20.759037,49.6381,29.602868
"008","1pm",13.254415,54.77449,31.971094
"009","1pm",15.41911,42.98477,41.596117
"010","1pm",22.396424,43.09735,34.506229
"011","1pm",19.052363,44.37579,36.571851
"012","1pm",19.88867,51.43307,28.678258
"013","1pm",7.856281,67.8337,24.310014
"014","1pm",6.26542,67.98743,25.747154
"015","1pm",8.129653,55.28568,36.584668
"016","1pm",4.492359,73.38965,22.117993
"017","1pm",12.425956,78.22962,9.344419
"018","1pm",8.176087,73.28258,18.541334
"019","1pm",0,76.69255,23.307445
"020","1pm",4.024426,72.6789,23.296678
"021","1pm",5.479838,70.26673,24.253432
"022","1pm",2.570325,58.1758,39.253876
"023","1pm",8.548377,62.57373,28.877893
"024","1pm",4.670904,67.81671,27.51239
"025","1pm",6.271148,60.23324,33.495611
"026","1pm",0,85.22097,14.779034
"027","1pm",4.262423,82.03621,13.701367
"028","1pm",2.34743,83.82717,13.825398
"029","1pm",0,83.01292,16.987076
"030","1pm",0,87.27364,12.726364
"031","1pm",0,70.03676,29.963239
"032","1pm",3.227677,67.20553,29.566791
"033","1pm",0,92.39435,7.605648
"034","1pm",1.755468,73.53664,24.707892
"035","1pm",0,85.15049,14.849514
"036","1pm",1.923898,84.67699,13.399115
"037","1pm",3.82875,66.18342,29.987833
"038","1pm",0,80.32506,19.674937
"039","1pm",2.887559,84.12713,12.985312
"040","1pm",2.758311,76.0322,21.209486
"041","1pm",0.578786,85.30961,14.111601
"042","1pm",0,89.17054,10.829457
"043","1pm",4.095613,76.47022,19.434163
"044","1pm",0,71.50225,28.49775
"045","1pm",0,75.94865,24.051349
"046","1pm",10.299386,66.43647,23.264144
"047","1pm",0,85.83965,14.160351
"048","1pm",0,77.87549,22.124512
"049","1pm",1.490365,83.73926,14.770372
"050","1pm",0,66.09707,33.902927
"051","1pm",1.389643,73.49291,25.117446
"052","1pm",0,74.0006,25.9994
"001","2pm",15.2375686,37.33548,47.426947
"002","2pm",27.6640946,31.15538,41.180529
"003","2pm",11.4969775,63.00061,25.502413
"004","2pm",11.7871461,53.47437,34.73848
"005","2pm",21.9012299,41.94603,36.152737
"006","2pm",11.2025395,71.39563,17.401826
"007","2pm",18.2107897,57.01677,24.772444
"008","2pm",13.7203403,58.52686,27.752799
"009","2pm",16.5564963,42.47084,40.972666
"010","2pm",23.5680316,42.48035,33.951616
"011","2pm",19.1757808,41.30147,39.522754
"012","2pm",23.8962515,50.90904,25.194711
"013","2pm",9.0483011,68.45901,22.492686
"014","2pm",7.4323273,68.20089,24.366784
"015","2pm",7.8959361,58.31241,33.791656
"016","2pm",3.6032258,74.29693,22.099844
"017","2pm",10.5849277,80.60725,8.80782
"018","2pm",9.143013,72.49122,18.365764
"019","2pm",0,74.70319,25.296814
"020","2pm",3.6681718,72.42798,23.903847
"021","2pm",6.6409648,74.85827,18.500763
"022","2pm",3.5804239,58.72379,37.695785
"023","2pm",8.3232299,59.17087,32.505896
"024","2pm",4.2788502,67.59503,28.126124
"025","2pm",5.9977127,61.96205,32.040233
"026","2pm",0,85.65586,14.344145
"027","2pm",2.1380867,85.34954,12.512377
"028","2pm",4.0730582,82.14644,13.780498
"029","2pm",0,82.70742,17.292579
"030","2pm",0.3511812,87.16802,12.480802
"031","2pm",0,62.78227,37.217733
"032","2pm",2.2703397,66.57019,31.159472
"033","2pm",0,87.47017,12.529828
"034","2pm",1.1774801,72.60371,26.218813
"035","2pm",0,84.58908,15.410925
"036","2pm",1.9262521,87.96451,10.109238
"037","2pm",4.1495398,63.54556,32.304896
"038","2pm",0,79.93244,20.067558
"039","2pm",2.3503923,84.52745,13.122154
"040","2pm",3.8157296,77.0306,19.153671
"041","2pm",0.5550853,85.85488,13.590037
"042","2pm",0,90.02984,9.970165
"043","2pm",4.7997174,72.71214,22.488141
"044","2pm",0.8544617,63.88994,35.255597
"045","2pm",0,72.49718,27.502817
"046","2pm",9.2008018,68.94375,21.855448
"047","2pm",0,84.40278,15.597218
"048","2pm",0,76.45275,23.547254
"049","2pm",1.4579376,83.3403,15.201759
"050","2pm",0,66.09173,33.908274
"051","2pm",5.0170196,61.49488,33.488099
"052","2pm",0,71.56063,28.439369
"001","3pm",14.4509445,41.23348,44.315575
"002","3pm",28.4306377,27.95565,43.613712
"003","3pm",11.2046242,58.63812,30.157255
"004","3pm",12.758285,53.75965,33.482061
"005","3pm",21.2675066,45.71444,33.018056
"006","3pm",9.3688734,72.59163,18.039497
"007","3pm",17.1614889,60.27696,22.561547
"008","3pm",13.4134354,60.95616,25.630404
"009","3pm",16.0158061,43.62739,40.356802
"010","3pm",19.8047371,40.54431,39.650955
"011","3pm",18.7519914,42.81967,38.428343
"012","3pm",24.9509984,50.48823,24.56077
"013","3pm",8.291142,70.59367,21.115192
"014","3pm",7.1492087,66.53257,26.318217
"015","3pm",9.4294287,56.19207,34.378502
"016","3pm",3.5481756,74.37708,22.074741
"017","3pm",8.6826753,81.58578,9.731547
"018","3pm",9.3006096,71.24051,19.458878
"019","3pm",0,75.05604,24.943964
"020","3pm",3.9170655,73.40775,22.675188
"021","3pm",8.289331,72.19706,19.513608
"022","3pm",4.5785802,54.90549,40.515926
"023","3pm",8.5589874,62.16106,29.279953
"024","3pm",3.8898261,67.2634,28.846774
"025","3pm",5.6546976,65.14969,29.195611
"026","3pm",0,86.57172,13.428282
"027","3pm",2.25173,83.2721,14.47617
"028","3pm",5.3497616,80.11432,14.535921
"029","3pm",0,83.92304,16.076958
"030","3pm",0.3790391,83.32311,16.297849
"031","3pm",0,64.03109,35.968906
"032","3pm",2.2240806,67.24291,30.533006
"033","3pm",0,87.50294,12.49706
"034","3pm",2.3792334,71.61593,26.004833
"035","3pm",0,84.84091,15.159093
"036","3pm",1.9798599,86.0776,11.942541
"037","3pm",1.7012411,64.37822,33.920544
"038","3pm",0,79.68062,20.31938
"039","3pm",3.0011878,83.88289,13.115918
"040","3pm",2.7671686,77.81369,19.419142
"041","3pm",0.5339167,88.01427,11.451809
"042","3pm",0,90.74752,9.25248
"043","3pm",4.3197163,76.01125,19.669029
"044","3pm",0,69.69865,30.301349
"045","3pm",0,67.2269,32.773104
"046","3pm",8.7956261,70.66204,20.542336
"047","3pm",0,81.84991,18.150088
"048","3pm",0,77.34685,22.653146
"049","3pm",0.5688903,82.91008,16.521035
"050","3pm",0,66.35987,33.640131
"051","3pm",1.2724268,64.39731,34.330263
"052","3pm",0,76.38413,23.61587
"001","4pm",14.861267,37.18437,47.95436
"002","4pm",27.782466,29.84383,42.37371
"003","4pm",8.837205,56.13808,35.02472
"004","4pm",7.755358,63.53689,28.70775
"005","4pm",20.243074,44.24617,35.51076
"006","4pm",9.276585,73.08149,17.64193
"007","4pm",17.352285,57.75402,24.89369
"008","4pm",13.567715,58.71585,27.71643
"009","4pm",13.892333,45.80619,40.30148
"010","4pm",19.671815,44.77126,35.55693
"011","4pm",14.906051,40.21965,44.8743
"012","4pm",24.097846,49.41436,26.4878
"013","4pm",10.237613,69.69622,20.06617
"014","4pm",7.461097,69.41772,23.12118
"015","4pm",8.749788,58.88812,32.36209
"016","4pm",2.768655,73.06422,24.16712
"017","4pm",7.4762,81.92845,10.59535
"018","4pm",4.825137,73.05412,22.12075
"019","4pm",5.122525,72.43763,22.43985
"020","4pm",4.016016,76.99137,18.99261
"021","4pm",6.734179,68.91472,24.3511
"022","4pm",6.39428,53.67422,39.9315
"023","4pm",9.597686,63.33254,27.06977
"024","4pm",4.066095,69.6064,26.3275
"025","4pm",4.978445,62.56171,32.45984
"026","4pm",0,87.51578,12.48422
"027","4pm",6.509671,71.9065,21.58383
"028","4pm",5.239748,77.71265,17.04761
"029","4pm",1.490297,81.76635,16.74336
"030","4pm",0,87.80012,12.19988
"031","4pm",0,75.30582,24.69418
"032","4pm",3.522749,68.73875,27.7385
"033","4pm",0,84.45487,15.54513
"034","4pm",1.447595,69.45216,29.10024
"035","4pm",0,87.21152,12.78848
"036","4pm",0,86.95021,13.04979
"037","4pm",1.435808,65.87093,32.69327
"038","4pm",0,81.29001,18.70999
"039","4pm",2.485242,80.91113,16.60363
"040","4pm",3.626424,77.6385,18.73508
"041","4pm",1.157158,86.89465,11.94819
"042","4pm",0,89.98134,10.01866
"043","4pm",2.956011,79.13683,17.90716
"044","4pm",4.014193,70.57738,25.40843
"045","4pm",0,69.87674,30.12326
"046","4pm",8.776065,69.82935,21.39459
"047","4pm",0,81.21427,18.78573
"048","4pm",0,77.88009,22.11991
"049","4pm",2.197136,80.77226,17.0306
"050","4pm",0,64.65916,35.34084
"051","4pm",1.179794,65.35236,33.46785
"052","4pm",0,79.65628,20.34372
"001","5pm",14.968336,37.03561,47.996053
"002","5pm",24.1474099,32.64641,43.206182
"003","5pm",4.8739495,57.28509,37.840956
"004","5pm",14.8953129,53.14567,31.959019
"005","5pm",20.4520066,49.23109,30.316906
"006","5pm",10.7260136,70.93267,18.341315
"007","5pm",11.7876481,49.1162,39.096154
"008","5pm",17.1277623,56.67599,26.196251
"009","5pm",13.0475191,51.72044,35.232038
"010","5pm",18.7454818,42.80702,38.447494
"011","5pm",19.6467467,39.28645,41.0668
"012","5pm",20.8691232,49.26895,29.861927
"013","5pm",12.4803402,69.8699,17.649759
"014","5pm",6.1294515,74.68189,19.18866
"015","5pm",8.9498447,54.00618,37.043973
"016","5pm",5.2733156,73.0991,21.627582
"017","5pm",8.9477274,80.03219,11.020081
"018","5pm",6.691302,72.41212,20.896574
"019","5pm",4.6632843,73.40323,21.933487
"020","5pm",3.681817,77.34098,18.977202
"021","5pm",6.9253444,72.7358,20.338855
"022","5pm",4.7901866,46.86093,48.348885
"023","5pm",7.569939,67.57352,24.856541
"024","5pm",4.4937955,72.90496,22.601249
"025","5pm",5.5387842,62.69449,31.76673
"026","5pm",2.9188629,83.28384,13.797302
"027","5pm",6.81346,73.48084,19.705705
"028","5pm",5.3752323,81.32379,13.300975
"029","5pm",2.1907972,85.9066,11.902599
"030","5pm",0,90.24933,9.750667
"031","5pm",0,79.15314,20.846864
"032","5pm",3.0869058,71.48297,25.430128
"033","5pm",0,87.68438,12.315617
"034","5pm",0.9606225,70.0033,29.036082
"035","5pm",1.6235326,84.48162,13.894844
"036","5pm",1.1030608,87.8127,11.084234
"037","5pm",1.4492822,66.52635,32.02437
"038","5pm",1.7331151,79.47374,18.793147
"039","5pm",2.4234536,81.99183,15.584714
"040","5pm",4.2883908,76.29385,19.417761
"041","5pm",2.7129302,86.78889,10.49818
"042","5pm",1.848335,85.2499,12.901767
"043","5pm",2.5828286,78.13647,19.280701
"044","5pm",7.0444456,68.38972,24.565837
"045","5pm",0,73.33721,26.662789
"046","5pm",4.8241667,73.83537,21.34046
"047","5pm",0.9667009,82.22674,16.806561
"048","5pm",0,78.62704,21.372963
"049","5pm",1.5171927,80.15317,18.329637
"050","5pm",0,70.29387,29.706132
"051","5pm",2.2545086,70.72528,27.020216
"052","5pm",1.3992939,83.81537,14.785341
"001","6pm",14.803338,38.72532,46.471346
"002","6pm",16.221361,38.52132,45.257323
"003","6pm",8.919458,58.57573,32.504815
"004","6pm",14.959633,58.23353,26.806836
"005","6pm",26.043028,49.80458,24.152392
"006","6pm",15.755604,65.42386,18.820535
"007","6pm",12.944865,46.55661,40.498527
"008","6pm",18.905602,56.27261,24.821792
"009","6pm",13.087578,54.77343,32.138996
"010","6pm",18.011421,41.11529,40.873291
"011","6pm",18.200614,47.67274,34.126648
"012","6pm",21.031444,46.44959,32.518969
"013","6pm",13.422333,70.66356,15.914109
"014","6pm",10.66642,73.01062,16.32296
"015","6pm",5.768088,53.48408,40.747837
"016","6pm",6.193093,73.10601,20.7009
"017","6pm",7.754328,80.91263,11.333043
"018","6pm",7.891071,73.35255,18.756379
"019","6pm",6.936846,75.01927,18.04388
"020","6pm",4.762443,76.02593,19.211627
"021","6pm",7.376046,72.81217,19.811784
"022","6pm",6.970202,52.27897,40.750826
"023","6pm",10.855474,64.63206,24.512462
"024","6pm",3.816111,74.21027,21.973619
"025","6pm",6.696732,63.1729,30.130365
"026","6pm",1.796217,85.44024,12.763539
"027","6pm",6.961672,77.07175,15.96658
"028","6pm",5.180153,85.31671,9.50314
"029","6pm",3.884409,85.26843,10.847164
"030","6pm",0,89.71857,10.281434
"031","6pm",1.474081,78.13778,20.388135
"032","6pm",4.66966,72.23726,23.093084
"033","6pm",1.796947,88.58107,9.621985
"034","6pm",1.779081,70.10418,28.11674
"035","6pm",4.095724,81.02769,14.876581
"036","6pm",2.778291,88.26538,8.956334
"037","6pm",3.566523,67.01039,29.423089
"038","6pm",1.579169,84.6889,13.731932
"039","6pm",0,85.06209,14.937906
"040","6pm",7.203583,70.82853,21.967888
"041","6pm",4.58404,85.93288,9.48308
"042","6pm",6.769386,83.67623,9.55438
"043","6pm",4.184924,79.22686,16.588213
"044","6pm",5.566053,73.04228,21.391667
"045","6pm",2.523937,73.26267,24.213395
"046","6pm",2.711857,75.60263,21.685516
"047","6pm",2.130034,82.16345,15.706513
"048","6pm",1.550733,77.80347,20.645796
"049","6pm",1.516433,81.67955,16.804021
"050","6pm",1.463484,69.40849,29.128031
"051","6pm",1.955099,73.63554,24.409356
"052","6pm",3.996599,83.70571,12.297686
"001","7pm",14.931374,41.415,43.653625
"002","7pm",17.183474,39.22792,43.588608
"003","7pm",9.126556,53.97957,36.893878
"004","7pm",15.089562,60.64881,24.261625
"005","7pm",24.778542,47.31535,27.906104
"006","7pm",16.228469,64.27837,19.493161
"007","7pm",14.537787,43.70999,41.752224
"008","7pm",21.028813,55.53734,23.433846
"009","7pm",9.924894,56.43767,33.637435
"010","7pm",15.922772,47.51554,36.561687
"011","7pm",16.554296,51.25279,32.192917
"012","7pm",20.869222,48.91397,30.216808
"013","7pm",12.973197,69.27475,17.752057
"014","7pm",11.503091,73.53175,14.965163
"015","7pm",7.226407,53.84638,38.927212
"016","7pm",4.131043,76.14139,19.727565
"017","7pm",9.42683,79.07945,11.493723
"018","7pm",6.314404,75.52584,18.159758
"019","7pm",8.16297,76.63557,15.20146
"020","7pm",4.74954,75.06306,20.187404
"021","7pm",6.80045,74.60114,18.598414
"022","7pm",6.617013,53.32414,40.058842
"023","7pm",11.325173,66.40418,22.27065
"024","7pm",4.361123,74.71713,20.921746
"025","7pm",6.587595,64.04588,29.366526
"026","7pm",2.279084,86.13401,11.586904
"027","7pm",7.180863,76.74271,16.07643
"028","7pm",6.211257,84.97646,8.812282
"029","7pm",4.086867,86.63723,9.275903
"030","7pm",0,90.56295,9.437048
"031","7pm",1.450453,79.69341,18.856133
"032","7pm",4.434066,72.66459,22.901342
"033","7pm",1.815455,88.46346,9.721086
"034","7pm",1.834887,73.85337,24.311742
"035","7pm",4.320639,82.55233,13.127027
"036","7pm",5.012436,87.05729,7.930272
"037","7pm",3.463012,67.96785,28.569142
"038","7pm",2.197762,82.28731,15.514929
"039","7pm",0,83.10899,16.89101
"040","7pm",7.146126,71.0612,21.79267
"041","7pm",4.330982,86.97272,8.696298
"042","7pm",6.309299,84.78569,8.905007
"043","7pm",4.080305,80.0669,15.852797
"044","7pm",4.891384,77.63803,17.470587
"045","7pm",3.221178,72.47293,24.305893
"046","7pm",2.265298,77.14144,20.59326
"047","7pm",1.891371,81.1277,16.980926
"048","7pm",1.528676,78.11919,20.352134
"049","7pm",1.518253,81.00576,17.475983
"050","7pm",1.367403,71.41688,27.215717
"051","7pm",1.739113,77.40919,20.8517
"052","7pm",3.927282,85.16863,10.904089
"001","8pm",14.3266423,39.23122,46.442135
"002","8pm",15.5148496,43.38562,41.099531
"003","8pm",9.0756108,54.867,36.057394
"004","8pm",14.5746677,61.04009,24.385239
"005","8pm",23.2320329,48.43888,28.329087
"006","8pm",15.2619257,65.40507,19.333003
"007","8pm",15.5841026,43.36252,41.053377
"008","8pm",22.2190182,54.99375,22.78723
"009","8pm",9.3124969,56.27864,34.40886
"010","8pm",15.4130892,47.53462,37.05229
"011","8pm",16.0437856,51.27459,32.68162
"012","8pm",21.2990429,48.37782,30.323133
"013","8pm",13.2661268,69.34891,17.384968
"014","8pm",10.6518123,73.74807,15.600122
"015","8pm",6.3603745,55.46773,38.171893
"016","8pm",4.12779,76.49768,19.374528
"017","8pm",9.0572764,78.79254,12.150189
"018","8pm",5.7871817,76.42476,17.788055
"019","8pm",7.8484817,77.53571,14.615806
"020","8pm",4.8053534,74.77001,20.424632
"021","8pm",5.4065344,76.98019,17.613273
"022","8pm",6.7360025,51.74144,41.522555
"023","8pm",11.8658079,68.5913,19.542889
"024","8pm",3.7385182,75.52893,20.73255
"025","8pm",6.0362427,63.43413,30.529624
"026","8pm",2.258584,86.25874,11.482679
"027","8pm",7.9126699,77.41879,14.668537
"028","8pm",6.1437068,84.57832,9.277969
"029","8pm",2.2593249,88.81262,8.928057
"030","8pm",0,90.75418,9.245825
"031","8pm",1.3517426,80.51379,18.13447
"032","8pm",4.432566,72.67384,22.893595
"033","8pm",1.7394051,88.94673,9.313868
"034","8pm",1.8118296,74.18193,24.006243
"035","8pm",4.3549661,82.41371,13.231322
"036","8pm",4.7284563,88.30609,6.965458
"037","8pm",3.2333235,68.9813,27.78538
"038","8pm",2.1030044,83.051,14.845993
"039","8pm",0,83.51951,16.480492
"040","8pm",5.9213967,72.98611,21.092493
"041","8pm",2.8240023,88.38369,8.792304
"042","8pm",6.1135575,84.31473,9.571714
"043","8pm",4.0861844,80.66222,15.251593
"044","8pm",4.4951033,80.38207,15.122826
"045","8pm",3.1221304,74.10759,22.770278
"046","8pm",2.2423444,76.62478,21.132874
"047","8pm",1.9113002,82.46197,15.62673
"048","8pm",0.6608843,80.54985,18.789268
"049","8pm",1.4652446,80.22632,18.308437
"050","8pm",1.288462,73.067,25.644539
"051","8pm",1.6992471,78.72516,19.575594
"052","8pm",3.6548043,84.67586,11.669338
"001","9pm",13.7997229,39.81035,46.389932
"002","9pm",14.0198172,42.32526,43.654919
"003","9pm",8.783565,56.88749,34.328948
"004","9pm",14.6144805,60.93367,24.45185
"005","9pm",23.135167,47.27748,29.587355
"006","9pm",15.3689558,65.11435,19.516695
"007","9pm",15.3892085,44.68082,39.92997
"008","9pm",21.7629978,57.54542,20.691586
"009","9pm",9.9298993,57.94309,32.127013
"010","9pm",16.321132,46.71559,36.963278
"011","9pm",15.2125504,53.79908,30.988372
"012","9pm",20.6182174,49.38966,29.992119
"013","9pm",13.4723242,68.87249,17.655185
"014","9pm",10.3996901,73.69733,15.902976
"015","9pm",6.4348592,54.94623,38.618915
"016","9pm",4.1276443,76.49851,19.373844
"017","9pm",8.8715832,79.24955,11.878864
"018","9pm",5.7769686,77.66405,16.558983
"019","9pm",8.3021999,77.57995,14.117855
"020","9pm",4.9582506,73.96724,21.074506
"021","9pm",4.825823,76.60999,18.56419
"022","9pm",6.5857612,52.81781,40.596426
"023","9pm",10.3947823,70.95795,18.64727
"024","9pm",3.7752498,75.2885,20.936251
"025","9pm",6.1493018,62.74925,31.101445
"026","9pm",2.1878548,86.68905,11.123091
"027","9pm",7.0295571,78.53647,14.433971
"028","9pm",6.0727357,85.64387,8.283394
"029","9pm",2.1585209,89.9368,7.904682
"030","9pm",0,90.06882,9.931178
"031","9pm",1.2894297,81.41207,17.298504
"032","9pm",3.5560017,72.91211,23.531891
"033","9pm",1.6724036,89.3725,8.9551
"034","9pm",2.3654009,74.4487,23.185903
"035","9pm",4.354385,82.41606,13.229556
"036","9pm",4.6667268,88.45875,6.874524
"037","9pm",3.1737509,69.5528,27.273447
"038","9pm",2.1353044,84.09283,13.771868
"039","9pm",0,83.67281,16.327193
"040","9pm",5.8719935,73.21149,20.916515
"041","9pm",2.8213878,88.39445,8.784164
"042","9pm",5.3004038,85.26284,9.436759
"043","9pm",3.9524486,81.89875,14.148805
"044","9pm",4.4951033,79.84291,15.661983
"045","9pm",3.1574404,73.81476,23.027801
"046","9pm",2.1610856,77.47186,20.367054
"047","9pm",1.8506996,83.01804,15.131261
"048","9pm",0.6503686,80.85933,18.490303
"049","9pm",1.4044595,81.04662,17.548919
"050","9pm",1.3324115,72.14831,26.519275
"051","9pm",1.68507,78.90266,19.412272
"052","9pm",3.5577069,85.08298,11.359318
"001","10pm",14.4899657,37.52752,47.98251
"002","10pm",12.2999185,42.90754,44.792541
"003","10pm",8.1780419,58.02761,33.794345
"004","10pm",14.8220781,60.37873,24.799187
"005","10pm",23.2838994,46.93853,29.777567
"006","10pm",16.0955732,63.46502,20.43941
"007","10pm",15.8410623,42.40338,41.755555
"008","10pm",21.0188971,59.52341,19.457695
"009","10pm",9.9839134,57.04155,32.97454
"010","10pm",15.6330711,48.36224,36.004687
"011","10pm",16.0191818,51.34932,32.631502
"012","10pm",20.6369436,50.25727,29.105783
"013","10pm",13.2875411,69.29943,17.413031
"014","10pm",10.2922027,73.96919,15.738609
"015","10pm",7.0054255,54.43752,38.557056
"016","10pm",4.0124854,77.15419,18.833325
"017","10pm",8.8436495,79.31489,11.841461
"018","10pm",5.7423748,77.7978,16.459824
"019","10pm",8.2134893,77.81951,13.967003
"020","10pm",4.9763376,73.87228,21.151382
"021","10pm",4.7641551,76.04682,19.189024
"022","10pm",6.6201491,52.57145,40.808403
"023","10pm",10.4703688,70.74677,18.782865
"024","10pm",3.7832952,75.23584,20.980868
"025","10pm",5.9449334,63.98726,30.067806
"026","10pm",2.1247569,87.07294,10.8023
"027","10pm",7.0288951,78.53849,14.432611
"028","10pm",5.9013544,86.04902,8.049625
"029","10pm",2.1139018,90.14481,7.741284
"030","10pm",0,90.08287,9.917129
"031","10pm",1.2663178,81.74524,16.988442
"032","10pm",3.438042,73.81067,22.75129
"033","10pm",1.5789129,89.96659,8.454492
"034","10pm",2.3915764,74.16595,23.442478
"035","10pm",4.3501455,82.43318,13.216676
"036","10pm",4.5336289,88.78791,6.678459
"037","10pm",3.1500683,69.78,27.069932
"038","10pm",2.1143686,84.24879,13.63684
"039","10pm",0,82.78311,17.216891
"040","10pm",5.7415615,73.80653,20.451905
"041","10pm",2.7742731,88.58825,8.637476
"042","10pm",5.1643842,85.64102,9.194592
"043","10pm",3.9463601,81.92663,14.12701
"044","10pm",4.5973716,79.38432,16.018309
"045","10pm",3.1388974,75.55348,21.307625
"046","10pm",2.1224884,77.87422,20.003296
"047","10pm",1.834118,83.17019,14.995691
"048","10pm",0.6503686,80.85933,18.490303
"049","10pm",1.4044595,81.04662,17.548919
"050","10pm",1.3324115,72.14831,26.519275
"051","10pm",1.6604664,79.2107,19.128834
"052","10pm",3.5577069,85.08298,11.359318
"001","11pm",14.8376114,36.70254,48.459846
"002","11pm",11.9195623,43.34225,44.738192
"003","11pm",8.2666486,57.51071,34.22264
"004","11pm",14.6969979,60.71309,24.589912
"005","11pm",23.2506744,47.01425,29.735076
"006","11pm",16.4409518,62.68105,20.877999
"007","11pm",15.5313545,42.88905,41.579597
"008","11pm",20.6060805,60.31838,19.07554
"009","11pm",9.9996567,56.366,33.634346
"010","11pm",15.3391732,49.33302,35.327808
"011","11pm",15.8027035,52.00677,32.19053
"012","11pm",20.5480082,49.12647,30.325519
"013","11pm",13.3314395,69.198,17.470559
"014","11pm",10.3290911,73.87589,15.795018
"015","11pm",7.0651143,54.04931,38.885576
"016","11pm",4.1125446,76.58448,19.302971
"017","11pm",8.7593432,79.51208,11.728577
"018","11pm",5.7511341,77.76393,16.484931
"019","11pm",8.5891067,78.07536,13.335529
"020","11pm",4.8777979,72.40949,22.712716
"021","11pm",4.7641551,76.04682,19.189024
"022","11pm",6.6190384,52.57941,40.801556
