"district","hour","occ1","occ2","occ3","occ4","occ5"
"001","4am",41.22696,16.845925,12.575134,22.88069,6.471296
"002","4am",39.92779,27.337274,5.9908,23.62931,3.114825
"003","4am",44.51459,11.907513,9.515325,22.86849,11.194081
"004","4am",46.54358,8.02531,8.224842,32.41377,4.79249
"005","4am",43.30774,9.371796,6.69876,34.15925,6.462448
"006","4am",43.60591,12.4166,6.51388,22.00633,15.457285
"007","4am",32.67239,14.042123,12.086185,31.41224,9.787068
"008","4am",34.85593,9.464091,7.507672,39.58637,8.585938
"009","4am",36.85735,15.618944,6.354177,36.56488,4.604654
"010","4am",38.6404,12.589423,6.404491,34.83946,7.526224
"011","4am",36.45983,7.688064,9.468647,40.78727,5.596189
"012","4am",41.70643,14.126122,2.758435,32.72283,8.68619
"013","4am",38.42991,7.517245,9.040522,33.5913,11.421018
"014","4am",48.44339,9.935864,6.543867,28.97318,6.103696
"015","4am",33.98864,6.323518,11.242287,40.92945,7.516101
"016","4am",51.80461,6.507457,7.664563,29.75925,4.26412
"017","4am",54.31659,10.153838,3.004829,26.30687,6.21787
"018","4am",52.3067,10.225286,3.226302,32.41769,1.82402
"019","4am",53.38272,7.212511,4.079336,29.09931,6.226124
"020","4am",40.65357,5.845741,8.897154,34.17713,10.426403
"021","4am",44.52273,9.324845,8.870821,26.12377,11.157832
"022","4am",47.19196,5.744383,4.347331,32.94523,9.771093
"023","4am",50.18569,9.784567,1.523249,32.82589,5.680607
"024","4am",45.1709,7.081549,6.492395,30.00263,11.252523
"025","4am",44.07595,8.075077,5.877993,27.76301,14.207971
"026","4am",57.4913,9.31403,3.988508,28.07102,1.135138
"027","4am",54.9822,7.076381,3.525302,29.93015,4.485964
"028","4am",59.05461,10.009055,2.856967,22.44348,5.635893
"029","4am",51.86989,6.428464,4.158949,31.41791,6.124785
"030","4am",52.5803,5.024834,2.312073,34.89843,5.184366
"031","4am",55.27379,6.690772,2.585003,24.88541,10.565024
"032","4am",49.43729,5.711049,5.790769,30.56202,8.49888
"033","4am",62.25513,4.19425,2.385439,27.62429,3.54089
"034","4am",50.78278,6.085018,5.474564,29.18362,8.474018
"035","4am",56.03094,4.860231,4.917001,30.58907,3.602756
"036","4am",55.83849,6.839545,1.338434,31.20635,4.777176
"037","4am",56.09469,3.11347,1.473836,36.09929,3.218716
"038","4am",51.94909,4.791052,5.246051,33.49822,4.515587
"039","4am",48.08543,8.05682,9.804133,30.55395,3.499663
"040","4am",51.81874,10.78137,4.682781,28.2378,4.479308
"041","4am",53.21924,10.193218,3.047573,31.24025,2.299716
"042","4am",58.34982,8.746726,3.906785,20.79879,8.197883
"043","4am",46.17661,10.266892,2.556987,34.60448,6.39504
"044","4am",60.59403,8.899651,1.784478,25.00886,3.712984
"045","4am",52.51215,7.55642,3.524308,33.47755,2.929573
"046","4am",60.22686,7.957346,2.597241,24.97576,4.242787
"047","4am",49.58081,6.912797,2.958466,36.8024,3.745534
"048","4am",54.02739,6.520475,3.572267,30.06399,5.815882
"049","4am",50.15341,4.943349,7.892992,32.26924,4.741011
"050","4am",49.91811,4.662684,5.218279,35.82299,4.377928
"051","4am",56.99001,6.093392,2.738497,26.15373,8.024365
"052","4am",53.5232,6.808913,5.831356,28.64366,5.19287
"001","5am",41.83532,16.990838,11.569366,23.07751,6.526964
"002","5am",39.52161,27.522118,6.031307,23.78908,3.135886
"003","5am",45.37955,11.37601,10.702275,21.84774,10.694423
"004","5am",45.78719,8.138865,8.341221,32.87242,4.860302
"005","5am",42.71277,8.460728,6.911957,35.24642,6.668124
"006","5am",45.10353,11.577624,6.416322,21.67674,15.225782
"007","5am",31.62262,14.261067,12.274632,31.90201,9.939668
"008","5am",33.43329,9.67077,7.671627,40.45087,8.77344
"009","5am",36.48251,15.711664,6.391899,36.78194,4.631989
"010","5am",38.11887,12.696429,6.458927,35.13558,7.590194
"011","5am",34.40419,7.936787,9.774975,42.10682,5.777236
"012","5am",41.13816,14.263829,2.785325,33.04182,8.770867
"013","5am",38.06966,7.615786,9.159031,33.58479,11.570732
"014","5am",48.75652,9.875517,6.504122,28.79721,6.066625
"015","5am",33.08416,6.410162,11.396329,41.49026,7.619086
"016","5am",51.8264,6.569237,7.257985,30.04177,4.304603
"017","5am",54.79236,10.274307,2.954404,25.8654,6.113525
"018","5am",52.38574,10.20834,3.220956,32.36397,1.820998
"019","5am",51.30547,7.533897,4.261109,30.39596,6.503557
"020","5am",40.11226,5.899061,8.978307,34.48887,10.521504
"021","5am",45.43894,9.170844,8.724319,25.69234,10.973559
"022","5am",45.9887,5.875273,4.446388,33.69591,9.993734
"023","5am",49.35521,9.576644,1.562763,33.67741,5.827966
"024","5am",45.59934,7.026214,6.441664,29.76819,11.164596
"025","5am",42.87518,8.24846,6.004201,28.35912,14.513036
"026","5am",55.00419,9.858978,4.221869,29.71341,1.201553
"027","5am",53.02804,7.383558,3.678331,31.22938,4.680694
"028","5am",58.71786,10.091373,2.880464,22.62806,5.682245
"029","5am",51.64697,6.458238,4.178212,31.56342,6.153153
"030","5am",51.88801,5.098192,2.345827,35.40792,5.260053
"031","5am",53.88667,6.898277,2.665173,25.6572,10.892684
"032","5am",47.4829,5.931796,6.014597,31.74332,8.827384
"033","5am",61.75599,3.66362,2.458655,28.47216,3.64957
"034","5am",50.3619,6.137054,5.52138,29.43319,8.546484
"035","5am",56.03094,4.860231,4.917001,30.58907,3.602756
"036","5am",54.64105,7.024999,1.374726,32.05251,4.906709
"037","5am",56.09469,3.11347,1.473836,36.09929,3.218716
"038","5am",51.59506,4.826351,5.284703,33.74503,4.548857
"039","5am",51.55867,7.737521,9.099089,28.35673,3.247992
"040","5am",52.79715,9.90997,4.669382,28.15701,4.466492
"041","5am",53.37379,10.159543,3.037505,31.13704,2.292119
"042","5am",58.99129,7.287279,4.003907,21.31585,8.401682
"043","5am",45.67725,10.362145,2.58071,34.92553,6.454371
"044","5am",58.38574,9.398382,1.884479,26.41034,3.921057
"045","5am",52.67347,7.530751,3.512336,33.36382,2.919621
"046","5am",60.21219,7.458736,2.639142,25.37869,4.311235
"047","5am",49.67703,8.039806,2.875285,35.76765,3.640224
"048","5am",54.64734,6.432545,3.524094,29.65856,5.737453
"049","5am",50.46178,4.912768,7.844164,32.06961,4.711682
"050","5am",49.2596,4.723993,5.286894,36.29403,4.435493
"051","5am",56.68792,6.136191,2.757732,26.33743,8.080726
"052","5am",53.08742,6.872755,5.886033,28.91223,5.24156
"001","6am",40.07016,17.177494,12.822644,23.33104,6.598668
"002","6am",38.32774,27.291674,6.29197,24.81721,3.271414
"003","6am",45.95334,11.144749,9.367721,22.51375,11.020436
"004","6am",45.09855,8.242251,8.447176,33.28998,4.922041
"005","6am",42.62943,9.025245,6.843841,34.89907,6.602411
"006","6am",45.86624,11.416768,6.327176,21.37557,15.01424
"007","6am",30.54205,14.086782,12.559258,32.64176,10.17015
"008","6am",33.50469,9.25389,7.71821,40.69649,8.826714
"009","6am",34.19008,16.278719,6.62259,38.10945,4.799163
"010","6am",34.20488,14.110549,6.787209,36.92139,7.975975
"011","6am",38.08689,6.296212,9.428772,40.61551,5.572622
"012","6am",43.32185,13.969843,3.448488,31.02445,8.235362
"013","6am",37.6249,7.67048,9.224808,33.82599,11.65383
"014","6am",47.69791,9.302639,6.760635,29.93293,6.305883
"015","6am",33.16285,6.402625,11.382928,41.44148,7.610127
"016","6am",50.95512,6.688051,7.389255,30.58512,4.382457
"017","6am",54.80131,10.759983,2.912572,25.49917,6.026963
"018","6am",53.77237,9.554728,3.157837,31.72975,1.785313
"019","6am",48.94368,6.741486,4.587645,32.72525,7.001935
"020","6am",36.85015,6.220385,9.467359,36.36749,11.094615
"021","6am",45.89083,6.792892,7.980947,27.56285,11.77248
"022","6am",47.39526,5.147312,4.383705,33.22087,9.852846
"023","6am",52.10149,8.556241,1.497088,32.26213,5.583047
"024","6am",42.93966,7.300084,6.692749,30.9285,12.139007
"025","6am",39.26124,8.309403,6.511819,30.75671,15.160829
"026","6am",52.05654,9.039166,4.674548,32.89936,1.330387
"027","6am",51.04397,7.049312,3.893735,33.05818,4.954797
"028","6am",54.90796,10.081101,3.233256,25.39949,6.378193
"029","6am",48.04305,5.03905,4.679172,35.34783,6.890906
"030","6am",49.69703,5.330359,2.452655,37.02036,5.499592
"031","6am",48.39953,7.371273,4.010557,28.57908,11.639564
"032","6am",45.09517,5.331021,6.400442,33.7797,9.393673
"033","6am",59.36301,3.892858,2.612497,30.25371,3.877929
"034","6am",48.62301,6.989913,5.633839,30.03268,8.720558
"035","6am",57.03691,2.798526,5.212859,31.13217,3.819535
"036","6am",51.29883,6.244074,1.522589,35.50004,5.434469
"037","6am",53.41428,3.349425,1.585531,38.18812,3.462648
"038","6am",50.80861,5.35911,5.315468,33.94148,4.575338
"039","6am",53.46772,6.929706,9.265903,27.219,3.117675
"040","6am",52.58398,9.407677,4.758963,28.6972,4.552181
"041","6am",53.49698,10.619281,3.029107,30.56885,2.285782
"042","6am",58.4413,6.142048,4.205188,22.38742,8.824043
"043","6am",44.59739,9.984133,2.666294,36.08377,6.668419
"044","6am",57.51241,9.238624,1.94491,27.25726,4.046797
"045","6am",50.98197,6.754376,3.730149,35.43283,3.100677
"046","6am",59.58522,6.748317,2.748318,26.42856,4.489582
"047","6am",48.20526,6.103035,3.107069,38.65096,3.93367
"048","6am",54.6669,6.429772,3.522575,29.64578,5.73498
"049","6am",49.42263,5.015821,8.008708,32.74232,4.810517
"050","6am",47.90484,4.850122,5.428053,37.26307,4.55392
"051","6am",54.79606,5.146146,2.971513,28.37913,8.70715
"052","6am",49.16728,6.533595,6.137199,32.22373,5.938198
"001","7am",43.76591,13.8319568,12.605319,22.93561,6.861205
"002","7am",35.40522,34.639515,5.558368,21.89018,2.506715
"003","7am",49.22012,8.3240454,9.28351,22.25096,10.921368
"004","7am",42.75547,10.7370508,7.811729,33.71141,4.984349
"005","7am",43.06952,5.1127982,7.667378,37.24962,6.900676
"006","7am",56.93508,6.970929,4.921159,18.68329,12.489547
"007","7am",33.25738,17.8412421,11.193869,28.64301,9.064494
"008","7am",30.2128,7.3879824,8.148427,44.93207,9.31872
"009","7am",31.53761,17.0546964,6.889117,39.52627,4.992306
"010","7am",33.94911,19.0342184,6.425873,33.03945,7.551351
"011","7am",35.67734,11.4799613,9.049977,38.44397,5.348745
"012","7am",41.62344,17.5071246,2.98636,29.99636,7.886713
"013","7am",35.28329,7.1951536,9.661555,36.09953,11.760472
"014","7am",47.09783,3.5878178,7.81256,34.21474,7.287051
"015","7am",32.27208,12.2376436,10.75903,38.15861,6.572634
"016","7am",49.11872,5.2745299,7.956211,32.93183,4.718711
"017","7am",54.19352,10.7359691,3.010301,25.83102,6.229193
"018","7am",54.70367,4.9998667,2.996506,35.31303,1.98693
"019","7am",44.55423,6.230946,5.324525,35.76369,8.126605
"020","7am",38.46781,4.4197647,9.464593,36.55645,11.091374
"021","7am",38.34455,5.5656249,10.968616,31.32474,13.796465
"022","7am",49.53442,4.9864409,4.317278,31.45831,9.703546
"023","7am",42.30018,13.0575834,1.612235,37.01754,6.01246
"024","7am",45.53291,3.7222631,6.825174,31.54046,12.379193
"025","7am",36.62186,12.283229,6.348711,30.81865,13.927553
"026","7am",45.69447,4.3864429,5.998031,42.21401,1.707053
"027","7am",47.23794,2.6517522,3.484261,40.42349,6.202557
"028","7am",55.16548,3.4041895,2.573303,31.69826,7.158766
"029","7am",44.44998,4.850469,5.230087,37.76724,7.702224
"030","7am",47.42253,3.291853,2.954639,40.24007,6.0909
"031","7am",47.45692,2.1970522,3.145157,33.37339,13.827486
"032","7am",42.57327,7.9910405,6.47054,33.4686,9.496553
"033","7am",53.62016,3.1545957,3.073302,35.59,4.561937
"034","7am",47.63853,10.5028793,5.309014,28.91356,7.636016
"035","7am",52.78258,0.8340738,6.206854,35.62864,4.54785
"036","7am",45.69684,3.5410732,1.888133,42.13477,6.739179
"037","7am",50.31182,0.7004872,1.796442,43.26799,3.923257
"038","7am",50.27498,1.828262,5.900943,36.91653,5.079292
"039","7am",56.36262,9.2225458,8.169991,23.49591,2.748937
"040","7am",54.84379,3.6638943,5.284141,31.86409,4.344086
"041","7am",49.58748,6.8702551,3.675597,37.09304,2.773627
"042","7am",56.13248,1.0761692,5.182516,26.73399,10.87484
"043","7am",43.13512,6.2849382,3.054126,39.88743,7.638388
"044","7am",57.54857,3.069738,2.303647,32.28482,4.793223
"045","7am",48.91081,5.0802809,3.509538,39.07957,3.419798
"046","7am",55.65159,8.7760383,2.961336,27.77347,4.837563
"047","7am",49.14034,4.2409632,3.269591,39.20968,4.13943
"048","7am",55.23244,4.1384436,3.742595,30.79333,6.093187
"049","7am",45.82893,5.1913052,8.609556,35.19879,5.171423
"050","7am",44.10941,1.5526644,6.242965,42.85736,5.237598
"051","7am",48.26469,4.3459955,3.653421,33.03061,10.70528
"052","7am",45.88381,3.8868196,7.40254,35.66432,7.162509
"001","8am",49.40939,11.7991187,10.602716,22.51672,5.672051
"002","8am",34.89028,32.6946009,5.353528,22.38849,4.673096
"003","8am",48.81208,8.2234906,10.416409,21.57536,10.972665
"004","8am",37.70819,15.0315996,8.344639,34.39786,4.517719
"005","8am",47.69512,5.2021014,7.075413,34.35906,5.668308
"006","8am",62.39967,5.2351534,5.294989,16.22301,10.847179
"007","8am",40.48968,19.5608812,9.056108,23.59511,7.29823
"008","8am",34.52197,6.1908394,6.126485,43.37528,9.785418
"009","8am",33.17921,18.4005352,8.472037,35.36264,4.585586
"010","8am",29.16189,20.1532221,6.987759,36.82948,6.867649
"011","8am",39.25925,14.5900997,8.619381,32.99881,4.532465
"012","8am",40.74178,22.8483,3.136826,26.54486,6.728237
"013","8am",37.17565,7.0522283,8.938483,34.99667,11.836961
"014","8am",45.14949,2.5877181,7.400711,37.22478,7.637306
"015","8am",35.63751,12.2029732,10.208742,35.39403,6.556744
"016","8am",41.35246,4.9632608,9.519094,38.83768,5.327503
"017","8am",54.09368,10.4316113,3.302977,26.4817,5.690027
"018","8am",53.64268,5.490377,3.111805,35.69176,2.063383
"019","8am",42.95938,4.1062594,5.630752,38.70962,8.593987
"020","8am",35.32716,5.1755218,11.082458,35.73557,12.679294
"021","8am",37.56716,5.3646044,10.242657,32.38817,14.437408
"022","8am",50.94331,3.8727498,3.865116,32.16105,9.157775
"023","8am",42.46091,16.871966,2.496143,32.72755,5.443438
"024","8am",44.88063,3.5699759,6.700823,32.30944,12.539127
"025","8am",36.55337,12.8223081,6.155141,31.70345,12.765731
"026","8am",39.69509,2.1095498,6.674785,49.36526,2.155322
"027","8am",46.70844,3.0517123,3.819763,39.62028,6.799805
"028","8am",56.32297,3.6129226,2.731089,28.56641,8.766615
"029","8am",41.93682,2.8275097,5.18086,43.70025,6.354558
"030","8am",43.79095,1.8167318,3.388164,44.01955,6.984599
"031","8am",43.13962,2.8390196,2.279395,33.87416,17.867806
"032","8am",42.00277,6.5673099,6.072312,35.17078,10.186832
"033","8am",46.26454,3.5238283,3.433019,41.68272,5.095893
"034","8am",50.62706,10.6551618,5.125184,26.57907,7.013523
"035","8am",56.10211,0.8018992,3.671471,35.0521,4.372415
"036","8am",37.92759,3.9006716,2.203177,49.34898,6.619587
"037","8am",49.04635,0.7073152,1.813953,44.47088,3.961499
"038","8am",49.3925,1.9029048,6.141862,37.27607,5.286665
"039","8am",61.85263,9.6236156,6.613662,19.53857,2.37152
"040","8am",52.63725,2.7238953,4.85598,34.91439,4.868488
"041","8am",50.34754,6.6993289,3.584152,36.08714,3.281835
"042","8am",55.19522,1.1649955,4.69932,28.93062,10.009846
"043","8am",42.02895,4.9874199,3.288691,43.79459,5.900341
"044","8am",52.1284,2.5692687,2.76196,36.79353,5.746841
"045","8am",48.82885,4.5324032,3.052485,39.99286,3.593393
"046","8am",54.65908,12.5061018,3.073811,26.10341,3.657601
"047","8am",51.28964,2.7189321,3.333662,37.74051,4.917258
"048","8am",56.29703,4.1907421,2.848752,30.72058,5.9429
"049","8am",43.50013,6.4853166,8.944873,36.56968,4.499995
"050","8am",37.97005,0.7982789,7.02911,48.30542,5.897143
"051","8am",43.54024,3.0118974,3.011897,38.59456,11.841401
"052","8am",38.33136,1.5062181,9.758196,42.4917,7.912522
"001","9am",49.76752,10.6686607,11.972424,22.54091,5.050482
"002","9am",30.52637,33.5877757,6.283306,24.66444,4.938108
"003","9am",51.29841,7.6433201,9.19289,20.98479,10.880586
"004","9am",38.04677,16.6738042,8.914664,33.19439,3.170369
"005","9am",53.08912,5.19286,6.048607,30.23644,5.432971
"006","9am",61.38203,5.3136313,5.102849,16.95043,11.251064
"007","9am",40.16435,19.4092977,8.843794,23.85481,7.727742
"008","9am",37.18771,6.186209,5.98766,41.71854,8.919872
"009","9am",34.67512,20.4829628,7.297129,32.83189,4.712894
"010","9am",28.93666,20.506035,7.389808,35.78795,7.379547
"011","9am",40.66109,14.0871943,6.635998,33.42698,5.188739
"012","9am",40.89491,22.1531,3.914495,25.93462,7.102875
"013","9am",37.24316,5.017762,9.075262,36.31946,12.344351
"014","9am",45.28413,2.6977317,6.977676,37.07847,7.961996
"015","9am",36.36004,11.4658324,9.047455,35.52866,7.598019
"016","9am",40.9898,4.4081198,8.898929,39.62965,6.0735
"017","9am",52.63243,11.6566738,4.077062,26.35658,5.27725
"018","9am",54.5105,4.59313,3.18018,36.06446,1.651733
"019","9am",46.09721,3.4388273,5.101951,37.2529,8.109117
"020","9am",36.58126,5.6477851,11.344293,34.17339,12.253269
"021","9am",38.81348,5.1936381,11.00564,31.39574,13.591496
"022","9am",47.22711,3.6497517,4.077499,36.8586,8.187039
"023","9am",41.98734,18.8146381,2.783554,31.22148,5.192993
"024","9am",46.05947,3.6080027,6.170156,30.64451,13.51786
"025","9am",35.35735,13.4470692,6.11109,31.43994,13.644545
"026","9am",46.0662,2.0678169,6.542739,43.21056,2.112684
"027","9am",43.31114,2.4493612,4.104042,42.82959,7.305869
"028","9am",56.088,1.8739807,2.693678,30.69781,8.646527
"029","9am",41.73111,1.8783263,5.279349,43.69669,7.414522
"030","9am",42.99531,1.9057541,2.465003,46.17657,6.457362
"031","9am",43.09883,2.8410563,2.28103,34.6456,17.133489
"032","9am",42.95242,5.1827638,6.163383,35.36182,10.339611
"033","9am",49.03995,3.331685,3.245828,36.45407,7.928475
"034","9am",49.53399,10.7937689,5.167117,26.16249,8.342632
"035","9am",55.65931,2.0315311,3.733885,35.64798,2.927294
"036","9am",39.3377,3.148611,1.273589,51.57597,4.664129
"037","9am",48.18726,2.4029329,1.828669,43.5875,3.993638
"038","9am",49.22099,1.927517,5.416402,38.88494,4.550144
"039","9am",60.6593,10.3003243,7.045066,19.21539,2.779922
"040","9am",55.50065,1.7922748,5.249712,33.0549,4.40246
"041","9am",49.36951,7.1541616,3.218309,36.13697,4.121048
"042","9am",52.72965,1.2018523,4.847991,31.77256,9.447943
"043","9am",42.15643,5.230609,3.44905,42.10505,7.058864
"044","9am",51.81168,1.5882103,2.721086,38.21723,5.661793
"045","9am",49.61609,4.2041191,3.29288,39.01053,3.876386
"046","9am",53.34168,12.8788319,3.518663,27.89855,2.36227
"047","9am",53.87169,1.6697019,3.467755,35.87581,5.115049
"048","9am",57.00485,3.6320246,2.888201,30.44972,6.025196
"049","9am",43.34414,7.1904766,8.8503,36.16266,4.452418
"050","9am",38.99682,0.8022098,5.679999,48.59479,5.926182
"051","9am",47.23282,3.8718183,2.812447,35.02566,11.057253
"052","9am",37.58402,1.6220005,9.026129,43.2471,8.520754
"001","10am",49.54837,10.2480875,12.80122,21.22535,6.176976
"002","10am",31.36902,35.1567373,5.945665,24.25678,3.2718
"003","10am",50.8967,7.3236239,8.755516,22.01204,11.012111
"004","10am",39.0186,16.6332979,8.086213,32.25408,4.007807
"005","10am",47.30038,4.978834,7.616892,32.78081,7.323084
"006","10am",61.4348,5.3277211,4.705414,17.56621,10.965857
"007","10am",40.06429,19.5800445,9.131874,24.47811,6.74568
"008","10am",34.40757,6.8252798,6.35272,42.58906,9.82537
"009","10am",35.17626,20.72874,7.869619,31.6236,4.601777
"010","10am",27.80094,19.9864072,6.834857,34.64808,10.729719
"011","10am",41.07891,15.6247504,6.502347,33.75004,3.043949
"012","10am",39.39211,21.1163818,4.009747,28.38496,7.096792
"013","10am",37.20186,5.0758577,9.5352,35.21776,12.969324
"014","10am",44.13645,1.491837,7.055733,39.26491,8.051064
"015","10am",34.70143,11.6618477,9.154483,36.75432,7.727912
"016","10am",43.53155,4.7561776,7.198236,38.89375,5.620289
"017","10am",55.10316,11.9549581,2.807562,24.60295,5.531368
"018","10am",54.97594,4.5717366,2.788656,35.43996,2.223712
"019","10am",45.47821,3.3870212,5.771534,37.37628,7.986952
"020","10am",35.01082,5.5823155,9.648136,37.6475,12.111228
"021","10am",39.56148,5.2622468,12.170031,28.90229,14.103952
"022","10am",47.44578,3.6306694,6.286326,34.11571,8.521521
"023","10am",41.4665,19.196945,2.33858,32.10995,4.888018
"024","10am",43.93929,3.5874089,5.218675,33.28504,13.969588
"025","10am",34.31573,13.4061647,7.132446,31.31945,13.826211
"026","10am",49.81309,1.9152994,6.060161,40.2546,1.956857
"027","10am",40.35665,2.570121,1.718009,47.68916,7.666067
"028","10am",55.20484,2.0400092,2.932329,32.12575,7.697073
"029","10am",41.73708,2.9358829,5.379433,42.39252,7.555084
"030","10am",42.56927,2.0047784,2.593086,45.40984,7.423026
"031","10am",36.4293,3.0537717,2.451815,40.45188,17.613231
"032","10am",43.42191,5.000885,7.414878,33.54668,10.615646
"033","10am",49.00625,2.3838036,3.143735,39.44051,6.025701
"034","10am",49.22411,11.3941455,4.743483,26.87647,7.76179
"035","10am",55.17257,2.1149695,3.15441,35.6615,3.896549
"036","10am",42.71419,3.0012051,1.213964,46.00521,7.065426
"037","10am",48.45576,2.6467308,2.014204,42.48448,4.398827
"038","10am",48.23615,1.1622288,6.984568,38.9891,4.62796
"039","10am",60.49545,10.4139554,6.386525,20.99668,1.707391
"040","10am",57.38666,1.7385461,6.210267,30.39404,4.270483
"041","10am",52.00803,5.0359241,2.595321,36.17008,4.190643
"042","10am",53.37623,1.207998,4.872781,30.16366,10.37933
"043","10am",45.0324,5.1055343,4.269062,39.43815,6.154861
"044","10am",50.85733,1.6519936,2.830366,38.77114,5.889173
"045","10am",50.2103,4.1486537,4.232384,37.58342,3.825244
"046","10am",52.53314,12.5093722,5.016263,27.64672,2.294503
"047","10am",52.84718,1.7928292,2.479441,37.3883,5.492243
"048","10am",56.21101,3.4131798,2.8364,31.62228,5.917131
"049","10am",47.60228,7.6070939,7.717601,32.36263,4.710391
"050","10am",40.23782,0.8333556,4.233813,48.53874,6.156266
"051","10am",35.55251,5.6626783,3.381286,42.10986,13.293666
"052","10am",38.18485,1.4910049,9.659636,42.06253,8.601985
"001","11am",51.53549,10.2052289,12.216097,21.22629,4.816899
"002","11am",34.62834,34.5127541,5.380915,22.95467,2.523318
"003","11am",48.91572,8.1400072,10.58483,20.50371,11.855727
"004","11am",34.87795,17.0116947,9.112206,33.68861,5.309543
"005","11am",49.76146,4.8307625,6.434988,32.69951,6.273277
"006","11am",60.4121,5.5135234,5.349834,16.71565,12.008886
"007","11am",39.51908,20.2898136,8.980043,24.2771,6.933968
"008","11am",32.64597,6.472686,8.277771,42.28217,10.321397
"009","11am",35.70485,16.5179901,7.023684,35.93386,4.819616
"010","11am",29.08805,23.7431657,4.502322,35.0599,7.606561
"011","11am",36.65413,13.8579997,6.692605,37.35755,5.437721
"012","11am",36.5794,21.4114254,3.289804,31.25897,7.460408
"013","11am",36.68304,4.2287738,8.94574,36.79019,13.352259
"014","11am",47.12532,1.4324165,6.7747,36.93718,7.730387
"015","11am",36.00178,11.1159184,9.055283,36.09764,7.729377
"016","11am",42.68491,6.3622556,8.851504,36.44206,5.659272
"017","11am",56.037,12.3516875,2.881725,23.3769,5.352682
"018","11am",55.0476,4.3772592,3.21094,35.23508,2.129118
"019","11am",41.73866,4.5262792,5.638355,39.49112,8.605592
"020","11am",36.00011,5.3226537,9.199352,37.93001,11.547873
"021","11am",37.63841,4.9925057,11.171831,31.23544,14.961817
"022","11am",47.61163,3.7676388,5.230945,34.9383,8.45148
"023","11am",40.56149,19.2433749,2.876172,33.45206,3.866906
"024","11am",46.82565,3.3682931,6.218128,30.47159,13.116338
"025","11am",34.40875,14.0691591,7.121727,30.64827,13.752091
"026","11am",48.99501,1.9169542,6.881701,40.24778,1.958548
"027","11am",39.52258,2.6518556,1.772645,48.14306,7.909862
"028","11am",54.76462,1.9244474,2.766219,33.28366,7.261051
"029","11am",39.19468,4.1791933,5.680305,41.88908,9.056747
"030","11am",38.33299,1.8638375,2.780995,49.18503,7.837146
"031","11am",37.43744,2.8371898,2.277925,42.42835,15.0191
"032","11am",43.74453,5.0369111,7.468294,33.98184,9.76843
"033","11am",50.86757,3.3161645,3.230707,36.39315,6.192404
"034","11am",49.55982,10.8318364,4.939524,26.99294,7.675884
"035","11am",58.22629,1.2656251,4.002431,32.61009,3.895571
"036","11am",44.48089,2.9727895,1.20247,48.14265,3.201209
"037","11am",46.75963,2.6090193,1.985504,44.30969,4.336151
"038","11am",47.68103,1.9693797,5.826973,39.05127,5.471346
"039","11am",61.31064,10.3557337,7.320898,18.68968,2.32305
"040","11am",54.94007,1.7209883,7.439336,31.74016,4.159442
"041","11am",49.60696,7.1428895,3.213239,35.81475,4.222166
"042","11am",53.8716,1.1096363,4.476013,30.14089,10.40186
"043","11am",42.77309,5.1358998,1.669959,44.22958,6.191468
"044","11am",54.88684,1.6201999,2.775893,36.01711,4.699953
"045","11am",50.5535,3.2150407,3.228173,39.20307,3.800213
"046","11am",50.6009,12.5534925,4.689638,28.48451,3.671461
"047","11am",52.24861,1.772984,2.451995,38.09497,5.431449
"048","11am",56.71877,3.3650805,2.796429,31.28597,5.833746
"049","11am",45.95958,8.0840194,7.468236,33.92997,4.558193
"050","11am",39.40384,0.8183814,4.157738,49.57439,6.045646
"051","11am",37.66998,5.7618386,3.310538,41.22879,12.02885
"052","11am",35.42286,1.557625,10.091241,43.94194,8.986333
"001","12am",52.34017,11.0604292,12.529442,19.17413,4.895831
"002","12am",37.13392,32.3954639,5.193655,22.02971,3.247257
"003","12am",47.72027,8.6381295,10.209546,22.50717,10.924888
"004","12am",38.18749,14.8899331,8.898682,32.83877,5.185126
"005","12am",47.03896,5.3235799,6.789864,34.69947,6.148132
"006","12am",55.46769,6.75677,5.62067,18.93937,13.215499
"007","12am",40.60518,20.2631958,7.934961,24.16072,7.035942
"008","12am",31.64749,5.648921,8.501364,43.63976,10.562465
"009","12am",34.63345,16.1007205,7.367079,37.35252,4.546234
"010","12am",28.94124,22.0310947,6.875647,34.80922,7.342802
"011","12am",32.99709,14.1744388,7.901481,39.44738,5.479609
"012","12am",39.42208,19.4154946,2.459416,30.50869,8.194325
"013","12am",36.69185,5.3107,9.164357,36.20327,12.629815
"014","12am",47.13271,3.3820777,7.595594,35.25462,6.634993
"015","12am",32.93629,11.2552354,10.046259,38.90129,6.860925
"016","12am",47.53937,4.207955,8.562958,34.57881,5.11091
"017","12am",59.05028,11.4425521,2.682445,21.88284,4.94189
"018","12am",55.18715,7.6495872,2.998665,33.17041,0.994181
"019","12am",41.5055,3.7429769,5.668092,40.43246,8.650978
"020","12am",40.16495,4.3477006,8.06186,35.85191,11.57358
"021","12am",41.75839,5.1030932,10.620041,29.16046,13.358022
"022","12am",49.08705,2.9103007,5.156309,34.02379,8.822549
"023","12am",39.93815,17.4979698,2.905653,34.83599,4.822236
"024","12am",43.97957,6.0067266,6.326439,31.44031,12.246951
"025","12am",35.82648,10.1331555,6.94867,31.90486,15.186839
"026","12am",48.55291,5.1501967,6.0717,38.49717,1.72802
"027","12am",39.97026,6.7726982,2.422075,43.66143,7.173535
"028","12am",55.20342,5.7059794,2.39941,30.39298,6.298215
"029","12am",37.5024,3.9083091,5.312123,43.96796,9.309205
"030","12am",41.33133,3.4572714,2.482653,45.62032,7.108424
"031","12am",45.74693,1.8133373,1.975374,37.44008,13.02428
"032","12am",43.80412,3.6549459,7.411128,35.15809,9.971718
"033","12am",56.3134,3.6823126,2.844293,32.93799,4.222002
"034","12am",47.84686,10.455026,5.456976,28.31963,7.921509
"035","12am",58.01245,0.6874849,4.75421,32.63455,3.91131
"036","12am",44.09613,5.6679251,1.054924,43.04123,6.139792
"037","12am",49.9261,3.3020895,1.732484,41.25574,3.783579
"038","12am",50.22374,1.8021455,5.716315,37.33743,4.920371
"039","12am",60.75961,7.9089499,7.736441,20.99555,2.599449
"040","12am",48.03083,4.2799819,7.444326,35.25553,4.989325
"041","12am",48.34481,7.5307115,3.153895,37.53608,3.434501
"042","12am",51.74076,4.4340677,3.941289,29.43905,10.444827
"043","12am",42.89086,5.8327901,1.618943,42.87841,6.778991
"044","12am",57.08648,1.5373221,2.633899,33.26192,5.480382
"045","12am",48.42698,3.2386114,3.928527,40.57781,3.828074
"046","12am",52.56557,13.07015,3.032431,26.37814,4.953703
"047","12am",49.65368,2.6727378,3.277023,39.56284,4.833714
"048","12am",56.71939,3.3650328,2.796389,31.28553,5.833663
"049","12am",47.29833,5.9479983,8.71444,33.65516,4.384069
"050","12am",41.94652,0.7795049,5.30479,46.21074,5.758454
"051","12am",40.36204,6.3647983,3.122306,38.94236,11.208496
"052","12am",37.58312,2.752088,9.316409,42.05205,8.296339
"001","1pm",54.61228,9.4536402,12.832595,17.86873,5.232756
"002","1pm",35.22857,34.0419594,5.214424,22.54898,2.966065
"003","1pm",47.35938,10.3048801,10.018958,21.04697,11.269815
"004","1pm",39.87881,13.1041341,8.345286,34.1537,4.518069
"005","1pm",47.01628,5.7849716,7.444523,34.97158,4.782653
"006","1pm",59.78315,6.3753155,4.712503,17.78645,11.342577
"007","1pm",40.6756,20.4043444,8.340849,24.58789,5.991313
"008","1pm",31.31227,7.3941128,7.486572,42.77569,11.031356
"009","1pm",34.12434,19.8912304,7.150817,34.42084,4.412778
"010","1pm",32.11184,20.934591,5.817675,34.81539,6.320497
"011","1pm",34.16622,12.1525153,6.056045,42.59163,5.033595
"012","1pm",42.51593,20.1402136,3.380438,25.66814,8.295282
"013","1pm",38.63552,5.5013646,8.661633,35.07112,12.130359
"014","1pm",44.60899,2.935043,7.064109,38.0594,7.332459
"015","1pm",37.06314,11.0560437,9.546421,35.76845,6.565946
"016","1pm",39.30892,6.4016798,9.631883,39.14842,5.509102
"017","1pm",58.43944,9.9115529,3.323468,22.89373,5.431801
"018","1pm",54.0061,6.1064464,3.544748,34.8132,1.529505
"019","1pm",40.46845,3.5340181,6.411875,40.3945,9.191162
"020","1pm",42.98199,4.3586219,8.844849,32.85363,10.96091
"021","1pm",35.47038,6.7188279,11.79623,33.05864,12.955927
"022","1pm",50.06067,4.347266,4.878706,31.81818,8.895176
"023","1pm",41.83637,19.4240669,1.580503,33.52638,3.632679
"024","1pm",43.73934,3.3228909,6.618281,33.50758,12.81191
"025","1pm",36.4208,11.5681615,7.024727,30.48717,14.499135
"026","1pm",46.60183,4.3399364,5.606674,41.64114,1.810423
"027","1pm",38.58229,8.2873588,2.638924,43.83383,6.657591
"028","1pm",55.41847,1.928196,2.771607,33.34849,6.533239
"029","1pm",37.32527,3.2049595,4.756852,44.42174,10.29117
"030","1pm",44.44593,2.1652433,2.480259,44.64021,6.268364
"031","1pm",44.3903,1.9517887,2.126197,37.51301,14.018706
"032","1pm",42.20465,4.5878668,6.221921,37.5164,9.469157
"033","1pm",48.65942,5.0961706,3.260898,38.14311,4.8404
"034","1pm",49.7765,9.4448936,5.951924,27.25709,7.569599
"035","1pm",56.69527,2.776702,5.307649,32.26283,2.957557
"036","1pm",37.60519,4.5821919,1.354457,47.56967,8.888494
"037","1pm",48.4928,3.5674098,1.871688,43.08847,2.979637
"038","1pm",53.86728,2.8794828,5.230623,32.65965,5.362967
"039","1pm",58.67786,7.4753414,7.910851,22.54638,3.389565
"040","1pm",49.89799,4.9662816,6.539816,32.87232,5.723592
"041","1pm",48.98851,7.5691975,3.170013,36.59683,3.675452
"042","1pm",46.07091,4.6221678,4.108485,33.24014,11.958298
"043","1pm",41.97055,6.4907254,1.639032,43.75424,6.145454
"044","1pm",57.93259,1.5897034,2.723644,33.45133,4.30273
"045","1pm",51.22436,3.2346497,3.066387,38.65121,3.823391
"046","1pm",48.11434,13.4426434,3.264661,29.84529,5.333067
"047","1pm",52.99033,3.9018212,3.284438,37.18324,2.640167
"048","1pm",57.7715,3.6016281,2.993003,29.39004,6.243828
"049","1pm",49.71292,4.9677054,8.058205,32.65783,4.603341
"050","1pm",39.90305,0.8013278,4.499768,49.81022,4.985632
"051","1pm",37.86315,5.3728589,4.141976,42.46016,10.161856
"052","1pm",39.98665,1.5350841,9.945208,39.67677,8.856289
"001","2pm",50.64899,10.901052,12.771955,21.09665,4.581349
"002","2pm",34.64003,33.630133,5.006303,21.69339,5.030139
"003","2pm",49.71737,9.12291,9.8225,20.56947,10.767755
"004","2pm",43.80097,11.709459,8.153648,31.45804,4.877883
"005","2pm",45.20649,7.773859,6.737936,35.19096,5.090759
"006","2pm",58.31353,6.107742,5.416013,20.14716,10.015549
"007","2pm",44.76291,18.115509,7.015422,23.41159,6.694562
"008","2pm",32.80997,7.538614,6.184625,41.11393,12.352859
"009","2pm",33.88475,21.039262,8.17986,32.56634,4.329787
"010","2pm",34.45258,20.297024,4.602599,33.58893,7.058859
"011","2pm",31.56883,13.331811,8.531798,39.94427,6.62329
"012","2pm",42.06811,21.834251,2.44917,24.66109,8.987376
"013","2pm",38.49503,6.164748,10.375016,32.49001,12.475195
"014","2pm",47.58324,2.815994,4.758001,37.80771,7.035046
"015","2pm",39.62313,10.914285,9.211956,33.87712,6.373506
"016","2pm",40.61607,6.282559,10.196297,38.16895,4.736125
"017","2pm",55.26027,8.986433,4.805371,24.9414,6.006519
"018","2pm",54.82723,7.26684,3.214086,33.63485,1.05699
"019","2pm",42.17012,5.636033,5.330188,37.90978,8.95388
"020","2pm",41.76118,4.801895,8.744033,35.85887,8.83403
"021","2pm",44.02357,6.11983,8.395112,29.06933,12.392155
"022","2pm",45.2176,5.482764,6.719506,32.51721,10.062919
"023","2pm",36.92887,17.599462,4.384443,34.83147,6.255756
"024","2pm",45.10954,3.001381,6.213099,33.01971,12.656268
"025","2pm",37.39789,12.177534,4.933267,30.05497,15.436334
"026","2pm",43.59107,3.289612,4.294001,47.03283,1.792488
"027","2pm",45.06922,5.31379,2.646054,41.32823,5.642703
"028","2pm",57.11347,1.946591,2.798048,32.74389,5.398008
"029","2pm",39.79774,3.434518,5.097568,43.62544,8.044737
"030","2pm",50.80351,1.102275,4.497477,38.1278,5.468941
"031","2pm",49.34145,0,2.152551,33.04261,15.463393
"032","2pm",42.61784,4.731218,5.36009,36.62085,10.670005
"033","2pm",49.57096,4.975635,2.990417,37.97111,4.491874
"034","2pm",48.93774,9.725726,4.253191,29.81159,7.271752
"035","2pm",56.45832,2.800452,5.353046,32.40533,2.982854
"036","2pm",40.5602,4.586424,1.355707,45.71434,7.783334
"037","2pm",49.41315,3.784225,1.985443,41.65646,3.160729
"038","2pm",50.78844,2.433519,4.605481,37.41592,4.756647
"039","2pm",54.51363,7.928494,7.993581,26.13928,3.425012
"040","2pm",49.02566,5.056003,6.565251,35.04089,4.31219
"041","2pm",51.13189,5.425631,2.106378,38.06025,3.275856
"042","2pm",46.24629,7.448471,3.640643,31.16635,11.498247
"043","2pm",46.77817,6.329621,1.855533,39.8598,5.176875
"044","2pm",55.19673,1.596871,1.675537,37.20874,4.322131
"045","2pm",51.18786,3.342778,3.168891,38.34927,3.9512
"046","2pm",48.4485,11.371673,3.815309,31.11868,5.245839
"047","2pm",53.24468,3.947033,1.054014,38.88002,2.874249
"048","2pm",55.53421,4.453948,3.143466,30.01198,6.856397
"049","2pm",49.56911,6.666018,8.110696,31.73573,3.918446
"050","2pm",40.17912,0,8.182722,46.87201,4.766147
"051","2pm",38.51895,8.401957,4.134447,41.32996,7.61468
"052","2pm",43.42483,1.552978,10.061132,37.60426,7.3568
"001","3pm",49.27108,10.3796982,11.724573,23.92854,4.696106
"002","3pm",34.2719,30.6849158,6.539174,23.86249,4.641527
"003","3pm",49.24841,9.0480904,8.967759,20.67387,12.061869
"004","3pm",42.50116,10.140228,8.069818,34.38734,4.901451
"005","3pm",42.36587,9.3743826,7.359796,35.26858,5.631369
"006","3pm",62.07295,5.9972102,4.733399,18.30226,8.894178
"007","3pm",43.43249,16.2837013,6.84942,27.2869,6.147498
"008","3pm",32.71082,8.7070929,6.454901,39.61083,12.516355
"009","3pm",36.5762,23.9274104,6.681731,29.02115,3.793514
"010","3pm",35.95699,15.2056416,5.861464,36.76048,6.215428
"011","3pm",35.21704,13.070987,5.400544,39.57111,6.740318
"012","3pm",41.25029,22.935077,2.692097,22.63213,10.490407
"013","3pm",40.38972,5.9862984,8.435894,33.24473,11.94336
"014","3pm",45.75779,4.9354304,4.829877,36.04033,8.43658
"015","3pm",39.16984,10.4062084,9.446364,34.6702,6.307391
"016","3pm",41.60771,6.7033654,10.317115,36.78535,4.586459
"017","3pm",52.79402,9.5545543,5.739952,25.62105,6.290416
"018","3pm",53.19028,6.0068671,3.83074,35.86948,1.10263
"019","3pm",42.25966,5.2595116,4.61968,39.50544,8.355706
"020","3pm",37.98798,5.4815497,10.413103,35.71501,10.402356
"021","3pm",43.31102,5.2638715,7.636185,32.68606,11.102858
"022","3pm",48.23936,5.4614427,5.579058,30.08274,10.637396
"023","3pm",36.30261,16.5798198,2.709051,38.40267,6.005851
"024","3pm",45.97279,3.212381,6.672229,32.32072,11.821876
"025","3pm",39.36085,11.1385883,6.476665,28.28825,14.735652
"026","3pm",44.95975,2.3450412,4.674679,42.64482,5.375704
"027","3pm",43.99715,4.4287428,2.762843,43.99797,4.81329
"028","3pm",55.88134,4.6310452,4.737623,29.13304,5.616947
"029","3pm",39.91747,3.255481,5.965034,42.29397,8.568048
"030","3pm",45.0565,1.1892544,2.758455,45.0953,5.90049
"031","3pm",49.56172,0.6598097,2.014421,34.88111,12.882945
"032","3pm",43.91795,5.0058698,6.311312,35.77431,8.990559
"033","3pm",51.82704,4.0178337,3.045671,33.68866,7.420796
"034","3pm",49.32044,9.4979962,6.082092,27.38694,7.712537
"035","3pm",55.87881,3.3064045,5.576202,32.45599,2.782595
"036","3pm",41.16242,6.0275364,1.403757,43.34709,8.059193
"037","3pm",49.5032,2.0192368,2.056496,43.14722,3.273843
"038","3pm",49.20725,2.830119,4.361944,38.54661,5.054073
"039","3pm",54.8987,8.5471369,8.802345,25.22168,2.530139
"040","3pm",49.16214,5.9771011,5.220611,34.82659,4.813562
"041","3pm",55.07745,7.0064478,1.467166,33.30338,3.145551
"042","3pm",45.75651,5.5066441,4.462011,32.12196,12.152878
"043","3pm",51.96169,7.1302982,1.715267,35.34869,3.84406
"044","3pm",58.45928,2.0171121,2.457585,32.23109,4.834928
"045","3pm",49.5808,3.5452157,3.776995,38.9065,4.190484
"046","3pm",49.228,12.7496765,3.122638,29.79863,5.101062
"047","3pm",54.41317,3.8873577,1.144464,37.4341,3.120903
"048","3pm",55.23756,4.4925152,2.293092,31.06106,6.915767
"049","3pm",49.20292,5.7231048,8.347508,32.31377,4.412691
"050","3pm",40.34408,0,7.910986,47.13707,4.60787
"051","3pm",40.70906,3.9457031,3.845549,44.41709,7.082598
"052","3pm",43.47137,3.3375069,8.377517,36.12832,8.685291
"001","4pm",50.12725,12.093521,10.8150246,21.69764,5.266564
"002","4pm",36.05812,29.471887,9.5491783,20.89023,4.030587
"003","4pm",45.90727,7.458396,9.4690449,25.02221,12.143073
"004","4pm",41.39304,7.486885,8.0932199,37.03719,5.989667
"005","4pm",45.98815,9.115529,6.4115736,34.25267,4.232078
"006","4pm",58.84039,5.483364,4.8828434,19.99502,10.79838
"007","4pm",41.07271,16.651467,8.4113684,26.44823,7.416225
"008","4pm",32.68581,8.725116,5.8622362,43.05644,9.670401
"009","4pm",37.02011,21.497933,7.0848651,29.7224,4.67469
"010","4pm",34.22396,15.740242,5.4332151,37.19862,7.403969
"011","4pm",31.40576,9.558167,8.1267037,43.02071,7.888663
"012","4pm",37.98024,22.076342,1.9267717,27.99236,10.024291
"013","4pm",39.50797,6.08431,8.8727438,32.65371,12.881264
"014","4pm",46.6618,7.021803,5.1529123,33.48742,7.676061
"015","4pm",38.3715,10.003022,8.9726142,36.03762,6.615243
"016","4pm",43.10038,5.935951,8.7685468,37.6205,4.574616
"017","4pm",54.71376,9.537704,4.2411213,25.26777,6.239639
"018","4pm",53.39306,5.814744,3.2700702,35.92605,1.596081
"019","4pm",42.57012,6.759344,5.3241023,37.97866,7.367773
"020","4pm",40.18259,5.544542,9.6351423,34.11583,10.521896
"021","4pm",40.38806,4.876573,8.8155838,33.13134,12.788443
"022","4pm",49.8606,5.788899,5.5442482,29.34713,9.459121
"023","4pm",38.88517,16.162349,1.650044,37.37653,5.925901
"024","4pm",45.04692,4.307973,7.1544133,31.09238,12.398313
"025","4pm",40.12164,11.536122,6.4320494,28.13912,13.77106
"026","4pm",47.60083,3.44024,6.0620831,41.17157,1.725283
"027","4pm",43.91736,6.857636,2.271249,41.26773,5.686023
"028","4pm",55.00879,4.504926,4.608601,28.75675,7.120933
"029","4pm",41.00428,4.4479,5.0530282,40.66618,8.828618
"030","4pm",43.80557,4.254712,2.3417664,42.6374,6.960552
"031","4pm",51.46843,2.571995,2.0650055,31.3645,12.530073
"032","4pm",44.30051,5.786303,7.4093419,32.95171,9.55214
"033","4pm",53.22036,3.987013,3.0223078,34.8888,4.881514
"034","4pm",50.22298,8.45659,5.2448521,27.43706,8.638518
"035","4pm",55.58351,4.377592,5.3732681,30.61076,4.054869
"036","4pm",46.19384,5.303375,1.28338,41.23603,5.983366
"037","4pm",49.57984,1.783331,1.8162372,43.92923,2.891362
"038","4pm",51.45617,2.773335,5.8011823,35.56742,4.40189
"039","4pm",56.09356,9.508022,8.9993531,23.86382,1.535246
"040","4pm",51.55431,5.077781,4.096315,35.87212,3.399472
"041","4pm",52.98048,8.792917,2.4132138,33.14202,2.671369
"042","4pm",51.45379,2.877489,3.7156325,31.05595,10.897145
"043","4pm",56.26912,7.093833,0.7547548,30.91285,4.969448
"044","4pm",55.68876,6.668229,2.4301655,31.09826,4.11459
"045","4pm",48.12005,4.098455,4.0114725,39.67157,4.098455
"046","4pm",52.34258,11.283604,3.8654855,27.74009,4.768232
"047","4pm",48.28703,4.257583,1.6389348,42.83692,2.979535
"048","4pm",55.16452,4.230637,3.8259699,30.54994,6.228926
"049","4pm",49.68712,5.528746,6.9200664,33.23964,4.624424
"050","4pm",40.78556,0,9.0066793,46.37183,3.835925
"051","4pm",49.69517,2.613889,2.8045081,36.04107,8.845361
"052","4pm",44.177,4.610859,9.285775,33.65731,8.269058
"001","5pm",48.89788,13.581298,9.0187508,23.20544,5.296629
"002","5pm",38.75242,26.563222,7.2074976,23.4768,4.000062
"003","5pm",47.3012,7.347986,10.5705073,22.83211,11.948189
"004","5pm",36.97225,11.146715,8.8963931,37.30821,5.67643
"005","5pm",44.92596,10.052223,6.0938912,32.84834,6.079585
"006","5pm",54.42766,6.703053,4.7200694,20.20166,13.947559
"007","5pm",38.95015,12.597501,12.1387841,28.50946,7.804099
"008","5pm",32.53218,11.083589,6.3807367,42.02584,7.977645
"009","5pm",37.58306,14.990835,7.0753911,35.64564,4.705074
"010","5pm",37.86559,13.581604,6.0881428,34.45091,8.013748
"011","5pm",26.41184,9.184763,10.6605882,46.73489,7.007919
"012","5pm",37.36857,18.726905,4.3644316,30.09861,9.441481
"013","5pm",41.48871,6.799569,8.8369763,31.02968,11.84507
"014","5pm",49.5441,6.507124,6.1009817,30.15904,7.688761
