"district","hour","resarea1","resarea2","resarea3"
"001","4am",0.7700562,0.4087564,98.8211874
"002","4am",0.6525031,0.3251316,99.0223654
"003","4am",0,0.8187736,99.1812264
"004","4am",0,0,100
"005","4am",0.6387154,0.5883066,98.772978
"006","4am",2.6707102,1.0538466,96.2754432
"007","4am",2.5427385,1.620858,95.8364034
"008","4am",0,0.6481129,99.3518871
"009","4am",0.4395804,0,99.5604196
"010","4am",0.2713928,0.2851407,99.4434666
"011","4am",1.2915336,1.0821043,97.6263621
"012","4am",0.4553409,0.4068419,99.1378172
"013","4am",0,99.6726283,0.3273717
"014","4am",0.2803515,99.7196485,0
"015","4am",1.0872558,98.4309108,0.4818334
"016","4am",0,100,0
"017","4am",2.390003,95.2279098,2.3820872
"018","4am",0.424332,97.7974766,1.7781914
"019","4am",100,0,0
"020","4am",0,100,0
"021","4am",0,100,0
"022","4am",0,99.2503013,0.7496987
"023","4am",0,100,0
"024","4am",0,98.9380435,1.0619565
"025","4am",0,100,0
"026","4am",0,100,0
"027","4am",0,100,0
"028","4am",0,100,0
"029","4am",98.5148839,1.4851161,0
"030","4am",99.0532302,0,0.9467698
"031","4am",100,0,0
"032","4am",100,0,0
"033","4am",98.225082,1.774918,0
"034","4am",1.6984649,97.8356289,0.4659061
"035","4am",97.4957418,2.5042582,0
"036","4am",100,0,0
"037","4am",98.3325644,1.6674356,0
"038","4am",98.8341102,1.1658898,0
"039","4am",98.0288057,1.9711943,0
"040","4am",99.5512525,0.4487475,0
"041","4am",98.5415125,0.6869348,0.7715527
"042","4am",100,0,0
"043","4am",100,0,0
"044","4am",100,0,0
"045","4am",100,0,0
"046","4am",100,0,0
"047","4am",100,0,0
"048","4am",100,0,0
"049","4am",100,0,0
"050","4am",100,0,0
"051","4am",100,0,0
"052","4am",100,0,0
"001","5am",0.7765249,0.41219,98.8112851
"002","5am",0.656815,1.0784037,98.2647813
"003","5am",0.8183583,1.9193794,97.2622623
"004","5am",0,0,100
"005","5am",0.9565737,0.6063521,98.4370741
"006","5am",3.157726,4.0214061,92.8208679
"007","5am",2.8225962,1.7989332,95.3784706
"008","5am",0,0.6618362,99.3381638
"009","5am",0.442086,0.6159013,98.9420127
"010","5am",0.2736011,0.2874609,99.4389379
"011","5am",1.3309927,0.216682,98.4523253
"012","5am",0.4596805,0.6320537,98.9082659
"013","5am",0.8180473,98.8504513,0.3315014
"014","5am",1.4571884,98.5428116,0
"015","5am",1.4204003,97.1254042,1.4541955
"016","5am",0.5184076,99.4815924,0
"017","5am",2.3998591,92.6949936,4.9051473
"018","5am",1.6356127,95.7062726,2.6581147
"019","5am",100,0,0
"020","5am",0,100,0
"021","5am",0,99.2377073,0.7622927
"022","5am",0,99.2336027,0.7663973
"023","5am",0,100,0
"024","5am",0.6802304,98.2658153,1.0539543
"025","5am",0,100,0
"026","5am",0,100,0
"027","5am",0,100,0
"028","5am",0,100,0
"029","5am",96.3951278,3.6048722,0
"030","5am",99.0395119,0,0.9604881
"031","5am",100,0,0
"032","5am",100,0,0
"033","5am",98.1723115,1.8276885,0
"034","5am",2.0258369,97.5043961,0.469767
"035","5am",97.4957418,2.5042582,0
"036","5am",100,0,0
"037","5am",98.3325644,1.6674356,0
"038","5am",97.5864786,2.4135214,0
"039","5am",91.9200861,2.6702873,5.4096266
"040","5am",99.5525285,0.4474715,0
"041","5am",98.6404386,0.5904233,0.769138
"042","5am",100,0,0
"043","5am",100,0,0
"044","5am",100,0,0
"045","5am",98.6863086,0.707296,0.6063953
"046","5am",100,0,0
"047","5am",99.1512662,0.8487338,0
"048","5am",100,0,0
"049","5am",100,0,0
"050","5am",100,0,0
"051","5am",100,0,0
"052","5am",100,0,0
"001","6am",1.4955581,1.1647306,97.3397113
"002","6am",0.8534377,1.2356437,97.9109186
"003","6am",2.3127225,2.9943096,94.6929679
"004","6am",1.829648,0.7398918,97.4304602
"005","6am",2.5073253,0.600591,96.8920837
"006","6am",5.2569995,5.1481968,89.5948037
"007","6am",3.1366196,1.6834796,95.1799008
"008","6am",0.5764581,0.665732,98.7578099
"009","6am",0.4573839,0.6372139,98.9054022
"010","6am",1.0213231,0.3014183,98.6772586
"011","6am",0.6463769,3.4411459,95.9124772
"012","6am",1.8193929,2.81572,95.3648872
"013","6am",2.4538055,97.2124026,0.3337919
"014","6am",2.737302,95.1036679,2.1590302
"015","6am",2.8454579,96.1895186,0.9650235
"016","6am",1.3673847,98.6326153,0
"017","6am",4.3867942,87.8184083,7.7947975
"018","6am",2.8585922,92.9636118,4.1777961
"019","6am",100,0,0
"020","6am",0,100,0
"021","6am",0.2193185,97.1152343,2.6654471
"022","6am",0.805925,97.772965,1.42111
"023","6am",0,100,0
"024","6am",0.3451622,98.5613224,1.0935154
"025","6am",0,100,0
"026","6am",0,100,0
"027","6am",0,100,0
"028","6am",0,100,0
"029","6am",95.9682153,4.0317847,0
"030","6am",98.9961149,0,1.0038851
"031","6am",100,0,0
"032","6am",100,0,0
"033","6am",100,0,0
"034","6am",4.4144335,95.1065335,0.4790329
"035","6am",97.3482993,2.6517007,0
"036","6am",100,0,0
"037","6am",98.2086031,1.7913969,0
"038","6am",95.1450481,4.8549519,0
"039","6am",89.2853662,4.7963647,5.9182691
"040","6am",99.5439984,0.4560016,0
"041","6am",98.6439999,0.5888768,0.7671234
"042","6am",100,0,0
"043","6am",100,0,0
"044","6am",100,0,0
"045","6am",98.6065532,0.7502366,0.6432102
"046","6am",100,0,0
"047","6am",99.08447,0.91553,0
"048","6am",99.2284972,0.7715028,0
"049","6am",100,0,0
"050","6am",100,0,0
"051","6am",100,0,0
"052","6am",100,0,0
"001","7am",3.6372498,5.5772279,90.7855223
"002","7am",3.7906907,10.0566885,86.1526208
"003","7am",7.8954435,6.4921027,85.6124538
"004","7am",3.3223199,5.84976,90.8279201
"005","7am",4.1121312,4.8984914,90.9893774
"006","7am",11.8564586,15.2340673,72.9094741
"007","7am",7.8653645,7.6756193,84.4590162
"008","7am",3.8543073,1.8507006,94.2949921
"009","7am",2.9127316,6.2762491,90.8110193
"010","7am",6.3743609,2.845095,90.780544
"011","7am",2.0827797,5.2329428,92.6842775
"012","7am",4.8405663,11.2411205,83.9183132
"013","7am",4.1782573,94.0609978,1.7607449
"014","7am",5.8326026,89.2399285,4.9274689
"015","7am",7.5845271,89.8313339,2.584139
"016","7am",6.5052602,93.4947398,0
"017","7am",9.1423609,75.3199587,15.5376804
"018","7am",6.5680053,84.8791485,8.5528462
"019","7am",93.3138154,5.1640446,1.52214
"020","7am",2.5673729,96.6279242,0.8047029
"021","7am",0.2554208,95.6297761,4.1148031
"022","7am",2.2234676,92.90608,4.8704524
"023","7am",2.0191339,97.9808661,0
"024","7am",0.7321655,96.4978821,2.7699524
"025","7am",1.3650004,96.9437231,1.6912765
"026","7am",1.7352864,98.2647136,0
"027","7am",0.3583619,99.6416381,0
"028","7am",0.6580579,99.3419421,0
"029","7am",91.944689,8.055311,0
"030","7am",95.1604529,0.8895048,3.9500424
"031","7am",93.383199,6.616801,0
"032","7am",98.2003068,1.7996932,0
"033","7am",95.9564242,4.0435758,0
"034","7am",17.1705461,81.1037294,1.7257245
"035","7am",91.0409278,8.9590722,0
"036","7am",100,0,0
"037","7am",97.9754348,2.0245652,0
"038","7am",93.2318537,6.7681463,0
"039","7am",84.3914939,7.3300548,8.2784513
"040","7am",96.6878609,2.2096133,1.1025258
"041","7am",96.3426903,1.7029334,1.9543763
"042","7am",96.4131139,3.5868861,0
"043","7am",98.7119206,0,1.2880794
"044","7am",97.3919042,2.6080958,0
"045","7am",97.5874882,1.7046329,0.7078789
"046","7am",96.639747,1.9581302,1.4021228
"047","7am",96.31863,2.9910289,0.6903412
"048","7am",99.1823742,0.8176258,0
"049","7am",100,0,0
"050","7am",100,0,0
"051","7am",100,0,0
"052","7am",100,0,0
"001","8am",7.5152492,12.514723,79.9700276
"002","8am",5.8567963,14.800843,79.3423602
"003","8am",10.2188243,10.186187,79.5949885
"004","8am",3.9499875,7.093207,88.9568059
"005","8am",7.9201965,7.801195,84.2786087
"006","8am",16.1245687,18.440086,65.4353455
"007","8am",9.7525618,14.444134,75.8033047
"008","8am",5.8953702,6.331603,87.7730269
"009","8am",3.7821936,7.512584,88.7052224
"010","8am",6.7129138,3.692337,89.5947496
"011","8am",7.0148174,9.665999,83.3191835
"012","8am",9.0448842,13.895704,77.0594122
"013","8am",7.0831308,89.553552,3.3633174
"014","8am",7.999155,84.742584,7.2582608
"015","8am",11.6104813,83.7484,4.6411183
"016","8am",12.7688689,87.231131,0
"017","8am",15.7531427,64.586591,19.6602665
"018","8am",9.4419568,77.741505,12.8165382
"019","8am",92.5713506,5.819739,1.6089108
"020","8am",2.5806547,96.60502,0.8143251
"021","8am",1.9131035,93.598888,4.4880086
"022","8am",3.0288283,90.459521,6.5116509
"023","8am",4.7227577,95.277242,0
"024","8am",0.7693543,96.319999,2.9106462
"025","8am",2.0084776,95.209772,2.7817499
"026","8am",3.9855914,96.014409,0
"027","8am",1.0279345,97.781621,1.1904448
"028","8am",0.6972698,99.30273,0
"029","8am",91.3005678,8.699432,0
"030","8am",92.9555174,2.520622,4.523861
"031","8am",91.5423932,8.457607,0
"032","8am",96.7035459,1.925739,1.3707151
"033","8am",94.6714265,5.328573,0
"034","8am",26.942843,70.690993,2.3661639
"035","8am",89.4528416,10.547158,0
"036","8am",100,0,0
"037","8am",93.1314436,6.868556,0
"038","8am",93.0039998,6.996,0
"039","8am",81.3327579,11.066226,7.6010164
"040","8am",93.9437582,4.821675,1.2345672
"041","8am",93.5438516,1.627327,4.8288219
"042","8am",93.6088058,6.391194,0
"043","8am",98.5992812,0,1.4007188
"044","8am",96.8480551,3.151945,0
"045","8am",96.4421934,2.814866,0.7429402
"046","8am",94.4518306,2.592987,2.9551824
"047","8am",94.3981389,4.204143,1.3977177
"048","8am",94.2585294,4.624051,1.1174194
"049","8am",100,0,0
"050","8am",100,0,0
"051","8am",100,0,0
"052","8am",100,0,0
"001","9am",8.0398465,14.072208,77.8879459
"002","9am",8.8468508,14.494087,76.6590617
"003","9am",11.1453882,12.386177,76.4684346
"004","9am",4.1577731,8.561618,87.2806091
"005","9am",8.2540077,10.691655,81.0543369
"006","9am",16.3894152,19.686334,63.924251
"007","9am",10.7985594,15.342178,73.8592623
"008","9am",5.9551716,8.009648,86.0351802
"009","9am",4.3832131,8.509488,87.1072994
"010","9am",8.1444526,5.492819,86.362728
"011","9am",6.9956437,10.92896,82.075396
"012","9am",9.5219744,14.402614,76.0754113
"013","9am",7.6231436,87.590456,4.7864008
"014","9am",8.8596955,83.456505,7.6837992
"015","9am",13.2376006,81.345044,5.4173554
"016","9am",12.9846692,87.015331,0
"017","9am",16.7272008,61.405414,21.8673857
"018","9am",11.2070627,75.542243,13.2506947
"019","9am",88.9631667,7.461485,3.5753482
"020","9am",2.8074385,96.306675,0.8858867
"021","9am",1.854877,92.75331,5.3918129
"022","9am",2.8576478,89.711298,7.431054
"023","9am",5.2665456,94.733454,0
"024","9am",0.7772213,96.022355,3.2004233
"025","9am",2.1955881,94.374478,3.4299344
"026","9am",9.4506533,90.549347,0
"027","9am",1.4975068,97.247235,1.2552583
"028","9am",0.6879841,99.312016,0
"029","9am",91.1379041,8.862096,0
"030","9am",92.6139245,2.642849,4.7432267
"031","9am",91.4557829,8.544217,0
"032","9am",95.6165011,1.953553,2.4299464
"033","9am",94.9521905,5.04781,0
"034","9am",32.0243743,65.451692,2.5239337
"035","9am",88.0923442,11.907656,0
"036","9am",98.0427207,1.957279,0
"037","9am",93.0260398,6.97396,0
"038","9am",87.9778082,12.022192,0
"039","9am",78.6258158,12.595231,8.7789532
"040","9am",92.401771,5.209289,2.3889403
"041","9am",93.1573219,1.004304,5.8383746
"042","9am",91.8301149,8.169885,0
"043","9am",98.5338842,0,1.4661158
"044","9am",94.0396664,5.960334,0
"045","9am",94.9068086,4.303772,0.7894196
"046","9am",94.3200072,2.654596,3.025397
"047","9am",94.3355267,3.167526,2.4969473
"048","9am",94.1433445,4.716818,1.139837
"049","9am",100,0,0
"050","9am",100,0,0
"051","9am",100,0,0
"052","9am",100,0,0
"001","10am",8.8997447,14.4332881,76.6669671
"002","10am",8.9609547,14.604743,76.4343023
"003","10am",10.3849483,11.9465786,77.6684731
"004","10am",6.4827358,8.5421996,84.9750646
"005","10am",8.96876,12.4682633,78.5629767
"006","10am",16.96739,21.1029319,61.9296781
"007","10am",9.8905688,16.9647738,73.1446574
"008","10am",5.65989,8.9704478,85.3696622
"009","10am",4.1246972,10.0259642,85.8493386
"010","10am",7.9950648,5.4293672,86.575568
"011","10am",8.7037403,10.6282469,80.6680128
"012","10am",9.16051,14.2486009,76.5908891
"013","10am",7.0124366,87.8987881,5.0887753
"014","10am",7.7555913,84.1900521,8.0543566
"015","10am",12.5446127,81.6683634,5.7870239
"016","10am",12.2950611,87.7049389,0
"017","10am",18.0171424,59.8920837,22.0907739
"018","10am",12.178337,74.9368088,12.8848542
"019","10am",89.1279354,7.3500927,3.5219718
"020","10am",3.0960647,96.0279427,0.8759926
"021","10am",1.878264,92.6619413,5.4597947
"022","10am",2.8550536,89.7206382,7.4243081
"023","10am",5.5725548,94.4274452,0
"024","10am",0.9473843,95.8697325,3.1828832
"025","10am",2.3644026,94.1744232,3.4611742
"026","10am",8.7535946,91.2464054,0
"027","10am",1.1353143,97.5498849,1.3148007
"028","10am",0.2431275,99.7568725,0
"029","10am",90.972709,9.027291,0
"030","10am",93.5663817,2.8094417,3.6241765
"031","10am",90.9354702,9.0645298,0
"032","10am",96.7423274,0.9099533,2.3477193
"033","10am",95.1414929,4.8585071,0
"034","10am",32.5227079,64.9185259,2.5587661
"035","10am",89.1330513,10.8669487,0
"036","10am",96.9403704,3.0596296,0
"037","10am",92.329915,7.670085,0
"038","10am",85.0624362,14.9375638,0
"039","10am",79.5799404,12.6350718,7.7849878
"040","10am",93.6514219,5.054418,1.2941601
"041","10am",87.1851447,2.9304452,9.8844101
"042","10am",91.7889489,8.2110511,0
"043","10am",98.5674863,0,1.4325137
"044","10am",93.8026218,6.1973782,0
"045","10am",94.2083286,4.2372396,1.5544318
"046","10am",93.3761845,3.6837694,2.9400461
"047","10am",93.9296289,3.3945007,2.6758705
"048","10am",94.1675745,4.6973042,1.1351213
"049","10am",99.2578191,0,0.7421809
"050","10am",98.9142707,1.0857293,0
"051","10am",100,0,0
"052","10am",100,0,0
"001","11am",9.7763526,14.8302126,75.3934348
"002","11am",8.604441,14.0438033,77.3517557
"003","11am",9.4427244,10.1415145,80.4157611
"004","11am",3.1527723,8.8944611,87.9527666
"005","11am",8.3195805,10.8744564,80.8059631
"006","11am",15.3216656,18.4682396,66.2100948
"007","11am",11.004928,14.0807212,74.9143508
"008","11am",4.8088815,7.4161799,87.7749386
"009","11am",4.3383816,11.0337897,84.6278286
"010","11am",7.6504817,5.0340043,87.3155141
"011","11am",8.8817807,7.6206958,83.4975235
"012","11am",10.1894323,13.490987,76.3195807
"013","11am",7.2950756,88.5156919,4.1892324
"014","11am",8.3293279,83.7845684,7.8861037
"015","11am",14.6733115,79.9318134,5.3948751
"016","11am",11.0868119,88.1331681,0.78002
"017","11am",16.7638134,65.3067666,17.9294201
"018","11am",10.1363245,76.2200488,13.6436267
"019","11am",92.682016,4.5002486,2.8177354
"020","11am",4.6219467,94.5413859,0.8366674
"021","11am",1.8953636,93.6582443,4.4463921
"022","11am",2.6910789,89.6432285,7.6656926
"023","11am",5.4417807,94.5582193,0
"024","11am",1.6523052,95.3384127,3.0092822
"025","11am",2.5407617,95.1440925,2.3151458
"026","11am",8.7611578,91.2388422,0
"027","11am",1.1562122,97.5047853,1.3390025
"028","11am",0.2297482,99.7702518,0
"029","11am",94.207401,5.792599,0
"030","11am",92.6684386,2.6432592,4.6883022
"031","11am",86.9340605,13.0659395,0
"032","11am",96.7197037,0.9162727,2.3640236
"033","11am",95.0125607,4.9874393,0
"034","11am",30.327413,67.386952,2.285635
"035","11am",86.2589638,10.8642913,2.8767448
"036","11am",96.9693392,3.0306608,0
"037","11am",94.6878378,5.3121622,0
"038","11am",92.1552389,7.8447611,0
"039","11am",80.6834032,11.3180374,7.9985595
"040","11am",92.433814,5.0037913,2.5623947
"041","11am",89.8858976,1.7683761,8.3457263
"042","11am",89.9985465,7.6543887,2.3470648
"043","11am",98.5794317,0,1.4205683
"044","11am",96.8623401,3.1376599,0
"045","11am",94.228572,4.2224294,1.5489987
"046","11am",93.3171389,3.716607,2.9662541
"047","11am",92.277672,3.3850848,4.3372432
"048","11am",94.2856197,4.6022332,1.112147
"049","11am",99.2920571,0,0.7079429
"050","11am",100,0,0
"051","11am",100,0,0
"052","11am",100,0,0
"001","12am",8.6153104,13.9006378,77.4840518
"002","12am",8.9798346,11.5427903,79.4773752
"003","12am",8.2199217,8.8490425,82.9310358
"004","12am",4.3697505,5.2229213,90.4073282
"005","12am",10.570674,6.1068398,83.3224862
"006","12am",15.3570936,15.3201055,69.3228008
"007","12am",11.0215216,12.4101388,76.5683396
"008","12am",2.3645129,6.8227209,90.8127661
"009","12am",4.4318909,8.3855857,87.1825234
"010","12am",6.7121105,2.1016643,91.1862252
"011","12am",6.0617707,8.4568417,85.4813877
"012","12am",9.1096406,12.8904493,77.9999101
"013","12am",7.0720875,89.1536316,3.7742809
"014","12am",7.6845095,86.8120883,5.5034022
"015","12am",11.4563929,83.4738871,5.06972
"016","12am",8.3638189,90.9392029,0.6969782
"017","12am",16.0798916,69.4357828,14.4843255
"018","12am",7.6511189,78.3813037,13.9675775
"019","12am",94.7708632,2.3966725,2.8324643
"020","12am",3.1683477,96.0153466,0.8163057
"021","12am",2.6922806,94.3376734,2.970046
"022","12am",3.11012,90.7561425,6.1337376
"023","12am",5.0436291,94.9563709,0
"024","12am",1.3231276,97.3231276,1.3537449
"025","12am",1.6458592,97.002625,1.3515158
"026","12am",1.7565993,98.2434007,0
"027","12am",1.1042033,97.6548697,1.2409269
"028","12am",0.2000404,99.7999596,0
"029","12am",100,0,0
"030","12am",91.8883109,3.9535634,4.1581257
"031","12am",88.4298384,11.5701616,0
"032","12am",98.3755533,0.2122272,1.4122195
"033","12am",95.5875745,4.4124255,0
"034","12am",20.1728211,77.3216632,2.5055157
"035","12am",90.7231231,6.3888121,2.8880647
"036","12am",100,0,0
"037","12am",95.3553489,4.6446511,0
"038","12am",95.4583375,4.5416625,0
"039","12am",79.4084853,11.1680391,9.4234757
"040","12am",93.4834036,2.670447,3.8461494
"041","12am",91.3932369,2.7782057,5.8285573
"042","12am",88.8387127,7.150392,4.0108952
"043","12am",98.6205049,0,1.3794951
"044","12am",97.0213883,2.9786117,0
"045","12am",95.0976259,3.3424557,1.5599184
"046","12am",93.935989,3.1660427,2.8979683
"047","12am",92.2048,2.9976583,4.7975417
"048","12am",94.6179106,4.2763721,1.1057173
"049","12am",99.3118473,0,0.6881527
"050","12am",100,0,0
"051","12am",100,0,0
"052","12am",100,0,0
"001","1pm",8.4858852,14.0873507,77.4267641
"002","1pm",9.1450224,13.2408132,77.6141643
"003","1pm",8.5035972,9.6033939,81.8930089
"004","1pm",4.9626143,8.0777011,86.9596847
"005","1pm",9.6870946,8.632865,81.6800403
"006","1pm",14.589553,21.8701322,63.5403148
"007","1pm",10.5001561,14.4243739,75.07547
"008","1pm",4.2454213,7.6532019,88.1013768
"009","1pm",5.612475,8.9418527,85.4456723
"010","1pm",9.1211445,3.4167568,87.4620987
"011","1pm",7.2779005,9.4136577,83.3084418
"012","1pm",10.6264323,12.7350818,76.6384859
"013","1pm",8.3014652,86.6236267,5.074908
"014","1pm",8.0839925,84.8525592,7.0634483
"015","1pm",9.9526784,83.8595884,6.1877332
"016","1pm",13.1558839,85.09691,1.7472061
"017","1pm",17.3268019,64.9614408,17.7117573
"018","1pm",8.0363488,74.0469274,17.9167237
"019","1pm",96.0622212,2.2181218,1.7196571
"020","1pm",3.1760349,96.0056788,0.8182863
"021","1pm",2.7030431,93.8477093,3.4492476
"022","1pm",3.8790724,88.7718943,7.3490334
"023","1pm",5.1137732,94.8862268,0
"024","1pm",3.3622202,94.7472293,1.8905505
"025","1pm",1.8430475,96.7830698,1.3738827
"026","1pm",1.8403661,98.1596339,0
"027","1pm",1.3768654,97.4690018,1.1541328
"028","1pm",0.2328662,99.7671338,0
"029","1pm",100,0,0
"030","1pm",91.2541513,3.9244497,4.8213989
"031","1pm",87.5727421,12.4272579,0
"032","1pm",98.2540897,0.3669153,1.3789951
"033","1pm",94.9327112,5.0672888,0
"034","1pm",26.8841172,70.2287094,2.8871735
"035","1pm",93.8178477,6.1821523,0
"036","1pm",100,0,0
"037","1pm",94.9877694,5.0122306,0
"038","1pm",93.4919763,6.5080237,0
"039","1pm",83.3663612,7.9628508,8.670788
"040","1pm",91.4727301,4.559031,3.9682389
"041","1pm",93.7637292,2.041891,4.1943798
"042","1pm",85.7868846,10.0642797,4.1488357
"043","1pm",98.6043142,0,1.3956858
"044","1pm",96.9208468,3.0791532,0
"045","1pm",95.1033926,3.3385239,1.5580835
"046","1pm",92.8484219,4.0357771,3.115801
"047","1pm",94.6351495,2.0377854,3.3270651
"048","1pm",95.4339113,4.5660887,0
"049","1pm",99.3477809,0,0.6522191
"050","1pm",100,0,0
"051","1pm",93.0909105,0,6.9090895
"052","1pm",97.1775927,2.8224073,0
"001","2pm",9.6681293,15.050244,75.2816266
"002","2pm",10.3022545,14.140375,75.5573701
"003","2pm",10.6775226,7.913509,81.4089689
"004","2pm",5.7101889,7.751649,86.5381621
"005","2pm",10.2644317,9.715422,80.0201462
"006","2pm",15.3729335,20.46611,64.1609569
"007","2pm",11.1464447,18.34914,70.504415
"008","2pm",4.6767503,10.596212,84.7270375
"009","2pm",5.8426159,9.187172,84.9702117
"010","2pm",10.1302648,3.586218,86.2835172
"011","2pm",8.3744274,11.353714,80.271859
"012","2pm",10.9605229,14.749423,74.2900539
"013","2pm",5.2633214,88.940089,5.7965897
"014","2pm",6.9230103,84.099171,8.9778183
"015","2pm",12.9292349,80.223749,6.8470159
"016","2pm",13.7328352,83.980545,2.2866194
"017","2pm",15.7170322,59.256197,25.0267712
"018","2pm",7.808436,73.693702,18.4978616
"019","2pm",94.8720377,1.279173,3.8487897
"020","2pm",4.272178,92.926733,2.8010891
"021","2pm",2.134366,91.148549,6.7170848
"022","2pm",3.655686,89.373001,6.9713134
"023","2pm",5.6910725,94.308927,0
"024","2pm",1.2190816,95.592853,3.1880654
"025","2pm",2.2372374,95.892608,1.8701546
"026","2pm",1.8221343,98.177866,0
"027","2pm",1.380483,98.619517,0
"028","2pm",0.6601092,99.339891,0
"029","2pm",100,0,0
"030","2pm",92.2680218,2.899129,4.8328487
"031","2pm",87.5366977,12.463302,0
"032","2pm",95.6030581,2.116005,2.2809372
"033","2pm",94.0642184,5.935782,0
"034","2pm",32.3011174,64.832977,2.8659056
"035","2pm",92.0335251,7.966475,0
"036","2pm",100,0,0
"037","2pm",94.6880005,5.311999,0
"038","2pm",94.1375232,5.862477,0
"039","2pm",86.7785793,7.441564,5.779857
"040","2pm",87.8324283,6.856184,5.3113881
"041","2pm",88.3689227,5.422527,6.2085505
"042","2pm",87.52589,10.57827,1.8958397
"043","2pm",98.4160335,0,1.5839665
"044","2pm",90.4054211,3.092906,6.5016725
"045","2pm",93.555394,5.640554,0.8040516
"046","2pm",92.049586,4.462897,3.4875172
"047","2pm",93.3631006,2.213548,4.4233518
"048","2pm",98.8777418,1.122258,0
"049","2pm",99.346175,0.653825,0
"050","2pm",100,0,0
"051","2pm",90.1550705,0,9.8449295
"052","2pm",97.1459927,2.854007,0
"001","3pm",10.79532,14.5942252,74.6104551
"002","3pm",8.230459,14.9368776,76.832663
"003","3pm",7.785123,8.2710877,83.943789
"004","3pm",7.412626,6.8943583,85.6930156
"005","3pm",11.062758,9.953306,78.9839364
"006","3pm",15.638759,21.1579413,63.2033
"007","3pm",9.667254,18.9259022,71.4068441
"008","3pm",4.409987,7.6135526,87.9764608
"009","3pm",6.323539,8.3480405,85.3284206
"010","3pm",10.063293,3.8383246,86.0983824
"011","3pm",10.150305,12.5167566,77.3329383
"012","3pm",11.269054,14.6700702,74.0608758
"013","3pm",7.008547,85.7320384,7.2594145
"014","3pm",5.594074,86.222823,8.1831034
"015","3pm",13.068697,80.2177311,6.7135722
"016","3pm",13.631325,82.8526578,3.5160176
"017","3pm",15.716269,59.4040771,24.8796535
"018","3pm",6.726184,74.5420342,18.7317813
"019","3pm",92.809856,2.1137992,5.0763447
"020","3pm",2.811251,94.693279,2.4954705
"021","3pm",1.715574,93.3973667,4.8870591
"022","3pm",3.739185,89.5291492,6.7316661
"023","3pm",6.104085,93.8959155,0
"024","3pm",2.262267,95.2543117,2.4834214
"025","3pm",2.443399,96.4034975,1.1531031
"026","3pm",1.689692,98.3103081,0
"027","3pm",1.439659,98.5603406,0
"028","3pm",1.233015,98.7669846,0
"029","3pm",100,0,0
"030","3pm",96.010793,3.0905268,0.8986803
"031","3pm",88.381169,11.6188309,0
"032","3pm",95.673179,2.0822593,2.2445615
"033","3pm",93.897616,6.1023838,0
"034","3pm",34.89709,62.1540025,2.9489075
"035","3pm",92.08304,7.91696,0
"036","3pm",100,0,0
"037","3pm",94.501037,5.4989629,0
"038","3pm",91.668325,8.3316747,0
"039","3pm",87.386393,6.3152217,6.2983854
"040","3pm",90.516595,8.1569218,1.326483
"041","3pm",87.783873,6.2126198,6.0035068
"042","3pm",86.723255,9.4404601,3.8362846
"043","3pm",98.543069,0,1.4569308
"044","3pm",92.419557,2.7809069,4.7995356
"045","3pm",95.206772,4.7932276,0
"046","3pm",91.80128,4.8057509,3.3929689
"047","3pm",91.24695,2.3979087,6.3551408
"048","3pm",98.877622,1.1223775,0
"049","3pm",98.950862,0.6375227,0.4116157
"050","3pm",100,0,0
"051","3pm",83.787477,3.9755048,12.2370179
"052","3pm",97.23,2.7700002,0
"001","4pm",9.5990366,10.8413011,79.5596623
"002","4pm",5.4861192,14.539282,79.9745988
"003","4pm",6.5225573,7.0089295,86.4685132
"004","4pm",5.5319787,3.9540238,90.5139975
"005","4pm",7.5451444,13.5433184,78.9115372
"006","4pm",11.6752948,17.2480831,71.0766221
"007","4pm",10.2251146,15.2373431,74.5375423
"008","4pm",2.6602693,6.4271644,90.9125664
"009","4pm",4.679139,5.4461953,89.8746657
"010","4pm",4.1781413,4.8955668,90.9262919
"011","4pm",5.7186449,5.7644187,88.5169363
"012","4pm",7.4061989,12.75906,79.834741
"013","4pm",6.0069757,86.5245431,7.4684812
"014","4pm",4.3748189,92.5124894,3.1126917
"015","4pm",13.138463,81.5642635,5.2972735
"016","4pm",8.7817226,88.2653147,2.9529627
"017","4pm",12.7679879,67.7941972,19.4378149
"018","4pm",7.3424083,78.2008022,14.4567895
"019","4pm",97.6648744,0.3446742,1.9904514
"020","4pm",2.1222499,97.060861,0.8168891
"021","4pm",1.5834465,95.0710582,3.3454953
"022","4pm",2.8332241,91.1876469,5.9791289
"023","4pm",5.7303829,94.2696171,0
"024","4pm",1.6486063,96.7944574,1.5569363
"025","4pm",2.2915715,97.2062446,0.5021839
"026","4pm",0.9909356,99.0090644,0
"027","4pm",1.3907865,98.6092135,0
"028","4pm",2.2100928,97.7899072,0
"029","4pm",100,0,0
"030","4pm",95.6449696,4.3550304,0
"031","4pm",92.3032073,7.6967927,0
"032","4pm",97.0366495,1.706015,1.2573356
"033","4pm",94.0526709,5.9473291,0
"034","4pm",30.2390614,66.6880518,3.0728869
"035","4pm",92.8675351,7.1324649,0
"036","4pm",100,0,0
"037","4pm",87.1862902,7.8329535,4.9807562
"038","4pm",90.9053794,9.0946206,0
"039","4pm",90.285399,4.122485,5.5921161
"040","4pm",92.7556096,5.9108727,1.3335176
"041","4pm",88.2242699,7.2008713,4.5748588
"042","4pm",90.2818796,5.8820691,3.8360513
"043","4pm",98.6573956,0,1.3426044
"044","4pm",92.4815885,2.750139,4.7682725
"045","4pm",97.2301525,2.7698475,0
"046","4pm",93.9162541,3.91997,2.163776
"047","4pm",96.1991978,0,3.8008022
"048","4pm",98.9401847,1.0598153,0
"049","4pm",98.9026343,0.6668286,0.430537
"050","4pm",100,0,0
"051","4pm",85.8904615,8.0721167,6.0374219
"052","4pm",97.3578969,2.6421031,0
"001","5pm",5.0367604,7.7452397,87.2179999
"002","5pm",4.2559347,8.7270141,87.0170512
"003","5pm",3.9624381,5.5264371,90.5111247
"004","5pm",2.7938465,1.937291,95.2688625
"005","5pm",5.6727554,7.1091036,87.218141
"006","5pm",7.5200718,8.8509833,83.6289449
"007","5pm",6.6964707,8.9940257,84.3095035
"008","5pm",2.7490045,6.6109502,90.6400453
"009","5pm",1.766436,4.6038982,93.6296659
"010","5pm",0.2570285,3.8740296,95.8689419
"011","5pm",2.7160999,3.3587502,93.9251499
"012","5pm",3.5866516,7.956358,88.4569904
"013","5pm",2.8390871,90.6208013,6.5401116
"014","5pm",1.7303152,96.2557322,2.0139526
"015","5pm",11.8849817,85.7542124,2.3608059
"016","5pm",7.4970137,89.0927842,3.410202
"017","5pm",9.8058819,73.9064304,16.2876876
"018","5pm",5.0134509,84.9319937,10.0545554
"019","5pm",97.8233352,0.326282,1.8503827
"020","5pm",1.9958187,98.0041813,0
"021","5pm",0.589417,96.4039984,3.0065846
"022","5pm",1.423989,95.7423492,2.8336618
"023","5pm",2.4580462,97.5419538,0
"024","5pm",1.0302221,98.0024293,0.9673486
"025","5pm",2.539429,97.460571,0
"026","5pm",0,100,0
"027","5pm",0.3250674,99.6749326,0
"028","5pm",0.3640075,99.6359925,0
"029","5pm",100,0,0
"030","5pm",98.1603203,1.0308082,0.8088715
"031","5pm",93.6868585,6.3131415,0
"032","5pm",96.659905,2.1513879,1.1887071
"033","5pm",95.446759,4.553241,0
"034","5pm",18.2611055,80.5338033,1.2050913
"035","5pm",97.4217054,2.5782946,0
"036","5pm",100,0,0
"037","5pm",100,0,0
"038","5pm",89.7080923,9.3941377,0.8977699
"039","5pm",93.8134988,1.8127072,4.373794
"040","5pm",95.4324765,2.2424843,2.3250393
"041","5pm",93.7829719,3.535998,2.6810301
"042","5pm",95.4944264,4.5055736,0
"043","5pm",98.6709315,0,1.3290685
"044","5pm",97.42349,0,2.57651
"045","5pm",97.3717247,2.6282753,0
"046","5pm",97.6386374,1.1922413,1.1691213
"047","5pm",97.4642561,0,2.5357439
"048","5pm",99.1701652,0.2184886,0.6113461
"049","5pm",98.9530658,0.6361833,0.4107509
"050","5pm",100,0,0
"051","5pm",95.7003506,4.2996494,0
"052","5pm",97.808239,2.191761,0
"001","6pm",3.8242589,7.8216529,88.3540882
"002","6pm",2.2796232,3.6902045,94.0301723
"003","6pm",2.3439799,0.5414536,97.1145665
"004","6pm",1.2530663,0.9459982,97.8009356
"005","6pm",2.9633176,3.6298902,93.4067921
"006","6pm",4.808737,6.2405421,88.950721
"007","6pm",3.6999074,4.4954932,91.8045994
"008","6pm",1.5666403,3.6074201,94.8259396
"009","6pm",1.39931,3.1417829,95.4589072
"010","6pm",2.595146,1.1848824,96.2199715
"011","6pm",2.6250614,2.8927761,94.4821625
"012","6pm",2.8673072,2.3740698,94.758623
"013","6pm",0.2181681,96.4136947,3.3681373
"014","6pm",1.7728007,96.9051268,1.3220725
"015","6pm",5.4107507,93.4149326,1.1743167
"016","6pm",4.0974165,92.6298942,3.2726893
"017","6pm",8.0690842,83.2184708,8.7124449
"018","6pm",2.0936407,92.4328323,5.473527
"019","6pm",100,0,0
"020","6pm",1.0860176,98.9139824,0
"021","6pm",0.5670165,97.4638319,1.9691516
"022","6pm",0.6994792,98.0542753,1.2462455
"023","6pm",1.3447742,98.6552258,0
"024","6pm",0.308814,99.1528617,0.5383243
"025","6pm",2.1120773,97.8879227,0
"026","6pm",2.3471497,97.6528503,0
"027","6pm",0.2542715,99.7457285,0
"028","6pm",0.3298769,99.6701231,0
"029","6pm",100,0,0
"030","6pm",98.3632936,0.9170783,0.7196281
"031","6pm",100,0,0
"032","6pm",98.5676514,1.4323486,0
"033","6pm",96.2850113,3.7149887,0
"034","6pm",10.948618,89.051382,0
"035","6pm",97.6104131,2.3895869,0
"036","6pm",97.8688859,2.1311141,0
"037","6pm",100,0,0
"038","6pm",95.5807106,3.4773099,0.9419796
"039","6pm",95.9291826,1.8830299,2.1877875
"040","6pm",98.9098076,0,1.0901924
"041","6pm",98.3223732,0.874105,0.8035218
"042","6pm",100,0,0
"043","6pm",98.8850208,0,1.1149792
"044","6pm",97.8866547,0,2.1133453
"045","6pm",98.8219815,1.1780185,0
"046","6pm",99.3746014,0.6253986,0
"047","6pm",98.7487863,0,1.2512137
"048","6pm",99.4220939,0,0.5779061
"049","6pm",98.9535256,0.6359039,0.4105705
"050","6pm",100,0,0
"051","6pm",100,0,0
"052","6pm",98.1196327,1.8803673,0
"001","7pm",2.4252732,5.4135945,92.1611322
"002","7pm",1.016709,3.0630196,95.9202713
"003","7pm",0,1.1941857,98.8058143
"004","7pm",1.8726532,0,98.1273468
"005","7pm",0.9375748,3.3113034,95.7511219
"006","7pm",3.8195611,5.5495739,90.630865
"007","7pm",2.9082782,2.7543864,94.3373354
"008","7pm",0.2444101,1.889194,97.8663959
"009","7pm",1.9904146,3.565932,94.4436533
"010","7pm",2.1167003,1.3410691,96.5422307
"011","7pm",4.2533856,1.126932,94.6196824
"012","7pm",0.8699295,1.4879571,97.6421134
"013","7pm",0.4262963,95.9381069,3.6355967
"014","7pm",0.8128461,99.1871539,0
"015","7pm",3.3551786,95.8060724,0.8387489
"016","7pm",3.3564137,93.4670327,3.1765537
"017","7pm",4.0223761,90.1284983,5.8491255
"018","7pm",1.6966073,93.063014,5.2403787
"019","7pm",98.612034,0,1.387966
"020","7pm",0,100,0
"021","7pm",0,99.0601588,0.9398412
"022","7pm",0.7308269,99.2691731,0
"023","7pm",0.6865725,99.3134275,0
"024","7pm",0.3083053,99.1542572,0.5374375
"025","7pm",1.5727997,98.4272003,0
"026","7pm",2.2499977,97.7500023,0
"027","7pm",0.5262044,99.4737956,0
"028","7pm",0.3100902,99.6899098,0
"029","7pm",96.7602386,3.2397614,0
"030","7pm",99.1505498,0.8494502,0
"031","7pm",100,0,0
"032","7pm",98.6277126,1.3722874,0
"033","7pm",100,0,0
"034","7pm",7.4315055,92.5684945,0
"035","7pm",97.852678,2.147322,0
"036","7pm",100,0,0
"037","7pm",100,0,0
"038","7pm",94.3621898,4.7580079,0.8798024
"039","7pm",95.9146848,0,4.0853152
"040","7pm",97.1016115,1.8160379,1.0823506
"041","7pm",98.4043526,0.8313907,0.7642566
"042","7pm",100,0,0
"043","7pm",100,0,0
"044","7pm",98.1008844,0,1.8991156
"045","7pm",100,0,0
"046","7pm",99.3829978,0.6170022,0
"047","7pm",99.3810158,0,0.6189842
"048","7pm",99.4289924,0,0.5710076
"049","7pm",99.4629679,0,0.5370321
"050","7pm",100,0,0
"051","7pm",100,0,0
"052","7pm",100,0,0
"001","8pm",2.2061959,5.1707867,92.6230174
"002","8pm",0.7776585,2.1394145,97.082927
"003","8pm",0,0.5766204,99.4233796
"004","8pm",1.3412899,0,98.6587101
"005","8pm",1.1501169,3.4088918,95.4409914
"006","8pm",3.8350827,4.0919129,92.0730044
"007","8pm",3.0601007,2.3640508,94.5758484
"008","8pm",0,1.4496257,98.5503743
"009","8pm",2.5525463,2.0842781,95.3631756
"010","8pm",0,0.5250694,99.4749306
"011","8pm",0.7461601,3.4420137,95.8118262
"012","8pm",0.2955,1.6319662,98.0725338
"013","8pm",0.8363984,96.1954809,2.9681207
"014","8pm",0.4818301,99.5181699,0
"015","8pm",4.8671731,93.7911568,1.3416701
"016","8pm",1.5182232,96.0324338,2.449343
"017","8pm",3.1703447,94.2265053,2.60315
"018","8pm",0.6848744,95.1371999,4.1779257
"019","8pm",98.3741128,0.2814733,1.3444139
"020","8pm",0,100,0
"021","8pm",0,100,0
"022","8pm",0,100,0
"023","8pm",0,100,0
"024","8pm",0.303044,99.16869,0.528266
"025","8pm",0.9915651,99.0084349,0
"026","8pm",2.2321311,97.7678689,0
"027","8pm",0.2875279,99.7124721,0
"028","8pm",0,100,0
"029","8pm",96.862122,3.137878,0
"030","8pm",99.4384571,0.5615429,0
"031","8pm",100,0,0
"032","8pm",98.6280985,1.3719015,0
"033","8pm",100,0,0
"034","8pm",5.7380213,94.2619787,0
"035","8pm",100,0,0
"036","8pm",100,0,0
"037","8pm",100,0,0
"038","8pm",94.5817356,4.572723,0.8455414
"039","8pm",96.0036558,0,3.9963442
"040","8pm",98.2367477,1.7632523,0
"041","8pm",98.4734148,1.5265852,0
"042","8pm",100,0,0
"043","8pm",100,0,0
"044","8pm",93.9139101,0,6.0860899
"045","8pm",100,0,0
"046","8pm",99.3884176,0.6115824,0
"047","8pm",97.155845,0.8168114,2.0273437
"048","8pm",99.4280548,0,0.5719452
"049","8pm",99.4794722,0,0.5205278
"050","8pm",100,0,0
"051","8pm",100,0,0
"052","8pm",99.0074711,0.9925289,0
"001","9pm",2.06702438,3.5398765,94.3930991
"002","9pm",0.09340656,1.583796,98.3227974
"003","9pm",0,0.7867588,99.2132412
"004","9pm",1.34421624,0,98.6557838
"005","9pm",1.53364855,1.2360437,97.2303077
"006","9pm",3.31126256,3.1834628,93.5052746
"007","9pm",1.7359174,2.34042,95.9236626
"008","9pm",0,1.3886271,98.6113729
"009","9pm",2.50570096,2.0460266,95.4482724
"010","9pm",0,0.2877246,99.7122754
"011","9pm",0.71584508,2.2468646,97.0372903
"012","9pm",0.71021793,1.5883585,97.7014236
"013","9pm",0.84694206,97.9469102,1.2061477
"014","9pm",0.47211133,99.5278887,0
"015","9pm",3.90584015,94.7388071,1.3553528
"016","9pm",1.51817493,97.592059,0.8897661
"017","9pm",1.88293524,96.3392451,1.7778197
"018","9pm",0.90266153,96.7952963,2.3020422
"019","9pm",98.41951561,0.2736132,1.3068712
"020","9pm",0,100,0
"021","9pm",0,100,0
"022","9pm",0,100,0
"023","9pm",0,100,0
"024","9pm",0,99.4675335,0.5324665
"025","9pm",0,100,0
"026","9pm",2.17019589,97.8298041,0
"027","9pm",0.2834867,99.7165133,0
"028","9pm",0,100,0
"029","9pm",96.98038065,3.0196193,0
"030","9pm",99.44513033,0.5548697,0
"031","9pm",100,0,0
"032","9pm",100,0,0
"033","9pm",98.33839557,1.6616044,0
"034","9pm",4.59683536,95.4031646,0
"035","9pm",100,0,0
"036","9pm",100,0,0
"037","9pm",100,0,0
"038","9pm",98.02970481,1.1130418,0.8572534
"039","9pm",97.91954095,0,2.080459
"040","9pm",98.25006701,1.749933,0
"041","9pm",99.3134824,0.6865176,0
"042","9pm",99.2332424,0,0.7667576
"043","9pm",100,0,0
"044","9pm",93.91391008,0,6.0860899
"045","9pm",100,0,0
"046","9pm",99.00957542,0.9904246,0
"047","9pm",98.02951195,0,1.970488
"048","9pm",99.43570934,0,0.5642907
"049","9pm",100,0,0
"050","9pm",100,0,0
"051","9pm",100,0,0
"052","9pm",100,0,0
"001","10pm",1.70992813,1.4130487,96.8770232
"002","10pm",0.09439059,1.1683475,98.7372619
"003","10pm",0,0.7858551,99.2141449
"004","10pm",0.42319802,0,99.576802
"005","10pm",1.54172503,0,98.458275
"006","10pm",1.49441224,2.2280608,96.277527
"007","10pm",0.73361158,1.1450354,98.121353
"008","10pm",0,0.7036972,99.2963028
"009","10pm",1.50753129,2.0554094,96.4370593
"010","10pm",0.26392463,0.2772942,99.4587812
"011","10pm",0,0,100
"012","10pm",0.62444458,0.5360243,98.8395311
"013","10pm",0.69809665,98.8543225,0.4475808
"014","10pm",0.46794669,99.5320533,0
"015","10pm",2.28527656,96.6568572,1.0578663
"016","10pm",0.61173431,98.5209186,0.8673471
"017","10pm",1.85979065,96.957915,1.1822944
"018","10pm",0.897799,98.5181775,0.5840235
"019","10pm",98.4333844,0.2712122,1.2954034
"020","10pm",0,100,0
"021","10pm",0,100,0
"022","10pm",0,100,0
"023","10pm",0,100,0
"024","10pm",0,99.4666155,0.5333845
"025","10pm",0,100,0
"026","10pm",2.11455672,97.8854433,0
"027","10pm",0.28346323,99.7165368,0
"028","10pm",0,100,0
"029","10pm",97.03327521,2.9667248,0
"030","10pm",100,0,0
"031","10pm",100,0,0
"032","10pm",100,0,0
"033","10pm",98.4187285,1.5812715,0
"034","10pm",3.66456702,96.335433,0
"035","10pm",100,0,0
"036","10pm",100,0,0
"037","10pm",100,0,0
"038","10pm",98.04714356,1.1031904,0.849666
"039","10pm",98.59796806,0,1.4020319
"040","10pm",98.28533427,1.7146657,0
"041","10pm",99.32363836,0.6763616,0
"042","10pm",100,0,0
"043","10pm",100,0,0
"044","10pm",98.19729943,0,1.8027006
"045","10pm",100,0,0
"046","10pm",99.02501957,0.9749804,0
"047","10pm",98.65355841,0,1.3464416
"048","10pm",99.43570934,0,0.5642907
"049","10pm",100,0,0
"050","10pm",100,0,0
"051","10pm",100,0,0
"052","10pm",100,0,0
"001","11pm",0.86924593,0.7178212,98.4129328
"002","11pm",0.09452263,0.7634851,99.1419922
"003","11pm",0,0.7928451,99.2071549
"004","11pm",0.42034893,0,99.5796511
"005","11pm",0.99208319,0,99.0079168
"006","11pm",1.11415192,1.3687434,97.5171047
"007","11pm",0.72216873,0,99.2778313
"008","11pm",0,0.693297,99.306703
"009","11pm",1.14215988,0,98.8578401
"010","11pm",0.25964681,0.2727997,99.4675535
"011","11pm",0,0,100
"012","11pm",0.62218249,0.5340826,98.843735
"013","11pm",0,99.5512175,0.4487825
"014","11pm",0.16363907,99.8363609,0
"015","11pm",1.02082895,97.9134788,1.0656923
"016","11pm",0,100,0
"017","11pm",1.34057994,97.4875625,1.1718576
"018","11pm",0.6632631,99.3367369,0
"019","11pm",98.49202589,0.2610602,1.2469139
"020","11pm",0,100,0
"021","11pm",0,100,0
"022","11pm",0,100,0
"023","11pm",0,100,0
"024","11pm",0,99.4713001,0.5286999
"025","11pm",0,100,0
"026","11pm",2.03298325,97.9670167,0
"027","11pm",0.27754871,99.7224513,0
"028","11pm",0,100,0
"029","11pm",97.03327521,2.9667248,0
"030","11pm",100,0,0
"031","11pm",100,0,0
"032","11pm",100,0,0
"033","11pm",98.43923852,1.5607615,0
"034","11pm",1.8502021,98.1497979,0
"035","11pm",100,0,0
"036","11pm",100,0,0
"037","11pm",100,0,0
"038","11pm",99.14893415,0,0.8510659
"039","11pm",100,0,0
"040","11pm",100,0,0
"041","11pm",99.3277468,0.6722532,0
"042","11pm",100,0,0
"043","11pm",100,0,0
"044","11pm",98.20360294,0,1.7963971
"045","11pm",100,0,0
"046","11pm",99.03647035,0.9635297,0
"047","11pm",100,0,0
"048","11pm",99.43570934,0,0.5642907
"049","11pm",100,0,0
"050","11pm",100,0,0
"051","11pm",100,0,0
"052","11pm",100,0,0
"001","12pm",0.5024826,0.7236391,98.7738784
"002","12pm",0,0.7597009,99.2402991
"003","12pm",0,0.7928451,99.2071549
"004","12pm",0.4152537,0,99.5847463
"005","12pm",1.1592917,0,98.8407083
"006","12pm",1.1216354,1.377937,97.5004276
"007","12pm",0.7186391,0,99.2813609
"008","12pm",0,0.6857266,99.3142734
"009","12pm",1.1478252,0,98.8521748
"010","12pm",0.2641554,0.2775367,99.4583079
"011","12pm",0,0,100
"012","12pm",0.6226979,0.534525,98.8427771
"013","12pm",0,99.5534725,0.4465275
"014","12pm",0.1636391,99.8363609,0
"015","12pm",0.4569487,98.4712878,1.0717635
"016","12pm",0,100,0
"017","12pm",1.016438,98.4327329,0.5508291
"018","12pm",0.6669874,99.3330126,0
"019","12pm",98.7498224,0,1.2501776
"020","12pm",0,100,0
"021","12pm",0,100,0
"022","12pm",0,100,0
"023","12pm",0,100,0
"024","12pm",0,99.4758158,0.5241842
"025","12pm",0,100,0
"026","12pm",2.0329833,97.9670167,0
"027","12pm",0,100,0
"028","12pm",0,100,0
"029","12pm",97.0332752,2.9667248,0
"030","12pm",100,0,0
"031","12pm",100,0,0
"032","12pm",100,0,0
"033","12pm",98.4673852,1.5326148,0
"034","12pm",1.6172347,98.3827653,0
"035","12pm",100,0,0
"036","12pm",100,0,0
"037","12pm",100,0,0
"038","12pm",99.1489341,0,0.8510659
"039","12pm",100,0,0
"040","12pm",100,0,0
"041","12pm",99.3184775,0.6815225,0
"042","12pm",100,0,0
"043","12pm",100,0,0
"044","12pm",98.2036029,0,1.7963971
"045","12pm",100,0,0
"046","12pm",99.4215658,0.5784342,0
"047","12pm",100,0,0
"048","12pm",99.4357093,0,0.5642907
"049","12pm",100,0,0
"050","12pm",100,0,0
"051","12pm",100,0,0
"052","12pm",100,0,0
"001","1am",0.5048937,0.7271115,98.7679948
"002","1am",0,0.7597009,99.2402991
"003","1am",0,0.7884958,99.2115042
"004","1am",0.4152537,0,99.5847463
"005","1am",1.1592917,0,98.8407083
"006","1am",1.1216354,1.377937,97.5004276
"007","1am",0.7246827,0,99.2753173
"008","1am",0,0.6772864,99.3227136
"009","1am",1.1478252,0,98.8521748
"010","1am",0.2663761,0.2798699,99.4537539
"011","1am",0,0,100
"012","1am",0.6226979,0.534525,98.8427771
"013","1am",0,99.5534725,0.4465275
"014","1am",0.1636391,99.8363609,0
"015","1am",0,98.9305012,1.0694988
"016","1am",0,100,0
"017","1am",1.5590678,97.8931228,0.5478095
