"district","hour","age1","age2","age3","age4"
"101","4am",13.797635,14.9802891,53.21945,18.00263
"102","4am",8.322981,15.6935818,50.10352,25.87992
"103","4am",11.197339,16.1123429,52.2912,20.39911
"104","4am",13.878861,11.3116727,53.63016,21.1793
"105","4am",15.206186,12.8865979,47.70905,24.19817
"106","4am",11.400849,17.6470588,56.67071,14.28138
"107","4am",10.750109,20.1046664,53.42346,15.72176
"108","4am",13.116543,12.4399825,51.17852,23.26495
"109","4am",13.920751,15.1720542,51.04275,19.86444
"110","4am",10.089938,15.1770658,55.4525,19.28049
"111","4am",9.566639,20.3597711,54.74244,15.33115
"112","4am",11.398318,11.7720336,53.03644,23.79321
"113","4am",14.237668,9.6973094,54.59641,21.46861
"114","4am",13.728632,10.7371795,54.16667,21.36752
"115","4am",13.242009,8.6757991,56.621,21.46119
"116","4am",11.581569,9.0909091,51.05853,28.26899
"117","4am",12.783425,10.8678655,49.76544,26.58327
"118","4am",11.694424,11.2961622,48.58798,28.42143
"119","4am",13.411171,9.6875986,51.46734,25.43389
"120","4am",18.566392,6.1104583,51.9389,23.38425
"121","4am",14.496644,8.3221477,49.66443,27.51678
"122","4am",14.504881,5.4393305,44.21199,35.84379
"123","4am",16.901408,7.5117371,51.64319,23.94366
"124","4am",11.391223,6.3492063,42.48366,39.77591
"125","4am",15.859031,6.6079295,57.26872,20.26432
"126","4am",11.917098,16.5803109,54.92228,16.58031
"127","4am",10.401606,15.0200803,52.73092,21.84739
"128","4am",11.537016,11.0108982,50.54491,26.90718
"129","4am",12.943787,9.8372781,56.6568,20.56213
"130","4am",12.324649,9.3186373,57.21443,21.14228
"131","4am",14.507299,7.3905109,54.19708,23.90511
"132","4am",15.812777,9.2346616,50.41113,24.54143
"133","4am",10.683761,9.4017094,52.13675,27.77778
"134","4am",21.294118,7.4117647,60.82353,10.47059
"135","4am",12.352941,5.8823529,55.88235,25.88235
"136","4am",16.157407,9.1203704,53.37963,21.34259
"137","4am",20.8159,5.6485356,54.60251,18.93305
"138","4am",17.710843,4.2168675,56.14458,21.92771
"139","4am",20.318725,0.7968127,54.98008,23.90438
"140","4am",20.379147,5.2132701,58.29384,16.11374
"141","4am",11.111111,5.1282051,40.17094,43.58974
"301","4am",11.94362,10.3857567,49.85163,27.81899
"302","4am",14.274751,8.2885649,55.6792,21.75748
"303","4am",12.849162,8.2867784,49.62756,29.2365
"304","4am",14.193548,4.9032258,52.77419,28.12903
"305","4am",10.659898,13.7055838,49.74619,25.88832
"306","4am",16.728167,10.0861009,52.64453,20.54121
"307","4am",15.767196,10.1234568,56.47266,17.63668
"308","4am",13.335756,10.3924419,51.12645,25.14535
"309","4am",13.098592,6.4084507,54.50704,25.98592
"310","4am",14.784633,6.4027939,54.0163,24.79627
"401","4am",16.266376,7.9694323,57.64192,18.12227
"402","4am",16.607143,6.6071429,60.08929,16.69643
"403","4am",13.380759,9.1124661,46.61247,30.89431
"404","4am",16.872994,8.0696928,58.73453,16.32279
"405","4am",17.497291,7.6381365,57.09642,17.76815
"406","4am",13.482361,9.8498079,48.41076,28.25707
"407","4am",12.972973,7.4594595,49.72973,29.83784
"408","4am",16.633267,10.4208417,58.81764,14.12826
"501","4am",10.931174,7.6923077,56.81511,24.5614
"502","4am",13.387978,13.5245902,55.05464,18.03279
"511","4am",12.96875,9.71875,54.9375,22.375
"521","4am",14.801762,11.8061674,58.4141,14.97797
"522","4am",16.105769,10.3365385,60.45673,13.10096
"523","4am",13.065844,10.4938272,57.09877,19.34156
"524","4am",12.5,7.6446281,58.05785,21.79752
"525","4am",8.988764,10.1123596,57.6779,23.22097
"531","4am",17.285823,12.4336619,55.49659,14.78393
"532","4am",15.669756,9.3513058,57.70851,17.27043
"533","4am",8.363636,9.0181818,51.70909,30.90909
"541","4am",10,14.8,58.4,16.8
"542","4am",13.400759,9.8609355,59.41846,17.31985
"543","4am",14.969325,10.1840491,53.98773,20.8589
"544","4am",18.449519,9.0745192,58.17308,14.30288
"545","4am",15.802469,11.1111111,55.80247,17.28395
"546","4am",14.381885,10.8323133,52.44798,22.33782
"547","4am",11.836735,11.8367347,49.79592,26.53061
"551","4am",11.64295,13.7128072,54.33376,20.31048
"561","4am",10.972222,9.3055556,49.16667,30.55556
"562","4am",10.43771,8.6868687,51.31313,29.56229
"563","4am",15.315315,14.4144144,53.15315,17.11712
"564","4am",12.857143,14.7619048,58.09524,14.28571
"571","4am",14.266843,12.1532365,57.85997,15.71995
"572","4am",14.410828,8.0414013,57.96178,19.58599
"573","4am",13.256956,12.0294599,57.69231,17.02128
"574","4am",15.650173,5.9838895,62.83084,15.5351
"575","4am",10.714286,10.7142857,59.92063,18.65079
"576","4am",12.225275,13.1868132,54.80769,19.78022
"601","4am",12.467532,10.1298701,57.14286,20.25974
"602","4am",9.907458,12.3026674,51.00708,26.7828
"611","4am",15.106315,8.6321803,55.50619,20.75532
"612","4am",14.408397,12.0229008,56.67939,16.88931
"621","4am",17.254902,10.8823529,58.92157,12.94118
"622","4am",14.076577,12.4436937,58.61486,14.86486
"623","4am",13.100437,14.3377001,56.11354,16.44833
"624","4am",17.401669,15.4946365,56.61502,10.48868
"631","4am",13.951979,9.733939,56.45685,19.85724
"632","4am",15.063291,9.2405063,61.13924,14.55696
"633","4am",13.305785,18.2644628,55.86777,12.56198
"641","4am",18.729097,8.0267559,58.52843,14.71572
"642","4am",13.14741,8.2669323,53.08765,25.49801
"643","4am",17.265353,7.7636153,62.92005,12.05098
"644","4am",15.22707,6.7675868,59.03829,18.96705
"645","4am",17.01603,16.3995068,53.26757,13.31689
"651","4am",16.405718,12.7297481,58.27093,12.5936
"661","4am",11.484824,10.7465135,51.39459,26.37408
"662","4am",12.61498,15.3745072,60.31537,11.69514
"663","4am",11.733333,10.7555556,59.28889,18.22222
"671","4am",11.03843,13.3278823,56.25511,19.37858
"672","4am",9.590973,9.0267983,57.54584,23.83639
"673","4am",8.970588,6.9117647,52.5,31.61765
"681","4am",8.296943,7.9694323,52.51092,31.22271
"691","4am",6.359649,5.2631579,53.43567,34.94152
"101","5am",11.929171,14.538677,59.64585,13.8863
"102","5am",8.407594,15.226656,51.99535,24.3704
"103","5am",11.198502,16.029963,52.09738,20.67416
"104","5am",13.85902,11.35006,53.80327,20.98765
"105","5am",15.315315,13.119369,47.74775,23.81757
"106","5am",11.437216,17.730711,56.64145,14.19062
"107","5am",10.731494,20.280333,53.24135,15.74682
"108","5am",13.180828,12.418301,51.19826,23.20261
"109","5am",13.998943,15.16112,50.81881,20.02113
"110","5am",10.232426,14.965986,55.18707,19.61451
"111","5am",9.468171,20.145044,55.31829,15.06849
"112","5am",11.405167,11.657215,52.89855,24.03907
"113","5am",14.376812,9.681159,53.91304,22.02899
"114","5am",13.828633,10.900217,53.63341,21.63774
"115","5am",11.836735,9.387755,59.59184,19.18367
"116","5am",11.266748,8.891596,52.13155,27.71011
"117","5am",13.185946,10.935649,49.11173,26.76668
"118","5am",11.660517,11.254613,48.37638,28.70849
"119","5am",12.641723,10.005669,54.42177,22.93084
"120","5am",17.760181,6.561086,52.71493,22.9638
"121","5am",14.438503,8.28877,49.86631,27.40642
"122","5am",14.56044,6.043956,44.23077,35.16484
"123","5am",17.061611,7.582938,51.18483,24.17062
"124","5am",11.44186,6.232558,42.7907,39.53488
"125","5am",15.929204,6.637168,57.07965,20.35398
"126","5am",11.979167,17.708333,54.16667,16.14583
"127","5am",10.487805,15.121951,52.35772,22.03252
"128","5am",11.634981,10.722433,50.57034,27.07224
"129","5am",12.792398,10.01462,56.79825,20.39474
"130","5am",11.343013,9.618875,59.70962,19.32849
"131","5am",14.036617,7.49782,55.53618,22.92938
"132","5am",15.903308,9.096692,50.31807,24.68193
"133","5am",10.526316,9.649123,52.19298,27.63158
"134","5am",21.514423,7.331731,60.21635,10.9375
"135","5am",12.42236,5.590062,54.65839,27.32919
"136","5am",16.351607,9.310019,52.6465,21.69187
"137","5am",21.240799,5.888538,53.83807,19.0326
"138","5am",17.618469,4.252734,56.01458,22.11422
"139","5am",19.54023,1.532567,55.9387,22.98851
"140","5am",19.634703,5.479452,59.36073,15.52511
"141","5am",11.206897,5.172414,40.51724,43.10345
"301","5am",12.13263,10.324039,49.35946,28.18387
"302","5am",14.452668,8.063888,55.31749,22.16595
"303","5am",12.955854,8.253359,48.84837,29.94242
"304","5am",14.509804,4.836601,52.15686,28.49673
"305","5am",10.309278,13.402062,50,26.28866
"306","5am",16.853933,10.237203,52.05993,20.84894
"307","5am",16.111315,10.032955,55.62065,18.23508
"308","5am",13.589365,10.302806,50.6647,25.44313
"309","5am",13.022618,6.511309,55.10624,25.35984
"310","5am",14.92891,6.635071,53.43602,25
"401","5am",16.878613,8.208092,55.83815,19.07514
"402","5am",16.621984,7.059875,59.51743,16.80071
"403","5am",13.220339,9.220339,46.64407,30.91525
"404","5am",17.269267,8.135109,57.75452,16.8411
"405","5am",17.735639,7.417736,56.49749,18.34914
"406","5am",13.519164,9.930314,48.29268,28.25784
"407","5am",13.311331,7.480748,48.9549,30.25303
"408","5am",16.821465,10.526316,58.10114,14.55108
"501","5am",11.285714,7.571429,55.28571,25.85714
"502","5am",13.817664,12.820513,54.8433,18.51852
"511","5am",13.298735,9.568602,53.94097,23.1917
"521","5am",15.243343,11.386593,58.21855,15.15152
"522","5am",16.624041,10.102302,59.46292,13.81074
"523","5am",12.906611,10.178384,57.29276,19.62225
"524","5am",12.325831,7.609861,57.55627,22.50804
"525","5am",8.76494,9.960159,56.57371,24.7012
"531","5am",18.059937,12.066246,54.49527,15.37855
"532","5am",16.083916,9.440559,56.73077,17.74476
"533","5am",8.382789,8.679525,51.33531,31.60237
"541","5am",10.683761,13.675214,58.11966,17.52137
"542","5am",13.239075,10.025707,59.2545,17.48072
"543","5am",15.258512,10.088272,53.34174,21.31148
"544","5am",19.150285,9.004439,56.75333,15.09195
"545","5am",16.046213,10.911425,55.0706,17.97176
"546","5am",14.524422,10.796915,51.54242,23.13625
"547","5am",11.522634,11.934156,49.79424,26.74897
"551","5am",12.231183,13.172043,53.49462,21.10215
"561","5am",11.174785,9.169054,48.13754,31.51862
"562","5am",10.709413,9.004093,50.34106,29.94543
"563","5am",15.023474,14.553991,52.58216,17.84038
"564","5am",13.636364,14.141414,57.07071,15.15152
"571","5am",14.722222,11.666667,57.36111,16.25
"572","5am",14.698596,8.175062,56.81255,20.31379
"573","5am",13.490725,11.467116,57.50422,17.53794
"574","5am",15.820543,5.66706,62.57379,15.93861
"575","5am",10.612245,10.612245,59.59184,19.18367
"576","5am",13.088235,12.647059,53.23529,21.02941
"601","5am",13.013699,9.863014,55.75342,21.36986
"602","5am",10.089186,12.263099,50.33445,27.31327
"611","5am",15.566038,8.355795,54.1442,21.93396
"612","5am",14.560162,12.032356,55.4095,17.99798
"621","5am",18.181818,10.867294,57.05329,13.8976
"622","5am",14.70762,12.404017,57.23568,15.65269
"623","5am",13.576416,14.119472,55.23662,17.06749
"624","5am",18.818681,15.934066,53.2967,11.95055
"631","5am",14.481812,10.089224,54.49554,20.93342
"632","5am",15.625,9.375,59.375,15.625
"633","5am",14.017857,17.946429,54.73214,13.30357
"641","5am",18.912797,8.720272,57.53114,14.83579
"642","5am",13.408393,8.085977,52.71238,25.79324
"643","5am",17.585784,7.965686,61.82598,12.62255
"644","5am",15.645014,6.587374,58.27996,19.48765
"645","5am",17.670683,16.198126,51.9411,14.19009
"651","5am",16.631726,12.089448,58.28092,12.9979
"661","5am",11.575834,10.350655,51.16181,26.9117
"662","5am",12.820513,15.242165,59.54416,12.39316
"663","5am",12.195122,11.444653,57.22326,19.13696
"671","5am",11.703057,13.187773,54.49782,20.61135
"672","5am",9.809663,8.784773,56.95461,24.45095
"673","5am",9.284627,6.392694,51.75038,32.5723
"681","5am",8.510638,7.614782,51.95969,31.91489
"691","5am",6.352765,5.381166,52.69058,35.57549
"101","6am",10.181311,12.226871,69.50256,8.089261
"102","6am",9.075742,14.848182,54.85485,21.221221
"103","6am",10.868733,15.920398,52.04746,21.163414
"104","6am",14.019449,11.223663,53.76823,20.988655
"105","6am",15.689341,13.031014,49.02267,22.256972
"106","6am",11.727842,17.457475,56.93823,13.876455
"107","6am",10.77299,19.857841,53.46513,15.904043
"108","6am",14.319349,12.114726,50.77055,22.795377
"109","6am",13.831479,14.255432,51.88129,20.031797
"110","6am",10.565604,14.929658,54.63681,19.86793
"111","6am",9.527559,19.015748,56.81102,14.645669
"112","6am",11.072,11.616,52.928,24.384
"113","6am",14.312153,9.561999,52.99198,23.133868
"114","6am",13.601868,10.624635,53.00642,22.767075
"115","6am",11.231884,10.144928,61.23188,17.391304
"116","6am",11.410181,8.718549,53.54008,26.331188
"117","6am",12.714914,10.995602,49.38025,26.909236
"118","6am",11.48855,11.221374,47.74809,29.541985
"119","6am",12.472325,9.864699,57.44157,20.221402
"120","6am",17.887931,7.219828,53.01724,21.875
"121","6am",15.294118,8.366013,49.54248,26.797386
"122","6am",14.814815,6.385696,45.8493,32.950192
"123","6am",17.647059,6.862745,50.98039,24.509804
"124","6am",11.090226,6.390977,43.04511,39.473684
"125","6am",16.216216,6.756757,56.30631,20.720721
"126","6am",10.989011,19.230769,53.2967,16.483516
"127","6am",10.269151,15.15528,52.0911,22.484472
"128","6am",12.33463,10.544747,49.76654,27.354086
"129","6am",12.780899,9.901685,57.86517,19.452247
"130","6am",10.103421,9.944312,62.60939,17.34288
"131","6am",13.018714,7.973963,57.77055,21.236778
"132","6am",16.051913,9.221311,48.70219,26.02459
"133","6am",11.428571,10,49.04762,29.52381
"134","6am",21.458047,7.290234,58.73453,12.517194
"135","6am",14.569536,4.635762,51.65563,29.139073
"136","6am",15.84728,9.675732,51.15063,23.32636
"137","6am",20.374449,5.837004,54.62555,19.162996
"138","6am",17.082786,4.204993,55.05913,23.653088
"139","6am",19.379845,2.325581,55.42636,22.868217
"140","6am",20.164609,5.761317,60.0823,13.99177
"141","6am",9.734513,4.424779,41.59292,44.247788
"301","6am",12.050078,10.719875,48.35681,28.873239
"302","6am",14.50654,7.8478,55.17241,22.473246
"303","6am",13.106295,7.946336,47.05882,31.888545
"304","6am",15.425532,5.053191,50.66489,28.856383
"305","6am",11.049724,13.259669,47.51381,28.176796
"306","6am",17.397078,9.960159,50.73041,21.912351
"307","6am",16.302187,9.860835,54.23459,19.602386
"308","6am",13.197172,10.60487,49.33229,26.865672
"309","6am",12.796834,7.387863,55.80475,24.010554
"310","6am",13.942308,6.971154,53.96635,25.120192
"401","6am",16.753927,8.900524,53.01047,21.335079
"402","6am",15.682657,7.564576,59.40959,17.343173
"403","6am",12.63048,9.777314,46.0682,31.524008
"404","6am",16.693164,8.797032,55.90885,18.600954
"405","6am",17.542749,7.536415,54.52818,20.392654
"406","6am",13.996569,10.222985,47.85592,27.924528
"407","6am",14.205817,7.04698,48.21029,30.536913
"408","6am",15.491329,10.404624,58.15029,15.953757
"501","6am",11.111111,7.668232,53.05164,28.169014
"502","6am",14.086687,12.5387,53.25077,20.123839
"511","6am",13.271286,9.10031,53.15408,24.474319
"521","6am",13.746065,11.647429,57.50262,17.103882
"522","6am",17.462687,9.701493,56.86567,15.970149
"523","6am",12.969283,10.011377,55.40387,21.615472
"524","6am",11.893764,7.736721,56.12009,24.249423
"525","6am",9.459459,9.90991,53.15315,27.477477
"531","6am",17.668488,11.930783,52.55009,17.850638
"532","6am",15.898401,9.501411,55.69144,18.908749
"533","6am",8.602151,8.75576,50.30722,32.334869
"541","6am",10.243902,14.634146,56.58537,18.536585
"542","6am",13.456091,10.339943,56.94051,19.263456
"543","6am",14.993307,9.103079,53.68139,22.222222
"544","6am",19.885959,8.695652,54.66857,16.749822
"545","6am",14.956012,10.997067,53.81232,20.234604
"546","6am",14.573213,10.131853,49.89591,25.399028
"547","6am",10.548523,11.814346,50.63291,27.004219
"551","6am",12.166172,12.31454,52.52226,22.997033
"561","6am",10.764431,9.360374,45.86583,34.00936
"562","6am",10.694444,8.541667,50.41667,30.347222
"563","6am",15.846995,13.661202,51.91257,18.579235
"564","6am",12.299465,14.438503,57.21925,16.042781
"571","6am",14.80315,12.283465,54.48819,18.425197
"572","6am",14.672897,8.691589,53.92523,22.71028
"573","6am",13.027179,10.871603,57.73196,18.36926
"574","6am",15.405046,5.976096,61.22178,17.397078
"575","6am",10.502283,10.502283,57.99087,21.004566
"576","6am",12.540193,11.736334,52.73312,22.990354
"601","6am",13.323572,9.516837,54.31918,22.84041
"602","6am",10.31927,12.086659,50.11403,27.480046
"611","6am",15.050924,7.846096,52.84798,24.254998
"612","6am",14.810811,12.540541,53.62162,19.027027
"621","6am",18.402778,11.458333,55.20833,14.930556
"622","6am",15.321564,11.916772,55.54855,17.213115
"623","6am",12.943262,13.475177,54.25532,19.326241
"624","6am",17.857143,16.396104,51.78571,13.961039
"631","6am",13.293944,10.044313,54.2836,22.378139
"632","6am",15.396579,9.486781,57.07621,18.040435
"633","6am",14.690451,16.894019,53.20042,15.21511
"641","6am",18.82494,8.393285,57.31415,15.467626
"642","6am",14.255544,7.391763,51.74234,26.610348
"643","6am",17.140966,8.603574,60.6221,13.633355
"644","6am",16.213494,6.243706,56.39476,21.148036
"645","6am",17.474302,15.565345,51.39501,15.565345
"651","6am",15.59633,11.573747,59.77417,13.055752
"661","6am",11.795544,9.82962,50.63346,27.741372
"662","6am",13.195548,14.626391,58.82353,13.354531
"663","6am",12.185297,10.976838,56.59617,20.241692
"671","6am",11.764706,12.791783,53.40803,22.035481
"672","6am",9.828393,7.956318,56.31825,25.897036
"673","6am",9.320695,6.635071,50.23697,33.807267
"681","6am",8.545035,7.159353,51.50115,32.794457
"691","6am",6.466513,5.080831,52.04003,36.412625
"101","7am",9.109603,13.777504,72.17767,4.935225
"102","7am",12.733151,14.200448,56.70231,16.364089
"103","7am",9.052808,15.842414,51.96982,23.134954
"104","7am",13.682808,10.573079,52.95424,22.789871
"105","7am",19.369369,12.612613,47.95045,20.067568
"106","7am",10.80916,16.946565,57.92366,14.320611
"107","7am",9.726225,18.900096,54.29875,17.074928
"108","7am",16.184097,11.149525,49.78392,22.882455
"109","7am",12.817617,13.269339,52.73857,21.174478
"110","7am",11.164179,14.059701,54.1194,20.656716
"111","7am",12.078431,17.647059,55.60784,14.666667
"112","7am",10.136316,11.67424,52.25446,25.934988
"113","7am",13.116971,9.060176,52.60311,25.219743
"114","7am",12.216288,9.41255,53.07076,25.300401
"115","7am",7.534247,11.30137,64.38356,16.780822
"116","7am",8.821822,9.228091,55.65873,26.291352
"117","7am",11.255976,10.908301,48.9787,28.857019
"118","7am",11.757766,10.184821,47.54227,30.51514
"119","7am",11.990355,11.047786,59.09689,17.864972
"120","7am",15.384615,8.402367,53.72781,22.485207
"121","7am",19.520958,8.383234,47.90419,24.191617
"122","7am",16.78487,6.855792,45.86288,30.496454
"123","7am",13.924051,6.962025,50.63291,28.481013
"124","7am",10.22605,6.350915,40.04306,43.379978
"125","7am",18.592965,8.040201,53.26633,20.100503
"126","7am",10.067114,16.107383,55.03356,18.791946
"127","7am",9.082611,14.103149,52.35052,24.463715
"128","7am",12.5,9.406355,49.12207,28.971572
"129","7am",14.205345,9.563994,56.46976,19.7609
"130","7am",8.692366,11.337868,64.24792,15.721844
"131","7am",11.600928,9.512761,58.39134,20.494973
"132","7am",15.012107,8.313156,46.89266,29.782082
"133","7am",8.72093,10.465116,46.51163,34.302326
"134","7am",21.93437,6.044905,56.13126,15.889465
"135","7am",22.674419,2.906977,48.25581,26.162791
"136","7am",15.571776,9.306569,48.54015,26.581509
"137","7am",18.274112,6.218274,54.44162,21.06599
"138","7am",14.376997,4.632588,53.35463,27.635783
"139","7am",16.194332,3.643725,56.68016,23.481781
"140","7am",30.503145,7.54717,51.25786,10.691824
"141","7am",7.692308,7.692308,42.73504,41.880342
"301","7am",10.97561,10.650407,48.69919,29.674797
"302","7am",16.108195,8.155026,53.04804,22.688736
"303","7am",13.626126,7.207207,44.81982,34.346847
"304","7am",19.86014,5.314685,44.75524,30.06993
"305","7am",10.062893,11.949686,46.54088,31.446541
"306","7am",17.630465,9.449929,49.22426,23.695346
"307","7am",14.88172,10.193548,53.67742,21.247312
"308","7am",12.585616,9.289384,49.22945,28.895548
"309","7am",12.018289,9.14435,55.258,23.57936
"310","7am",15.956151,8.038977,50.91352,25.091352
"401","7am",16.513761,9.021407,50.15291,24.311927
"402","7am",13.51052,8.859358,57.2536,20.376523
"403","7am",11.96733,9.694602,46.41335,31.924716
"404","7am",15.202492,8.598131,54.70405,21.495327
"405","7am",15.456674,7.572209,52.30289,24.668228
"406","7am",15.637066,9.84556,48.1982,26.319176
"407","7am",17.626728,7.603687,44.00922,30.760369
"408","7am",13.268156,10.614525,57.5419,18.575419
"501","7am",8.288288,7.567568,52.61261,31.531532
"502","7am",13.345196,12.27758,51.77936,22.597865
"511","7am",11.604478,8.58209,53.28358,26.529851
"521","7am",13.630731,10.037175,56.50558,19.826518
"522","7am",15.984405,8.382066,55.55556,20.077973
"523","7am",12.626263,9.090909,54.79798,23.484848
"524","7am",11.668928,8.276798,52.51018,27.544098
"525","7am",7.567568,7.027027,52.97297,32.432432
"531","7am",15.631929,11.197339,52.32816,20.842572
"532","7am",13.767343,8.217716,56.99039,21.024546
"533","7am",8.562197,8.481422,49.27302,33.68336
"541","7am",9.195402,13.793103,55.74713,21.264368
"542","7am",13.700787,8.818898,55.59055,21.889764
"543","7am",13.79822,10.089021,52.22552,23.88724
"544","7am",19.766472,8.673895,51.87656,19.683069
"545","7am",12.041885,10.645724,53.75218,23.560209
"546","7am",13.815319,10.379384,49.46314,26.342162
"547","7am",8.96861,11.659193,50.22422,29.147982
"551","7am",11.036789,11.371237,52.17391,25.41806
"561","7am",9.861592,8.304498,44.80969,37.024221
"562","7am",11.422709,7.797538,51.23119,29.548564
"563","7am",15.853659,14.02439,50.60976,19.512195
"564","7am",11.242604,12.426036,58.57988,17.751479
"571","7am",15.213358,11.87384,51.57699,21.335807
"572","7am",13.943355,7.843137,51.96078,26.252723
"573","7am",11.805556,10.615079,57.53968,20.039683
"574","7am",13.050571,6.85155,60.03263,20.065253
"575","7am",15.668203,9.677419,53.91705,20.737327
"576","7am",12.05036,9.71223,52.51799,25.719424
"601","7am",11.842105,9.210526,53.94737,25
"602","7am",11.155837,11.443358,49.85624,27.544566
"611","7am",13.681592,7.669983,52.11443,26.533997
"612","7am",16.317016,12.121212,51.1655,20.39627
"621","7am",15.355805,12.98377,56.05493,15.605493
"622","7am",16.450777,12.305699,53.88601,17.357513
"623","7am",11.701082,12.979351,53.68732,21.632252
"624","7am",15.686275,15.686275,51.96078,16.666667
"631","7am",12.335144,9.852599,54.07292,23.739333
"632","7am",13.909774,10.338346,54.51128,21.240602
"633","7am",14.56077,16.486161,51.98556,16.967509
"641","7am",16.835443,9.493671,57.08861,16.582278
"642","7am",20.8619,7.737512,47.20862,24.191969
"643","7am",14.537108,9.410865,60.21423,15.837796
"644","7am",16.150442,6.19469,55.30973,22.345133
"645","7am",16.977929,14.770798,50.93379,17.317487
"651","7am",13.85409,11.201179,61.38541,13.559322
"661","7am",13.084112,9.218352,50.8921,26.805438
"662","7am",10.546875,15.039062,58.39844,16.015625
"663","7am",11.25,10.113636,56.13636,22.5
"671","7am",10.749507,13.510848,52.76134,22.978304
"672","7am",8.665511,7.97227,55.28596,28.076256
"673","7am",7.008547,6.666667,50.59829,35.726496
"681","7am",7.719298,7.368421,51.69591,33.216374
"691","7am",6.147541,4.918033,50.4918,38.442623
"101","8am",9.507086,15.590117,70.97705,3.925749
"102","8am",14.499532,14.817587,57.942,12.740879
"103","8am",8.396606,15.051362,52.47879,24.073247
"104","8am",14.501217,10.072993,51.28954,24.136253
"105","8am",21.504089,12.786754,47.21724,18.491921
"106","8am",10.653907,16.331738,58.14992,14.864434
"107","8am",9.506587,17.411522,54.99871,18.083183
"108","8am",17.170418,10.418006,49.83923,22.572347
"109","8am",12.06089,12.470726,53.80562,21.662763
"110","8am",11.302442,13.838447,52.37946,22.479649
"111","8am",14.489954,15.996909,55.06182,14.451314
"112","8am",10.57446,11.013538,51.4453,26.966703
"113","8am",11.471861,8.441558,53.4632,26.623377
"114","8am",11.135213,8.604483,53.50687,26.753435
"115","8am",6.818182,12.012987,64.28571,16.883117
"116","8am",7.341491,10.344828,57.23026,25.083426
"117","8am",10.590278,10.720486,49.78299,28.90625
"118","8am",12.674372,9.764847,47.58868,29.9721
"119","8am",11.726576,11.962286,60.42035,15.890788
"120","8am",14.129111,10.718636,52.25335,22.898904
"121","8am",23.716381,9.413203,43.15403,23.716381
"122","8am",16.262976,6.805075,47.52018,29.411765
"123","8am",12.765957,7.092199,48.93617,31.205674
"124","8am",8.862275,6.107784,38.68263,46.347305
"125","8am",22.099448,7.18232,50.27624,20.441989
"126","8am",7.751938,13.953488,55.03876,23.255814
"127","8am",8.251953,13.037109,53.17383,25.537109
"128","8am",12.087441,9.172739,49.03558,29.704243
"129","8am",13.579387,9.54039,57.31198,19.568245
"130","8am",7.447529,10.832769,67.77251,13.94719
"131","8am",11.611541,9.148487,59.1133,20.126671
"132","8am",13.185841,8.318584,47.25664,31.238938
"133","8am",7.284768,9.933775,44.37086,38.410596
"134","8am",20.208333,5.625,55.20833,18.958333
"135","8am",25.308642,3.703704,43.20988,27.777778
"136","8am",15.312916,8.921438,47.53662,28.229028
"137","8am",14.774282,6.429549,55.40356,23.392613
"138","8am",16.117216,3.846154,48.9011,31.135531
"139","8am",11.507937,4.761905,61.11111,22.619048
"140","8am",38.916256,6.896552,45.81281,8.374384
"141","8am",10.091743,6.422018,44.0367,39.449541
"301","8am",11.38535,10.270701,49.68153,28.66242
"302","8am",16.375457,9.101991,51.3206,23.20195
"303","8am",14.268728,6.777646,44.35196,34.601665
"304","8am",25.718194,6.019152,39.67168,28.590971
"305","8am",8.974359,14.102564,45.51282,31.410256
"306","8am",16.056338,10.140845,50.14085,23.661972
"307","8am",14.813225,9.91842,54.05754,21.21082
"308","8am",9.853529,9.764758,50.95428,29.42743
"309","8am",11.265823,11.265823,55.12658,22.341772
"310","8am",14.814815,9.012346,50.98765,25.185185
"401","8am",14.165261,8.600337,50.75885,26.475548
"402","8am",11.648352,8.681319,59.01099,20.659341
"403","8am",11.081353,9.641781,49.1463,30.130566
"404","8am",13.990673,8.927382,54.29714,22.78481
"405","8am",14.561404,7.45614,50.87719,27.105263
"406","8am",15.768402,9.855251,49.83061,24.545735
"407","8am",17.700113,7.553551,44.30665,30.439684
"408","8am",12.102874,10.741301,58.0938,19.062027
"501","8am",8.2,7,52.2,32.6
"502","8am",13.294798,10.982659,52.2158,23.506744
"511","8am",12.43762,8.099808,52.78311,26.679463
"521","8am",11.548913,9.782609,57.20109,21.467391
"522","8am",14.022989,8.275862,54.25287,23.448276
"523","8am",12.049689,8.819876,55.65217,23.478261
"524","8am",10.06006,7.507508,52.7027,29.72973
"525","8am",6.896552,5.747126,52.29885,35.057471
"531","8am",13.267813,10.687961,53.1941,22.850123
"532","8am",12.127894,8.489526,57.99338,21.389195
"533","8am",8.589951,7.779579,50.24311,33.387358
"541","8am",5.696203,11.392405,60.75949,22.151899
"542","8am",19.941349,8.211144,50.87977,20.967742
"543","8am",11.221122,10.39604,51.9802,26.40264
"544","8am",16.442049,8.715184,53.36927,21.473495
"545","8am",10.742188,10.15625,52.92969,26.171875
"546","8am",13.314448,10.339943,50.92068,25.424929
"547","8am",7.804878,13.170732,48.29268,30.731707
"551","8am",11.033275,11.208406,52.01401,25.744308
"561","8am",9.306569,7.29927,44.89051,38.50365
"562","8am",11.713521,8.232932,50.53548,29.518072
"563","8am",10.56338,14.084507,54.92958,20.422535
"564","8am",11.180124,13.043478,57.14286,18.63354
"571","8am",11.693548,12.298387,52.82258,23.185484
"572","8am",12.820513,7.692308,50.91575,28.571429
"573","8am",11.527094,11.034483,57.93103,19.507389
"574","8am",10.626186,6.83112,59.39279,23.149905
"575","8am",18.061674,10.132159,51.98238,19.823789
"576","8am",10.441767,9.437751,53.01205,27.108434
"601","8am",8.241758,9.70696,54.94505,27.106227
"602","8am",11.880631,10.810811,50.39414,26.914414
"611","8am",13.047248,7.542263,52.23234,27.178153
"612","8am",17.46988,11.084337,50.48193,20.963855
"621","8am",12.609238,13.857678,57.17853,16.354557
"622","8am",17.092338,12.37721,53.30714,17.223314
"623","8am",11.752361,12.067156,53.83001,22.350472
"624","8am",15.319149,16.595745,50.21277,17.87234
"631","8am",11.693242,9.946849,55.04935,23.310554
"632","8am",15.63786,9.259259,52.26337,22.839506
"633","8am",11.952191,15.936255,53.78486,18.326693
"641","8am",14.285714,10.998736,57.64855,17.067004
"642","8am",26.796806,7.630878,44.18811,21.384206
"643","8am",11.454849,9.782609,61.1204,17.64214
"644","8am",16.055046,5.275229,55.38991,23.279817
"645","8am",14.835165,14.102564,52.5641,18.498168
"651","8am",10.242377,11.884285,63.72166,14.151681
"661","8am",14.867537,8.659549,51.36418,25.108739
"662","8am",6.802721,15.419501,60.31746,17.460317
"663","8am",7.804233,10.449735,56.08466,25.661376
"671","8am",8.986416,13.166144,53.29154,24.555904
"672","8am",9.057971,7.971014,54.52899,28.442029
"673","8am",5.818182,6.909091,49.63636,37.636364
"681","8am",7.5179,6.682578,52.2673,33.53222
"691","8am",4.892704,5.407725,49.44206,40.257511
"101","9am",10.154085,15.973839,69.46015,4.411928
"102","9am",15.170331,15.422051,57.6439,11.763719
"103","9am",7.810384,14.537246,52.82167,24.8307
"104","9am",15.476785,10.334498,49.87519,24.31353
"105","9am",21.607177,13.227715,47.1464,18.018706
"106","9am",10.656,16.512,57.6,15.232
"107","9am",9.33648,16.601101,55.36323,18.699187
"108","9am",17.624521,10.217114,49.65943,22.498936
"109","9am",11.656805,12.366864,54.67456,21.301775
"110","9am",11.171057,13.646461,52.52301,22.659473
"111","9am",15.463526,15.235562,54.93921,14.361702
"112","9am",10.253542,10.961969,52.19985,26.584638
"113","9am",11.280932,8.296943,53.71179,26.710335
"114","9am",10.866261,8.738602,54.02736,26.367781
"115","9am",7.395498,11.575563,65.27331,15.755627
"116","9am",7.536865,10.649918,57.01802,24.795194
"117","9am",10.25641,10.343329,50.10865,29.291612
"118","9am",12.600644,9.943639,47.9066,29.549114
"119","9am",11.980348,12.07483,60.77098,15.173847
"120","9am",13.438257,11.25908,52.54237,22.760291
"121","9am",24.264706,9.558824,43.87255,22.303922
"122","9am",16.722408,6.57748,48.04905,28.651059
"123","9am",9.302326,7.751938,51.16279,31.782946
"124","9am",8.238276,6.463878,39.67047,45.627376
"125","9am",22.485207,7.100592,47.92899,22.485207
"126","9am",7.086614,14.173228,55.90551,22.834646
"127","9am",8.011869,13.105836,53.21464,25.667656
"128","9am",12.720241,9.325312,48.64633,29.308122
"129","9am",13.177763,9.471517,57.78998,19.560741
"130","9am",7.344262,10.819672,68.2623,13.57377
"131","9am",12.089356,8.804205,58.6728,20.43364
"132","9am",13.091922,7.706592,47.35376,31.847725
"133","9am",7.913669,10.791367,43.88489,37.410072
"134","9am",20.353982,5.309735,54.86726,19.469027
"135","9am",31.64557,4.43038,40.50633,23.417722
"136","9am",14.407989,8.630528,47.71755,29.243937
"137","9am",14.24581,6.424581,55.72626,23.603352
"138","9am",16.27907,4.651163,49.22481,29.844961
"139","9am",10.569106,5.691057,62.19512,21.544715
"140","9am",42.921348,7.191011,42.69663,7.191011
"141","9am",18.103448,6.034483,42.24138,33.62069
"301","9am",12.161115,9.914795,49.96127,27.96282
"302","9am",17.308472,9.3636,50.7499,22.57803
"303","9am",14.214464,6.982544,44.01496,34.78803
"304","9am",27.544098,5.698779,38.94166,27.815468
"305","9am",8.387097,14.193548,45.16129,32.258065
"306","9am",15.983027,9.90099,48.79774,25.318246
"307","9am",14.610111,10.068552,54.41302,20.908312
"308","9am",9.038547,10.279132,52.06026,28.622065
"309","9am",10.477371,11.283323,55.79665,22.442653
"310","9am",14.776632,8.476518,52.69187,24.054983
"401","9am",12.137681,9.23913,50.36232,28.26087
"402","9am",11.912568,8.852459,58.9071,20.327869
"403","9am",10.870989,9.626719,50.19646,29.305828
"404","9am",15.456362,8.660893,53.83078,22.051965
"405","9am",12.605042,7.469655,52.47432,27.45098
"406","9am",16.216216,9.62648,50.50106,23.656241
"407","9am",17.281106,8.410138,44.47005,29.83871
"408","9am",11.183144,10.858995,58.02269,19.93517
"501","9am",8.488613,6.625259,51.75983,33.126294
"502","9am",13.32008,10.337972,52.08748,24.254473
"511","9am",12.50481,8.003078,53.48211,26.010004
"521","9am",11.189802,11.048159,56.65722,21.104816
"522","9am",13.012048,8.915663,54.45783,23.614458
"523","9am",13.357401,8.784597,54.3923,23.465704
"524","9am",10.615385,7.538462,53.38462,28.461538
"525","9am",6.451613,5.16129,52.90323,35.483871
"531","9am",13.402062,10.56701,53.22165,22.809278
"532","9am",11.858609,8.551881,58.72292,20.866591
"533","9am",9.245742,7.866991,50.28386,32.603406
"541","9am",5.594406,10.48951,64.33566,19.58042
"542","9am",23.214286,8.333333,49.25595,19.196429
"543","9am",9.598604,10.820244,52.53054,27.050611
"544","9am",15.613718,8.303249,54.42238,21.66065
"545","9am",10.162602,10.772358,52.23577,26.829268
"546","9am",13.771186,10.310734,51.12994,24.788136
"547","9am",7.772021,13.989637,48.18653,30.051813
"551","9am",10.43956,10.989011,52.01465,26.556777
"561","9am",8.988764,8.052434,45.31835,37.640449
"562","9am",11.492734,8.586526,50.3963,29.524439
"563","9am",10.144928,15.217391,54.34783,20.289855
"564","9am",10.596026,12.582781,57.61589,19.205298
"571","9am",10.828025,12.101911,53.7155,23.354565
"572","9am",11.889862,8.135169,51.18899,28.785982
"573","9am",11.810261,11.229429,58.18006,18.780252
"574","9am",10.912698,6.944444,59.52381,22.619048
"575","9am",18.181818,10.38961,51.08225,20.34632
"576","9am",11.111111,8.595388,52.83019,27.463312
"601","9am",7.930368,10.638298,53.96518,27.466151
"602","9am",12.625139,10.622914,50.3337,26.418242
"611","9am",13.28976,7.494553,52.81046,26.405229
"612","9am",19.281437,11.257485,48.74251,20.718563
"621","9am",11.681643,13.350449,57.38126,17.58665
"622","9am",17.631579,12.434211,52.69737,17.236842
"623","9am",11.218986,13.592233,52.85868,22.330097
"624","9am",15.536105,15.536105,51.42232,17.50547
"631","9am",10.816944,10.060514,56.12708,22.995461
"632","9am",17.684211,9.052632,51.15789,22.105263
"633","9am",12.219101,16.151685,53.65169,17.977528
"641","9am",12.23203,12.61034,58.76419,16.393443
"642","9am",29.578676,7.738607,42.82029,19.862425
"643","9am",10.585198,9.89673,61.10155,18.416523
"644","9am",16.276477,5.797101,53.73467,24.19175
"645","9am",14.47619,13.904762,53.14286,18.47619
"651","9am",10.165485,11.899133,63.75099,14.184397
"661","9am",16.328066,8.765989,50.71482,24.191121
"662","9am",7.21393,13.930348,59.20398,19.651741
"663","9am",7.607192,10.235131,56.56985,25.587828
"671","9am",8.56531,12.740899,53.96146,24.732334
"672","9am",10.169492,7.532957,54.99058,27.306968
"673","9am",6.333973,7.101727,48.17658,38.387716
"681","9am",7.491082,7.015458,52.79429,32.699168
"691","9am",5.008945,5.724508,49.91055,39.355993
"101","10am",10.818468,15.918153,68.05876,5.204617
"102","10am",16.19309,15.01453,57.2651,11.527284
"103","10am",7.343608,14.460562,53.58114,24.614687
"104","10am",15.794872,10.358974,49.74359,24.102564
"105","10am",21.833239,13.175231,46.84736,18.144175
"106","10am",10.674337,16.426973,57.52637,15.372323
"107","10am",9.0885,16.481187,55.67038,18.759936
"108","10am",17.726033,10.279001,49.73778,22.257185
"109","10am",11.337732,12.657469,54.46911,21.535693
"110","10am",11.252033,13.495935,52.58537,22.666667
"111","10am",15.83589,15.337423,54.63957,14.187117
"112","10am",10.355253,10.770975,52.6833,26.190476
"113","10am",11.086475,8.203991,54.61936,26.09017
"114","10am",10.497667,8.786936,54.51011,26.205288
"115","10am",7.348243,12.140575,64.85623,15.654952
"116","10am",6.975534,11.035919,56.32483,25.663717
"117","10am",10.078534,10.078534,50.4363,29.406632
"118","10am",12.683524,10.195759,48.16476,28.955954
"119","10am",12.399926,12.046174,60.99423,14.559672
"120","10am",12.848485,11.393939,53.45455,22.30303
"121","10am",24.137931,10.221675,43.10345,22.536946
"122","10am",16.132597,6.519337,47.73481,29.61326
"123","10am",9.243697,7.563025,52.10084,31.092437
"124","10am",8.278581,6.833114,39.159,45.729304
"125","10am",19.631902,6.748466,51.53374,22.08589
"126","10am",8,13.6,56.8,21.6
"127","10am",7.53948,13.346918,53.59144,25.52216
"128","10am",13.041613,9.137709,48.51995,29.300729
"129","10am",13.365651,9.487535,57.13296,20.01385
"130","10am",7.014157,10.875161,68.79022,13.320463
"131","10am",11.414392,9.243176,57.44417,21.898263
"132","10am",13.047712,8.179163,47.80915,30.963973
"133","10am",7.086614,7.874016,41.73228,43.307087
"134","10am",19.909502,4.977376,55.88235,19.230769
"135","10am",35.220126,5.660377,38.36478,20.754717
"136","10am",13.403614,8.73494,48.71988,29.141566
"137","10am",13.31484,6.241331,57.55895,22.884882
"138","10am",15.478615,4.887984,49.6945,29.9389
"139","10am",11.297071,5.439331,63.17992,20.083682
"140","10am",44.585987,7.218684,41.40127,6.794055
"141","10am",18.75,6.25,42.85714,32.142857
"301","10am",11.806099,9.538702,50.5864,28.068804
"302","10am",18.28312,9.533636,50.30953,21.87371
"303","10am",13.977128,6.60737,43.45616,35.959339
"304","10am",28.943759,5.349794,38.2716,27.434842
"305","10am",8.391608,15.384615,45.45455,30.769231
"306","10am",14.763231,10.167131,48.32869,26.740947
"307","10am",14.848883,10.162067,54.13929,20.849759
"308","10am",8.775056,10.556793,52.16036,28.507795
"309","10am",10.191476,11.55034,56.084,22.174182
"310","10am",14.16309,8.04721,53.11159,24.678112
"401","10am",11.583012,10.03861,50.7722,27.606178
"402","10am",11.339093,8.639309,59.07127,20.950324
"403","10am",10.473411,9.954604,51.32944,28.242542
"404","10am",15.905947,8.852006,53.8036,21.438451
"405","10am",11.83953,7.827789,52.25049,28.082192
"406","10am",16.222688,9.667764,50.10476,24.004789
"407","10am",16.863208,8.962264,44.92925,29.245283
"408","10am",10.810811,10.97973,57.77027,20.439189
"501","10am",8.798283,7.296137,51.07296,32.832618
"502","10am",13.034623,9.979633,53.15682,23.828921
"511","10am",12.718108,8.181466,53.08259,26.017836
"521","10am",10.970464,10.829817,57.66526,20.534459
"522","10am",12.820513,9.230769,55.12821,22.820513
"523","10am",13.333333,8.969697,54.42424,23.272727
"524","10am",12.050078,7.511737,52.42567,28.01252
"525","10am",5.960265,5.960265,54.96689,33.112583
"531","10am",12.516469,11.067194,52.96443,23.45191
"532","10am",11.943794,8.782201,58.66511,20.608899
"533","10am",9.481361,7.698541,50.40519,32.414911
"541","10am",6.338028,10.56338,62.67606,20.422535
"542","10am",22.953216,7.748538,49.5614,19.736842
"543","10am",9.107468,10.564663,53.73406,26.593807
"544","10am",15.398717,8.065995,54.44546,22.089826
"545","10am",10.967742,10.752688,51.6129,26.666667
"546","10am",13.754386,10.315789,50.87719,25.052632
"547","10am",7.8125,13.541667,49.47917,29.166667
"551","10am",10.38961,11.317254,51.76252,26.530612
"561","10am",9.021113,8.253359,45.68138,37.044146
"562","10am",11.753372,8.734746,50.35324,29.158638
"563","10am",9.701493,14.179104,56.71642,19.402985
"564","10am",10.273973,11.643836,58.90411,19.178082
"571","10am",10.745614,12.280702,55.26316,21.710526
"572","10am",11.938383,8.344031,50.44929,29.268293
"573","10am",11.804223,11.228407,58.06142,18.90595
"574","10am",10.788382,6.639004,60.37344,22.19917
"575","10am",18.099548,10.40724,52.0362,19.457014
"576","10am",11.597374,8.09628,52.51641,27.789934
"601","10am",8.333333,10.714286,54.16667,26.785714
"602","10am",13.004981,10.846707,50.08301,26.065302
"611","10am",13.339223,7.508834,52.51767,26.634276
"612","10am",20.072551,11.608222,47.40024,20.918984
"621","10am",11.323155,14.249364,56.61578,17.811705
"622","10am",17.731421,12.190352,52.9987,17.079531
"623","10am",11.111111,12.944984,53.29018,22.653722
"624","10am",15.044248,14.823009,52.21239,17.920354
"631","10am",10.421456,10.191571,57.01149,22.375479
"632","10am",19.271949,8.779443,50.3212,21.627409
"633","10am",12.853107,15.39548,52.25989,19.491525
"641","10am",11.728395,12.345679,60.24691,15.679012
"642","10am",30.266552,7.910576,42.39037,19.432502
"643","10am",11.160714,10.892857,60.26786,17.678571
"644","10am",15.638767,5.837004,53.74449,24.779736
"645","10am",14.509804,13.921569,53.92157,17.647059
"651","10am",9.808612,11.642743,63.71611,14.832536
"661","10am",16.214233,9.134263,50.91709,23.734409
"662","10am",6.493506,14.285714,59.74026,19.480519
"663","10am",7.079646,10.029499,56.78466,26.106195
"671","10am",8.901099,13.186813,53.40659,24.505495
"672","10am",9.902913,7.572816,54.36893,28.15534
"673","10am",6.71785,6.525912,47.98464,38.771593
"681","10am",7.664234,7.055961,53.16302,32.116788
"691","10am",5.28757,5.565863,50.55659,38.589981
"101","11am",11.269191,15.967247,67.29785,5.465711
"102","11am",16.783887,15.153453,56.96931,11.09335
"103","11am",7.593189,14.40405,54.62494,23.377819
"104","11am",15.987622,10.263022,49.71635,24.033007
"105","11am",22.005307,13.248673,46.87263,17.873389
"106","11am",10.691421,16.325224,57.04225,15.941101
"107","11am",8.856767,16.162943,56.18922,18.791064
"108","11am",18.049398,10.238548,49.60946,22.102597
"109","11am",11.47541,12.386157,54.88767,21.250759
"110","11am",11.30036,13.560432,52.86603,22.273174
"111","11am",15.927497,14.963363,55.14848,13.960663
"112","11am",9.826153,10.95994,52.75888,26.455026
