"district","hour","mode1","mode2","mode3"
"101","4am",26.415094,35.16295,38.4219554
"102","4am",22.32334,35.27837,42.3982869
"103","4am",32.721121,50.31416,16.9647173
"104","4am",32.744702,49.24319,18.012109
"105","4am",38.657914,43.2531,18.0889861
"106","4am",26.215022,30.70692,43.078056
"107","4am",35.274725,38.26923,26.456044
"108","4am",29.610971,57.45872,12.9303107
"109","4am",37.021858,48.36066,14.6174863
"110","4am",27.769886,51.8821,20.3480114
"111","4am",33.019362,43.3281,23.6525379
"112","4am",28.801936,59.66115,11.53691
"113","4am",20.590302,71.25791,8.151792
"114","4am",20.206186,75.60137,4.1924399
"115","4am",21.019108,66.87898,12.1019108
"116","4am",24.408163,67.42857,8.1632653
"117","4am",27.048741,62.56026,10.3910016
"118","4am",27.602041,60.45918,11.9387755
"119","4am",27.313494,63.75866,8.9278435
"120","4am",26.638773,65.41144,7.9497908
"121","4am",24.17962,50.08636,25.7340242
"122","4am",21.134021,53.43643,25.4295533
"123","4am",16.27907,77.32558,6.3953488
"124","4am",22.140221,71.46371,6.396064
"125","4am",20.744681,66.48936,12.7659574
"126","4am",28.476821,61.5894,9.9337748
"127","4am",32.321153,52.18734,15.491508
"128","4am",23.255814,69.27264,7.4715487
"129","4am",18.051576,71.06017,10.8882521
"130","4am",20.13986,74.54545,5.3146853
"131","4am",19.079686,76.09428,4.8260382
"132","4am",17.380952,79.44444,3.1746032
"133","4am",21.910112,71.34831,6.741573
"134","4am",12.865497,83.91813,3.2163743
"135","4am",17.037037,76.2963,6.6666667
"136","4am",19.535438,77.42704,3.0375223
"137","4am",16.601307,80.91503,2.4836601
"138","4am",18.37037,79.25926,2.3703704
"139","4am",13.461538,80.76923,5.7692308
"140","4am",12.790698,77.90698,9.3023256
"141","4am",8.602151,86.02151,5.3763441
"301","4am",22.167488,63.94089,13.8916256
"302","4am",21.098687,72.04667,6.8546427
"303","4am",21.166033,73.63752,5.1964512
"304","4am",20.859873,66.71975,12.4203822
"305","4am",17.021277,71.63121,11.3475177
"306","4am",21.904762,70.95238,7.1428571
"307","4am",18.363717,76.47843,5.1578479
"308","4am",21.727147,73.58751,4.6853468
"309","4am",13.532513,81.10721,5.3602812
"310","4am",13.049645,81.70213,5.248227
"401","4am",15.352697,82.29599,2.351314
"402","4am",18.797814,77.37705,3.8251366
"403","4am",15.457842,80.0544,4.4877607
"404","4am",16.091314,80.51225,3.3964365
"405","4am",18.331053,77.77018,3.8987688
"406","4am",20.176252,73.19109,6.6326531
"407","4am",13.826816,81.84358,4.3296089
"408","4am",16.149871,80.74935,3.1007752
"501","4am",5.93692,90.90909,3.1539889
"502","4am",2.288732,88.90845,8.8028169
"511","4am",7.859734,85.48972,6.6505441
"521","4am",11.764706,84.42266,3.8126362
"522","4am",16.081871,79.97076,3.9473684
"523","4am",9.256845,85.65841,5.0847458
"524","4am",11.039795,85.49422,3.465982
"525","4am",5.128205,93.33333,1.5384615
"531","4am",10.691824,84.27673,5.0314465
"532","4am",13.001083,79.41495,7.5839653
"533","4am",2.366864,90.03945,7.5936884
"541","4am",4.545455,93.93939,1.5151515
"542","4am",15.52795,78.57143,5.9006211
"543","4am",13.181818,83.48485,3.3333333
"544","4am",13.677812,82.75076,3.5714286
"545","4am",9.92,87.52,2.56
"546","4am",12.722853,83.54943,3.7277147
"547","4am",10.714286,83.92857,5.3571429
"551","4am",4.623288,91.60959,3.7671233
"561","4am",4.655493,89.75791,5.5865922
"562","4am",3.724395,90.50279,5.7728119
"563","4am",8.496732,88.23529,3.2679739
"564","4am",6.626506,91.56627,1.8072289
"571","4am",3.482587,94.6932,1.8242123
"572","4am",11.313131,85.45455,3.2323232
"573","4am",7.614213,88.12183,4.2639594
"574","4am",10.39886,88.17664,1.4245014
"575","4am",3.825137,93.44262,2.7322404
"576","4am",4.651163,91.41324,3.9355993
"601","4am",5.434783,89.49275,5.0724638
"602","4am",5.088496,88.0531,6.8584071
"611","4am",9.811017,86.24849,3.9404906
"612","4am",6.896552,88.37803,4.7254151
"621","4am",9.359606,87.43842,3.2019704
"622","4am",9.155429,86.87012,3.97445
"623","4am",7.216495,89.50328,3.2802249
"624","4am",9.281437,87.57485,3.1437126
"631","4am",11.63575,84.56998,3.7942664
"632","4am",21.855346,74.37107,3.7735849
"633","4am",13.589212,84.43983,1.9709544
"641","4am",9.41337,85.81173,4.7748977
"642","4am",8.496732,84.70588,6.7973856
"643","4am",9.250175,86.68535,4.0644709
"644","4am",12.586605,83.4873,3.926097
"645","4am",7.727975,87.017,5.2550232
"651","4am",7.235142,88.1137,4.6511628
"661","4am",5.449591,87.52044,7.0299728
"662","4am",5.136986,94.00685,0.8561644
"663","4am",4.76758,92.96782,2.2646007
"671","4am",3.975904,91.68675,4.3373494
"672","4am",3.012048,92.16867,4.8192771
"673","4am",3.282276,92.34136,4.3763676
"681","4am",2.232855,93.7799,3.9872408
"691","4am",2.57732,93.50515,3.9175258
"101","5am",25.223214,48.88393,25.8928571
"102","5am",22.014742,39.0172,38.968059
"103","5am",32.563851,50.39293,17.043222
"104","5am",32.017982,50.2997,17.6823177
"105","5am",37.767475,44.61484,17.617689
"106","5am",26.018349,31.19266,42.7889908
"107","5am",35.017951,38.63574,26.3463132
"108","5am",29.201563,58.0402,12.7582356
"109","5am",35.972222,49.375,14.6527778
"110","5am",27.546628,52.22382,20.2295552
"111","5am",32.049307,45.14638,22.8043143
"112","5am",28.308824,60.08987,11.6013072
"113","5am",20.190198,71.61668,8.1931236
"114","5am",20.042046,75.68325,4.2747022
"115","5am",18.032787,71.03825,10.9289617
"116","5am",23.930269,68.38352,7.6862124
"117","5am",26.030369,63.61171,10.3579176
"118","5am",26.977475,61.0791,11.9434259
"119","5am",24.422325,67.89904,7.6786349
"120","5am",25.866667,66.53333,7.6
"121","5am",24.398625,50,25.6013746
"122","5am",21.079258,53.9629,24.9578415
"123","5am",16.470588,77.05882,6.4705882
"124","5am",21.909425,71.72583,6.3647491
"125","5am",20.855615,66.31016,12.8342246
"126","5am",26.666667,64,9.3333333
"127","5am",31.765935,52.56008,15.6739812
"128","5am",22.70216,69.76394,7.5339026
"129","5am",17.591722,72.06021,10.3480715
"130","5am",17.560976,77.68293,4.7560976
"131","5am",18.027572,77.41251,4.5599152
"132","5am",17.412141,79.39297,3.1948882
"133","5am",21.511628,71.51163,6.9767442
"134","5am",13.043478,83.95802,2.9985007
"135","5am",15.079365,77.77778,7.1428571
"136","5am",19.181429,77.70312,3.1154551
"137","5am",16.447368,81.05263,2.5
"138","5am",17.964072,79.64072,2.3952096
"139","5am",12.844037,82.11009,5.0458716
"140","5am",12.222222,78.88889,8.8888889
"141","5am",8.695652,85.86957,5.4347826
"301","5am",21.93159,63.9839,14.084507
"302","5am",21.396731,71.7682,6.8350669
"303","5am",20.475561,74.10832,5.4161162
"304","5am",20.355412,67.20517,12.4394184
"305","5am",17.391304,71.01449,11.5942029
"306","5am",21.359223,71.52104,7.1197411
"307","5am",18.490918,76.24592,5.2631579
"308","5am",21.753399,73.4646,4.7819972
"309","5am",12.988115,82.0034,5.008489
"310","5am",12.753623,82.02899,5.2173913
"401","5am",15.47619,81.99405,2.5297619
"402","5am",18.251366,78.03279,3.715847
"403","5am",15.199637,80.3539,4.446461
"404","5am",16.162791,80.2907,3.5465116
"405","5am",18.239886,77.78566,3.97445
"406","5am",19.630485,73.903,6.4665127
"407","5am",14.122682,81.45506,4.4222539
"408","5am",15.41555,81.36729,3.2171582
"501","5am",6.2249,90.56225,3.2128514
"502","5am",2.04461,88.66171,9.2936803
"511","5am",7.741117,85.32149,6.9373942
"521","5am",11.926606,84.17431,3.8990826
"522","5am",15.905512,79.84252,4.2519685
"523","5am",8.957219,85.82888,5.2139037
"524","5am",10.872483,85.50336,3.6241611
"525","5am",5.586592,92.73743,1.6759777
"531","5am",10.798122,83.94366,5.258216
"532","5am",12.585034,79.47846,7.9365079
"533","5am",2.228977,89.9696,7.8014184
"541","5am",4.395604,93.95604,1.6483516
"542","5am",15.055468,79.08082,5.8637084
"543","5am",13.166144,83.38558,3.4482759
"544","5am",14.146341,82.03252,3.8211382
"545","5am",9.93266,87.37374,2.6936027
"546","5am",12.942192,83.34771,3.7100949
"547","5am",10.240964,84.33735,5.4216867
"551","5am",5.045045,91.17117,3.7837838
"561","5am",4.642166,89.55513,5.8027079
"562","5am",3.497164,90.73724,5.7655955
"563","5am",9.027778,87.5,3.4722222
"564","5am",7.142857,90.90909,1.9480519
"571","5am",3.34507,94.71831,1.9366197
"572","5am",11.099366,85.51797,3.3826638
"573","5am",7.368421,88.21053,4.4210526
"574","5am",10.588235,87.94118,1.4705882
"575","5am",3.977273,93.18182,2.8409091
"576","5am",4.500978,91.19374,4.3052838
"601","5am",5.46875,89.45312,5.078125
"602","5am",4.855842,88.08801,7.0561457
"611","5am",9.583695,86.20989,4.206418
"612","5am",7.310345,87.58621,5.1034483
"621","5am",9.212283,87.31642,3.4712951
"622","5am",8.974359,86.87783,4.147813
"623","5am",7.527976,88.9115,3.560529
"624","5am",10.233393,85.99641,3.7701975
"631","5am",11.503623,84.32971,4.1666667
"632","5am",21.477663,74.39863,4.1237113
"633","5am",13.340935,84.60661,2.0524515
"641","5am",9.141274,86.01108,4.8476454
"642","5am",8.525034,84.43843,7.0365359
"643","5am",8.900524,86.76141,4.3380703
"644","5am",12.664277,83.2736,4.0621266
"645","5am",7.705479,86.81507,5.4794521
"651","5am",6.921029,88.64241,4.4365572
"661","5am",5.212465,87.4221,7.3654391
"662","5am",5.502846,93.73814,0.7590133
"663","5am",4.731458,92.83887,2.4296675
"671","5am",4.370861,90.86093,4.7682119
"672","5am",3.177966,91.73729,5.0847458
"673","5am",3.448276,91.95402,4.5977011
"681","5am",2.317881,93.54305,4.1390728
"691","5am",2.446809,93.61702,3.9361702
"101","6am",32.894737,53.54251,13.562753
"102","6am",24.156161,44.00163,31.8422123
"103","6am",31.064044,51.89107,17.0448815
"104","6am",31.498471,51.1213,17.3802243
"105","6am",37.407048,46.6214,15.9715487
"106","6am",26.224784,32.42075,41.3544669
"107","6am",34.184676,39.37693,26.4383946
"108","6am",28.302915,59.60229,12.0947971
"109","6am",33.937282,51.70732,14.3554007
"110","6am",27.093955,53.16824,19.7378004
"111","6am",30.79602,47.56219,21.641791
"112","6am",26.830283,61.93844,11.2312812
"113","6am",19.510269,71.87994,8.6097946
"114","6am",18.952234,76.50231,4.5454545
"115","6am",15.277778,76.38889,8.3333333
"116","6am",21.863261,71.07438,7.0623591
"117","6am",24.696803,65.21499,10.0882029
"118","6am",25.42559,62.54805,12.0263591
"119","6am",22.437426,71.33492,6.227652
"120","6am",25.566751,67.25441,7.1788413
"121","6am",24.5,50.83333,24.6666667
"122","6am",21.692308,55.38462,22.9230769
"123","6am",16.463415,76.82927,6.7073171
"124","6am",21.836228,71.83623,6.3275434
"125","6am",20.218579,66.66667,13.1147541
"126","6am",22.142857,68.57143,9.2857143
"127","6am",30.855615,53.47594,15.6684492
"128","6am",22.141749,70.46042,7.3978272
"129","6am",16.77074,73.86262,9.3666369
"130","6am",14.780836,81.03976,4.1794088
"131","6am",16.179337,79.62963,4.1910331
"132","6am",16.317627,80.19197,3.4904014
"133","6am",21.428571,70.77922,7.7922078
"134","6am",11.367673,85.61279,3.0195382
"135","6am",15.517241,77.58621,6.8965517
"136","6am",17.872045,78.92907,3.1988873
"137","6am",14.464534,83.17107,2.364395
"138","6am",16.171617,81.35314,2.4752475
"139","6am",11.627907,83.25581,5.1162791
"140","6am",12.745098,79.41176,7.8431373
"141","6am",8.988764,86.51685,4.494382
"301","6am",21.224921,64.73073,14.0443506
"302","6am",20.091093,73.22874,6.6801619
"303","6am",20.087336,73.79913,6.1135371
"304","6am",19.471947,68.48185,12.0462046
"305","6am",16.8,70.4,12.8
"306","6am",19.895288,72.77487,7.3298429
"307","6am",16.563147,77.74327,5.6935818
"308","6am",20,75.13924,4.8607595
"309","6am",10.751819,84.7211,4.5270816
"310","6am",10.735294,84.11765,5.1470588
"401","6am",14.010508,83.36252,2.6269702
"402","6am",15.271493,80.88235,3.8461538
"403","6am",13.374003,82.168,4.4580009
"404","6am",13.262599,82.89125,3.8461538
"405","6am",16.930776,78.73228,4.3369475
"406","6am",18.029824,75.77948,6.1906914
"407","6am",14.782609,80.86957,4.3478261
"408","6am",11.455108,84.82972,3.7151703
"501","6am",4.794521,91.55251,3.652968
"502","6am",1.86722,87.9668,10.1659751
"511","6am",7.139588,85.53776,7.3226545
"521","6am",9.214092,86.99187,3.7940379
"522","6am",13.878327,81.36882,4.7528517
"523","6am",7.27003,87.38872,5.3412463
"524","6am",9.264706,86.76471,3.9705882
"525","6am",5.298013,92.71523,1.986755
"531","6am",9.131403,84.85523,6.013363
"532","6am",10.709838,80.57285,8.7173101
"533","6am",1.804671,90.02123,8.1740977
"541","6am",4.545455,94.15584,1.2987013
"542","6am",12.16458,81.39535,6.4400716
"543","6am",9.747899,86.72269,3.5294118
"544","6am",11.814745,84.2155,3.9697543
"545","6am",8.617234,88.37675,3.006012
"546","6am",10.909091,85.26316,3.8277512
"547","6am",9.375,85,5.625
"551","6am",3.71134,92.37113,3.9175258
"561","6am",3.695652,89.78261,6.5217391
"562","6am",3.585271,90.60078,5.8139535
"563","6am",11.206897,84.48276,4.3103448
"564","6am",5.555556,92.36111,2.0833333
"571","6am",3.10559,95.03106,1.863354
"572","6am",9.62963,86.17284,4.1975309
"573","6am",5.155875,90.04796,4.7961631
"574","6am",7.979626,90.32258,1.6977929
"575","6am",3.333333,93.33333,3.3333333
"576","6am",4.185022,91.40969,4.4052863
"601","6am",5.806452,88.60215,5.5913978
"602","6am",4.773083,88.26291,6.9640063
"611","6am",8.512769,86.88032,4.6069104
"612","6am",7.261725,87.29198,5.4462935
"621","6am",7.121212,89.09091,3.7878788
"622","6am",8.244898,87.67347,4.0816327
"623","6am",5.825243,90.04854,4.1262136
"624","6am",9.41704,86.99552,3.5874439
"631","6am",8.457711,87.56219,3.9800995
"632","6am",18.77551,75.71429,5.5102041
"633","6am",9.859155,88.02817,2.1126761
"641","6am",8.888889,86.07407,5.037037
"642","6am",7.464789,85.49296,7.0422535
"643","6am",7.635468,87.76683,4.5977011
"644","6am",11.081081,84.59459,4.3243243
"645","6am",7.335907,86.48649,6.1776062
"651","6am",5.470852,90.13453,4.3946188
"661","6am",4.443128,87.85545,7.7014218
"662","6am",5.066079,94.05286,0.8810573
"663","6am",4.788732,92.67606,2.5352113
"671","6am",4.405286,90.60206,4.9926579
"672","6am",3.255814,91.16279,5.5813953
"673","6am",3.640777,91.50485,4.8543689
"681","6am",2.595156,93.07958,4.3252595
"691","6am",1.995565,93.90244,4.1019956
"101","7am",44.179104,47.48401,8.336887
"102","7am",33.829848,44.31395,21.8562017
"103","7am",27.654742,54.51448,17.830778
"104","7am",29.059829,52.25071,18.6894587
"105","7am",39.137466,47.95148,12.9110512
"106","7am",25.756458,34.87085,39.3726937
"107","7am",31.825177,41.82825,26.3465682
"108","7am",26.975851,61.90999,11.1141603
"109","7am",29.411765,55.73152,14.8567119
"110","7am",26.410061,54.6875,18.902439
"111","7am",31.093673,48.84747,20.0588524
"112","7am",22.299814,66.20112,11.4990689
"113","7am",16.51865,74.42274,9.0586146
"114","7am",15.073529,80.60662,4.3198529
"115","7am",10.25641,82.47863,7.2649573
"116","7am",16.691395,76.55786,6.7507418
"117","7am",20.260223,69.08302,10.6567534
"118","7am",23.869491,63.93818,12.1923297
"119","7am",20.434558,74.39214,5.1733057
"120","7am",22.268908,69.60784,8.1232493
"121","7am",27.893175,49.25816,22.8486647
"122","7am",25.418994,53.63128,20.9497207
"123","7am",12.711864,78.81356,8.4745763
"124","7am",19.940916,72.82127,7.2378139
"125","7am",17.901235,68.51852,13.5802469
"126","7am",18.518519,69.44444,12.037037
"127","7am",27.32769,57.07376,15.598549
"128","7am",19.501134,73.24263,7.2562358
"129","7am",15.084295,76.13132,8.7843833
"130","7am",11.311787,85.07605,3.6121673
"131","7am",12.157221,84.09506,3.7477148
"132","7am",12.756757,83.78378,3.4594595
"133","7am",12.820513,79.48718,7.6923077
"134","7am",10.739857,84.00955,5.2505967
"135","7am",13.868613,80.29197,5.8394161
"136","7am",15.843271,80.32368,3.8330494
"137","7am",9.5,88,2.5
"138","7am",9.033613,87.60504,3.3613445
"139","7am",7.804878,86.82927,5.3658537
"140","7am",21.631206,71.63121,6.7375887
"141","7am",7.526882,87.09677,5.3763441
"301","7am",18.604651,67.88483,13.5105205
"302","7am",16.898506,76.66151,6.4399794
"303","7am",18.627451,75.1634,6.2091503
"304","7am",20.069808,68.23735,11.6928447
"305","7am",10.576923,73.07692,16.3461538
"306","7am",14.258912,78.61163,7.1294559
"307","7am",11.206404,82.73299,6.0606061
"308","7am",15.06772,79.90971,5.0225734
"309","7am",7.011952,88.60558,4.3824701
"310","7am",11.80867,84.15546,4.0358744
"401","7am",11.663067,85.52916,2.8077754
"402","7am",10.325318,85.57284,4.1018388
"403","7am",11.660269,84.0691,4.2706334
"404","7am",10.210697,85.57536,4.2139384
"405","7am",13.561191,81.25689,5.1819184
"406","7am",15.368683,79.41176,5.2195526
"407","7am",16.816817,78.82883,4.3543544
"408","7am",8.383234,87.02595,4.5908184
"501","7am",1.40056,94.67787,3.9215686
"502","7am",3.731343,85.32338,10.9452736
"511","7am",4.875571,87.45556,7.6688674
"521","7am",5.527638,89.44724,5.0251256
"522","7am",8.870968,85.48387,5.6451613
"523","7am",5.263158,88.79457,5.942275
"524","7am",7.194245,87.94964,4.8561151
"525","7am",3.448276,93.96552,2.5862069
"531","7am",5.815603,87.0922,7.0921986
"532","7am",7.058824,82.64706,10.2941176
"533","7am",2.047782,89.30603,8.6461889
"541","7am",4.065041,94.30894,1.6260163
"542","7am",5.295316,88.18737,6.5173116
"543","7am",7.251908,88.9313,3.8167939
"544","7am",9.175377,86.17886,4.6457607
"545","7am",3.316327,93.62245,3.0612245
"546","7am",7.868526,88.24701,3.8844622
"547","7am",6.122449,87.7551,6.122449
"551","7am",2.444988,93.15403,4.400978
"561","7am",3.015075,89.69849,7.2864322
"562","7am",2.838221,91.48534,5.6764428
"563","7am",12.371134,81.4433,6.185567
"564","7am",3.968254,93.65079,2.3809524
"571","7am",3.069054,94.62916,2.3017903
"572","7am",7.121212,87.87879,5
"573","7am",3.072983,91.80538,5.1216389
"574","7am",4.43459,93.34812,2.2172949
"575","7am",13.333333,83.33333,3.3333333
"576","7am",4.627249,91.25964,4.1131105
"601","7am",5.357143,89.03061,5.6122449
"602","7am",4.818325,88.30964,6.8720379
"611","7am",6.666667,88.53107,4.8022599
"612","7am",9.21273,84.92462,5.8626466
"621","7am",5.333333,91,3.6666667
"622","7am",8.410429,87.55257,4.0370059
"623","7am",4.469274,90.92179,4.6089385
"624","7am",7.038123,88.8563,4.1055718
"631","7am",5.726405,90.45599,3.8176034
"632","7am",10.263158,83.15789,6.5789474
"633","7am",8.658744,88.96435,2.37691
"641","7am",6.15142,88.64353,5.2050473
"642","7am",9.171975,84.33121,6.4968153
"643","7am",5.304519,89.09627,5.5992141
"644","7am",9.007634,86.41221,4.5801527
"645","7am",6.542056,85.98131,7.4766355
"651","7am",4.438149,91.02927,4.5325779
"661","7am",4.558405,88.03419,7.4074074
"662","7am",4.985337,94.1349,0.8797654
"663","7am",4.651163,93.02326,2.3255814
"671","7am",4.166667,90.54487,5.2884615
"672","7am",1.36612,92.62295,6.010929
"673","7am",2.73224,91.53005,5.7377049
"681","7am",2.288732,93.30986,4.4014085
"691","7am",2.05314,93.59903,4.3478261
"101","8am",49.3787626,42.74369,7.877546
"102","8am",42.1444835,42.16518,15.690333
"103","8am",26.6337855,57.95314,15.41307
"104","8am",26.3729246,55.23627,18.390805
"105","8am",40.969471,47.65789,11.37264
"106","8am",25.920186,37.8148,36.265014
"107","8am",30.2083333,44.92608,24.865591
"108","8am",26.7803953,62.95695,10.262659
"109","8am",25.9288538,60.39526,13.675889
"110","8am",25.222312,56.87146,17.906225
"111","8am",31.1388755,50.31235,18.548775
"112","8am",21.1927058,67.47166,11.335633
"113","8am",13.0183221,77.24204,9.739634
"114","8am",13.8178096,81.57625,4.605937
"115","8am",8.8,84.8,6.4
"116","8am",14.0252454,80.08415,5.890603
"117","8am",18.5687847,71.314,10.117212
"118","8am",22.7510157,65.69936,11.549623
"119","8am",18.9189189,76.67499,4.406087
"120","8am",21.5007215,70.41847,8.080808
"121","8am",32.0726172,46.89864,21.028744
"122","8am",27.8154681,54.68114,17.503392
"123","8am",15.8415842,73.26733,10.891089
"124","8am",18.6006826,73.89078,7.508532
"125","8am",18.0555556,69.44444,12.5
"126","8am",15.7303371,70.78652,13.483146
"127","8am",22.5,61.77632,15.723684
"128","8am",17.7192982,74.79532,7.48538
"129","8am",13.548951,78.14685,8.304196
"130","8am",9.4137077,87.61354,2.97275
"131","8am",10.8394458,85.73757,3.422983
"132","8am",10.1591187,86.41371,3.427173
"133","8am",10.3092784,83.50515,6.185567
"134","8am",9.3167702,83.85093,6.832298
"135","8am",14.9606299,80.31496,4.724409
"136","8am",13.6669875,81.90568,4.427334
"137","8am",7.1428571,90.65934,2.197802
"138","8am",11.5577889,84.67337,3.768844
"139","8am",5.2380952,89.04762,5.714286
"140","8am",24.8648649,71.08108,4.054054
"141","8am",3.5294118,90.58824,5.882353
"301","8am",17.4006445,70.89151,11.707841
"302","8am",14.6038322,79.12998,6.266183
"303","8am",16.7253521,76.23239,7.042254
"304","8am",23.8175676,66.0473,10.135135
"305","8am",12.745098,73.52941,13.72549
"306","8am",9.8880597,82.08955,8.022388
"307","8am",10.1878201,84.34832,5.463859
"308","8am",8.8443396,86.43868,4.716981
"309","8am",6.1926606,89.8318,3.975535
"310","8am",9.4081942,86.64643,3.945372
"401","8am",8.9108911,88.11881,2.970297
"402","8am",7.6923077,88.39161,3.916084
"403","8am",9.8891353,86.20843,3.902439
"404","8am",9.9297012,85.94025,4.130053
"405","8am",11.4583333,82.68229,5.859375
"406","8am",14.375,81.36719,4.257812
"407","8am",16.8850073,79.0393,4.075691
"408","8am",7.3991031,87.21973,5.381166
"501","8am",0.660066,95.37954,3.960396
"502","8am",3.6211699,84.40111,11.977716
"511","8am",4.8973144,87.20379,7.898894
"521","8am",3.2136106,91.30435,5.482042
"522","8am",5.1020408,88.09524,6.802721
"523","8am",4.9833887,90.03322,4.983389
"524","8am",5.7731959,88.86598,5.360825
"525","8am",0.952381,96.19048,2.857143
"531","8am",2.247191,90.5297,7.223114
"532","8am",4.8929664,85.1682,9.938838
"533","8am",2.1664766,89.28164,8.551881
"541","8am",0,98.14815,1.851852
"542","8am",12.5925926,81.66667,5.740741
"543","8am",3.0567686,93.44978,3.49345
"544","8am",3.8709677,91.74194,4.387097
"545","8am",1.8018018,94.59459,3.603604
"546","8am",6.555773,89.82387,3.620352
"547","8am",5.4263566,89.14729,5.426357
"551","8am",2.8720627,92.4282,4.699739
"561","8am",2.4390244,90.2439,7.317073
"562","8am",2.3853211,92.29358,5.321101
"563","8am",1.3157895,92.10526,6.578947
"564","8am",4.2016807,93.27731,2.521008
"571","8am",0.5730659,96.84814,2.578797
"572","8am",4.6263345,89.85765,5.516014
"573","8am",3.034134,92.41466,4.551201
"574","8am",4.9046322,92.64305,2.452316
"575","8am",18.125,78.125,3.75
"576","8am",2.7108434,92.77108,4.518072
"601","8am",3.021148,90.63444,6.344411
"602","8am",4.5245399,88.88037,6.595092
"611","8am",6.6308244,88.41099,4.958184
"612","8am",8.041958,85.83916,6.118881
"621","8am",3.9800995,93.3665,2.6534
"622","8am",9.1993186,87.13799,3.662692
"623","8am",3.6809816,91.71779,4.601227
"624","8am",5.6291391,89.40397,4.966887
"631","8am",4.6201232,91.78645,3.593429
"632","8am",10.4166667,83.03571,6.547619
"633","8am",6.7961165,90.48544,2.718447
"641","8am",4.2386185,90.89482,4.866562
"642","8am",12.3042506,81.76734,5.928412
"643","8am",2.8477547,91.67579,5.476451
"644","8am",7.5320513,87.82051,4.647436
"645","8am",3.8860104,88.34197,7.772021
"651","8am",1.9308943,94.41057,3.658537
"661","8am",5.9917355,87.44835,6.559917
"662","8am",0,98.90511,1.094891
"663","8am",0.6198347,96.4876,2.892562
"671","8am",2.6408451,92.07746,5.28169
"672","8am",3.2163743,91.52047,5.263158
"673","8am",1.2012012,92.79279,6.006006
"681","8am",2.1582734,93.52518,4.316547
"691","8am",1.1612903,94.19355,4.645161
"101","9am",50.1806277,42.00723,7.8121472
"102","9am",43.8818565,41.05669,15.0614566
"103","9am",25.4057428,60.36205,14.2322097
"104","9am",25.674786,56.2212,18.1040158
"105","9am",41.329799,47.66954,11.0006627
"106","9am",26.3382467,40.96199,32.6997673
"107","9am",28.9815448,47.12919,23.8892686
"108","9am",26.4721627,63.59743,9.9304069
"109","9am",25.0999201,61.71063,13.1894484
"110","9am",24.0558292,58.45649,17.4876847
"111","9am",31.4553991,51.22066,17.3239437
"112","9am",20.4648813,68.16574,11.3693785
"113","9am",12.8529698,77.5073,9.6397274
"114","9am",14.050494,80.68057,5.2689352
"115","9am",8.3003953,84.98024,6.7193676
"116","9am",14.0314853,80.83504,5.1334702
"117","9am",18.8923077,71.32308,9.7846154
"118","9am",22.6015303,65.92113,11.4773396
"119","9am",18.8462373,76.98981,4.1639558
"120","9am",20.3147353,72.81831,6.8669528
"121","9am",32.8290469,47.65507,19.515885
"122","9am",28.6831812,55.80183,15.5149935
"123","9am",15.7303371,73.03371,11.2359551
"124","9am",19.038817,72.8281,8.1330869
"125","9am",18.1818182,71.9697,9.8484848
"126","9am",12.6436782,75.86207,11.4942529
"127","9am",20.8416834,63.59385,15.5644623
"128","9am",18.793911,73.5363,7.6697892
"129","9am",13.1849315,78.93836,7.8767123
"130","9am",9.6671949,87.40095,2.9318542
"131","9am",10.4589917,86.45598,3.0850263
"132","9am",10.4438642,85.50914,4.0469974
"133","9am",9.0909091,82.95455,7.9545455
"134","9am",10.1010101,83.16498,6.7340067
"135","9am",14.516129,79.83871,5.6451613
"136","9am",13.1914894,82.44681,4.3617021
"137","9am",6.7669173,90.78947,2.443609
"138","9am",12.195122,84.01084,3.7940379
"139","9am",4.9019608,89.21569,5.8823529
"140","9am",27.3170732,69.02439,3.6585366
"141","9am",14.1304348,79.34783,6.5217391
"301","9am",17.2699069,71.25129,11.4788004
"302","9am",14.7938144,79.17526,6.0309278
"303","9am",15.2255639,77.44361,7.3308271
"304","9am",25.5,65.83333,8.6666667
"305","9am",13.7254902,75.4902,10.7843137
"306","9am",11.0280374,81.1215,7.8504673
"307","9am",10.5322763,84.14496,5.3227633
"308","9am",7.4941452,87.76347,4.7423888
"309","9am",5.5100521,90.8414,3.648548
"310","9am",9.5435685,86.8603,3.5961272
"401","9am",5.7377049,90.98361,3.2786885
"402","9am",7.6388889,88.61111,3.75
"403","9am",8.9931153,87.17728,3.8296041
"404","9am",12.1265378,83.74341,4.1300527
"405","9am",9.6590909,84.23295,6.1079545
"406","9am",14.3075746,81.59908,4.0933435
"407","9am",16.4424514,79.82063,3.7369208
"408","9am",6.1728395,88.64198,5.1851852
"501","9am",0.3484321,95.47038,4.1811847
"502","9am",3.7900875,83.96501,12.244898
"511","9am",4.8998946,87.24974,7.8503688
"521","9am",3.2,91.6,5.2
"522","9am",3.649635,89.41606,6.9343066
"523","9am",6.6666667,88.57143,4.7619048
"524","9am",6.8230277,88.0597,5.1172708
"525","9am",1.1627907,94.18605,4.6511628
"531","9am",2.044293,91.48211,6.4735945
"532","9am",5.1118211,84.82428,10.0638978
"533","9am",3.0821918,88.81279,8.1050228
"541","9am",0,97.87234,2.1276596
"542","9am",15.3558052,78.83895,5.8052434
"543","9am",1.6393443,94.61358,3.7470726
"544","9am",3.3548387,92.12903,4.516129
"545","9am",1.2698413,94.28571,4.4444444
"546","9am",6.9133398,89.67868,3.4079844
"547","9am",5.982906,88.03419,5.982906
"551","9am",3.0640669,91.3649,5.5710306
"561","9am",2.5280899,90.44944,7.0224719
"562","9am",2.160216,92.61926,5.2205221
"563","9am",0,93.05556,6.9444444
"564","9am",4.587156,93.57798,1.8348624
"571","9am",0.308642,97.22222,2.4691358
"572","9am",3.8602941,90.625,5.5147059
"573","9am",3.817734,91.87192,4.3103448
"574","9am",4.9275362,92.75362,2.3188406
"575","9am",17.6829268,78.04878,4.2682927
"576","9am",4.5016077,90.3537,5.1446945
"601","9am",2.3178808,90.39735,7.2847682
"602","9am",5.1996986,88.24416,6.5561417
"611","9am",6.7307692,88.28125,4.9879808
"612","9am",9.4991364,84.11054,6.3903282
"621","9am",3.0927835,94.15808,2.7491409
"622","9am",9.735269,86.42186,3.8428693
"623","9am",3.4976153,91.73291,4.7694754
"624","9am",5.8823529,89.27336,4.8442907
"631","9am",3.2619776,93.27217,3.4658512
"632","9am",13.2307692,80.30769,6.4615385
"633","9am",6.9473684,90.10526,2.9473684
"641","9am",3.286385,92.01878,4.6948357
"642","9am",14.4086022,79.46237,6.1290323
"643","9am",2.1566402,92.73553,5.107832
"644","9am",8.8957055,86.50307,4.601227
"645","9am",3.5616438,88.49315,7.9452055
"651","9am",1.8442623,94.87705,3.2786885
"661","9am",7.2015466,86.56356,6.2348961
"662","9am",0,99.15254,0.8474576
"663","9am",0.6622517,96.24724,3.0905077
"671","9am",2.7522936,91.74312,5.5045872
"672","9am",4.9689441,89.13043,5.9006211
"673","9am",1.3157895,92.43421,6.25
"681","9am",2.1390374,93.40463,4.456328
"691","9am",1.0928962,93.98907,4.9180328
"101","10am",50.3895827,41.7654,7.845021
"102","10am",44.440541,40.66397,14.895486
"103","10am",24.6086412,61.36506,14.026299
"104","10am",26.0692464,56.14392,17.78683
"105","10am",41.1241319,48.13368,10.742188
"106","10am",26.6228748,41.22875,32.148377
"107","10am",29.5784381,47.5812,22.840359
"108","10am",26.0356581,64.05349,9.910855
"109","10am",24.9188312,61.93182,13.149351
"110","10am",23.4870927,59.11976,17.393144
"111","10am",31.8483412,50.80569,17.345972
"112","10am",20.3389831,68.15614,11.504879
"113","10am",12.9096326,77.25919,9.831182
"114","10am",13.4920635,81.51927,4.988662
"115","10am",9.0196078,84.70588,6.27451
"116","10am",13.926499,80.91554,5.157963
"117","10am",18.5299568,71.46387,10.006177
"118","10am",22.5149701,65.86826,11.616766
"119","10am",19.0455901,76.84278,4.111632
"120","10am",19.5714286,73.42857,7
"121","10am",33.4346505,46.80851,19.756839
"122","10am",29.1612903,55.87097,14.967742
"123","10am",21.5189873,68.35443,10.126582
"124","10am",20,71.26214,8.737864
"125","10am",15.0793651,76.19048,8.730159
"126","10am",12.9411765,74.11765,12.941176
"127","10am",20.0833912,63.93329,15.983322
"128","10am",18.8558085,73.49679,7.647402
"129","10am",12.716263,78.71972,8.564014
"130","10am",10.1080247,86.95988,2.932099
"131","10am",9.7114708,87.40324,2.885292
"132","10am",10.7541899,85.47486,3.77095
"133","10am",6.5789474,84.21053,9.210526
"134","10am",10.7638889,82.29167,6.944444
"135","10am",16.8,77.6,5.6
"136","10am",11.6359447,83.87097,4.493088
"137","10am",6.3197026,90.89219,2.788104
"138","10am",12.2093023,83.43023,4.360465
"139","10am",5.0761421,88.32487,6.598985
"140","10am",27.0642202,69.26606,3.669725
"141","10am",14.7727273,77.27273,7.954545
"301","10am",17.7824268,70.60669,11.610879
"302","10am",15.4129406,78.11678,6.470279
"303","10am",15.4738878,77.56286,6.96325
"304","10am",26.5993266,65.15152,8.249158
"305","10am",14.4444444,73.33333,12.222222
"306","10am",10.0182149,82.33151,7.650273
"307","10am",10.5355064,83.70198,5.762515
"308","10am",6.4705882,88.94118,4.588235
"309","10am",5.3333333,91.33333,3.333333
"310","10am",9.0792839,87.46803,3.452685
"401","10am",6.006006,90.69069,3.303303
"402","10am",6.9387755,89.2517,3.809524
"403","10am",8.9020772,87.45231,3.645613
"404","10am",12.4423963,83.5023,4.0553
"405","10am",8.9802131,84.93151,6.08828
"406","10am",14.1141141,81.86937,4.016517
"407","10am",16.7692308,80,3.230769
"408","10am",4.4619423,90.02625,5.511811
"501","10am",0.3703704,95.18519,4.444444
"502","10am",3.8922156,82.63473,13.473054
"511","10am",4.6833422,87.44013,7.87653
"521","10am",2.970297,91.88119,5.148515
"522","10am",2.811245,88.75502,8.433735
"523","10am",6.5495208,89.29712,4.153355
"524","10am",7.826087,86.95652,5.217391
"525","10am",0,95.12195,4.878049
"531","10am",1.9298246,91.40351,6.666667
"532","10am",4.9751244,85.07463,9.950249
"533","10am",2.8506271,88.93957,8.209806
"541","10am",0,97.84946,2.150538
"542","10am",15.3564899,79.15905,5.484461
"543","10am",1.2376238,95.29703,3.465347
"544","10am",3.1620553,92.22661,4.611331
"545","10am",1.0380623,94.11765,4.844291
"546","10am",6.7567568,89.67181,3.571429
"547","10am",6.0344828,88.7931,5.172414
"551","10am",3.125,90.90909,5.965909
"561","10am",2.6239067,89.79592,7.580175
"562","10am",2.2530329,92.37435,5.372617
"563","10am",1.4705882,91.17647,7.352941
"564","10am",4.7619048,93.33333,1.904762
"571","10am",0.3225806,97.41935,2.258065
"572","10am",4.1745731,89.56357,6.26186
"573","10am",3.7758831,91.71742,4.506699
"574","10am",4.9230769,92.61538,2.461538
"575","10am",18.8311688,77.27273,3.896104
"576","10am",4.8109966,89.69072,5.498282
"601","10am",2.7681661,89.27336,7.958478
"602","10am",5.1569507,88.26607,6.576981
"611","10am",6.6135946,88.42621,4.960196
"612","10am",10.1398601,83.21678,6.643357
"621","10am",2.8862479,94.05772,3.056027
"622","10am",9.4435076,87.01518,3.541315
"623","10am",3.8034865,91.28368,4.912837
"624","10am",5.2631579,90.17544,4.561404
"631","10am",3.0051813,93.36788,3.626943
"632","10am",13.5220126,79.24528,7.232704
"633","10am",8.0508475,88.98305,2.966102
"641","10am",2.8963415,92.68293,4.420732
"642","10am",15.1287554,79.18455,5.686695
"643","10am",2.1403092,92.1522,5.707491
"644","10am",9.186747,86.14458,4.668675
"645","10am",3.7037037,88.03419,8.262108
"651","10am",1.9668737,94.51346,3.519669
"661","10am",6.8659505,87.15553,5.978515
"662","10am",0,99.08676,0.913242
"663","10am",0.7334963,95.84352,3.422983
"671","10am",3.646833,90.21113,6.142035
"672","10am",5.2287582,88.23529,6.535948
"673","10am",1.3114754,92.13115,6.557377
"681","10am",2.2099448,93.37017,4.41989
"691","10am",1.29683,93.37176,5.331412
"101","11am",50.7178527,41.20891,8.0732418
"102","11am",44.9383574,39.97222,15.0894252
"103","11am",24.7765006,60.15326,15.0702427
"104","11am",26.0572988,56.27558,17.6671214
"105","11am",41.3989071,47.3224,11.2786885
"106","11am",26.8650947,41.20603,31.9288751
"107","11am",28.708134,48.49624,22.7956254
"108","11am",26.0226973,63.63157,10.3457377
"109","11am",24.669967,61.46865,13.8613861
"110","11am",23.2409382,58.55011,18.2089552
"111","11am",31.870229,50.62023,17.509542
"112","11am",20.4207286,68.39405,11.1852232
"113","11am",12.5754527,77.7666,9.6579477
"114","11am",12.6857143,82.17143,5.1428571
"115","11am",10.15625,84.375,5.46875
"116","11am",13.9608339,80.85913,5.1800379
"117","11am",18.1141439,71.33995,10.5459057
"118","11am",22.8554289,65.26695,11.8776245
"119","11am",19.2447194,76.50949,4.2457862
"120","11am",20.0854701,72.64957,7.2649573
"121","11am",33.3333333,46.54378,20.1228879
"122","11am",29.2307692,56.15385,14.6153846
"123","11am",20.5479452,71.23288,8.2191781
"124","11am",19.4331984,71.65992,8.9068826
"125","11am",15.4411765,73.52941,11.0294118
"126","11am",15.8536585,69.5122,14.6341463
"127","11am",20.1668985,63.63004,16.2030598
"128","11am",18.9576174,73.02405,8.0183276
"129","11am",12.2519413,78.86109,8.8869715
"130","11am",9.8559515,87.41471,2.7293404
"131","11am",9.6418733,87.25895,3.0991736
"132","11am",10.466761,85.28996,4.2432815
"133","11am",4.6153846,84.61538,10.7692308
"134","11am",10.8391608,81.46853,7.6923077
"135","11am",17.1875,76.5625,6.25
"136","11am",10.982659,84.50867,4.5086705
"137","11am",6.6793893,90.07634,3.2442748
"138","11am",12.5,83.03571,4.4642857
"139","11am",5.2083333,88.02083,6.7708333
"140","11am",26.3392857,69.19643,4.4642857
"141","11am",14.6067416,77.52809,7.8651685
"301","11am",17.2995781,70.88608,11.814346
"302","11am",15.1356994,78.13152,6.7327766
"303","11am",15.6862745,77.2549,7.0588235
"304","11am",26.2103506,65.60935,8.1803005
"305","11am",15.9090909,71.59091,12.5
"306","11am",9.9082569,81.2844,8.8073394
"307","11am",10.803004,83.47776,5.7192374
"308","11am",6.101104,89.07612,4.8227775
"309","11am",5.4612546,90.84871,3.6900369
"310","11am",9.068323,87.45342,3.4782609
"401","11am",6.4705882,90,3.5294118
"402","11am",6.7294751,88.69448,4.5760431
"403","11am",8.7972801,87.63281,3.5699108
"404","11am",12.7840909,82.67045,4.5454545
"405","11am",8.8989442,84.1629,6.9381599
"406","11am",14.1838649,81.57598,4.2401501
"407","11am",16.6405024,79.43485,3.9246468
"408","11am",3.8961039,90.38961,5.7142857
"501","11am",0,95.9854,4.0145985
"502","11am",4.2944785,81.28834,14.4171779
"511","11am",4.7542735,86.91239,8.3333333
"521","11am",2.8225806,91.93548,5.2419355
"522","11am",2.0325203,89.43089,8.5365854
"523","11am",6.3517915,88.59935,5.0488599
"524","11am",8.137045,86.08137,5.7815846
"525","11am",0,94.93671,5.0632911
"531","11am",1.5706806,90.92496,7.504363
"532","11am",5.3156146,84.21927,10.4651163
"533","11am",2.8344671,88.322,8.8435374
"541","11am",0,96.73913,3.2608696
"542","11am",15.5430712,78.65169,5.8052434
"543","11am",1.7283951,94.81481,3.4567901
"544","11am",3.0625832,92.14381,4.7936085
"545","11am",1.3793103,93.7931,4.8275862
"546","11am",6.903164,89.26174,3.8350911
"547","11am",4.7619048,90.47619,4.7619048
"551","11am",3.8888889,90.55556,5.5555556
"561","11am",2.3460411,88.8563,8.797654
"562","11am",2.2510823,92.46753,5.2813853
"563","11am",1.4925373,91.04478,7.4626866
"564","11am",3.8834951,94.17476,1.9417476
"571","11am",0.3164557,97.46835,2.2151899
"572","11am",4.1420118,89.54635,6.3116371
"573","11am",4.0572792,90.81146,5.1312649
"574","11am",5.2147239,92.63804,2.1472393
"575","11am",18.3544304,77.8481,3.7974684
"576","11am",5.4794521,88.35616,6.1643836
"601","11am",3.0405405,89.18919,7.7702703
"602","11am",5.2036199,88.23529,6.561086
"611","11am",6.3868613,88.74696,4.86618
"612","11am",10.516934,83.06595,6.4171123
"621","11am",3.0560272,93.20883,3.7351443
"622","11am",9.5115681,86.46101,4.0274207
"623","11am",4.1795666,90.86687,4.9535604
"624","11am",5.0675676,90.2027,4.7297297
"631","11am",3.2291667,92.91667,3.8541667
"632","11am",14.7435897,77.5641,7.6923077
"633","11am",8.0745342,89.23395,2.6915114
"641","11am",2.9761905,92.55952,4.4642857
"642","11am",15.2452026,78.99787,5.7569296
"643","11am",2.8335301,91.61747,5.5489965
"644","11am",9.21875,85.9375,4.84375
"645","11am",3.8011696,87.1345,9.0643275
"651","11am",1.8126888,94.05841,4.1289023
"661","11am",6.6509434,87.40566,5.9433962
"662","11am",0,99.09091,0.9090909
"663","11am",0.7159905,95.94272,3.3412888
"671","11am",3.7037037,90.05848,6.2378168
"672","11am",5.0632911,88.92405,6.0126582
"673","11am",1.6286645,91.53094,6.8403909
"681","11am",2.2018349,93.57798,4.2201835
"691","11am",1.5492958,93.23944,5.2112676
"101","12am",50.7268951,40.61267,8.6604361
"102","12am",45.0643031,39.69413,15.2415711
"103","12am",24.2310107,60.1381,15.6308851
"104","12am",24.7638327,56.2753,18.9608637
"105","12am",41.3823272,46.69729,11.920385
"106","12am",25.9131103,40.44598,33.6409073
"107","12am",28.2512733,47.40238,24.3463497
"108","12am",25.9984131,63.0521,10.9494843
"109","12am",25.1423922,60.04882,14.8087876
"110","12am",22.7693603,57.65993,19.5707071
"111","12am",31.7199248,50.46992,17.8101504
"112","12am",19.5542047,68.64235,11.8034448
"113","12am",11.7878193,78.58546,9.6267191
"114","12am",12.5,81.94444,5.5555556
"115","12am",10.546875,83.98438,5.46875
"116","12am",13.9886578,81.15942,4.8519219
"117","12am",17.2862454,71.87113,10.842627
"118","12am",23.7187128,64.00477,12.2765197
"119","12am",19.1670208,76.45559,4.3773906
"120","12am",21.2553495,71.32668,7.4179743
"121","12am",33.8905775,45.89666,20.212766
"122","12am",30.3501946,53.6965,15.9533074
"123","12am",17.3333333,77.33333,5.3333333
"124","12am",18.0873181,73.38877,8.5239085
"125","12am",17.1232877,69.17808,13.6986301
"126","12am",16.4705882,69.41176,14.1176471
"127","12am",20.5862304,62.98569,16.4280845
"128","12am",19.6499153,71.93676,8.4133258
"129","12am",12.0629371,78.67133,9.2657343
"130","12am",9.375,87.72866,2.8963415
"131","12am",10.3544128,86.37943,3.2661571
"132","12am",9.8765432,86.00823,4.1152263
"133","12am",7.6923077,80,12.3076923
"134","12am",11.589404,80.7947,7.615894
"135","12am",19.6850394,74.80315,5.511811
"136","12am",11.3557358,84.24102,4.4032445
"137","12am",7.4003795,88.99431,3.6053131
"138","12am",11.6618076,83.09038,5.2478134
"139","12am",5.4347826,88.58696,5.9782609
"140","12am",25,69.24779,5.7522124
"141","12am",14.2857143,80.21978,5.4945055
"301","12am",17.0168067,70.37815,12.605042
"302","12am",15.3204794,77.5925,7.0870245
"303","12am",14.9700599,77.84431,7.1856287
"304","12am",25.3706755,66.39209,8.2372323
"305","12am",12.3595506,76.40449,11.2359551
"306","12am",10.3636364,80.90909,8.7272727
"307","12am",11.2054329,82.85229,5.942275
"308","12am",6.0693642,89.01734,4.9132948
"309","12am",5.7437408,90.64801,3.6082474
"310","12am",9.5838588,86.63304,3.7831021
"401","12am",6.7647059,89.41176,3.8235294
"402","12am",7.5167785,87.91946,4.5637584
"403","12am",8.7959009,87.31853,3.8855679
"404","12am",11.9815668,83.31797,4.7004608
"405","12am",8.6890244,84.7561,6.554878
"406","12am",14.4911086,81.04427,4.4646235
"407","12am",16.2162162,79.87988,3.9039039
"408","12am",4.4041451,89.37824,6.2176166
"501","12am",0,95.94096,4.0590406
"502","12am",4.587156,79.81651,15.5963303
"511","12am",5.0105485,86.60338,8.3860759
"521","12am",2.3575639,92.53438,5.108055
"522","12am",2.34375,89.0625,8.59375
"523","12am",6.9805195,87.5,5.5194805
"524","12am",8.8477366,85.80247,5.3497942
"525","12am",0,96.2963,3.7037037
"531","12am",2.2298456,89.7084,8.0617496
"532","12am",4.7854785,85.14851,10.0660066
"533","12am",2.9478458,87.7551,9.2970522
"541","12am",0,96.55172,3.4482759
"542","12am",15.4826958,77.77778,6.7395264
"543","12am",1.5384615,93.84615,4.6153846
"544","12am",3.5667107,91.41347,5.0198151
"545","12am",1.0067114,94.2953,4.6979866
"546","12am",6.9066148,89.10506,3.9883268
"547","12am",5.6,89.6,4.8
"551","12am",3.2786885,91.53005,5.1912568
"561","12am",2.6627219,87.86982,9.4674556
"562","12am",2.179599,92.58936,5.2310375
