"district","hour","occ1","occ2","occ3","occ4","occ5"
"101","4am",55.05913,14.191853,5.387648,21.41919,3.942181
"102","4am",51.78275,11.484245,5.182421,28.10945,3.441128
"103","4am",54.05105,10.913799,5.956345,25.97114,3.107658
"104","4am",51.82511,15.643803,5.37505,23.7866,3.369434
"105","4am",47.66543,18.762532,4.84102,24.89258,3.838442
"106","4am",61.06222,13.23217,4.855842,17.93627,2.913505
"107","4am",57.8626,12.977099,6.10687,18.80044,4.252999
"108","4am",50.05457,15.127701,4.758786,26.65357,3.40537
"109","4am",48.61763,15.232134,7.511737,23.05686,5.581638
"110","4am",55.55243,11.526567,5.229126,23.92466,3.76722
"111","4am",58.16619,10.069587,7.24519,20.46664,4.052395
"112","4am",50.7793,10.785536,4.738155,30.33042,3.366584
"113","4am",53.6435,11.491031,3.475336,28.08296,3.307175
"114","4am",55.66239,11.217949,4.220085,25.37393,3.525641
"115","4am",55.25114,11.415525,4.56621,25.57078,3.196347
"116","4am",46.66667,12.211838,4.361371,34.01869,2.741433
"117","4am",44.05321,14.201878,5.633803,29.9687,6.14241
"118","4am",42.73814,11.734879,7.859471,32.6331,5.034408
"119","4am",49.88949,13.956426,4.452163,27.69182,4.010104
"120","4am",51.35135,18.80141,4.112808,23.03173,2.702703
"121","4am",49.86559,15.994624,3.629032,28.0914,2.419355
"122","4am",46.0251,14.086471,4.88145,32.0781,2.92887
"123","4am",50.23474,18.309859,5.633803,19.71831,6.103286
"124","4am",41.38577,12.827715,4.307116,37.73408,3.745318
"125","4am",54.62555,15.859031,5.286344,21.14537,3.0837
"126","4am",56.77083,12.5,7.8125,17.1875,5.729167
"127","4am",52.77108,11.606426,5.863454,26.54618,3.212851
"128","4am",50.6015,10.789474,4.022556,31.50376,3.082707
"129","4am",53.84615,11.908284,4.43787,27.07101,2.736686
"130","4am",58.31663,11.122244,3.907816,24.2485,2.40481
"131","4am",54.42922,12.968037,3.744292,26.39269,2.465753
"132","4am",48.95503,14.819506,4.68651,27.73908,3.799873
"133","4am",53.84615,9.401709,3.418803,31.19658,2.136752
"134","4am",59.76471,18.235294,2.823529,16.82353,2.352941
"135","4am",48.82353,10,9.411765,30,1.764706
"136","4am",50.37071,15.10658,4.309546,25.71826,4.494903
"137","4am",54.03141,17.696335,3.036649,20.94241,4.293194
"138","4am",51.3253,16.26506,3.614458,24.93976,3.855422
"139","4am",48.20717,17.131474,1.195219,27.88845,5.577689
"140","4am",55.45024,18.957346,3.791469,18.95735,2.843602
"141","4am",41.02564,10.25641,4.273504,41.88034,2.564103
"301","4am",46.43917,11.127596,5.04451,33.75371,3.635015
"302","4am",53.22333,12.931696,3.108212,28.74137,1.995395
"303","4am",46.4986,10.550887,4.295051,36.13445,2.521008
"304","4am",49.80645,13.419355,2.580645,31.74194,2.451613
"305","4am",53.29949,7.614213,5.076142,29.94924,4.060914
"306","4am",54.48954,12.423124,4.551046,25.46125,3.075031
"307","4am",55.83774,12.733686,3.809524,24.97354,2.645503
"308","4am",50.87209,12.681686,2.761628,30.41424,3.270349
"309","4am",52.64271,11.698379,2.184637,32.20578,1.268499
"310","4am",52.96857,13.154831,2.793946,28.87078,2.211874
"401","4am",53.27511,14.41048,4.912664,23.58079,3.820961
"402","4am",58.75,13.303571,3.571429,21.16071,3.214286
"403","4am",45.3252,11.754743,4.573171,34.6206,3.726287
"404","4am",56.6055,15.366972,3.256881,21.92661,2.844037
"405","4am",53.62947,14.572048,3.358613,25.83965,2.600217
"406","4am",48.18182,12.342657,4.195804,32.76224,2.517483
"407","4am",48.64865,11.567568,2.810811,34.91892,2.054054
"408","4am",58.71743,14.629259,3.507014,19.93988,3.206413
"501","4am",53.4413,7.82726,3.778677,30.49933,4.453441
"502","4am",58.06011,9.836066,5.054645,23.63388,3.415301
"511","4am",53.56473,9.724828,4.252658,29.51845,2.939337
"521","4am",62.98587,12.279152,3.091873,18.90459,2.738516
"522","4am",64.90385,12.740385,1.923077,16.94712,3.485577
"523","4am",56.53965,9.062822,3.810505,26.98249,3.604531
"524","4am",54.95868,10.330579,2.582645,29.44215,2.68595
"525","4am",53.18352,6.741573,3.370787,34.0824,2.621723
"531","4am",60.19712,14.253222,3.260045,19.93935,2.350265
"532","4am",56.57673,13.06914,2.445194,25.29511,2.613828
"533","4am",42.83636,6.909091,4.872727,40.94545,4.436364
"541","4am",62,8.8,4.4,22.4,2.4
"542","4am",59.29204,11.25158,3.91909,22.62958,2.907712
"543","4am",56.75676,12.530713,2.088452,26.65848,1.965602
"544","4am",60.21635,14.783654,2.283654,19.89183,2.824519
"545","4am",60.24691,9.506173,3.333333,24.81481,2.098765
"546","4am",52.14198,11.933905,4.161567,28.39657,3.365973
"547","4am",42.04082,12.244898,7.346939,34.28571,4.081633
"551","4am",58.34411,7.373868,4.139715,26.39069,3.751617
"561","4am",48.47222,7.5,4.027778,35.69444,4.305556
"562","4am",44.20485,8.557951,4.447439,39.89218,2.897574
"563","4am",58.55856,10.36036,4.054054,24.32432,2.702703
"564","4am",62.38095,9.047619,4.285714,21.90476,2.380952
"571","4am",63.01189,10.171731,3.963012,21.26816,1.585205
"572","4am",55.33439,12.420382,2.388535,26.83121,3.025478
"573","4am",63.50245,10.392799,2.618658,21.2766,2.209493
"574","4am",62.83084,13.003452,3.567319,17.26122,3.337169
"575","4am",51.19048,6.746032,8.333333,29.7619,3.968254
"576","4am",57.28022,9.752747,3.846154,26.37363,2.747253
"601","4am",51.16883,11.168831,3.636364,29.87013,4.155844
"602","4am",48.61187,7.947741,4.681546,35.00272,3.756124
"611","4am",52.64995,12.218343,3.586163,29.16534,2.380197
"612","4am",57.34733,11.354962,4.198473,23.28244,3.816794
"621","4am",60.29412,12.941176,2.647059,20.4902,3.627451
"622","4am",59.68468,11.599099,3.997748,21.90315,2.815315
"623","4am",58.30904,9.620991,5.029155,23.97959,3.061224
"624","4am",64.36234,13.110846,4.76758,13.11085,4.648391
"631","4am",55.41856,11.161583,4.347826,26.6061,2.465931
"632","4am",60.37975,13.291139,3.544304,19.36709,3.417722
"633","4am",65.3719,9.504132,3.801653,17.85124,3.471074
"641","4am",59.42029,15.273133,3.010033,19.17503,3.121516
"642","4am",51.39721,10.179641,3.692615,31.83633,2.894212
"643","4am",58.92236,15.121669,4.113557,18.48204,3.360371
"644","4am",55.20926,13.891362,2.315227,25.82369,2.760463
"645","4am",55.98027,11.960543,5.055487,20.59186,6.411837
"651","4am",63.32652,12.815269,2.726653,17.24608,3.885481
"661","4am",48.66639,9.109561,4.718917,34.01723,3.487895
"662","4am",58.34428,10.906702,7.227332,18.39685,5.124836
"663","4am",55.73333,9.6,4.8,26.31111,3.555556
"671","4am",51.67621,7.767784,6.623058,28.78168,5.151267
"672","4am",54.44288,7.19323,3.949224,30.46544,3.949224
"673","4am",42.05882,7.205882,3.970588,41.91176,4.852941
"681","4am",43.44978,6.768559,6.659389,38.31878,4.803493
"691","4am",42.39766,5.774854,3.654971,44.95614,3.216374
"101","5am",66.76004,10.92437,3.921569,15.5929,2.80112
"102","5am",54.46082,11.016292,4.926299,26.33825,3.25834
"103","5am",53.50581,11.098613,5.961755,26.28421,3.149606
"104","5am",52.13063,15.61131,5.336519,23.57626,3.345281
"105","5am",48.23993,18.670797,4.759223,24.58462,3.745424
"106","5am",61.14476,13.204119,4.845548,17.89824,2.907329
"107","5am",57.7437,13.033954,6.11172,18.83899,4.271632
"108","5am",49.9891,15.232077,4.75049,26.6289,3.399433
"109","5am",48.09725,15.327696,7.610994,23.30867,5.655391
"110","5am",55.23107,11.511199,5.273604,24.18486,3.799263
"111","5am",58.7737,9.963695,7.139976,20.12908,3.993546
"112","5am",50.23652,10.911384,4.793441,30.65279,3.405866
"113","5am",52.28986,11.710145,3.594203,28.98551,3.42029
"114","5am",55.04338,11.388286,4.284165,25.70499,3.579176
"115","5am",60,10.204082,4.081633,22.85714,2.857143
"116","5am",47.95856,11.882998,4.204753,33.33333,2.620353
"117","5am",43.5401,14.342157,5.689451,30.26472,6.163572
"118","5am",42.02952,11.771218,7.97048,33.09963,5.129151
"119","5am",54.70788,12.705615,4.055587,24.95746,3.573454
"120","5am",53.16742,18.099548,3.959276,22.17195,2.60181
"121","5am",50.06693,15.930388,3.614458,27.97858,2.409639
"122","5am",46.7033,14.010989,4.807692,31.59341,2.884615
"123","5am",49.76303,18.483412,5.687204,19.90521,6.161137
"124","5am",41.79104,12.686567,4.197761,37.59328,3.731343
"125","5am",54.86726,15.486726,5.309735,21.23894,3.097345
"126","5am",56.5445,12.565445,7.853403,17.27749,5.759162
"127","5am",52.31707,11.747967,5.853659,26.82927,3.252033
"128","5am",50.09509,10.878661,4.069989,31.8372,3.119057
"129","5am",54.23977,11.842105,4.459064,26.75439,2.704678
"130","5am",62.25045,9.981851,3.53902,22.05082,2.177858
"131","5am",56.36998,12.478185,3.577661,25.21815,2.356021
"132","5am",48.66242,14.904459,4.713376,27.89809,3.821656
"133","5am",53.94737,9.210526,3.508772,31.14035,2.192982
"134","5am",58.65385,18.629808,2.884615,17.42788,2.403846
"135","5am",45.96273,10.559006,9.937888,31.67702,1.863354
"136","5am",49.52696,15.326395,4.399243,26.15894,4.588458
"137","5am",53.68421,17.894737,3.052632,21.05263,4.315789
"138","5am",51.15431,16.281896,3.6452,25.15188,3.766707
"139","5am",50.19157,16.475096,1.149425,26.81992,5.363985
"140","5am",57.07763,18.26484,3.652968,18.26484,2.739726
"141","5am",40.51724,10.344828,4.310345,42.24138,2.586207
"301","5am",45.59156,11.228335,5.124341,34.36323,3.69254
"302","5am",52.55162,13.167121,3.116478,29.13907,2.025711
"303","5am",45.04331,10.779596,4.427334,37.15111,2.598653
"304","5am",48.88889,13.594771,2.745098,32.28758,2.48366
"305","5am",52.57732,7.731959,5.154639,30.41237,4.123711
"306","5am",53.6829,12.609238,4.619226,25.96754,3.121099
"307","5am",54.37569,13.218601,3.917979,25.74149,2.746247
"308","5am",50.11078,12.88774,2.806499,30.87149,3.323486
"309","5am",53.77229,11.522634,2.194787,31.27572,1.234568
"310","5am",52.1327,13.388626,2.843602,29.38389,2.251185
"401","5am",50.98266,14.913295,5.202312,24.85549,4.046243
"402","5am",58.62377,13.226095,3.663986,21.26899,3.217158
"403","5am",45.42373,11.661017,4.542373,34.61017,3.762712
"404","5am",55.06901,15.944788,3.379343,22.65588,2.950976
"405","5am",52.25878,14.947016,3.457892,26.65923,2.677078
"406","5am",48.27346,12.347401,4.18556,32.68225,2.511336
"407","5am",47.63476,11.771177,2.860286,35.64356,2.090209
"408","5am",57.37874,14.96388,3.611971,20.74303,3.302374
"501","5am",51,8.142857,4,32.14286,4.714286
"502","5am",56.41026,10.25641,5.270655,24.64387,3.418803
"511","5am",51.86628,10.094125,4.414151,30.57449,3.050957
"521","5am",61.69429,12.799263,3.130755,19.52118,2.854512
"522","5am",63.17136,13.42711,2.046036,17.64706,3.70844
"523","5am",55.88235,9.138655,3.886555,27.41597,3.676471
"524","5am",53.80493,10.39657,2.572347,30.43944,2.78671
"525","5am",50.1992,7.171315,3.585657,36.25498,2.788845
"531","5am",58.51735,14.826498,3.391167,20.82019,2.444795
"532","5am",54.94313,13.473316,2.624672,26.24672,2.712161
"533","5am",41.69139,7.047478,4.970326,41.76558,4.525223
"541","5am",59.82906,9.401709,4.273504,23.93162,2.564103
"542","5am",58.86889,11.311054,3.984576,22.87918,2.956298
"543","5am",55.42929,12.878788,2.146465,27.52525,2.020202
"544","5am",58.27521,15.472416,2.409639,20.92581,2.916931
"545","5am",58.79332,9.884467,3.465982,25.80231,2.053915
"546","5am",50.06427,12.339332,4.37018,29.69152,3.534704
"547","5am",41.56379,12.345679,7.407407,34.5679,4.115226
"551","5am",56.85484,7.66129,4.301075,27.28495,3.897849
"561","5am",46.84814,7.73639,4.154728,36.81948,4.441261
"562","5am",43.34471,8.94198,4.43686,40.3413,2.935154
"563","5am",57.277,10.328638,4.225352,25.35211,2.816901
"564","5am",60.60606,9.090909,4.545455,23.23232,2.525253
"571","5am",61.80556,10.277778,4.166667,22.08333,1.666667
"572","5am",53.67465,12.799339,2.559868,27.82824,3.137903
"573","5am",62.56324,10.539629,2.698145,21.92243,2.27656
"574","5am",61.98347,13.22314,3.659976,17.70956,3.423849
"575","5am",49.79592,6.938776,8.571429,30.61224,4.081633
"576","5am",54.26471,10.441176,4.117647,28.23529,2.941176
"601","5am",48.63014,11.780822,3.835616,31.36986,4.383562
"602","5am",47.49164,8.138239,4.793757,35.78595,3.790412
"611","5am",50.06739,12.769542,3.773585,30.86253,2.526954
"612","5am",54.90394,11.931244,4.347826,24.7725,4.044489
"621","5am",57.68025,13.68861,2.821317,21.94357,3.866249
"622","5am",57.70821,11.990549,4.311872,23.03603,2.953337
"623","5am",55.97826,10.170807,5.279503,25.31056,3.26087
"624","5am",59.47802,14.835165,5.357143,14.97253,5.357143
"631","5am",53.12286,11.530542,4.59849,28.14001,2.608099
"632","5am",57.88043,13.994565,3.804348,20.65217,3.668478
"633","5am",62.94643,10.089286,4.017857,19.19643,3.75
"641","5am",58.89015,15.402039,3.057758,19.47905,3.171008
"642","5am",50.46154,10.564103,3.794872,32.20513,2.974359
"643","5am",57.10784,15.686275,4.289216,19.36275,3.553922
"644","5am",53.97987,14.272644,2.378774,26.53248,2.836231
"645","5am",52.74431,12.851406,5.354752,22.08835,6.961178
"651","5am",62.42127,13.156053,2.79916,17.63471,3.988803
"661","5am",47.46407,9.298394,4.818259,34.86898,3.550296
"662","5am",55.12821,11.538462,7.834758,19.94302,5.555556
"663","5am",53.56473,10.037523,5.065666,27.57974,3.752345
"671","5am",48.38428,8.296943,7.161572,30.65502,5.502183
"672","5am",52.70864,7.467057,4.099561,31.62518,4.099561
"673","5am",40.33486,7.305936,4.109589,43.22679,5.022831
"681","5am",41.99328,6.942889,6.830907,39.30571,4.927212
"691","5am",41.47982,5.68012,3.736921,45.81465,3.28849
"101","6am",78.96696,9.167054,2.047464,8.375989,1.442531
"102","6am",58.88444,11.255845,4.342017,22.712091,2.805611
"103","6am",52.95019,10.766284,6.130268,26.97318,3.180077
"104","6am",51.70178,15.680713,5.388979,23.824959,3.403566
"105","6am",50.10428,18.873827,4.483837,23.070907,3.467153
"106","6am",61.32019,13.500597,4.749104,17.562724,2.867384
"107","6am",57.40946,12.974894,6.154188,19.129082,4.332371
"108","6am",49.79662,16.03511,4.667095,26.161422,3.339756
"109","6am",48.67444,14.95228,7.423118,23.382821,5.567338
"110","6am",54.33659,11.774842,5.399196,24.612292,3.877082
"111","6am",59.28262,10.130075,7.016161,19.6689,3.902247
"112","6am",50.03203,10.762332,4.70852,31.101858,3.395259
"113","6am",50.15423,12.029611,3.8248,30.351635,3.639729
"114","6am",53.00642,11.091652,4.495038,27.553999,3.85289
"115","6am",64.13043,9.057971,3.623188,20.652174,2.536232
"116","6am",49.76581,11.47541,4.098361,32.142857,2.517564
"117","6am",43.89756,13.605442,5.762305,30.532213,6.202481
"118","6am",40.68702,11.717557,8.206107,34.122137,5.267176
"119","6am",59.48806,12.133891,3.519567,21.708097,3.150381
"120","6am",54.74138,17.780172,3.771552,21.228448,2.478448
"121","6am",50,16.623037,3.534031,27.486911,2.356021
"122","6am",49.16986,13.920817,4.469987,29.62963,2.809706
"123","6am",48.52941,19.117647,5.882353,20.588235,5.882353
"124","6am",41.94156,12.535344,4.241282,37.606032,3.675778
"125","6am",54.05405,15.765766,5.405405,21.621622,3.153153
"126","6am",56.90608,11.049724,8.287293,17.679558,6.077348
"127","6am",52.00828,11.677019,5.879917,27.122153,3.312629
"128","6am",48.77384,11.483067,4.165045,32.347217,3.230829
"129","6am",55.9691,11.587079,4.283708,25.561798,2.598315
"130","6am",67.06444,8.432776,3.023071,19.331742,2.147971
"131","6am",59.69055,11.237785,3.338762,23.534202,2.198697
"132","6am",46.44323,14.774282,5.06156,29.616963,4.103967
"133","6am",50.47619,10,3.809524,33.333333,2.380952
"134","6am",56.2586,18.29436,3.026135,19.807428,2.61348
"135","6am",41.0596,12.582781,10.596026,33.774834,1.986755
"136","6am",46.43979,14.973822,4.816754,28.691099,5.078534
"137","6am",53.25248,17.199559,3.307607,21.940463,4.29989
"138","6am",49.14586,15.505913,3.942181,27.201051,4.204993
"139","6am",49.6124,16.666667,1.162791,27.131783,5.426357
"140","6am",59.25926,18.518519,3.292181,16.460905,2.469136
"141","6am",41.59292,8.849558,3.539823,43.362832,2.654867
"301","6am",44.3662,11.189358,5.242567,35.446009,3.755869
"302","6am",51.80341,13.39675,3.170828,29.60761,2.021403
"303","6am",41.40787,10.766046,4.865424,40.062112,2.898551
"304","6am",47.07447,14.62766,2.659574,33.111702,2.526596
"305","6am",49.17127,8.287293,5.524862,32.596685,4.41989
"306","6am",51.39442,13.14741,4.515272,27.622842,3.320053
"307","6am",51.96819,13.121272,4.254473,27.673956,2.982107
"308","6am",48.35035,12.529458,2.945797,32.678712,3.495679
"309","6am",55.64356,10.957096,2.112211,30.09901,1.188119
"310","6am",52.64423,12.139423,2.884615,30.048077,2.283654
"401","6am",46.72775,14.790576,5.890052,28.010471,4.581152
"402","6am",58.76384,12.177122,3.782288,21.95572,3.321033
"403","6am",45.12874,11.029923,4.558107,35.421016,3.862213
"404","6am",52.81018,15.005302,3.817603,25.132556,3.234358
"405","6am",48.44839,14.692844,3.863205,30.018999,2.976567
"406","6am",48.45467,12.671703,4.086538,32.28022,2.506868
"407","6am",45.74944,12.975391,2.908277,36.241611,2.12528
"408","6am",55.72254,13.757225,4.046243,22.890173,3.583815
"501","6am",47.73083,7.668232,4.225352,35.211268,5.164319
"502","6am",53.86997,10.216718,5.572755,26.470588,3.869969
"511","6am",49.56882,10.106933,4.656778,32.424974,3.242497
"521","6am",59.57895,11.263158,3.473684,22.421053,3.263158
"522","6am",58.65672,14.179104,2.238806,20.597015,4.328358
"523","6am",53.41686,8.883827,4.100228,29.612756,3.986333
"524","6am",51.27021,10.046189,2.771363,32.909931,3.002309
"525","6am",44.59459,7.657658,4.054054,40.540541,3.153153
"531","6am",54.82696,14.663024,3.825137,23.861566,2.823315
"532","6am",53.01318,13.370998,2.824859,27.87194,2.919021
"533","6am",39.86175,7.296467,5.145929,43.010753,4.6851
"541","6am",57.07317,8.780488,3.902439,27.317073,2.926829
"542","6am",56.65722,10.623229,4.249292,25.212465,3.25779
"543","6am",53.8874,12.33244,2.412869,29.22252,2.144772
"544","6am",54.95367,15.894512,2.708482,23.235923,3.207413
"545","6am",55.57185,9.090909,3.958944,29.032258,2.346041
"546","6am",47.18945,12.074948,4.649549,32.269257,3.816794
"547","6am",41.77215,11.392405,7.594937,35.021097,4.219409
"551","6am",53.56083,7.566766,4.747774,29.821958,4.302671
"561","6am",43.05772,7.800312,4.368175,39.937598,4.836193
"562","6am",42.877,8.825573,4.447533,40.86171,2.988186
"563","6am",51.36612,12.021858,4.371585,28.961749,3.278689
"564","6am",59.89305,8.02139,4.812834,24.59893,2.673797
"571","6am",57.79528,10.551181,4.724409,25.03937,1.889764
"572","6am",49.15888,12.897196,2.897196,31.495327,3.551402
"573","6am",60.6373,10.309278,2.905342,23.617619,2.530459
"574","6am",59.49535,12.749004,4.249668,19.654714,3.851262
"575","6am",45.6621,6.849315,9.13242,33.789954,4.56621
"576","6am",51.1254,10.289389,4.501608,30.868167,3.215434
"601","6am",45.68082,12.005857,4.099561,33.528551,4.685212
"602","6am",46.8073,8.323831,4.903079,36.202965,3.762828
"611","6am",46.47303,12.334968,4.149378,34.251226,2.791399
"612","6am",53.08108,12,4.540541,26.27027,4.108108
"621","6am",56.01852,13.078704,3.125,23.726852,4.050926
"622","6am",55.07886,12.429022,4.479495,24.921136,3.091483
"623","6am",52.57092,9.397163,5.851064,28.546099,3.634752
"624","6am",56.16883,13.636364,6.168831,17.694805,6.331169
"631","6am",51.99409,10.413589,4.948301,29.911374,2.732644
"632","6am",53.81026,13.530327,4.510109,23.950233,4.199067
"633","6am",58.13221,10.807975,4.512067,22.560336,3.987408
"641","6am",57.67386,15.227818,3.117506,20.623501,3.357314
"642","6am",48.67725,11.216931,3.915344,33.121693,3.068783
"643","6am",55.6585,15.287889,4.566512,20.648577,3.838518
"644","6am",50.75529,14.70292,2.517623,28.902316,3.121853
"645","6am",49.33921,13.069016,5.726872,24.229075,7.63583
"651","6am",63.39223,12.084806,2.897527,17.597173,4.028269
"661","6am",45.49825,9.702797,4.938811,36.232517,3.627622
"662","6am",50.8744,12.241653,8.744038,21.939587,6.200318
"663","6am",51.0574,10.070493,5.438066,29.305136,4.128902
"671","6am",45.93838,8.21662,7.469655,32.492997,5.882353
"672","6am",50.23401,7.800312,4.212168,33.385335,4.368175
"673","6am",38.70458,7.266983,4.265403,44.549763,5.21327
"681","6am",40.06928,7.04388,7.04388,40.762125,5.080831
"691","6am",39.87683,5.773672,3.849115,47.113164,3.387221
"101","7am",85.64081,8.45505,1.131454,4.01152,0.7611603
"102","7am",63.12516,14.307042,3.383926,17.16845,2.0154267
"103","7am",51.15401,9.148133,6.714226,29.29081,3.6928242
"104","7am",49.62239,14.926699,5.686362,26.255,3.5095513
"105","7am",49.53818,22.640234,4.03244,20.63528,3.1538635
"106","7am",61.55257,12.5,5.012225,18.12347,2.8117359
"107","7am",56.56978,11.8184,6.605813,20.46601,4.5399952
"108","7am",48.19537,17.484331,4.733088,26.19408,3.3931273
"109","7am",48.70056,13.333333,7.570621,24.74576,5.6497175
"110","7am",52.01553,12.809794,5.374739,25.76889,4.031054
"111","7am",56.45858,13.034943,6.91009,19.70946,3.8869258
"112","7am",48.47849,9.618748,4.966772,33.29836,3.6376355
"113","7am",48.14064,10.885734,3.786342,33.33333,3.8539554
"114","7am",50.06676,9.479306,5.140187,31.04139,4.2723632
"115","7am",69.86301,4.794521,3.424658,19.52055,2.3972603
"116","7am",53.42625,8.304297,4.006969,31.70732,2.5551684
"117","7am",43.0622,11.396259,6.089604,32.79687,6.6550674
"118","7am",39.40228,11.639796,8.33661,35.116,5.5053087
"119","7am",63.44298,11.491228,3.157895,19.05702,2.8508772
"120","7am",55.97633,15.029586,3.905325,22.72189,2.3668639
"121","7am",48.20144,21.702638,3.23741,24.70024,2.1582734
"122","7am",51.00592,15.384615,3.786982,27.21893,2.6035503
"123","7am",47.46835,13.924051,7.594937,25.31646,5.6962025
"124","7am",37.10895,11.326861,4.638619,42.82632,4.0992449
"125","7am",52.26131,17.58794,5.527638,22.11055,2.5125628
"126","7am",52.02703,9.459459,10.135135,20.94595,7.4324324
"127","7am",49.8859,10.588772,6.252853,29.80374,3.4687357
"128","7am",46.13133,11.626934,4.516939,34.3371,3.3877039
"129","7am",55.55556,12.728551,4.149086,24.96484,2.6019691
"130","7am",70.7483,7.029478,2.87226,17.5359,1.814059
"131","7am",61.9195,9.674923,3.250774,22.83282,2.3219814
"132","7am",42.03719,13.257882,5.739693,34.519,4.4462409
"133","7am",47.09302,6.976744,4.651163,38.37209,2.9069767
"134","7am",50.25907,18.480138,3.28152,25.21589,2.7633851
"135","7am",37.2093,21.511628,9.302326,30.23256,1.744186
"136","7am",41.47381,14.494519,5.298417,33.00853,5.7247259
"137","7am",51.08005,15.501906,3.684879,24.65057,5.0825921
"138","7am",46.00639,12.939297,4.313099,32.10863,4.6325879
"139","7am",51.417,13.765182,1.214575,28.34008,5.2631579
"140","7am",53.77358,29.559748,2.201258,12.89308,1.572327
"141","7am",46.15385,6.837607,4.273504,40.17094,2.5641026
"301","7am",43.82114,10.406504,5.365854,36.50407,3.902439
"302","7am",49.53573,15.179653,3.229713,30.07671,1.9781994
"303","7am",36.83616,11.186441,5.084746,43.72881,3.1638418
"304","7am",40.41958,19.440559,2.937063,34.54545,2.6573427
"305","7am",46.54088,5.660377,6.289308,36.47799,5.0314465
"306","7am",48.51904,12.976023,4.93653,29.76023,3.8081805
"307","7am",50.45161,11.655914,4.55914,30.10753,3.2258065
"308","7am",46.44692,11.515411,3.125,35.14555,3.7671233
"309","7am",57.32026,9.803922,2.222222,29.47712,1.1764706
"310","7am",50.0609,14.129111,2.923264,30.45067,2.4360536
"401","7am",42.50765,13.608563,6.727829,31.65138,5.5045872
"402","7am",56.47841,9.080842,4.651163,25.91362,3.875969
"403","7am",45.59659,10.262784,4.43892,35.86648,3.8352273
"404","7am",49.81297,12.967581,4.301746,29.2394,3.6783042
"405","7am",42.0765,13.03669,4.683841,36.61202,3.5909446
"406","7am",48.50242,14.814815,3.864734,30.43478,2.3832528
"407","7am",41.47465,16.013825,3.225806,37.21198,2.0737327
"408","7am",52.51397,11.312849,4.748603,27.09497,4.3296089
"501","7am",44.68468,4.684685,5.045045,39.45946,6.1261261
"502","7am",49.46619,9.430605,6.405694,30.60498,4.0925267
"511","7am",47.94623,8.32711,5.041075,35.13816,3.5474235
"521","7am",55.47264,10.447761,3.9801,26.24378,3.8557214
"522","7am",53.60624,12.08577,2.339181,26.51072,5.4580897
"523","7am",50.82174,8.217446,4.171934,32.49052,4.2983565
"524","7am",47.35414,8.819539,2.985075,37.5848,3.256445
"525","7am",40,4.324324,4.324324,48.10811,3.2432432
"531","7am",50.88692,12.638581,4.21286,28.71397,3.5476718
"532","7am",51.38889,11.111111,3.205128,30.98291,3.3119658
"533","7am",38.12601,7.189015,5.169628,44.66882,4.8465267
"541","7am",52.29885,8.045977,5.747126,31.03448,2.8735632
"542","7am",52.91339,10.393701,4.566929,28.50394,3.6220472
"543","7am",51.41159,11.589896,2.526003,32.0951,2.3774146
"544","7am",51.54295,14.678899,3.169308,26.93912,3.6697248
"545","7am",52.1815,6.457243,4.712042,33.85689,2.7923211
"546","7am",46.17037,11.30995,4.867573,33.7151,3.9370079
"547","7am",40.80717,9.865471,8.520179,36.32287,4.4843049
"551","7am",49.66555,6.521739,5.685619,33.44482,4.6822742
"561","7am",39.10035,6.920415,4.67128,44.11765,5.1903114
"562","7am",42.91581,9.787817,4.449008,40.04107,2.8062971
"563","7am",48.78049,10.97561,4.878049,31.70732,3.6585366
"564","7am",57.39645,7.100592,4.733728,27.81065,2.9585799
"571","7am",53.61781,9.833024,5.380334,29.12801,2.0408163
"572","7am",44.66231,11.546841,3.376906,36.27451,4.1394336
"573","7am",59.72222,8.829365,3.075397,25.69444,2.6785714
"574","7am",57.09625,10.114192,4.893964,23.16476,4.730832
"575","7am",39.17051,12.903226,9.677419,33.64055,4.6082949
"576","7am",47.84173,9.172662,5.215827,34.35252,3.4172662
"601","7am",43.58553,10.197368,4.440789,36.84211,4.9342105
"602","7am",45.3709,9.315699,5.002875,36.57274,3.7377803
"611","7am",44.07131,10.945274,4.643449,37.47927,2.8606965
"612","7am",49.7669,13.170163,4.778555,27.97203,4.3123543
"621","7am",55.25,10.875,3.375,26.125,4.375
"622","7am",53.01361,13.804277,4.601426,25.34025,3.2404407
"623","7am",49.36087,8.259587,6.686332,31.66175,4.0314651
"624","7am",54.5098,10,6.666667,21.17647,7.6470588
"631","7am",51.74554,8.766486,5.197828,31.18697,3.1031808
"632","7am",49.24812,11.842105,5.263158,28.7594,4.887218
"633","7am",54.51264,10.22864,5.174489,25.15042,4.9338147
"641","7am",58.22785,12.911392,3.544304,22.02532,3.2911392
"642","7am",44.94603,18.253189,3.729146,30.32385,2.747792
"643","7am",53.7873,12.853864,5.126243,23.87146,4.3611324
"644","7am",48.23009,14.269912,2.876106,31.19469,3.4292035
"645","7am",45.50085,11.88455,6.621392,27.50424,8.4889643
"651","7am",63.69004,10.701107,2.878229,18.52399,4.2066421
"661","7am",45.77136,10.922227,4.844879,34.89163,3.5699108
"662","7am",45.70312,9.375,10.742188,26.75781,7.421875
"663","7am",48.18182,8.636364,6.022727,32.5,4.6590909
"671","7am",44.77318,7.39645,7.790927,33.72781,6.3116371
"672","7am",48.00693,6.239168,4.679376,36.22184,4.8526863
"673","7am",37.26496,4.957265,4.273504,47.69231,5.8119658
"681","7am",40,6.432749,7.017544,41.40351,5.1461988
"691","7am",36.96721,5.409836,4.098361,50.08197,3.442623
"101","8am",86.41325,9.308744,0.8656379,2.923096,0.4892736
"102","8am",66.04268,16.304755,2.7892175,13.272183,1.5911644
"103","8am",50.60349,8.538221,6.8395172,30.263746,3.7550291
"104","8am",47.10462,15.425791,5.8394161,27.883212,3.7469586
"105","8am",49.06225,25.359138,3.6911413,19.014366,2.8731045
"106","8am",59.92976,12.356322,5.4278416,19.12516,3.1609195
"107","8am",55.55556,11.162791,7.002584,21.498708,4.7803618
"108","8am",48.006,18.117496,4.5240137,25.943396,3.4090909
"109","8am",49.20914,12.419449,7.7328647,25.190393,5.4481547
"110","8am",49.81215,12.899186,5.7294928,27.457733,4.1014402
"111","8am",54.79876,15.518576,6.7724458,19.195046,3.7151703
"112","8am",46.72281,9.886488,5.162944,34.675943,3.5518125
"113","8am",46.8254,9.52381,4.040404,35.569986,4.040404
"114","8am",49.53001,8.098337,5.4229935,32.537961,4.4107014
"115","8am",72.4026,3.571429,3.2467532,18.506494,2.2727273
"116","8am",57.3734,6.455203,3.6171397,30.050083,2.5041736
"117","8am",44.48306,10.121633,6.0816681,32.797567,6.516073
"118","8am",39.57752,11.797529,8.1705859,34.954165,5.5001993
"119","8am",67.00727,10.984476,2.692081,16.859894,2.4562782
"120","8am",55.17661,13.6419,4.1412911,23.873325,3.1668697
"121","8am",43.57405,26.927785,3.0599755,24.724602,1.7135863
"122","8am",52.30947,15.011547,3.6951501,26.558891,2.4249423
"123","8am",41.84397,12.765957,7.8014184,29.078014,8.5106383
"124","8am",33.2533,10.444178,5.1620648,46.698679,4.4417767
"125","8am",47.51381,20.994475,6.0773481,22.099448,3.3149171
"126","8am",48.4375,7.8125,10.9375,24.21875,8.59375
"127","8am",48.58398,8.935547,7.03125,31.933594,3.515625
"128","8am",45.84048,11.620926,4.4596913,34.734134,3.3447684
"129","8am",56.6156,12.047354,4.4568245,24.303621,2.5766017
"130","8am",74.47529,6.093433,2.3019634,15.572106,1.5572106
"131","8am",62.8169,9.43662,3.3098592,22.323944,2.1126761
"132","8am",40.69149,11.258865,6.3829787,36.79078,4.8758865
"133","8am",42.38411,5.960265,5.2980132,43.046358,3.3112583
"134","8am",45.83333,16.666667,4.375,30.208333,2.9166667
"135","8am",33.33333,23.45679,9.2592593,32.098765,1.8518519
"136","8am",38.86667,14,5.6666667,35.266667,6.2
"137","8am",51.78082,12.465753,3.6986301,26.712329,5.3424658
"138","8am",40.65934,14.652015,4.029304,36.080586,4.5787546
"139","8am",57.14286,9.126984,1.1904762,26.984127,5.5555556
"140","8am",48.52217,38.669951,1.4778325,9.605911,1.7241379
"141","8am",46.78899,7.33945,2.7522936,39.449541,3.6697248
"301","8am",44.34713,10.828025,5.5732484,35.748408,3.5031847
"302","8am",48.88257,15.400244,3.0881755,30.637952,1.9910605
"303","8am",35.91885,11.575179,5.3699284,43.675418,3.4606205
"304","8am",34.61012,26.538988,2.5991792,33.515732,2.7359781
"305","8am",46.79487,4.487179,6.4102564,37.179487,5.1282051
"306","8am",49.43662,11.830986,4.9295775,30.140845,3.6619718
"307","8am",51.5672,11.592958,4.2078145,29.454702,3.1773293
"308","8am",48.33555,8.521971,3.2845095,35.996449,3.861518
"309","8am",59.84801,8.866371,2.2165928,27.739075,1.3299557
"310","8am",51.7284,12.469136,2.8395062,30.740741,2.2222222
"401","8am",42.83305,10.286678,6.7453626,34.569983,5.5649241
"402","8am",57.47253,7.142857,4.7252747,26.373626,4.2857143
"403","8am",48.61065,9.206562,4.5530633,33.913626,3.7161031
"404","8am",48.26667,12.2,4.6,30.933333,4
"405","8am",38.85965,12.017544,4.8245614,40.350877,3.9473684
"406","8am",49.95378,15.161787,3.7596302,28.844376,2.2804314
"407","8am",42.1646,16.459977,3.156708,36.302142,1.9165727
"408","8am",52.49622,9.6823,4.5385779,28.441755,4.8411498
"501","8am",41.8,4.6,5.6,41.4,6.6
"502","8am",47.59152,9.055877,6.5510597,32.369942,4.4315992
"511","8am",46.9278,9.139785,4.9539171,35.330261,3.6482335
"521","8am",55.52524,7.776262,4.3656207,28.376535,3.9563438
"522","8am",50.57471,10.114943,2.7586207,30.344828,6.2068966
"523","8am",51.49254,8.084577,3.9800995,32.21393,4.2288557
"524","8am",44.14414,7.657658,3.6036036,40.990991,3.6036036
"525","8am",36.78161,3.448276,4.5977011,51.724138,3.4482759
"531","8am",50.4914,9.95086,4.5454545,31.203931,3.8083538
"532","8am",52.42826,9.381898,3.4216336,31.346578,3.4216336
"533","8am",38.81686,6.969206,5.0243112,44.408428,4.7811994
"541","8am",51.26582,5.063291,6.3291139,34.177215,3.164557
"542","8am",47.50733,17.155425,4.2521994,27.71261,3.372434
"543","8am",49.91736,8.92562,2.4793388,36.033058,2.6446281
"544","8am",52.4708,11.14106,3.3243486,29.200359,3.8634322
"545","8am",49.80469,4.6875,4.8828125,37.5,3.125
"546","8am",47.66289,10.835694,4.815864,32.648725,4.0368272
"547","8am",40,8.780488,9.2682927,37.560976,4.3902439
"551","8am",49.56217,5.779335,5.9544658,34.150613,4.5534151
"561","8am",37.40876,6.021898,4.9270073,46.350365,5.2919708
"562","8am",43.60348,9.979906,4.4206296,39.115874,2.8801072
"563","8am",53.52113,4.929577,4.2253521,33.098592,4.2253521
"564","8am",57.14286,7.453416,4.9689441,27.329193,3.1055901
"571","8am",54.03226,6.048387,5.8467742,31.854839,2.2177419
"572","8am",41.75824,10.13431,3.6630037,40.04884,4.3956044
"573","8am",60,8.965517,2.955665,25.418719,2.6600985
"574","8am",55.02846,8.538899,5.1233397,26.185958,5.1233397
"575","8am",40.52863,15.418502,8.3700441,31.277533,4.4052863
"576","8am",46.98795,7.228916,5.4216867,36.746988,3.6144578
"601","8am",43.58974,6.593407,4.9450549,39.377289,5.4945055
"602","8am",46.00225,9.797297,4.8423423,35.698198,3.6599099
"611","8am",43.38968,10.359775,4.5513654,38.751625,2.9475509
"612","8am",48.31325,13.73494,4.939759,28.554217,4.4578313
"621","8am",55.375,8.75,3.625,27.125,5.125
"622","8am",52.84872,14.341847,4.7806156,24.75442,3.2743942
"623","8am",47.89916,7.773109,6.7226891,33.403361,4.2016807
"624","8am",52.34043,9.148936,7.6595745,22.553191,8.2978723
"631","8am",52.69552,8.124525,5.0873197,31.055429,3.0372058
"632","8am",44.65021,13.99177,5.1440329,30.452675,5.7613169
"633","8am",54.71448,7.436919,5.7104914,26.826029,5.312085
"641","8am",60.93552,10.11378,3.1605563,22.250316,3.539823
"642","8am",42.04444,24.711111,3.4666667,27.2,2.5777778
"643","8am",55.18395,9.448161,4.9331104,26.170569,4.264214
"644","8am",46.55963,13.646789,2.9816514,33.142202,3.6697248
"645","8am",44.87179,9.89011,6.5934066,29.304029,9.3406593
"651","8am",66.0141,7.204385,3.0540329,19.185591,4.5418951
"661","8am",46.43987,13.093354,4.5094937,32.594937,3.3623418
"662","8am",45.12472,5.442177,11.5646259,29.251701,8.61678
"663","8am",46.56085,4.761905,6.4814815,37.037037,5.1587302
"671","8am",44.40961,5.747126,7.6280042,35.84117,6.3740857
"672","8am",46.55797,6.34058,5.0724638,36.956522,5.0724638
"673","8am",35.81818,3.818182,4.7272727,49.454545,6.1818182
"681","8am",40.09547,6.085919,6.9212411,41.885442,5.0119332
"691","8am",36.22318,4.034335,4.3776824,51.93133,3.4334764
"101","9am",84.3109,10.655283,0.9978933,3.470451,0.5654729
"102","9am",65.82704,17.481108,2.720403,12.392947,1.5785055
"103","9am",50.99458,7.911392,7.0072333,30.424955,3.6618445
"104","9am",45.63155,16.325512,5.9910135,28.157763,3.8941588
"105","9am",48.75907,26.002291,3.6273387,18.69034,2.9209622
"106","9am",59.83344,12.075593,5.5413197,19.378603,3.1710442
"107","9am",55.43022,10.650577,7.0304302,21.983211,4.9055614
"108","9am",48.21124,18.121806,4.3441227,25.894378,3.4284497
"109","9am",49.67436,11.959739,7.696862,24.925992,5.7430432
"110","9am",50.07934,12.250079,5.7124722,27.895906,4.0622025
"111","9am",54.71842,16.210046,6.6210046,18.835616,3.6149163
"112","9am",47.35075,9.477612,4.9253731,34.664179,3.5820896
"113","9am",47.37991,9.243086,4.0756914,35.298399,4.0029112
"114","9am",50.15198,7.75076,5.4711246,32.142857,4.4832827
"115","9am",73.3119,3.536977,3.5369775,17.363344,2.2508039
"116","9am",58.46995,5.901639,3.7704918,29.617486,2.2404372
"117","9am",44.23662,10.047847,6.0026098,33.275337,6.4375816
"118","9am",40.25765,11.916264,7.8099839,34.500805,5.5152979
"119","9am",67.93951,11.172023,2.6275992,15.897921,2.362949
"120","9am",57.99031,12.348668,3.6319613,23.607748,2.4213075
"121","9am",44.66258,27.607362,3.0674847,22.822086,1.8404908
"122","9am",52.34375,15.513393,3.5714286,25.892857,2.6785714
"123","9am",42.63566,10.077519,8.5271318,28.682171,10.0775194
"124","9am",32.90978,9.656925,5.7179161,47.141042,4.5743329
"125","9am",46.74556,21.301775,4.7337278,23.668639,3.5502959
"126","9am",52.38095,7.142857,10.3174603,23.015873,7.1428571
"127","9am",49.30762,8.456973,7.0722057,31.65183,3.5113749
"128","9am",45.39983,12.252794,4.5141874,34.60877,3.2244196
"129","9am",57.30954,11.118737,4.4612217,24.571036,2.5394647
"130","9am",75.21311,5.901639,2.3606557,14.885246,1.6393443
"131","9am",63.05062,9.598948,3.4188034,21.696252,2.2353715
"132","9am",39.16279,11.534884,6.5116279,37.395349,5.3953488
"133","9am",42.44604,6.47482,5.7553957,41.726619,3.5971223
"134","9am",45.79646,16.150442,4.2035398,30.973451,2.8761062
"135","9am",32.27848,29.746835,8.2278481,27.848101,1.8987342
"136","9am",38.42857,12.714286,5.7857143,36.571429,6.5
"137","9am",53.28671,11.888112,3.3566434,26.713287,4.7552448
"138","9am",40.89147,15.116279,5.0387597,34.689922,4.2635659
"139","9am",59.34959,8.536585,0.8130081,26.01626,5.2845528
"140","9am",44.7191,43.146067,2.0224719,8.539326,1.5730337
"141","9am",45.68966,16.37931,2.5862069,32.758621,2.5862069
"301","9am",45.00387,11.463981,5.2672347,34.779241,3.48567
"302","9am",48.96636,16.33563,3.1211998,29.631131,1.945683
"303","9am",35.9199,11.26408,5.1314143,44.305382,3.379224
"304","9am",33.9213,27.951153,2.8493894,32.700136,2.578019
"305","9am",48.3871,3.225806,5.8064516,37.419355,5.1612903
"306","9am",46.53465,12.446959,5.2333805,32.248939,3.5360679
"307","9am",52.35647,11.439589,4.4558698,28.620394,3.1276778
"308","9am",49.35755,7.310589,3.4559149,35.799734,4.0762074
"309","9am",60.29777,8.126551,2.1712159,28.101737,1.3027295
"310","9am",51.54639,12.371134,2.978236,30.355097,2.7491409
"401","9am",44.02174,8.333333,6.3405797,36.050725,5.2536232
"402","9am",58.25137,7.213115,4.6994536,25.901639,3.9344262
"403","9am",49.73805,8.546169,4.6496398,33.497053,3.5690897
"404","9am",47.33333,13.6,4.7333333,30.266667,4.0666667
"405","9am",39.77591,9.897292,5.3221289,40.802988,4.2016807
"406","9am",49.98481,15.679125,3.676694,28.289274,2.3701003
"407","9am",43.31797,15.898618,3.2258065,35.368664,2.1889401
"408","9am",52.18801,8.9141,4.376013,29.497569,5.0243112
"501","9am",42.02899,4.554865,5.5900621,41.407867,6.4182195
"502","9am",46.91849,9.145129,6.5606362,33.001988,4.3737575
"511","9am",47.43935,9.395456,4.8132461,34.770889,3.5810551
"521","9am",55.90327,7.254623,4.5519203,28.165007,4.1251778
"522","9am",51.80723,9.156627,2.6506024,30.60241,5.7831325
"523","9am",51.20482,9.39759,3.7349398,31.204819,4.4578313
"524","9am",43.53846,8,3.8461538,41.384615,3.2307692
"525","9am",40,1.935484,4.516129,49.677419,3.8709677
"531","9am",50.25773,10.309278,4.2525773,31.314433,3.8659794
"532","9am",53.42466,9.246575,3.196347,30.707763,3.4246575
"533","9am",39.09165,7.623682,5.0283861,43.471208,4.785077
"541","9am",51.04895,4.895105,6.993007,33.566434,3.4965035
"542","9am",46.72619,20.089286,4.0178571,26.041667,3.125
"543","9am",50.17483,7.342657,2.6223776,37.062937,2.7972028
"544","9am",52.70758,10.559567,3.3393502,29.512635,3.8808664
"545","9am",49.5935,4.065041,4.8780488,38.414634,3.0487805
"546","9am",47.95198,11.228814,5.0847458,31.779661,3.9548023
"547","9am",40.93264,8.80829,7.253886,38.341969,4.6632124
"551","9am",50.54945,4.945055,5.8608059,34.065934,4.5787546
"561","9am",38.57678,5.617978,4.6816479,45.692884,5.4307116
"562","9am",44.15069,9.980172,4.4282882,38.466623,2.9742234
"563","9am",55.07246,4.347826,4.3478261,32.608696,3.6231884
"564","9am",58.9404,6.622517,4.6357616,27.152318,2.6490066
"571","9am",53.7155,5.732484,6.1571125,32.271762,2.1231423
"572","9am",41.92741,9.011264,3.8798498,40.550688,4.6307885
"573","9am",60.697,9.486931,3.0009681,24.298161,2.5169409
"574","9am",54.56349,8.730159,4.9603175,26.388889,5.3571429
"575","9am",41.12554,15.584416,8.2251082,30.735931,4.3290043
"576","9am",45.49266,7.54717,5.6603774,38.155136,3.1446541
"601","9am",43.71373,5.996132,5.0290135,39.845261,5.4158607
"602","9am",45.49499,10.51168,4.8387097,35.483871,3.6707453
"611","9am",44.13943,10.326797,4.2701525,38.126362,3.1372549
"612","9am",47.06587,15.928144,5.2694611,27.54491,4.1916168
"621","9am",55.78406,7.455013,3.8560411,28.020566,4.8843188
"622","9am",52.36842,14.934211,4.8026316,24.605263,3.2894737
"623","9am",48.59611,7.451404,6.2634989,33.36933,4.3196544
"624","9am",52.07877,9.40919,8.0962801,22.100656,8.3150985
"631","9am",53.85779,7.337368,4.9924357,30.86233,2.9500756
"632","9am",43.78947,16.421053,4.6315789,29.684211,5.4736842
"633","9am",53.37079,7.724719,6.1797753,27.106742,5.6179775
"641","9am",63.17781,8.070618,3.1525851,21.689786,3.9092055
"642","9am",40.56848,27.734711,3.7898363,25.322997,2.5839793
"643","9am",55.67986,8.519793,5.0774527,26.506024,4.2168675
"644","9am",46.37681,13.600892,2.787068,33.556299,3.6789298
"645","9am",44.95238,9.333333,6.8571429,29.333333,9.5238095
"651","9am",66.61405,6.945541,2.9202841,19.179163,4.3409629
"661","9am",46.02936,14.715845,4.4034626,31.53933,3.312006
"662","9am",45.02488,5.223881,11.4427861,30.099502,8.2089552
"663","9am",46.88797,4.702628,6.9156293,36.514523,4.9792531
"671","9am",44.96788,5.03212,7.9229122,35.867238,6.2098501
"672","9am",47.08098,7.344633,5.0847458,35.781544,4.7080979
"673","9am",35.12476,4.222649,4.9904031,49.520154,6.1420345
"681","9am",40.30916,6.183115,7.0154578,41.37931,5.1129608
"691","9am",36.67263,4.11449,4.2039356,51.520572,3.4883721
"101","10am",81.91456,11.619607,1.1021308,4.7759,0.5878031
"102","10am",65.09449,18.559199,2.6005492,12.162817,1.582943
"103","10am",51.8384,7.126645,7.0812528,30.095325,3.8583749
"104","10am",45.94872,16.717949,6,27.333333,4
"105","10am",48.53163,26.449548,3.5203313,18.787651,2.7108434
"106","10am",60.52463,11.484325,5.3103007,19.257837,3.4229047
"107","10am",55.4731,10.442619,6.9705804,22.236947,4.8767559
"108","10am",48.2585,18.338229,4.5950483,25.388166,3.4200587
"109","10am",49.57983,11.584634,7.8631453,25.030012,5.942377
"110","10am",50.34146,12.162602,5.6260163,27.934959,3.9349593
