"district","hour","rev5","rev1","rev2","rev3","rev4"
"101","4am",17.60841,18.002628,16.425756,21.8134,26.149803
"102","4am",18.34369,19.254658,13.623188,21.53209,27.246377
"103","4am",15.29933,19.253511,27.864006,26.05322,11.529933
"104","4am",18.41155,14.921781,19.334136,27.47694,19.855596
"105","4am",19.38717,23.310424,21.821306,19.18671,16.294387
"106","4am",13.37174,15.979381,19.436022,29.59369,21.619163
"107","4am",16.96468,22.26341,24.88007,24.44396,11.447885
"108","4am",18.20166,17.459625,21.540812,26.66958,16.128328
"109","4am",19.13452,29.666319,25.391032,18.87383,6.934307
"110","4am",15.96402,17.762788,23.917931,28.83642,13.518831
"111","4am",12.95993,25.347506,24.938675,24.32543,12.428455
"112","4am",17.31548,17.408907,26.564933,26.40922,12.301464
"113","4am",16.81614,15.190583,27.35426,29.03587,11.603139
"114","4am",21.90171,16.025641,26.976496,22.97009,12.126068
"115","4am",20.09132,15.068493,34.246575,24.20091,6.392694
"116","4am",19.36488,13.387298,29.202989,26.0274,12.017435
"117","4am",23.14308,24.863174,28.967944,17.63096,5.39484
"118","4am",23.49747,28.312817,27.081825,16.58219,4.525706
"119","4am",23.69833,14.73651,25.213001,21.0792,15.272957
"120","4am",21.3866,6.227967,11.515864,21.15159,39.717979
"121","4am",19.46309,6.711409,13.959732,23.62416,36.241611
"122","4am",24.68619,4.88145,9.623431,24.82566,35.983264
"123","4am",27.69953,11.737089,15.492958,17.37089,27.699531
"124","4am",30.99907,17.273576,19.23436,19.51447,12.978525
"125","4am",21.5859,3.964758,8.810573,25.11013,40.528634
"126","4am",15.02591,27.46114,22.279793,30.56995,4.663212
"127","4am",15.78313,18.594378,23.172691,25.34137,17.108434
"128","4am",21.34536,17.324314,29.237129,22.77339,9.319805
"129","4am",20.78402,16.494083,20.118343,27.66272,14.940828
"130","4am",20.04008,10.02004,24.649299,27.55511,17.735471
"131","4am",24.90876,4.927007,17.883212,30.56569,21.715328
"132","4am",23.33966,8.665402,27.577483,26.12271,14.29475
"133","4am",17.52137,5.128205,27.777778,28.63248,20.940171
"134","4am",20.94118,3.764706,19.058824,34.70588,21.529412
"135","4am",16.47059,27.647059,28.235294,15.29412,12.352941
"136","4am",22.68519,11.851852,25.694444,26.25,13.518519
"137","4am",29.1841,4.1841,16.945607,25.52301,24.16318
"138","4am",25.06024,2.048193,13.975904,28.55422,30.361446
"139","4am",29.08367,3.984064,10.756972,25.0996,31.075697
"140","4am",32.22749,8.056872,15.63981,22.74882,21.327014
"141","4am",24.78632,5.982906,11.111111,23.93162,34.188034
"301","4am",18.10089,17.136499,24.554896,26.55786,13.649852
"302","4am",16.65388,9.324635,20.414428,31.69609,21.910975
"303","4am",20.57728,16.014898,32.774674,22.90503,7.728119
"304","4am",17.54839,6.580645,11.612903,27.87097,36.387097
"305","4am",15.73604,17.258883,40.101523,20.81218,6.091371
"306","4am",20.2952,10.701107,25.092251,31.61132,12.300123
"307","4am",19.11817,9.382716,29.382716,30.68783,11.428571
"308","4am",23.36483,8.611919,25.072674,27.43459,15.515988
"309","4am",20.21127,4.366197,16.760563,30.07042,28.591549
"310","4am",19.09197,4.074505,18.277066,28.75437,29.802095
"401","4am",17.79476,10.480349,30.567686,30.56769,10.58952
"402","4am",18.75,5.178571,26.339286,28.83929,20.892857
"403","4am",26.35501,15.311653,27.066396,21.95122,9.315718
"404","4am",21.5956,7.79459,25.21779,28.01467,17.37735
"405","4am",23.07692,7.583965,24.864572,28.71073,15.763814
"406","4am",23.15753,13.866574,26.475725,25.63744,10.862731
"407","4am",23.02703,10.162162,23.783784,28.43243,14.594595
"408","4am",23.44689,6.913828,31.963928,24.8497,12.825651
"501","4am",20.78273,11.336032,30.634278,26.31579,10.931174
"502","4am",18.03279,14.344262,36.202186,24.18033,7.240437
"511","4am",15.40625,14.4375,31.46875,28.6875,10
"521","4am",18.4141,5.022026,23.788546,32.95154,19.823789
"522","4am",15.38462,5.408654,23.677885,34.97596,20.552885
"523","4am",18.41564,9.979424,29.62963,29.42387,12.55144
"524","4am",19.42149,8.677686,23.863636,28.20248,19.834711
"525","4am",16.85393,10.861423,35.955056,24.34457,11.985019
"531","4am",15.69371,6.823351,25.928734,34.04094,17.513268
"532","4am",19.46083,7.666386,22.999158,32.35046,17.523168
"533","4am",17.89091,20,31.2,21.30909,9.6
"541","4am",19.6,12.8,26.8,30,10.8
"542","4am",18.07838,8.343869,22.629583,31.35272,19.595449
"543","4am",22.57669,5.766871,19.263804,27.85276,24.539877
"544","4am",15.86538,8.293269,29.326923,33.11298,13.401442
"545","4am",17.16049,9.012346,30.246914,32.34568,11.234568
"546","4am",23.13341,11.138311,30.354957,25.153,10.220318
"547","4am",24.89796,23.673469,25.714286,20.81633,4.897959
"551","4am",17.85252,12.936611,33.376455,26.13195,9.702458
"561","4am",18.33333,18.75,32.083333,22.77778,8.055556
"562","4am",18.6532,18.989899,29.83165,24.64646,7.878788
"563","4am",16.21622,18.918919,29.279279,28.37838,7.207207
"564","4am",18.57143,10.952381,26.190476,30,14.285714
"571","4am",16.38045,9.114927,31.043593,33.4214,10.03963
"572","4am",20.06369,9.713376,29.140127,28.90127,12.181529
"573","4am",17.43044,9.328969,26.432079,31.26023,15.548282
"574","4am",18.87227,4.833142,21.749137,29.11392,25.43153
"575","4am",23.01587,13.095238,25,21.8254,17.063492
"576","4am",16.34615,14.423077,29.67033,29.53297,10.027473
"601","4am",17.01299,16.883117,33.376623,26.1039,6.623377
"602","4am",17.09309,21.01252,26.565052,25.96625,9.363092
"611","4am",17.99429,6.854967,29.51444,30.81561,14.820692
"612","4am",17.55725,10.496183,32.824427,28.81679,10.305344
"621","4am",16.07843,6.568627,25.490196,36.17647,15.686275
"622","4am",18.29955,8.502252,28.885135,30.91216,13.400901
"623","4am",17.61281,7.787482,35.152838,25.90975,13.537118
"624","4am",17.75924,9.177592,38.97497,25.62574,8.462455
"631","4am",17.06684,11.550941,30.629461,30.49968,10.253082
"632","4am",16.20253,7.594937,31.265823,28.35443,16.582278
"633","4am",15.95041,8.347107,30.661157,32.39669,12.644628
"641","4am",20.06689,7.580825,26.978818,26.08696,19.286511
"642","4am",19.62151,13.047809,21.513944,29.28287,16.533865
"643","4am",18.8876,6.604867,22.943221,31.69177,19.872538
"644","4am",14.95993,5.609973,22.796082,33.3927,23.241318
"645","4am",19.35882,11.960543,35.511714,26.63379,6.535142
"651","4am",12.45745,11.232131,33.287951,32.47107,10.551396
"661","4am",19.81132,19.196062,26.825267,26.33306,7.83429
"662","4am",12.22076,9.067017,34.428384,33.24573,11.038108
"663","4am",17.15556,12.355556,30.933333,29.42222,10.133333
"671","4am",16.35323,21.340965,36.713001,18.88798,6.704824
"672","4am",16.50212,17.348378,35.260931,22.42595,8.462623
"673","4am",18.67647,21.470588,32.058824,21.02941,6.764706
"681","4am",21.06987,20.742358,28.820961,19.97817,9.388646
"691","4am",22.66082,12.5,26.023392,25.2193,13.596491
"101","5am",18.08015,14.352283,18.266542,25.90867,23.392358
"102","5am",18.32623,18.597443,14.219295,22.27819,26.578845
"103","5am",15.54307,19.17603,27.490637,26.06742,11.722846
"104","5am",18.35922,14.575866,19.514138,27.91716,19.633612
"105","5am",19.36937,22.775901,22.100225,19.51014,16.244369
"106","5am",13.2829,15.975794,19.364599,29.65204,21.72466
"107","5am",16.92948,22.076216,24.813841,24.81384,11.366623
"108","5am",18.23529,17.342048,21.568627,26.57952,16.27451
"109","5am",19.01743,29.582673,25.198098,19.22874,6.973059
"110","5am",16.26984,17.828798,23.72449,28.65646,13.520408
"111","5am",13.13457,24.697824,24.899275,24.3755,12.892828
"112","5am",17.26528,17.359798,26.559546,26.62256,12.192817
"113","5am",17.04348,15.536232,27.536232,28.28986,11.594203
"114","5am",21.80043,15.997831,26.952278,22.93926,12.310195
"115","5am",19.18367,13.877551,33.877551,23.67347,9.387755
"116","5am",19.30572,13.398295,28.928136,25.82217,12.545676
"117","5am",22.97671,24.555863,28.85906,18.08133,5.527043
"118","5am",23.94834,28.302583,27.04797,16.23616,4.464945
"119","5am",22.5907,13.548753,25.198413,22.73243,15.929705
"120","5am",20.81448,6.334842,11.877828,22.51131,38.461538
"121","5am",19.65241,6.684492,14.037433,23.6631,35.962567
"122","5am",24.72527,4.807692,10.027473,25,35.43956
"123","5am",27.96209,11.848341,15.63981,17.53555,27.014218
"124","5am",31.06977,17.209302,19.44186,19.44186,12.837209
"125","5am",21.68142,3.982301,8.849558,25.22124,40.265487
"126","5am",15.10417,27.083333,21.875,30.72917,5.208333
"127","5am",15.93496,18.495935,23.130081,25.20325,17.235772
"128","5am",21.14068,17.376426,29.239544,22.69962,9.543726
"129","5am",20.68713,16.30117,20.321637,27.70468,14.98538
"130","5am",20.05445,9.709619,23.502722,28.58439,18.14882
"131","5am",24.67306,4.969486,19.267655,30.51439,20.575414
"132","5am",23.60051,8.524173,27.671756,26.14504,14.058524
"133","5am",17.98246,5.263158,28.070175,27.63158,21.052632
"134","5am",20.79327,3.966346,19.711538,34.25481,21.274038
"135","5am",17.3913,28.571429,26.708075,14.28571,13.043478
"136","5am",22.73157,11.956522,25.567108,26.22873,13.516068
"137","5am",28.60147,4.731861,16.929548,25.86751,23.869611
"138","5am",25.03038,2.065614,14.094775,28.55407,30.255164
"139","5am",28.35249,3.831418,10.727969,26.05364,31.034483
"140","5am",31.50685,8.219178,15.525114,24.20091,20.547945
"141","5am",25,6.034483,10.344828,24.13793,34.482759
"301","5am",18.08591,17.181613,24.566692,26.526,13.639789
"302","5am",16.71212,9.388391,20.257109,31.63226,22.010129
"303","5am",20.92131,16.122841,33.205374,22.64875,7.101727
"304","5am",17.77778,6.666667,11.764706,27.84314,35.947712
"305","5am",15.97938,17.010309,39.690722,21.13402,6.185567
"306","5am",20.34956,10.611735,25.468165,30.9613,12.609238
"307","5am",19.29696,9.593555,29.879165,30.1721,11.05822
"308","5am",23.22747,8.677991,25.14771,27.51108,15.435746
"309","5am",19.67101,4.592186,17.066484,30.98012,27.690199
"310","5am",19.07583,4.146919,18.838863,28.31754,29.620853
"401","5am",18.2659,10.751445,30.867052,30.28902,9.82659
"402","5am",18.94549,5.451296,26.988382,28.5076,20.107239
"403","5am",26.44068,15.389831,26.983051,21.89831,9.288136
"404","5am",21.17031,7.992388,25.594672,28.11608,17.126546
"405","5am",22.92248,7.75237,25.041829,28.77858,15.504741
"406","5am",23.20557,13.763066,26.550523,25.47038,11.010453
"407","5am",22.88229,10.341034,24.092409,28.16282,14.521452
"408","5am",23.42621,6.914345,31.475748,25.5934,12.590299
"501","5am",20.85714,11.714286,31,25.28571,11.142857
"502","5am",18.80342,14.957265,35.185185,23.93162,7.122507
"511","5am",15.66656,14.920532,31.78722,27.95978,9.66591
"521","5am",18.64096,5.050505,24.05877,32.96602,19.283747
"522","5am",15.47315,5.754476,23.273657,34.52685,20.971867
"523","5am",18.88772,10.073452,29.380902,28.85624,12.801679
"524","5am",19.72133,9.003215,24.222937,27.54555,19.506967
"525","5am",16.33466,11.155378,36.653386,23.90438,11.952191
"531","5am",15.85174,7.097792,26.025237,33.83281,17.192429
"532","5am",19.84266,7.867133,23.251748,31.64336,17.395105
"533","5am",17.95252,20.252226,30.78635,21.21662,9.792285
"541","5am",20.08547,12.820513,27.350427,29.05983,10.683761
"542","5am",17.99486,8.354756,22.879177,31.61954,19.151671
"543","5am",22.44641,6.052963,19.672131,27.99496,23.833544
"544","5am",15.85289,8.497146,29.993659,32.72036,12.935954
"545","5am",17.07317,9.499358,30.680359,31.45058,11.296534
"546","5am",23.20051,11.696658,30.141388,25,9.96144
"547","5am",24.69136,23.868313,26.337449,20.16461,4.938272
"551","5am",18.54839,13.575269,32.795699,25.40323,9.677419
"561","5am",18.62464,19.054441,31.805158,22.49284,8.022923
"562","5am",18.89495,18.963165,29.94543,24.62483,7.571623
"563","5am",16.90141,19.248826,29.577465,26.76056,7.511737
"564","5am",19.19192,11.111111,25.757576,31.31313,12.626263
"571","5am",16.11111,9.583333,30.972222,32.91667,10.416667
"572","5am",20.14864,9.909166,29.562345,28.07597,12.303881
"573","5am",17.87521,9.443508,26.222597,30.86003,15.598651
"574","5am",18.53601,4.958678,21.959858,28.92562,25.619835
"575","5am",22.85714,13.469388,25.306122,22.04082,16.326531
"576","5am",16.61765,15.147059,30.588235,27.64706,10
"601","5am",17.26027,17.123288,33.424658,25.89041,6.30137
"602","5am",17.44705,21.404682,26.532887,25.58528,9.0301
"611","5am",18.0593,7.210243,30.154987,30.25606,14.319407
"612","5am",17.99798,10.920121,32.861476,28.21031,10.010111
"621","5am",15.88297,6.792059,27.063741,35.94566,14.315569
"622","5am",17.83816,8.978145,29.651506,29.88777,13.644418
"623","5am",17.61055,8.145849,35.841738,25.83398,12.567882
"624","5am",17.99451,10.43956,38.324176,25.41209,7.82967
"631","5am",17.29581,12.079616,31.228552,29.9245,9.471517
"632","5am",16.16848,8.016304,30.842391,27.58152,17.391304
"633","5am",16.16071,8.928571,30.535714,32.05357,12.321429
"641","5am",20.0453,7.81427,27.406569,26.27407,18.459796
"642","5am",19.44729,13.510747,21.494371,29.06858,16.479017
"643","5am",18.75,6.801471,23.590686,31.31127,19.546569
"644","5am",15.55352,5.672461,22.415371,33.39433,22.964318
"645","5am",20.08032,12.583668,35.207497,25.43507,6.69344
"651","5am",13.41719,11.320755,32.634521,31.79595,10.831586
"661","5am",19.68737,19.64512,27.12294,25.98226,7.562315
"662","5am",12.25071,9.54416,34.472934,33.61823,10.11396
"663","5am",17.54221,12.570356,30.675422,29.54972,9.662289
"671","5am",16.68122,22.09607,36.768559,17.72926,6.724891
"672","5am",16.25183,17.862372,35.431918,21.96193,8.491947
"673","5am",19.02588,22.070015,31.811263,20.39574,6.697108
"681","5am",21.16461,21.276596,28.331467,19.59686,9.630459
"691","5am",22.72048,12.780269,25.859492,25.03737,13.602392
"101","6am",18.54951,8.879591,18.084612,29.2887,25.197583
"102","6am",18.85219,16.616617,15.181849,24.05739,25.291959
"103","6am",15.76732,19.211634,27.171833,25.71757,12.131649
"104","6am",18.67909,14.465154,19.367909,28.0389,19.448947
"105","6am",19.44227,21.136304,21.631483,21.11024,16.679698
"106","6am",13.72725,15.756491,19.63593,29.45389,21.42644
"107","6am",16.83696,21.83474,24.900044,24.96668,11.461573
"108","6am",18.02226,17.059075,21.896404,26.69092,16.331336
"109","6am",19.02491,28.563858,24.589295,20.34976,7.472178
"110","6am",16.1068,17.800746,23.715188,28.56733,13.809934
"111","6am",13.46457,23.779528,24.80315,24.52756,13.425197
"112","6am",17.504,17.28,26.016,26.784,12.416
"113","6am",17.27329,16.224553,28.377545,26.52684,11.597779
"114","6am",21.59953,16.929364,26.853473,22.35844,12.259194
"115","6am",19.92754,13.043478,32.246377,24.27536,10.507246
"116","6am",18.60737,13.341135,28.671738,26.85781,12.521943
"117","6am",23.15074,23.790484,28.588565,18.47261,5.997601
"118","6am",23.89313,28.129771,26.946565,16.56489,4.465649
"119","6am",21.42681,12.496925,25.879459,24.00984,16.186962
"120","6am",20.25862,6.681034,12.5,23.81466,36.74569
"121","6am",18.95425,6.797386,14.771242,24.44444,35.03268
"122","6am",24.01022,4.597701,12.643678,24.52107,34.227331
"123","6am",28.43137,12.254902,15.686275,17.15686,26.470588
"124","6am",31.20301,17.293233,19.078947,19.54887,12.87594
"125","6am",22.07207,4.054054,8.558559,24.77477,40.540541
"126","6am",14.28571,25.274725,24.175824,30.76923,5.494505
"127","6am",16.02484,18.674948,22.981366,25.05176,17.267081
"128","6am",21.05058,17.898833,29.143969,22.91829,8.988327
"129","6am",21.06742,15.449438,20.786517,28.01966,14.676966
"130","6am",20.12729,9.228321,23.786794,27.92363,18.93397
"131","6am",24.08462,5.532954,20.016273,30.59398,19.772172
"132","6am",23.08743,8.948087,27.73224,26.43443,13.797814
"133","6am",18.57143,5.238095,29.047619,27.61905,19.52381
"134","6am",20.49519,4.264099,20.220083,34.663,20.357634
"135","6am",17.88079,27.81457,26.490066,13.24503,14.569536
"136","6am",23.43096,12.186192,24.895397,26.41213,13.075314
"137","6am",28.30396,5.066079,17.511013,26.43172,22.687225
"138","6am",25.49277,2.102497,14.848883,28.77792,28.777924
"139","6am",29.06977,2.713178,13.565891,26.74419,27.906977
"140","6am",28.39506,8.641975,17.283951,27.57202,18.106996
"141","6am",23.89381,7.079646,10.619469,23.89381,34.513274
"301","6am",18.62285,16.979656,24.56964,26.21283,13.615023
"302","6am",16.88466,9.314308,20.729291,31.74792,21.323821
"303","6am",20.74303,17.234262,32.920537,22.29102,6.811146
"304","6am",17.42021,7.047872,12.898936,28.05851,34.574468
"305","6am",16.0221,17.679558,38.674033,21.54696,6.077348
"306","6am",20.31873,11.420983,26.294821,29.08367,12.881806
"307","6am",19.16501,10.218688,29.821074,30.33797,10.457256
"308","6am",23.5271,8.837392,25.490966,26.94423,15.200314
"309","6am",19.12929,5.013193,19.129288,31.59631,25.131926
"310","6am",18.99038,4.326923,20.793269,29.56731,26.322115
"401","6am",18.19372,11.518325,31.151832,29.97382,9.162304
"402","6am",20.01845,5.811808,28.413284,27.49077,18.265683
"403","6am",26.3048,15.65762,26.652749,22.12944,9.255393
"404","6am",20.29677,8.903021,26.550079,27.55697,16.693164
"405","6am",23.43255,8.676377,25.269158,27.73908,14.882837
"406","6am",22.26415,13.584906,27.135506,26.10635,10.909091
"407","6am",23.04251,11.185682,22.930649,28.7472,14.09396
"408","6am",23.23699,7.630058,31.32948,25.43353,12.369942
"501","6am",21.59624,12.363067,31.455399,24.25665,10.328638
"502","6am",19.19505,15.170279,34.829721,23.83901,6.965944
"511","6am",15.99448,15.753189,31.299552,27.54223,9.410548
"521","6am",19.51731,5.666317,25.393494,31.26967,18.1532
"522","6am",14.92537,6.567164,24.328358,35.22388,18.955224
"523","6am",19.56769,10.580205,29.920364,27.30375,12.627986
"524","6am",19.97691,9.699769,24.711316,27.02079,18.591224
"525","6am",17.56757,12.612613,35.135135,22.52252,12.162162
"531","6am",16.30237,7.832423,26.320583,33.69763,15.846995
"532","6am",20.31985,8.09031,23.330198,30.57385,17.685795
"533","6am",18.20276,20.660522,30.952381,20.89094,9.293395
"541","6am",21.95122,14.146341,25.853659,26.82927,11.219512
"542","6am",16.99717,9.065156,23.937677,32.86119,17.13881
"543","6am",21.95448,6.024096,20.615797,26.90763,24.497992
"544","6am",16.46472,9.194583,30.434783,31.78902,12.116892
"545","6am",17.44868,10.410557,30.938416,30.05865,11.143695
"546","6am",23.31714,12.144344,29.909785,24.63567,9.99306
"547","6am",25.7384,24.050633,25.738397,19.40928,5.063291
"551","6am",18.69436,13.946588,33.234421,24.62908,9.495549
"561","6am",19.34477,20.124805,30.577223,21.52886,8.424337
"562","6am",18.68056,19.444444,29.791667,24.375,7.708333
"563","6am",17.48634,20.765027,29.508197,24.59016,7.650273
"564","6am",19.25134,11.764706,25.668449,31.01604,12.299465
"571","6am",16.22047,10.551181,33.228346,30.07874,9.92126
"572","6am",19.25234,11.028037,30.280374,28.31776,11.121495
"573","6am",19.21275,9.653233,26.804124,30.27179,14.058107
"574","6am",18.06109,5.976096,22.443559,28.95086,24.568393
"575","6am",24.65753,13.69863,24.657534,19.6347,17.351598
"576","6am",17.20257,16.237942,29.421222,27.33119,9.807074
"601","6am",17.56955,17.27672,33.674963,25.18302,6.295754
"602","6am",16.98974,21.721779,26.111745,26.05473,9.122007
"611","6am",18.74764,7.846096,30.743116,29.30969,13.353452
"612","6am",17.94595,11.351351,32.648649,28.86486,9.189189
"621","6am",16.55093,7.175926,27.893519,34.9537,13.425926
"622","6am",18.15889,9.079445,30.138714,28.87768,13.745271
"623","6am",17.46454,8.687943,36.968085,24.8227,12.056738
"624","6am",18.50649,11.850649,37.662338,24.51299,7.467532
"631","6am",17.6514,12.333826,31.093058,29.83752,9.084195
"632","6am",16.3297,8.864697,30.948678,26.90513,16.951788
"633","6am",16.78909,10.388248,31.794334,29.80063,11.227702
"641","6am",20.14388,8.273381,27.93765,25.77938,17.865707
"642","6am",19.95776,13.833157,23.336853,27.24393,15.6283
"643","6am",18.53077,7.213766,23.825281,31.76704,18.663137
"644","6am",16.11279,6.143001,22.65861,32.82981,22.255791
"645","6am",19.97063,13.509545,35.242291,24.22907,7.048458
"651","6am",13.97318,11.150318,31.968948,31.40438,11.503176
"661","6am",19.7903,20.008737,27.522936,25.12014,7.557886
"662","6am",12.24165,10.333863,34.18124,33.38633,9.856916
"663","6am",17.82477,13.192346,30.916415,28.4995,9.566969
"671","6am",16.71335,22.875817,36.227824,17.74043,6.442577
"672","6am",16.84867,19.032761,34.789392,21.21685,8.112324
"673","6am",19.43128,22.590837,31.911532,19.74724,6.319115
"681","6am",21.24711,21.593533,28.17552,19.63048,9.353349
"691","6am",22.94072,13.163972,25.866051,24.71132,13.317937
"101","7am",18.01357,5.572692,18.19864,30.18713,28.027966
"102","7am",18.77642,13.628451,17.06043,26.83412,23.700572
"103","7am",16.34535,19.488684,27.36798,24.76949,12.0285
"104","7am",19.45802,14.882275,19.54687,27.76544,18.347401
"105","7am",18.87387,18.603604,21.50901,23.64865,17.364865
"106","7am",13.67939,16.70229,19.87786,29.74046,20
"107","7am",17.38713,22.454371,25.12008,23.84726,11.191162
"108","7am",18.56093,16.810717,22.60156,27.03111,14.995678
"109","7am",19.0288,27.667984,23.60248,21.28741,8.413326
"110","7am",15.8806,18.179104,23.76119,28.23881,13.940299
"111","7am",14,23.45098,24.62745,24.15686,13.764706
"112","7am",18.0706,18.350227,25.79518,26.0748,11.709193
"113","7am",17.98513,17.579446,28.32995,25.0169,11.088573
"114","7am",21.2283,17.556742,27.36983,22.16288,11.682243
"115","7am",19.52055,13.013699,33.21918,22.94521,11.30137
"116","7am",18.80441,13.464887,28.787,27.39408,11.549623
"117","7am",23.94611,23.685354,27.98783,18.12256,6.258149
"118","7am",24.38065,28.037751,26.74007,16.27998,4.561541
"119","7am",20.8242,11.902674,25.86585,25.53705,15.870232
"120","7am",19.88166,7.928994,15.26627,24.3787,32.544379
"121","7am",18.20359,7.54491,17.36527,25.98802,30.898204
"122","7am",22.81324,4.609929,14.77541,25.76832,32.033097
"123","7am",29.11392,11.392405,14.55696,20.25316,24.683544
"124","7am",33.26157,18.299247,17.33046,20.02153,11.087191
"125","7am",27.13568,4.020101,10.55276,22.11055,36.180905
"126","7am",15.43624,24.832215,23.48993,31.54362,4.697987
"127","7am",16.02008,20.173437,22.40986,25.37654,16.020082
"128","7am",21.11204,18.060201,30.01672,22.44983,8.361204
"129","7am",20.67511,16.244726,21.80028,26.9339,14.345992
"130","7am",21.16402,9.221466,23.05367,28.11791,18.442933
"131","7am",22.8925,6.187162,21.11369,30.93581,18.870843
"132","7am",23.40597,10.330912,27.28006,25.9887,12.99435
"133","7am",20.93023,7.55814,31.97674,23.83721,15.697674
"134","7am",21.76166,5.52677,20.8981,32.64249,19.170984
"135","7am",18.02326,23.837209,24.4186,22.09302,11.627907
"136","7am",23.72263,12.773723,25,26.03406,12.469586
"137","7am",27.03046,5.837563,19.54315,27.03046,20.558376
"138","7am",24.60064,2.236422,16.13419,28.27476,28.753994
"139","7am",28.34008,2.42915,17.00405,27.93522,24.291498
"140","7am",26.72956,7.861635,20.12579,26.41509,18.867925
"141","7am",24.78632,7.692308,17.09402,23.07692,27.350427
"301","7am",19.6748,16.341463,23.49593,26.17886,14.308943
"302","7am",16.1082,10.25434,22.04279,31.93379,19.66088
"303","7am",21.3964,17.68018,32.09459,21.95946,6.869369
"304","7am",18.18182,7.972028,15.38462,28.53147,29.93007
"305","7am",16.3522,19.496855,39.62264,20.75472,3.773585
"306","7am",21.01551,11.00141,26.65726,28.77292,12.552891
"307","7am",19.91398,10.83871,29.54839,29.72043,9.978495
"308","7am",23.11644,9.246575,25.94178,26.84075,14.854452
"309","7am",19.00718,5.421293,21.48922,30.82952,23.252776
"310","7am",18.3922,5.481121,23.62972,28.74543,23.751523
"401","7am",18.34862,13.149847,31.65138,28.59327,8.256881
"402","7am",20.59801,7.30897,30.23256,25.69214,16.168328
"403","7am",26.27841,15.056818,25.95881,22.40767,10.298295
"404","7am",20.74766,10.155763,27.97508,26.79128,14.330218
"405","7am",24.27791,10.30445,26.15144,25.44887,13.81733
"406","7am",21.42857,12.934363,26.64093,26.86615,12.129987
"407","7am",21.65899,11.40553,23.96313,28.22581,14.746544
"408","7am",23.88268,8.240223,31.28492,25.83799,10.75419
"501","7am",22.7027,13.693694,32.07207,21.26126,10.27027
"502","7am",19.75089,16.192171,33.98577,23.13167,6.939502
"511","7am",16.08209,16.604478,31.49254,26.71642,9.104478
"521","7am",19.57869,6.443618,25.89839,31.22677,16.85254
"522","7am",15.20468,8.382066,25.1462,33.91813,17.348928
"523","7am",20.20202,11.237374,30.55556,27.27273,10.732323
"524","7am",21.57395,10.583446,24.83039,26.72999,16.282225
"525","7am",20.54054,14.594595,33.51351,17.83784,13.513514
"531","7am",16.85144,8.203991,27.71619,32.81596,14.412417
"532","7am",20.49093,9.178228,24.75987,29.56243,16.008538
"533","7am",18.17447,21.405493,29.88691,21.00162,9.531502
"541","7am",23.56322,15.517241,25.28736,24.71264,10.91954
"542","7am",18.4252,10.07874,25.03937,31.1811,15.275591
"543","7am",22.99703,6.676558,21.21662,26.55786,22.551929
"544","7am",17.01418,10.758966,32.2769,28.85738,11.092577
"545","7am",19.54625,10.994764,31.06457,27.57417,10.820244
"546","7am",22.69148,12.455261,30.78024,24.40945,9.663565
"547","7am",26.4574,26.008969,23.31839,19.28251,4.932735
"551","7am",20.90301,15.050167,32.27425,22.74247,9.0301
"561","7am",19.20415,21.972318,29.58478,20.41522,8.823529
"562","7am",18.74145,18.946648,29.68536,25.1026,7.52394
"563","7am",17.68293,22.560976,28.04878,24.39024,7.317073
"564","7am",19.52663,11.242604,28.40237,26.62722,14.201183
"571","7am",17.25417,11.688312,34.13729,25.97403,10.946197
"572","7am",19.60784,11.982571,30.06536,27.23312,11.111111
"573","7am",18.75,10.714286,28.0754,28.27381,14.186508
"574","7am",18.59706,7.014682,24.30669,28.87439,21.207178
"575","7am",23.96313,12.903226,22.58065,24.42396,16.129032
"576","7am",17.80576,17.985612,29.85612,25.53957,8.81295
"601","7am",17.92763,17.927632,33.55263,24.01316,6.578947
"602","7am",17.25129,21.679126,26.73951,25.24439,9.085681
"611","7am",18.82255,8.457711,31.21891,28.81426,12.686567
"612","7am",18.29837,12.354312,31.35198,28.20513,9.79021
"621","7am",15.98002,8.114856,28.9638,33.95755,12.98377
"622","7am",18.13472,9.067358,31.93005,27.59067,13.277202
"623","7am",18.78073,9.3412,37.26647,23.00885,11.602753
"624","7am",19.41176,12.941176,38.03922,24.11765,5.490196
"631","7am",17.68813,13.033359,32.11792,28.47168,8.688906
"632","7am",17.10526,10.338346,31.57895,26.8797,14.097744
"633","7am",17.80987,11.191336,30.80626,28.88087,11.311673
"641","7am",19.24051,9.367089,28.73418,26.07595,16.582278
"642","7am",20.27424,12.830558,24.28991,28.30558,14.299706
"643","7am",18.66871,8.263198,25.09564,30.83397,17.138485
"644","7am",16.15044,6.415929,24.55752,32.85398,20.022124
"645","7am",20.03396,14.770798,35.14431,22.41087,7.640068
"651","7am",13.70671,10.906411,31.31909,31.54016,12.527634
"661","7am",19.20136,19.626168,27.7825,25.14868,8.241291
"662","7am",13.67188,11.71875,34.57031,31.25,8.789062
"663","7am",18.75,14.545455,29.65909,27.27273,9.772727
"671","7am",16.86391,23.4714,36.29191,17.55424,5.81854
"672","7am",17.15771,19.757366,33.79549,21.49047,7.79896
"673","7am",19.82906,23.589744,31.45299,19.31624,5.811966
"681","7am",20.46784,21.988304,28.88889,19.4152,9.239766
"691","7am",23.44262,14.098361,24.67213,25.08197,12.704918
"101","8am",17.13282,5.280321,17.88536,30.77888,28.922614
"102","8am",17.86717,11.955098,18.33489,28.90552,22.937325
"103","8am",16.52523,20.142921,27.51228,24.11791,11.701653
"104","8am",19.90268,15.13382,21.21655,27.44526,16.301703
"105","8am",18.87094,16.25773,21.80331,25.17455,17.893477
"106","8am",14.29027,17.639553,20.31898,29.50558,18.245614
"107","8am",18.00568,22.888143,25.08396,23.04314,10.979075
"108","8am",19.27117,16.398714,23.27974,26.64523,14.405145
"109","8am",19.55504,26.75644,23.77049,20.37471,9.543326
"110","8am",16.65623,18.566061,23.91985,27.36381,13.494051
"111","8am",13.71716,22.913447,24.92272,24.72952,13.717156
"112","8am",18.22173,19.429199,26.52763,24.77131,11.050128
"113","8am",18.03752,17.965368,27.41703,25.61328,10.966811
"114","8am",21.11352,17.642805,27.33189,22.77657,11.135213
"115","8am",19.80519,12.337662,32.14286,22.72727,12.987013
"116","8am",18.74305,13.793103,27.97553,27.58621,11.902113
"117","8am",23.65451,22.873264,27.86458,18.83681,6.770833
"118","8am",24.19291,27.740136,26.18573,16.54045,5.340773
"119","8am",20.78177,11.078374,25.45669,26.51738,16.165783
"120","8am",19.73203,9.013398,17.66139,25.82217,27.771011
"121","8am",17.72616,9.535452,18.58191,26.89487,27.261614
"122","8am",21.45329,5.074971,16.49366,27.56632,29.411765
"123","8am",31.91489,12.056738,14.89362,19.14894,21.985816
"124","8am",33.77246,19.640719,16.76647,18.56287,11.257485
"125","8am",24.30939,4.41989,12.70718,25.41436,33.149171
"126","8am",16.27907,26.356589,21.70543,31.78295,3.875969
"127","8am",16.25977,20.654297,22.55859,25.43945,15.087891
"128","8am",21.34591,19.03129,29.23275,22.2889,8.101157
"129","8am",20.68245,16.364903,22.77159,26.94986,13.231198
"130","8am",20.24374,8.395396,22.95193,28.70684,19.702099
"131","8am",22.09711,6.263195,21.18227,31.94933,18.508093
"132","8am",23.53982,11.150442,26.0177,26.0177,13.274336
"133","8am",20.5298,7.94702,33.77483,22.51656,15.231788
"134","8am",22.91667,5.833333,21.45833,32.08333,17.708333
"135","8am",19.75309,22.839506,20.37037,23.45679,13.580247
"136","8am",24.23435,13.715047,24.83356,25.96538,11.251664
"137","8am",25.99179,6.976744,19.83584,26.40219,20.793434
"138","8am",24.72527,3.479853,17.58242,29.48718,24.725275
"139","8am",26.98413,3.571429,18.25397,26.98413,24.206349
"140","8am",22.6601,8.128079,19.95074,29.06404,20.197044
"141","8am",24.77064,5.504587,18.34862,27.52294,23.853211
"301","8am",20.70064,16.16242,23.88535,25.07962,14.171975
"302","8am",15.88785,10.361642,22.59244,33.11662,18.041447
"303","8am",21.40309,18.43044,31.86683,21.16528,7.134364
"304","8am",18.46785,8.481532,17.51026,29.00137,26.538988
"305","8am",16.66667,19.230769,36.53846,22.4359,5.128205
"306","8am",20.42254,11.126761,26.61972,28.87324,12.957746
"307","8am",19.70803,10.691284,29.49764,29.54058,10.562473
"308","8am",23.12472,9.365291,26.00976,26.14292,15.357301
"309","8am",18.03797,5.822785,23.10127,31.58228,21.455696
"310","8am",17.90123,6.296296,24.69136,29.62963,21.481481
"401","8am",18.21248,13.659359,32.54637,27.65599,7.925801
"402","8am",21.42857,7.582418,30.43956,25.82418,14.725275
"403","8am",24.77402,13.993974,24.84098,24.57315,11.817877
"404","8am",21.11925,10.726183,28.31446,26.51566,13.32445
"405","8am",23.07018,11.052632,27.45614,25,13.421053
"406","8am",20.23406,12.534647,26.88636,27.56391,12.781029
"407","8am",20.63134,11.724915,24.23901,28.41037,14.994363
"408","8am",24.50832,9.531014,30.25719,25.26475,10.438729
"501","8am",22.8,14.2,34,19.6,9.4
"502","8am",21.19461,16.955684,32.56262,22.73603,6.55106
"511","8am",16.42994,16.928983,31.5547,26.18042,8.90595
"521","8am",20.92391,6.793478,26.3587,29.61957,16.304348
"522","8am",16.78161,10.114943,25.51724,33.56322,14.022989
"523","8am",18.88199,11.428571,31.18012,27.95031,10.559006
"524","8am",22.52252,10.810811,25.67568,26.12613,14.864865
"525","8am",20.11494,16.091954,32.75862,18.3908,12.643678
"531","8am",17.32187,9.336609,28.37838,30.83538,14.127764
"532","8am",20.39691,9.371555,24.4763,28.55568,17.199559
"533","8am",18.31442,20.988655,29.74068,21.63695,9.319287
"541","8am",22.1519,16.455696,25.94937,24.68354,10.759494
"542","8am",18.18182,10.85044,25.07331,32.69795,13.196481
"543","8am",23.43234,6.60066,21.94719,25.57756,22.442244
"544","8am",18.32884,10.961366,31.89578,28.75112,10.062893
"545","8am",19.72656,12.890625,30.66406,26.36719,10.351562
"546","8am",21.88385,12.677054,30.16997,24.57507,10.694051
"547","8am",25.85366,26.829268,22.43902,19.5122,5.365854
"551","8am",21.54116,15.411559,32.04904,22.94221,8.056042
"561","8am",19.89051,22.627737,29.56204,19.52555,8.394161
"562","8am",18.27309,18.54083,29.91968,25.36814,7.89826
"563","8am",19.01408,23.943662,27.46479,21.83099,7.746479
"564","8am",21.11801,10.559006,29.19255,26.08696,13.043478
"571","8am",17.54032,12.298387,34.27419,25.40323,10.483871
"572","8am",19.53602,12.576313,30.40293,26.37363,11.111111
"573","8am",19.1133,10.640394,28.57143,27.29064,14.384236
"574","8am",19.35484,7.590133,23.90892,30.17078,18.975332
"575","8am",22.46696,11.894273,23.78855,24.6696,17.180617
"576","8am",18.27309,19.076305,28.51406,27.71084,6.425703
"601","8am",18.86447,18.498168,33.88278,22.34432,6.410256
"602","8am",17.06081,21.621622,27.47748,25,8.84009
"611","8am",18.46554,8.929345,31.03598,29.43216,12.136974
"612","8am",17.22892,13.253012,30.48193,28.6747,10.361446
"621","8am",15.23096,8.988764,30.46192,31.58552,13.732834
"622","8am",17.8127,9.692207,31.49967,28.29077,12.70465
"623","8am",19.83211,8.814271,37.67051,22.98006,10.703043
"624","8am",21.48936,12.978723,38.7234,22.12766,4.680851
"631","8am",17.31207,13.287775,30.82764,29.84055,8.731967
"632","8am",17.90123,10.699588,33.95062,24.4856,12.962963
"633","8am",18.5923,11.288181,30.14608,28.41965,11.553785
"641","8am",19.72187,8.849558,29.70923,26.67509,15.044248
"642","8am",20.40816,11.091393,26.26442,28.12777,14.108252
"643","8am",18.7291,9.448161,25.33445,30.10033,16.38796
"644","8am",16.05505,7.224771,25.80275,31.88073,19.036697
"645","8am",19.78022,15.750916,35.34799,21.79487,7.326007
"651","8am",14.46443,11.102424,29.08522,31.97811,13.36982
"661","8am",18.6635,18.505338,28.07434,25.42507,9.331752
"662","8am",14.73923,12.698413,35.82766,29.47846,7.256236
"663","8am",18.65079,15.608466,28.96825,27.1164,9.656085
"671","8am",16.61442,24.660397,35.00522,17.97283,5.747126
"672","8am",17.02899,20.108696,33.33333,21.01449,8.514493
"673","8am",20.72727,23.818182,32,18.36364,5.090909
"681","8am",20.76372,22.195704,27.8043,19.9284,9.307876
"691","8am",23.2618,14.248927,25.15021,25.06438,12.274678
"101","9am",17.14887,5.64239,17.83616,30.77264,28.599933
"102","9am",17.3519,11.847625,18.89579,29.06528,22.839403
"103","9am",16.614,20.045147,27.44921,23.97291,11.918736
"104","9am",20.2696,15.227159,21.91712,26.80979,15.776335
"105","9am",18.59133,15.976331,22.0271,24.98568,18.419546
"106","9am",14.656,17.952,20.832,29.312,17.248
"107","9am",18.09599,22.921584,24.60005,23.3412,11.041175
"108","9am",19.30609,16.283525,23.30779,26.50064,14.601958
"109","9am",19.94083,26.035503,23.84615,20.17751,10
"110","9am",17.20089,18.279911,24.08759,27.38813,13.043478
"111","9am",13.94377,22.074468,24.84802,25.18997,13.943769
"112","9am",18.08352,19.425802,26.6965,24.98136,10.812826
"113","9am",17.54003,17.83115,28.45706,24.89083,11.280932
"114","9am",21.50456,17.933131,26.74772,22.56839,11.246201
"115","9am",19.61415,11.575563,31.18971,24.11576,13.504823
"116","9am",19.11524,14.145276,26.92518,27.90825,11.906062
"117","9am",23.51152,22.772708,27.42286,19.38288,6.910039
"118","9am",24.35588,27.254428,26.08696,16.62641,5.676329
"119","9am",20.37037,10.846561,25.32124,26.96523,16.496599
"120","9am",20.58111,9.322034,17.79661,25.54479,26.755448
"121","9am",16.05392,10.539216,19.97549,26.10294,27.328431
"122","9am",20.51282,6.13155,16.49944,28.76254,28.093645
"123","9am",34.10853,13.178295,14.72868,17.05426,20.930233
"124","9am",33.8403,20.405577,16.09632,19.01141,10.646388
"125","9am",24.26036,5.325444,12.42604,26.0355,31.952663
"126","9am",17.32283,24.409449,25.98425,28.34646,3.937008
"127","9am",16.27102,20.623145,22.74975,25.12364,15.232443
"128","9am",21.65879,18.736571,29.13623,22.17447,8.293941
"129","9am",21.07069,16.403569,22.58065,26.35553,13.589568
"130","9am",20,8.131148,23.14754,28.98361,19.737705
"131","9am",21.22208,6.504599,21.02497,32.26018,18.988173
"132","9am",23.49118,11.792015,26.74095,25.25534,12.72052
"133","9am",20.14388,7.913669,35.97122,22.30216,13.669065
"134","9am",24.33628,5.752212,21.23894,31.85841,16.814159
"135","9am",17.72152,21.518987,20.25316,27.8481,12.658228
"136","9am",23.60913,14.336662,24.75036,26.60485,10.699001
"137","9am",26.53631,7.122905,19.41341,26.11732,20.810056
"138","9am",25.77519,3.682171,18.79845,27.13178,24.612403
"139","9am",26.01626,3.252033,18.69919,28.45528,23.577236
"140","9am",22.02247,8.988764,20,31.01124,17.977528
"141","9am",22.41379,5.172414,21.55172,25,25.862069
"301","9am",20.06197,16.111541,23.54764,25.87142,14.407436
"302","9am",15.93028,10.376976,22.78071,32.75233,18.159708
"303","9am",22.3192,17.830424,30.67332,21.69576,7.481297
"304","9am",19.13161,8.548168,17.09634,29.98643,25.237449
"305","9am",16.77419,20,36.77419,21.29032,5.16129
"306","9am",20.22631,10.608204,28.00566,27.43989,13.719943
"307","9am",20.17995,10.454156,29.64867,28.74893,10.968295
"308","9am",22.90651,9.437306,25.69783,26.76119,15.197164
"309","9am",17.66894,5.765654,23.62058,32.30006,20.644761
"310","9am",17.64032,6.758305,24.39863,30.46964,20.733104
"401","9am",19.02174,14.130435,30.97826,27.35507,8.514493
"402","9am",21.42077,8.306011,29.94536,25.46448,14.863388
"403","9am",24.19777,13.555992,25.21284,24.72168,12.311722
"404","9am",20.98601,10.926049,29.11392,26.31579,12.658228
"405","9am",23.15593,11.204482,27.73109,25.02334,12.885154
"406","9am",19.67811,12.511388,26.72335,27.81658,13.270574
"407","9am",20.39171,10.9447,25.11521,28.91705,14.631336
"408","9am",23.98703,9.886548,28.52512,25.76985,11.831442
"501","9am",23.60248,14.699793,34.36853,18.63354,8.695652
"502","9am",20.27833,16.699801,33.3996,22.86282,6.759443
"511","9am",16.69873,17.12197,31.16583,26.08696,8.92651
"521","9am",20.53824,6.515581,27.33711,30.02833,15.580737
"522","9am",17.83133,10.361446,25.3012,33.73494,12.771084
"523","9am",18.17088,11.070999,31.40794,28.51986,10.830325
"524","9am",22,11.538462,26,25.69231,14.769231
"525","9am",18.06452,16.129032,32.90323,21.29032,11.612903
"531","9am",17.01031,9.407216,28.35052,30.92784,14.304124
"532","9am",20.41049,9.122007,23.71722,29.19042,17.559863
"533","9am",18.57259,20.843471,29.44039,21.7356,9.407948
"541","9am",23.07692,17.482517,25.17483,25.17483,9.090909
"542","9am",17.1131,10.714286,24.70238,34.22619,13.244048
"543","9am",22.86213,6.457243,23.21117,26.17801,21.291449
"544","9am",17.96029,10.469314,31.6787,29.78339,10.108303
"545","9am",19.9187,12.601626,30.28455,26.21951,10.97561
"546","9am",21.82203,12.358757,30.79096,24.29379,10.734463
"547","9am",26.42487,28.497409,22.27979,17.61658,5.181347
"551","9am",21.42857,15.750916,31.86813,22.52747,8.424908
"561","9am",20.59925,22.846442,27.90262,20.03745,8.614232
"562","9am",18.1638,18.361955,30.11889,25.62748,7.727873
"563","9am",19.56522,25.362319,25.36232,22.46377,7.246377
"564","9am",21.19205,9.933775,29.80132,26.49007,12.582781
"571","9am",18.25902,11.889597,34.60722,25.47771,9.766454
"572","9am",18.52315,13.141427,31.28911,26.03254,11.013767
"573","9am",19.5547,10.35818,27.87996,27.58955,14.617619
"574","9am",20.03968,7.936508,24.80159,28.57143,18.650794
"575","9am",21.21212,11.255411,25.10823,25.10823,17.316017
"576","9am",17.81971,19.077568,29.55975,26.83438,6.708595
"601","9am",19.14894,17.794971,34.23598,21.85687,6.96325
"602","9am",16.96329,21.412681,27.75306,25.19466,8.676307
"611","9am",18.82353,9.150327,31.50327,28.93246,11.590414
"612","9am",17.96407,12.45509,30.2994,28.98204,10.299401
"621","9am",16.17458,8.85751,30.03851,31.83569,13.09371
"622","9am",17.17105,9.736842,32.10526,28.22368,12.763158
"623","9am",20.92772,9.277238,36.24595,22.86947,10.679612
"624","9am",21.00656,13.129103,38.94967,22.10066,4.814004
"631","9am",17.2466,13.388805,31.24054,29.5764,8.547655
"632","9am",18.52632,10.526316,32.84211,25.47368,12.631579
"633","9am",18.39888,11.516854,30.47753,28.65169,10.955056
"641","9am",18.4111,8.827238,30.39092,27.23834,15.132409
"642","9am",19.69046,10.748065,27.34308,28.28891,13.929493
"643","9am",18.84682,9.380379,24.78485,29.94836,17.039587
"644","9am",16.16499,6.688963,27.64771,31.43813,18.060201
"645","9am",19.80952,15.238095,35.61905,22.47619,6.857143
"651","9am",15.05122,10.401891,29.07801,31.75729,13.711584
"661","9am",18.62302,18.096313,28.06622,25.80888,9.405568
"662","9am",14.92537,11.940299,36.56716,29.35323,7.21393
"663","9am",18.25726,16.04426,28.35408,27.93914,9.405256
"671","9am",16.70236,25.267666,34.15418,17.98715,5.888651
"672","9am",17.13748,20.150659,33.14501,21.2806,8.286252
"673","9am",21.30518,24.952015,31.28599,17.85029,4.606526
"681","9am",20.92747,21.521998,28.41855,20.09512,9.036861
"691","9am",23.6136,14.669052,25.22361,24.23971,12.254025
"101","10am",17.35572,6.285414,17.98531,30.17838,28.195173
"102","10am",17.24249,11.850178,19.35744,28.83436,22.715531
"103","10am",16.54578,19.900272,27.01723,23.93472,12.601995
"104","10am",20.05128,15.282051,22.41026,26.61538,15.641026
"105","10am",18.74647,15.810277,21.92735,24.97647,18.539432
"106","10am",14.82902,17.641419,21.12496,29.30649,17.098114
"107","10am",18.33598,22.972973,24.13884,23.47642,11.075782
"108","10am",19.40424,16.236627,23.49486,26.22194,14.642333
"109","10am",19.976,26.094781,23.63527,20.03599,10.257948
