"district","hour","age1","age2","age3","age4"
"101","4am",22.499864,19.625613,43.29724,14.577287
"102","4am",31.359098,18.843344,31.56704,18.230519
"103","4am",29.293837,21.084178,34.87801,14.743978
"104","4am",26.691649,26.71647,36.40473,10.18715
"105","4am",19.400387,22.493598,44.14873,13.957281
"106","4am",14.811192,27.783942,44.49434,12.910528
"107","4am",11.384497,13.80901,49.12478,25.681711
"108","4am",16.516241,20.291211,45.43398,17.758569
"109","4am",17.110762,13.519569,47.24736,22.122308
"110","4am",22.71872,26.449951,35.0398,15.791533
"111","4am",18.479259,22.310221,42.80795,16.402574
"112","4am",31.83387,25.16947,33.33088,9.665781
"113","4am",27.010732,14.747608,40.28548,17.95618
"114","4am",10.46364,15.480142,45.47714,28.57908
"115","4am",12.054464,17.196503,49.74951,20.999521
"116","4am",30.796405,31.631588,28.97341,8.598595
"117","4am",26.362013,24.820881,34.57009,14.247013
"118","4am",22.015559,29.728695,34.53603,13.719715
"119","4am",26.848141,18.122074,43.43786,11.591924
"120","4am",20.836297,21.191363,45.43804,12.534295
"121","4am",27.500991,18.061203,35.37118,19.066624
"122","4am",19.582966,22.932417,40.46072,17.023902
"123","4am",22.887595,23.802548,39.36266,13.947197
"124","4am",20.459763,28.209061,39.89193,11.439246
"125","4am",20.680139,20.04699,43.13093,16.141938
"126","4am",15.50738,16.197902,42.2992,25.995513
"127","4am",20.156528,21.681008,39.07364,19.088829
"128","4am",19.92252,22.879121,36.05318,21.14518
"129","4am",38.721887,22.505348,28.69226,10.080502
"130","4am",19.698594,22.910019,45.7624,11.628984
"131","4am",24.307312,26.033738,37.74329,11.915659
"132","4am",34.670339,21.677444,29.41123,14.240988
"133","4am",18.997299,18.285116,48.28668,14.430907
"134","4am",16.483063,16.899658,45.35938,21.2579
"135","4am",16.900156,20.355777,41.35625,21.387813
"136","4am",24.223497,19.736893,39.28848,16.751135
"137","4am",15.649625,20.798133,42.55444,20.997801
"138","4am",28.53067,22.929157,35.89681,12.643365
"139","4am",20.441954,17.64874,45.12588,16.783428
"140","4am",16.288406,25.220536,42.11712,16.37394
"141","4am",17.60907,23.705722,45.53172,13.153492
"142","4am",18.065873,15.408095,48.57691,17.94912
"143","4am",21.335162,18.157324,43.44293,17.064582
"144","4am",16.566311,14.52124,48.5512,20.361246
"145","4am",66.079304,14.909964,13.47035,5.540382
"146","4am",16.916474,27.216184,40.59318,15.274161
"201","4am",17.882081,17.184233,44.77758,20.156108
"202","4am",17.672467,16.628933,45.9496,19.748995
"203","4am",13.067836,18.259042,44.85044,23.822682
"204","4am",18.56886,19.264975,43.01215,19.154015
"205","4am",14.541475,19.874323,44.46925,21.114955
"206","4am",14.191343,17.690259,46.54106,21.577335
"207","4am",15.936183,18.272967,46.46841,19.322439
"208","4am",20.637737,14.532859,47.79275,17.036658
"209","4am",12.717526,17.575102,49.31063,20.396742
"210","4am",16.014242,15.177981,50.42069,18.387087
"211","4am",17.465661,22.657108,41.04117,18.836064
"212","4am",13.007295,19.929096,44.50671,22.556898
"213","4am",11.394844,15.070178,48.33631,25.198664
"214","4am",11.183158,11.201767,51.86254,25.752537
"215","4am",10.494527,13.865301,53.06282,22.577354
"216","4am",13.463417,10.05238,54.38562,22.098585
"217","4am",13.683524,12.051675,53.23518,21.029617
"218","4am",18.136607,8.4435,48.30814,25.111749
"219","4am",18.542265,11.826196,48.17157,21.459969
"220","4am",16.827741,9.383832,56.12671,17.661718
"221","4am",12.897382,13.007153,50.01167,24.083792
"222","4am",11.943854,8.843347,54.83963,24.37317
"223","4am",9.935588,11.202603,58.42228,20.439526
"224","4am",13.266913,10.297191,55.92093,20.514966
"225","4am",11.114284,11.458364,58.07407,19.353277
"226","4am",11.312641,14.358503,46.7847,27.544154
"227","4am",10.931862,11.518914,52.41115,25.138076
"228","4am",11.56331,13.772988,54.17032,20.493381
"229","4am",16.474457,17.354859,46.75315,19.417531
"230","4am",16.003236,21.455389,46.16983,16.371542
"231","4am",23.874089,19.687967,44.23464,12.203303
"232","4am",15.644127,16.060906,48.88243,19.412537
"233","4am",15.78839,15.325825,48.4682,20.417584
"234","4am",15.04919,20.355903,43.90752,20.687388
"235","4am",14.236839,16.637956,48.77375,20.351451
"236","4am",14.41911,13.301438,50.62509,21.654366
"237","4am",13.87671,16.107789,54.46709,15.54841
"238","4am",16.44626,11.228769,54.88134,17.443631
"239","4am",17.817994,12.908184,50.71652,18.557299
"240","4am",13.201133,19.183757,47.2431,20.372011
"241","4am",14.953245,16.905665,46.52861,21.612477
"242","4am",13.481347,19.579159,46.31058,20.628916
"243","4am",14.476072,13.878759,54.18821,17.456962
"244","4am",13.534679,6.853148,63.8641,15.748069
"245","4am",15.850798,13.157204,52.88429,18.107713
"246","4am",13.528495,11.170817,57.10758,18.193104
"247","4am",12.988229,11.158834,56.68123,19.171708
"248","4am",12.112716,16.984098,52.53639,18.3668
"249","4am",13.603833,17.606308,48.22785,20.562005
"250","4am",16.087905,12.892896,52.10612,18.913083
"251","4am",12.689093,8.239389,57.04247,22.029052
"252","4am",13.012089,17.077557,50.21583,19.694522
"253","4am",12.537947,9.75362,62.62686,15.081571
"254","4am",13.615962,9.164547,61.1689,16.050595
"255","4am",13.709809,10.294657,58.1859,17.809634
"256","4am",13.556445,10.520235,58.85342,17.069895
"257","4am",13.900407,9.070173,55.78495,21.244466
"301","4am",14.48829,15.441656,45.20231,24.867742
"302","4am",13.870347,16.255298,52.62789,17.246468
"303","4am",22.148869,19.722123,52.49724,5.631767
"304","4am",13.887354,17.071703,53.44168,15.599267
"305","4am",16.697473,17.893733,52.89383,12.514967
"306","4am",13.83045,14.779019,62.40213,8.9884
"307","4am",10.313302,13.102243,57.53235,19.052108
"308","4am",8.608807,4.249691,69.57893,17.562569
"401","4am",13.851811,19.992586,40.54151,25.614097
"402","4am",13.981296,18.68425,50.91257,16.421887
"403","4am",12.867282,13.907097,47.6314,25.594216
"404","4am",15.747329,11.006281,53.82731,19.419082
"405","4am",8.03516,9.934234,61.19426,20.836349
"406","4am",10.908385,14.736312,57.27612,17.079185
"501","4am",14.46573,20.13305,43.31116,22.090061
"502","4am",15.439395,22.638813,46.41028,15.511509
"503","4am",14.293737,14.929412,50.03056,20.746291
"504","4am",12.449707,15.986979,54.44761,17.115702
"505","4am",14.271291,17.026465,50.38861,18.313634
"506","4am",9.968134,19.877221,48.70757,21.447077
"507","4am",9.052067,14.006355,50.71243,26.229149
"508","4am",11.999321,8.355187,52.63628,27.009216
"509","4am",13.873126,13.37585,47.322,25.429022
"510","4am",11.086941,9.943403,60.72614,18.243515
"511","4am",10.56451,9.980857,59.14095,20.313681
"512","4am",10.926557,15.203228,55.42425,18.445968
"513","4am",10.627065,13.944094,56.6146,18.81424
"514","4am",13.084175,8.024508,59.89115,19.00017
"515","4am",14.992864,11.024606,56.30421,17.678319
"516","4am",10.803205,6.495342,61.82096,20.880498
"517","4am",9.659102,11.495375,58.38371,20.461809
"518","4am",10.602891,12.534075,54.76814,22.094895
"519","4am",15.529204,10.822239,57.05203,16.596526
"520","4am",16.339884,12.122688,55.56935,15.968075
"521","4am",12.062136,6.902883,61.17985,19.855133
"522","4am",11.505205,14.589433,54.29824,19.607119
"601","4am",17.205788,16.353063,51.58061,14.86054
"602","4am",10.143162,15.910625,56.24524,17.700972
"603","4am",10.763871,17.929327,54.18958,17.117221
"604","4am",10.723564,14.761157,57.34457,17.170712
"605","4am",13.377235,12.590864,57.68094,16.350958
"606","4am",11.004359,12.202671,58.80176,17.991211
"607","4am",10.38557,18.588576,50.79546,20.230397
"608","4am",12.043366,15.589333,51.78124,20.586062
"609","4am",11.107289,6.019024,63.68454,19.18915
"610","4am",10.435308,19.309255,49.26134,20.994099
"611","4am",8.151045,15.213143,56.75314,19.88267
"612","4am",12.852892,11.348498,55.11755,20.681055
"613","4am",11.9943,11.347535,60.24889,16.409277
"614","4am",14.275622,5.819068,62.25225,17.653063
"615","4am",12.474954,19.138313,46.24411,22.142624
"616","4am",13.259592,14.259483,46.18826,26.292669
"617","4am",13.369474,8.617859,54.29808,23.714586
"618","4am",9.262508,13.280441,57.96246,19.494596
"701","4am",11.094862,8.209887,63.54395,17.151304
"702","4am",13.948614,5.809525,63.32198,16.919886
"703","4am",12.444197,10.015304,61.4235,16.116997
"704","4am",13.061406,13.37937,55.65317,17.906054
"705","4am",14.519372,7.161464,59.94131,18.377858
"706","4am",14.395957,11.942186,55.87314,17.788714
"707","4am",17.234751,21.352955,46.62164,14.790652
"708","4am",12.534339,15.038352,56.00913,16.418179
"709","4am",10.464027,20.724719,51.03628,17.774978
"710","4am",12.146005,9.752477,64.0206,14.08092
"711","4am",11.54169,9.849409,59.23036,19.378539
"712","4am",14.86165,10.950722,53.80853,20.3791
"101","5am",23.016884,19.153827,44.26931,13.559981
"102","5am",31.419498,19.636013,30.67886,18.265633
"103","5am",29.016141,21.166986,35.01499,14.801885
"104","5am",26.858824,26.8922,35.99802,10.250954
"105","5am",19.072387,22.113302,45.093,13.721308
"106","5am",15.553136,28.031697,43.72723,12.687942
"107","5am",10.145356,14.088605,49.56434,26.201696
"108","5am",15.797314,21.065103,44.94225,18.195333
"109","5am",17.183758,13.577245,47.02231,22.216684
"110","5am",23.222689,26.594179,34.0413,16.141837
"111","5am",19.094036,23.038076,41.39922,16.468671
"112","5am",31.984311,25.288417,33.01581,9.71146
"113","5am",26.975536,14.728391,40.36329,17.932782
"114","5am",10.542485,14.84327,45.81982,28.794428
"115","5am",11.390852,17.101852,49.8909,21.616401
"116","5am",29.134296,31.009007,31.95388,7.902821
"117","5am",26.489681,24.269027,34.92528,14.31601
"118","5am",22.21248,29.994607,33.95048,13.842433
"119","5am",27.219735,18.746336,42.04269,11.991238
"120","5am",20.419085,21.592326,45.70527,12.283317
"121","5am",26.637117,16.671428,37.8066,18.884858
"122","5am",19.535062,22.876319,40.60636,16.982258
"123","5am",23.858628,24.128268,37.47418,14.538923
"124","5am",20.629646,28.44329,39.39283,11.534229
"125","5am",20.259248,19.809305,44.11804,15.813411
"126","5am",16.027311,16.338461,42.03213,25.602102
"127","5am",20.04191,21.557721,39.42009,18.980282
"128","5am",20.62517,22.110284,36.82994,20.434611
"129","5am",38.654054,22.465923,28.81718,10.062842
"130","5am",18.908679,23.042948,46.35191,11.696458
"131","5am",22.421843,26.480224,40.10655,10.991385
"132","5am",34.393145,21.50413,29.9756,14.12713
"133","5am",19.932526,17.052151,48.46566,14.549668
"134","5am",15.950722,17.035288,43.8881,23.125887
"135","5am",16.942187,21.314557,39.34805,22.395203
"136","5am",23.739548,19.780013,39.69271,16.787732
"137","5am",15.305604,20.340933,43.81725,20.536212
"138","5am",28.041768,23.086009,36.14237,12.729855
"139","5am",20.789818,17.949071,44.19208,17.069035
"140","5am",16.288406,25.220536,42.11712,16.37394
"141","5am",17.222651,23.185516,46.72699,12.864848
"142","5am",18.449906,15.735629,47.48379,18.33067
"143","5am",21.354649,17.40251,43.29681,17.946028
"144","5am",16.193395,14.288534,48.41284,21.10523
"145","5am",65.969028,14.885081,13.61475,5.531136
"146","5am",16.991849,26.891882,40.77405,15.342218
"201","5am",18.06143,17.356583,44.22372,20.358265
"202","5am",17.218109,16.242273,46.28967,20.249946
"203","5am",14.302015,17.860866,44.53394,23.30318
"204","5am",18.59421,19.291274,42.93435,19.180164
"205","5am",14.515294,21.933383,44.09812,19.453201
"206","5am",14.784497,15.081045,48.13999,21.994468
"207","5am",15.619862,18.767635,46.6736,18.938903
"208","5am",22.277741,15.703197,44.5132,17.505858
"209","5am",13.05539,17.840406,49.44715,19.657054
"210","5am",15.936323,14.154867,51.61119,18.297622
"211","5am",15.763912,22.769032,42.13087,19.336189
"212","5am",13.264723,19.685637,44.04632,23.003324
"213","5am",11.253723,14.1631,49.69659,24.886587
"214","5am",11.208651,11.227303,51.7528,25.811241
"215","5am",10.5827,13.981795,52.66846,22.767045
"216","5am",13.585069,10.14321,53.97346,22.298262
"217","5am",13.657605,12.028847,53.32377,20.989783
"218","5am",18.80868,9.146296,47.10796,24.937064
"219","5am",17.978901,12.364035,48.84911,20.807958
"220","5am",17.125763,9.550021,55.34971,17.974509
"221","5am",13.141358,13.747745,49.2561,23.854801
"222","5am",12.228657,9.054219,53.76277,24.954353
"223","5am",10.00044,11.275726,58.15089,20.572941
"224","5am",13.283728,10.310242,55.86506,20.540967
"225","5am",10.790319,10.858064,58.64049,19.711126
"226","5am",9.072125,14.902141,47.85888,28.166856
"227","5am",12.077481,11.561163,51.13108,25.230277
"228","5am",11.725002,14.803899,53.65513,19.815969
"229","5am",17.219789,17.390671,45.09353,20.296014
"230","5am",14.74562,20.991829,46.7991,17.463452
"231","5am",24.15905,19.690246,43.43367,12.717037
"232","5am",15.929352,16.35373,47.95045,19.766469
"233","5am",15.51827,14.140431,50.27303,20.068265
"234","5am",13.892938,19.795045,44.44574,21.866275
"235","5am",14.716407,17.198406,47.0482,21.03699
"236","5am",14.499646,13.299305,52.61098,19.590066
"237","5am",12.873793,16.45861,54.78055,15.887049
"238","5am",16.641736,11.693122,55.0944,16.57074
"239","5am",18.010225,13.615781,49.61649,18.757506
"240","5am",13.61986,19.035501,47.527,19.817642
"241","5am",15.735894,15.572827,47.51015,21.181132
"242","5am",13.767784,17.626567,47.72679,20.878861
"243","5am",13.954606,14.230962,54.98632,16.828116
"244","5am",13.5728,7.86171,62.55246,16.013031
"245","5am",15.509732,12.874097,53.89809,17.718085
"246","5am",13.660815,11.280077,56.68806,18.371048
"247","5am",12.794278,11.424726,56.89558,18.88542
"248","5am",12.18484,18.088629,51.25037,18.476163
"249","5am",13.940922,18.042574,46.94499,21.071511
"250","5am",15.525796,14.317253,51.33304,18.823912
"251","5am",12.518545,8.128647,57.61984,21.732971
"252","5am",12.877948,16.901505,50.72906,19.491491
"253","5am",10.894991,11.806275,64.19343,13.105303
"254","5am",14.596582,10.42274,58.93246,16.048219
"255","5am",13.884978,12.169823,56.62899,17.316209
"256","5am",13.318599,11.459701,58.45129,16.770406
"257","5am",13.955215,9.105936,55.61062,21.328231
"301","5am",13.853655,15.074248,46.00489,25.067204
"302","5am",13.670917,16.021577,53.30901,16.998495
"303","5am",22.095181,19.75084,52.53586,5.618116
"304","5am",13.459479,17.755167,54.06033,14.725021
"305","5am",17.063237,17.330336,52.81731,12.789112
"306","5am",14.522779,14.72444,61.31444,9.438344
"307","5am",10.048485,13.563318,56.66564,19.72256
"308","5am",8.824972,4.3564,68.81507,18.00356
"401","5am",13.682452,20.864155,40.15246,25.300928
"402","5am",12.391016,17.923145,52.56974,17.116094
"403","5am",12.787243,13.053017,48.72473,25.43501
"404","5am",15.693717,10.377805,54.57551,19.35297
"405","5am",8.174496,10.106502,60.52133,21.197669
"406","5am",10.901989,14.727671,57.30117,17.06917
"501","5am",14.818093,19.539432,43.01434,22.62814
"502","5am",15.309148,22.447831,46.38607,15.85695
"503","5am",14.469652,15.11315,49.41558,21.001618
"504","5am",12.474291,16.018547,54.35766,17.1495
"505","5am",14.532545,17.338157,49.48041,18.648888
"506","5am",9.999212,19.939194,48.54765,21.513944
"507","5am",9.325051,14.428745,49.22606,27.020143
"508","5am",12.065418,8.40121,52.37538,27.157992
"509","5am",12.074175,13.774123,47.96552,26.186184
"510","5am",11.586945,10.391834,58.95495,19.066269
"511","5am",10.716167,7.648861,61.02968,20.60529
"512","5am",10.730861,14.930936,56.2226,18.115599
"513","5am",10.328361,15.672146,55.71408,18.285413
"514","5am",13.157891,8.069718,59.66518,19.107216
"515","5am",15.452488,11.362579,54.96466,18.22027
"516","5am",11.042565,6.639256,60.97504,21.343136
"517","5am",9.771063,11.628621,57.90133,20.698986
"518","5am",10.721352,12.674112,54.26279,22.34175
"519","5am",14.791579,10.87916,57.64544,16.683818
"520","5am",16.399783,12.167127,55.40648,16.026611
"521","5am",12.285995,7.030992,60.45939,20.223621
"522","5am",11.630002,14.173659,54.37654,19.819799
"601","5am",17.51539,16.647321,50.70935,15.127942
"602","5am",10.284431,15.362868,56.4052,17.947502
"603","5am",11.164596,17.347521,53.73341,17.754472
"604","5am",10.761748,14.813718,57.19268,17.231853
"605","5am",13.79964,11.287741,58.04536,16.867263
"606","5am",11.191077,12.409721,58.10272,18.29648
"607","5am",10.849641,15.807205,52.20878,21.134375
"608","5am",11.824201,16.546995,51.41737,20.211438
"609","5am",11.498836,4.576691,64.05888,19.865594
"610","5am",10.637462,18.882818,49.07892,21.400799
"611","5am",8.435032,15.743177,55.2464,20.575394
"612","5am",13.14586,11.607175,54.09451,21.152457
"613","5am",12.216955,11.514239,59.55492,16.713889
"614","5am",14.903586,5.833715,61.5652,17.697496
"615","5am",12.602664,19.334238,45.69379,22.369305
"616","5am",13.732855,14.768435,44.2676,27.231111
"617","5am",13.700721,8.831379,53.81259,23.655305
"618","5am",9.262508,13.280441,57.96246,19.494596
"701","5am",10.940452,8.095628,64.05131,16.912605
"702","5am",14.241244,5.931404,62.5525,17.27485
"703","5am",12.357942,9.945884,61.69089,16.005285
"704","5am",12.83685,12.803366,56.09974,18.260045
"705","5am",14.328502,7.06732,60.46791,18.136264
"706","5am",13.215669,11.96254,57.00276,17.819032
"707","5am",17.476939,21.779409,46.00111,14.742542
"708","5am",12.719254,15.260208,55.36015,16.660391
"709","5am",11.009751,19.752888,50.53538,18.701986
"710","5am",11.914838,12.344918,61.92732,13.812926
"711","5am",11.535003,8.801845,60.29584,19.367312
"712","5am",14.615524,12.425483,52.91739,20.041598
"101","6am",26.022533,17.559912,44.41352,12.004035
"102","6am",31.925509,19.127516,30.38717,18.5598
"103","6am",26.751901,22.64186,36.5161,14.090136
"104","6am",25.84274,27.999717,35.8252,10.332338
"105","6am",18.340909,22.41603,44.96272,14.280343
"106","6am",14.229761,27.23148,45.77585,12.762907
"107","6am",10.26229,15.574978,48.59925,25.563481
"108","6am",17.556831,19.527352,44.89125,18.024569
"109","6am",17.601246,13.907111,45.73519,22.75645
"110","6am",22.636379,24.228329,35.83655,17.29874
"111","6am",17.371995,23.310049,42.16452,17.153434
"112","6am",33.520231,24.74522,32.70187,9.032678
"113","6am",28.12831,15.793447,37.96979,18.108457
"114","6am",11.131959,13.42969,45.03391,30.404442
"115","6am",10.895776,15.714729,50.68396,22.705538
"116","6am",28.38949,27.226981,37.19899,7.18454
"117","6am",26.280812,23.971204,34.48277,15.265216
"118","6am",24.29981,29.359035,32.33531,14.005848
"119","6am",28.158405,16.608891,43.1667,12.066003
"120","6am",18.710222,20.57221,49.35046,11.367112
"121","6am",25.761179,16.897963,37.87306,19.467801
"122","6am",19.073624,24.012009,39.93839,16.97598
"123","6am",24.114137,21.785448,39.08653,15.013882
"124","6am",19.652309,28.675097,39.57071,12.101881
"125","6am",20.007411,20.051297,44.6419,15.299395
"126","6am",16.635708,14.824677,44.50608,24.033532
"127","6am",19.544945,21.002407,39.50842,19.944223
"128","6am",19.568679,21.539567,39.50387,19.38788
"129","6am",38.542663,23.747304,27.69388,10.016158
"130","6am",18.088509,22.465245,48.25713,11.18912
"131","6am",20.417441,24.732177,44.28725,10.563134
"132","6am",32.153664,22.926057,30.65797,14.262307
"133","6am",19.178403,15.361651,50.53859,14.921353
"134","6am",16.476698,17.826981,41.96328,23.733044
"135","6am",17.051032,21.451493,38.95839,22.539082
"136","6am",24.348708,18.642856,38.79069,18.217751
"137","6am",15.345112,19.292842,44.77282,20.589222
"138","6am",28.229746,22.93252,35.66056,13.177177
"139","6am",20.862814,18.012093,44.40628,16.718808
"140","6am",16.174766,24.639351,41.61019,17.57569
"141","6am",17.3945,23.111502,46.60409,12.88991
"142","6am",19.929921,15.838054,44.78199,19.450037
"143","6am",21.072953,18.044139,43.17361,17.709297
"144","6am",16.41626,15.425545,48.3012,19.856999
"145","6am",66.148175,14.74799,13.50114,5.602695
"146","6am",16.327172,24.577319,43.29253,15.802976
"201","6am",19.441484,16.334995,43.85758,20.365937
"202","6am",17.691204,15.857874,45.64458,20.806345
"203","6am",13.4098,17.251413,45.12219,24.216592
"204","6am",17.522962,27.120091,37.2052,18.151752
"205","6am",13.953862,22.808763,43.22596,20.011411
"206","6am",13.511214,16.370699,49.67672,20.44137
"207","6am",15.219619,15.895085,49.39827,19.487021
"208","6am",22.58712,15.921272,44.34348,17.148124
"209","6am",12.350207,16.390869,51.56795,19.690971
"210","6am",14.412313,15.149161,52.0382,18.400327
"211","6am",16.134568,22.698659,41.37593,19.79084
"212","6am",13.612801,17.731584,45.04866,23.606952
"213","6am",11.072294,13.316657,51.12567,24.485374
"214","6am",10.155194,8.704495,54.32632,26.813995
"215","6am",9.804796,12.797545,53.54725,23.850405
"216","6am",10.424466,11.28645,53.47759,24.811496
"217","6am",14.421332,6.288091,55.48012,23.81046
"218","6am",18.222361,9.795424,47.82251,24.159705
"219","6am",16.161131,12.638148,51.49818,19.702539
"220","6am",17.362997,10.089032,53.55897,18.989005
"221","6am",13.045335,12.928489,48.52103,25.505144
"222","6am",11.116642,10.291675,54.0792,24.51248
"223","6am",10.297194,9.840216,58.67916,21.183425
"224","6am",13.103562,11.680912,54.04891,21.166616
"225","6am",9.709905,9.833274,59.52161,20.935213
"226","6am",9.253861,14.575602,47.43943,28.731105
"227","6am",10.737937,12.365925,51.03294,25.863199
"228","6am",15.370519,13.475486,51.25252,19.901476
"229","6am",14.784405,17.482394,45.8332,21.900002
"230","6am",14.786505,21.653827,46.32027,17.239401
"231","6am",25.18606,18.476084,43.16579,13.172065
"232","6am",13.680096,16.563135,49.89696,19.859805
"233","6am",15.758324,12.940806,52.03379,19.267081
"234","6am",15.144439,19.461637,41.5579,23.836029
"235","6am",15.997287,18.82727,42.14604,23.029407
"236","6am",13.761083,14.580404,52.32896,19.329551
"237","6am",14.026698,12.151608,55.84852,17.973176
"238","6am",15.24737,14.591046,54.49215,15.669438
"239","6am",16.867807,12.658768,49.57715,20.89628
"240","6am",13.081764,17.231162,49.70789,19.979181
"241","6am",16.371345,16.201693,45.04779,22.379167
"242","6am",9.978557,20.717364,52.54327,16.760805
"243","6am",13.80449,15.142456,52.4899,18.563156
"244","6am",12.185534,10.170497,61.8877,15.756272
"245","6am",13.484951,13.149974,54.68957,18.675503
"246","6am",13.668055,11.302334,55.65779,19.371824
"247","6am",12.244547,12.536315,54.81115,20.40799
"248","6am",12.438074,18.991608,48.57742,19.992901
"249","6am",13.161963,16.279128,49.18034,21.378572
"250","6am",13.556154,13.588298,52.13857,20.716979
"251","6am",12.145502,7.148443,58.70306,22.002993
"252","6am",11.22014,17.085422,51.55018,20.144254
"253","6am",10.364276,11.5549,64.54253,13.538298
"254","6am",12.385972,8.125792,64.37803,15.110207
"255","6am",12.680493,14.080842,55.74278,17.495886
"256","6am",13.912848,11.003929,57.85538,17.227839
"257","6am",12.421594,11.529575,53.60048,22.448355
"301","6am",13.721528,15.060292,46.75783,24.460351
"302","6am",13.899222,17.007241,51.81117,17.28237
"303","6am",21.072702,20.283846,53.37098,5.27247
"304","6am",13.758768,16.836512,55.28373,14.120986
"305","6am",14.373447,17.839812,53.68008,14.106665
"306","6am",12.928582,15.30903,61.94932,9.813065
"307","6am",8.891571,15.325658,55.7203,20.06247
"308","6am",9.136011,3.820766,65.91543,21.127792
"401","6am",14.305888,17.462502,42.47617,25.755442
"402","6am",13.077081,16.130874,52.72827,18.063777
"403","6am",12.74152,13.115631,47.47969,26.663163
"404","6am",15.165962,12.328822,51.02222,21.482996
"405","6am",8.018072,9.895972,58.98276,23.103201
"406","6am",9.151787,14.634568,56.23296,19.980688
"501","6am",15.057295,19.227462,42.72183,22.993417
"502","6am",16.556113,18.784549,49.55279,15.106544
"503","6am",16.271784,12.982273,49.3416,21.404347
"504","6am",10.725956,17.663978,52.69896,18.911102
"505","6am",15.391653,17.501709,47.3553,19.751339
"506","6am",10.212303,18.491382,49.32389,21.972423
"507","6am",9.830998,14.996906,46.68593,28.48617
"508","6am",12.526235,7.575805,51.70271,28.195245
"509","6am",13.685585,12.063193,47.06925,27.181971
"510","6am",8.538018,7.77272,62.92277,20.766497
"511","6am",10.502364,8.406853,58.44354,22.647247
"512","6am",10.126572,16.266527,53.97637,19.63053
"513","6am",7.545001,13.854363,58.64287,19.957771
"514","6am",11.948583,9.002207,60.42891,18.620301
"515","6am",16.502001,11.586545,52.03061,19.880842
"516","6am",10.775115,7.323171,56.55965,25.342059
"517","6am",10.590198,11.520676,55.89699,21.992134
"518","6am",11.628563,11.257965,52.88123,24.232246
"519","6am",13.984724,11.938967,55.76722,18.309093
"520","6am",11.353679,12.379246,58.01841,18.248662
"521","6am",11.928124,8.099091,58.05198,21.920805
"522","6am",11.470982,15.797243,52.43905,20.292723
"601","6am",18.761056,16.586914,48.44821,16.203816
"602","6am",10.858917,16.221035,53.97,18.950047
"603","6am",11.987504,16.379965,51.18934,20.443192
"604","6am",8.515117,16.60972,55.55414,19.321027
"605","6am",15.018463,11.925545,54.57514,18.480849
"606","6am",9.115952,12.827749,58.4838,19.572498
"607","6am",7.311431,17.254313,53.29534,22.138918
"608","6am",12.819622,13.86135,52.19181,21.127214
"609","6am",10.018743,3.289819,64.32656,22.364883
"610","6am",10.992451,15.4889,49.48225,24.0364
"611","6am",8.56131,17.772169,52.7831,20.883421
"612","6am",11.44545,11.176558,53.89222,23.485775
"613","6am",8.983216,8.960427,62.5776,19.478754
"614","6am",15.107321,5.482295,59.95236,19.458027
"615","6am",13.437004,17.514117,45.87727,23.171609
"616","6am",9.068731,16.151678,43.77071,31.008884
"617","6am",13.241429,9.56214,51.58374,25.612687
"618","6am",8.890393,13.189783,56.3972,21.522622
"701","6am",9.419134,9.114554,62.42506,19.041247
"702","6am",13.539225,5.907202,63.34921,17.204362
"703","6am",11.009318,11.582699,59.32674,18.08124
"704","6am",10.135846,12.361474,56.32024,21.182445
"705","6am",11.614949,9.651691,58.97882,19.754544
"706","6am",12.369771,11.258999,57.14614,19.225093
"707","6am",17.319081,23.126333,44.10611,15.448481
"708","6am",7.911733,13.961218,57.84188,20.285172
"709","6am",10.385675,19.363716,50.91506,19.335548
"710","6am",7.650577,15.646632,62.01086,14.691926
"711","6am",8.51308,9.374736,61.4843,20.627884
"712","6am",16.211563,12.490747,51.15083,20.146865
"101","7am",20.407752,18.658981,50.68344,10.249826
"102","7am",36.086415,17.444132,29.87997,16.589485
"103","7am",27.557688,17.925379,42.91499,11.601945
"104","7am",22.175516,31.260547,36.02281,10.541124
"105","7am",25.162165,18.481669,42.63029,13.725881
"106","7am",12.955515,28.695408,45.60895,12.740125
"107","7am",10.021698,16.709274,46.86967,26.399358
"108","7am",12.883056,17.067282,51.47106,18.578601
"109","7am",29.00881,12.287308,38.40357,20.300313
"110","7am",14.457194,21.878054,46.15266,17.512092
"111","7am",21.386485,22.065331,41.30241,15.245777
"112","7am",42.073648,19.703414,30.49907,7.723868
"113","7am",29.054991,16.03828,36.79215,18.11458
"114","7am",16.539773,8.805505,43.32173,31.332993
"115","7am",19.405963,15.14924,41.34202,24.102777
"116","7am",17.281811,20.327598,57.63627,4.754321
"117","7am",21.041147,22.302237,40.06912,16.587497
"118","7am",24.163585,26.810719,35.41183,13.61387
"119","7am",36.994802,11.539069,41.4418,10.024334
"120","7am",31.344609,15.394347,41.54808,11.712964
"121","7am",29.929358,14.102298,37.92444,18.043901
"122","7am",17.459373,23.056286,42.14815,17.336195
"123","7am",27.223445,20.965432,37.21174,14.599379
"124","7am",23.841904,24.744865,35.92722,15.486008
"125","7am",12.132831,21.482366,52.11416,14.270641
"126","7am",17.978561,14.18765,44.82582,23.007966
"127","7am",16.766132,18.090876,45.32816,19.814832
"128","7am",14.816921,19.351672,46.71463,19.116775
"129","7am",44.083259,19.916768,26.96215,9.037823
"130","7am",15.084799,21.472174,52.14513,11.297893
"131","7am",19.708469,21.852688,50.215,8.223838
"132","7am",33.59378,20.108932,28.53604,17.761244
"133","7am",14.732817,15.657155,53.49956,16.110469
"134","7am",23.43456,15.840592,34.64604,26.078813
"135","7am",16.559533,22.338632,35.99509,25.106749
"136","7am",25.363639,18.762865,36.86503,19.008466
"137","7am",17.098463,17.618192,43.08102,22.202328
"138","7am",24.178652,19.319457,41.16168,15.340209
"139","7am",20.235144,17.783667,43.90701,18.074185
"140","7am",15.966808,26.034843,38.90463,19.093718
"141","7am",20.912012,22.421175,44.6665,12.000311
"142","7am",18.630249,16.485478,45.95967,18.924599
"143","7am",22.818878,19.103633,42.2973,15.780185
"144","7am",10.478619,19.842115,48.19043,21.48884
"145","7am",67.41504,14.077602,14.06782,4.439542
"146","7am",10.347427,22.677627,50.7986,16.176345
"201","7am",36.709182,13.562869,36.12974,13.598205
"202","7am",10.687604,18.383537,47.84554,23.083318
"203","7am",10.97774,16.455255,43.3065,29.260507
"204","7am",15.553405,22.054219,44.78026,17.612118
"205","7am",9.59538,23.257389,45.62719,21.520042
"206","7am",18.808346,13.786585,49.8751,17.529964
"207","7am",17.148767,18.886947,45.10565,18.858639
"208","7am",21.347785,15.60253,46.00641,17.04328
"209","7am",9.12195,13.975435,59.42996,17.472659
"210","7am",14.927451,14.375452,54.9049,15.792201
"211","7am",20.780729,18.808227,40.17439,20.236654
"212","7am",14.557006,19.552148,40.63891,25.251941
"213","7am",12.520055,12.729117,49.12891,25.621918
"214","7am",7.041566,11.765724,49.8021,31.390609
"215","7am",9.240298,10.258013,51.46371,29.037983
"216","7am",9.22988,11.83724,50.75694,28.175939
"217","7am",10.745502,10.442431,51.25508,27.556987
"218","7am",18.138982,13.02466,45.42257,23.413791
"219","7am",17.500148,11.574836,55.49053,15.434489
"220","7am",17.756107,8.410427,55.7704,18.06307
"221","7am",7.898742,12.187563,57.12507,22.788622
"222","7am",7.226194,11.398226,54.50192,26.873656
"223","7am",6.91037,13.794189,57.63865,21.656787
"224","7am",8.707516,13.968299,56.90455,20.419638
"225","7am",7.276888,10.722847,57.82134,24.178926
"226","7am",6.333273,14.864631,46.96731,31.834788
"227","7am",9.674693,13.37045,50.24006,26.714801
"228","7am",15.730306,12.099799,53.50751,18.662385
"229","7am",11.643828,18.271464,46.59589,23.488814
"230","7am",8.227634,24.413349,50.49217,16.866846
"231","7am",25.416249,21.328173,40.13151,13.124068
"232","7am",10.361432,21.005676,49.6494,18.983495
"233","7am",11.358767,12.997135,55.21123,20.432869
"234","7am",19.615649,17.296913,41.31992,21.767514
"235","7am",14.15208,17.412276,42.61655,25.819092
"236","7am",8.4239,15.158851,57.43423,18.983021
"237","7am",7.334417,14.516245,56.48545,21.663886
"238","7am",11.73628,14.746303,59.59512,13.922298
"239","7am",14.45008,12.133179,50.79068,22.626063
"240","7am",16.685722,15.175315,49.09625,19.042715
"241","7am",16.121337,16.445097,41.50629,25.927271
"242","7am",7.544181,17.082861,64.48532,10.887641
"243","7am",8.497219,16.549468,54.79108,20.162232
"244","7am",7.342031,14.72677,61.80022,16.130976
"245","7am",8.479077,14.786793,57.76232,18.97181
"246","7am",8.761315,17.438168,53.38238,20.418136
"247","7am",15.974289,14.005684,47.96635,22.05368
"248","7am",9.324764,20.329045,46.76417,23.582018
"249","7am",9.925713,18.735349,47.46822,23.870717
"250","7am",20.331042,13.242534,46.85843,19.56799
"251","7am",8.210377,9.709922,58.95828,23.121421
"252","7am",6.22106,18.521494,50.6221,24.635346
"253","7am",9.071971,14.994651,63.27615,12.657226
"254","7am",13.585067,11.971727,57.93271,16.510497
"255","7am",10.269767,14.842222,55.2544,19.633613
"256","7am",10.503958,13.656003,55.62315,20.216886
"257","7am",7.725969,12.35527,52.39805,27.520714
"301","7am",20.74259,13.81019,43.45394,21.993276
"302","7am",19.964848,11.33745,51.67441,17.023292
"303","7am",21.916181,18.836414,53.48738,5.760024
"304","7am",10.472026,18.79148,59.50207,11.234429
"305","7am",19.601147,15.8748,50.02862,14.49543
"306","7am",10.771331,20.786432,57.87034,10.571895
"307","7am",14.49536,17.038973,48.94251,19.52316
"308","7am",8.971183,4.850535,59.35614,26.822137
"401","7am",21.728936,13.924317,42.10823,22.238519
"402","7am",10.710154,20.320323,47.4177,21.551822
"403","7am",14.969415,9.792267,50.04692,25.191395
"404","7am",21.739965,8.248633,51.14409,18.867309
"405","7am",3.096806,10.499884,58.08713,28.316181
"406","7am",6.010688,17.116006,54.96796,21.905349
"501","7am",18.820819,19.706486,40.32084,21.151854
"502","7am",14.675028,20.643919,50.60615,14.074907
"503","7am",20.117139,10.00305,49.54533,20.334476
"504","7am",6.995589,12.663051,52.33285,28.008507
"505","7am",16.887795,14.814175,48.76397,19.534064
"506","7am",5.996296,19.45625,49.56272,24.984733
"507","7am",10.021144,16.170724,43.60821,30.19992
"508","7am",9.789203,9.000355,52.11564,29.094806
"509","7am",14.952412,18.55171,43.07414,23.421739
"510","7am",10.682142,8.521611,55.91325,24.882993
"511","7am",7.668873,6.978624,59.59806,25.754446
"512","7am",11.499386,21.760315,41.44152,25.298779
"513","7am",9.166292,14.351773,56.19502,20.286914
"514","7am",11.722039,11.255223,55.90715,21.115586
"515","7am",9.333932,13.203022,53.85579,23.607258
"516","7am",6.794719,6.785558,57.42318,28.996543
"517","7am",8.042032,8.59581,55.69255,27.669606
"518","7am",6.949476,10.63017,54.78918,27.631173
"519","7am",15.514321,12.583244,50.12855,21.773883
"520","7am",12.476178,11.0444,56.5774,19.90202
"521","7am",5.456668,9.762926,62.62653,22.153878
"522","7am",10.323614,12.920862,51.13849,25.617038
"601","7am",12.27386,15.099096,51.92927,20.69777
"602","7am",15.240856,14.869999,49.98,19.909143
"603","7am",5.84711,11.162752,57.84303,25.147106
"604","7am",5.600891,11.057274,60.17799,23.163845
"605","7am",14.073872,12.850934,51.62136,21.453832
"606","7am",5.122403,13.686245,57.05908,24.132272
"607","7am",6.548886,14.257953,56.35504,22.838118
"608","7am",14.977574,14.005589,48.69405,22.32279
"609","7am",5.112317,4.131664,62.66809,28.087925
"610","7am",9.56664,15.569722,48.0474,26.816238
"611","7am",9.462975,16.369722,51.08447,23.082833
"612","7am",11.244998,9.853625,53.10723,25.794145
"613","7am",9.667433,9.47526,58.45399,22.403316
"614","7am",10.351192,0,64.72183,24.926979
"615","7am",8.819304,17.480832,48.40264,25.297224
"616","7am",17.434488,15.873084,38.83836,27.854067
"617","7am",6.932204,7.807431,56.09383,29.166532
"618","7am",8.837094,11.601723,51.89826,27.662919
"701","7am",12.102507,5.816132,57.61554,24.465818
"702","7am",10.39878,6.546841,60.43337,22.621006
"703","7am",14.891482,12.611496,51.63682,20.860201
"704","7am",9.241166,13.794143,53.16994,23.794751
"705","7am",17.575258,8.310074,53.15199,20.962676
"706","7am",8.77891,12.387779,54.93959,23.893726
"707","7am",16.777322,18.87204,47.32366,17.026982
"708","7am",9.039846,6.2855,57.53491,27.139739
"709","7am",9.159461,17.096242,48.6467,25.097599
"710","7am",3.979586,21.009768,62.0122,12.998445
"711","7am",8.904524,11.020306,55.77673,24.298436
"712","7am",20.532395,13.563402,47.5215,18.382699
"101","8am",15.795923,20.61014,55.39561,8.19833
"102","8am",35.943025,13.428165,37.02102,13.607786
"103","8am",21.282529,20.437029,49.64613,8.634311
"104","8am",16.964873,28.880449,44.78316,9.371517
"105","8am",33.794001,15.726581,35.92396,14.55546
"106","8am",13.364094,28.591957,43.35659,14.687355
"107","8am",12.418678,18.583793,42.65169,26.345842
"108","8am",14.072398,17.401906,53.88499,14.640702
"109","8am",32.230752,10.016937,37.843,19.909306
"110","8am",17.427709,18.661694,48.49908,15.411512
"111","8am",26.300701,16.710612,42.55904,14.429642
"112","8am",43.776711,15.772379,33.87169,6.579216
"113","8am",30.924091,17.240917,34.25065,17.58434
"114","8am",16.147885,9.753295,42.22533,31.873491
"115","8am",22.253513,13.368651,39.50926,24.868574
"116","8am",15.771889,19.489473,62.20979,2.528848
"117","8am",17.439123,11.186162,53.67694,17.697771
"118","8am",23.385233,22.348026,38.89408,15.37266
"119","8am",46.517022,12.622584,32.23381,8.626581
"120","8am",34.817695,10.417802,38.7449,16.019605
"121","8am",32.920877,13.513336,37.59565,15.970133
"122","8am",17.543277,20.989508,44.36496,17.102257
"123","8am",26.909878,19.595345,37.17036,16.324419
"124","8am",21.706822,21.926678,38.3507,18.015804
"125","8am",9.723911,23.706378,55.10215,11.467557
"126","8am",15.743834,20.078456,44.50076,19.676946
"127","8am",15.521285,18.330514,47.15738,18.990822
"128","8am",14.028318,15.566024,53.42555,16.980109
"129","8am",43.377926,18.698687,27.8605,10.062886
"130","8am",16.987177,18.763449,54.72155,9.527823
"131","8am",17.967165,19.420196,55.6962,6.916438
"132","8am",36.022808,22.026952,26.6105,15.339743
"133","8am",10.82439,15.005156,55.53603,18.634419
"134","8am",20.793182,16.317274,35.92928,26.960259
"135","8am",14.700835,19.078046,41.42904,24.79208
"136","8am",27.0616,11.78061,39.46388,21.693909
"137","8am",18.927856,14.519162,42.34396,24.209017
"138","8am",25.333495,13.593967,43.51449,17.558047
"139","8am",15.281117,14.849145,48.76802,21.101722
"140","8am",12.679237,26.979342,39.82236,20.519058
"141","8am",26.006268,22.084857,38.40464,13.504236
"142","8am",21.52376,13.611435,44.22836,20.63645
"143","8am",22.100236,21.087279,43.93695,12.875538
"144","8am",8.617209,20.00216,50.67154,20.70909
"145","8am",62.672649,15.029319,18.82419,3.473842
"146","8am",9.189184,20.941501,55.79727,14.072048
"201","8am",36.453943,14.136247,39.10065,10.309159
"202","8am",8.396725,19.179614,45.93144,26.492218
"203","8am",13.636056,7.657358,39.20159,39.505
"204","8am",20.710112,20.414767,44.14141,14.733713
"205","8am",8.811912,21.429556,43.9656,25.792928
"206","8am",15.517464,16.679511,51.51523,16.287799
"207","8am",17.312773,19.987725,42.68089,20.018613
"208","8am",19.277543,15.137981,47.23438,18.350098
"209","8am",7.902327,17.37777,58.25628,16.46362
"210","8am",12.942541,17.228955,56.51071,13.317793
"211","8am",20.595807,15.571192,45.06981,18.763192
"212","8am",16.279444,15.980026,37.40089,30.339641
"213","8am",15.917047,8.890764,46.57272,28.619473
"214","8am",9.961157,11.274767,41.63058,37.133497
"215","8am",13.430761,6.419058,50.57733,29.572848
"216","8am",7.385735,15.983272,50.10684,26.524151
"217","8am",10.458215,10.421582,50.78438,28.335825
"218","8am",20.337025,12.652791,47.37206,19.63812
"219","8am",15.769476,10.562981,60.64224,13.025304
"220","8am",21.986543,8.760583,53.19604,16.05684
"221","8am",9.030328,13.610612,57.83251,19.52655
"222","8am",9.784846,12.357139,50.95744,26.900573
"223","8am",4.772981,12.483666,59.05989,23.683462
"224","8am",9.88013,11.659861,60.82522,17.634792
"225","8am",8.180409,10.968186,52.62588,28.225524
"226","8am",5.512037,13.235316,50.71474,30.537912
"227","8am",9.365784,16.056179,47.21556,27.362476
"228","8am",12.878278,17.568158,55.08198,14.471582
"229","8am",11.010252,19.846113,43.92252,25.221113
"230","8am",6.588938,22.730899,54.92745,15.75271
"231","8am",26.064802,20.362747,40.7986,12.773851
"232","8am",10.505198,29.004277,45.76719,14.723335
"233","8am",13.142585,15.281286,50.42598,21.150147
"234","8am",24.165706,17.808816,36.58538,21.440099
"235","8am",12.345647,13.914167,46.14371,27.596477
"236","8am",5.184274,16.096508,58.84019,19.879026
"237","8am",5.855135,13.828437,57.94224,22.374184
"238","8am",8.328001,15.134104,64.50262,12.035274
"239","8am",13.672914,11.807656,51.61616,22.903273
"240","8am",17.610082,13.920969,48.02915,20.439796
"241","8am",17.082172,13.043356,37.26619,32.60828
"242","8am",8.410572,20.972753,62.77338,7.843297
"243","8am",6.906972,16.8192,51.72724,24.546591
"244","8am",6.530615,14.666744,63.43146,15.37118
"245","8am",9.352727,19.173872,53.73018,17.743218
"246","8am",6.225479,20.901889,50.45428,22.418352
"247","8am",15.137364,12.967445,51.7039,20.191288
"248","8am",11.589906,21.180403,43.74962,23.480072
"249","8am",11.704439,17.908955,48.15213,22.234473
"250","8am",19.718544,15.886241,45.98918,18.406036
"251","8am",5.346406,7.347147,65.6123,21.694146
"252","8am",6.525455,21.032689,46.84978,25.592074
"253","8am",9.141101,19.846166,58.24909,12.763645
"254","8am",14.141946,13.395439,54.90167,17.560947
"255","8am",9.681628,16.844463,53.72298,19.750925
"256","8am",14.041325,12.417353,54.08569,19.455632
"257","8am",5.823139,15.354291,51.82252,27.00005
"301","8am",20.385963,16.137123,42.9362,20.540715
"302","8am",21.461384,10.869464,49.88859,17.78056
"303","8am",20.55571,19.784699,53.53287,6.126717
"304","8am",12.165138,18.792407,59.83044,9.212015
"305","8am",17.02509,17.351514,52.87741,12.745988
"306","8am",12.989289,16.625055,58.024,12.361657
"307","8am",17.299726,14.287911,47.80383,20.608536
"308","8am",13.605346,6.232254,53.94807,26.214331
"401","8am",18.437785,12.413518,49.93267,19.216029
"402","8am",12.094021,20.385164,48.64928,18.871533
"403","8am",17.46079,14.251234,45.18539,23.102588
"404","8am",22.670355,6.892454,51.56067,18.876525
"405","8am",1.940957,13.840912,56.27377,27.94436
"406","8am",5.095798,13.894443,54.55565,26.454112
"501","8am",19.814055,16.208559,40.38003,23.597353
"502","8am",14.951715,19.078867,54.01364,11.955777
"503","8am",20.235015,10.034392,50.61484,19.115756
