"district","hour","cleduc1","cleduc2","cleduc3","cleduc4"
"101","4am",5.4272782,24.4117,30.06838,40.092638
"102","4am",1.1257813,14.66218,25.06258,59.14946
"103","4am",4.4988233,8.35394,26.36279,60.784448
"104","4am",0.7564196,13.41924,29.91028,55.914064
"105","4am",4.8876129,11.94973,25.24452,57.918138
"106","4am",1.4264473,12.05494,40.44893,46.069682
"107","4am",5.4699195,13.87596,29.68419,50.969932
"108","4am",15.0478471,26.07742,31.06313,27.811607
"109","4am",18.7585258,47.80239,18.74832,14.690764
"110","4am",16.0741879,25.10497,22.58,36.240838
"111","4am",2.169098,39.59919,24.58775,33.643968
"112","4am",2.1371298,17.81933,27.96683,52.076715
"113","4am",10.0000633,22.38963,25.78733,41.822975
"114","4am",8.5184599,23.13696,34.60871,33.735865
"115","4am",3.4723843,35.50365,27.41573,33.60823
"116","4am",4.0015743,23.00969,30.12509,42.863649
"117","4am",0.8084147,17.12993,22.86211,59.199549
"118","4am",6.7899511,16.41023,24.9594,51.840416
"119","4am",0.772455,24.407,29.48053,45.340009
"120","4am",1.7591306,18.07265,29.82544,50.34278
"121","4am",10.0016526,37.97939,34.07257,17.946388
"122","4am",2.9256718,32.62171,25.60886,38.843767
"123","4am",6.2809245,16.0298,32.62399,45.065286
"124","4am",3.6224532,24.48793,27.74607,44.143554
"125","4am",1.469174,17.37241,22.31021,58.848208
"126","4am",0,17.06305,24.16033,58.776617
"127","4am",1.7407074,20.01068,22.58145,55.667168
"128","4am",2.9817245,19.20279,25.61494,52.200543
"129","4am",4.8059665,18.48477,16.89717,59.812086
"130","4am",3.5079363,33.97553,37.27097,25.245572
"131","4am",5.0406839,33.37836,24.75034,36.830612
"132","4am",0,26.93016,31.94094,41.128902
"133","4am",7.8289491,35.234,36.71998,20.217067
"134","4am",14.9360991,45.78641,27.38079,11.896699
"135","4am",7.5111183,45.40952,34.823,12.256367
"136","4am",8.5883501,30.86154,30.9046,29.645513
"137","4am",3.0792498,37.64002,29.8074,29.473336
"138","4am",0.923312,23.59172,28.06948,47.415485
"139","4am",4.9932992,28.12461,32.78202,34.10007
"140","4am",3.8425988,31.46429,27.47444,37.218679
"141","4am",4.2244344,29.23754,42.17226,24.365765
"142","4am",10.0964775,36.35287,26.72849,26.822162
"143","4am",21.0308479,31.3338,31.58941,16.045943
"144","4am",9.6411841,40.33569,36.81462,13.20851
"145","4am",6.5781405,28.51709,29.25438,35.650389
"146","4am",6.9382517,28.90921,28.3079,35.844644
"201","4am",11.4466202,27.97557,34.89898,25.678823
"202","4am",7.4748793,43.15877,35.59661,13.769745
"203","4am",5.2295625,28.16784,35.7339,30.868694
"204","4am",8.5472818,42.55619,29.05943,19.8371
"205","4am",3.9031436,43.22537,34.08599,18.7855
"206","4am",15.1822945,45.05811,24.0655,15.694088
"207","4am",9.5774553,56.25192,23.57867,10.591962
"208","4am",13.1001659,50.71346,30.09686,6.089508
"209","4am",7.3943444,56.49812,26.87932,9.228213
"210","4am",5.6146246,56.4622,23.72699,14.196193
"211","4am",2.3835078,42.20216,32.62339,22.790935
"212","4am",2.143803,37.92444,32.07821,27.853546
"213","4am",5.4020192,29.86558,33.45188,31.280519
"214","4am",3.2756811,20.18745,28.08756,48.449304
"215","4am",7.9187484,21.73143,32.29857,38.051247
"216","4am",8.2193689,22.60064,26.14897,43.031019
"217","4am",4.1131319,34.22817,25.76049,35.898207
"218","4am",0.4341255,26.09534,30.72534,42.745196
"219","4am",4.5275702,32.25052,20.14037,43.081548
"220","4am",1.9110677,35.29817,26.91378,35.876976
"221","4am",6.8381601,22.05499,33.0633,38.04355
"222","4am",2.07369,18.03138,29.43778,50.457152
"223","4am",6.9005836,32.41647,26.98856,33.69439
"224","4am",3.9528952,43.90841,31.78425,20.354443
"225","4am",5.2640507,35.36229,27.53048,31.843171
"226","4am",4.9796261,27.59233,27.5842,39.843852
"227","4am",5.9370458,31.38647,24.68456,37.991925
"228","4am",2.7787478,38.67759,30.66569,27.877965
"229","4am",8.7617017,58.78973,22.07395,10.374613
"230","4am",10.3934022,44.00661,28.768,16.83199
"231","4am",8.4247557,53.8286,27.83706,9.909588
"232","4am",12.4848534,45.77716,25.56204,16.175946
"233","4am",8.3522889,35.3247,42.87956,13.443449
"234","4am",16.461648,41.68132,25.69659,16.16044
"235","4am",9.2064524,48.16505,18.34718,24.281323
"236","4am",9.58378,58.96907,21.00833,10.438824
"237","4am",5.1650709,43.04216,30.26546,21.527309
"238","4am",6.4980391,28.27906,34.52797,30.694927
"239","4am",12.5504189,60.42224,14.17444,12.8529
"240","4am",10.9569317,45.51521,33.39325,10.134603
"241","4am",10.7627985,36.14154,27.72196,25.373695
"242","4am",5.7208625,52.48891,31.12465,10.665573
"243","4am",8.143292,36.52208,33.3284,22.006227
"244","4am",6.7145304,35.33022,35.53123,22.424013
"245","4am",3.2254703,46.92006,25.65155,24.202923
"246","4am",4.5412739,30.58276,35.82602,29.049945
"247","4am",3.950745,32.32444,39.71847,24.006346
"248","4am",6.4316948,55.33813,17.77741,20.452767
"249","4am",18.0005422,48.33846,24.82589,8.835107
"250","4am",19.2256332,49.66731,22.31997,8.787087
"251","4am",5.778934,27.50626,31.67135,35.043447
"252","4am",6.4756616,38.17427,28.43079,26.919281
"253","4am",8.8107299,42.34278,34.98407,13.862418
"254","4am",3.2352281,27.40806,38.70923,30.647484
"255","4am",5.0451123,37.13699,34.02168,23.796214
"256","4am",7.6539838,43.75478,34.05669,14.534549
"257","4am",1.5738508,47.39265,34.83368,16.199813
"301","4am",9.5913714,44.10483,26.22835,20.075453
"302","4am",8.5642045,43.36702,25.2919,22.776875
"303","4am",2.6483387,40.69954,30.72415,25.927979
"304","4am",5.388003,46.2907,31.90197,16.419325
"305","4am",10.0295113,49.77549,28.99472,11.20028
"306","4am",6.9609182,42.15858,33.54049,17.340021
"307","4am",4.4016055,45.97518,33.76276,15.860459
"308","4am",8.5976304,36.34732,28.02135,27.033703
"401","4am",17.2935434,35.29295,29.36196,18.051554
"402","4am",10.2510083,39.07865,30.59516,20.075179
"403","4am",14.4427912,48.15474,17.66907,19.733404
"404","4am",11.4114836,39.89388,32.65529,16.039342
"405","4am",15.3979614,43.87858,26.03703,14.686423
"406","4am",12.6794235,26.58001,38.70915,22.031415
"501","4am",13.330931,32.93889,31.50959,22.220596
"502","4am",5.331462,41.22146,39.08223,14.364846
"503","4am",7.848923,39.62069,30.00395,22.526442
"504","4am",8.6260284,24.5491,41.81422,25.010654
"505","4am",10.8141952,36.01571,32.82323,20.346869
"506","4am",11.9853084,41.70128,27.28116,19.032253
"507","4am",10.9066233,43.80279,35.62358,9.667004
"508","4am",13.7165649,51.38472,26.14558,8.753133
"509","4am",16.6461723,41.58108,29.18313,12.589614
"510","4am",5.6597197,43.02009,35.76566,15.554525
"511","4am",9.8145991,38.27042,32.43901,19.475972
"512","4am",12.3768028,22.68829,33.11866,31.816252
"513","4am",8.1202394,23.5528,29.41037,38.91659
"514","4am",5.104215,26.19848,35.49739,33.199909
"515","4am",9.6516417,30.6348,35.02285,24.690699
"516","4am",5.6410294,29.09841,35.12976,30.130797
"517","4am",10.8036302,39.62768,22.60792,26.960776
"518","4am",11.3021257,38.35508,37.85189,12.490905
"519","4am",7.1033992,27.93116,33.93536,31.030072
"520","4am",4.325305,34.31193,37.12435,24.238415
"521","4am",4.8155134,25.18113,29.3488,40.654563
"522","4am",9.656425,39.9047,34.22477,16.214108
"601","4am",7.1500987,32.872,34.37754,25.600364
"602","4am",12.3558796,35.62418,38.50274,13.5172
"603","4am",9.767761,36.0309,36.90808,17.293253
"604","4am",10.0074708,39.36849,33.17472,17.449316
"605","4am",3.5644483,31.88699,32.94663,31.601936
"606","4am",5.8477476,25.37092,39.18314,29.59819
"607","4am",10.6828663,41.62777,31.55921,16.130151
"608","4am",5.8072353,37.08123,37.92543,19.186103
"609","4am",3.5052841,34.13017,42.67417,19.690375
"610","4am",6.8918177,39.61777,31.98181,21.508601
"611","4am",15.2417102,32.4977,33.10048,19.160111
"612","4am",8.4584684,40.1744,28.98579,22.381346
"613","4am",2.9234411,44.1045,35.30339,17.668666
"614","4am",4.8295383,23.89738,42.21064,29.062442
"615","4am",6.5414877,45.08763,35.29401,13.076876
"616","4am",15.8179916,39.94503,31.269,12.967981
"617","4am",8.7180843,40.24996,36.75238,14.279571
"618","4am",6.3631052,26.65721,43.60511,23.374575
"701","4am",6.0751372,49.36636,26.55382,18.004681
"702","4am",7.2845709,27.03963,39.21141,26.464391
"703","4am",4.4734531,23.06924,39.547,32.910311
"704","4am",6.7716203,38.21097,30.08232,24.93509
"705","4am",6.0060775,30.17563,34.7476,29.070695
"706","4am",7.0650957,25.32286,36.46545,31.146596
"707","4am",7.321097,29.41968,35.28331,27.975908
"708","4am",3.5708893,28.42612,42.52952,25.473468
"709","4am",5.280802,33.06718,37.71139,23.940627
"710","4am",10.0519135,32.82287,34.43904,22.686174
"711","4am",8.978892,44.71924,33.60469,12.697172
"712","4am",7.5754954,30.61046,44.61856,17.195483
"101","5am",5.2694505,24.17482,31.629,38.926726
"102","5am",1.1289632,14.70362,25.13342,59.034
"103","5am",4.4988233,8.35394,26.36279,60.784448
"104","5am",0.76265,15.62929,28.89266,54.715394
"105","5am",4.7868495,13.76498,24.72408,56.724093
"106","5am",1.3999188,12.90654,39.69668,45.996865
"107","5am",5.5483825,14.07338,29.29283,51.085408
"108","5am",15.470386,25.93232,30.00475,28.592548
"109","5am",18.8460115,48.13676,18.25795,14.759279
"110","5am",15.9031753,24.95067,21.91394,37.232209
"111","5am",1.8359851,39.72306,24.70518,33.735773
"112","5am",2.1512514,17.2763,28.15162,52.420825
"113","5am",9.405411,23.11048,25.7392,41.744915
"114","5am",8.588959,22.50084,34.89514,34.015064
"115","5am",3.579456,34.77412,27.00188,34.644546
"116","5am",3.5565111,28.22276,30.12446,38.096267
"117","5am",0.8137474,18.50343,22.00819,58.674638
"118","5am",6.8662641,15.47076,25.23992,52.423056
"119","5am",0.8073794,23.24625,28.55644,47.389935
"120","5am",1.7145121,20.15065,29.06895,49.065887
"121","5am",9.8769326,36.51185,35.88862,17.722598
"122","5am",2.916446,32.29672,26.06556,38.721276
"123","5am",6.6146499,15.87266,29.07217,48.440521
"124","5am",3.6577595,24.7266,27.04184,44.5738
"125","5am",1.4340128,17.75967,23.16622,57.640096
"126","5am",0,17.81403,23.94156,58.244403
"127","5am",1.7283424,20.57888,22.42104,55.271738
"128","5am",2.8772982,19.65849,27.09184,50.37237
"129","5am",4.791726,18.72631,16.84711,59.634859
"130","5am",3.5327343,35.76599,35.84761,24.853666
"131","5am",4.5353466,38.7773,22.82325,33.864103
"132","5am",0,26.60168,32.77108,40.627242
"133","5am",7.902764,36.61477,35.07479,20.407683
"134","5am",15.6007279,44.39436,27.57883,12.42608
"135","5am",6.9036619,43.70697,36.45855,12.930815
"136","5am",8.6120214,31.34828,30.31248,29.727222
"137","5am",4.100738,38.03778,29.09377,28.767708
"138","5am",0.923312,23.59172,28.06948,47.415485
"139","5am",5.1004696,27.33215,32.73542,34.831955
"140","5am",3.8425988,31.46429,27.47444,37.218679
"141","5am",4.117715,30.41291,41.71915,23.750226
"142","5am",10.3349618,36.17995,27.35983,26.125257
"143","5am",20.2244906,32.33078,30.49281,16.951914
"144","5am",9.1550944,40.78033,37.24858,12.815996
"145","5am",9.6556521,27.42099,27.46802,35.455332
"146","5am",6.9743725,28.5391,28.45527,36.031253
"201","5am",9.9632803,28.8665,33.76121,27.409012
"202","5am",7.6123501,43.02338,36.25126,13.11301
"203","5am",5.1051839,30.68446,34.07584,30.134521
"204","5am",8.5602561,42.469,29.10354,19.867212
"205","5am",4.0271632,39.53596,37.05448,19.382396
"206","5am",13.5349373,48.79767,23.6762,13.991199
"207","5am",9.3726004,56.62838,23.63361,10.365408
"208","5am",13.2875493,51.85142,28.8994,5.961625
"209","5am",7.5918717,55.37045,28.16547,8.872207
"210","5am",5.5848192,54.32155,26.42526,13.668372
"211","5am",2.4547002,41.02665,33.04698,23.471672
"212","5am",2.1900596,37.3943,32.77036,27.645274
"213","5am",5.3314685,30.78154,33.015,30.871994
"214","5am",3.2838752,19.61435,28.15782,48.943952
"215","5am",7.9903084,21.92782,31.68677,38.395108
"216","5am",8.3041914,21.35333,26.86738,43.475092
"217","5am",4.1042329,33.38175,26.82096,35.693061
"218","5am",0.4303821,24.79917,32.39384,42.376613
"219","5am",4.3592298,31.50028,20.23183,43.908666
"220","5am",1.9504483,33.00014,28.99995,36.049467
"221","5am",6.9862287,21.074,33.07245,38.867318
"222","5am",2.1273217,18.49772,28.49932,50.87564
"223","5am",6.9505281,31.92732,27.18389,33.938261
"224","5am",3.9583386,43.5998,32.05938,20.382472
"225","5am",5.3681584,34.95264,28.07496,31.604249
"226","5am",5.0725217,26.82103,28.09878,40.007666
"227","5am",5.9612308,30.41144,26.01295,37.614376
"228","5am",3.4015678,39.13317,29.59519,27.87007
"229","5am",9.208837,56.68665,23.20045,10.90406
"230","5am",11.1674585,41.56237,29.73457,17.535598
"231","5am",8.8490527,53.2146,28.2502,9.686144
"232","5am",12.7413915,44.52615,26.22413,16.508328
"233","5am",8.1936144,36.86849,41.74984,13.188054
"234","5am",16.4274787,43.26871,23.8879,16.415914
"235","5am",9.5479141,47.15678,19.02766,24.267645
"236","5am",9.0053946,55.38638,25.37844,10.229783
"237","5am",3.8157288,43.11527,31.01123,22.057763
"238","5am",6.1428256,32.19967,32.64051,29.016998
"239","5am",12.7038336,60.1665,14.11965,13.010013
"240","5am",11.6725478,45.71786,32.1289,10.480694
"241","5am",9.3319724,39.05072,27.57845,24.038854
"242","5am",5.6940456,52.10367,30.44546,11.756823
"243","5am",7.8170325,36.00661,35.05181,21.124552
"244","5am",5.9976205,37.70647,35.11366,21.182248
"245","5am",3.1465203,47.39037,26.90585,22.557263
"246","5am",4.5912411,31.59734,35.33103,28.480394
"247","5am",4.4475036,32.56868,39.36818,23.615635
"248","5am",6.4723338,55.05593,17.88974,20.581999
"249","5am",18.4819845,48.72134,23.72526,9.07141
"250","5am",19.1255832,50.81866,22.20382,7.851937
"251","5am",5.6942253,28.56889,31.20711,34.529774
"252","5am",6.4034724,38.02772,28.94961,26.619191
"253","5am",9.5877462,38.47301,34.88434,17.054901
"254","5am",3.234711,29.38054,37.72261,29.662148
"255","5am",4.8939807,38.46022,33.56243,23.083374
"256","5am",7.5110561,44.29901,33.9268,14.263136
"257","5am",1.5807993,46.92208,34.49408,17.003042
"301","5am",9.596673,44.07393,26.24285,20.08655
"302","5am",9.3572314,42.40732,26.40726,21.828186
"303","5am",1.9802035,40.01407,32.149,25.856728
"304","5am",5.061211,47.26696,31.72836,15.94347
"305","5am",10.2596058,49.93486,28.3483,11.457234
"306","5am",7.3482226,39.49979,34.84717,18.304817
"307","5am",4.565686,45.05555,33.92707,16.451696
"308","5am",8.8283395,37.32266,26.08987,27.759126
"401","5am",17.0650662,34.95879,30.85831,17.117836
"402","5am",10.7067375,38.00134,30.32426,20.967661
"403","5am",15.5629424,48.08385,16.74857,19.604638
"404","5am",11.3685515,40.84947,31.80298,15.978999
"405","5am",15.6844243,42.8345,26.52142,14.959649
"406","5am",11.4991638,26.65691,38.68422,23.159714
"501","5am",13.6973922,33.06681,31.92501,21.310794
"502","5am",5.2790545,41.79924,38.69806,14.223641
"503","5am",7.9570523,39.16053,30.04564,22.836774
"504","5am",8.6442484,24.60095,41.69132,25.063482
"505","5am",9.4205453,36.33154,33.48859,20.759322
"506","5am",12.0268276,41.84574,27.37567,18.751766
"507","5am",9.921046,43.37098,36.73843,9.969537
"508","5am",13.798093,51.09576,26.30099,8.80516
"509","5am",14.8713833,42.06974,30.08164,12.977233
"510","5am",5.9308138,44.72527,35.64055,13.703365
"511","5am",9.9654963,36.20776,34.05133,19.77541
"512","5am",12.1341238,22.24343,34.43004,31.192413
"513","5am",7.8657082,27.08213,27.35542,37.696738
"514","5am",5.1365619,24.63528,36.08876,34.139391
"515","5am",9.9977117,32.03055,34.57638,23.395363
"516","5am",5.7766037,27.39439,35.97406,30.854948
"517","5am",10.9377446,38.35572,23.41107,27.295462
"518","5am",11.4397987,39.24069,36.67645,12.643058
"519","5am",7.1462908,27.496,34.14027,31.217437
"520","5am",4.3438138,34.03083,37.28322,24.342136
"521","5am",4.4941655,24.0322,29.96521,41.508429
"522","5am",9.7665891,38.83635,35.53509,15.861977
"601","5am",7.3044594,34.09836,32.44414,26.15304
"602","5am",11.59195,38.53349,36.16121,13.713348
"603","5am",10.1593766,37.47548,37.37878,14.986367
"604","5am",10.046204,39.13382,33.30312,17.516853
"605","5am",3.6866342,30.55082,34.07601,31.686535
"606","5am",5.9534301,26.04376,37.86971,30.133098
"607","5am",11.2040415,40.08295,32.75429,15.95872
"608","5am",5.6988168,37.59687,37.87641,18.827907
"609","5am",3.6417455,34.77608,41.12525,20.456925
"610","5am",7.0348206,40.28972,31.82048,20.854978
"611","5am",14.3644087,32.93069,32.84784,19.857054
"612","5am",8.6629925,40.10951,28.30497,22.922522
"613","5am",2.9810471,43.472,35.53013,18.016824
"614","5am",4.843148,23.96472,42.99242,28.199712
"615","5am",6.6154186,44.46702,35.69289,13.224669
"616","5am",16.4263739,40.91251,29.19437,13.466748
"617","5am",8.9589217,41.31134,35.05569,14.674044
"618","5am",6.3631052,26.65721,43.60511,23.374575
"701","5am",8.7731558,47.33763,26.15497,17.734242
"702","5am",7.0986125,27.87112,37.96939,27.060873
"703","5am",4.587846,23.21857,39.53748,32.656104
"704","5am",6.918499,38.3226,29.28296,25.47594
"705","5am",5.9157684,31.22553,34.22512,28.63358
"706","5am",7.0789707,26.5645,35.14877,31.207764
"707","5am",7.3353294,29.47687,36.66399,26.523804
"708","5am",3.6301502,28.18681,42.28683,25.896215
"709","5am",5.5779727,33.73991,36.80086,23.881255
"710","5am",9.8464216,34.96982,32.83097,22.352782
"711","5am",8.9733031,43.8529,33.29646,13.877344
"712","5am",7.443918,30.0788,45.58047,16.896818
"101","6am",6.3092968,25.783889,30.1414,37.76541
"102","6am",1.1558462,15.566181,25.37639,57.901578
"103","6am",3.9420573,9.776588,27.29105,58.990304
"104","6am",0.758342,17.538453,27.29688,54.406321
"105","6am",4.9352068,14.96522,23.30929,56.790284
"106","6am",0.8270835,12.966078,39.65319,46.553652
"107","6am",5.6195903,13.45802,32.40969,48.512698
"108","6am",14.342235,26.282566,32.39146,26.983734
"109","6am",18.0517433,47.449153,17.30713,17.191972
"110","6am",16.2316268,25.834926,19.64152,38.291929
"111","6am",1.8709431,40.12987,25.02004,32.979145
"112","6am",2.087189,14.525758,31.4676,51.919449
"113","6am",8.7867669,22.970053,25.80771,42.43547
"114","6am",9.1193367,24.090246,34.27789,32.512528
"115","6am",3.7273109,34.419969,27.08836,34.764356
"116","6am",4.8635731,25.814788,32.25203,37.069605
"117","6am",1.4010297,19.099222,21.62467,57.875081
"118","6am",8.4851782,14.782406,25.16291,51.569507
"119","6am",0,21.481489,27.58676,50.931755
"120","6am",1.598304,22.207594,28.95874,47.235357
"121","6am",9.0241541,35.382109,35.54794,20.045801
"122","6am",3.0689795,31.733766,26.87176,38.325498
"123","6am",6.8422546,15.98296,28.89327,48.281516
"124","6am",3.8236038,25.164729,26.18616,44.825508
"125","6am",1.3849743,20.946097,24.05527,53.613657
"126","6am",0,19.797104,24.75461,55.44829
"127","6am",1.7248102,20.808412,20.85442,56.612356
"128","6am",3.873983,22.182311,27.5844,46.359304
"129","6am",4.7596973,19.117397,16.79501,59.327892
"130","6am",4.0957547,34.644495,36.82692,24.432832
"131","6am",4.0269966,41.551407,23.53161,30.889984
"132","6am",0,28.573634,31.88899,39.537371
"133","6am",8.0566931,36.569065,36.18491,19.189331
"134","6am",16.2375561,43.786674,27.43763,12.538145
"135","6am",6.9555356,43.283993,36.7325,13.027977
"136","6am",9.3874367,31.09677,30.49156,29.024238
"137","6am",4.1145233,37.960694,29.07618,28.848601
"138","6am",0.9567918,23.141987,28.83037,47.070848
"139","6am",5.1230776,28.455538,32.18855,34.232834
"140","6am",4.1270378,31.232683,27.46177,37.178505
"141","6am",4.1269525,33.872649,38.7609,23.2395
"142","6am",11.1522655,36.161172,25.93096,26.755607
"143","6am",19.9332302,30.798808,31.54284,17.725118
"144","6am",8.0381582,41.915771,38.11691,11.929158
"145","6am",9.6537679,26.144499,28.75332,35.448414
"146","6am",7.3643547,28.079203,29.16612,35.39032
"201","6am",9.899532,30.847279,31.11476,28.138429
"202","6am",7.8485881,43.46552,34.81713,13.868761
"203","6am",4.1965846,32.07257,32.55138,31.179462
"204","6am",8.0529407,37.718155,29.34767,24.881237
"205","6am",4.149489,38.429961,37.44941,19.97114
"206","6am",11.8107933,50.618269,25.01945,12.551492
"207","6am",10.0144929,56.951151,22.36246,10.671891
"208","6am",12.724634,53.471031,27.74417,6.060166
"209","6am",7.5473757,52.181244,30.32123,9.950148
"210","6am",5.7619558,54.461636,24.30899,15.467423
"211","6am",1.5958602,39.746268,35.27153,23.386345
"212","6am",2.2654401,35.980931,34.01727,27.736357
"213","6am",5.2409088,31.266723,34.90511,28.587257
"214","6am",3.3691478,19.666746,28.00081,48.963293
"215","6am",6.9339147,22.967785,29.43651,40.661786
"216","6am",6.7884768,21.598381,27.2434,44.369746
"217","6am",4.687973,35.100507,23.9611,36.250424
"218","6am",1.225726,26.089788,31.40375,41.280736
"219","6am",4.0370392,30.67851,23.21501,42.069442
"220","6am",2.0479133,32.382625,29.39566,36.173805
"221","6am",7.3583957,26.39796,30.898,35.345645
"222","6am",2.9134423,17.989885,27.51068,51.585996
"223","6am",7.1799692,31.544036,29.07725,32.198741
"224","6am",4.0637928,44.534609,32.02962,19.371976
"225","6am",5.6900868,35.552712,26.44268,32.314518
"226","6am",5.7060118,28.528761,26.42577,39.339458
"227","6am",6.0176971,30.086801,25.35535,38.540152
"228","6am",3.4630391,39.712706,29.7004,27.123853
"229","6am",9.6219163,55.018009,23.51649,11.843589
"230","6am",11.3993153,43.070139,27.4674,18.063145
"231","6am",9.2486397,50.483782,30.97532,9.292263
"232","6am",11.8987073,44.635476,26.05753,17.408292
"233","6am",8.0037638,38.81676,41.04068,12.1388
"234","6am",17.3980788,39.541049,27.222,15.838875
"235","6am",10.2584971,49.265632,15.38446,25.091413
"236","6am",9.1714892,55.103357,25.23331,10.491848
"237","6am",3.1151974,40.530401,34.60077,21.753633
"238","6am",5.7369034,32.017455,35.09777,27.147868
"239","6am",13.1386031,59.777602,15.65104,11.432758
"240","6am",12.2858243,47.039763,28.91127,11.763147
"241","6am",9.7471475,37.084538,26.52924,26.639073
"242","6am",6.4181001,44.579386,35.44829,13.554225
"243","6am",9.8496732,36.542851,32.10829,21.499188
"244","6am",6.0298477,38.268837,31.80241,23.898904
"245","6am",3.2352328,48.422838,29.77215,18.569781
"246","6am",4.8341808,30.375472,35.65235,29.137999
"247","6am",4.822455,33.317621,40.0913,21.768619
"248","6am",6.9145729,55.667498,17.09519,20.32274
"249","6am",17.8875021,47.279645,26.93394,7.898913
"250","6am",20.2629366,51.633713,20.71209,7.391264
"251","6am",5.4742395,32.155264,30.5781,31.792399
"252","6am",6.596562,38.204386,28.90396,26.295095
"253","6am",9.8128346,37.018378,34.85548,18.313311
"254","6am",3.0210072,30.291374,39.46223,27.22539
"255","6am",4.9089495,40.120582,32.32897,22.641496
"256","6am",7.6831448,44.62007,33.10686,14.589924
"257","6am",2.8019303,46.231432,33.35161,17.615026
"301","6am",9.4001383,43.456569,25.66125,21.482041
"302","6am",10.3265681,43.155746,24.77528,21.742404
"303","6am",2.1153518,38.801034,32.99718,26.086437
"304","6am",4.8114218,46.441232,32.33588,16.411466
"305","6am",11.1175739,53.125392,23.35253,12.404503
"306","6am",7.5422912,41.732374,33.6681,17.057235
"307","6am",4.6491254,47.497383,32.69687,15.15662
"308","6am",10.3487135,38.900544,24.47403,26.276711
"401","6am",17.4681993,35.469931,31.07866,15.983206
"402","6am",12.584138,36.572142,29.53732,21.3064
"403","6am",14.9118624,44.958151,18.89144,21.238544
"404","6am",12.3184046,40.367332,29.31826,17.996004
"405","6am",16.0804224,44.249945,26.33928,13.33035
"406","6am",13.1596219,26.103227,36.88202,23.855131
"501","6am",14.4352026,34.078119,31.40323,20.083453
"502","6am",5.2562772,44.293388,36.3062,14.144137
"503","6am",8.2697055,38.611038,30.03563,23.083631
"504","6am",8.7659911,23.874748,43.35024,24.009017
"505","6am",10.0411616,37.121952,34.07669,18.760201
"506","6am",12.3122799,44.199935,25.76219,17.725598
"507","6am",10.4807945,44.438083,37.64034,7.440782
"508","6am",14.3684678,50.719862,26.76925,8.14242
"509","6am",14.420054,42.584326,28.6299,14.365715
"510","6am",7.3810224,43.495472,34.35176,14.771748
"511","6am",10.2066553,36.802862,36.79128,16.1992
"512","6am",13.1389225,20.205493,34.46245,32.193132
"513","6am",7.7597897,30.072426,24.42219,37.74559
"514","6am",5.0634176,24.669211,38.25217,32.015196
"515","6am",9.4555841,33.24389,32.44001,24.860511
"516","6am",6.3304295,28.706332,33.39142,31.571818
"517","6am",11.9256378,40.336823,23.59533,24.142209
"518","6am",12.5033208,37.117163,36.56107,13.818444
"519","6am",7.7541664,28.907221,35.55551,27.783103
"520","6am",4.6562302,35.44764,36.29191,23.604221
"521","6am",4.93577,23.79479,32.54751,38.721931
"522","6am",9.1530159,37.164979,36.38524,17.296763
"601","6am",7.9366944,31.269972,35.62395,25.169388
"602","6am",12.2681821,35.659294,37.55919,14.513334
"603","6am",11.7249182,37.67624,36.53988,14.058966
"604","6am",10.533326,39.3407,35.18049,14.945486
"605","6am",3.9776754,33.92156,30.54438,31.55638
"606","6am",6.2079994,26.348846,37.09622,30.346931
"607","6am",11.7472747,38.74724,32.773,16.732486
"608","6am",5.4639196,38.711625,38.45304,17.37142
"609","6am",4.0490694,32.863494,42.5655,20.521937
"610","6am",7.8895735,40.280879,35.68677,16.142777
"611","6am",16.0431767,34.613982,32.34717,16.995675
"612","6am",9.3683383,39.477494,28.4014,22.752771
"613","6am",3.7324142,41.015568,34.33256,20.919459
"614","6am",5.3120736,25.28663,42.05847,27.342825
"615","6am",6.8783415,45.203347,35.20043,12.717884
"616","6am",18.2700716,44.140161,28.09019,9.499573
"617","6am",8.2508956,40.880542,33.52952,17.33904
"618","6am",7.0791556,27.194948,39.72094,26.004953
"701","6am",9.7902848,44.795442,27.95726,17.457014
"702","6am",7.0189617,29.371442,37.54335,26.066243
"703","6am",5.2439419,18.885528,41.90272,33.967811
"704","6am",6.9748089,40.661424,27.91947,24.444298
"705","6am",6.1442988,29.852999,34.87619,29.126509
"706","6am",6.4165403,25.766242,34.63701,33.180204
"707","6am",7.4509314,32.181811,33.82338,26.54388
"708","6am",4.266702,30.621434,42.30787,22.803995
"709","6am",5.7824167,34.976546,35.90317,23.337871
"710","6am",10.4473151,32.496315,33.66717,23.389197
"711","6am",8.6870294,43.603043,33.32903,14.380897
"712","6am",8.5423175,29.896496,45.13397,16.427215
"101","7am",5.3052663,29.76651,32.66256,32.265665
"102","7am",1.126056,18.14539,24.61689,56.111661
"103","7am",3.2535801,11.5933,30.00545,55.147669
"104","7am",0.7300317,17.21712,30.43416,51.618687
"105","7am",5.3042306,16.08637,26.3852,52.224197
"106","7am",0.8500126,15.32901,39.6325,44.188478
"107","7am",6.9748332,15.62643,33.81001,43.588732
"108","7am",13.3982126,24.46284,33.12495,29.014001
"109","7am",20.8774597,46.95984,17.12787,15.034827
"110","7am",14.3278565,29.96173,22.18941,33.520999
"111","7am",2.6578052,36.62795,25.69851,35.015741
"112","7am",5.4047074,13.91839,26.86189,53.815014
"113","7am",8.9092144,22.05749,25.45852,43.574772
"114","7am",9.277083,24.67119,32.46571,33.586024
"115","7am",4.105559,36.5698,26.61994,32.704698
"116","7am",1.7582491,24.73209,38.17965,35.330008
"117","7am",1.3742452,24.08519,23.80661,50.733963
"118","7am",6.6591419,18.18444,25.51375,49.64267
"119","7am",0,23.91383,27.35082,48.735353
"120","7am",1.7760933,24.72568,30.90388,42.594351
"121","7am",6.9383319,34.77284,36.80118,21.487653
"122","7am",2.9141832,31.36379,28.12368,37.598344
"123","7am",8.0867049,18.84705,23.08515,49.981095
"124","7am",5.0427782,24.14485,27.22239,43.589973
"125","7am",1.2606083,20.90952,27.81633,50.013543
"126","7am",0.4736137,21.23698,24.67209,53.617322
"127","7am",2.7210831,22.91025,25.28019,49.088475
"128","7am",3.5939022,22.18413,32.05788,42.164088
"129","7am",5.1470698,21.28531,23.00769,50.559923
"130","7am",3.2070956,34.21182,37.92408,24.657013
"131","7am",4.7938762,36.44234,30.57532,28.188465
"132","7am",1.4170472,30.00284,37.64921,30.930903
"133","7am",8.7851354,41.23273,28.00019,21.981944
"134","7am",15.0855007,45.93275,24.16485,14.816907
"135","7am",6.4391318,44.25425,35.28042,14.026195
"136","7am",9.9597442,29.84777,33.5,26.692485
"137","7am",4.7977441,36.93199,30.96624,27.304029
"138","7am",0.9994966,28.12158,30.08837,40.790548
"139","7am",5.6405977,28.35277,33.30932,32.697312
"140","7am",4.6777458,30.75253,27.46694,37.102785
"141","7am",5.0778221,40.55819,35.6244,18.739589
"142","7am",10.5552844,37.85739,24.7459,26.841427
"143","7am",19.0015556,30.44495,30.1165,20.436996
"144","7am",7.4612854,44.61616,32.7323,15.190255
"145","7am",8.0737995,21.29004,33.15968,37.476477
"146","7am",7.740556,27.26748,32.60333,32.388627
"201","7am",9.0311484,32.1045,30.81908,28.045268
"202","7am",9.5651858,42.1667,31.56391,16.704201
"203","7am",3.6183545,34.06516,30.78281,31.533669
"204","7am",6.3799169,37.48202,28.8372,27.300863
"205","7am",3.6180837,47.84463,29.18661,19.350673
"206","7am",9.406976,44.27804,28.5037,17.811287
"207","7am",9.085196,53.37079,21.07376,16.470258
"208","7am",11.9242461,50.16848,27.78756,10.119715
"209","7am",6.5396733,48.34728,32.42797,12.685078
"210","7am",5.6337339,48.27359,22.18798,23.904689
"211","7am",2.6799355,42.83529,32.55177,21.933003
"212","7am",2.5232907,33.8183,35.83457,27.823837
"213","7am",5.6295486,34.35241,35.2622,24.755848
"214","7am",5.2589076,19.73304,24.54038,50.467673
"215","7am",8.3061503,31.52156,27.96379,32.208496
"216","7am",7.33649,22.75063,28.40567,41.507213
"217","7am",4.1790888,33.25401,23.54927,39.017632
"218","7am",1.1822276,26.54469,30.90486,41.368223
"219","7am",3.2969344,26.13561,31.51074,39.056719
"220","7am",1.9585544,33.59194,28.81357,35.635936
"221","7am",5.2613323,28.38917,35.9239,30.425595
"222","7am",2.6303644,18.56108,27.80992,50.998638
"223","7am",7.4938816,31.22014,31.38328,29.902704
"224","7am",3.4794398,47.17156,29.83522,19.513783
"225","7am",6.4573215,33.53895,30.58076,29.422966
"226","7am",5.9460242,31.66173,24.32117,38.071074
"227","7am",5.9675332,31.0645,25.5145,37.45347
"228","7am",4.0815264,41.14768,29.91814,24.852654
"229","7am",10.1917921,52.22473,22.44395,15.13953
"230","7am",11.8953035,41.90634,30.4423,15.756054
"231","7am",9.3153252,48.25797,24.47135,17.955354
"232","7am",10.6067083,41.63181,29.95793,17.803558
"233","7am",6.8717996,38.38467,40.21328,14.530248
"234","7am",17.6260777,38.0163,25.67581,18.681814
"235","7am",12.5599983,46.64404,14.92637,25.869591
"236","7am",10.6400817,50.30389,25.67363,13.382396
"237","7am",1.3284071,44.80126,31.66469,22.205636
"238","7am",5.1008859,37.71366,36.94385,20.241605
"239","7am",13.3102485,59.12586,13.34932,14.214569
"240","7am",12.4090316,45.16726,29.00078,13.422926
"241","7am",10.3613534,35.60688,27.43872,26.593051
"242","7am",4.7327195,35.01128,45.79816,14.457846
"243","7am",9.8205399,39.87188,30.70173,19.605848
"244","7am",6.6205271,42.35569,34.46695,16.556831
"245","7am",2.6955242,48.92119,28.10946,20.273822
"246","7am",4.8368555,34.14606,35.64242,25.374666
"247","7am",5.6580056,40.05569,37.36892,16.917376
"248","7am",7.3316112,58.78913,17.96908,15.91018
"249","7am",19.1055223,45.40964,28.80897,6.675866
"250","7am",19.1486213,56.4997,17.4538,6.897875
"251","7am",5.663202,38.41791,30.4511,25.467795
"252","7am",8.178295,41.63166,29.76569,20.424355
"253","7am",9.5919566,40.04769,34.84243,15.517926
"254","7am",4.4166027,34.96223,39.8953,20.725871
"255","7am",5.6026068,43.92749,30.44616,20.023748
"256","7am",9.0588998,47.06317,33.59118,10.286744
"257","7am",3.3025328,53.79606,27.03875,15.862651
"301","7am",9.3842074,39.97164,26.92699,23.717159
"302","7am",11.1301145,47.24859,26.74765,14.873654
"303","7am",2.282654,38.18385,36.4377,23.095798
"304","7am",3.4333634,47.44932,32.35108,16.766244
"305","7am",10.4981418,55.8473,23.52833,10.126228
"306","7am",8.7053058,46.83476,29.25966,15.200271
"307","7am",6.8684232,45.19978,33.12968,14.80212
"308","7am",13.0096204,45.02959,21.33796,20.622823
"401","7am",17.2463317,35.84254,31.83293,15.078192
"402","7am",13.3588727,38.35344,30.38005,17.907637
"403","7am",15.4557246,43.46759,22.23754,18.839148
"404","7am",12.1255137,44.09087,23.95768,19.825936
"405","7am",18.8862939,42.7712,25.64064,12.701874
"406","7am",13.2923338,31.25122,33.16144,22.295009
"501","7am",10.5029797,34.66398,31.57004,23.263006
"502","7am",7.3934807,42.52018,34.08358,16.002754
"503","7am",8.2360892,41.04623,30.57187,20.14581
"504","7am",12.2680491,30.33018,39.87963,17.52214
"505","7am",10.2002894,37.64953,28.8045,23.345676
"506","7am",12.6023337,44.67637,26.50839,16.212902
"507","7am",11.3498633,46.70635,33.47051,8.473275
"508","7am",14.3765791,52.0418,25.65771,7.92391
"509","7am",12.01968,39.18772,28.22935,20.563244
"510","7am",8.9778262,43.60752,32.34216,15.072489
"511","7am",11.7602661,34.55508,36.56352,17.121131
"512","7am",17.3287592,22.00271,34.69118,25.97735
"513","7am",8.0826353,32.53134,26.9259,32.46012
"514","7am",6.2060112,27.21483,40.98581,25.593352
"515","7am",10.7911487,36.28816,34.54195,18.378736
"516","7am",7.2821724,30.2851,29.21337,33.219355
"517","7am",14.5709609,45.53164,21.04946,18.847936
"518","7am",13.720305,39.05019,34.87581,12.353692
"519","7am",8.5531255,32.51661,38.37243,20.557831
"520","7am",5.1779359,33.59603,40.76977,20.456266
"521","7am",4.7837911,22.66796,35.06453,37.483717
"522","7am",11.5284007,42.55712,33.762,12.152487
"601","7am",9.1914773,32.89151,36.45519,21.461832
"602","7am",13.2936013,37.98649,37.98523,10.734678
"603","7am",12.2278236,42.71978,32.19814,12.854256
"604","7am",11.0733586,41.20435,35.54519,12.177098
"605","7am",4.5057182,37.56339,30.43949,27.491396
"606","7am",8.6295232,26.13388,36.02329,29.213308
"607","7am",11.2338869,42.22295,32.00753,14.53563
"608","7am",6.2179858,40.59625,41.68207,11.503695
"609","7am",4.8051855,41.93801,37.29068,15.966123
"610","7am",8.5988131,40.13454,34.2897,16.976947
"611","7am",18.6341194,32.26416,31.88156,17.220156
"612","7am",10.5099946,40.29565,26.50207,22.692283
"613","7am",5.0876401,45.55159,32.91575,16.445019
"614","7am",6.340849,32.59443,38.63334,22.431376
"615","7am",7.1184391,46.45508,36.86174,9.564747
"616","7am",16.2573728,44.75217,28.89049,10.099971
"617","7am",11.4702868,42.42127,30.40713,15.701312
"618","7am",9.0562516,30.5199,35.16589,25.257961
"701","7am",12.2257886,41.29948,32.14661,14.328127
"702","7am",8.5540669,34.02154,34.85511,22.569285
"703","7am",6.5336738,24.58956,34.93324,33.943527
"704","7am",7.8413252,40.7112,28.898,22.549468
"705","7am",6.6352414,26.95041,36.20493,30.209421
"706","7am",7.8353421,25.90032,30.49883,35.765514
"707","7am",8.1289185,35.92336,33.14736,22.800363
"708","7am",6.0414006,42.55671,34.57571,16.826179
"709","7am",7.3415933,38.95701,32.80341,20.897978
"710","7am",7.8746004,31.43221,38.83676,21.856429
"711","7am",9.3750337,46.68051,33.88807,10.056385
"712","7am",9.3970926,27.9163,45.31938,17.367228
"101","8am",4.1040426,25.93062,30.20431,39.761021
"102","8am",0.9753442,16.59939,32.77637,49.648903
"103","8am",1.9110989,10.8167,34.26181,53.01039
"104","8am",0.6069334,17.62529,34.85688,46.910902
"105","8am",7.7379586,24.0362,30.75592,37.469922
"106","8am",0.9365887,15.9932,35.2092,47.861015
"107","8am",7.1444094,16.84316,31.41696,44.595466
"108","8am",11.0994384,20.3766,34.35512,34.168847
"109","8am",21.3127415,43.96077,14.96556,19.760935
"110","8am",12.7395669,28.64367,23.78106,34.8357
"111","8am",2.0688968,32.56865,28.51165,36.850804
"112","8am",4.9022381,16.62724,31.79061,46.679905
"113","8am",8.868007,23.26329,27.50853,40.360178
"114","8am",9.2052996,25.14853,32.99867,32.647496
"115","8am",4.7229334,38.97945,26.71695,29.580667
"116","8am",1.2877918,19.69636,34.35223,44.66362
"117","8am",1.3176587,26.5272,27.95773,44.19741
"118","8am",6.8725439,25.37316,26.28442,41.469878
"119","8am",0,27.71967,28.70118,43.579148
"120","8am",3.5599025,30.64123,28.00074,37.798125
"121","8am",5.1544973,34.73038,31.79714,28.317981
"122","8am",3.8085943,31.31075,28.65252,36.22813
"123","8am",9.0887521,22.52721,24.25314,44.130899
"124","8am",6.3403361,25.73095,28.85998,39.068725
"125","8am",0.9537043,17.54146,29.8761,51.628741
"126","8am",0.3849284,22.71808,27.11392,49.783072
"127","8am",2.4794999,19.87368,26.42562,51.221193
"128","8am",3.9122108,21.84274,40.08345,34.161596
"129","8am",4.5032701,23.46843,24.01672,48.011577
"130","8am",2.7245209,31.07752,37.17354,29.024419
"131","8am",4.5621499,29.11885,30.83009,35.488915
"132","8am",1.4956308,33.85176,39.58339,25.069227
"133","8am",9.8666835,40.92685,29.55358,19.652887
"134","8am",15.0131448,47.01346,23.70515,14.268254
"135","8am",5.5069401,39.80803,36.068,18.617031
"136","8am",12.715853,37.18519,28.68827,21.410688
"137","8am",6.1441446,38.9605,29.44929,25.446071
"138","8am",1.1425161,30.56754,31.34199,36.947958
"139","8am",5.3003806,31.82534,36.54964,26.324641
"140","8am",5.1147287,30.45576,27.52863,36.900888
"141","8am",5.5434893,40.14834,31.47491,22.833255
"142","8am",11.1802561,40.32994,24.45157,24.038228
"143","8am",16.9961684,27.67072,28.51845,26.814654
"144","8am",5.7399089,42.54114,34.48629,17.232654
"145","8am",3.1418795,17.64206,28.0971,51.118959
"146","8am",6.0175695,22.87783,36.15485,34.94975
"201","8am",8.6100001,25.34912,35.5469,30.493978
"202","8am",9.9344756,42.7823,31.40062,15.882606
"203","8am",6.081956,43.10151,31.52483,19.291706
"204","8am",5.2172951,34.6674,29.1957,30.919606
"205","8am",4.3307916,48.52331,31.2533,15.892595
"206","8am",8.5533354,42.2533,28.95521,20.238156
"207","8am",9.3639401,48.7598,21.82483,20.051422
"208","8am",11.9366126,50.26629,24.90271,12.894382
"209","8am",5.818249,48.01148,30.26028,15.909995
"210","8am",4.7704033,42.95753,22.74461,29.527456
"211","8am",2.5284798,41.20318,27.57246,28.695877
"212","8am",2.4705143,41.42517,33.49441,22.609901
"213","8am",8.3184764,37.21003,36.44673,18.024763
"214","8am",6.0791296,25.43682,25.69653,42.787519
"215","8am",10.0343546,30.17798,31.11112,28.676552
"216","8am",7.4494407,22.08984,33.50354,36.957178
"217","8am",4.3957685,35.77149,21.5341,38.298632
"218","8am",2.648193,26.04587,32.0225,39.283439
"219","8am",3.1537537,22.40197,32.18472,42.259556
"220","8am",4.057611,29.95634,39.56142,26.424626
"221","8am",3.3397011,26.66856,29.67091,40.320831
"222","8am",3.2063449,20.98034,27.5247,48.28861
"223","8am",6.7146028,31.65818,36.41486,25.21236
"224","8am",3.0611925,41.50128,32.25369,23.18383
"225","8am",6.3455506,31.271,33.66721,28.716239
"226","8am",5.1336476,31.74031,23.80581,39.320241
"227","8am",6.941004,32.38708,24.00305,36.668871
"228","8am",3.7040935,36.40537,25.83238,34.058152
"229","8am",10.4078168,53.47616,21.24538,14.870649
"230","8am",11.4644769,38.95839,33.69632,15.880811
"231","8am",9.1170365,49.01842,21.95579,19.908759
"232","8am",8.4740925,34.34525,31.80127,25.379384
"233","8am",7.4421812,37.79244,37.27763,17.487745
"234","8am",18.0727327,36.57318,25.45682,19.89726
"235","8am",12.5655778,52.47783,15.46261,19.493982
"236","8am",9.9507565,46.45092,26.81267,16.785647
"237","8am",2.1170508,55.67996,27.76424,14.438744
"238","8am",4.0346873,35.46321,40.22877,20.27333
"239","8am",13.0374388,59.84119,15.33017,11.791206
"240","8am",13.074454,43.60022,27.69463,15.630702
"241","8am",11.3780245,40.12454,27.52001,20.977424
"242","8am",3.400356,27.2224,43.58649,25.790754
"243","8am",12.521506,48.68823,22.64166,16.148601
"244","8am",6.1283274,43.86061,33.24838,16.762686
"245","8am",2.6531787,46.13893,27.43089,23.777003
"246","8am",5.203485,36.35606,34.25183,24.188623
"247","8am",5.609443,34.82324,37.21345,22.353862
"248","8am",7.1526258,55.86305,18.52175,18.462576
"249","8am",18.959538,42.27454,30.46668,8.299241
"250","8am",17.7442762,54.72619,20.64344,6.886092
"251","8am",5.1952628,39.37029,31.59858,23.83587
"252","8am",8.5850197,42.17913,28.6771,20.558758
"253","8am",8.7491434,35.28869,40.14679,15.815381
"254","8am",6.3434282,33.07722,40.29016,20.289192
"255","8am",4.7997579,44.59718,31.19792,19.405147
"256","8am",9.0012462,46.78845,32.49811,11.712188
"257","8am",3.5846373,54.77041,24.57227,17.072675
"301","8am",7.4309363,39.17756,30.01332,23.378189
"302","8am",13.2641154,43.35464,28.34429,15.03696
"303","8am",2.7280358,38.31573,35.89571,23.060521
"304","8am",3.5307319,43.67864,33.02052,19.770106
"305","8am",9.5900837,49.472,22.68638,18.251539
"306","8am",11.1522145,45.93305,28.92816,13.986569
"307","8am",6.6690055,48.01867,31.09108,14.221245
"308","8am",14.9245293,44.31047,22.35429,18.410716
"401","8am",14.451268,31.79259,31.45396,22.302179
"402","8am",13.7902341,34.77887,31.39088,20.040019
"403","8am",13.8639935,38.26311,21.43731,26.435593
"404","8am",13.0519184,43.50837,25.41131,18.028406
"405","8am",18.650849,40.19035,29.49958,11.659213
"406","8am",14.6962108,34.86259,28.9452,21.495993
"501","8am",10.5545322,35.85963,31.31011,22.275727
"502","8am",7.2821972,40.22522,33.32144,19.171147
"503","8am",7.2407965,40.77039,30.92403,21.064778
"504","8am",14.4026075,34.51333,34.35759,16.726467
"505","8am",10.2512633,41.37739,26.50554,21.865798
"506","8am",13.7139195,42.23369,32.50727,11.54512
"507","8am",10.5668442,41.88316,34.41752,13.132468
"508","8am",13.8544577,54.9001,23.68644,7.559
