"district","hour","cs1","cs2","cs3","cs4","cs5"
"101","4am",5.3606798,15.7080155,25.032,24.71195,29.187359
"102","4am",1.6676925,9.489167,28.6973,22.904301,37.241543
"103","4am",7.0038653,4.9971333,19.32959,24.170256,44.499156
"104","4am",4.571762,8.700348,14.44922,27.276419,45.002247
"105","4am",3.3453638,6.5390495,14.45563,35.853504,39.80645
"106","4am",2.488729,12.3991816,14.69296,37.562872,32.856255
"107","4am",0.9210886,7.0282822,19.37535,38.196322,34.478958
"108","4am",6.320762,18.7945466,28.10159,19.812933,26.970169
"109","4am",20.3014995,27.4007947,24.07176,21.813484,6.412459
"110","4am",3.0043132,31.2487681,16.46576,28.715582,20.565576
"111","4am",3.9481617,15.9429954,33.73063,23.431479,22.946737
"112","4am",2.8381536,2.9036287,27.90687,34.9911,31.36025
"113","4am",6.5481682,11.7561817,20.56559,32.292761,28.837295
"114","4am",1.6573771,15.2213012,21.2517,32.862684,29.00694
"115","4am",4.7206685,9.9517465,27.89727,28.746743,28.683573
"116","4am",4.6376273,5.7810004,23.78013,33.390605,32.410637
"117","4am",1.9968746,6.7284286,19.58628,25.57297,46.115449
"118","4am",5.3435156,7.0974527,21.84752,39.343938,26.367571
"119","4am",2.6099355,10.1124229,25.37021,28.716918,33.190511
"120","4am",3.8595073,7.2691694,19.12005,33.993364,35.757914
"121","4am",5.8021814,31.0149066,34.25889,16.719646,12.204379
"122","4am",4.3755775,6.7570473,27.4501,31.548861,29.868409
"123","4am",6.174009,11.8964386,13.33062,28.696944,39.901992
"124","4am",1.7541828,12.843843,28.88494,23.533027,32.984003
"125","4am",0.6383697,10.9229609,13.11242,21.385934,53.940315
"126","4am",7.284153,3.4376373,22.35096,22.573069,44.354177
"127","4am",4.6477929,3.2553196,18.65429,35.82268,37.619916
"128","4am",7.0988452,5.6980773,23.42911,25.250288,38.52368
"129","4am",3.0003198,9.5348458,27.86024,30.382192,29.222405
"130","4am",2.7320445,12.0835068,32.57126,30.973068,21.640119
"131","4am",6.6554916,15.1829587,29.55224,27.380637,21.22867
"132","4am",2.7504431,8.6242681,18.64252,38.568437,31.414333
"133","4am",11.1042192,25.6424282,25.55465,17.340178,20.358525
"134","4am",12.5996835,28.5200428,25.69499,24.86918,8.316104
"135","4am",3.6666739,25.8161404,35.86445,27.44823,7.20451
"136","4am",2.5353774,14.191357,35.4713,22.067973,25.733997
"137","4am",4.4297172,13.5860597,28.31295,27.874877,25.796391
"138","4am",2.9924661,7.6331186,27.65295,23.529459,38.19201
"139","4am",4.9024328,11.7659553,38.43917,18.189949,26.702491
"140","4am",2.7489312,11.712691,25.99916,31.86513,27.674085
"141","4am",7.5217305,21.3592544,33.882,17.773161,19.463853
"142","4am",9.837088,26.7432977,23.45325,25.838927,14.127438
"143","4am",8.4756021,15.8983433,37.91823,29.997368,7.710458
"144","4am",7.6305344,23.2198842,29.07731,31.280332,8.791938
"145","4am",2.3024243,11.435433,25.2678,24.738513,36.255834
"146","4am",4.2145802,12.1341254,30.55584,20.251162,32.844292
"201","4am",5.1461314,26.2761265,24.39408,19.790146,24.393519
"202","4am",12.9802331,25.9082996,39.48209,15.32379,6.305591
"203","4am",5.9934443,13.0906521,24.16409,32.277157,24.474654
"204","4am",7.4268619,21.3392943,38.31463,23.151544,9.767669
"205","4am",4.2939788,18.8536965,39.7147,21.818116,15.319511
"206","4am",12.6547408,19.4396911,42.82652,15.647018,9.432033
"207","4am",9.6867223,31.188263,34.33258,19.705362,5.087077
"208","4am",19.7438263,19.0453133,38.75539,18.862277,3.59319
"209","4am",6.0683409,25.2137098,41.71322,17.831067,9.173667
"210","4am",6.1270417,23.6658017,39.63867,18.454761,12.113727
"211","4am",3.2194362,17.3842965,33.41466,33.076846,12.904765
"212","4am",3.9521001,11.270972,36.27425,27.861466,20.641211
"213","4am",6.9103238,13.6681724,30.89632,24.07283,24.452356
"214","4am",2.8649162,6.5105556,20.41335,34.948874,35.262306
"215","4am",3.5390182,11.6071537,26.22897,24.239016,34.385838
"216","4am",3.6286982,10.8933062,21.26055,32.161255,32.056189
"217","4am",6.0811269,13.4296814,22.97822,31.525075,25.985896
"218","4am",4.6582651,7.0848861,19.38505,28.588398,40.283398
"219","4am",2.0827588,7.2018589,22.26382,28.959314,39.492244
"220","4am",3.2303433,12.2343098,28.51854,27.327769,28.689036
"221","4am",5.9469114,7.7400494,16.48403,32.565686,37.263325
"222","4am",4.2249594,3.703199,21.80506,20.663327,49.60345
"223","4am",6.5202416,9.5676939,22.16929,29.416245,32.32653
"224","4am",2.5499762,19.1911168,26.71443,31.03242,20.512062
"225","4am",3.8983059,15.1695501,22.62715,33.391186,24.913811
"226","4am",2.4371882,15.05647,20.37627,32.483251,29.64682
"227","4am",1.7220391,17.5318369,24.35556,32.091235,24.299333
"228","4am",1.2570009,21.294629,27.9303,24.49589,25.02218
"229","4am",9.1031941,33.6467679,29.81396,23.317064,4.119017
"230","4am",5.3027519,28.4484674,33.9703,20.46898,11.8095
"231","4am",15.1097198,34.339218,27.43936,18.40971,4.701989
"232","4am",8.289844,27.8971709,29.83288,18.382198,15.597905
"233","4am",3.3910673,20.2720437,30.52023,31.513322,14.303341
"234","4am",7.4866222,26.0196687,29.54458,27.827867,9.121262
"235","4am",5.4993275,28.9442996,19.35999,22.670208,23.526174
"236","4am",5.6367796,30.2367987,34.17057,21.608669,8.347177
"237","4am",0.4612618,18.7118888,30.27569,32.529003,18.02216
"238","4am",1.8620492,19.3537974,26.70185,30.403385,21.678922
"239","4am",11.5242215,35.5592482,28.58972,19.313689,5.013116
"240","4am",10.2802098,25.8119053,36.35694,21.881715,5.669225
"241","4am",5.5342163,15.3101242,28.70194,26.981395,23.472328
"242","4am",1.0984619,20.612555,30.98226,26.538162,20.768565
"243","4am",3.4435099,20.3341004,27.61766,34.133581,14.471145
"244","4am",1.0959357,22.5147483,27.65211,34.036433,14.700775
"245","4am",2.0029797,24.7299214,26.88564,32.220221,14.161237
"246","4am",6.0583444,11.7584451,32.68673,26.49972,22.996764
"247","4am",6.3825738,13.537148,27.53015,29.01834,23.531789
"248","4am",1.7572216,24.1858451,43.39437,16.267547,14.395017
"249","4am",11.8124685,33.6926594,32.12745,16.605128,5.762291
"250","4am",16.4727348,26.9625183,36.23804,13.197089,7.129617
"251","4am",2.7941553,5.2105699,19.2095,38.547823,34.237952
"252","4am",3.9378336,14.930058,29.22965,37.582436,14.320027
"253","4am",2.1323376,18.6405185,29.36748,33.667831,16.191831
"254","4am",1.522532,17.0819291,25.48861,28.674138,27.232794
"255","4am",1.5255478,13.5683104,20.3134,39.499618,25.093119
"256","4am",3.586046,22.2128118,27.84525,31.953615,14.402275
"257","4am",2.6425726,15.7605039,29.47067,34.029128,18.097127
"301","4am",3.9796875,20.6107198,30.81069,28.519871,16.079032
"302","4am",8.4051457,18.2863325,20.89523,28.605719,23.807576
"303","4am",10.8567369,21.2043991,26.50637,21.709996,19.722496
"304","4am",4.9005187,24.1867607,26.52566,25.666222,18.720834
"305","4am",9.3296045,27.8413172,24.22608,22.1825,16.420503
"306","4am",5.9535152,17.8473824,30.10925,31.581392,14.508465
"307","4am",4.2114675,18.8122831,20.13237,34.61337,22.230506
"308","4am",5.2897824,7.8281426,21.05335,36.763758,29.064967
"401","4am",3.1401455,23.9186616,38.13143,23.082208,11.727552
"402","4am",6.2241935,17.0563523,32.4976,23.762839,20.459019
"403","4am",4.8074556,30.7698932,33.20586,21.861083,9.355706
"404","4am",5.4283161,13.070952,34.58575,31.891261,15.023721
"405","4am",6.2585077,27.0406329,22.61416,32.385163,11.701535
"406","4am",2.5926869,15.4855469,26.7988,39.669304,15.453661
"501","4am",1.3354594,11.5630648,51.80588,14.561788,20.733812
"502","4am",9.2427395,17.6641433,58.19367,5.414859,9.484583
"503","4am",0.8009585,9.0086572,55.79687,12.440341,21.953178
"504","4am",0.4331511,8.7917821,52.2752,19.235087,19.264776
"505","4am",5.2862162,16.4589075,41.51696,21.065583,15.672336
"506","4am",0.6901302,13.6105696,41.97288,30.469937,13.256485
"507","4am",0,14.1340855,54.19046,26.365998,5.309459
"508","4am",0,11.7769015,57.01986,21.687306,9.515928
"509","4am",0,15.7025827,57.81802,18.666841,7.812554
"510","4am",0.7380839,7.7996818,61.7771,16.795733,12.889399
"511","4am",1.7311652,4.268258,43.83663,29.188559,20.97539
"512","4am",2.7755844,3.2168245,49.22726,20.004887,24.775445
"513","4am",0.2496577,7.7892711,40.92859,13.569004,37.463479
"514","4am",1.8237214,9.2474883,41.35537,9.995811,37.577611
"515","4am",2.0728382,7.5254395,45.4769,19.908154,25.016669
"516","4am",1.4954411,4.9428867,52.91876,19.642282,21.000628
"517","4am",0.3182163,10.0313956,55.44832,17.176913,17.025156
"518","4am",0.9488622,6.728227,59.09975,17.266989,15.95617
"519","4am",3.1997963,8.0399821,52.22386,18.908629,17.627737
"520","4am",1.3638875,0.4260953,48.09534,23.468026,26.646654
"521","4am",0,2.6903113,42.58835,19.781456,34.939887
"522","4am",4.9292862,8.8960713,52.85417,17.079433,16.241044
"601","4am",0,8.882967,49.78493,16.889555,24.442552
"602","4am",1.6609315,12.812978,62.67579,14.254758,8.595538
"603","4am",1.0756155,10.742004,51.51369,14.656632,22.012054
"604","4am",1.4733345,4.8275957,56.6773,22.148794,14.872979
"605","4am",5.0916792,5.3548938,45.9498,16.91859,26.685038
"606","4am",2.094785,9.0955937,49.02134,16.15993,23.628348
"607","4am",0.7397756,9.7535433,58.03113,16.41353,15.062026
"608","4am",6.0300301,8.0001107,55.5337,11.144438,19.291721
"609","4am",1.5192816,7.447956,48.24334,18.544122,24.245302
"610","4am",1.3772118,16.3464424,43.97026,20.816281,17.489809
"611","4am",1.7438266,12.1145311,54.052,16.65403,15.435616
"612","4am",5.9177092,4.9956882,52.43501,20.421359,16.230236
"613","4am",0.3285198,9.699923,56.99222,13.100027,19.879312
"614","4am",2.8900437,4.9883658,54.29861,17.86304,19.959936
"615","4am",6.9760173,18.4050219,50.48446,13.376244,10.758255
"616","4am",4.3282397,16.4277124,63.01218,10.516115,5.715752
"617","4am",3.4598738,13.5918175,53.24142,16.311189,13.395698
"618","4am",2.3967451,2.979338,42.58893,34.266512,17.768471
"701","4am",0.6255831,12.2615645,55.66267,16.12186,15.328318
"702","4am",3.4881282,4.3813203,44.7444,18.081026,29.305129
"703","4am",1.3892671,4.7135034,53.7187,11.777691,28.400843
"704","4am",1.7407855,5.2086076,51.99862,18.053596,22.998393
"705","4am",3.7089313,4.6893991,47.47163,24.684852,19.445191
"706","4am",0.3407556,8.6539387,45.00902,20.37395,25.622339
"707","4am",3.6947498,7.8705598,47.39542,16.941461,24.097813
"708","4am",1.8700216,4.0689879,56.60641,12.133823,25.320759
"709","4am",1.9368558,5.3055704,56.06891,20.802537,15.886126
"710","4am",0,8.6853271,46.18893,19.636189,25.489552
"711","4am",2.8624909,14.4236676,55.99131,16.890733,9.831797
"712","4am",3.1580698,11.7318245,56.55273,12.425118,16.132263
"101","5am",5.2047888,15.7242392,26.070565,24.661829,28.338578
"102","5am",1.6724061,9.5159872,29.88833,22.969038,35.954238
"103","5am",7.0038653,4.9971333,19.329589,24.170256,44.499156
"104","5am",4.6094181,8.7720099,16.873565,27.501086,42.243921
"105","5am",3.2763955,6.4042399,15.46862,35.864947,38.985797
"106","5am",2.4424446,13.2443792,14.419708,37.648261,32.245207
"107","5am",0.9343011,5.7001321,20.263459,38.744227,34.357881
"108","5am",6.498247,17.0986492,28.890673,19.784947,27.727483
"109","5am",20.3961812,26.9507698,24.295466,21.915218,6.442365
"110","5am",3.0864964,30.5244812,17.105802,28.155072,21.128149
"111","5am",3.9670184,15.6104139,34.532122,22.834114,23.056332
"112","5am",2.8569074,2.9228151,28.09127,34.561537,31.56747
"113","5am",6.5359464,11.7342394,20.713854,32.232488,28.783472
"114","5am",1.6712425,14.5120522,21.429487,33.13761,29.249609
"115","5am",4.8662313,8.4343129,28.757487,29.003544,28.938425
"116","5am",4.1218209,8.4699667,28.073629,28.836928,30.497655
"117","5am",2.0100471,5.7680769,20.562928,25.239296,46.419652
"118","5am",5.403572,6.0533111,22.093069,39.786129,26.663919
"119","5am",2.7279367,9.8434783,24.872442,27.865013,34.69113
"120","5am",3.7616148,9.0882019,19.168075,33.131157,34.850951
"121","5am",5.7298286,29.6342131,33.164802,18.905969,12.565187
"122","5am",4.362209,6.1661325,28.242034,31.452471,29.777153
"123","5am",6.5020536,10.5649624,9.708396,31.202477,42.022111
"124","5am",1.77128,12.9690257,29.166471,23.762392,32.330831
"125","5am",0.6230918,10.6615456,12.211683,20.874112,55.629568
"126","5am",7.218196,3.8667861,22.148578,22.813883,43.952556
"127","5am",4.6147774,3.4679587,18.521781,36.042799,37.352684
"128","5am",6.8502287,6.6267399,24.982562,24.36597,37.1745
"129","5am",2.9914297,10.1693265,27.41126,30.292167,29.135817
"130","5am",2.7515237,12.1696613,33.094328,31.081761,20.902727
"131","5am",5.9882671,15.7191953,31.369416,25.361504,21.561618
"132","5am",2.7168951,8.5190754,19.634859,38.098007,31.031164
"133","5am",11.2089149,28.5137676,23.621273,16.10557,20.550475
"134","5am",13.1650165,25.7895398,25.267804,25.985031,9.792609
"135","5am",3.8684452,22.6175826,37.975128,27.937881,7.600963
"136","5am",2.5423654,13.9548499,35.569062,22.128797,25.804926
"137","5am",4.3236643,14.3560019,28.934022,27.207519,25.178794
"138","5am",2.9924661,7.6331186,27.652946,23.529459,38.19201
"139","5am",5.0076529,11.268297,38.513996,17.934451,27.275603
"140","5am",2.7489312,11.712691,25.999163,31.86513,27.674085
"141","5am",7.3317133,22.7336515,33.02606,17.936426,18.972149
"142","5am",10.0694454,25.5593662,24.791255,25.118798,14.461136
"143","5am",8.9541437,15.9116113,36.322474,31.432294,7.379477
"144","5am",7.9602717,21.2003746,29.332845,33.297937,8.208572
"145","5am",2.2898268,11.3728655,25.676683,24.603159,36.057465
"146","5am",4.2365214,12.1972959,30.194313,20.35659,33.01528
"201","5am",5.2070865,23.4172887,26.668612,20.024557,24.682456
"202","5am",13.218953,26.3847801,40.208203,14.695635,5.492429
"203","5am",5.8508976,15.9658569,23.589379,30.701311,23.892555
"204","5am",7.4381354,20.6064616,38.98622,23.186687,9.782496
"205","5am",4.430417,19.0014183,37.654738,24.3968,14.516628
"206","5am",10.4678719,22.360993,43.850915,13.420732,9.899488
"207","5am",9.4795303,29.6057862,36.652537,19.283878,4.978268
"208","5am",21.6064065,19.7582678,36.463087,18.240077,3.932162
"209","5am",5.8342362,27.1848585,40.84808,16.830274,9.302551
"210","5am",6.0945161,21.6992568,40.426599,19.730208,12.04942
"211","5am",3.3155968,16.1346899,33.194688,34.064811,13.290214
"212","5am",4.0373741,10.8611757,36.361502,28.46263,20.277319
"213","5am",6.8200746,12.9521742,32.085121,24.769351,23.37328
"214","5am",2.8720827,6.5268417,19.840811,35.036299,35.723966
"215","5am",3.5709996,11.7120451,24.706471,24.458059,35.552425
"216","5am",3.6661458,11.4542861,21.479957,31.555844,31.843768
"217","5am",6.06797,13.4006255,23.272341,30.911123,26.34794
"218","5am",4.6180978,5.9526395,21.151334,28.341886,39.936042
"219","5am",2.0053194,6.9340854,24.31384,28.722879,38.023876
"220","5am",3.2969096,10.7981267,29.300654,27.890901,28.713409
"221","5am",6.0756816,7.1240345,14.89316,33.836925,38.070199
"222","5am",4.3342293,3.7989747,20.669195,21.197741,49.99986
"223","5am",6.5674333,8.9131699,22.329745,29.629152,32.5605
"224","5am",2.5534877,19.713539,26.43462,30.758045,20.540308
"225","5am",3.9754031,14.9032414,23.074647,32.640175,25.406534
"226","5am",2.4826543,13.471836,20.756393,33.089231,30.199886
"227","5am",1.7290539,17.7282092,24.45477,32.221961,23.866006
"228","5am",1.2131204,23.2711206,28.502171,22.864905,24.148683
"229","5am",9.5717171,32.3919449,29.188177,24.517146,4.331014
"230","5am",5.7011703,25.8761842,34.577189,21.148659,12.696798
"231","5am",15.8706924,32.7436788,27.109953,19.33688,4.938796
"232","5am",8.4601832,27.4680373,28.029593,20.123776,15.91841
"233","5am",3.3266447,22.1017984,29.625307,30.91464,14.03161
"234","5am",7.8112364,25.3699243,29.504959,28.387045,8.926836
"235","5am",5.7032942,29.1035688,20.078041,22.565463,22.549633
"236","5am",5.2944596,34.353784,32.173977,20.296381,7.881398
"237","5am",0.4726278,18.185484,29.545095,33.33055,18.466243
"238","5am",1.7602607,21.7131202,26.170298,29.862472,20.49385
"239","5am",11.6650921,34.7715329,28.939202,19.549777,5.074396
"240","5am",10.6312731,23.7707494,37.106189,22.628963,5.862826
"241","5am",5.5055672,14.086207,30.577154,26.84172,22.989352
"242","5am",1.0933128,23.4411658,30.837024,24.67854,19.949957
"243","5am",3.3055463,20.5215537,26.511166,33.446175,16.215559
"244","5am",1.0352466,25.5462767,26.275997,33.255783,13.886697
"245","5am",1.9534715,26.4262352,27.859988,29.949095,13.81121
"246","5am",6.1250038,11.8878222,33.724454,25.012924,23.249795
"247","5am",6.2786955,13.877885,27.852424,28.842194,23.148802
"248","5am",1.7683247,24.2695723,43.105796,16.370335,14.485973
"249","5am",12.1284046,32.8291844,32.076754,17.049248,5.916409
"250","5am",16.3870109,25.3960714,37.995992,13.128411,7.092514
"251","5am",2.7531981,6.6000111,18.927923,37.982782,33.736086
"252","5am",3.8939356,15.0426307,29.739567,37.163476,14.16039
"253","5am",1.8307437,18.1231566,32.643827,32.873624,14.528649
"254","5am",1.5222872,19.5143306,25.037999,28.669528,25.255855
"255","5am",1.4798484,15.1911998,19.261686,39.725837,24.341429
"256","5am",3.5190815,23.8118731,26.672713,31.863,14.133332
"257","5am",2.6542396,15.1502725,29.600782,34.179367,18.415339
"301","5am",3.9818872,19.8962942,32.028149,28.00575,16.087919
"302","5am",8.2701422,18.9307081,21.018509,29.39966,22.38098
"303","5am",10.8269019,21.9945608,25.859904,21.650336,19.668297
"304","5am",4.6032935,26.3190924,25.977593,25.514639,17.585382
"305","5am",9.5436419,26.9972022,23.970533,22.691405,16.797218
"306","5am",6.2847679,15.5443596,30.143391,32.711768,15.315714
"307","5am",4.36846,17.7536494,20.882855,33.935834,23.059202
"308","5am",5.4317286,8.8611787,20.795321,35.685754,29.226018
"401","5am",3.0986589,21.6365805,40.469203,22.098916,12.696642
"402","5am",6.5009026,17.8146267,31.12771,23.188195,21.368566
"403","5am",4.7760855,31.6737149,32.127912,22.127631,9.294657
"404","5am",5.4078938,13.052455,34.910692,31.66176,14.967199
"405","5am",6.3749407,26.2093607,22.508814,32.987655,11.91923
"406","5am",2.591017,15.4755731,26.875552,38.471661,16.586196
"501","5am",1.3721705,12.2640401,52.544674,14.962084,18.857031
"502","5am",9.1518847,19.2021024,56.893029,5.361632,9.391351
"503","5am",0.8119927,8.325689,56.945592,12.213802,21.702925
"504","5am",0.434066,8.8103522,52.174398,19.275716,19.305468
"505","5am",5.3933736,14.7654382,42.358551,21.492606,15.990032
"506","5am",0.6925209,13.6577191,42.11828,30.229073,13.302408
"507","5am",0,14.5764169,52.756831,27.191132,5.47562
"508","5am",0,11.8469008,56.7644,21.816211,9.572488
"509","5am",0,13.8987417,59.59817,18.449996,8.053093
"510","5am",0.7734373,7.817838,61.149286,17.60023,12.659209
"511","5am",1.7577815,4.3338814,42.973129,29.637326,21.297882
"512","5am",2.7211619,3.1537504,50.222789,19.61264,24.289658
"513","5am",0.2418321,7.5451142,41.578491,14.345388,36.289175
"514","5am",1.8352789,10.0281261,40.261686,10.059158,37.815751
"515","5am",2.147162,8.0925697,45.69559,19.365083,24.699596
"516","5am",1.5313819,4.3667778,52.482135,20.114357,21.505348
"517","5am",0.3221665,8.8052547,56.612373,17.912644,16.347561
"518","5am",0.9604204,7.5651189,57.846605,17.477321,16.150535
"519","5am",3.2191172,8.4252838,51.598619,19.022803,17.734176
"520","5am",1.3697238,0.4279186,48.301147,23.140531,26.76068
"521","5am",0,2.7468157,41.80502,20.196925,35.251239
"522","5am",4.9855213,8.997561,51.933544,18.194152,15.889221
"601","5am",0,8.7457706,50.955587,15.32841,24.970232
"602","5am",1.6850331,14.3031795,61.969742,12.605623,9.436422
"603","5am",1.1187398,11.1726796,52.569967,13.898857,21.239756
"604","5am",1.4790369,3.9731232,57.382776,22.234519,14.930544
"605","5am",5.2662172,3.9568086,45.678655,17.498544,27.599776
"606","5am",2.1326427,10.2807849,47.079227,16.451978,24.055368
"607","5am",0.7758664,8.5235516,59.05449,15.625567,16.020524
"608","5am",5.9174521,9.2140031,55.000616,10.936376,18.931553
"609","5am",1.5784275,7.7379062,46.228442,19.266047,25.189176
"610","5am",1.4057885,15.1238681,45.469334,21.248212,16.752798
"611","5am",1.8072577,12.5551933,52.380652,17.259815,15.997082
"612","5am",6.0607983,5.5067144,51.818308,20.634991,15.979188
"613","5am",0.3349932,8.7118316,56.554446,14.124247,20.274483
"614","5am",2.8981879,5.6652501,54.451629,17.913378,19.071555
"615","5am",7.0548592,18.6130329,49.924844,13.527421,10.879843
"616","5am",4.4947099,16.4906831,63.055045,10.92058,5.038982
"617","5am",3.5554529,13.2460794,54.661691,14.771022,13.765755
"618","5am",2.3967451,2.979338,42.588935,34.266512,17.768471
"701","5am",0.6161866,14.8666601,53.539372,15.879702,15.09808
"702","5am",3.5667473,4.1299255,44.793936,17.543753,29.965638
"703","5am",1.378536,4.6434234,53.303758,11.982672,28.691611
"704","5am",0,5.3215841,52.735996,18.445184,23.497236
"705","5am",3.6531627,7.2712329,46.75783,23.164967,19.152807
"706","5am",0.3414248,8.6709339,43.709113,21.60587,25.672658
"707","5am",3.7019325,8.1322838,46.918149,17.890612,23.357023
"708","5am",1.9010557,4.136515,55.886267,12.33519,25.740972
"709","5am",2.04585,4.4160477,55.583526,21.973174,15.981402
"710","5am",0,9.0413821,47.626113,19.234765,24.097739
"711","5am",2.8607091,13.2953287,57.138065,16.88022,9.825677
"712","5am",3.1032179,13.2649386,55.570471,12.209308,15.852064
"101","6am",4.7136057,18.317426,28.3071,22.997646,25.664227
"102","6am",1.7122296,10.255021,29.57528,22.038303,36.419162
"103","6am",6.1203417,4.880961,25.38355,24.603863,39.011289
"104","6am",4.5833807,10.719905,16.77825,26.750754,41.16771
"105","6am",3.3779398,7.376351,15.94803,35.65877,37.638905
"106","6am",2.4210402,11.827255,16.50108,36.638222,32.612405
"107","6am",0.9462919,4.977308,20.49986,40.44198,33.134561
"108","6am",6.4287111,18.021405,25.76539,20.766934,29.017562
"109","6am",20.939141,25.821263,25.0275,21.598228,6.613865
"110","6am",3.296177,30.051343,16.56503,27.614019,22.473434
"111","6am",4.0425523,15.30408,34.64825,23.305197,22.699925
"112","6am",2.7718312,2.835776,29.82482,32.880488,31.687089
"113","6am",6.6615266,9.995371,19.4583,34.548295,29.336511
"114","6am",1.7756339,14.305731,21.44359,34.562189,27.912857
"115","6am",5.0672384,6.992159,28.91649,29.545961,29.478153
"116","6am",3.6531735,8.165043,26.40209,29.135903,32.643788
"117","6am",2.0537201,6.349735,19.31595,25.787678,46.492913
"118","6am",5.7522364,6.038113,23.1609,38.524789,26.523959
"119","6am",2.9318167,8.818416,24.40784,27.354377,36.487546
"120","6am",3.506656,9.895945,21.21224,32.896373,32.488785
"121","6am",5.6141761,27.350725,32.68529,20.439778,13.910034
"122","6am",4.075797,6.656981,28.69268,31.131802,29.442739
"123","6am",6.725784,10.492629,10.04245,30.450325,42.288808
"124","6am",1.8515906,12.874061,28.12745,23.753487,33.393408
"125","6am",0.6017842,11.21407,15.84881,19.340329,52.995008
"126","6am",7.1464079,3.905749,24.06528,21.67323,43.209333
"127","6am",4.6053462,3.732463,19.04107,35.715793,36.905325
"128","6am",6.4353925,7.478633,29.23489,22.890415,33.96067
"129","6am",2.9714344,10.101353,28.72742,28.723917,29.475873
"130","6am",2.6063065,11.527383,33.82491,29.000489,23.040909
"131","6am",5.9496904,13.855671,33.7941,25.785131,20.615408
"132","6am",2.6969101,7.565424,23.82847,35.106289,30.802904
"133","6am",10.950085,27.014616,26.42979,15.281266,20.324247
"134","6am",14.2272958,25.418348,25.54131,25.422674,9.390368
"135","6am",3.8975124,21.759078,39.00407,27.681263,7.658076
"136","6am",2.7712767,14.459839,36.44907,18.926846,27.392963
"137","6am",4.3358221,13.672726,30.48538,26.256473,25.249594
"138","6am",3.1009744,7.909899,27.96767,22.220824,38.800632
"139","6am",5.0298495,10.861999,38.18345,18.528196,27.396502
"140","6am",2.9524142,10.624532,26.08758,31.962896,28.372579
"141","6am",7.348161,22.273183,35.07937,17.40229,17.896993
"142","6am",10.8657516,22.928202,24.74398,27.292999,14.16907
"143","6am",8.8251918,15.878284,35.52337,32.720077,7.053076
"144","6am",7.4094385,24.624161,28.12315,31.165954,8.677295
"145","6am",2.28938,11.370646,29.23857,23.389529,33.711878
"146","6am",4.0441593,11.165499,30.61998,21.540094,32.630266
"201","6am",5.1737698,22.506958,28.30241,18.955616,25.061242
"202","6am",13.6291837,27.203593,39.97358,13.53077,5.662878
"203","6am",6.0537827,16.625481,24.40736,28.192324,24.72105
"204","6am",7.821448,18.217349,35.08288,29.675573,9.202746
"205","6am",4.5649917,18.366367,36.05794,23.593801,17.416902
"206","6am",9.9266886,24.027413,42.5324,15.177132,8.336363
"207","6am",10.0188525,29.931255,36.76785,18.034407,5.247639
"208","6am",21.2216201,17.450253,40.13546,17.133682,4.058985
"209","6am",5.8000417,24.961918,41.09575,18.530168,9.612117
"210","6am",6.287819,21.126624,42.21755,20.863791,9.504219
"211","6am",3.4035549,13.317944,32.82788,36.807835,13.642785
"212","6am",4.1763381,11.074762,37.59343,27.29539,19.860076
"213","6am",6.7042296,12.203809,34.18157,25.694475,21.215915
"214","6am",2.9466623,6.239392,20.34957,35.334294,35.130086
"215","6am",3.7544256,10.84682,26.43094,23.430009,35.537806
"216","6am",3.9316523,10.067828,23.03556,31.068891,31.896068
"217","6am",6.93101,9.655748,26.3542,27.587033,29.47201
"218","6am",4.440974,4.671977,20.9967,28.656268,41.234077
"219","6am",1.8571063,6.421587,28.4901,27.125647,36.105556
"220","6am",3.4616581,9.313464,32.44476,27.499222,27.280891
"221","6am",6.3993424,10.944035,15.32755,31.328733,36.000342
"222","6am",4.3033996,4.150159,20.36553,21.78977,49.391138
"223","6am",6.7842283,8.286923,24.05794,30.195808,30.675097
"224","6am",2.6215152,20.254758,27.13887,31.227597,18.757264
"225","6am",4.213808,13.639604,23.88318,32.518278,25.745126
"226","6am",2.5368459,15.080463,20.10913,32.159294,30.114267
"227","6am",1.745432,15.8787,24.68641,32.403609,25.285848
"228","6am",1.2350433,25.342162,30.92411,19.001321,23.497364
"229","6am",10.0049,30.31374,32.0238,22.78118,4.876382
"230","6am",5.5490586,29.146054,31.46507,22.060512,11.779303
"231","6am",16.5873479,29.401309,27.19003,21.659506,5.161811
"232","6am",8.2879802,27.268181,27.90269,21.530089,15.011059
"233","6am",3.2495646,22.670917,29.09503,31.827771,13.156714
"234","6am",8.5925754,24.139118,30.86768,26.580866,9.819766
"235","6am",6.1277496,28.20264,21.19251,22.235989,22.241111
"236","6am",5.2146056,33.906059,31.7074,21.078819,8.093121
"237","6am",0.546853,14.529135,31.44737,35.878566,17.598072
"238","6am",1.6439415,24.256494,26.42966,28.496654,19.173251
"239","6am",12.9302586,30.028913,29.74598,21.670097,5.624752
"240","6am",11.189841,24.142092,38.12348,21.30155,5.243036
"241","6am",5.7505074,13.059103,30.44214,26.358569,24.389685
"242","6am",0.8629006,25.366358,31.96094,25.499397,16.310401
"243","6am",3.2660445,22.748229,27.18166,30.714238,16.089829
"244","6am",1.0408093,30.068611,24.74078,30.62989,13.519911
"245","6am",2.0091033,30.453901,28.69479,27.766913,11.075288
"246","6am",6.4491005,12.577583,31.93725,26.637227,22.39884
"247","6am",6.8080273,14.587255,28.06199,29.791673,20.75105
"248","6am",1.8891501,26.278681,42.79544,14.767845,14.268882
"249","6am",11.7382883,28.280172,36.05962,18.195813,5.726105
"250","6am",17.3615078,25.722205,37.36187,12.040123,7.51429
"251","6am",2.8124899,11.070343,18.03447,35.918611,32.164084
"252","6am",3.919758,17.966204,29.34281,35.017555,13.753675
"253","6am",1.7348579,15.902613,33.34823,31.707112,17.307186
"254","6am",1.4132945,21.402672,28.0556,25.680848,23.447587
"255","6am",1.4843747,19.03516,18.42053,37.156537,23.903399
"256","6am",3.5997085,23.653822,26.45536,32.778826,13.512286
"257","6am",2.7413023,16.816501,28.29419,31.713673,20.434337
"301","6am",3.9003403,18.557383,35.84726,26.065423,15.629599
"302","6am",8.4247304,19.238101,23.34831,27.755118,21.233744
"303","6am",11.5658345,20.090384,24.70284,25.135073,18.505865
"304","6am",4.3761042,27.415913,25.47436,24.830187,17.903432
"305","6am",11.0570979,27.96271,25.4938,18.428926,17.05747
"306","6am",6.4507503,17.413106,32.2245,28.947801,14.963838
"307","6am",4.4482951,18.291743,21.96408,32.290964,23.00492
"308","6am",6.3671547,8.675985,22.03312,33.630019,29.293719
"401","6am",3.1718594,20.277608,42.72151,22.37145,11.457569
"402","6am",6.8805237,16.092293,31.0925,25.093696,20.840989
"403","6am",4.983828,27.918228,33.52773,23.871278,9.698941
"404","6am",6.0912442,12.411692,33.3526,32.259378,15.885088
"405","6am",6.9271272,26.541332,22.81948,31.957352,11.754713
"406","6am",2.9651551,14.462943,29.56101,36.501165,16.509722
"501","6am",1.3972202,12.895588,52.60075,15.420545,17.685901
"502","6am",9.1123973,18.59388,58.42796,4.114635,9.751123
"503","6am",0.843898,6.009943,59.386,12.573446,21.186711
"504","6am",0.4668645,9.189296,52.32713,19.550799,18.465906
"505","6am",5.7486837,13.618974,44.04711,20.917088,15.668144
"506","6am",0.7089576,14.582153,39.86019,31.23056,13.618135
"507","6am",0,15.061962,58.08936,21.723977,5.124698
"508","6am",0,11.435806,56.90469,22.718032,8.941467
"509","6am",0,14.445965,57.09662,19.338532,9.118886
"510","6am",0.8337384,8.427356,60.38326,17.422778,12.932868
"511","6am",1.9192582,4.057698,43.65537,31.574834,18.792839
"512","6am",2.946495,2.641912,47.56197,21.234817,25.614805
"513","6am",0.2492455,8.433284,41.80567,15.126281,34.38552
"514","6am",1.8091446,9.885326,39.00443,11.667965,37.633133
"515","6am",2.4111675,8.342066,41.81412,20.360733,27.071909
"516","6am",1.6782015,5.196674,50.38723,20.519744,22.218154
"517","6am",0.3512645,9.600542,54.82182,18.371539,16.854837
"518","6am",1.0497077,7.020205,58.49898,18.31122,15.11989
"519","6am",3.4929408,7.574873,55.13834,18.798832,14.995016
"520","6am",1.4682373,1.304499,50.07837,22.737528,24.411367
"521","6am",0,6.105724,44.19378,18.763805,30.936687
"522","6am",5.2739477,10.993119,51.48925,16.192225,16.051463
"601","6am",0,10.725836,49.82584,15.840461,23.607858
"602","6am",1.7833318,10.727005,64.8733,13.340989,9.275376
"603","6am",1.2911356,11.340614,51.32483,14.76743,21.275992
"604","6am",1.6130938,4.333239,57.99506,21.80085,14.25776
"605","6am",5.6819585,4.269179,47.71557,18.138204,24.195091
"606","6am",2.2238347,11.424109,45.57527,16.690915,24.085874
"607","6am",0.8134846,7.200888,59.17702,16.986904,15.821705
"608","6am",6.2222194,9.688553,53.48148,13.127341,17.480404
"609","6am",1.7549723,6.571837,43.92944,22.205025,25.538728
"610","6am",1.5765963,15.340926,48.71707,20.584875,13.780528
"611","6am",1.8355235,14.85995,49.23573,19.514029,14.554768
"612","6am",6.5542719,4.578491,51.8525,20.5473,16.467436
"613","6am",0.3777446,9.262258,53.54481,15.926763,20.888429
"614","6am",3.1787977,7.488196,52.20007,18.532959,18.599975
"615","6am",7.3352472,17.661755,50.20746,13.483283,11.312251
"616","6am",4.9991965,18.341599,58.90834,12.146307,5.604557
"617","6am",3.8181617,12.749291,51.44423,17.055522,14.93279
"618","6am",2.6664547,2.592216,41.52482,36.847242,16.369269
"701","6am",0.6876251,15.071347,51.27055,17.720739,15.24974
"702","6am",3.5267261,4.083585,43.13757,17.346901,31.905223
"703","6am",1.5756768,4.983783,53.22812,12.216051,27.996372
"704","6am",0,5.654363,51.46914,17.587004,25.289491
"705","6am",3.7942871,7.552126,46.63769,22.73641,19.279487
"706","6am",0.363004,7.608695,43.63233,22.971437,25.424532
"707","6am",3.7602736,9.178852,45.69849,17.20151,24.16087
"708","6am",2.2344084,4.861859,52.88304,14.071893,25.948804
"709","6am",2.1208345,4.577905,54.69455,22.778535,15.828173
"710","6am",0,9.169562,43.16075,20.890243,26.779442
"711","6am",2.9645127,13.165884,55.56236,18.125032,10.182211
"712","6am",3.1708526,14.490207,55.34171,11.637542,15.359692
"101","7am",3.9635056,15.642015,35.14679,22.191678,23.056015
"102","7am",1.6680994,11.264261,30.97856,21.050832,35.038251
"103","7am",5.0344497,9.36392,21.4042,25.740363,38.457065
"104","7am",4.4122749,9.18564,22.35853,23.888221,40.155338
"105","7am",3.630521,7.927909,17.3433,34.283493,36.814778
"106","7am",2.4881582,10.627207,17.81708,35.805958,33.261596
"107","7am",1.0025504,7.585745,22.53975,37.85983,31.012128
"108","7am",5.2273259,16.835215,23.73007,23.043458,31.163934
"109","7am",21.2258262,22.53867,28.04167,20.258762,7.935073
"110","7am",2.9314453,26.204703,24.83518,26.671764,19.356904
"111","7am",4.0649751,14.113201,35.14984,27.764127,18.907856
"112","7am",2.4623053,2.51911,27.77602,33.872143,33.370423
"113","7am",6.7543579,10.134661,19.73044,33.154728,30.225811
"114","7am",1.2034209,17.266062,22.4695,34.740939,24.320079
"115","7am",5.5814625,7.701725,30.93161,26.446063,29.339143
"116","7am",2.2580261,5.770329,32.00408,27.201516,32.766048
"117","7am",2.0144576,6.303839,23.38031,25.59166,42.709731
"118","7am",5.9936121,6.096445,25.20383,33.612772,29.093344
"119","7am",3.1322498,8.662613,30.95514,21.261305,35.988697
"120","7am",3.8967231,10.996732,22.47574,30.306006,32.324802
"121","7am",5.5161243,26.84286,33.32222,18.643407,15.675391
"122","7am",3.8759032,7.281728,31.51905,32.412474,24.910842
"123","7am",7.124719,7.476329,16.03397,29.740955,39.624025
"124","7am",2.4419791,10.75596,32.25916,23.430564,31.112333
"125","7am",0.547746,8.572039,19.84176,18.710784,52.327668
"126","7am",6.8773631,3.264052,26.31088,22.821721,40.725985
"127","7am",4.4512996,4.668135,21.47512,35.315128,34.090321
"128","7am",5.9701271,7.893111,39.14437,19.645471,27.346924
"129","7am",3.0235375,10.017423,30.41406,30.641155,25.90382
"130","7am",2.5652929,11.070226,35.55644,26.462107,24.345937
"131","7am",4.1993321,13.127729,33.22877,26.174063,23.270101
"132","7am",3.1108646,8.760463,23.29362,34.622751,30.212298
"133","7am",11.940132,27.112643,28.94735,12.301896,19.697975
"134","7am",16.536158,25.898652,24.37045,24.755903,8.438835
"135","7am",4.2491105,21.956468,37.03565,31.41868,5.340087
"136","7am",2.9402283,14.728272,37.24206,17.942888,27.14655
"137","7am",5.0557898,14.696671,31.03386,23.736383,25.477293
"138","7am",3.2393812,10.745176,30.15435,19.663258,36.197831
"139","7am",5.5379519,11.393816,36.98668,18.900522,27.181028
"140","7am",3.3463816,7.598864,29.82474,34.242214,24.987801
"141","7am",7.5769341,24.616514,38.15876,17.70472,11.943075
"142","7am",9.5775034,25.044653,23.66897,30.461895,11.246977
"143","7am",8.3586361,16.956253,32.70675,31.438252,10.540112
"144","7am",7.5185015,20.378256,33.1291,27.551496,11.422647
"145","7am",1.9146923,8.261405,34.88479,20.416971,34.522143
"146","7am",3.8964114,10.957337,31.16749,24.588895,29.389868
"201","7am",4.4640539,18.596207,29.88153,21.324439,25.733768
"202","7am",14.4452978,24.955714,40.04877,14.139553,6.410668
"203","7am",7.0411521,17.107669,24.89608,28.062096,22.893001
"204","7am",5.8739355,18.752457,28.93162,34.2425,12.19949
"205","7am",4.803136,19.144376,31.06833,25.858562,19.1256
"206","7am",7.9063377,22.570998,36.38833,21.241472,11.892857
"207","7am",9.089525,28.549743,35.68394,18.499499,8.177296
"208","7am",20.8157828,17.375048,38.14071,18.729858,4.9386
"209","7am",5.0256379,20.850966,36.46019,28.533073,9.130129
"210","7am",5.4769829,18.251101,44.47277,22.048235,9.75091
"211","7am",3.382445,15.00953,36.1822,31.281984,14.143836
"212","7am",4.6516856,11.798347,34.86902,29.78855,18.892396
"213","7am",7.201382,12.59482,36.51263,25.517631,18.173533
"214","7am",3.936425,6.218664,20.66042,33.531181,35.653307
"215","7am",3.1923959,12.773714,31.81633,23.662014,28.555544
"216","7am",4.2490427,11.812621,25.77913,29.281382,28.87782
"217","7am",7.677955,10.212004,25.06057,26.128283,30.921192
"218","7am",4.2833731,2.976758,20.71683,28.607773,43.415269
"219","7am",1.5166455,3.933686,35.57449,27.509256,31.465919
"220","7am",3.3106117,10.532472,33.43091,26.924498,25.801504
"221","7am",6.5885778,8.386352,20.03123,29.846594,35.147251
"222","7am",4.6771669,5.028399,22.81162,21.197725,46.285087
"223","7am",7.0808386,8.649232,28.2756,26.960724,29.033608
"224","7am",2.7241995,24.084822,26.24452,29.032887,17.913574
"225","7am",4.7819856,11.651336,26.86134,30.527336,26.178007
"226","7am",2.6435535,15.633794,19.40001,33.160927,29.161716
"227","7am",1.730882,18.512124,26.59231,29.450405,23.714283
"228","7am",1.1999886,24.140137,34.50121,21.127651,19.031018
"229","7am",9.2697971,30.630983,30.58938,24.811453,4.698387
"230","7am",5.7926692,23.431231,35.88495,25.738124,9.153027
"231","7am",16.7069478,26.579282,26.24522,22.967271,7.501279
"232","7am",7.273741,26.158613,29.25828,20.801044,16.508328
"233","7am",3.2086218,22.253237,26.19869,33.935166,14.404289
"234","7am",8.8378683,24.318749,30.48792,24.529299,11.826166
"235","7am",7.0045847,27.548634,25.80332,20.784852,18.858604
"236","7am",4.8425042,33.839835,30.18975,22.728404,8.39951
"237","7am",0.635963,12.544963,29.3484,36.120718,21.349954
"238","7am",1.4616871,26.71458,29.83591,23.130212,18.857615
"239","7am",13.5767509,30.41604,28.85411,21.247115,5.905981
"240","7am",10.5632066,21.811978,34.97366,26.05827,6.592883
"241","7am",6.9784049,13.393763,34.88924,24.948244,19.790343
"242","7am",0.5292462,20.043559,35.53239,22.491041,21.403766
"243","7am",3.4853962,26.571308,24.7825,30.519509,14.64129
"244","7am",0.8950512,31.478267,24.75251,32.527279,10.346893
"245","7am",2.0006069,29.189481,28.76017,28.635597,11.414145
"246","7am",6.4526687,15.306165,34.61438,24.85936,18.767425
"247","7am",7.9876031,17.11207,33.75881,27.249596,13.89192
"248","7am",2.1953909,28.695217,44.82245,15.714383,8.572555
"249","7am",11.7807736,32.194822,38.34027,12.339852,5.344278
"250","7am",18.3764901,30.367975,34.03162,9.255273,7.968646
"251","7am",2.9095729,13.954482,18.60853,36.586442,27.940978
"252","7am",4.5897745,20.23832,30.87088,33.608157,10.692873
"253","7am",1.6958078,21.494231,32.59049,29.437964,14.781506
"254","7am",1.470448,25.020984,35.01281,22.130031,16.365729
"255","7am",1.5630073,23.428164,18.79238,32.943371,23.273081
"256","7am",4.029921,24.782841,31.02898,27.901365,12.25689
"257","7am",3.2310728,18.969935,29.17369,29.347359,19.277948
"301","7am",3.7068807,16.210775,37.07035,24.519893,18.4921
"302","7am",9.9847989,22.662696,28.78273,24.666053,13.903722
"303","7am",8.6973049,18.601438,27.37587,24.96507,20.360317
"304","7am",4.053489,27.643229,27.33494,22.602357,18.365982
"305","7am",11.4053623,30.108722,26.68896,18.474554,13.322404
"306","7am",7.4454503,19.039032,37.1124,23.939081,12.46404
"307","7am",3.9916549,19.603286,25.68221,28.739311,21.983533
"308","7am",8.0043056,9.694039,25.19139,32.224329,24.885936
"401","7am",3.1315729,21.847907,40.43446,20.770559,13.8155
"402","7am",8.1112225,17.716368,34.75523,25.045978,14.371206
"403","7am",4.60974,22.88416,36.68395,23.078297,12.743857
"404","7am",6.1789329,14.117518,31.1364,29.711944,18.855207
"405","7am",8.135841,27.226124,19.65627,35.634995,9.346773
"406","7am",3.1375537,14.416391,35.29257,32.722902,14.430583
"501","7am",1.361415,10.202218,51.6907,16.865168,19.880501
"502","7am",8.3238479,21.935337,50.21153,2.194366,17.33492
"503","7am",0.8404676,9.501528,58.59102,14.727162,16.339818
"504","7am",0,5.080101,58.19662,16.662498,20.060784
"505","7am",5.8397863,14.778886,38.42886,25.525493,15.426978
"506","7am",0.7699968,12.937097,41.46023,32.501219,12.331456
"507","7am",0,16.153363,53.57835,25.499998,4.768286
"508","7am",0,11.940709,58.32684,22.730857,7.001592
"509","7am",0,13.467459,57.30631,18.437986,10.788243
"510","7am",1.0141086,7.16025,63.82423,18.589213,9.412194
"511","7am",2.211399,4.537552,39.08265,34.980489,19.187913
"512","7am",3.5930993,8.934263,45.4161,21.329289,20.727251
"513","7am",0.2596154,12.523259,44.05752,13.874998,29.284604
"514","7am",2.0127185,10.120814,45.26569,11.926862,30.673919
"515","7am",2.5506298,9.613224,45.49222,21.538401,20.805527
"516","7am",1.9305093,3.253535,40.79432,28.614231,25.407399
"517","7am",0.4291814,9.665314,52.20697,23.028652,14.669881
"518","7am",1.2037113,6.197977,58.0598,20.997675,13.54084
"519","7am",4.1956674,10.301027,54.63627,17.547898,13.319138
"520","7am",1.6327454,3.913909,52.28244,21.343485,20.827421
"521","7am",0,9.696928,37.47624,20.035971,32.790856
"522","7am",6.6426391,12.243068,51.27128,18.201463,11.641546
"601","7am",0,10.164573,50.91312,18.344822,20.577489
"602","7am",1.9323892,13.322211,62.84939,14.00574,7.890265
"603","7am",1.5105462,12.598234,48.87226,14.839391,22.179568
"604","7am",1.8643476,3.907552,63.49014,21.74641,8.991554
"605","7am",6.4362476,4.835919,47.90778,21.099065,19.72099
"606","7am",3.091275,8.70095,44.16853,20.931593,23.10765
"607","7am",0.8367813,8.403634,55.89531,20.272326,14.591954
"608","7am",7.0809372,14.039994,51.29152,12.390204,15.197341
"609","7am",2.0826928,6.889802,50.65049,20.635806,19.741205
"610","7am",1.7183257,14.703329,47.81346,20.290445,15.474444
"611","7am",2.0384391,13.36376,50.52741,22.229806,11.840589
"612","7am",7.3529969,3.795133,50.71899,20.767017,17.365862
"613","7am",0.4190575,11.572943,55.9565,15.686981,16.364517
"614","7am",3.7944271,9.570612,54.66505,17.066253,14.903653
