"district","hour","educmen1","educmen2","educmen3","educmen4"
"101","4am",8.2754769,25.264381,34.9609,31.499241
"102","4am",1.2288408,17.970136,38.53838,42.262639
"103","4am",5.9955219,8.168109,29.78105,56.055315
"104","4am",3.0166952,13.115057,31.41692,52.45133
"105","4am",4.500075,12.843523,31.98396,50.672443
"106","4am",2.5407326,13.976855,44.63726,38.845153
"107","4am",6.3718674,13.91965,36.34843,43.36005
"108","4am",23.2569991,23.693163,37.77228,15.277554
"109","4am",28.501179,48.817912,11.10411,11.576795
"110","4am",16.0629393,26.630712,29.87884,27.427506
"111","4am",3.1372271,48.762744,29.60991,18.490122
"112","4am",5.0843595,23.141858,31.7358,40.037978
"113","4am",12.2002083,21.525889,25.5245,40.749404
"114","4am",12.8232064,25.172213,39.10054,22.904043
"115","4am",3.8101066,48.907904,24.85203,22.429956
"116","4am",4.0732683,30.089677,31.12108,34.715979
"117","4am",0.7293059,18.275812,25.59064,55.404242
"118","4am",9.9320795,18.034463,34.75408,37.279381
"119","4am",0.6965073,29.202549,32.20183,37.899119
"120","4am",1.6199431,27.465518,27.66666,43.24788
"121","4am",10.3801562,49.553571,29.11605,10.950221
"122","4am",2.5755713,36.387023,31.76782,29.269588
"123","4am",10.4272005,12.324123,36.73908,40.5096
"124","4am",4.2134453,31.952495,34.66214,29.171921
"125","4am",1.3472414,22.47662,26.19046,49.98568
"126","4am",0,19.479928,30.69504,49.825034
"127","4am",2.9930673,19.916384,25.73122,51.359328
"128","4am",3.9584468,21.710639,29.02216,45.308758
"129","4am",4.1056583,18.563831,20.76216,56.568352
"130","4am",5.0977009,43.176569,36.55831,15.167422
"131","4am",8.022615,35.769244,26.7057,29.502442
"132","4am",0,33.662928,32.99081,33.346259
"133","4am",7.1490185,45.830878,35.06355,11.956555
"134","4am",23.223078,48.011471,22.64378,6.12167
"135","4am",17.3432579,46.969859,28.10511,7.581772
"136","4am",9.1413218,36.807679,30.97628,23.074721
"137","4am",3.4472052,46.264911,24.1849,26.102988
"138","4am",0.8119306,31.647724,29.16413,38.376214
"139","4am",8.2652615,31.653818,37.69616,22.384759
"140","4am",4.5567278,31.911458,33.10276,30.429054
"141","4am",3.8551638,40.613685,39.28982,16.241328
"142","4am",14.1169847,41.176117,30.56899,14.137911
"143","4am",31.5620249,31.299937,27.55941,9.578628
"144","4am",15.3005755,50.304541,26.42236,7.972526
"145","4am",8.0893857,34.391965,29.16054,28.358114
"146","4am",11.4780321,32.034394,28.22911,28.258464
"201","4am",14.7915457,31.96628,28.78044,24.461736
"202","4am",12.8830312,54.12448,27.93283,5.059657
"203","4am",8.2129782,32.68579,37.23838,21.862851
"204","4am",16.5532448,44.166822,27.31107,11.968861
"205","4am",5.8749054,54.685438,26.00653,13.433128
"206","4am",18.7593534,48.377077,22.14583,10.717744
"207","4am",19.9622718,60.732764,11.12675,8.178217
"208","4am",21.9338517,55.325992,21.67492,1.065233
"209","4am",16.6016376,60.574025,17.82585,4.998487
"210","4am",14.0818109,63.258427,13.17003,9.489734
"211","4am",3.0297019,48.62178,34.08252,14.265995
"212","4am",3.3039353,45.529156,30.2615,20.905407
"213","4am",6.2631141,37.00818,32.76556,23.963149
"214","4am",2.985729,25.358265,36.42024,35.235767
"215","4am",10.3082286,26.165167,34.98272,28.543884
"216","4am",9.1246142,31.170508,34.39303,25.31185
"217","4am",5.7945782,44.002908,24.29882,25.903698
"218","4am",0.7550632,32.258345,42.88939,24.097203
"219","4am",4.2583441,41.478035,23.32477,30.938854
"220","4am",1.7382762,41.181394,32.43363,24.6467
"221","4am",9.0662292,29.243986,33.50277,28.187018
"222","4am",3.8880788,17.551841,40.88939,37.670695
"223","4am",13.4567002,34.895934,22.38767,29.259692
"224","4am",7.2344779,43.228911,36.21973,13.316877
"225","4am",5.357013,47.997884,26.29371,20.351397
"226","4am",5.8527914,32.359565,28.23039,33.557256
"227","4am",6.8313461,34.173083,33.09345,25.902123
"228","4am",2.6261483,54.07468,23.96697,19.332197
"229","4am",9.9736795,71.646871,11.79943,6.580024
"230","4am",15.7354755,53.949201,16.42393,13.891391
"231","4am",10.1138286,70.961659,15.00387,3.92064
"232","4am",15.9495566,52.826766,19.39864,11.825033
"233","4am",12.6605199,43.922884,31.58476,11.831834
"234","4am",18.5306493,42.021026,32.01718,7.431142
"235","4am",12.6663874,52.841277,11.82316,22.669173
"236","4am",14.9570235,65.882101,10.43162,8.729253
"237","4am",8.802644,50.16036,27.62824,13.408751
"238","4am",6.4096763,44.301469,37.92555,11.363304
"239","4am",18.6519846,60.42737,15.37756,5.54309
"240","4am",18.7140369,52.445819,21.66948,7.170665
"241","4am",18.3927027,35.941217,28.9001,16.765983
"242","4am",6.7698714,63.716639,28.43044,1.083045
"243","4am",9.6177904,47.925448,33.81963,8.637128
"244","4am",9.9376363,47.87468,25.54791,16.639769
"245","4am",3.6741047,60.959472,15.85781,19.50861
"246","4am",7.0389091,37.674917,39.41137,15.874803
"247","4am",4.1679538,36.240169,47.1121,12.479778
"248","4am",8.1135847,65.74624,16.06184,10.078332
"249","4am",24.4262937,55.352375,14.3382,5.883132
"250","4am",29.1579467,51.864488,15.73531,3.242255
"251","4am",9.3172951,29.029298,39.50854,22.14487
"252","4am",10.9142157,39.313088,32.84724,16.925452
"253","4am",9.4434164,60.140067,23.54305,6.873468
"254","4am",4.5376286,32.449862,40.94724,22.06527
"255","4am",8.3249914,42.211375,36.68807,12.775568
"256","4am",9.7074342,59.922646,19.54703,10.822891
"257","4am",1.8714718,59.703714,33.72765,4.697168
"301","4am",14.2733698,46.808185,25.85047,13.067971
"302","4am",11.2353648,48.738331,27.55284,12.473464
"303","4am",4.0689633,47.002259,26.09295,22.835829
"304","4am",6.3700279,59.250107,23.73145,10.648418
"305","4am",13.3757214,54.25693,26.27862,6.088727
"306","4am",13.2318974,49.016913,31.34865,6.402538
"307","4am",7.9495601,46.939003,38.14166,6.969773
"308","4am",11.8595056,49.848332,21.7681,16.524067
"401","4am",20.1491025,37.426144,31.49949,10.925268
"402","4am",19.6922152,37.85249,27.11324,15.342052
"403","4am",27.5045108,43.937708,15.06493,13.492848
"404","4am",16.3467772,53.06893,22.99706,7.587229
"405","4am",21.085854,52.505511,19.78307,6.625562
"406","4am",16.1759752,37.810495,38.19864,7.814888
"501","4am",13.0949978,35.610169,30.02669,21.268146
"502","4am",5.1216253,44.203603,35.96136,14.71341
"503","4am",7.0695232,44.447575,28.98043,19.502469
"504","4am",8.8575667,26.950163,42.79815,21.394121
"505","4am",10.4726089,43.227584,29.53825,16.76156
"506","4am",11.9601665,38.084181,30.96534,18.990313
"507","4am",11.7476582,51.792946,27.03408,9.425321
"508","4am",13.465943,49.340073,29.07858,8.115409
"509","4am",17.6721063,45.447041,25.19307,11.687778
"510","4am",5.5012881,44.327013,35.90435,14.267352
"511","4am",9.4667798,42.014366,30.7569,17.761957
"512","4am",11.57715,22.703266,34.17957,31.540018
"513","4am",8.2889093,23.170796,32.5647,35.975591
"514","4am",5.7996754,25.495944,41.45148,27.252898
"515","4am",9.8358644,34.076307,30.90973,25.178095
"516","4am",6.2920872,33.751017,35.28937,24.667529
"517","4am",10.187285,43.838011,23.94051,22.03419
"518","4am",11.0340428,41.767694,35.58059,11.617675
"519","4am",7.1280012,28.621085,31.92501,32.325909
"520","4am",3.8947424,38.093632,36.98,21.031629
"521","4am",4.4782828,24.65301,34.22712,36.641586
"522","4am",9.1864246,41.453895,35.15749,14.20219
"601","4am",10.0559264,36.753201,31.47714,21.713729
"602","4am",12.2470581,40.646258,35.57711,11.529575
"603","4am",10.4064629,37.654631,38.76201,13.176898
"604","4am",13.115306,42.131532,31.03211,13.721057
"605","4am",3.3584207,37.999342,30.25851,28.383729
"606","4am",5.5633116,28.477207,41.27011,24.68937
"607","4am",10.1142565,41.696083,30.64559,17.544073
"608","4am",5.6877715,40.802608,35.01676,18.49286
"609","4am",3.8739819,35.716178,42.87438,17.535462
"610","4am",7.155239,41.700764,31.70541,19.438587
"611","4am",15.809451,41.065842,25.13795,17.986761
"612","4am",7.9844713,45.362003,29.35702,17.296503
"613","4am",3.4235837,46.764783,32.80694,17.004693
"614","4am",4.3827623,28.372841,45.35439,21.890005
"615","4am",5.9315998,45.840483,39.02585,9.202072
"616","4am",16.7728375,39.413178,32.61035,11.203632
"617","4am",9.4550835,43.061148,35.18914,12.294626
"618","4am",6.1620451,27.072567,44.55066,22.214731
"701","4am",6.5436056,52.522811,24.83745,16.096135
"702","4am",6.9248226,32.481718,36.37789,24.215566
"703","4am",4.1288028,24.382527,40.47396,31.014712
"704","4am",6.4176266,44.569715,29.66697,19.345684
"705","4am",6.2099192,37.158978,33.18295,23.448152
"706","4am",6.2216521,30.011861,31.97591,31.790572
"707","4am",9.8214415,29.853115,33.10764,27.217808
"708","4am",3.3408957,31.876026,44.49258,20.290496
"709","4am",4.9571766,34.596959,37.95816,22.487702
"710","4am",10.3870199,35.717676,31.67157,22.223738
"711","4am",8.4427322,48.761649,31.677,11.118616
"712","4am",8.7900795,35.663987,40.58952,14.956416
"101","5am",8.0555299,25.025218,36.2572,30.662049
"102","5am",1.2316572,18.011322,38.39752,42.3595
"103","5am",6.024171,7.729299,29.92336,56.32317
"104","5am",3.5919318,15.456658,29.59122,51.360194
"105","5am",4.4145173,14.500586,31.37586,49.709033
"106","5am",2.4960888,15.488388,43.85293,38.162596
"107","5am",6.5030678,14.20478,35.6023,43.689849
"108","5am",22.6926032,24.651684,36.99477,15.660944
"109","5am",28.6227677,49.12811,10.62294,11.626182
"110","5am",15.9062936,25.969381,30.0108,28.113521
"111","5am",2.8399762,48.914443,30.31737,17.928209
"112","5am",5.1127227,22.713104,31.91284,40.261331
"113","5am",11.669989,22.165646,25.48231,40.682054
"114","5am",12.9216046,24.598025,39.40057,23.079796
"115","5am",3.9230649,48.603876,24.37812,23.094937
"116","5am",4.5527034,33.339502,31.0165,31.091296
"117","5am",0.7336433,19.520924,24.837,54.908431
"118","5am",10.034627,17.188179,35.11291,37.664286
"119","5am",0.7247762,28.355181,31.48273,39.437316
"120","5am",1.5820298,29.16312,27.01915,42.235704
"121","5am",11.411286,46.270087,31.49612,10.822508
"122","5am",3.3419553,35.316824,32.15292,29.188303
"123","5am",10.0203278,12.143454,35.40116,42.435061
"124","5am",4.2506152,32.234372,34.08574,29.429268
"125","5am",2.0554642,21.982358,26.89166,49.070517
"126","5am",0,20.789079,30.19598,49.014944
"127","5am",2.9732326,20.44709,25.5607,51.018975
"128","5am",3.8083961,22.435463,30.16488,43.591264
"129","5am",4.0952611,18.77006,20.70958,56.425098
"130","5am",5.1309255,45.42039,34.18241,15.266277
"131","5am",9.0395459,39.739908,24.33599,26.884561
"132","5am",0,33.296973,33.71928,32.983746
"133","5am",7.2105184,46.463308,34.26676,12.059412
"134","5am",24.1921781,46.79887,22.63182,6.377127
"135","5am",14.8899945,47.146831,30.011,7.952173
"136","5am",9.162758,37.235744,30.47267,23.128831
"137","5am",4.4221632,46.449061,23.62745,25.501329
"138","5am",0.8184956,31.095051,29.39994,38.686511
"139","5am",7.7433367,31.68432,37.74981,22.822533
"140","5am",4.5567278,31.911458,33.10276,30.429054
"141","5am",3.7660896,41.425841,38.942,15.86607
"142","5am",14.417074,41.123026,30.02145,14.438446
"143","5am",31.1532544,32.43321,26.33469,10.078843
"144","5am",15.0795461,50.046955,27.46723,7.406274
"145","5am",10.8268821,33.385669,27.56772,28.219727
"146","5am",11.029915,32.196559,28.37201,28.401514
"201","5am",13.4705798,32.824706,27.67309,26.031624
"202","5am",13.2098203,53.769275,28.64137,4.379532
"203","5am",8.0329078,34.906678,35.67691,21.383505
"204","5am",16.5762033,44.089384,27.34895,11.985461
"205","5am",4.1903008,53.77485,28.13322,13.901625
"206","5am",16.7695815,52.001526,21.64796,9.580932
"207","5am",20.8812347,59.677985,11.42489,8.015885
"208","5am",20.9291138,56.955912,20.96447,1.1505
"209","5am",17.0811128,60.547618,17.55405,4.817217
"210","5am",14.0126613,61.691153,15.27159,9.024595
"211","5am",3.1136921,47.708707,34.51612,14.66148
"212","5am",3.370256,44.435749,30.86895,21.325047
"213","5am",6.1855475,37.788313,32.35977,23.666373
"214","5am",2.9925351,24.847795,36.50326,35.656409
"215","5am",10.3948365,27.180716,33.64074,28.783704
"216","5am",9.207062,30.155833,35.09654,25.540561
"217","5am",5.783602,43.243344,25.23003,25.743022
"218","5am",0.7493948,31.083612,44.25069,23.916302
"219","5am",4.1231766,40.544652,23.30177,32.030401
"220","5am",1.7707969,39.205089,34.43091,24.593201
"221","5am",9.2377318,28.52297,33.51908,28.720222
"222","5am",3.9807907,17.970367,40.2972,37.751639
"223","5am",13.5445357,34.470983,22.5338,29.450678
"224","5am",7.2436471,43.976623,35.44597,13.333755
"225","5am",5.4560662,47.036346,26.77989,20.727701
"226","5am",5.9864697,31.352876,28.87517,33.785482
"227","5am",6.856402,33.939829,33.68593,25.51784
"228","5am",3.22094,53.262454,23.17474,20.341864
"229","5am",10.4249059,70.364126,12.33325,6.877716
"230","5am",16.1553127,53.050572,16.46646,14.327653
"231","5am",9.9114728,71.825148,14.80056,3.462821
"232","5am",16.2472376,51.127267,20.57976,12.045735
"233","5am",12.4439139,45.166069,30.76061,11.629406
"234","5am",19.5866322,43.063001,30.03186,7.318502
"235","5am",13.0960254,52.077795,12.2242,22.60198
"236","5am",14.1575894,62.645915,14.561,8.635493
"237","5am",7.6801153,50.381814,28.2349,13.703175
"238","5am",7.107389,46.070203,36.02773,10.794677
"239","5am",18.8532133,60.201714,15.34218,5.602892
"240","5am",18.4242214,52.595283,21.58239,7.398111
"241","5am",17.0528502,38.593188,27.66707,16.686892
"242","5am",6.741066,63.319177,28.86132,1.078437
"243","5am",9.2713325,47.051201,35.35147,8.325996
"244","5am",10.2298588,49.537931,24.57302,15.659192
"245","5am",3.595048,62.139612,16.10239,18.162954
"246","5am",7.1077553,38.646173,39.00642,15.239649
"247","5am",4.6235868,36.406927,46.67734,12.292145
"248","5am",8.1618961,65.54228,16.15748,10.138343
"249","5am",25.0315525,55.037837,13.9017,6.02891
"250","5am",29.0204733,52.897247,14.85531,3.226969
"251","5am",9.192066,29.983179,38.97752,21.847232
"252","5am",10.8017012,39.165826,33.2815,16.750968
"253","5am",10.0885843,54.9861,24.12847,10.796842
"254","5am",5.1560963,33.656975,39.12493,22.062004
"255","5am",8.0943431,43.294599,36.18944,12.421614
"256","5am",9.5371184,60.150314,19.67956,10.633005
"257","5am",1.8788508,59.332,33.42,5.369153
"301","5am",14.2808606,46.78027,25.86404,13.074829
"302","5am",11.919702,49.169278,26.61852,12.292497
"303","5am",3.4761837,47.713641,26.0297,22.780476
"304","5am",6.0130259,60.233143,23.22169,10.53214
"305","5am",13.6717929,54.027208,26.0775,6.223501
"306","5am",13.9007156,46.439927,32.9332,6.72616
"307","5am",8.2293089,45.071761,39.48389,7.215042
"308","5am",12.1572944,49.603175,21.30055,16.938982
"401","5am",19.8977281,36.006624,33.94723,10.148418
"402","5am",20.5308619,36.768256,26.70545,15.995435
"403","5am",29.5572542,42.836291,14.19808,13.408375
"404","5am",16.2905971,53.826832,22.32142,7.561153
"405","5am",21.451501,51.681915,20.12613,6.740455
"406","5am",15.099358,37.873916,38.17624,8.850484
"501","5am",13.4484305,35.807861,30.39453,20.349174
"502","5am",5.0732432,44.730691,35.62165,14.574418
"503","5am",7.1571243,43.367554,29.73119,19.744131
"504","5am",8.8755211,27.004792,42.6822,21.437488
"505","5am",9.1171423,43.67473,30.11773,17.090393
"506","5am",11.9980189,38.204713,31.06334,18.733928
"507","5am",10.8131148,51.615875,27.85832,9.71269
"508","5am",13.5401181,49.06102,29.23875,8.160111
"509","5am",15.9555498,46.045437,25.95688,12.04213
"510","5am",5.7570744,46.043001,35.78935,12.410571
"511","5am",9.6070947,40.081381,32.2863,18.025221
"512","5am",11.3645471,22.286343,35.38829,30.960817
"513","5am",8.0531362,26.384368,30.61021,34.952286
"514","5am",5.8328823,24.079594,42.01987,28.067655
"515","5am",10.1643998,35.491464,30.35643,23.987703
"516","5am",6.4327067,32.270443,36.07804,25.218814
"517","5am",10.3064491,42.688723,24.7129,22.291931
"518","5am",11.1589476,41.788732,35.30313,11.749187
"519","5am",7.1665811,28.234751,32.0978,32.50087
"520","5am",3.9097433,37.855195,37.12243,21.112633
"521","5am",4.1733006,23.57581,34.89467,37.356222
"522","5am",9.2860705,40.454909,36.41346,13.845561
"601","5am",10.2400839,37.228545,30.41999,22.11138
"602","5am",11.4883884,44.218067,32.59816,11.695386
"603","5am",10.80527,39.097671,37.7012,12.395862
"604","5am",12.3269075,42.753877,31.14725,13.771968
"605","5am",3.4666755,36.939923,31.23386,28.359546
"606","5am",6.6291862,28.199811,40.05751,25.113488
"607","5am",10.5802178,40.240425,31.73203,17.447326
"608","5am",5.5837278,40.492171,35.76952,18.154579
"609","5am",4.0149188,36.377483,41.43419,18.173409
"610","5am",7.2968608,42.382951,30.49686,19.82333
"611","5am",14.9744765,41.791657,24.6094,18.62447
"612","5am",8.1664688,44.974055,29.16872,17.690758
"613","5am",3.4884617,45.426463,33.75814,17.326938
"614","5am",4.3939675,28.445381,46.0717,21.088952
"615","5am",5.9923237,45.286033,39.42537,9.296277
"616","5am",16.8467145,40.881991,30.65014,11.621159
"617","5am",9.7020294,44.13804,33.5442,12.615735
"618","5am",6.1620451,27.072567,44.55066,22.214731
"701","5am",9.0883742,50.559477,24.48465,15.8675
"702","5am",6.740545,33.387742,35.13788,24.733831
"703","5am",4.2369039,24.511067,40.45856,30.793471
"704","5am",6.5494008,44.805961,28.90173,19.742913
"705","5am",6.1254364,38.013899,32.73151,23.129152
"706","5am",6.2324094,31.113123,30.80893,31.845538
"707","5am",9.7883757,29.187112,34.70149,26.323024
"708","5am",3.3927133,31.705871,44.29621,20.605204
"709","5am",5.2181401,35.306823,37.11936,22.355672
"710","5am",10.1849315,37.704629,30.195,21.915443
"711","5am",8.4377907,49.061812,31.38829,11.112108
"712","5am",8.6374062,35.044546,41.62141,14.696641
"101","6am",8.9699427,26.188595,34.47856,30.362902
"102","6am",1.2553324,17.943977,39.675858,41.124832
"103","6am",6.5715698,9.504726,32.355235,51.568469
"104","6am",5.4280073,15.600339,28.573396,50.398258
"105","6am",4.6178059,15.892211,31.61576,47.874224
"106","6am",1.9735909,15.747215,43.837139,38.442055
"107","6am",6.5793071,14.409217,36.80211,42.209367
"108","6am",21.6140734,24.277728,37.945793,16.162405
"109","6am",29.1839022,46.934758,10.111063,13.770276
"110","6am",16.5072667,27.33658,25.841182,30.314971
"111","6am",2.9670083,47.511594,30.79126,18.730137
"112","6am",4.9835865,20.24285,34.630364,40.1432
"113","6am",11.0302493,20.766092,27.073425,41.130234
"114","6am",13.6581186,25.69258,39.087635,21.561666
"115","6am",4.1226445,47.261473,24.982174,23.633708
"116","6am",4.9155883,31.256494,34.076316,29.751602
"117","6am",1.5366366,19.800593,24.547268,54.115502
"118","6am",11.5165366,17.049774,33.893852,37.539837
"119","6am",0,25.979567,31.957292,42.063141
"120","6am",1.4953597,29.904788,29.067487,39.532366
"121","6am",10.5836443,44.97739,31.982303,12.456663
"122","6am",3.8133429,34.995995,31.781394,29.409268
"123","6am",8.9814714,13.605892,34.475668,42.936969
"124","6am",4.4735542,32.189521,32.986519,30.350407
"125","6am",1.9906997,25.378584,27.0001,45.630617
"126","6am",0,23.262249,30.159785,46.577966
"127","6am",3.2552346,21.410219,23.805328,51.529219
"128","6am",4.699734,24.668459,31.084716,39.547092
"129","6am",4.0268374,20.524898,19.888386,55.559878
"130","6am",5.5746903,43.914268,35.550162,14.96088
"131","6am",8.7064171,41.739947,24.220242,25.333394
"132","6am",0,35.907508,31.660484,32.432008
"133","6am",7.403289,47.397107,34.168716,11.030889
"134","6am",25.4275607,46.41124,21.308187,6.853012
"135","6am",14.98924,46.794551,30.211032,8.005176
"136","6am",10.4663154,36.054745,29.622361,23.856579
"137","6am",5.3692904,45.464632,23.595719,25.570358
"138","6am",0.8527102,30.45265,31.178969,37.515671
"139","6am",7.7745988,32.725108,36.585619,22.914674
"140","6am",4.8668776,32.229654,32.973485,29.929984
"141","6am",5.5994724,42.9438,36.073856,15.382872
"142","6am",14.7913236,40.368984,30.254214,14.585479
"143","6am",30.7378399,31.194673,27.181068,10.886419
"144","6am",13.6740015,52.74649,26.645001,6.934507
"145","6am",10.8249977,32.246085,28.714102,28.214815
"146","6am",11.2303178,33.17273,28.450979,27.145974
"201","6am",14.0121044,34.614867,25.159317,26.213712
"202","6am",12.8300517,54.456004,27.905249,4.808696
"203","6am",7.3441716,36.582754,34.577178,21.495896
"204","6am",13.8435229,40.695066,31.441953,14.019458
"205","6am",4.3575394,52.735065,28.450945,14.456451
"206","6am",14.4161922,55.368167,21.757471,8.45817
"207","6am",21.1838081,60.749703,10.273574,7.792914
"208","6am",20.5595762,57.988758,20.28507,1.166596
"209","6am",17.1105854,59.272646,18.157097,5.459671
"210","6am",11.4110047,63.467826,14.48468,10.63649
"211","6am",2.3342839,47.101332,36.198461,14.365923
"212","6am",3.2912935,43.125506,31.861173,21.722027
"213","6am",6.8542939,37.367383,34.538942,21.239381
"214","6am",3.1087936,25.419495,34.994586,36.477125
"215","6am",9.53062,27.112616,32.930582,30.426182
"216","6am",7.7097801,27.914972,35.956014,28.419234
"217","6am",5.7648487,44.160196,22.817025,27.25793
"218","6am",2.1449165,32.001957,41.21359,24.639537
"219","6am",3.8948778,39.611495,24.459684,32.033944
"220","6am",1.91765,40.334012,31.672889,26.075449
"221","6am",9.215876,30.002869,32.977715,27.80354
"222","6am",4.7279443,18.215324,38.866543,38.19019
"223","6am",13.946458,34.201921,24.09781,27.753811
"224","6am",7.4642785,44.521859,35.709104,12.304758
"225","6am",5.7948951,44.858699,27.331486,22.014919
"226","6am",6.5924488,31.544182,28.084705,33.778664
"227","6am",7.0284002,33.387933,34.000482,25.583185
"228","6am",3.2760034,53.125069,24.091676,19.507251
"229","6am",11.248783,68.368431,13.601085,6.781701
"230","6am",15.3153678,54.009117,15.795087,14.880428
"231","6am",9.7191489,69.749573,16.88019,3.651088
"232","6am",14.8228918,51.697042,20.532698,12.947369
"233","6am",12.4720794,45.964344,30.84868,10.714896
"234","6am",20.7453077,39.687456,31.58947,7.977766
"235","6am",13.3592775,56.728212,6.847443,23.065067
"236","6am",14.2364262,61.164698,16.07822,8.520655
"237","6am",7.7704462,50.05754,28.193181,13.978832
"238","6am",6.72081,45.248656,38.768151,9.262384
"239","6am",17.5157385,63.583528,14.473137,4.427596
"240","6am",19.4245477,53.092938,19.001884,8.48063
"241","6am",17.741483,35.706555,29.191215,17.360747
"242","6am",8.9797342,55.36118,30.491683,5.167403
"243","6am",12.4189347,46.081635,33.263,8.23643
"244","6am",10.385605,47.781463,24.457038,17.375894
"245","6am",3.7893109,62.336018,17.961305,15.913366
"246","6am",7.4949556,37.108047,41.318394,14.078604
"247","6am",4.9991018,38.405671,44.220435,12.374792
"248","6am",8.8319193,67.168759,13.606819,10.392502
"249","6am",23.6799623,54.264259,16.984706,5.071073
"250","6am",30.9752277,51.949439,14.47767,2.597663
"251","6am",8.6779183,33.265793,38.024065,20.032224
"252","6am",11.4273369,39.920368,33.457645,15.19465
"253","6am",10.2757927,51.652457,25.781644,12.290106
"254","6am",4.8547245,35.212285,39.606022,20.326969
"255","6am",8.1783317,43.835126,35.436039,12.550503
"256","6am",9.7972547,59.048319,20.231394,10.923033
"257","6am",3.041706,59.677745,31.580034,5.700515
"301","6am",13.3463614,46.01579,27.147343,13.490506
"302","6am",12.4298022,49.414972,26.101529,12.053697
"303","6am",3.7149729,48.077928,25.216295,22.990804
"304","6am",6.4590645,59.351865,24.088969,10.100101
"305","6am",16.1929263,57.184558,20.22966,6.392855
"306","6am",14.4581938,47.381017,32.758401,5.402389
"307","6am",8.3711375,47.133873,37.155599,7.339391
"308","6am",12.2331568,49.145544,20.034444,18.586855
"401","6am",20.2625988,38.608327,31.446856,9.682218
"402","6am",22.0229027,36.183923,25.751502,16.041672
"403","6am",28.4333444,41.111826,15.641463,14.813367
"404","6am",17.9511998,52.739463,21.21629,8.093047
"405","6am",22.4799373,50.737692,20.151744,6.630627
"406","6am",17.6748822,36.624075,36.55852,9.142523
"501","6am",14.1681295,36.849576,29.854984,19.12731
"502","6am",5.0522037,47.115845,34.725666,13.106286
"503","6am",7.2953279,41.446138,30.790292,20.468242
"504","6am",9.0906342,26.724595,43.834899,20.349872
"505","6am",9.6971959,44.905255,29.143039,16.25451
"506","6am",12.2576509,40.272315,29.672081,17.797954
"507","6am",11.4066139,53.10651,28.248314,7.238562
"508","6am",14.0572595,48.635999,29.783601,7.52314
"509","6am",15.0362865,46.489335,25.102045,13.372334
"510","6am",7.7517127,45.156404,33.537153,13.55473
"511","6am",9.9367789,40.215375,34.076972,15.770873
"512","6am",12.2413291,20.390943,35.492425,31.875304
"513","6am",8.239114,30.080835,25.546529,36.133522
"514","6am",5.8278419,24.411102,42.195977,27.565079
"515","6am",8.8045525,37.300717,28.283527,25.611203
"516","6am",7.1016902,33.151721,32.618475,27.128114
"517","6am",11.1790476,43.360021,22.830116,22.630815
"518","6am",12.1167189,40.046921,35.078742,12.757618
"519","6am",7.7787735,29.814874,33.504744,28.901608
"520","6am",4.3420415,40.270223,34.261416,21.126319
"521","6am",4.6298245,25.66865,33.783691,35.917835
"522","6am",8.8986594,38.137617,37.48458,15.479144
"601","6am",10.9821988,35.429139,31.042887,22.545775
"602","6am",12.1522456,40.994704,34.481846,12.371204
"603","6am",12.3860955,39.525603,36.951911,11.13639
"604","6am",11.0881451,45.750715,31.760363,11.400777
"605","6am",3.8058906,39.267249,28.310319,28.616542
"606","6am",7.0976556,29.403517,37.659457,25.839371
"607","6am",11.3251,39.912178,32.453078,16.309644
"608","6am",5.3756933,41.427627,36.415219,16.78146
"609","6am",4.4979628,34.683777,43.289963,17.528297
"610","6am",8.2174747,43.032777,32.467374,16.282374
"611","6am",16.6194162,43.56673,23.996042,15.817812
"612","6am",9.0673082,44.604729,30.249077,16.078886
"613","6am",3.6340822,44.654066,31.930982,19.78087
"614","6am",4.8108507,29.230319,46.117814,19.841016
"615","6am",6.7708498,45.416291,38.325839,9.48702
"616","6am",18.6725089,43.995245,29.741735,7.590511
"617","6am",9.240302,43.601088,31.923899,15.234712
"618","6am",6.8311798,27.636575,40.905223,24.627023
"701","6am",10.2588848,47.600438,26.461484,15.679193
"702","6am",6.6686863,34.754381,34.763289,23.813644
"703","6am",4.9579677,19.104007,41.689438,34.248587
"704","6am",6.7253107,44.951591,28.273719,20.049379
"705","6am",6.5134636,36.100386,34.183335,23.202816
"706","6am",5.6800796,31.067515,30.515657,32.736748
"707","6am",9.8883033,30.980321,31.967079,27.164297
"708","6am",4.0920026,33.95471,41.471553,20.481734
"709","6am",5.3966357,36.514554,36.292454,21.796356
"710","6am",10.8484207,35.758756,31.046725,22.346099
"711","6am",8.4012491,49.633782,30.121683,11.843286
"712","6am",9.6062368,36.006895,40.433765,13.953103
"101","7am",7.2912362,30.09625,34.89573,27.716789
"102","7am",1.1235534,25.55831,34.300359,39.017773
"103","7am",6.0437774,14.93903,34.958363,44.058834
"104","7am",6.6818717,16.33549,33.647111,43.335529
"105","7am",4.9622123,19.1568,35.753482,40.127507
"106","7am",2.0169065,18.24734,44.260634,35.475121
"107","7am",7.9915482,19.23297,36.436635,36.33885
"108","7am",19.7232014,22.25164,39.960543,18.06462
"109","7am",28.9611736,41.70025,13.162796,16.175784
"110","7am",16.0650668,31.89159,23.549054,28.494289
"111","7am",4.9764005,43.4168,32.450007,19.156796
"112","7am",6.1557533,16.54145,30.614741,46.688058
"113","7am",10.3567652,22.61923,32.778495,34.245514
"114","7am",12.3259439,24.93062,42.56015,20.183287
"115","7am",4.2302972,46.6702,27.175027,21.92448
"116","7am",2.6980183,30.83688,37.917026,28.548077
"117","7am",1.5527862,27.35875,24.403297,46.685165
"118","7am",8.852764,23.7188,31.339192,36.089241
"119","7am",0,27.78517,30.611866,41.602969
"120","7am",4.3658482,28.63654,34.822462,32.175147
"121","7am",7.9824582,42.17837,36.123122,13.716053
"122","7am",4.7575466,35.25781,35.146785,24.837861
"123","7am",8.9976396,20.90335,32.606063,37.492944
"124","7am",6.4659314,31.96648,31.078218,30.489372
"125","7am",3.3296122,27.19605,28.361567,41.112775
"126","7am",0.8006952,25.77728,29.221357,44.200664
"127","7am",3.9413093,26.87737,27.779894,41.401427
"128","7am",4.4722577,25.62324,33.897976,36.006527
"129","7am",3.9465686,25.50277,25.773062,44.777602
"130","7am",5.4102357,42.73349,37.142968,14.713304
"131","7am",7.6080712,41.89247,27.732621,22.766838
"132","7am",1.2942771,34.10099,38.555123,26.049612
"133","7am",9.885885,49.33544,26.459432,14.319244
"134","7am",24.2032341,48.50433,19.169552,8.122884
"135","7am",15.2163701,46.03742,29.012814,9.733392
"136","7am",11.1288246,34.27501,32.277985,22.318177
"137","7am",6.1502781,44.31865,26.47358,23.057493
"138","7am",0.9147622,35.20312,29.663068,34.219046
"139","7am",8.9096202,31.89813,37.832408,21.359842
"140","7am",5.6190167,34.49581,32.18577,27.699401
"141","7am",7.2862095,47.98859,31.538249,13.186956
"142","7am",12.3088403,45.27314,26.155732,16.26229
"143","7am",28.7664356,30.0185,28.394429,12.820638
"144","7am",12.1871068,53.81963,22.958709,11.034555
"145","7am",7.613547,26.86041,35.282974,30.243072
"146","7am",10.1576795,34.57536,29.054571,26.212392
"201","7am",14.40277,34.64017,26.006024,24.951037
"202","7am",13.2436957,51.0652,26.631552,9.059553
"203","7am",7.668052,39.18403,29.438285,23.709636
"204","7am",9.0077687,46.12792,26.823798,18.040515
"205","7am",3.9687719,55.2137,26.434906,14.382625
"206","7am",13.7617835,52.34701,22.659895,11.23131
"207","7am",21.6849348,57.42246,11.78204,9.11057
"208","7am",19.5135178,57.38374,19.702978,3.399764
"209","7am",13.8269731,54.36923,23.017571,8.786227
"210","7am",9.769718,56.19252,16.11081,17.926948
"211","7am",3.1587393,48.25036,35.641536,12.949369
"212","7am",3.5920276,40.76332,32.209736,23.434915
"213","7am",7.2790337,41.1513,33.449238,18.120433
"214","7am",5.1430631,24.42147,34.747759,35.68771
"215","7am",11.7897115,36.80786,22.215052,29.187378
"216","7am",8.6233006,28.06781,37.754638,25.554247
"217","7am",5.4362122,40.19585,22.609622,31.758315
"218","7am",2.1606727,30.38858,38.895393,28.555351
"219","7am",4.2862028,34.25915,29.279828,32.174817
"220","7am",1.8008162,38.82276,29.818714,29.55771
"221","7am",7.5822499,32.43777,39.406821,20.573159
"222","7am",4.8627137,19.81587,36.398831,38.922586
"223","7am",12.86877,37.22189,21.902904,28.006432
"224","7am",7.2688134,47.15298,30.241396,15.336811
"225","7am",6.1564965,41.68494,31.816109,20.342456
"226","7am",7.0998959,34.14628,26.501613,32.252206
"227","7am",7.1510301,36.43626,31.017056,25.39565
"228","7am",4.3811717,51.49104,25.423869,18.70392
"229","7am",12.0648656,65.26793,12.648316,10.018885
"230","7am",14.6239751,54.55426,18.850712,11.971053
"231","7am",11.0159491,62.4643,15.845896,10.673853
"232","7am",13.7976092,52.0316,24.222123,9.948666
"233","7am",11.0454716,48.61391,28.523234,11.817386
"234","7am",18.7704314,42.55034,28.116891,10.562334
"235","7am",15.3339449,52.74034,8.181432,23.744285
"236","7am",14.6607231,56.95506,18.445333,9.938887
"237","7am",3.3251082,52.9293,27.697818,16.047773
"238","7am",6.2046916,48.94648,37.751042,7.097782
"239","7am",17.9023332,60.06819,15.0773,6.952176
"240","7am",17.9982405,53.19292,18.670752,10.138088
"241","7am",19.5787879,34.08462,29.612872,16.723723
"242","7am",5.8454181,43.64754,40.808236,9.698802
"243","7am",13.0864788,47.8897,32.058222,6.965599
"244","7am",11.3336684,48.7428,27.762015,12.161515
"245","7am",4.3094654,61.0747,18.796145,15.819692
"246","7am",7.7328967,38.87923,42.029023,11.358853
"247","7am",5.714595,40.73977,44.115815,9.429816
"248","7am",9.7355255,66.60323,17.772985,5.888257
"249","7am",24.8218436,49.57121,21.21716,4.389783
"250","7am",25.2010424,56.58112,14.407364,3.810478
"251","7am",11.5618186,38.90743,34.432868,15.097885
"252","7am",14.4221975,41.77205,29.112095,14.693657
"253","7am",10.0577553,53.66913,26.025919,10.247195
"254","7am",6.3480509,40.05704,38.191068,15.403838
"255","7am",10.8548502,45.66366,31.266466,12.215025
"256","7am",11.2203417,59.18452,21.311763,8.283371
"257","7am",3.7290003,64.11707,27.387919,4.766015
"301","7am",12.8370107,41.8491,28.221069,17.092823
"302","7am",14.0312051,55.75082,22.775253,7.442722
"303","7am",4.5366727,49.95617,25.317352,20.189807
"304","7am",6.3552614,55.96047,28.743708,8.940563
"305","7am",14.997099,57.91361,21.183789,5.905505
"306","7am",16.1246168,49.92089,27.580651,6.373839
"307","7am",8.6589951,51.80857,33.311555,6.220884
"308","7am",14.3829252,52.1204,15.503943,17.992733
"401","7am",18.4022832,40.20831,32.664813,8.724593
"402","7am",19.9546658,39.12981,27.207651,13.707869
"403","7am",28.7609848,40.15544,19.191201,11.892374
"404","7am",14.5006035,53.54181,20.695374,11.262211
"405","7am",27.5522848,42.72594,24.190879,5.530898
"406","7am",17.2509315,39.62927,32.910391,10.209407
"501","7am",10.3141412,35.14655,30.597174,23.942137
"502","7am",7.1897972,47.47319,31.059975,14.277043
"503","7am",7.1510377,43.09976,34.481034,15.268173
"504","7am",13.0158694,29.05921,42.414938,15.509979
"505","7am",9.689805,40.97732,29.017192,20.315688
"506","7am",13.0025112,41.96823,27.955388,17.073866
"507","7am",11.0903746,53.40665,27.22342,8.279553
"508","7am",14.5057523,50.50099,27.442693,7.550569
"509","7am",12.3655422,42.6603,24.634057,20.340097
"510","7am",9.3510433,44.40974,31.24741,14.991806
"511","7am",11.2943925,40.06503,32.197686,16.442891
"512","7am",16.1019106,22.34928,35.122384,26.426431
"513","7am",8.4939103,35.01583,26.817557,29.672704
"514","7am",7.0228966,28.66934,43.450264,20.857496
"515","7am",11.4427411,38.64206,30.457435,19.457768
"516","7am",8.3978772,33.83499,26.421191,31.345947
"517","7am",13.8198735,48.42869,19.87505,17.876383
"518","7am",13.429362,39.91231,35.163155,11.495175
"519","7am",8.5772964,33.5066,32.288084,25.628018
"520","7am",4.8613277,44.32086,32.603375,18.214436
"521","7am",4.9892112,28.38904,31.896827,34.724921
"522","7am",11.2334499,43.99991,36.365683,8.400958
"601","7am",8.3657652,40.47101,33.300572,17.862653
"602","7am",12.9351312,41.33704,33.511393,12.216436
"603","7am",12.2278236,45.09404,31.186316,11.491816
"604","7am",12.4274885,47.10594,30.132065,10.334503
"605","7am",4.4344428,42.58789,27.522841,25.45483
"606","7am",10.1091955,27.3572,37.314045,25.219561
"607","7am",10.9647337,43.8747,31.304626,13.855943
"608","7am",5.875723,44.33236,38.321849,11.470063
"609","7am",5.6688699,41.07433,38.221198,15.035604
"610","7am",9.1273326,43.07784,32.097861,15.69697
"611","7am",19.1985439,40.08664,26.122837,14.591982
"612","7am",10.312128,43.93567,27.400661,18.351543
"613","7am",4.9919369,49.72612,29.805665,15.476274
"614","7am",6.0929864,33.70759,41.032155,19.16727
"615","7am",7.3919643,47.30201,37.286805,8.019223
"616","7am",15.3702398,43.95723,33.850289,6.822238
"617","7am",12.5953419,45.38174,28.672058,13.350858
"618","7am",8.6327846,31.7452,38.093134,21.528882
"701","7am",12.6950587,51.37717,23.723386,12.204385
"702","7am",8.3066963,36.52547,34.436788,20.731047
"703","7am",6.1136743,23.58723,36.015801,34.283299
"704","7am",7.5962621,42.78299,30.136668,19.484082
"705","7am",7.5108058,32.12884,34.001747,26.358608
"706","7am",7.2384318,32.3849,28.104987,32.271683
"707","7am",11.3564432,33.07665,32.854532,22.712378
"708","7am",5.6506198,45.03512,33.576465,15.737797
"709","7am",7.0252421,42.31821,31.399722,19.256826
"710","7am",7.6808907,35.16688,37.16064,19.991591
"711","7am",9.0014089,53.67061,30.634755,6.693224
"712","7am",9.5156165,35.68531,39.610632,15.188443
"101","8am",7.7981376,30.00639,30.640371,31.555103
"102","8am",2.7184442,25.53625,37.762857,33.982443
"103","8am",3.4388643,16.83908,37.010393,42.711664
"104","8am",5.6757433,19.00666,37.229181,38.088411
"105","8am",6.6973035,26.24771,36.689619,30.365371
"106","8am",2.2552607,18.88034,43.386186,35.478217
"107","8am",8.0585588,22.49423,32.175844,37.271363
"108","8am",15.4627546,17.40882,43.423529,23.7049
"109","8am",27.2244723,38.60487,13.308197,20.862456
"110","8am",13.6495556,31.90993,30.877396,23.563118
"111","8am",4.743673,37.74388,35.458559,22.053886
"112","8am",6.8907879,20.03895,32.24415,40.826116
"113","8am",10.7485923,23.58506,35.863705,29.802646
"114","8am",13.8047724,26.22216,40.916594,19.056476
"115","8am",4.6268211,46.72423,29.889262,18.759685
"116","8am",2.4901364,26.77204,34.992867,35.744961
"117","8am",2.4092515,31.32602,29.009638,37.255087
"118","8am",9.5273892,31.26641,32.010882,27.195318
"119","8am",2.253156,31.30628,30.850984,35.589577
"120","8am",6.6172881,31.74211,35.21363,26.426976
"121","8am",5.7905923,41.06437,33.706742,19.438294
"122","8am",6.2979311,36.81575,31.132512,25.75381
"123","8am",10.457474,26.08563,31.903249,31.553644
"124","8am",8.0204514,33.95997,33.145963,24.87362
"125","8am",3.1013616,21.86303,33.643486,41.392121
"126","8am",0.6537992,27.86939,32.060419,39.416396
"127","8am",2.7544232,24.84334,27.453819,44.948421
"128","8am",5.879332,30.20651,37.246101,26.668052
"129","8am",3.4877218,26.44654,28.190096,41.87564
"130","8am",4.6067223,38.54192,37.419228,19.432131
"131","8am",7.1433872,34.41805,30.343864,28.094699
"132","8am",2.5106138,38.58836,37.360961,21.540069
"133","8am",11.3998418,49.55003,28.060804,10.989327
"134","8am",22.3751449,47.59486,21.445724,8.584271
"135","8am",14.2737397,42.51285,31.227002,11.986409
"136","8am",12.6984063,42.13567,29.764742,15.401183
"137","8am",7.4411767,45.83342,26.203301,20.5221
"138","8am",1.0570387,38.83417,31.984522,28.124268
"139","8am",8.1427031,37.77613,35.132516,18.948648
"140","8am",6.2833991,35.53842,30.801139,27.377039
"141","8am",7.9664969,47.09626,26.682963,18.254284
"142","8am",12.109243,50.28853,17.982275,19.619953
"143","8am",23.3983545,27.30181,30.969971,18.329865
"144","8am",11.2890224,52.52009,23.628369,12.562519
"145","8am",3.8712594,22.92937,34.185339,39.014034
"146","8am",8.4325378,33.10573,30.668847,27.792883
"201","8am",12.6003889,31.79549,28.590512,27.013613
"202","8am",13.2265477,51.16363,27.128041,8.481784
"203","8am",15.7189528,39.34186,31.273145,13.66604
"204","8am",8.1228832,43.35227,26.481503,22.04334
"205","8am",4.8188411,56.31747,28.098818,10.76487
"206","8am",12.5319343,47.81856,26.426841,13.22267
"207","8am",20.0044962,55.67486,13.035851,11.284794
"208","8am",19.669529,56.66216,17.088534,6.579775
"209","8am",10.9578759,53.05799,24.840287,11.143849
"210","8am",8.3069505,50.03649,17.500561,24.155995
"211","8am",2.9924579,48.51368,29.6659,18.827962
"212","8am",2.8147324,46.36386,32.779219,18.042186
"213","8am",10.1326771,46.02565,31.669841,12.171829
"214","8am",5.8807678,32.56387,33.794902,27.760461
"215","8am",12.1861818,39.58079,25.496396,22.736628
"216","8am",9.0072662,30.18523,37.728147,23.079358
"217","8am",5.7104792,40.46361,25.730681,28.095232
"218","8am",4.1287434,28.54918,36.811627,30.510446
"219","8am",3.9945812,28.60467,34.578658,32.822087
"220","8am",3.6539213,35.70354,36.39933,24.243207
"221","8am",5.3291714,33.37965,30.558208,30.732967
"222","8am",5.422441,22.17094,34.471879,37.934739
"223","8am",13.4631889,40.53064,25.86627,20.139897
"224","8am",7.1428745,41.93358,31.121062,19.802485
"225","8am",6.0132277,39.94434,34.894309,19.148124
"226","8am",6.4318427,36.02354,24.83439,32.710226
"227","8am",7.562992,35.15051,31.767049,25.519448
"228","8am",3.9543854,43.2935,25.59944,27.152675
"229","8am",12.4614568,64.19788,12.221387,11.11928
"230","8am",14.3225586,52.71466,22.458889,10.503893
"231","8am",10.9077434,56.84497,18.578174,13.669115
"232","8am",11.6222328,41.38518,29.645311,17.347277
"233","8am",12.9493022,46.69586,27.126612,13.22822
"234","8am",18.1917606,42.38528,28.683462,10.739502
"235","8am",15.5479641,56.07977,9.094959,19.27731
"236","8am",13.5101745,52.06552,23.373735,11.050565
"237","8am",3.5715054,61.41917,21.300262,13.709062
"238","8am",5.1290327,48.05071,34.925443,11.894814
"239","8am",17.3020113,61.02704,17.4205,4.250445
"240","8am",20.0826645,50.02782,20.628319,9.261201
"241","8am",19.3074388,39.31857,29.12108,12.252908
"242","8am",3.89078,37.09701,39.714866,19.29734
"243","8am",15.3758204,50.71114,27.514015,6.399022
"244","8am",11.0018969,49.5762,26.9838,12.438106
"245","8am",3.727358,55.38549,21.548247,19.338906
"246","8am",8.4904325,42.2147,35.674324,13.620541
"247","8am",5.606512,36.92097,43.450326,14.022192
"248","8am",9.6934382,62.85966,18.676348,8.770556
"249","8am",24.7804017,48.96618,21.100554,5.152863
"250","8am",22.663014,56.43128,17.100712,3.804991
"251","8am",11.1827728,40.226,30.311848,18.279381
"252","8am",15.1278711,41.71214,27.358808,15.801183
"253","8am",13.7028029,49.00935,27.923262,9.364581
"254","8am",8.8192165,38.42909,37.552668,15.199024
"255","8am",9.7516638,48.07563,28.780223,13.392485
"256","8am",11.5610011,57.08283,21.539089,9.817084
"257","8am",4.0691046,62.642,25.85902,7.429877
"301","8am",10.5385588,43.01246,28.856459,17.592518
"302","8am",17.3667928,51.25839,22.608615,8.766202
"303","8am",4.9186206,49.84509,24.641451,20.594842
"304","8am",6.0505241,49.39237,33.007162,11.549949
"305","8am",14.1388147,51.07499,22.400131,12.386062
