"district","hour","resarea1","resarea2","resarea3"
"101","4am",1.0695946,4.222042,94.7083634
"102","4am",0,1.4090958,98.5909042
"103","4am",0,0.6723675,99.3276325
"104","4am",0,1.9882213,98.0117787
"105","4am",0,0.45534,99.54466
"106","4am",0,2.7570685,97.2429315
"107","4am",0,0,100
"108","4am",0,0,100
"109","4am",0,0.8216278,99.1783722
"110","4am",0,1.4960263,98.5039737
"111","4am",0,0.3469901,99.6530099
"112","4am",0,0,100
"113","4am",0,0.3296368,99.6703632
"114","4am",0.1958079,0,99.8041921
"115","4am",0,0,100
"116","4am",2.8699741,2.2617312,94.8682947
"117","4am",0,0,100
"118","4am",3.1667058,0,96.8332942
"119","4am",0.4901941,0,99.5098059
"120","4am",1.7614171,1.8012584,96.4373245
"121","4am",0.3546399,0.3349086,99.3104515
"122","4am",0,0.8374028,99.1625972
"123","4am",1.9833509,0,98.0166491
"124","4am",0,0.913718,99.086282
"125","4am",0,0,100
"126","4am",0,0.2917897,99.7082103
"127","4am",0,1.2983114,98.7016886
"128","4am",0,0,100
"129","4am",1.3436174,1.1672644,97.4891182
"130","4am",0,0,100
"131","4am",1.5373136,3.2091875,95.2534988
"132","4am",0,1.2032546,98.7967454
"133","4am",0,0.8232037,99.1767963
"134","4am",0,2.5208272,97.4791728
"135","4am",0,1.2177255,98.7822745
"136","4am",0,100,0
"137","4am",0,99.4960467,0.5039533
"138","4am",0,100,0
"139","4am",0,98.1084896,1.8915104
"140","4am",0,100,0
"141","4am",1.0296843,98.9703157,0
"142","4am",0,100,0
"143","4am",0,100,0
"144","4am",0,100,0
"145","4am",0,99.5729762,0.4270238
"146","4am",0,100,0
"201","4am",0,99.5357904,0.4642096
"202","4am",0.6116647,99.3883353,0
"203","4am",0,100,0
"204","4am",2.2408922,95.6085561,2.1505517
"205","4am",3.0305317,96.9694683,0
"206","4am",0.7245934,99.2754066,0
"207","4am",0,100,0
"208","4am",0.5112372,99.4887628,0
"209","4am",0,100,0
"210","4am",0,99.3583343,0.6416657
"211","4am",0.3191572,98.1676549,1.5131879
"212","4am",0,99.6602529,0.3397471
"213","4am",0,98.3041365,1.6958635
"214","4am",0,98.567198,1.432802
"215","4am",0.7175279,99.2824721,0
"216","4am",1.5571597,98.4428403,0
"217","4am",0,99.5162227,0.4837773
"218","4am",0,100,0
"219","4am",0,100,0
"220","4am",0.6850493,97.9095026,1.405448
"221","4am",0.5966917,98.6839527,0.7193556
"222","4am",0,98.9901599,1.0098401
"223","4am",0.9187528,99.0812472,0
"224","4am",0.5879892,99.4120108,0
"225","4am",0,100,0
"226","4am",0,100,0
"227","4am",0,99.5066619,0.4933381
"228","4am",0,99.2785179,0.7214821
"229","4am",0,100,0
"230","4am",0.5551975,99.4448025,0
"231","4am",0,100,0
"232","4am",1.0632448,98.5632202,0.373535
"233","4am",0,100,0
"234","4am",0,100,0
"235","4am",0,99.3311416,0.6688584
"236","4am",0.4686761,99.5313239,0
"237","4am",100,0,0
"238","4am",0.7002024,99.2997976,0
"239","4am",0.7805765,99.2194235,0
"240","4am",0,100,0
"241","4am",0,100,0
"242","4am",0.8484631,98.2517511,0.8997858
"243","4am",0,100,0
"244","4am",0.8656839,99.1343161,0
"245","4am",0,99.4706487,0.5293513
"246","4am",0,100,0
"247","4am",0,97.2267746,2.7732254
"248","4am",0,100,0
"249","4am",0.8073446,99.1926554,0
"250","4am",0,100,0
"251","4am",0,100,0
"252","4am",0,100,0
"253","4am",98.9798359,1.0201641,0
"254","4am",0.9464922,99.0535078,0
"255","4am",97.7497412,2.2502588,0
"256","4am",1.9600338,97.1475128,0.8924533
"257","4am",0,100,0
"301","4am",100,0,0
"302","4am",98.8880129,1.1119871,0
"303","4am",100,0,0
"304","4am",96.7758878,0.918476,2.3056362
"305","4am",98.6928807,1.3071193,0
"306","4am",100,0,0
"307","4am",100,0,0
"308","4am",100,0,0
"401","4am",2.6572179,97.3427821,0
"402","4am",0.6675214,98.6240673,0.7084113
"403","4am",0.7255365,99.2744635,0
"404","4am",2.8101963,97.1898037,0
"405","4am",99.370406,0.629594,0
"406","4am",0,99.4749631,0.5250369
"501","4am",0.1521195,99.8478805,0
"502","4am",1.9782968,98.0217032,0
"503","4am",0,99.3282384,0.6717616
"504","4am",99.1900098,0,0.8099902
"505","4am",99.4856617,0.5143383,0
"506","4am",100,0,0
"507","4am",99.4032851,0.5967149,0
"508","4am",99.3975756,0,0.6024244
"509","4am",3.5913707,96.4086293,0
"510","4am",98.1977654,1.8022346,0
"511","4am",100,0,0
"512","4am",0,100,0
"513","4am",1.1668534,98.8331466,0
"514","4am",99.4920961,0.5079039,0
"515","4am",100,0,0
"516","4am",100,0,0
"517","4am",100,0,0
"518","4am",99.6460722,0,0.3539278
"519","4am",98.2201173,1.7798827,0
"520","4am",0,100,0
"521","4am",0.6371054,99.3628946,0
"522","4am",0,100,0
"601","4am",100,0,0
"602","4am",99.5575128,0.4424872,0
"603","4am",100,0,0
"604","4am",100,0,0
"605","4am",99.0711042,0.9288958,0
"606","4am",98.043854,1.956146,0
"607","4am",99.4479256,0.5520744,0
"608","4am",100,0,0
"609","4am",100,0,0
"610","4am",99.1568923,0.8431077,0
"611","4am",100,0,0
"612","4am",99.492065,0.507935,0
"613","4am",99.6120921,0.3879079,0
"614","4am",0,100,0
"615","4am",0,100,0
"616","4am",0,100,0
"617","4am",100,0,0
"618","4am",100,0,0
"701","4am",98.6464956,1.3535044,0
"702","4am",100,0,0
"703","4am",1.1533307,98.8466693,0
"704","4am",99.2526053,0.7473947,0
"705","4am",0,100,0
"706","4am",0.6440447,99.3559553,0
"707","4am",98.6342172,0.9755627,0.39022
"708","4am",100,0,0
"709","4am",100,0,0
"710","4am",100,0,0
"711","4am",100,0,0
"712","4am",100,0,0
"101","5am",1.0438824,4.6731722,94.2829454
"102","5am",0,2.1681848,97.8318152
"103","5am",0,0.6750082,99.3249918
"104","5am",0,3.5971654,96.4028346
"105","5am",0,2.1383253,97.8616747
"106","5am",0,4.4336022,95.5663978
"107","5am",0,0,100
"108","5am",0,0,100
"109","5am",0,1.7293217,98.2706783
"110","5am",0.6490198,1.5292126,97.8217676
"111","5am",0,1.5266533,98.4733467
"112","5am",0,0,100
"113","5am",0,0.3292073,99.6707927
"114","5am",0.1972833,0,99.8027167
"115","5am",0,0,100
"116","5am",3.2867272,8.380633,88.3326399
"117","5am",0,1.6630256,98.3369744
"118","5am",3.1950308,0,96.8049692
"119","5am",0.5070801,0,99.4929199
"120","5am",1.7261477,2.5214763,95.752376
"121","5am",0.351259,2.5547252,97.0940158
"122","5am",0,1.5167229,98.4832771
"123","5am",0,0.7831351,99.2168649
"124","5am",0,0.9213049,99.0786951
"125","5am",0,1.3523412,98.6476588
"126","5am",0,1.0419907,98.9580093
"127","5am",0,1.6708372,98.3291628
"128","5am",0,0.9449248,99.0550752
"129","5am",1.3412637,1.4977148,97.1610215
"130","5am",0,0.6663086,99.3336914
"131","5am",3.605123,7.3661654,89.0287116
"132","5am",0.7995124,1.1936344,98.0068532
"133","5am",0.6985828,2.1841215,97.1172956
"134","5am",0,2.8856868,97.1143132
"135","5am",0,1.7888014,98.2111986
"136","5am",0,100,0
"137","5am",0,99.507125,0.492875
"138","5am",0,100,0
"139","5am",0,98.0763015,1.9236985
"140","5am",0,100,0
"141","5am",2.3527295,96.0886979,1.5585725
"142","5am",0,100,0
"143","5am",0,100,0
"144","5am",0,100,0
"145","5am",0,99.5736888,0.4263112
"146","5am",0,100,0
"201","5am",1.2074791,98.3236554,0.4688654
"202","5am",0.6271801,99.3728199,0
"203","5am",0,100,0
"204","5am",2.2439514,95.0508779,2.7051707
"205","5am",3.1362251,96.8637749,0
"206","5am",1.1252809,96.4728432,2.4018759
"207","5am",0,100,0
"208","5am",0.5518633,98.8615853,0.5865514
"209","5am",0,99.3723065,0.6276935
"210","5am",1.1145694,98.246887,0.6385436
"211","5am",0.3276313,98.1190035,1.5533652
"212","5am",0,99.653529,0.346471
"213","5am",0,98.3251392,1.6748608
"214","5am",0,98.5639318,1.4360682
"215","5am",0.7235565,99.2764435,0
"216","5am",1.5712298,98.0360213,0.3927489
"217","5am",1.8212428,97.6958962,0.482861
"218","5am",0,100,0
"219","5am",1.9848155,96.431376,1.5838084
"220","5am",0.6971817,97.8724796,1.4303387
"221","5am",0.6079791,98.1645175,1.2275034
"222","5am",0,98.9660801,1.0339199
"223","5am",0.9247498,99.0752502,0
"224","5am",0.5887345,99.4112655,0
"225","5am",0,100,0
"226","5am",0,99.2317339,0.7682661
"227","5am",0,99.0337519,0.9662481
"228","5am",0,97.2542323,2.7457677
"229","5am",0,100,0
"230","5am",0.7837625,99.2162375,0
"231","5am",0,100,0
"232","5am",1.08263,98.5370247,0.3803453
"233","5am",0.7080317,99.0275478,0.2644205
"234","5am",0,99.6995663,0.3004337
"235","5am",0,99.3086111,0.6913889
"236","5am",2.2944646,96.4008058,1.3047296
"237","5am",100,0,0
"238","5am",0.6651638,99.3348362,0
"239","5am",0.7889978,99.2110022,0
"240","5am",0,100,0
"241","5am",0.9910246,99.0089754,0
"242","5am",1.3671084,97.3931353,1.2397562
"243","5am",1.6611575,98.3388425,0
"244","5am",2.4401245,95.9840949,1.5757806
"245","5am",1.8233448,97.6586941,0.5179611
"246","5am",0,100,0
"247","5am",0.2742704,96.4791371,3.2465926
"248","5am",0,100,0
"249","5am",0.8273498,99.1726502,0
"250","5am",0,100,0
"251","5am",0,100,0
"252","5am",1.0308988,98.9691012,0
"253","5am",92.9474304,4.6958185,2.3567511
"254","5am",0.9463521,99.0536479,0
"255","5am",96.5488899,2.7429201,0.70819
"256","5am",1.9256453,96.7220747,1.35228
"257","5am",0,100,0
"301","5am",100,0,0
"302","5am",98.9040012,1.0959988,0
"303","5am",100,0,0
"304","5am",95.5664082,1.4259561,3.0076357
"305","5am",98.6642478,1.3357522,0
"306","5am",100,0,0
"307","5am",100,0,0
"308","5am",100,0,0
"401","5am",4.8773189,94.0824743,1.0402069
"402","5am",0.6957398,98.5659021,0.7383582
"403","5am",0.7210234,99.2789766,0
"404","5am",3.556215,96.443785,0
"405","5am",98.7419597,1.2580403,0
"406","5am",0,99.475271,0.524729
"501","5am",1.3159224,98.6840776,0
"502","5am",1.9616078,97.562096,0.4762962
"503","5am",0.3889864,98.9309846,0.680029
"504","5am",99.1884104,0,0.8115896
"505","5am",99.476246,0.523754,0
"506","5am",100,0,0
"507","5am",99.38529,0.61471,0
"508","5am",99.3942572,0,0.6057428
"509","5am",3.6983057,96.3016943,0
"510","5am",98.1164875,1.8835125,0
"511","5am",100,0,0
"512","5am",0.9964277,99.0035723,0
"513","5am",6.4980526,93.5019474,0
"514","5am",98.8473338,1.1526662,0
"515","5am",100,0,0
"516","5am",100,0,0
"517","5am",100,0,0
"518","5am",99.3334586,0,0.6665414
"519","5am",97.9174187,2.0825813,0
"520","5am",0,100,0
"521","5am",0.6489293,99.3510707,0
"522","5am",0,100,0
"601","5am",100,0,0
"602","5am",98.8639894,1.1360106,0
"603","5am",100,0,0
"604","5am",100,0,0
"605","5am",99.041773,0.958227,0
"606","5am",98.0106628,1.9893372,0
"607","5am",99.4232567,0.5767433,0
"608","5am",100,0,0
"609","5am",100,0,0
"610","5am",99.1405596,0.8594404,0
"611","5am",100,0,0
"612","5am",99.4804872,0.5195128,0
"613","5am",99.6048912,0.3951088,0
"614","5am",0,100,0
"615","5am",0,100,0
"616","5am",0,100,0
"617","5am",99.4755193,0.5244807,0
"618","5am",100,0,0
"701","5am",98.6653326,1.3346674,0
"702","5am",100,0,0
"703","5am",1.2789935,98.4554328,0.2655737
"704","5am",98.0995747,1.9004253,0
"705","5am",0.4909364,99.5090636,0
"706","5am",0.6451424,99.3548576,0
"707","5am",97.1222465,2.2725052,0.6052483
"708","5am",100,0,0
"709","5am",100,0,0
"710","5am",100,0,0
"711","5am",100,0,0
"712","5am",100,0,0
"101","6am",0.9241017,14.111013,84.9648853
"102","6am",0,3.2529584,96.7470416
"103","6am",5.2610883,3.2353442,91.5035676
"104","6am",0,3.625724,96.374276
"105","6am",0,2.9649246,97.0350754
"106","6am",0.4820745,4.1401406,95.3777849
"107","6am",0,3.0843117,96.9156883
"108","6am",2.3310422,4.3303714,93.3385864
"109","6am",0,4.6814637,95.3185363
"110","6am",0.6955357,1.7141637,97.5903005
"111","6am",0,3.0828353,96.9171647
"112","6am",0.7643542,1.2437941,97.9918517
"113","6am",0,1.330343,98.669657
"114","6am",0.2083143,0.4175651,99.3741206
"115","6am",0,0,100
"116","6am",5.1496753,15.2019092,79.6484155
"117","6am",0,3.0514468,96.9485532
"118","6am",3.2327494,2.1157127,94.6515379
"119","6am",0.5354501,0,99.4645499
"120","6am",3.1453474,5.1413071,91.7133454
"121","6am",1.6953207,5.2334041,93.0712752
"122","6am",0,7.292841,92.707159
"123","6am",0,0.8087186,99.1912814
"124","6am",0,0.9666465,99.0333535
"125","6am",0.5133024,4.2013857,95.2853119
"126","6am",1.5702698,2.2672495,96.1624807
"127","6am",1.3390827,2.9215205,95.7393969
"128","6am",0,7.7078089,92.2921911
"129","6am",1.3350412,3.1389182,95.5260406
"130","6am",0.4387873,3.5146721,96.0465406
"131","6am",6.1590514,8.946948,84.8940006
"132","6am",0.8071627,3.1172704,96.0755669
"133","6am",0.7164288,3.0532775,96.2302937
"134","6am",0.7592673,2.0207995,97.2199332
"135","6am",0,2.4360829,97.5639171
"136","6am",0.7346996,99.2653004,0
"137","6am",0,98.8977271,1.1022729
"138","6am",0,100,0
"139","6am",1.204068,96.8654791,1.9304529
"140","6am",0.527121,99.472879,0
"141","6am",2.3573129,95.0565338,2.5861533
"142","6am",0.6035194,97.7702355,1.6262451
"143","6am",0.9318534,97.9667861,1.1013605
"144","6am",0.8309226,97.9291004,1.239977
"145","6am",0.7601713,98.5122176,0.7276111
"146","6am",0,98.7431316,1.2568684
"201","6am",2.9395652,95.3116677,1.7487671
"202","6am",0.953242,99.046758,0
"203","6am",0,100,0
"204","6am",3.5603352,91.3230515,5.1166133
"205","6am",3.2613946,96.7386054,0
"206","6am",2.1848837,92.7800413,5.0350749
"207","6am",1.3869652,98.6130348,0
"208","6am",0.6597278,98.7455752,0.594697
"209","6am",0.3548968,98.5645424,1.0805608
"210","6am",1.7132411,95.5830691,2.7036898
"211","6am",1.1706354,97.2394751,1.5898894
"212","6am",0,99.1159787,0.8840213
"213","6am",0.3746695,97.4186122,2.2067183
"214","6am",0,98.5081413,1.4918587
"215","6am",1.7877142,97.2434234,0.9688624
"216","6am",1.7483229,98.2516771,0
"217","6am",2.6977407,96.7545099,0.5477495
"218","6am",3.3383246,96.2611022,0.4005732
"219","6am",8.5069567,89.9933744,1.4996689
"220","6am",0.7365312,95.7186149,3.5448539
"221","6am",1.0623426,96.8779077,2.0597497
"222","6am",0.7445243,95.7593104,3.4961653
"223","6am",0.9521909,98.6169626,0.4308464
"224","6am",1.0010169,98.9989831,0
"225","6am",0,100,0
"226","6am",0,98.7365845,1.2634155
"227","6am",0.2584112,97.627916,2.1136728
"228","6am",3.9532766,91.6351172,4.4116061
"229","6am",0.3170205,99.6829795,0
"230","6am",2.6587019,96.5863953,0.7549028
"231","6am",1.5421249,97.6249288,0.8329463
"232","6am",0,97.6138575,2.3861425
"233","6am",0.8682502,98.8728596,0.2588902
"234","6am",0,99.6725027,0.3274973
"235","6am",1.541844,97.7012856,0.7568704
"236","6am",4.5738146,92.7360318,2.6901536
"237","6am",97.2619524,1.1442915,1.5937561
"238","6am",2.661277,96.6536394,0.6850836
"239","6am",0.8789611,99.1210389,0
"240","6am",0,100,0
"241","6am",1.0310444,97.9222246,1.046731
"242","6am",8.4432829,85.9393041,5.617413
"243","6am",2.5614882,97.4385118,0
"244","6am",4.2417167,92.7349205,3.0233628
"245","6am",2.3518449,96.2166601,1.431495
"246","6am",0.8982539,98.7325774,0.3691686
"247","6am",0.8287528,94.6494437,4.5218035
"248","6am",0,100,0
"249","6am",0.8090379,99.1909621,0
"250","6am",0,100,0
"251","6am",1.888051,98.111949,0
"252","6am",1.5170097,98.0765959,0.4063944
"253","6am",83.7893383,10.6739756,5.5366862
"254","6am",7.5285752,92.4714248,0
"255","6am",93.9354834,5.3489783,0.7155383
"256","6am",1.9781696,96.7366208,1.2852097
"257","6am",0.95463,99.04537,0
"301","6am",100,0,0
"302","6am",98.8856981,1.1143019,0
"303","6am",100,0,0
"304","6am",93.3625754,3.7531651,2.8842595
"305","6am",99.1853393,0.8146607,0
"306","6am",100,0,0
"307","6am",100,0,0
"308","6am",100,0,0
"401","6am",4.2382478,94.7028586,1.0588935
"402","6am",1.9215278,97.2992326,0.7792396
"403","6am",1.3622136,98.6377864,0
"404","6am",4.6345536,94.9263411,0.4391053
"405","6am",97.9197123,2.0802877,0
"406","6am",0,99.385767,0.614233
"501","6am",2.5808519,97.4191481,0
"502","6am",4.5264455,94.999023,0.4745315
"503","6am",3.668827,95.3133885,1.0177844
"504","6am",99.1050436,0,0.8949564
"505","6am",99.4452837,0.5547163,0
"506","6am",99.1932492,0.8067508,0
"507","6am",100,0,0
"508","6am",99.3711219,0,0.6288781
"509","6am",8.2828022,91.7171978,0
"510","6am",96.5325609,3.4674391,0
"511","6am",100,0,0
"512","6am",1.5910484,98.4089516,0
"513","6am",6.7844096,92.5952092,0.6203813
"514","6am",96.4782083,3.5217917,0
"515","6am",100,0,0
"516","6am",98.1996542,1.8003458,0
"517","6am",100,0,0
"518","6am",99.2770577,0,0.7229423
"519","6am",97.1511983,2.8488017,0
"520","6am",0.7696755,99.2303245,0
"521","6am",0.7161226,99.2838774,0
"522","6am",0,100,0
"601","6am",100,0,0
"602","6am",98.800532,1.199468,0
"603","6am",100,0,0
"604","6am",100,0,0
"605","6am",98.9501054,1.0498946,0
"606","6am",97.8719241,2.1280759,0
"607","6am",99.3704573,0.6295427,0
"608","6am",100,0,0
"609","6am",100,0,0
"610","6am",99.0347157,0.9652843,0
"611","6am",100,0,0
"612","6am",99.4231799,0.5768201,0
"613","6am",98.3761643,1.6238357,0
"614","6am",0.8550946,99.1449054,0
"615","6am",0,100,0
"616","6am",1.2642548,98.7357452,0
"617","6am",97.1812675,2.8187325,0
"618","6am",100,0,0
"701","6am",98.4973497,1.5026503,0
"702","6am",100,0,0
"703","6am",0.3957309,99.2949894,0.3092797
"704","6am",97.0362894,2.9637106,0
"705","6am",3.8773923,96.1226077,0
"706","6am",0.6960492,99.3039508,0
"707","6am",94.886771,3.416066,1.697163
"708","6am",100,0,0
"709","6am",100,0,0
"710","6am",98.5638641,1.4361359,0
"711","6am",100,0,0
"712","6am",98.4807275,1.5192725,0
"101","7am",2.1202223,29.2821723,68.5976054
"102","7am",1.0964514,15.2253788,83.6781698
"103","7am",6.1307306,19.5600277,74.3092417
"104","7am",1.024465,11.6561658,87.3193692
"105","7am",1.5019082,12.86855,85.6295419
"106","7am",1.3542032,8.7463769,89.8994199
"107","7am",0.5178021,11.2624968,88.2197011
"108","7am",7.4116601,18.3237955,74.2645445
"109","7am",0,17.1428555,82.8571445
"110","7am",7.9234523,9.3250035,82.7515442
"111","7am",0,19.5416319,80.4583681
"112","7am",3.2489414,12.242619,84.5084395
"113","7am",1.8522844,7.6323524,90.5153632
"114","7am",0.5292344,14.9154539,84.5553117
"115","7am",0.6397003,4.3173142,95.0429855
"116","7am",12.0739656,27.0476991,60.8783353
"117","7am",0.695034,9.0848815,90.2200845
"118","7am",5.5878513,10.0455047,84.366644
"119","7am",0.7294174,13.0498176,86.220765
"120","7am",5.3945286,13.3210698,81.2844016
"121","7am",8.2274171,15.5930486,76.1795343
"122","7am",3.2251961,17.6136588,79.161145
"123","7am",2.6738024,10.298571,87.0276267
"124","7am",0,6.2314876,93.7685124
"125","7am",5.472856,16.3533038,78.1738402
"126","7am",3.3699574,11.5333065,85.096736
"127","7am",4.7136068,13.4579948,81.8283985
"128","7am",0.4271568,19.6337901,79.9390531
"129","7am",4.3831472,13.2660772,82.3507756
"130","7am",2.2161618,15.9005756,81.8832626
"131","7am",8.3459895,29.3754411,62.2785694
"132","7am",3.4040525,8.4648034,88.1311441
"133","7am",2.273141,6.9863794,90.7404796
"134","7am",0.8343131,6.741693,92.4239939
"135","7am",0.6248959,9.7437745,89.6313296
"136","7am",2.5415599,93.9629202,3.49552
"137","7am",1.4253668,95.3530872,3.221546
"138","7am",1.6910466,97.4403295,0.8686239
"139","7am",1.8644505,95.7020635,2.4334861
"140","7am",1.4665329,94.5077107,4.0257563
"141","7am",6.2134113,86.6631336,7.123455
"142","7am",2.3493908,86.9873289,10.6632803
"143","7am",6.5156238,91.0784743,2.4059019
"144","7am",4.8756148,91.2379389,3.8864463
"145","7am",4.5856878,83.7838081,11.6305041
"146","7am",2.4124438,88.76173,8.8258262
"201","7am",13.4304926,71.8450993,14.7244081
"202","7am",2.2624766,95.3057794,2.431744
"203","7am",0,98.5208077,1.4791923
"204","7am",5.3521296,87.1896563,7.4582141
"205","7am",0,92.2371013,7.7628987
"206","7am",3.5896724,83.9396304,12.4706972
"207","7am",2.5321446,95.2952561,2.1725993
"208","7am",0.2604377,96.4461349,3.2934274
"209","7am",7.7739008,89.5477993,2.6782999
"210","7am",5.9772659,86.8367654,7.1859687
"211","7am",3.5363749,87.9136661,8.549959
"212","7am",0,96.4467631,3.5532369
"213","7am",0.3978867,95.0410107,4.5611027
"214","7am",0.6940455,95.3640587,3.9418958
"215","7am",3.5075131,93.9311472,2.5613396
"216","7am",2.8616903,94.6561257,2.482184
"217","7am",4.4404114,90.5923149,4.9672737
"218","7am",8.7503696,81.5993009,9.6503295
"219","7am",17.4292622,77.9248589,4.6458789
"220","7am",7.820563,82.5487866,9.6306504
"221","7am",4.3536995,86.8174336,8.8288669
"222","7am",0.8479524,91.8856775,7.2663701
"223","7am",1.6053661,96.4777007,1.9169332
"224","7am",2.9417468,96.3021823,0.756071
"225","7am",1.6086206,97.8625421,0.5288373
"226","7am",1.7971116,96.0619403,2.1409481
"227","7am",1.9605405,95.2224193,2.8170402
"228","7am",5.7958575,87.8589447,6.3451978
"229","7am",0,99.0407451,0.9592549
"230","7am",7.5060587,88.850082,3.6438593
"231","7am",1.5365057,92.1419197,6.3215746
"232","7am",5.6800924,82.9180644,11.4018432
"233","7am",3.3798127,91.3025161,5.3176712
"234","7am",2.9747769,94.287446,2.7377771
"235","7am",5.7688287,93.3552662,0.8759051
"236","7am",8.7020595,86.6713538,4.6265868
"237","7am",93.8838704,1.4175471,4.6985825
"238","7am",7.0775766,89.8477522,3.0746712
"239","7am",0.9707653,99.0292347,0
"240","7am",1.4058053,97.7410802,0.8531145
"241","7am",1.2893433,96.3448263,2.3658303
"242","7am",20.8509733,66.7265303,12.4224964
"243","7am",5.1559568,94.8440432,0
"244","7am",11.8025822,84.2463333,3.9510846
"245","7am",8.1346839,87.7945931,4.070723
"246","7am",5.9900205,91.9079659,2.1020137
"247","7am",2.9822996,91.9163188,5.1013817
"248","7am",1.0405679,98.9594321,0
"249","7am",0.8600752,96.3386297,2.8012951
"250","7am",3.1882946,96.3852088,0.4264966
"251","7am",3.7389068,94.9605568,1.3005364
"252","7am",4.2781482,95.2248531,0.4969987
"253","7am",80.7586,13.7559541,5.4854458
"254","7am",11.8839865,85.8437047,2.2723089
"255","7am",86.4724017,12.0047643,1.522834
"256","7am",5.9538445,89.2254318,4.8207236
"257","7am",1.1703352,98.8296648,0
"301","7am",99.7803331,0.2196669,0
"302","7am",97.5400913,2.4599087,0
"303","7am",97.500197,2.499803,0
"304","7am",88.6736313,7.1584106,4.1679581
"305","7am",99.197137,0.802863,0
"306","7am",100,0,0
"307","7am",97.7772574,2.2227426,0
"308","7am",100,0,0
"401","7am",13.7263098,85.3337879,0.9399023
"402","7am",1.7754899,98.2245101,0
"403","7am",6.1558708,93.1638292,0.6802999
"404","7am",8.8642921,89.4031876,1.7325203
"405","7am",95.538364,4.461636,0
"406","7am",5.4855659,93.8410345,0.6733996
"501","7am",10.391593,89.3246851,0.283722
"502","7am",15.1497527,83.0553402,1.7949071
"503","7am",14.5040197,84.5290686,0.9669117
"504","7am",95.4502583,4.5497417,0
"505","7am",96.1241318,3.8758682,0
"506","7am",98.0226862,1.9773138,0
"507","7am",99.2284376,0.7715624,0
"508","7am",98.7839343,0.5671235,0.6489422
"509","7am",23.8598062,75.0098253,1.1303684
"510","7am",95.8452182,4.1547818,0
"511","7am",97.4886676,1.3531075,1.1582249
"512","7am",7.9490621,92.0509379,0
"513","7am",12.5663676,85.5954599,1.8381725
"514","7am",88.7517623,9.0432035,2.2050342
"515","7am",96.012168,3.987832,0
"516","7am",90.6979124,7.9195414,1.3825462
"517","7am",99.1291806,0.8708194,0
"518","7am",99.1524879,0,0.8475121
"519","7am",94.2890444,5.7109556,0
"520","7am",7.1528344,92.21897,0.6281957
"521","7am",4.0603574,95.1759293,0.7637133
"522","7am",0,98.4205637,1.5794363
"601","7am",99.6029659,0.3970341,0
"602","7am",96.0242211,3.9757789,0
"603","7am",100,0,0
"604","7am",98.7145275,1.2854725,0
"605","7am",97.4476345,2.5523655,0
"606","7am",100,0,0
"607","7am",99.3371458,0.6628542,0
"608","7am",100,0,0
"609","7am",100,0,0
"610","7am",98.2513855,1.7486145,0
"611","7am",100,0,0
"612","7am",99.3439903,0.6560097,0
"613","7am",97.737348,2.262652,0
"614","7am",4.2896494,95.7103506,0
"615","7am",4.50049,95.49951,0
"616","7am",7.5689725,92.4310275,0
"617","7am",92.9493474,7.0506526,0
"618","7am",99.1323793,0.8676207,0
"701","7am",97.4912231,2.5087769,0
"702","7am",100,0,0
"703","7am",7.9718015,90.1723002,1.8558983
"704","7am",95.4527606,3.3844558,1.1627836
"705","7am",16.9077308,83.0922692,0
"706","7am",3.0542102,89.4166966,7.5290932
"707","7am",85.7810302,11.0551245,3.1638454
"708","7am",96.449053,3.550947,0
"709","7am",98.5946389,1.4053611,0
"710","7am",94.9243143,5.0756857,0
"711","7am",99.7264051,0.2735949,0
"712","7am",95.6532692,2.5849637,1.761767
"101","8am",1.6954089,42.4328696,55.8717215
"102","8am",2.4186712,24.1597066,73.4216223
"103","8am",9.7252552,28.0259788,62.248766
"104","8am",3.3133619,21.6679106,75.0187274
"105","8am",2.3490962,22.824072,74.8268317
"106","8am",1.4793733,16.325532,82.1950947
"107","8am",1.447649,17.985052,80.567299
"108","8am",10.8261425,34.5276352,54.6462224
"109","8am",1.3499054,25.9259652,72.7241295
"110","8am",9.4400993,25.836154,64.7237467
"111","8am",2.2536689,33.6314144,64.1149167
"112","8am",4.5455278,20.6012878,74.8531845
"113","8am",3.9010152,9.4277761,86.6712086
"114","8am",1.7646845,24.8456757,73.3896397
"115","8am",0.6976559,11.9055841,87.3967601
"116","8am",12.6947799,33.5727,53.7325201
"117","8am",3.3672282,22.9303512,73.7024206
"118","8am",4.1837949,21.8886058,73.9275993
"119","8am",0.5804488,19.9799203,79.4396309
"120","8am",5.2718217,19.1541705,75.5740078
"121","8am",11.2955669,22.9225743,65.7818588
"122","8am",5.9157387,31.326547,62.7577142
"123","8am",4.5250859,21.8528168,73.6220973
"124","8am",0.9026535,10.5070375,88.5903089
"125","8am",6.5742269,28.4843987,64.9413744
"126","8am",8.2623258,23.4594027,68.2782715
"127","8am",5.8997134,23.1313406,70.968946
"128","8am",1.8318557,26.429335,71.7388093
"129","8am",5.6518491,26.2467501,68.1014007
"130","8am",4.0794484,26.9704748,68.9500767
"131","8am",9.5556815,40.7781608,49.6661577
"132","8am",6.4150799,14.3497142,79.2352058
"133","8am",4.097304,7.858932,88.0437641
"134","8am",1.5198279,12.6551815,85.8249907
"135","8am",2.2441948,17.3605306,80.3952746
"136","8am",6.2330677,85.2964373,8.470495
"137","8am",3.5258138,92.2913779,4.1828083
"138","8am",2.8489941,88.9441109,8.206895
"139","8am",2.2602871,93.659767,4.0799459
"140","8am",1.6818574,91.6485324,6.6696102
"141","8am",6.9854849,79.0072413,14.0072738
"142","8am",2.5619083,80.893576,16.5445157
"143","8am",9.4152728,84.7264675,5.8582597
"144","8am",8.0789617,85.1571796,6.7638587
"145","8am",4.7429645,77.9388203,17.3182152
"146","8am",6.2819607,71.5263038,22.1917355
"201","8am",15.0605107,65.0563497,19.8831396
"202","8am",2.6107566,92.6881773,4.7010661
"203","8am",2.6963331,95.2660953,2.0375716
"204","8am",6.777201,74.5707569,18.6520421
"205","8am",0,89.5719896,10.4280104
"206","8am",4.6844472,74.5818908,20.733662
"207","8am",4.4012799,89.8262102,5.7725099
"208","8am",0.7559008,93.0834497,6.1606496
"209","8am",7.9522427,86.9005218,5.1472355
"210","8am",7.6160585,81.1947851,11.1891564
"211","8am",4.4260285,84.2883608,11.2856107
"212","8am",0,95.1854425,4.8145575
"213","8am",1.9178809,91.4535015,6.6286176
"214","8am",3.0917125,91.7540184,5.154269
"215","8am",8.0113825,87.4411796,4.5474378
"216","8am",7.7434677,88.0556549,4.2008774
"217","8am",7.9220042,81.2698332,10.8081627
"218","8am",9.5421019,69.8222389,20.6356592
"219","8am",22.0778592,68.4333535,9.4887873
"220","8am",17.9073985,67.7965696,14.2960319
"221","8am",11.2180382,76.7614515,12.0205104
"222","8am",4.8401102,87.0342509,8.125639
"223","8am",4.0604577,92.0386322,3.9009101
"224","8am",4.3457139,91.6157207,4.0385654
"225","8am",4.7378542,94.075884,1.1862618
"226","8am",2.8370209,93.6077304,3.5552488
"227","8am",2.2308481,91.5603678,6.2087841
"228","8am",7.6727677,83.1862661,9.1409663
"229","8am",0,97.6565291,2.3434709
"230","8am",9.0460933,86.3968985,4.5570082
"231","8am",3.0662549,88.292396,8.6413491
"232","8am",14.6930251,69.5718555,15.7351194
"233","8am",6.0323256,87.283019,6.6846555
"234","8am",4.9999314,91.1486233,3.8514453
"235","8am",11.5660007,88.4339993,0
"236","8am",13.8642725,78.1402061,7.9955214
"237","8am",82.6905797,12.2670232,5.0423971
"238","8am",14.0377789,77.4934498,8.4687713
"239","8am",1.0665323,98.9334677,0
"240","8am",5.0307508,93.225014,1.7442353
"241","8am",5.1092436,91.7279593,3.1627972
"242","8am",18.7725928,63.5300084,17.6973988
"243","8am",9.0261327,90.9738673,0
"244","8am",14.0411339,80.5262177,5.4326484
"245","8am",7.9660782,86.4644776,5.5694443
"246","8am",8.3897379,85.2168582,6.3934039
"247","8am",6.3146289,88.5683988,5.1169722
"248","8am",1.0360694,98.9639306,0
"249","8am",0.7578645,95.5111388,3.7309968
"250","8am",3.1837909,96.390315,0.4258941
"251","8am",7.4606151,89.4180297,3.1213553
"252","8am",6.1494251,92.9177643,0.9328106
"253","8am",69.5092349,24.2373341,6.253431
"254","8am",21.7049689,74.0325953,4.2624357
"255","8am",82.0407236,15.550239,2.4090374
"256","8am",11.7511061,82.8470079,5.401886
"257","8am",4.0575987,95.9424013,0
"301","8am",96.7711782,1.750508,1.4783138
"302","8am",97.1505111,2.8494889,0
"303","8am",97.5265376,2.4734624,0
"304","8am",84.1495872,9.0256955,6.8247173
"305","8am",94.985277,3.5148623,1.4998608
"306","8am",100,0,0
"307","8am",96.8042615,3.1957385,0
"308","8am",97.0390004,0,2.9609996
"401","8am",15.2307761,82.7470619,2.022162
"402","8am",1.9546825,98.0453175,0
"403","8am",7.3277447,90.9404255,1.7318299
"404","8am",11.9776482,85.1519508,2.870401
"405","8am",87.5423099,12.4576901,0
"406","8am",6.141205,93.1049101,0.7538849
"501","8am",16.9773347,80.6087381,2.4139272
"502","8am",21.1125993,76.6246201,2.2627806
"503","8am",19.7800904,79.0150514,1.2048582
"504","8am",93.1621767,6.8378233,0
"505","8am",95.830732,4.169268,0
"506","8am",95.8055422,3.7520637,0.4423941
"507","8am",96.2665178,3.7334822,0
"508","8am",98.5401067,1.4598933,0
"509","8am",31.0297247,67.8982728,1.0720024
"510","8am",93.4706671,6.5293329,0
"511","8am",96.6627905,3.3372095,0
"512","8am",11.0524961,88.9475039,0
"513","8am",12.6858625,84.5695648,2.7445727
"514","8am",82.4068625,15.1008771,2.4922604
"515","8am",95.0859637,4.9140363,0
"516","8am",86.0124176,12.3924639,1.5951185
"517","8am",96.4567923,3.5432077,0
"518","8am",96.7655397,1.5850339,1.6494264
"519","8am",84.0322209,15.0163306,0.9514485
"520","8am",9.7456891,88.0459082,2.2084027
"521","8am",6.5321283,90.4578288,3.0100429
"522","8am",0.9940915,97.9579274,1.0479811
"601","8am",99.5628156,0.4371844,0
"602","8am",95.1687328,4.8312672,0
"603","8am",98.0563673,0,1.9436327
"604","8am",98.556199,1.443801,0
"605","8am",98.6527727,1.3472273,0
"606","8am",98.4090591,1.5909409,0
"607","8am",98.8293089,1.1706911,0
"608","8am",99.2928823,0.7071177,0
"609","8am",100,0,0
"610","8am",98.5392111,1.4607889,0
"611","8am",100,0,0
"612","8am",98.4542092,1.5457908,0
"613","8am",93.5703439,6.0098029,0.4198532
"614","8am",5.9663826,94.0336174,0
"615","8am",4.1635085,94.7541837,1.0823078
"616","8am",11.8945856,88.1054144,0
"617","8am",88.8661598,11.1338402,0
"618","8am",95.9738548,4.0261452,0
"701","8am",96.7913222,3.2086778,0
"702","8am",96.1389764,3.8610236,0
"703","8am",11.6528065,85.9258544,2.4213392
"704","8am",94.652734,3.6687611,1.678505
"705","8am",26.062245,72.6346788,1.3030762
"706","8am",11.5951223,80.182842,8.2220357
"707","8am",80.7701955,13.5775698,5.6522346
"708","8am",95.4591267,3.8873325,0.6535409
"709","8am",98.4398803,1.5601197,0
"710","8am",88.0282628,11.5019755,0.4697617
"711","8am",99.699659,0.300341,0
"712","8am",95.8004161,2.4974567,1.7021272
"101","9am",2.8186112,41.8210699,55.3603189
"102","9am",4.4911952,24.9230347,70.5857701
"103","9am",8.8346702,30.3237224,60.8416073
"104","9am",7.4796679,22.6934696,69.8268625
"105","9am",3.9210384,29.484008,66.5949536
"106","9am",2.3558189,19.1707646,78.4734164
"107","9am",1.6377401,20.2211031,78.1411567
"108","9am",9.5839045,35.0169003,55.3991953
"109","9am",1.3172665,27.8810847,70.8016488
"110","9am",8.7267575,28.2086669,63.0645756
"111","9am",3.3311018,36.2896538,60.3792444
"112","9am",3.7107636,18.6514873,77.6377491
"113","9am",5.4620156,10.7324021,83.8055822
"114","9am",1.9146051,27.2777049,70.8076901
"115","9am",0.7445185,13.7327284,85.5227532
"116","9am",12.7590976,35.7658093,51.4750931
"117","9am",5.2658809,23.3324861,71.4016331
"118","9am",4.7610553,28.3368381,66.9021066
"119","9am",1.2682465,23.1826248,75.5491287
"120","9am",7.7207109,20.6357616,71.6435275
"121","9am",12.84946,26.0588425,61.0916976
"122","9am",7.4981163,32.6450085,59.8568753
"123","9am",4.3774411,27.7931478,67.8294111
"124","9am",1.0296849,17.7174611,81.252854
"125","9am",6.8892956,35.0108161,58.0998883
"126","9am",9.8043376,26.4841389,63.7115235
"127","9am",6.3802255,25.0048522,68.6149223
"128","9am",2.1208037,27.7399002,70.139296
"129","9am",4.4765193,30.4398261,65.0836545
"130","9am",5.87519,29.8825853,64.2422248
"131","9am",11.4020812,41.8200845,46.7778343
"132","9am",6.8704128,17.2078143,75.9217729
"133","9am",3.1568738,11.6750733,85.1680529
"134","9am",1.5730799,17.2980964,81.1288237
"135","9am",2.4121859,20.2245832,77.363231
"136","9am",6.5004853,80.9567319,12.5427827
"137","9am",3.5129978,92.9338138,3.5531883
"138","9am",3.0850036,84.0184176,12.8965788
"139","9am",2.3392453,91.2742164,6.3865384
"140","9am",3.6961919,88.2279148,8.0758934
"141","9am",7.4725373,75.5075569,17.0199058
"142","9am",2.5642561,83.9130906,13.5226533
"143","9am",9.6167582,83.5848219,6.7984199
"144","9am",8.6137202,83.6238181,7.7624617
"145","9am",6.0125306,74.4344784,19.552991
"146","9am",5.5256231,74.7666708,19.7077061
"201","9am",16.7116331,61.9839548,21.3044121
"202","9am",1.8833198,93.0862597,5.0304205
"203","9am",4.4087023,93.5791912,2.0121065
"204","9am",6.4845804,71.7868766,21.728543
"205","9am",0.3440064,86.0340312,13.6219624
"206","9am",5.8312109,74.8616795,19.3071096
"207","9am",5.0657573,90.9580333,3.9762094
"208","9am",1.1928256,91.3503674,7.456807
"209","9am",8.6091032,85.0404543,6.3504425
"210","9am",9.045133,75.8534377,15.1014293
"211","9am",4.5285754,83.9243372,11.5470875
"212","9am",0,93.2073813,6.7926187
"213","9am",2.027742,89.2747998,8.6974583
"214","9am",3.0754941,89.4973057,7.4272002
"215","9am",9.0687984,87.4251771,3.5060245
"216","9am",10.520512,84.696404,4.783084
"217","9am",7.0068057,78.5233945,14.4697998
"218","9am",8.990045,66.1853248,24.8246301
"219","9am",24.9069491,65.7941609,9.2988901
"220","9am",17.5936177,64.0262236,18.3801588
"221","9am",10.913539,73.3653619,15.7210991
"222","9am",4.2795704,86.8677004,8.8527292
"223","9am",3.868781,89.945372,6.185847
"224","9am",4.3989598,90.3178987,5.2831415
"225","9am",5.0708806,94.2928323,0.6362871
"226","9am",3.9427423,90.1316775,5.9255803
"227","9am",2.289227,88.4556963,9.2550767
"228","9am",7.1873922,82.1445765,10.6680313
"229","9am",0.3672122,95.7664057,3.866382
"230","9am",10.8812841,84.9223923,4.1963236
"231","9am",2.3114128,88.3447089,9.3438783
"232","9am",14.533185,71.7368383,13.7299767
"233","9am",5.8815511,85.5588927,8.5595562
"234","9am",6.3675749,89.8051365,3.8272886
"235","9am",10.7844434,88.2995449,0.9160117
"236","9am",17.9752312,72.6437669,9.3810019
"237","9am",77.9395798,16.2508981,5.8095221
"238","9am",16.843201,74.7120936,8.4447054
"239","9am",1.0452114,98.9547886,0
"240","9am",6.3047522,91.8105916,1.8846562
"241","9am",5.911023,90.4298508,3.6591262
"242","9am",19.206867,61.5553189,19.237814
"243","9am",10.2281758,88.7887013,0.9831229
"244","9am",15.3229929,79.2863936,5.3906134
"245","9am",8.3176455,82.3083772,9.3739773
"246","9am",8.7389828,83.6882143,7.5728029
"247","9am",7.9852455,86.554794,5.4599605
"248","9am",1.1276565,98.8723435,0
"249","9am",1.9578968,94.6748341,3.3672691
"250","9am",3.8250312,94.5894307,1.5855381
"251","9am",7.9976248,87.8330251,4.1693501
"252","9am",7.6013815,89.3986288,2.9999897
"253","9am",67.1442629,26.5892969,6.2664402
"254","9am",22.7540288,73.485466,3.7605053
"255","9am",78.1341194,18.4149856,3.4508951
"256","9am",14.2164771,80.4281202,5.3554026
"257","9am",4.1729429,95.8270571,0
"301","9am",96.9415394,1.6581465,1.400314
"302","9am",97.1737798,2.8262202,0
"303","9am",96.6722063,3.3277937,0
"304","9am",83.9795695,8.583906,7.4365246
"305","9am",94.4599853,3.2933757,2.2466391
"306","9am",100,0,0
"307","9am",96.8569917,3.1430083,0
"308","9am",96.8179071,0,3.1820929
"401","9am",17.1849815,80.9601854,1.8548331
"402","9am",3.2684255,96.7315745,0
"403","9am",7.318471,89.2745788,3.4069502
"404","9am",13.0467524,83.5460959,3.4071516
"405","9am",86.4521605,13.5478395,0
"406","9am",7.6874596,91.5452032,0.7673372
"501","9am",19.2879589,78.0743864,2.6376547
"502","9am",21.6164315,76.0987344,2.2848341
"503","9am",21.9709518,77.086284,0.9427642
"504","9am",91.2694993,7.2786134,1.4518874
"505","9am",95.3772381,4.6227619,0
"506","9am",95.7263374,3.8229147,0.4507479
"507","9am",93.8032229,6.1967771,0
"508","9am",98.3140523,1.6859477,0
"509","9am",34.6565435,64.3278256,1.0156309
"510","9am",92.2197463,7.7802537,0
"511","9am",95.6094264,4.3905736,0
"512","9am",15.8067219,84.1932781,0
"513","9am",14.7532974,82.3780295,2.868673
"514","9am",82.1090852,15.356471,2.5344438
"515","9am",95.0056014,4.9943986,0
"516","9am",81.550559,16.8040225,1.6454185
"517","9am",96.4009412,3.5990588,0
"518","9am",96.6503988,1.6414583,1.7081429
"519","9am",79.6366097,19.3577067,1.0056836
"520","9am",10.2765097,87.394802,2.3286883
"521","9am",7.1502131,89.9305616,2.9192252
"522","9am",0.9743273,97.9985272,1.0271455
"601","9am",97.1419041,0.4422821,2.4158138
"602","9am",95.2690365,4.7309635,0
"603","9am",97.8105984,0,2.1894016
"604","9am",97.6219254,2.3780746,0
"605","9am",98.6965801,1.3034199,0
"606","9am",98.478909,1.521091,0
"607","9am",98.2900807,1.7099193,0
"608","9am",99.2888906,0.7111094,0
"609","9am",100,0,0
"610","9am",98.4627903,1.5372097,0
"611","9am",100,0,0
"612","9am",97.866755,2.133245,0
"613","9am",93.1331674,6.4523201,0.4145125
"614","9am",6.1570005,93.8429995,0
"615","9am",4.4131092,94.4396991,1.1471917
"616","9am",12.7590517,87.2409483,0
"617","9am",89.1851992,10.8148008,0
"618","9am",95.2208104,4.7791896,0
"701","9am",95.6730596,4.3269404,0
"702","9am",95.9198933,4.0801067,0
"703","9am",11.099885,86.4675837,2.4325313
"704","9am",92.8501728,3.7244818,3.4253454
"705","9am",26.6708383,72.0309626,1.2981991
"706","9am",18.8077839,73.1747583,8.0174578
"707","9am",80.12764,13.937209,5.935151
"708","9am",95.4700729,3.8779616,0.6519654
"709","9am",98.3386203,1.6613797,0
"710","9am",86.9816647,12.5518709,0.4664644
"711","9am",98.8662013,0.6897917,0.444007
"712","9am",95.0037675,2.5161234,2.4801091
"101","10am",2.7636645,43.241485,53.9948505
"102","10am",2.8619734,26.0776252,71.0604014
"103","10am",9.2351293,30.1231951,60.6416757
"104","10am",8.0997632,25.2195813,66.6806556
"105","10am",2.8608118,30.699049,66.4401392
"106","10am",3.8358965,18.2186843,77.9454192
"107","10am",1.9379708,23.0337033,75.028326
"108","10am",9.7437605,34.9036806,55.3525589
"109","10am",1.3080493,26.943557,71.7483938
"110","10am",9.1293609,29.5937864,61.2768527
"111","10am",3.3353724,36.4906449,60.1739827
"112","10am",3.6171201,19.3246442,77.0582357
"113","10am",5.6288868,13.16855,81.2025632
"114","10am",0.3480176,31.1706737,68.4813087
"115","10am",0.764601,15.3298981,83.9055009
"116","10am",12.246013,37.9195246,49.8344624
"117","10am",6.7744223,25.1041158,68.121462
"118","10am",4.6640829,28.5445581,66.7913589
"119","10am",1.5122011,24.6866818,73.8011172
"120","10am",7.8945821,19.7686967,72.3367212
"121","10am",12.9469966,29.058835,57.9941685
"122","10am",9.0298661,35.5922074,55.3779265
"123","10am",6.7802086,27.0626262,66.1571653
"124","10am",1.0007156,18.7472575,80.252027
"125","10am",6.8803309,34.3995068,58.7201623
"126","10am",9.6433407,28.4537951,61.9028642
"127","10am",6.9617292,27.0091878,66.029083
"128","10am",3.3752608,30.2334096,66.3913297
"129","10am",5.5943337,28.4366111,65.9690552
"130","10am",5.6644142,30.6845449,63.6510409
"131","10am",11.3574025,43.4445077,45.1980898
"132","10am",8.0831966,17.3594155,74.5573879
"133","10am",1.043268,13.6838935,85.2728386
"134","10am",1.6853323,17.1735035,81.1411642
"135","10am",3.1913378,21.5930477,75.2156145
"136","10am",6.3652725,81.106046,12.5286815
"137","10am",3.9139525,92.1695181,3.9165293
"138","10am",2.9077941,80.8107909,16.281415
"139","10am",2.3778913,87.514115,10.1079936
"140","10am",3.6635967,87.1939569,9.1424464
"141","10am",7.2226148,75.2270322,17.550353
"142","10am",4.7392477,80.971682,14.2890703
"143","10am",9.6745807,81.2089957,9.1164235
"144","10am",8.4327395,84.4161962,7.1510642
"145","10am",6.1697419,74.334183,19.4960751
"146","10am",6.1100594,74.1795312,19.7104093
"201","10am",17.7165592,59.4650914,22.8183494
"202","10am",2.0366519,92.5233716,5.4399765
"203","10am",4.8721372,92.9042472,2.2236155
"204","10am",7.1093746,68.6659702,24.2246553
"205","10am",0,84.3208399,15.6791601
"206","10am",6.2791772,72.5276355,21.1931873
"207","10am",5.6495575,90.196809,4.1536335
"208","10am",1.2083526,91.2068283,7.5848191
"209","10am",8.8169516,85.2430723,5.9399761
"210","10am",8.8287378,74.853582,16.3176802
"211","10am",4.7377211,81.3673387,13.8949403
"212","10am",4.161597,88.3471747,7.4912283
"213","10am",2.0293826,90.0239145,7.9467029
"214","10am",3.2729683,87.0285012,9.6985304
"215","10am",8.9721079,87.3313779,3.6965143
"216","10am",11.2292458,82.9517928,5.8189614
"217","10am",8.5469234,75.6616014,15.7914752
"218","10am",8.6056077,65.9023526,25.4920397
"219","10am",24.9377933,66.4358958,8.6263109
"220","10am",17.2429065,66.4574725,16.299621
