"district","hour","age1","age2","age3","age4"
"001","4am",51.953241,11.985031,26.7991,9.262627
"002","4am",20.409033,8.818032,47.67286,23.100075
"003","4am",15.844109,12.955059,56.26121,14.939617
"004","4am",13.002689,8.678568,52.83723,25.481508
"005","4am",12.910514,7.146062,45.85951,34.083917
"006","4am",28.590332,10.213786,43.933,17.262877
"007","4am",8.313146,6.737097,42.06487,42.884885
"008","4am",12.884457,3.482458,56.66837,26.964712
"009","4am",11.318912,9.425609,43.82565,35.429833
"010","4am",12.948379,11.261408,53.94018,21.850031
"011","4am",11.306218,8.13488,52.95117,27.607731
"012","4am",9.531949,8.367941,60.14192,21.958194
"013","4am",13.823486,13.042009,49.587,23.547508
"014","4am",10.530094,8.465497,62.97933,18.025075
"015","4am",8.540322,9.18478,62.90041,19.374484
"016","4am",12.690009,5.866412,60.16312,21.280462
"017","4am",8.696468,8.917018,63.05598,19.330533
"018","4am",13.486204,7.00891,57.47647,22.028412
"019","4am",10.735425,9.057214,49.88497,30.322388
"001","5am",51.121714,11.793207,27.9707,9.114376
"002","5am",20.492736,8.854197,47.45825,23.194816
"003","5am",15.711889,10.182246,58.48136,15.624507
"004","5am",12.826886,9.470698,52.56543,25.136985
"005","5am",13.026673,6.310636,46.27211,34.390577
"006","5am",27.363681,11.538634,43.97235,17.125334
"007","5am",8.313146,6.737097,42.06487,42.884885
"008","5am",13.248301,3.483471,56.29568,26.972552
"009","5am",11.42398,8.584858,44.23245,35.758708
"010","5am",12.754398,11.092701,54.63021,21.522695
"011","5am",11.497387,8.272427,52.15565,28.074531
"012","5am",9.80459,8.607288,60.21199,21.376135
"013","5am",13.971114,13.181291,49.04861,23.798984
"014","5am",10.321557,8.297847,63.71249,17.668108
"015","5am",8.48835,9.737441,62.51763,19.25658
"016","5am",13.471726,5.902746,59.21327,21.412262
"017","5am",7.915354,9.377809,63.12579,19.581045
"018","5am",13.853265,7.199675,56.31909,22.62797
"019","5am",10.790142,9.103377,49.62954,30.476937
"001","6am",49.719147,11.469651,29.94689,8.864316
"002","6am",21.173176,8.310961,46.55089,23.964975
"003","6am",16.331656,10.583892,56.84362,16.240827
"004","6am",13.018082,9.972903,51.49734,25.511674
"005","6am",12.916526,5.067809,47.91588,34.099788
"006","6am",22.084821,9.368743,50.72844,17.818
"007","6am",8.223864,6.664742,42.68709,42.424308
"008","6am",13.557882,3.564871,55.27441,27.602835
"009","6am",11.206035,9.502301,44.21515,35.076511
"010","6am",11.453158,11.994949,54.87844,21.673458
"011","6am",11.497387,8.272427,52.15565,28.074531
"012","6am",10.10845,8.874042,60.17682,20.840693
"013","6am",14.407926,13.593409,47.4556,24.543068
"014","6am",17.974888,7.828614,57.5275,16.669
"015","6am",9.509711,9.081706,61.27444,20.134146
"016","6am",13.630592,4.396936,60.3077,21.664767
"017","6am",8.227353,9.747453,61.67233,20.352869
"018","6am",13.43647,6.584398,56.99835,22.980786
"019","6am",10.981411,9.264746,48.73666,31.01718
"001","7am",48.866723,11.100494,32.52396,7.508827
"002","7am",8.76973,7.403341,54.95803,28.868898
"003","7am",18.895921,8.455618,57.54095,15.107508
"004","7am",10.773385,11.36908,50.75947,27.09807
"005","7am",26.729166,2.145112,42.93707,28.188648
"006","7am",29.714931,6.780323,50.25964,13.245106
"007","7am",8.445504,6.438496,43.65324,41.462763
"008","7am",9.670866,4.303955,52.38619,33.638991
"009","7am",16.038602,9.634172,38.76393,35.563296
"010","7am",8.342307,16.839935,55.68558,19.132178
"011","7am",12.744716,6.359754,47.83704,33.058488
"012","7am",3.933521,10.852639,59.4052,25.808643
"013","7am",5.908893,14.9371,52.39453,26.759477
"014","7am",13.796876,6.269551,62.86338,17.070191
"015","7am",7.483175,10.098511,56.49864,25.91967
"016","7am",8.081982,5.211119,61.03045,25.676445
"017","7am",3.924902,7.088137,68.16799,20.81897
"018","7am",6.314726,6.395163,57.14092,30.149186
"019","7am",6.137978,9.784047,50.12433,33.953642
"001","8am",43.265203,6.826697,43.58797,6.320128
"002","8am",8.300019,8.204647,52.80416,30.691173
"003","8am",24.858666,6.001019,52.10873,17.031586
"004","8am",12.783263,13.580912,44.90942,28.726403
"005","8am",29.560265,2.209598,39.6281,28.602038
"006","8am",25.856316,9.502534,53.50214,11.139006
"007","8am",13.773347,4.647389,42.60873,38.970535
"008","8am",8.149322,2.748894,51.9072,37.194586
"009","8am",17.653248,7.006709,36.729,38.61104
"010","8am",9.496282,21.085446,51.81445,17.603818
"011","8am",12.487592,7.789344,46.71927,33.00379
"012","8am",2.161633,6.872874,56.18407,34.78142
"013","8am",6.267721,10.129425,58.10279,25.500063
"014","8am",16.389198,9.068463,56.28256,18.259779
"015","8am",6.158984,9.322768,50.85445,33.663798
"016","8am",4.397687,7.700388,59.38609,28.515834
"017","8am",4.550854,3.612314,67.69761,24.139227
"018","8am",7.695141,5.560161,54.01901,32.725689
"019","8am",4.61217,6.852973,53.12127,35.413584
"001","9am",41.263486,6.5347651,45.63555,6.566198
"002","9am",7.803532,13.1452506,47.13167,31.919551
"003","9am",25.164961,8.4945337,52.58308,13.757428
"004","9am",10.68852,13.8406294,44.26441,31.206436
"005","9am",30.310696,0.7512827,39.11954,29.818485
"006","9am",26.15948,8.1681554,55.65915,10.013211
"007","9am",14.105372,6.0436262,43.1694,36.681604
"008","9am",9.0174,4.1228057,50.27299,36.586803
"009","9am",15.318641,2.9984542,40.30312,41.379786
"010","9am",9.007331,20.2090288,53.4527,17.330942
"011","9am",10.937993,9.6978615,46.31409,33.050059
"012","9am",2.099955,6.6767691,56.0964,35.126878
"013","9am",7.032405,9.4706544,57.5845,25.912436
"014","9am",17.29561,7.0642093,55.93267,19.707513
"015","9am",6.428905,9.7313443,48.70062,35.139135
"016","9am",5.784549,5.3422988,60.17489,28.698264
"017","9am",3.378104,4.0221375,67.58415,25.015613
"018","9am",5.84361,4.8017467,53.27097,36.083669
"019","9am",4.561669,7.4498542,54.33591,33.65257
"001","10am",42.890111,6.639106,44.94532,5.525459
"002","10am",8.929631,13.64013,47.60231,29.827935
"003","10am",26.099061,8.809843,50.07562,15.015477
"004","10am",8.855012,10.693198,48.07858,32.373205
"005","10am",28.681284,0.741106,40.22582,30.351789
"006","10am",26.153339,7.3154,56.16055,10.37071
"007","10am",14.776391,4.810818,45.12293,35.289858
"008","10am",9.293239,5.409217,51.17451,34.123032
"009","10am",16.185129,3.16806,35.43825,45.208557
"010","10am",8.719121,23.419949,49.03254,18.828385
"011","10am",11.652214,9.09098,47.4796,31.777202
"012","10am",1.850898,8.882105,50.9724,38.2946
"013","10am",6.630124,10.590207,59.27565,23.504019
"014","10am",18.100654,7.393021,55.22847,19.277855
"015","10am",7.899254,11.653721,48.16045,32.286577
"016","10am",5.374497,4.963597,61.21516,28.446747
"017","10am",3.644723,2.007579,67.35771,26.989989
"018","10am",5.544352,4.555844,51.28029,38.619513
"019","10am",4.487165,10.666144,49.92138,34.925307
"001","11am",43.594378,5.768847,45.23591,5.400864
"002","11am",9.114965,6.147901,50.78643,33.950702
"003","11am",23.845215,8.279341,51.56411,16.311338
"004","11am",11.270085,13.085061,45.78067,29.864185
"005","11am",27.915098,0.766405,39.76635,31.552148
"006","11am",24.72041,6.901202,57.5717,10.806688
"007","11am",13.480841,5.207382,42.63295,38.678829
"008","11am",11.835804,4.859697,46.62433,36.680171
"009","11am",11.583688,3.251089,40.8692,44.29602
"010","11am",14.269395,18.692252,50.41104,16.62731
"011","11am",10.332816,6.691821,48.62163,34.353733
"012","11am",1.956146,9.387169,56.3028,32.353882
"013","11am",6.774899,9.123866,56.97283,27.12841
"014","11am",16.613885,8.747793,55.13843,19.499891
"015","11am",6.774533,8.075642,50.17249,34.977337
"016","11am",7.042891,8.742288,58.4945,25.720324
"017","11am",5.190214,4.119817,63.63009,27.059876
"018","11am",5.745407,4.521919,53.73382,35.998851
"019","11am",4.485696,10.662654,50.68004,34.171609
"001","12am",40.696913,10.856141,41.88736,6.559582
"002","12am",19.182571,9.885366,46.69368,24.238387
"003","12am",24.081411,8.609635,52.45295,14.856005
"004","12am",8.475705,13.220882,48.76703,29.53638
"005","12am",29.189774,0,39.6094,31.200826
"006","12am",25.960814,6.52139,56.93234,10.585459
"007","12am",11.087811,4.675308,44.82221,39.414667
"008","12am",8.18535,2.635652,57.13321,32.045785
"009","12am",14.097178,2.980726,40.9238,41.998296
"010","12am",14.840994,18.345817,48.51374,18.299445
"011","12am",7.430317,7.829567,51.91917,32.820947
"012","12am",1.363048,12.504275,55.37225,30.760428
"013","12am",8.713449,9.220905,56.4658,25.59985
"014","12am",17.128364,6.188864,56.43397,20.248799
"015","12am",7.608384,7.254882,51.99054,33.146189
"016","12am",7.842811,4.3972,61.86689,25.893096
"017","12am",8.319286,9.535089,48.47408,33.671542
"018","12am",6.022636,4.170761,52.90503,36.901576
"019","12am",6.815834,12.035259,47.75703,33.391878
"001","1pm",39.260196,7.810398,45.84788,7.081526
"002","1pm",13.808388,10.269452,46.51817,29.403989
"003","1pm",23.850325,11.179385,48.71833,16.251961
"004","1pm",9.956428,11.042186,46.95374,32.047647
"005","1pm",29.092118,1.441539,40.50831,28.958033
"006","1pm",21.776812,7.913022,59.22198,11.088182
"007","1pm",22.422783,3.961407,41.63828,31.977528
"008","1pm",9.848672,4.118696,48.33725,37.695384
"009","1pm",17.852405,3.967415,38.42047,39.759715
"010","1pm",12.153983,20.567223,49.90357,17.375226
"011","1pm",8.47444,6.607493,49.21537,35.702696
"012","1pm",3.01649,6.659244,59.89148,30.432782
"013","1pm",9.538312,12.577115,53.75234,24.132234
"014","1pm",14.830495,5.849335,60.18225,19.137922
"015","1pm",6.648865,6.781461,52.24117,34.328507
"016","1pm",8.989826,6.455953,55.35451,29.19971
"017","1pm",6.164909,3.670122,67.08784,23.077132
"018","1pm",8.036312,4.314856,53.40805,34.240786
"019","1pm",6.155259,9.933255,50.74735,33.16414
"001","2pm",40.54317,6.128205,45.0797,8.248928
"002","2pm",13.015808,10.802528,48.03411,28.147553
"003","2pm",26.25518,10.023248,44.54817,19.173399
"004","2pm",7.240718,8.463457,56.20269,28.093139
"005","2pm",27.297402,4.439031,41.00038,27.263186
"006","2pm",24.825714,8.006775,54.45153,12.715983
"007","2pm",9.057424,4.970572,48.82966,37.142344
"008","2pm",9.179629,4.254257,52.36333,34.202787
"009","2pm",17.038749,3.046819,40.78653,39.127903
"010","2pm",9.925364,22.23721,49.78476,18.052664
"011","2pm",9.736458,6.409372,50.51542,33.33875
"012","2pm",6.760158,7.012594,57.97368,28.253564
"013","2pm",6.572629,12.579546,55.08218,25.765641
"014","2pm",17.845809,7.676846,55.65852,18.81882
"015","2pm",6.831761,8.974658,52.43659,31.756994
"016","2pm",8.139293,5.288815,55.37457,31.197325
"017","2pm",11.192513,3.559406,63.83992,21.408164
"018","2pm",7.32223,3.709998,53.11432,35.853448
"019","2pm",8.925072,7.342833,51.08754,32.644558
"001","3pm",38.904365,5.411659,45.44295,10.24103
"002","3pm",13.99718,8.457551,48.32501,29.22026
"003","3pm",25.178608,9.428394,44.4953,20.8977
"004","3pm",9.63349,11.572361,48.01112,30.78303
"005","3pm",23.99094,4.52165,45.22396,26.26345
"006","3pm",27.420924,8.171309,50.2627,14.14507
"007","3pm",9.052636,5.183176,49.48031,36.28388
"008","3pm",9.740122,4.245438,53.34469,32.66975
"009","3pm",14.648023,1.857755,43.77529,39.71894
"010","3pm",7.953142,20.018585,54.21166,17.81661
"011","3pm",6.444007,6.617764,52.52808,34.41015
"012","3pm",7.411735,6.664447,57.61602,28.3078
"013","3pm",9.998172,15.810039,54.2296,19.96219
"014","3pm",9.118009,3.811796,68.26505,18.80515
"015","3pm",5.993384,9.996419,53.80886,30.20133
"016","3pm",10.403197,5.796566,50.62363,33.1766
"017","3pm",11.250199,3.577751,62.85884,22.31321
"018","3pm",6.885598,4.355209,54.21177,34.54742
"019","3pm",9.695875,6.122576,49.85687,34.32468
"001","4pm",41.966418,5.39164,42.9572,9.684745
"002","4pm",12.45805,10.138448,50.15544,27.248063
"003","4pm",21.908174,11.322553,46.94934,19.819934
"004","4pm",18.354413,8.735966,43.6359,29.273717
"005","4pm",15.3532,7.372997,45.58274,31.691061
"006","4pm",26.212626,8.692936,50.88092,14.213518
"007","4pm",8.779128,4.964141,45.83945,40.417276
"008","4pm",16.629318,3.652359,49.28143,30.436889
"009","4pm",10.793182,2.794415,49.06997,37.342437
"010","4pm",5.555734,22.068304,54.43832,17.937643
"011","4pm",5.543351,5.090486,52.64442,36.721748
"012","4pm",12.195514,7.738127,55.82138,24.24498
"013","4pm",9.888085,14.92505,53.26675,21.920117
"014","4pm",10.248717,3.537313,68.52331,17.690665
"015","4pm",7.81881,9.638178,51.98532,30.557691
"016","4pm",12.58145,7.02121,53.7208,26.67654
"017","4pm",9.303273,1.579666,66.68915,22.427909
"018","4pm",9.454107,4.264134,53.8425,32.439257
"019","4pm",7.707017,8.110134,49.05246,35.130392
"001","5pm",41.880972,4.684678,41.13565,12.2987
"002","5pm",12.816557,8.055316,51.17219,27.95594
"003","5pm",18.029929,13.949949,49.17026,18.84987
"004","5pm",16.777651,12.181334,43.79631,27.2447
"005","5pm",11.410675,4.183837,50.89735,33.50814
"006","5pm",26.490602,5.344476,52.25538,15.90954
"007","5pm",17.358888,4.68237,40.82351,37.13523
"008","5pm",17.296767,3.897387,48.78876,30.01709
"009","5pm",12.193129,5.495024,43.3755,38.93635
"010","5pm",4.534409,21.10935,53.30126,21.05498
"011","5pm",9.585838,4.551015,53.52446,32.33869
"012","5pm",16.684694,5.029773,51.78502,26.50051
"013","5pm",7.384311,17.904585,53.68711,21.024
"014","5pm",10.672562,5.525104,65.21837,18.58397
"015","5pm",15.575851,5.303166,56.40908,22.7119
"016","5pm",12.42144,7.552403,58.11684,21.90932
"017","5pm",5.796486,8.192192,66.60254,19.40878
"018","5pm",9.103202,4.98141,56.84523,29.07015
"019","5pm",9.138634,12.13526,47.70178,31.02433
"001","6pm",47.888108,7.437329,34.35027,10.32429
"002","6pm",18.791889,10.251508,46.06941,24.88719
"003","6pm",16.752723,15.793602,52.05697,15.3967
"004","6pm",17.654349,8.832367,47.9532,25.56008
"005","6pm",8.689571,5.50953,51.00704,34.79386
"006","6pm",25.493009,5.91644,51.56689,17.02366
"007","6pm",14.900663,6.596321,37.95565,40.54736
"008","6pm",12.291465,3.320386,56.88902,27.49913
"009","6pm",13.945035,8.326422,42.4577,35.27084
"010","6pm",6.974313,15.845201,53.9345,23.24598
"011","6pm",10.23432,3.000405,54.63346,32.13182
"012","6pm",19.412687,5.246054,51.65682,23.68444
"013","6pm",9.607496,14.107838,53.02159,23.26308
"014","6pm",11.43954,8.319835,62.32928,17.91135
"015","6pm",13.763937,6.647263,57.92144,21.66736
"016","6pm",12.110929,6.672594,59.19599,22.02049
"017","6pm",10.624365,10.893809,55.09683,23.38499
"018","6pm",14.319407,5.43144,56.32761,23.92155
"019","6pm",11.006426,13.147699,46.27388,29.572
"001","7pm",51.061555,7.346969,31.10695,10.48453
"002","7pm",17.583382,10.941084,47.29868,24.17685
"003","7pm",13.935495,13.108675,57.2823,15.67353
"004","7pm",16.948157,9.472328,47.49261,26.0869
"005","7pm",12.280832,4.969489,49.42182,33.32786
"006","7pm",25.075105,7.084338,50.93218,16.90838
"007","7pm",12.911292,1.860753,42.30251,42.92545
"008","7pm",11.683657,3.482502,59.46929,25.36455
"009","7pm",12.823104,12.559454,41.64148,32.97596
"010","7pm",11.522499,13.827804,52.03903,22.61067
"011","7pm",11.466051,4.259423,51.58803,32.68649
"012","7pm",12.802566,6.722331,56.61903,23.85607
"013","7pm",9.596883,15.222856,51.04185,24.13841
"014","7pm",10.907885,8.01965,63.80737,17.26509
"015","7pm",11.399192,8.487674,60.63404,19.47909
"016","7pm",11.950884,8.21825,56.94595,22.88492
"017","7pm",9.974922,10.227895,58.44114,21.35604
"018","7pm",11.587258,8.560263,57.43899,22.41349
"019","7pm",10.764112,12.616739,46.19107,30.42808
"001","8pm",49.357712,7.903354,32.79615,9.942788
"002","8pm",18.228735,13.008781,45.7186,23.043885
"003","8pm",12.941454,12.945261,57.7764,16.336882
"004","8pm",11.764066,8.003203,51.32397,28.908755
"005","8pm",15.87478,5.888853,46.09424,32.142123
"006","8pm",29.077622,10.47176,44.83039,15.620225
"007","8pm",8.322956,7.193417,39.65767,44.825959
"008","8pm",11.74652,2.056773,60.08687,26.109835
"009","8pm",13.319534,8.989066,44.74673,32.944671
"010","8pm",11.333021,11.443512,54.94129,22.282175
"011","8pm",10.622155,5.774847,53.32221,30.280786
"012","8pm",14.013683,8.479557,56.66402,20.842743
"013","8pm",12.889855,13.401221,48.43517,25.273757
"014","8pm",10.872527,8.763628,61.70398,18.659869
"015","8pm",12.978598,8.703048,60.51442,17.803937
"016","8pm",12.06342,7.217152,57.61901,23.100415
"017","8pm",9.065829,9.295747,62.22872,19.409699
"018","8pm",9.814442,8.768054,58.82465,22.592856
"019","8pm",10.712867,9.180161,49.60869,30.49828
"001","9pm",51.885152,9.492099,29.40918,9.21357
"002","9pm",15.884789,11.294703,47.86225,24.95826
"003","9pm",10.964397,13.165348,58.98354,16.88671
"004","9pm",12.133129,9.168954,50.02941,28.6685
"005","9pm",12.255889,6.966288,47.48365,33.29418
"006","9pm",27.73872,9.219615,46.27731,16.76435
"007","9pm",7.828928,6.969311,41.77232,43.42944
"008","9pm",11.94649,3.539138,58.56548,25.94889
"009","9pm",10.758504,9.207252,45.48039,34.55386
"010","9pm",11.209611,11.480804,56.00354,21.30604
"011","9pm",11.636208,7.257247,52.09029,29.01625
"012","9pm",10.284389,9.147204,58.08459,22.48382
"013","9pm",15.33801,11.553003,48.10803,25.00096
"014","9pm",11.154528,6.245735,63.45589,19.14385
"015","9pm",9.396872,9.014458,63.14768,18.44099
"016","9pm",12.234907,7.024663,58.49865,22.24178
"017","9pm",8.865451,9.090287,63.06357,18.98069
"018","9pm",10.443996,7.502126,59.45147,22.60241
"019","9pm",17.495907,8.072501,47.61318,26.81842
"001","10pm",52.332092,10.314555,28.68094,8.672414
"002","10pm",15.055565,11.289766,48.70732,24.947345
"003","10pm",11.01684,13.228318,58.78736,16.967482
"004","10pm",15.832872,9.528313,48.20216,26.43666
"005","10pm",12.38233,7.038157,44.84108,35.738431
"006","10pm",33.818867,9.465971,41.40863,15.30653
"007","10pm",6.853413,6.712388,44.30843,42.125772
"008","10pm",11.734181,3.476241,58.48571,26.303867
"009","10pm",9.430288,9.409729,45.56018,35.599808
"010","10pm",13.250317,10.130845,55.46874,21.150094
"011","10pm",10.750245,7.046908,53.47623,28.726613
"012","10pm",10.997527,8.64238,57.68175,22.678346
"013","10pm",12.168655,11.784424,50.72202,25.324905
"014","10pm",10.624356,8.563595,62.5781,18.233949
"015","10pm",9.157162,9.877397,62.99487,17.970569
"016","10pm",12.298405,5.914576,59.42981,22.357212
"017","10pm",7.62104,9.029116,63.7763,19.573542
"018","10pm",12.056982,7.28719,58.70098,21.954849
"019","10pm",8.965239,8.784818,52.39313,29.856815
"001","11pm",53.180023,10.349574,27.76854,8.701858
"002","11pm",14.879482,11.157726,49.30722,24.655572
"003","11pm",14.855021,12.51876,56.56886,16.057358
"004","11pm",15.161702,9.428597,49.63045,25.779253
"005","11pm",12.715546,8.040993,45.5883,33.655165
"006","11pm",32.635701,9.820728,41.53398,16.009594
"007","11pm",6.734572,6.595992,44.34888,42.320559
"008","11pm",12.394759,3.335656,58.44157,25.828016
"009","11pm",9.469569,9.448924,45.56403,35.517472
"010","11pm",10.459216,10.693372,57.11145,21.735967
"011","11pm",10.637024,6.97269,53.56095,28.82934
"012","11pm",10.827646,8.508879,58.33544,22.32803
"013","11pm",11.689347,11.69902,51.47026,25.141372
"014","11pm",11.089039,8.460895,62.43479,18.015276
"015","11pm",9.320885,10.053997,61.46576,19.159358
"016","11pm",13.138695,5.821947,59.03228,22.007073
"017","11pm",8.599522,8.817613,63.46782,19.115041
"018","11pm",11.845759,7.159528,58.49292,22.50179
"019","11pm",9.517789,8.86704,51.47891,30.136263
"001","12pm",52.220833,11.020598,27.87853,8.880035
"002","12pm",14.879482,11.157726,49.30722,24.655572
"003","12pm",15.479184,12.383455,56.4699,15.667465
"004","12pm",13.226455,9.603919,50.91102,26.258611
"005","12pm",12.651701,8.00062,45.8615,33.486182
"006","12pm",32.747761,8.111826,42.80245,16.337967
"007","12pm",6.47231,9.873808,42.3797,41.274183
"008","12pm",13.67655,3.28685,57.58648,25.450115
"009","12pm",11.137816,9.274805,44.7244,34.862975
"010","12pm",10.842768,11.085511,55.84083,22.230895
"011","12pm",10.637024,6.97269,53.56095,28.82934
"012","12pm",10.827646,8.508879,58.33544,22.32803
"013","12pm",11.402266,13.168831,50.90498,24.523919
"014","12pm",11.089039,8.460895,62.43479,18.015276
"015","12pm",9.320885,10.053997,61.46576,19.159358
"016","12pm",13.138695,5.821947,59.03228,22.007073
"017","12pm",8.550235,8.767077,63.6772,19.005487
"018","12pm",11.758853,7.107002,58.79744,22.336704
"019","12pm",9.483244,8.834857,51.65502,30.026883
"001","1am",50.126439,12.229733,28.54993,9.093894
"002","1am",14.879482,11.157726,49.30722,24.655572
"003","1am",15.479184,12.383455,56.4699,15.667465
"004","1am",13.226455,9.603919,50.91102,26.258611
"005","1am",12.651701,8.00062,45.8615,33.486182
"006","1am",32.096802,8.242865,43.05844,16.601892
"007","1am",7.717902,9.742309,41.81529,40.724498
"008","1am",13.67655,3.28685,57.58648,25.450115
"009","1am",11.197082,9.324157,44.43027,35.048487
"010","1am",10.842768,11.085511,55.84083,22.230895
"011","1am",10.532146,8.133677,52.78909,28.545092
"012","1am",10.787958,8.477691,58.48816,22.246188
"013","1am",13.610083,12.84067,49.63645,23.912793
"014","1am",11.046802,8.428668,62.57787,17.946657
"015","1am",9.307739,9.069986,62.48994,19.132337
"016","1am",13.069009,5.791069,59.24957,21.890351
"017","1am",9.590282,8.66737,62.95301,18.78934
"018","1am",12.794202,7.023614,58.10756,22.074624
"019","1am",8.966566,8.845893,52.12315,30.064391
"001","2am",49.682863,12.338504,28.80386,9.174775
"002","2am",14.879482,11.157726,49.30722,24.655572
"003","2am",15.53426,12.427516,56.31501,15.723211
"004","2am",13.226455,9.603919,50.91102,26.258611
"005","2am",12.651701,8.00062,45.8615,33.486182
"006","2am",31.796191,9.887913,42.19678,16.119118
"007","2am",7.996799,6.480725,43.32634,42.196133
"008","2am",13.67655,3.28685,57.58648,25.450115
"009","2am",11.292072,9.403259,43.95885,35.345819
"010","2am",10.794888,11.036559,56.03583,22.132726
"011","2am",10.475597,8.090006,53.04257,28.391828
"012","2am",10.787958,8.477691,58.48816,22.246188
"013","2am",13.610083,12.84067,49.63645,23.912793
"014","2am",11.112755,8.478989,62.35445,18.053804
"015","2am",9.205479,8.970338,62.90205,18.922137
"016","2am",13.069009,5.791069,59.24957,21.890351
"017","2am",9.590282,8.66737,62.95301,18.78934
"018","2am",12.794202,7.023614,58.10756,22.074624
"019","2am",9.081711,8.959488,51.50834,30.450464
"001","3am",51.526144,11.886505,27.74868,8.838673
"002","3am",19.930458,10.495636,46.38137,23.192533
"003","3am",15.53426,12.427516,56.31501,15.723211
"004","3am",13.226455,9.603919,50.91102,26.258611
"005","3am",12.651701,8.00062,45.8615,33.486182
"006","3am",28.273665,10.398595,44.37612,16.951623
"007","3am",7.996799,6.480725,43.32634,42.196133
"008","3am",13.67655,3.28685,57.58648,25.450115
"009","3am",11.292072,9.403259,43.95885,35.345819
"010","3am",10.794888,11.036559,56.03583,22.132726
"011","3am",10.475597,8.090006,53.04257,28.391828
"012","3am",10.787958,8.477691,58.48816,22.246188
"013","3am",13.610083,12.84067,49.63645,23.912793
"014","3am",11.112755,8.478989,62.35445,18.053804
"015","3am",9.205479,8.970338,62.90205,18.922137
"016","3am",13.069009,5.791069,59.24957,21.890351
"017","3am",9.590282,8.66737,62.95301,18.78934
"018","3am",12.794202,7.023614,58.10756,22.074624
"019","3am",9.081711,8.959488,51.50834,30.450464
