"district","hour","cleduc1","cleduc2","cleduc3","cleduc4"
"001","4am",10.271803,17.976,35.45114,36.30106
"002","4am",19.830093,37.11342,23.17035,19.886141
"003","4am",23.73349,30.96403,24.66265,20.639827
"004","4am",13.63712,32.60498,25.89299,27.864908
"005","4am",14.59036,23.25656,27.87002,34.283056
"006","4am",7.179998,30.47488,24.72594,37.619173
"007","4am",11.019877,18.27916,33.06943,37.631537
"008","4am",18.361169,30.55902,30.38486,20.694944
"009","4am",21.89826,33.78404,22.9075,21.410201
"010","4am",15.318351,36.61089,28.4953,19.575458
"011","4am",18.871804,27.88137,28.10686,25.139961
"012","4am",8.277633,37.02782,34.0009,20.693648
"013","4am",14.296998,37.20423,25.7925,22.706271
"014","4am",10.168252,27.68305,46.20802,15.940683
"015","4am",18.319863,31.6406,22.04471,27.994833
"016","4am",21.68498,36.72878,31.6812,9.905041
"017","4am",18.767879,32.15615,29.95512,19.120855
"018","4am",16.672226,37.58336,20.31839,25.426023
"019","4am",23.9571,26.11401,25.55634,24.37255
"001","5am",9.955388,20.50268,34.3591,35.18283
"002","5am",19.918777,36.83218,23.27397,19.97507
"003","5am",22.244014,31.86539,24.37843,21.51217
"004","5am",13.436975,32.12646,26.98062,27.45595
"005","5am",14.735738,23.48829,28.14771,33.62826
"006","5am",8.397071,29.95108,25.42842,36.22343
"007","5am",11.019877,18.27916,33.06943,37.63154
"008","5am",18.367116,30.53653,30.3947,20.70165
"009","5am",22.121812,33.10806,23.14135,21.62877
"010","5am",15.068391,36.64124,28.03032,20.26005
"011","5am",19.215451,28.38908,28.61868,23.77679
"012","5am",8.540134,38.20205,32.99816,20.25966
"013","5am",14.917072,37.02593,25.07658,22.98042
"014","5am",9.943235,27.11598,47.35286,15.58793
"015","5am",18.203221,32.07584,21.90435,27.81659
"016","5am",22.011647,37.89878,30.03532,10.05425
"017","5am",19.002091,30.90509,31.59236,18.50046
"018","5am",17.185059,37.02987,19.57695,26.20812
"019","5am",23.544813,26.25975,26.53256,23.66288
"001","6am",8.535315,20.10235,37.00241,34.35992
"002","6am",20.642139,36.90633,21.75105,20.70048
"003","6am",23.244666,29.32842,24.94701,22.4799
"004","6am",13.382332,33.99188,27.41773,25.20806
"005","6am",14.597877,25.28453,26.86717,33.25042
"006","6am",9.656126,32.04097,20.35508,37.94782
"007","6am",10.892884,19.53771,32.37153,37.19787
"008","6am",19.255601,29.05944,30.02565,21.65931
"009","6am",21.658548,32.35964,23.84359,22.13822
"010","6am",15.09216,36.62712,27.98872,20.29201
"011","6am",19.215451,28.38908,28.61868,23.77679
"012","6am",8.834569,36.961,33.24629,20.95814
"013","6am",15.44651,38.37163,22.38581,23.79604
"014","6am",8.695464,25.4758,51.21929,14.60944
"015","6am",19.072979,30.45656,22.64887,27.82158
"016","6am",20.51031,38.34987,30.43944,10.70038
"017","6am",18.456339,29.72017,32.54997,19.27352
"018","6am",18.118062,36.00504,19.20602,26.67088
"019","6am",23.400017,25.19418,27.32792,24.07788
"001","7am",8.156055,22.18967,31.47219,38.182091
"002","7am",22.147095,36.08641,25.10656,16.659931
"003","7am",23.226917,28.37697,23.52839,24.867723
"004","7am",13.717414,37.54279,27.62231,21.117488
"005","7am",10.675052,27.96318,26.04685,35.314923
"006","7am",10.470702,29.74661,23.51039,36.272299
"007","7am",11.448915,23.21518,31.30069,34.035212
"008","7am",20.210633,31.68978,32.95561,15.143974
"009","7am",23.985096,32.05439,21.4628,22.497715
"010","7am",13.131707,36.99926,34.58323,15.285798
"011","7am",22.743002,26.73158,29.40377,21.12165
"012","7am",9.862832,33.92382,33.33381,22.879536
"013","7am",15.242192,40.86917,23.25132,20.637313
"014","7am",10.089686,26.67848,49.08635,14.145489
"015","7am",24.184026,22.27505,24.1266,29.414318
"016","7am",22.283003,38.33249,30.44433,8.940175
"017","7am",16.686531,23.0988,23.17968,37.034982
"018","7am",19.921471,36.89582,18.63995,24.54275
"019","7am",23.037532,31.63035,22.94477,22.387348
"001","8am",7.565058,21.52127,27.48564,43.428035
"002","8am",22.503518,34.35346,29.68902,13.454001
"003","8am",26.076867,31.31939,22.53099,20.072753
"004","8am",13.750524,41.12188,27.01273,18.114872
"005","8am",12.184354,27.98787,24.46533,35.362444
"006","8am",9.035459,29.09419,28.08393,33.786414
"007","8am",12.059895,26.4062,30.54126,30.99265
"008","8am",24.024443,35.10693,25.43364,15.434983
"009","8am",26.658928,33.37739,20.67256,19.291118
"010","8am",11.860879,30.73448,40.42588,16.978757
"011","8am",22.586918,28.05467,32.4713,16.887111
"012","8am",11.43038,43.61923,27.01946,17.930929
"013","8am",15.871003,41.52589,18.87793,23.725179
"014","8am",8.271849,24.83756,53.34252,13.548067
"015","8am",31.136655,26.97505,19.82697,22.061329
"016","8am",24.553731,41.06646,24.88276,9.497045
"017","8am",20.229291,23.96742,14.90894,40.894353
"018","8am",22.257621,36.8953,18.8931,21.953986
"019","8am",21.838761,29.91597,23.77505,24.470215
"001","9am",7.261848,20.69923,29.98576,42.053161
"002","9am",24.520566,30.6384,27.92641,16.914621
"003","9am",24.856618,33.0365,20.81127,21.295607
"004","9am",13.83681,36.8096,26.17007,23.183526
"005","9am",11.761754,27.09297,28.24678,32.89849
"006","9am",7.685178,31.47314,29.67326,31.16842
"007","9am",10.789006,25.29734,34.4083,29.505349
"008","9am",23.788284,32.04121,25.40923,18.761279
"009","9am",28.288936,34.59682,22.12152,14.992719
"010","9am",12.551659,33.02078,39.46785,14.959711
"011","9am",23.122879,30.79976,30.55182,15.525544
"012","9am",12.967395,40.20364,29.1112,17.717762
"013","9am",15.577007,42.20712,18.11432,24.101555
"014","9am",10.100724,24.36142,53.98664,11.551218
"015","9am",33.144708,26.42687,18.14615,22.28227
"016","9am",22.705342,38.56067,29.49961,9.234373
"017","9am",20.91264,24.32102,10.75773,44.008611
"018","9am",23.481313,38.78856,18.13723,19.592896
"019","9am",21.087132,31.93166,22.17283,24.808378
"001","10am",6.228585,20.13887,30.940291,42.69226
"002","10am",23.006459,29.91322,27.23675,19.84358
"003","10am",26.125315,32.60054,19.194551,22.07959
"004","10am",17.342589,34.78147,27.812793,20.06315
"005","10am",9.690357,30.39945,25.914646,33.99554
"006","10am",7.407297,31.47034,30.591251,30.53112
"007","10am",9.637639,24.16468,36.829991,29.36769
"008","10am",22.516747,34.13267,23.127403,20.22318
"009","10am",30.879308,33.08297,19.934715,16.103
"010","10am",10.199094,36.7058,38.865654,14.22945
"011","10am",24.068891,29.70273,25.354248,20.87413
"012","10am",12.282232,43.70816,29.778499,14.2311
"013","10am",15.239335,40.76145,18.744421,25.25479
"014","10am",9.202102,25.32177,53.365241,12.11088
"015","10am",30.092126,25.69087,21.651065,22.56594
"016","10am",21.781558,37.51656,30.639658,10.06223
"017","10am",22.090274,25.44188,9.795749,42.6721
"018","10am",24.841385,38.79726,17.098225,19.26313
"019","10am",23.661509,28.98247,21.228256,26.12776
"001","11am",6.470211,20.91246,31.22175,41.39558
"002","11am",23.138543,31.06572,31.14396,14.65178
"003","11am",27.462904,31.17305,21.29103,20.07302
"004","11am",15.633099,36.20287,25.62564,22.53839
"005","11am",14.006356,29.29941,25.81964,30.87459
"006","11am",8.214803,29.23767,32.36567,30.18185
"007","11am",11.994526,27.84068,32.45372,27.71108
"008","11am",22.689595,30.64472,27.80128,18.8644
"009","11am",28.541266,34.24947,21.63179,15.57748
"010","11am",11.711623,41.01064,33.15623,14.1215
"011","11am",23.087063,30.2267,26.39207,20.29416
"012","11am",10.164854,46.85463,26.46725,16.51326
"013","11am",16.480996,40.51472,19.77762,23.22667
"014","11am",9.413277,23.21211,54.47725,12.89736
"015","11am",34.632349,27.25154,17.61586,20.50025
"016","11am",20.685516,37.13838,31.69558,10.48053
"017","11am",20.951856,23.84195,11.07304,44.13316
"018","11am",21.525499,39.06967,17.22954,22.17529
"019","11am",21.179986,30.99351,21.82441,26.0021
"001","12am",6.325097,18.17166,33.81168,41.691568
"002","12am",18.8894,32.77712,30.01105,18.322427
"003","12am",25.944242,29.57135,24.49565,19.988758
"004","12am",13.53634,37.03819,26.92261,22.502859
"005","12am",14.216234,28.18161,24.60746,32.994697
"006","12am",7.407175,32.12894,30.66686,29.797022
"007","12am",12.574801,23.15676,31.1297,33.138735
"008","12am",20.601978,31.82016,23.72674,23.851119
"009","12am",26.984761,35.79806,20.46405,16.753131
"010","12am",12.582638,39.99691,30.36138,17.059081
"011","12am",22.121712,30.47668,25.72045,21.681158
"012","12am",7.813477,38.15534,31.50014,22.531048
"013","12am",15.704343,41.99862,23.13371,19.163328
"014","12am",10.487343,25.88079,54.29985,9.33201
"015","12am",30.872875,28.97744,16.23532,23.91437
"016","12am",23.38848,32.72124,34.08191,9.808375
"017","12am",28.408366,35.40002,22.79188,13.399732
"018","12am",23.339999,39.37529,14.0879,23.196811
"019","12am",23.513823,26.65636,25.36714,24.462673
"001","1pm",7.59736,23.354,27.38334,41.6653
"002","1pm",24.086955,33.82389,27.24704,14.84212
"003","1pm",26.537938,29.49302,26.10438,17.86467
"004","1pm",16.077856,39.6344,26.67603,17.61171
"005","1pm",13.252143,29.01644,29.40203,28.32939
"006","1pm",8.698162,23.61382,33.55719,34.13082
"007","1pm",10.277833,35.84643,30.47499,23.40075
"008","1pm",23.590931,39.77294,22.74021,13.89592
"009","1pm",27.329442,33.87208,20.86446,17.93402
"010","1pm",10.381424,36.18486,38.66877,14.76495
"011","1pm",22.873313,28.99779,26.34594,21.78295
"012","1pm",9.690094,38.33407,33.12793,18.84791
"013","1pm",14.453796,39.76119,18.50151,27.28351
"014","1pm",9.750092,25.04619,53.91948,11.28424
"015","1pm",31.410611,27.03321,16.33542,25.22076
"016","1pm",25.190883,37.21455,26.0545,11.54007
"017","1pm",20.936525,23.51418,16.30827,39.24103
"018","1pm",25.316715,42.27532,15.69762,16.71034
"019","1pm",20.922426,25.98203,25.00389,28.09165
"001","2pm",8.3459,21.24263,28.14899,42.26248
"002","2pm",23.179671,37.88292,23.85392,15.08349
"003","2pm",30.584031,32.32704,22.87549,14.21343
"004","2pm",15.373721,29.88283,28.52961,26.21384
"005","2pm",13.785595,30.99038,27.95367,27.27035
"006","2pm",9.135167,26.4564,33.41843,30.99
"007","2pm",11.997999,26.59902,36.42712,24.97585
"008","2pm",18.710987,41.37497,24.00923,15.90481
"009","2pm",27.309457,36.4333,18.80783,17.44941
"010","2pm",9.459467,36.77294,39.44126,14.32633
"011","2pm",22.453853,29.11991,26.59512,21.83112
"012","2pm",12.504869,41.22628,30.52109,15.74776
"013","2pm",14.202792,39.22904,22.72315,23.84503
"014","2pm",6.801964,23.65165,57.12756,12.41882
"015","2pm",29.205109,29.78749,16.6955,24.31191
"016","2pm",25.373253,39.7895,20.98075,13.8565
"017","2pm",20.059136,24.76351,15.84886,39.3285
"018","2pm",23.966934,40.28857,16.30044,19.44405
"019","2pm",22.786016,26.50743,22.93599,27.77057
"001","3pm",9.764702,19.27546,28.95101,42.00883
"002","3pm",17.702169,38.08015,29.11881,15.09887
"003","3pm",25.252502,35.83041,24.64283,14.27426
"004","3pm",18.306724,33.91272,22.22346,25.5571
"005","3pm",14.728629,26.95961,29.21556,29.0962
"006","3pm",8.996905,25.09868,35.3742,30.53021
"007","3pm",13.6988,23.04734,36.39136,26.8625
"008","3pm",20.77367,42.52328,20.26871,16.43434
"009","3pm",26.976039,36.0697,20.62933,16.32493
"010","3pm",10.418822,35.1108,40.1333,14.33707
"011","3pm",22.829025,30.02081,27.45494,19.69523
"012","3pm",12.774507,34.58735,35.4252,17.21295
"013","3pm",12.41853,38.24538,24.37298,24.96311
"014","3pm",11.934072,26.51324,46.59973,14.95295
"015","3pm",29.100908,30.22111,17.65333,23.02466
"016","3pm",24.180769,40.35235,21.25135,14.21553
"017","3pm",21.022163,25.8321,15.06867,38.07707
"018","3pm",24.981547,41.32281,17.05919,16.63645
"019","3pm",20.568969,27.21941,24.46454,27.74707
"001","4pm",8.786449,18.70846,31.8667,40.63839
"002","4pm",22.165204,37.0627,28.7967,11.97539
"003","4pm",26.231446,35.43613,23.49691,14.83552
"004","4pm",17.144583,31.42619,33.04255,18.38668
"005","4pm",16.153684,25.78748,24.71637,33.34247
"006","4pm",10.288193,26.79852,30.14955,32.76374
"007","4pm",12.546636,24.85396,36.20758,26.39182
"008","4pm",19.567475,39.86288,24.06349,16.50616
"009","4pm",25.041019,36.21152,17.01362,21.73384
"010","4pm",11.081541,37.56639,34.25509,17.09697
"011","4pm",23.528989,32.3783,24.12218,19.97053
"012","4pm",11.199988,36.77562,34.15278,17.87161
"013","4pm",12.223666,37.85202,26.27158,23.65274
"014","4pm",9.884492,22.84591,48.84779,18.42181
"015","4pm",27.841951,26.35279,20.0758,25.72946
"016","4pm",25.135986,37.67444,24.24265,12.94693
"017","4pm",19.672343,27.0573,16.28545,36.98491
"018","4pm",23.764927,44.58067,13.42594,18.22846
"019","4pm",19.447743,30.571,21.20584,28.77542
"001","5pm",9.789504,18.52674,34.30032,37.38344
"002","5pm",22.901729,36.29874,27.34064,13.45888
"003","5pm",28.192982,32.64738,26.72655,12.43309
"004","5pm",15.64565,30.8151,30.16212,23.37713
"005","5pm",13.598315,26.63127,26.10603,33.66439
"006","5pm",9.081025,28.46327,30.31759,32.13811
"007","5pm",15.454,18.06299,36.798,29.685
"008","5pm",15.726396,42.37949,26.90027,14.99384
"009","5pm",24.882932,34.07527,21.57227,19.46952
"010","5pm",13.343497,37.67786,32.74712,16.23152
"011","5pm",20.232928,35.77071,22.09294,21.90343
"012","5pm",11.249209,36.9808,34.27149,17.49851
"013","5pm",12.694298,32.95984,25.85545,28.49041
"014","5pm",11.027665,24.18566,48.23908,16.54759
"015","5pm",22.106735,28.59714,24.30665,24.98947
"016","5pm",22.689141,33.67704,27.77701,15.85681
"017","5pm",16.858041,31.42467,18.53253,33.18475
"018","5pm",21.419937,44.65001,13.39944,20.53061
"019","5pm",22.731881,24.26529,25.49343,27.5094
"001","6pm",7.861339,20.68596,40.09947,31.35323
"002","6pm",20.287094,28.10512,32.16061,19.44718
"003","6pm",26.142083,31.88692,23.91828,18.05272
"004","6pm",14.79702,31.898,28.16893,25.13605
"005","6pm",12.618241,27.54523,23.3916,36.44493
"006","6pm",8.309888,29.51574,28.00272,34.17165
"007","6pm",12.366019,16.15117,38.14646,33.33635
"008","6pm",16.718641,36.37813,26.10439,20.79883
"009","6pm",23.13591,31.55095,23.6397,21.67343
"010","6pm",15.756398,38.52367,26.34454,19.3754
"011","6pm",18.348083,35.48045,23.2254,22.94607
"012","6pm",11.138705,32.44363,37.40682,19.01084
"013","6pm",13.623928,36.35297,23.26078,26.76233
"014","6pm",10.821273,24.03498,48.13321,17.01054
"015","6pm",21.869255,31.5725,21.55736,25.00089
"016","6pm",21.270128,34.75083,28.5601,15.41894
"017","6pm",20.879913,37.9515,27.76511,13.40347
"018","6pm",16.452719,45.89584,15.81734,21.8341
"019","6pm",22.346793,25.20868,27.26237,25.18216
"001","7pm",9.913346,20.00846,36.82888,33.24931
"002","7pm",19.737093,29.68838,32.30122,18.27331
"003","7pm",24.853746,30.18078,25.73567,19.2298
"004","7pm",14.910252,31.01609,28.84271,25.23094
"005","7pm",13.340652,27.24448,25.23821,34.17666
"006","7pm",7.33253,33.73221,25.85352,33.08173
"007","7pm",11.97493,17.76037,31.71184,38.55286
"008","7pm",17.057076,34.6401,27.92323,20.37959
"009","7pm",21.334458,30.73458,28.16602,19.76495
"010","7pm",16.469908,37.70141,28.87464,16.95404
"011","7pm",19.794221,32.6796,25.73392,21.79226
"012","7pm",8.705679,37.19446,35.36172,18.73814
"013","7pm",14.576164,36.93734,24.52002,23.96647
"014","7pm",9.9852,25.09394,47.64157,17.27929
"015","7pm",19.840796,30.41837,20.67396,29.06687
"016","7pm",22.240219,35.12932,28.50161,14.12885
"017","7pm",19.522844,35.50985,30.90346,14.06385
"018","7pm",15.805957,39.26364,18.57972,26.35068
"019","7pm",22.124259,24.02507,28.15722,25.69345
"001","8pm",9.855363,19.08093,36.22056,34.84315
"002","8pm",20.182984,29.14376,29.28861,21.38465
"003","8pm",23.667511,32.11524,25.31573,18.90152
"004","8pm",16.47442,34.97408,24.56716,23.98434
"005","8pm",14.129141,24.15802,25.94012,35.77272
"006","8pm",6.082746,26.22689,31.2342,36.45616
"007","8pm",10.290188,16.9147,33.328,39.46711
"008","8pm",17.161627,38.46589,26.4411,17.93139
"009","8pm",24.187136,34.11673,20.17225,21.52389
"010","8pm",16.538984,35.44615,25.17856,22.8363
"011","8pm",18.220104,31.00956,28.37118,22.39915
"012","8pm",7.908146,36.22644,35.29764,20.56778
"013","8pm",15.323621,37.70303,26.31953,20.65382
"014","8pm",10.251165,27.6401,46.5939,15.51483
"015","8pm",18.523314,31.99198,23.14698,26.33772
"016","8pm",22.844136,34.54281,30.77294,11.84012
"017","8pm",18.336424,32.6128,29.93626,19.11451
"018","8pm",15.870185,37.94416,20.10345,26.08221
"019","8pm",23.770753,25.04722,26.09534,25.08669
"001","9pm",9.97197,17.19912,37.51939,35.30952
"002","9pm",21.57962,31.20332,26.89098,20.32608
"003","9pm",23.93602,30.78811,26.15991,19.11596
"004","9pm",16.200343,34.34111,24.08998,25.36857
"005","9pm",15.311746,22.57639,25.22215,36.88971
"006","9pm",6.361929,29.52638,26.63569,37.47599
"007","9pm",9.922095,18.80145,32.83742,38.43903
"008","9pm",16.770212,37.58073,26.44274,19.20633
"009","9pm",24.066331,34.83091,20.74658,20.35618
"010","9pm",16.340659,34.2134,24.87664,24.56931
"011","9pm",17.400731,30.68636,28.665,23.24791
"012","9pm",8.170934,36.96855,37.02822,17.8323
"013","9pm",15.588869,37.36128,27.9941,19.05575
"014","9pm",10.234048,28.29662,44.11217,17.35716
"015","9pm",18.431766,30.6494,23.46768,27.45116
"016","9pm",22.28629,35.91868,30.64324,11.15179
"017","9pm",18.474581,32.18843,29.80372,19.53327
"018","9pm",16.074174,38.2679,20.03655,25.62137
"019","9pm",20.773084,23.5098,32.80789,22.90923
"001","10pm",9.773859,16.85743,36.88341,36.485302
"002","10pm",21.372693,31.53752,26.16786,20.921926
"003","10pm",23.65383,30.9467,24.94268,20.456798
"004","10pm",15.726181,33.14697,25.29361,25.833237
"005","10pm",14.487475,22.83244,25.48907,37.191011
"006","10pm",6.224278,30.58652,28.9072,34.282008
"007","10pm",9.60848,18.89119,33.02182,38.478512
"008","10pm",17.589051,36.84956,25.92827,19.633128
"009","10pm",22.728143,33.34837,22.983,20.940482
"010","10pm",16.481921,34.04254,25.41859,24.056948
"011","10pm",17.348968,29.55646,28.92487,24.169706
"012","10pm",7.854476,35.79233,34.85647,21.496719
"013","10pm",14.978181,37.38964,27.82003,19.812147
"014","10pm",10.37012,26.92767,45.87264,16.829574
"015","10pm",17.93589,29.82483,23.92143,28.317852
"016","10pm",22.416301,35.82892,31.81353,9.941251
"017","10pm",18.343372,30.7094,30.35256,20.594662
"018","10pm",16.746627,37.55499,19.82227,25.876107
"019","10pm",23.159491,27.00033,24.9266,24.913586
"001","11pm",10.621132,17.68491,32.37284,39.321119
"002","11pm",21.631998,31.12961,26.29288,20.945503
"003","11pm",23.022594,32.21,24.27704,20.490361
"004","11pm",15.02109,32.56644,25.39765,27.014827
"005","11pm",14.918443,23.00446,25.61672,36.460376
"006","11pm",6.5383,30.74693,27.65415,35.060622
"007","11pm",10.101119,18.53995,33.07915,38.279784
"008","11pm",17.219696,34.4696,28.90232,19.408385
"009","11pm",22.431855,33.44764,23.08609,21.034409
"010","11pm",15.347254,34.78962,26.19938,23.663746
"011","11pm",17.586529,29.22418,28.59969,24.589597
"012","11pm",8.451445,35.17869,35.24169,21.128169
"013","11pm",14.794101,37.57746,27.47813,20.150311
"014","11pm",10.229901,27.23115,45.25237,17.28658
"015","11pm",18.274421,30.38775,22.48549,28.852337
"016","11pm",22.143692,36.60932,31.42663,9.820353
"017","11pm",18.776336,30.32094,30.56858,20.334147
"018","11pm",16.936402,36.8181,19.83373,26.41176
"019","11pm",23.508979,27.40777,25.30275,23.780495
"001","12pm",10.451497,17.6991,33.1563,38.693103
"002","12pm",21.631998,31.12961,26.29288,20.945503
"003","12pm",22.946519,32.46983,24.40243,20.181225
"004","12pm",14.961798,32.83262,25.2974,26.908191
"005","12pm",14.835685,22.87684,26.02936,36.258116
"006","12pm",6.64951,28.51493,27.86989,36.965675
"007","12pm",10.323869,21.54728,31.44294,36.68591
"008","12pm",17.219696,34.4696,28.90232,19.408385
"009","12pm",22.431855,33.44764,23.08609,21.034409
"010","12pm",15.336383,36.1759,27.24337,21.244347
"011","12pm",17.586529,29.22418,28.59969,24.589597
"012","12pm",8.451445,35.17869,35.24169,21.128169
"013","12pm",14.394917,36.55708,26.73669,22.311306
"014","12pm",10.229901,27.23115,45.25237,17.28658
"015","12pm",18.274421,30.38775,22.48549,28.852337
"016","12pm",22.143692,36.60932,31.42663,9.820353
"017","12pm",18.66155,30.74691,30.3817,20.209838
"018","12pm",16.797355,37.33682,19.6709,26.194921
"019","12pm",23.417332,27.30093,25.20411,24.077626
"001","1am",10.396638,17.6062,31.61492,40.382245
"002","1am",21.631998,31.12961,26.29288,20.945503
"003","1am",22.946519,32.46983,24.40243,20.181225
"004","1am",14.961798,32.83262,25.2974,26.908191
"005","1am",14.835685,22.87684,26.02936,36.258116
"006","1am",6.772096,28.53996,27.04079,37.647152
"007","1am",10.176997,21.24074,32.41826,36.164001
"008","1am",17.219696,34.4696,28.90232,19.408385
"009","1am",22.562869,33.643,22.63687,21.157261
"010","1am",15.336383,36.1759,27.24337,21.244347
"011","1am",18.713335,28.65679,28.29889,24.330978
"012","1am",8.417077,35.44229,35.09838,21.04225
"013","1am",14.394917,36.55708,26.73669,22.311306
"014","1am",10.18599,27.11426,45.48737,17.212379
"015","1am",18.247215,30.34251,22.45201,28.958257
"016","1am",22.011296,36.39044,31.83663,9.761638
"017","1am",18.435338,31.58639,30.01342,19.964858
"018","1am",16.577113,37.36895,20.20248,25.85146
"019","1am",23.448753,26.76984,25.67148,24.109933
"001","2am",10.396638,17.6062,31.61492,40.382245
"002","2am",21.631998,31.12961,26.29288,20.945503
"003","2am",23.037669,32.59881,24.10213,20.261391
"004","2am",14.961798,32.83262,25.2974,26.908191
"005","2am",14.835685,22.87684,26.02936,36.258116
"006","2am",7.042697,29.95423,26.33648,36.666588
"007","2am",10.570815,18.193,33.67275,37.563435
"008","2am",17.219696,34.4696,28.90232,19.408385
"009","2am",21.841218,33.95652,22.84783,21.35443
"010","2am",15.262821,36.00238,27.59235,21.142447
"011","2am",18.606196,28.49272,28.13687,24.764208
"012","2am",8.417077,35.44229,35.09838,21.04225
"013","2am",14.394917,36.55708,26.73669,22.311306
"014","2am",10.254574,27.29683,45.79365,16.65495
"015","2am",18.035726,31.14986,22.19179,28.622625
"016","2am",22.011296,36.39044,31.83663,9.761638
"017","2am",18.435338,31.58639,30.01342,19.964858
"018","2am",16.577113,37.36895,20.20248,25.85146
"019","2am",23.772515,25.75873,26.02593,24.442823
"001","3am",9.770918,16.54657,35.73066,37.951846
"002","3am",20.221305,35.62088,24.57824,19.579578
"003","3am",23.037669,32.59881,24.10213,20.261391
"004","3am",14.961798,32.83262,25.2974,26.908191
"005","3am",14.835685,22.87684,26.02936,36.258116
"006","3am",7.425045,28.91825,24.99949,38.657219
"007","3am",10.570815,18.193,33.67275,37.563435
"008","3am",17.219696,34.4696,28.90232,19.408385
"009","3am",21.841218,33.95652,22.84783,21.35443
"010","3am",15.262821,36.00238,27.59235,21.142447
"011","3am",18.606196,28.49272,28.13687,24.764208
"012","3am",8.417077,35.44229,35.09838,21.04225
"013","3am",14.394917,36.55708,26.73669,22.311306
"014","3am",10.254574,27.29683,45.79365,16.65495
"015","3am",18.035726,31.14986,22.19179,28.622625
"016","3am",22.011296,36.39044,31.83663,9.761638
"017","3am",18.435338,31.58639,30.01342,19.964858
"018","3am",16.577113,37.36895,20.20248,25.85146
"019","3am",23.772515,25.75873,26.02593,24.442823
