"district","hour","cs1","cs2","cs3","cs4","cs5"
"101","4am",7.0203914,6.532831,14.712216,17.4674,54.26716
"102","4am",8.1343881,2.497669,21.695338,28.30862,39.363988
"103","4am",3.2892337,4.612222,31.993062,25.96609,34.139398
"104","4am",5.5450023,14.602111,26.859209,24.03429,28.959383
"105","4am",3.1762752,12.086773,21.615598,24.43707,38.684282
"106","4am",1.9143486,15.861729,25.009663,29.13394,28.08032
"107","4am",3.8719406,4.209818,23.940189,21.39011,46.58794
"108","4am",7.6602429,14.468063,33.471507,18.82919,25.571
"109","4am",12.5960128,23.443204,47.910815,10.39064,5.659333
"110","4am",6.7142179,9.778794,40.797517,22.06862,20.640855
"111","4am",8.9683706,17.885792,39.034208,17.39465,16.716975
"112","4am",5.7096276,25.594094,32.087342,16.30863,20.300307
"113","4am",4.045507,13.02588,33.915853,28.79037,20.222391
"114","4am",22.0151032,33.537791,29.075451,12.21118,3.160471
"115","4am",3.158663,20.632901,30.791613,27.78044,17.636382
"116","4am",5.7193987,18.67164,31.513016,26.16872,17.927226
"117","4am",10.1622185,22.313716,35.269975,22.23891,10.015185
"118","4am",5.2908827,15.742987,21.404059,41.35869,16.203381
"119","4am",5.1471134,7.954821,18.673573,30.02302,38.201472
"120","4am",3.5024616,6.378015,21.889966,35.15878,33.070776
"121","4am",2.8515449,16.415799,28.840433,27.07741,24.814815
"122","4am",4.2355575,13.113646,30.922056,23.93778,27.790963
"123","4am",6.0068897,23.056558,33.594339,21.36567,15.976547
"124","4am",8.6090217,24.083801,35.018756,22.1922,10.096223
"125","4am",7.7519222,38.642535,37.533655,14.61627,1.455617
"126","4am",13.7676646,18.320173,29.611076,24.4504,13.850684
"127","4am",5.3025845,13.968691,27.480159,24.15163,29.096938
"128","4am",6.1130286,16.251991,47.156495,15.60054,14.877941
"129","4am",22.1567852,13.15096,34.872567,21.18626,8.633426
"130","4am",6.096062,23.49476,32.164218,21.49622,16.748742
"131","4am",7.0600063,16.770354,17.8233,33.40686,24.93948
"132","4am",8.7641657,26.616604,25.94619,24.55781,14.115231
"133","4am",3.009703,3.669363,19.885932,31.72182,41.713177
"134","4am",3.3082646,17.891502,30.187588,31.05374,17.558907
"135","4am",3.8831488,12.962759,28.710108,34.71621,19.727774
"136","4am",8.5078899,1.827502,9.602645,39.2895,40.77246
"137","4am",7.7149451,11.762908,37.283641,27.5919,15.646605
"138","4am",4.6488284,7.998712,21.682595,39.58523,26.084636
"139","4am",8.4441989,17.453817,35.318704,21.78239,17.000887
"140","4am",4.7549837,17.659033,15.828289,29.65696,32.100731
"141","4am",7.3360946,10.832531,26.673513,32.31064,22.847219
"142","4am",5.0048201,13.820136,26.035789,31.07126,24.067995
"143","4am",3.1177423,15.002751,33.944135,27.66726,20.268115
"201","4am",3.978856,29.644091,29.836453,25.19679,11.343811
"202","4am",4.7393697,28.165686,26.19087,31.36201,9.542064
"203","4am",5.4424715,22.742021,21.262982,37.4758,13.076723
"204","4am",6.3475469,33.046299,21.969252,31.76149,6.875413
"205","4am",3.2574572,33.542895,29.181282,30.17062,3.847749
"301","4am",2.5361988,8.974173,13.327892,33.37,41.791735
"302","4am",6.4258676,7.071871,12.046448,24.23826,50.217554
"303","4am",4.0562991,7.241542,11.46672,33.17264,44.0628
"304","4am",5.1053966,15.612957,33.108693,28.18142,17.991532
"305","4am",2.8368658,7.441912,19.944334,31.47027,38.306614
"306","4am",4.435287,15.712543,22.294597,44.41822,13.139351
"307","4am",3.3996463,13.654892,22.726616,22.7125,37.506348
"308","4am",2.2834337,10.733132,14.933063,47.58907,24.4613
"309","4am",11.9265111,21.61356,21.946835,29.91458,14.598511
"310","4am",4.3882804,15.046576,20.457132,37.21371,22.894302
"311","4am",1.1048231,6.053105,21.273515,32.68864,38.879921
"312","4am",3.844711,21.91472,22.253931,28.22766,23.758976
"313","4am",4.3067279,26.492692,24.520972,23.09228,21.587328
"314","4am",3.9370767,19.034124,23.600602,37.99225,15.435947
"401","4am",3.2392331,9.113581,22.232695,35.97757,29.436923
"402","4am",5.4421184,27.6684,22.44734,27.36853,17.073613
"403","4am",2.7520049,24.955856,28.203335,28.72818,15.360623
"501","4am",4.8508458,20.936627,27.154911,37.01314,10.044473
"502","4am",3.8218541,14.057942,23.573061,38.29257,20.254575
"503","4am",6.0080663,33.110732,35.663296,18.72358,6.494325
"504","4am",4.5311605,14.280535,21.458988,43.75526,15.974058
"505","4am",2.4395615,7.356832,15.270029,45.75099,29.18259
"506","4am",4.78027,11.767722,17.533103,39.99528,25.923621
"507","4am",3.4615929,17.537308,30.267575,30.52603,18.207499
"508","4am",6.2833433,20.277511,30.364364,27.85756,15.217224
"509","4am",3.9086332,15.967195,19.226772,30.08296,30.814441
"510","4am",1.9732096,16.918976,21.679528,42.64124,16.787049
"511","4am",3.8892311,20.095761,17.634362,40.87179,17.508852
"512","4am",2.2220407,16.93088,22.434017,40.63752,17.77554
"513","4am",3.0552607,23.335172,31.361153,31.85589,10.392525
"514","4am",5.2869248,21.251534,27.812227,35.21111,10.438201
"515","4am",6.0526569,23.202748,27.18422,30.61307,12.94731
"516","4am",3.6995387,32.208886,25.691365,21.87377,16.526435
"517","4am",4.8963678,11.664569,19.969537,42.36865,21.100874
"518","4am",0.8234618,32.34087,27.475304,33.49881,5.861552
"519","4am",2.0178999,11.402761,21.501249,49.3595,15.718591
"601","4am",2.3839216,25.058957,32.808624,35.51252,4.235982
"602","4am",6.0757799,31.649788,28.712305,27.88085,5.681281
"603","4am",3.490092,24.099632,26.485259,35.56011,10.364905
"701","4am",2.1923056,10.807959,26.919436,32.51589,27.564409
"801","4am",4.2707646,18.228267,32.066689,34.48617,10.948108
"802","4am",6.1548502,24.425027,30.671804,24.19494,14.553384
"803","4am",7.1712297,21.591897,40.041774,23.21628,7.97882
"804","4am",2.354015,14.551359,32.155594,41.46222,9.476816
"805","4am",3.3977768,24.511465,30.955204,36.8108,4.324757
"806","4am",4.2818065,24.449369,28.140027,33.49813,9.630667
"901","4am",4.3874812,11.836291,17.404217,30.0721,36.29991
"902","4am",3.3007555,16.117055,23.858732,40.6657,16.057756
"903","4am",1.5676977,29.262609,38.878266,19.90803,10.383396
"101","5am",7.0791329,7.361776,13.224307,17.61356,54.721227
"102","5am",8.2481904,2.532612,21.998862,27.30563,39.914701
"103","5am",3.270926,4.58655,32.197577,25.82156,34.123388
"104","5am",5.6628122,14.91235,28.022226,23.3668,28.035814
"105","5am",3.1762752,11.384378,21.615598,25.13947,38.684282
"106","5am",1.8839254,16.71047,24.612204,27.81486,28.978541
"107","5am",3.9453895,4.289676,24.394323,21.44976,45.920849
"108","5am",7.4770081,14.880469,32.670861,21.01654,23.955119
"109","5am",12.9137238,23.541025,47.689427,10.05375,5.802079
"110","5am",6.683474,9.734018,41.0686,21.96757,20.546342
"111","5am",9.0322244,18.013137,39.400305,16.71834,16.835998
"112","5am",5.6301771,25.655063,32.508761,16.18817,20.017824
"113","5am",4.0252663,13.10013,34.325598,28.42779,20.121213
"114","5am",22.6679903,33.081053,29.240939,12.57332,2.436695
"115","5am",3.2016826,20.253683,31.210981,27.45707,17.876582
"116","5am",5.6688333,18.462977,32.162098,25.93736,17.768731
"117","5am",10.2927139,21.316129,35.722885,22.52448,10.143792
"118","5am",5.3225727,16.050145,20.720439,41.60641,16.300432
"119","5am",5.0904429,7.867237,18.467974,30.79348,37.780868
"120","5am",3.4615485,6.155369,21.634264,36.06435,32.684468
"121","5am",2.8310112,16.29759,28.632756,27.60252,24.636126
"122","5am",4.1945243,12.986603,31.906084,23.39106,27.52173
"123","5am",6.1891974,21.969312,34.613919,22.01411,15.213462
"124","5am",8.7567061,20.033111,35.619489,25.32127,10.26942
"125","5am",7.8250075,37.714735,37.214922,15.776,1.46934
"126","5am",13.8713015,18.458079,29.833975,23.8817,13.954946
"127","5am",5.2821411,14.811902,26.862683,24.05851,28.984759
"128","5am",6.3660169,15.8606,46.596993,15.68272,15.493666
"129","5am",22.1344392,14.931346,34.007657,21.50479,7.421773
"130","5am",6.1220442,22.549156,32.920835,21.58784,16.820127
"131","5am",6.9972143,17.156976,17.664779,33.46336,24.717667
"132","5am",8.7192683,27.105048,25.35964,24.77312,14.042921
"133","5am",3.009703,3.669363,19.885932,31.72182,41.713177
"134","5am",3.3309465,18.014168,29.539134,31.26665,17.849104
"135","5am",3.7685174,13.633375,28.699133,34.75357,19.145406
"136","5am",8.5817851,1.843375,9.686049,39.63075,40.25804
"137","5am",7.794689,11.884492,37.669016,26.84347,15.808333
"138","5am",4.6794318,7.393064,21.825332,39.84582,26.256352
"139","5am",8.5244224,17.288285,35.654247,21.37064,17.162403
"140","5am",4.793688,17.802773,15.957127,29.89836,31.548049
"141","5am",7.0759034,13.995057,25.727476,31.16467,22.036891
"142","5am",5.0313953,13.89352,26.812239,30.06705,24.195794
"143","5am",3.1789647,14.386127,33.55824,28.21055,20.666116
"201","5am",3.9626761,30.225454,30.354227,25.09433,10.363317
"202","5am",4.8629989,26.291846,26.874074,32.18011,9.790974
"203","5am",5.5325395,22.71083,21.880102,36.5834,13.293131
"204","5am",6.4096157,32.880519,21.695156,32.07207,6.942643
"205","5am",3.3308608,33.183324,29.269867,30.28149,3.934454
"301","5am",2.5721891,8.487912,13.517024,33.84354,41.579332
"302","5am",6.4258676,7.071871,12.046448,24.23826,50.217554
"303","5am",4.1293569,7.371969,11.673246,31.96901,44.856413
"304","5am",5.1851819,15.001592,33.928972,28.34891,17.535346
"305","5am",2.8262045,7.680835,19.869381,30.13367,39.48991
"306","5am",4.5540587,15.769135,21.445587,44.74001,13.491207
"307","5am",3.3996463,13.654892,22.726616,22.7125,37.506348
"308","5am",2.3162484,10.887375,15.147663,47.46871,24.180007
"309","5am",11.7585274,21.731079,22.624262,29.49324,14.392892
"310","5am",4.3603981,15.586354,20.327151,36.97726,22.748836
"311","5am",1.1048231,6.053105,21.273515,32.68864,38.879921
"312","5am",3.8836765,22.136822,22.479471,28.51374,22.986287
"313","5am",4.3897368,27.003319,24.993595,22.95091,20.662437
"314","5am",3.9607572,19.148609,23.14108,38.22076,15.52879
"401","5am",3.2675026,9.193117,22.426724,35.41883,29.693826
"402","5am",5.4870052,27.89661,22.632486,26.76946,17.214437
"403","5am",2.7295851,24.752548,27.97357,28.81662,15.72768
"501","5am",4.758318,20.824009,26.790182,37.23436,10.393127
"502","5am",4.0185005,13.903472,23.102396,39.54923,19.426399
"503","5am",6.1559323,32.303943,36.541014,18.34495,6.654158
"504","5am",4.3805564,14.814281,21.149309,42.30095,17.354907
"505","5am",2.4903665,7.510042,15.588034,44.62123,29.790331
"506","5am",4.78027,11.767722,17.533103,39.99528,25.923621
"507","5am",3.534694,17.156741,30.155843,31.17067,17.982054
"508","5am",6.4502942,19.043749,31.171156,27.71325,15.621551
"509","5am",3.9086332,15.967195,19.226772,30.08296,30.814441
"510","5am",1.9732096,16.918976,21.679528,42.64124,16.787049
"511","5am",3.9214038,20.261998,17.780237,41.68824,16.348118
"512","5am",2.2246274,16.950589,22.460133,40.56842,17.796232
"513","5am",3.0714612,22.928658,31.527444,32.0248,10.447631
"514","5am",5.3199417,20.75975,27.985915,35.43101,10.503388
"515","5am",5.9795592,23.164813,27.82133,30.24335,12.790946
"516","5am",3.8047181,32.668544,26.421781,21.55751,15.547446
"517","5am",5.0672558,10.752058,19.900732,42.44264,21.837315
"518","5am",0.8453921,32.356776,26.389228,34.39095,6.017656
"519","5am",2.0570236,10.69452,20.908611,50.3165,16.023348
"601","5am",2.4349112,24.596161,32.940308,35.70203,4.326586
"602","5am",6.1086623,31.821077,29.13875,27.21948,5.712029
"603","5am",3.4755151,23.998976,26.374639,35.82926,10.321614
"701","5am",2.1923056,10.807959,26.919436,32.51589,27.564409
"801","5am",4.3052511,18.37546,32.325628,33.95715,11.036514
"802","5am",6.2098693,24.643366,30.945983,23.5173,14.683478
"803","5am",7.1532719,21.537828,39.941503,23.40856,7.95884
"804","5am",2.4021103,14.848661,31.791012,41.28778,9.670439
"805","5am",3.417953,24.657016,31.139018,36.43558,4.350437
"806","5am",4.3401121,24.085245,28.523212,33.28962,9.761808
"901","5am",4.4114295,11.355064,17.499215,30.23624,36.498047
"902","5am",3.3567746,15.594965,24.263653,40.45433,16.330281
"903","5am",1.5800832,29.493795,38.395379,20.06531,10.465429
"101","6am",7.1251105,4.208324,15.67712,17.190683,55.798763
"102","6am",7.9968122,4.454332,22.0928,26.19903,39.257024
"103","6am",3.2000748,4.931547,33.30144,25.182691,33.384245
"104","6am",5.762892,13.953871,30.01128,23.735757,26.536204
"105","6am",3.2168015,9.132607,21.87677,26.595966,39.177858
"106","6am",1.8415415,16.938416,22.8291,26.417834,31.973105
"107","6am",3.9367827,4.280318,24.34111,21.621118,45.820673
"108","6am",7.7287304,15.381437,34.81864,18.347624,23.723571
"109","6am",12.4462064,27.787584,45.06171,9.112478,5.592025
"110","6am",6.7122857,10.404592,39.29927,22.062266,21.521582
"111","6am",9.0165244,17.11868,39.52531,17.532754,16.806733
"112","6am",5.3043868,26.260267,31.73057,17.703855,19.000924
"113","6am",3.9572326,12.587061,35.90542,27.586476,19.963811
"114","6am",21.851978,38.338631,26.68311,10.777304,2.348977
"115","6am",3.4280507,19.351814,33.63745,26.790228,16.792455
"116","6am",5.701132,18.624034,32.79843,25.44526,17.431139
"117","6am",10.5317216,20.832748,36.07341,22.182775,10.379342
"118","6am",5.5540198,14.605926,21.27789,41.552926,17.00924
"119","6am",4.4904403,8.144956,21.29724,33.290265,32.777099
"120","6am",3.2997219,6.696123,22.19811,33.786182,34.019861
"121","6am",2.9408686,14.834987,26.86639,29.765624,25.592131
"122","6am",4.2910931,16.083564,28.45548,23.392539,27.777327
"123","6am",6.2266296,20.563972,36.19719,21.706732,15.305472
"124","6am",8.9133527,20.884571,34.4002,25.348754,10.453127
"125","6am",8.589874,36.011922,38.31983,15.465407,1.612963
"126","6am",14.0754526,18.449238,29.26679,24.812029,13.396494
"127","6am",5.3447745,14.335182,27.20161,24.959433,28.159001
"128","6am",5.5807809,20.117739,45.74217,14.976761,13.582552
"129","6am",22.8289414,15.39984,33.4583,20.658277,7.654642
"130","6am",5.7272387,21.603769,31.02561,25.4225,16.220883
"131","6am",6.7424676,19.288788,16.04618,33.163709,24.758858
"132","6am",8.2825885,26.006855,27.08323,24.716405,13.910919
"133","6am",3.0540984,3.059992,19.51577,33.639326,40.730815
"134","6am",3.5305219,16.966691,28.06114,33.069883,18.371767
"135","6am",3.6672344,14.853547,28.52468,34.121319,18.833222
"136","6am",9.0290266,1.292962,10.19084,38.424038,41.063134
"137","6am",7.8159704,12.906235,37.52036,25.142122,16.615318
"138","6am",4.9851192,5.874576,20.51646,41.849946,26.773904
"139","6am",9.0815059,17.854049,34.38938,22.913296,15.761767
"140","6am",4.8423898,16.587899,16.19025,28.607096,33.772365
"141","6am",7.2423704,15.346262,25.44872,31.275216,20.687428
"142","6am",5.0836091,17.069585,26.39415,28.302948,23.149712
"143","6am",3.3172514,13.955002,33.1163,28.046339,21.565103
"201","6am",4.0935103,31.050029,30.63134,23.519645,10.705479
"202","6am",5.0780428,25.836787,28.35767,31.743151,8.984348
"203","6am",6.1250246,21.553883,23.45426,38.404926,10.461908
"204","6am",6.8361578,32.936195,22.39146,32.524247,5.311937
"205","6am",3.462078,33.672196,28.71163,30.064649,4.089449
"301","6am",2.8122448,9.280066,13.01728,32.63752,42.252891
"302","6am",5.9530329,12.326792,11.16003,24.705727,45.854414
"303","6am",4.3815551,7.904429,10.73693,31.451045,45.526045
"304","6am",5.420657,14.515058,33.80475,28.959246,17.300288
"305","6am",2.9074545,7.627409,18.16453,32.445114,38.855494
"306","6am",4.6732965,18.549832,21.1241,43.761854,11.890914
"307","6am",3.3948022,15.467107,25.14076,20.336808,35.660524
"308","6am",2.5002866,9.243922,16.35122,46.659625,25.244943
"309","6am",12.4865078,21.167323,22.72374,30.066846,13.555584
"310","6am",4.9300357,15.191351,22.26428,34.392462,23.22187
"311","6am",1.1511715,5.283896,21.01479,32.039175,40.51097
"312","6am",4.1511366,23.517637,23.56776,27.694961,21.068506
"313","6am",4.5938083,26.312581,25.54179,23.94585,19.605973
"314","6am",4.1816722,17.464161,24.4318,39.418633,14.503738
"401","6am",3.3590308,8.553464,21.44723,36.114673,30.5256
"402","6am",5.7234728,25.797476,23.68403,27.615412,17.179606
"403","6am",2.8751703,21.729249,28.93176,29.897285,16.566533
"501","6am",4.8569059,20.596091,27.11835,36.415658,11.012998
"502","6am",4.1957476,13.568974,24.12139,40.402381,17.711506
"503","6am",6.5318984,31.819998,36.79599,17.79156,7.060553
"504","6am",4.5745602,16.477798,22.39978,41.47383,15.074032
"505","6am",2.7221041,7.537629,14.76222,43.974211,31.003833
"506","6am",4.8584816,11.960257,16.94443,41.819634,24.417201
"507","6am",3.6695096,16.215774,31.30601,29.31521,19.493499
"508","6am",6.872219,19.837992,32.14208,26.162328,14.985376
"509","6am",4.2063234,15.773633,19.52779,30.578315,29.913938
"510","6am",2.151303,19.225845,21.77157,40.593686,16.257596
"511","6am",4.3026028,21.127818,17.49717,43.974478,13.097933
"512","6am",2.3302736,17.570549,23.57218,41.047188,15.479813
"513","6am",3.3334787,23.166105,31.25215,32.763083,9.485179
"514","6am",5.2188894,17.315753,29.57845,38.857073,9.029838
"515","6am",6.3164469,24.598372,26.08771,29.813505,13.183962
"516","6am",4.2242507,30.261748,28.05839,21.265784,16.189829
"517","6am",5.4383353,8.805516,21.35808,44.171877,20.226191
"518","6am",0.9385972,28.079794,31.17465,35.388465,4.418496
"519","6am",2.0049915,17.077355,20.37973,45.825698,14.712225
"601","6am",2.738139,18.177332,36.40143,37.817712,4.86539
"602","6am",6.0645137,32.347154,30.00444,24.552806,7.031085
"603","6am",3.5907357,23.721968,26.56193,36.329987,9.795378
"701","6am",2.225358,10.970906,27.32529,33.006118,26.472329
"801","6am",4.6130352,15.251216,33.82203,35.456285,10.857431
"802","6am",6.9697139,19.327718,30.95947,26.262942,16.480161
"803","6am",7.4409075,21.450258,39.2366,24.332682,7.539547
"804","6am",2.5139373,12.677679,32.50517,42.182579,10.120633
"805","6am",3.5447329,23.409069,31.67821,36.856188,4.511805
"806","6am",4.4605967,24.753868,29.31504,33.497364,7.973135
"901","6am",4.6671338,8.826335,17.93607,31.495437,37.075025
"902","6am",3.4714622,16.127783,25.09265,39.50893,15.79918
"903","6am",1.7535938,30.685957,37.14468,19.609723,10.806051
"101","7am",7.163529,4.494011,23.19053,14.173672,50.978264
"102","7am",7.904064,6.028573,21.52994,27.469854,37.067571
"103","7am",2.657744,5.959201,34.01747,28.426847,28.938737
"104","7am",6.401495,11.794233,31.14973,24.020369,26.63417
"105","7am",3.450449,10.017919,22.53948,26.704416,37.287733
"106","7am",1.2386,12.149498,22.10198,26.703597,37.806328
"107","7am",3.975288,4.639215,29.77626,21.624884,39.984347
"108","7am",7.389265,13.404673,39.30644,21.731268,18.168357
"109","7am",10.761965,25.58727,42.50398,11.56466,9.58213
"110","7am",6.816326,9.395544,40.12125,22.266794,21.400087
"111","7am",9.65964,19.567133,39.02752,16.254487,15.491222
"112","7am",5.314414,25.932819,32.53128,20.073452,16.148035
"113","7am",4.13104,14.490744,34.60703,25.706058,21.065132
"114","7am",22.318465,37.350475,28.17009,9.549622,2.611352
"115","7am",3.279936,20.088016,29.159,28.77017,18.702882
"116","7am",5.725892,22.427708,29.08196,26.37179,16.392651
"117","7am",10.581863,21.53596,38.31523,21.142337,8.424613
"118","7am",4.968421,19.524262,22.71625,35.871453,16.919616
"119","7am",4.024372,9.172999,23.70885,30.764632,32.329146
"120","7am",2.8607,7.820864,22.7375,31.281712,35.299223
"121","7am",3.651471,12.183477,30.67434,26.944665,26.546043
"122","7am",3.379455,11.002087,23.381,24.93902,37.29844
"123","7am",5.716469,19.951478,38.30265,25.122088,10.907315
"124","7am",10.307448,24.603441,34.95009,19.573429,10.565587
"125","7am",8.377242,34.461875,38.72817,13.278455,5.154253
"126","7am",15.379854,15.968993,30.62414,20.8745,17.152518
"127","7am",5.286615,19.013088,23.29126,26.121833,26.287208
"128","7am",4.999061,23.147743,36.29115,23.461299,12.100751
"129","7am",24.237136,14.734682,30.45246,22.073805,8.501914
"130","7am",5.877776,20.17499,24.84275,30.993005,18.111483
"131","7am",6.486625,19.171961,17.10458,32.188888,25.047942
"132","7am",8.323904,23.240325,26.57554,27.711469,14.148763
"133","7am",4.29459,2.246592,19.84046,34.40236,39.216002
"134","7am",3.722285,16.195819,30.19514,31.369116,18.51764
"135","7am",3.56459,19.550277,22.90111,34.326357,19.657663
"136","7am",10.84651,1.553227,13.61015,38.192909,35.797209
"137","7am",8.580326,13.205946,36.7182,27.504706,13.990817
"138","7am",5.84872,7.01249,18.36186,44.466448,24.310483
"139","7am",9.189848,16.835351,35.76153,24.767461,13.445809
"140","7am",5.776735,13.662125,18.12841,31.633709,30.799024
"141","7am",7.162827,15.177713,26.3038,32.288849,19.066807
"142","7am",4.992167,15.71689,29.07129,31.040905,19.178748
"143","7am",3.839782,17.110995,32.34063,24.394448,22.314141
"201","7am",4.295299,33.527465,33.39988,18.544175,10.233178
"202","7am",5.19708,24.827919,30.37806,31.036914,8.560027
"203","7am",6.257308,23.476448,23.43987,37.167799,9.658574
"204","7am",8.21193,39.276454,17.91029,30.590135,4.011195
"205","7am",3.662831,33.491359,29.25315,29.891772,3.700886
"301","7am",3.600604,9.388224,10.47032,41.230342,35.310504
"302","7am",5.284682,13.983113,11.33148,27.808674,41.592051
"303","7am",5.096787,9.717087,13.37241,33.387108,38.426614
"304","7am",6.140476,16.454578,32.5838,25.58499,19.23616
"305","7am",2.730979,10.501845,20.05772,28.493249,38.216202
"306","7am",5.632895,20.841056,19.4127,44.575135,9.538216
"307","7am",4.123264,21.54145,26.98625,20.641152,26.707886
"308","7am",2.969677,10.953808,16.5649,48.874532,20.637079
"309","7am",13.706157,21.640523,22.19629,32.456412,10.000615
"310","7am",5.40504,19.478789,21.87048,33.952416,19.293276
"311","7am",1.457688,6.690812,26.61028,30.106854,35.134364
"312","7am",4.91185,26.941162,24.67264,22.752859,20.721489
"313","7am",4.716409,26.420474,27.31825,22.610938,18.933929
"314","7am",4.623931,18.066907,25.74576,40.43905,11.124355
"401","7am",4.077819,10.173687,20.47091,38.343914,26.933674
"402","7am",5.120602,30.758641,20.8365,27.912936,15.371317
"403","7am",3.147363,22.907355,28.76879,26.735195,18.441302
"501","7am",4.293379,18.972292,31.05642,33.883777,11.794135
"502","7am",4.603367,15.258619,29.50359,34.218891,16.415529
"503","7am",6.533281,33.482493,32.20688,20.715295,7.062047
"504","7am",4.940173,18.510254,18.80943,42.095418,15.644724
"505","7am",3.266208,9.395706,15.88341,43.277705,28.176967
"506","7am",6.277983,12.166836,22.74297,40.981375,17.830832
"507","7am",4.322874,16.435012,36.94016,27.280056,15.021895
"508","7am",7.977506,22.580106,31.68272,23.797852,13.961811
"509","7am",5.102296,21.23599,19.22895,29.704658,24.728108
"510","7am",2.575219,20.397156,19.79946,42.278275,14.94989
"511","7am",5.655405,26.971189,17.86908,38.014787,11.489538
"512","7am",2.093876,17.019713,26.41171,39.289195,15.185504
"513","7am",3.529092,22.733996,27.69758,36.400357,9.63898
"514","7am",5.863012,19.559708,26.4277,39.212026,8.937549
"515","7am",6.392045,24.406077,29.93536,30.089147,9.177372
"516","7am",4.462384,32.543965,26.60206,21.503411,14.888182
"517","7am",6.304069,10.297758,23.29872,40.960353,19.139099
"518","7am",1.073742,29.287122,33.35455,33.120399,3.16419
"519","7am",2.498962,17.441741,22.65633,42.047042,15.355922
"601","7am",3.073528,16.246598,36.38339,39.03012,5.26636
"602","7am",5.760517,32.365472,27.67029,28.428078,5.775641
"603","7am",3.932429,25.134577,26.82011,35.604743,8.508143
"701","7am",2.444439,13.255667,27.66728,33.97271,22.659906
"801","7am",5.327063,16.183552,35.75837,34.167592,8.56342
"802","7am",8.797316,20.899746,25.44823,27.350312,17.504399
"803","7am",7.570495,20.9914,39.04858,24.900775,7.488749
"804","7am",2.612127,12.400491,32.98039,41.49107,10.515924
"805","7am",3.855743,24.793086,32.44802,34.665353,4.237801
"806","7am",4.710967,25.38667,27.54705,34.656101,7.699215
"901","7am",5.547682,7.945778,19.3607,29.900123,37.245713
"902","7am",3.908939,17.374695,23.7986,39.48413,15.433634
"903","7am",2.077658,30.101858,38.07981,19.48258,10.258091
"101","8am",6.483391,4.570486,27.723672,22.67936,38.543089
"102","8am",7.463786,6.722771,25.944122,25.55088,34.318439
"103","8am",3.476665,8.701636,36.698998,29.18898,21.933725
"104","8am",6.186776,12.199495,29.966543,26.04955,25.597635
"105","8am",4.676181,9.698397,31.61299,30.80978,23.202655
"106","8am",0.984599,8.331395,16.618796,22.22897,51.83624
"107","8am",4.691881,4.526227,35.824757,20.53036,34.426773
"108","8am",8.066784,13.800897,34.731159,25.66467,17.736487
"109","8am",10.825408,26.888693,39.933731,13.38925,8.962913
"110","8am",7.112386,8.768137,40.811606,22.30937,20.998502
"111","8am",10.11585,13.600819,35.293889,20.17474,20.8147
"112","8am",4.640144,20.972892,30.739829,25.89899,17.748145
"113","8am",3.298957,15.253031,37.975258,24.78158,18.691175
"114","8am",21.217328,34.029059,28.187175,14.9168,1.649637
"115","8am",3.240482,20.145515,24.829443,32.59281,19.191753
"116","8am",5.879414,21.794209,34.142852,25.33548,12.848047
"117","8am",8.445296,23.490873,34.191834,23.65179,10.220207
"118","8am",7.861361,20.45862,20.514448,30.76807,20.397504
"119","8am",3.755603,7.747744,27.240461,32.06178,29.194411
"120","8am",2.331597,6.162735,22.638849,30.22772,38.639101
"121","8am",3.639396,7.615393,29.70213,22.74032,36.302759
"122","8am",2.183625,7.009006,23.197828,21.92368,45.685857
"123","8am",5.865782,20.285567,38.04044,24.86589,10.942324
"124","8am",12.072084,28.329764,30.09627,20.63939,8.862496
"125","8am",8.332211,34.544455,31.745555,19.81046,5.567323
"126","8am",17.516304,17.387186,26.883743,22.84005,15.372717
"127","8am",4.745378,18.470367,20.293957,24.90754,31.582754
"128","8am",3.379045,16.018084,36.488419,21.79749,22.316967
"129","8am",19.191102,15.776698,30.772975,22.00252,12.256709
"130","8am",7.167656,20.046699,27.997447,27.31435,17.47385
"131","8am",6.082886,19.516772,20.199195,29.67541,24.525735
"132","8am",8.352722,22.34117,31.2567,22.86708,15.18233
"133","8am",5.376629,2.812629,17.35446,48.45926,25.997021
"134","8am",2.809619,16.680671,30.261761,30.93712,19.310833
"135","8am",2.498214,20.535207,24.355427,31.31373,21.297423
"136","8am",10.821737,5.001761,14.630001,43.1249,26.421603
"137","8am",9.140521,17.324041,37.050311,22.70043,13.784701
"138","8am",6.926995,7.330827,15.023726,39.39063,31.327826
"139","8am",8.473016,15.263429,33.915624,23.03557,19.312365
"140","8am",6.138117,15.638436,23.410979,26.59064,28.221833
"141","8am",6.595491,14.788572,23.339229,27.62281,27.653898
"142","8am",4.297035,22.304507,30.900267,32.28186,10.216329
"143","8am",4.601695,19.681793,30.708786,28.91786,16.089867
"201","8am",4.53144,32.453098,33.02148,19.95041,10.043568
"202","8am",5.304601,27.552462,29.767611,31.66581,5.709521
"203","8am",6.740382,23.754323,22.657901,35.72382,11.123576
"204","8am",6.746389,42.068271,15.559529,27.65725,7.968561
"205","8am",4.088728,33.266385,29.384491,30.49841,2.761989
"301","8am",3.93834,12.675898,9.440202,39.12959,34.815969
"302","8am",4.006258,12.954938,11.258834,25.67249,46.107483
"303","8am",5.045144,12.914232,14.064087,31.93393,36.042607
"304","8am",7.710314,17.988632,33.852005,28.17876,12.270285
"305","8am",3.132828,10.545615,17.152539,27.62602,41.542995
"306","8am",6.043056,20.983861,20.349365,44.11517,8.508548
"307","8am",4.70984,25.937725,28.951375,23.9384,16.462656
"308","8am",3.508159,12.940026,17.168182,49.13299,17.250645
"309","8am",14.368637,23.078482,20.453631,32.01437,10.084884
"310","8am",5.945688,21.091829,21.706503,25.03773,26.218253
"311","8am",1.778987,8.165578,31.334908,36.57898,22.141549
"312","8am",4.359701,30.306244,21.489292,26.53032,17.314441
"313","8am",5.649904,28.753312,29.235973,25.97729,10.383522
"314","8am",4.607413,18.331709,27.014015,39.93772,10.109145
"401","8am",4.664611,12.781631,20.604915,41.53687,20.411975
"402","8am",5.733021,27.954847,22.493218,31.01563,12.803285
"403","8am",2.936981,23.499858,30.315676,28.92181,14.325678
"501","8am",4.068257,17.739058,29.878159,35.55646,12.75807
"502","8am",4.033683,16.180168,26.492001,35.88301,17.411141
"503","8am",7.043496,36.347619,26.760356,23.35543,6.493099
"504","8am",5.280977,23.888648,22.421934,35.68933,12.719115
"505","8am",4.874636,11.34812,18.852881,43.69316,21.231199
"506","8am",5.872406,11.035397,25.117799,46.70943,11.264968
"507","8am",3.667669,14.815608,36.839622,26.50287,18.174234
"508","8am",8.133774,25.68105,33.937484,21.67099,10.576701
"509","8am",5.946483,24.749536,21.528868,30.06339,17.711722
"510","8am",3.016294,20.689906,18.962164,45.94013,11.391506
"511","8am",6.267355,27.35946,18.11584,36.36484,11.8925
"512","8am",2.371491,14.854207,26.219283,35.1624,21.392619
"513","8am",3.031799,21.907724,26.709687,36.85118,11.499608
"514","8am",6.32717,18.653979,27.718054,40.33718,6.96362
"515","8am",7.274739,25.201438,31.787414,27.80771,7.928696
"516","8am",5.442327,30.114138,29.616016,23.09847,11.729052
"517","8am",7.278152,11.066537,23.441164,39.86946,18.344689
"518","8am",1.149831,28.848746,34.705941,31.85613,3.439352
"519","8am",3.363334,22.714963,26.563153,36.60798,10.750569
"601","8am",3.257325,16.845263,34.546391,40.9255,4.425516
"602","8am",5.454721,30.647352,32.262211,26.01581,5.619907
"603","8am",4.14349,25.690745,25.488504,35.71247,8.964791
"701","8am",2.492817,13.518012,28.750685,35.01893,20.219552
"801","8am",5.509075,20.236247,33.147759,34.21103,6.895892
"802","8am",10.115481,24.031306,21.453971,31.77443,12.624817
"803","8am",7.536194,21.202892,38.576263,24.21191,8.472737
"804","8am",2.910648,12.957035,33.134872,41.35582,9.641627
"805","8am",3.558125,26.432253,32.563923,35.2013,2.2444
"806","8am",4.460976,25.370735,27.769332,32.79989,9.599064
"901","8am",7.703941,9.127683,23.860862,30.10117,29.206344
"902","8am",3.492333,18.163563,27.741865,37.75143,12.850809
"903","8am",2.129612,30.854577,38.300552,20.59112,8.124137
"101","9am",5.829509,5.231623,29.393412,24.00847,35.536982
"102","9am",6.797691,6.091927,28.495981,27.22159,31.392807
"103","9am",3.325899,5.824945,34.033815,31.54523,25.270106
"104","9am",8.737798,12.776947,32.269858,23.62753,22.587867
"105","9am",5.338057,13.827863,31.441088,30.51897,18.874017
"106","9am",0.613385,8.70611,16.082584,20.18866,54.409256
"107","9am",5.026262,4.848803,35.831412,27.66375,26.629776
"108","9am",8.100169,13.658276,36.409168,23.94178,17.890602
"109","9am",11.024023,27.47728,39.467307,13.34266,8.688728
"110","9am",5.084875,9.636491,38.970193,23.07103,23.237412
"111","9am",7.567953,17.448854,36.506287,17.06734,21.409562
"112","9am",4.986921,18.373811,31.931029,24.68579,20.022454
"113","9am",4.564343,15.382608,37.152705,24.6734,18.226946
"114","9am",20.287405,36.762299,21.399519,15.49707,6.053709
"115","9am",3.893935,19.552152,22.236199,36.66324,17.654472
"116","9am",6.353395,23.256936,34.581932,24.65287,11.154865
"117","9am",10.5627,20.898101,30.44689,27.59885,10.493461
"118","9am",7.421985,19.626393,21.753117,29.5299,21.668609
"119","9am",3.331635,7.304083,28.247264,34.25057,26.866448
"120","9am",2.64225,6.307919,21.810276,31.82863,37.410922
"121","9am",10.233187,9.53007,34.682521,26.72168,18.832541
"122","9am",2.135377,6.9811,19.847285,21.02269,50.013549
"123","9am",5.867199,19.889471,36.207014,27.99094,10.045379
"124","9am",12.59728,29.152667,34.78893,16.02148,7.439644
"125","9am",11.227264,31.872176,27.443206,20.90296,8.554389
"126","9am",18.034186,19.679374,27.129777,19.61528,15.541379
"127","9am",2.515777,17.627097,17.88221,26.05305,35.921866
"128","9am",4.435608,17.847731,31.025984,25.87189,20.818788
"129","9am",18.942367,18.064169,28.141243,22.09702,12.755198
"130","9am",6.65048,16.191728,26.705499,35.71594,14.736355
"131","9am",5.78944,16.035354,24.378928,27.75489,26.041391
"132","9am",9.262919,24.53607,27.60298,23.04263,15.555397
"133","9am",1.644539,3.289078,16.314782,53.97254,24.779063
"134","9am",4.395859,16.361949,31.701814,28.62168,18.918695
"135","9am",1.818054,18.34687,25.948922,35.26352,18.622636
"136","9am",13.167876,5.577535,23.17571,33.7888,24.290083
"137","9am",10.8053,18.866944,36.091579,24.42373,9.812451
"138","9am",9.674104,8.877134,19.620885,42.77047,19.057407
"139","9am",7.125908,16.205095,31.606971,26.07232,18.989711
"140","9am",7.473539,16.768048,24.188737,23.92508,27.644592
"141","9am",6.38975,14.515523,24.503442,25.68077,28.910513
"142","9am",4.499888,20.533606,29.897495,33.80582,11.263192
"143","9am",5.461036,21.518956,31.375011,26.53373,15.111271
"201","9am",4.546652,32.664246,32.322031,20.25445,10.212617
"202","9am",5.358656,26.020938,30.070951,32.78175,5.767703
"203","9am",5.818408,25.57379,19.389778,38.31884,10.899183
"204","9am",7.375473,41.028192,13.867549,29.50726,8.221525
"205","9am",4.032742,32.860024,31.448552,28.93451,2.724169
"301","9am",4.109065,14.960224,8.562715,39.92394,32.444052
"302","9am",3.208645,10.739193,10.671859,25.50818,49.872124
"303","9am",6.987069,11.394909,16.017202,29.78949,35.811332
"304","9am",8.250397,15.311137,34.389983,26.92942,15.11906
"305","9am",2.531527,11.284796,16.517487,24.90439,44.761796
"306","9am",5.606704,21.513086,17.959533,42.94634,11.974341
"307","9am",3.288419,26.521329,28.244373,26.19099,15.754886
"308","9am",3.463718,12.776102,16.975013,48.57808,18.207091
"309","9am",14.953657,26.522192,17.184633,33.50322,7.8363
"310","9am",5.240969,21.654041,22.589776,23.73916,26.776058
"311","9am",2.041536,6.752526,34.650351,39.9359,16.619683
"312","9am",6.309994,33.230929,22.201962,23.03752,15.219594
"313","9am",5.359159,28.246092,30.656793,25.77823,9.959725
"314","9am",5.212407,18.228206,25.855961,39.52914,11.174284
"401","9am",4.759916,14.836647,20.250764,38.42401,21.728661
"402","9am",8.099548,28.362033,24.295866,28.31121,10.931345
"403","9am",3.09102,26.063185,29.371468,29.84417,11.630158
"501","9am",3.993279,17.683405,29.472049,35.84086,13.010406
"502","9am",3.266266,20.443768,24.307014,33.83313,18.149823
"503","9am",7.78073,27.620218,29.698779,27.72755,7.172723
"504","9am",7.754383,24.551646,20.400798,36.74777,10.545408
"505","9am",3.91888,15.88333,17.066915,40.1922,22.938676
"506","9am",6.364002,11.440886,27.031178,47.12136,8.042569
"507","9am",4.421963,19.250268,32.887922,28.13872,15.301128
"508","9am",7.653894,26.76805,31.508179,26.41598,7.653894
"509","9am",7.049681,23.266277,25.522929,24.13835,20.022762
"510","9am",3.229076,21.217074,18.135212,42.96255,14.456084
"511","9am",6.4549,27.949854,18.657941,35.32378,11.613524
"512","9am",2.421785,16.965984,26.210912,31.37807,23.023245
"513","9am",3.137455,20.28945,28.967641,34.1798,13.425655
"514","9am",6.323906,20.239735,27.703756,38.77257,6.960028
"515","9am",6.331323,25.586422,30.369317,29.49351,8.219427
"516","9am",5.752938,31.623228,33.568538,17.265,11.790298
"517","9am",8.327234,12.461165,24.200257,46.494,8.517344
"518","9am",1.223786,30.70425,34.739463,30.80349,2.529011
"519","9am",3.852616,24.27889,29.185085,35.47011,7.213295
"601","9am",2.563633,16.526894,38.101056,38.26066,4.547757
"602","9am",5.389476,30.933061,30.018761,27.89972,5.758977
"603","9am",4.41405,24.834421,25.627673,36.41831,8.705548
"701","9am",2.654427,14.394388,31.595553,34.95041,16.405222
"801","9am",4.810152,20.787185,32.244063,35.10872,7.049876
"802","9am",10.291745,26.370764,20.728326,32.53053,10.078635
"803","9am",7.67922,20.024838,37.013856,26.78282,8.499261
"804","9am",2.870399,11.904953,31.803772,43.58833,9.832545
"805","9am",3.793891,29.58446,34.721648,29.50688,2.393117
"806","9am",4.420371,25.139801,27.732648,33.19549,9.51169
"901","9am",8.64233,10.239494,22.693216,30.8521,27.572858
"902","9am",3.519127,18.302917,27.954705,37.50823,12.715019
"903","9am",2.193015,29.945584,39.654355,19.84104,8.366011
"101","10am",4.9563205,3.527354,28.843772,25.72319,36.9493653
"102","10am",6.5122674,7.110199,27.487527,28.84479,30.0452179
"103","10am",2.9096069,6.087787,38.984611,30.39009,21.6279081
"104","10am",7.1906461,12.042865,32.755786,25.39241,22.6182977
"105","10am",4.1760518,15.635866,30.869643,28.44834,20.8700946
"106","10am",0.4163608,8.926658,13.772025,20.49475,56.3902049
"107","10am",5.2478716,3.724733,37.978592,26.37528,26.6735239
"108","10am",6.4561275,11.824646,41.508981,22.35567,17.8545765
"109","10am",10.5175556,26.592371,39.940396,13.28304,9.6666406
"110","10am",9.1141734,9.144419,37.637871,20.70817,23.3953642
"111","10am",11.6261729,15.383857,37.075355,19.40936,16.5052576
"112","10am",5.0002338,22.245075,31.358432,22.96173,18.4345293
"113","10am",4.4800628,14.02616,33.682467,27.86496,19.9463465
"114","10am",21.0070496,35.359059,28.030372,14.69573,0.9077902
"115","10am",4.0782465,18.855813,24.042109,34.85067,18.1731586
"116","10am",6.9318397,22.73608,34.510793,23.68481,12.1364755
"117","10am",9.2191864,22.883562,34.014988,21.99355,11.8887102
"118","10am",7.8559214,22.694869,18.949358,29.45126,21.0485879
"119","10am",3.7331164,7.661921,27.360294,34.23261,27.0120572
"120","10am",3.2505333,6.656364,21.971046,31.89567,36.2263913
"121","10am",11.1162217,9.012776,34.70777,20.68664,24.4765917
"122","10am",1.947323,7.255243,20.942701,20.69053,49.1642005
"123","10am",5.9164149,19.390683,35.768855,28.9511,9.972952
"124","10am",12.4165992,28.652252,34.561852,16.8197,7.5495955
"125","10am",9.6773707,30.308216,26.001387,25.5889,8.4241218
"126","10am",15.4372074,21.404385,27.046048,23.27946,12.8329046
"127","10am",3.6289461,16.952362,17.320264,24.84924,37.2491859
"128","10am",3.2596244,22.483686,31.863547,22.72422,19.6689269
"129","10am",23.5233655,11.860581,26.967207,19.22103,18.4278178
"130","10am",7.6677727,17.767942,26.716935,31.74906,16.0982885
"131","10am",5.4480409,16.948332,26.432769,23.54897,27.6218923
"132","10am",6.4939599,21.618508,29.823913,26.99801,15.0656047
"133","10am",1.6919711,3.383942,16.907067,54.36736,23.6496619
"134","10am",4.0529671,19.470092,29.78807,24.4159,22.2729737
"135","10am",3.3558013,18.435736,24.871736,33.57406,19.7626655
"136","10am",9.7828213,4.223503,21.839677,35.44028,28.7137138
"137","10am",11.0370597,15.190503,35.518792,26.30241,11.9512381
"138","10am",4.1096957,7.266874,20.953317,46.11689,21.5532221
"139","10am",9.1925473,15.697429,28.739026,25.56471,20.8062912
"140","10am",6.6651142,14.695623,21.838631,31.05059,25.7500432
"141","10am",7.4769346,13.97808,23.244365,25.6217,29.6789205
"142","10am",4.314854,23.079406,30.244937,31.56075,10.8000517
"143","10am",5.1093042,20.656775,33.330821,25.68495,15.2181461
"201","10am",4.5291202,32.538293,33.356419,19.40293,10.1732374
"202","10am",5.686677,27.16686,30.968522,30.75192,5.4260194
"203","10am",4.5161238,25.47593,19.072345,37.733,13.2025965
"204","10am",8.4444093,39.125111,13.245265,30.09859,9.086622
"205","10am",4.3121744,34.478655,31.254004,26.27056,3.6846082
"301","10am",3.8832291,16.189409,8.092105,41.6122,30.223055
"302","10am",2.8480321,10.911327,11.087528,24.35506,50.7980516
"303","10am",7.1300803,11.85756,15.131747,30.80928,35.071328
"304","10am",6.4729288,17.29067,33.527752,28.7811,13.927549
"305","10am",3.223191,10.411655,17.070042,25.75988,43.5352315
"306","10am",5.7242688,20.975983,19.023299,42.83346,11.4429909
"307","10am",3.3030768,27.540505,31.398042,23.06263,14.6957507
"308","10am",3.7007603,9.939706,19.99318,46.91324,19.4531093
"309","10am",15.2343707,26.239704,18.675671,28.20887,11.6413792
"310","10am",5.1643764,19.442767,22.745513,30.28909,22.3582523
"311","10am",2.1465635,8.476337,34.811408,38.46743,16.0982628
"312","10am",5.975595,31.775452,23.157116,23.60071,15.4911274
"313","10am",5.2996798,28.050471,28.787945,29.25754,8.60436
"314","10am",5.3946643,19.268984,25.499228,41.00344,8.8336821
"401","10am",4.6794639,11.674722,27.377085,41.85844,14.4102888
"402","10am",7.4254651,28.551143,26.246243,24.62065,13.1565017
"403","10am",2.8428939,25.602932,30.371035,30.79417,10.3889668
"501","10am",4.1281666,17.342479,30.373097,35.34619,12.8100635
"502","10am",4.5618272,15.573397,27.823165,33.79491,18.2466994
"503","10am",3.533739,32.148353,31.377779,25.24731,7.6928187
"504","10am",9.145212,23.393515,19.325457,35.16315,12.9726643
"505","10am",3.2217878,12.661655,19.738496,44.84072,19.5373439
"506","10am",7.5650309,7.779471,23.280508,48.70565,12.6693365
"507","10am",4.4288673,22.502615,34.103183,24.1224,14.8429365
"508","10am",8.7181938,28.612719,29.696583,24.03636,8.9361471
"509","10am",5.7793937,23.254905,19.255704,29.19204,22.5179572
"510","10am",3.3526537,20.954755,18.141528,43.56765,13.9834186
"511","10am",6.2446221,34.156794,15.814702,35.0552,8.7286813
"512","10am",1.5797284,16.221124,27.122981,31.55896,23.517205
"513","10am",2.647446,20.405311,28.570007,34.84399,13.5332499
"514","10am",6.5532883,20.680314,29.055646,36.49827,7.2124837
"515","10am",6.8617793,27.955663,28.597189,27.93154,8.6538237
"516","10am",3.9673282,32.645677,30.042079,20.96136,12.3835574
"517","10am",8.8110133,9.11584,29.630247,46.71961,5.7232916
"518","10am",1.180016,32.693959,30.019592,33.66788,2.4385574
