"district","hour","cspmen1","cspmen2","cspmen3","cspmen4","cspmen5"
"101","4am",11.918882,6.732812,17.02548,20.063999,44.2588251
"102","4am",12.302778,2.568909,24.46034,36.124635,24.5433346
"103","4am",6.569256,5.869924,37.65838,25.146611,24.7558252
"104","4am",7.319532,21.624966,30.80063,28.599826,11.6550495
"105","4am",4.802263,18.215455,22.26759,26.041985,28.6727115
"106","4am",3.743532,19.665766,31.14035,24.787752,20.6626031
"107","4am",8.965466,5.199843,26.98404,20.456278,38.3943775
"108","4am",12.982274,21.089553,30.05998,20.107677,15.7605135
"109","4am",16.881216,30.674237,42.76234,5.969011,3.7131973
"110","4am",9.908406,14.992978,40.68234,19.09099,15.3252832
"111","4am",13.873229,25.58163,37.00733,16.023294,7.5145141
"112","4am",12.382196,34.46373,28.28943,9.305869,15.5587747
"113","4am",10.092872,14.91094,37.88275,25.582659,11.5307812
"114","4am",42.421404,29.364327,21.82024,4.234177,2.159857
"115","4am",5.971327,29.770919,36.96104,19.48892,7.8077926
"116","4am",10.781985,26.021795,31.91029,18.036971,13.2489551
"117","4am",20.911384,28.339027,33.61695,11.84165,5.2909869
"118","4am",7.845889,22.924886,22.07688,40.822535,6.3298149
"119","4am",9.4607,10.826358,21.86123,35.140638,22.7110735
"120","4am",6.180722,12.53849,24.52001,37.868897,18.8918852
"121","4am",4.815594,28.601441,26.87906,24.500572,15.2033317
"122","4am",6.008752,15.48931,36.04576,25.493192,16.9629895
"123","4am",10.923888,27.612243,29.64959,23.243249,8.5710266
"124","4am",13.754113,22.845763,43.27648,15.489226,4.6344187
"125","4am",18.549806,45.811959,26.41094,6.836804,2.3904862
"126","4am",23.801553,21.404462,29.34741,18.197699,7.2488804
"127","4am",8.51102,24.865324,25.40251,25.791064,15.4300864
"128","4am",11.628695,20.18484,43.68284,15.677569,8.8260576
"129","4am",41.153684,12.644425,33.08959,9.142702,3.9696007
"130","4am",13.021435,24.830539,36.57782,17.198712,8.3714889
"131","4am",15.757891,22.048365,18.16979,28.282487,15.741466
"132","4am",16.264806,32.058703,26.32787,18.508271,6.8403495
"133","4am",8.217516,6.679075,25.60355,38.994602,20.5052538
"134","4am",5.942986,32.335081,25.93012,28.949637,6.842174
"135","4am",9.25618,18.233256,30.78031,32.734754,8.9954961
"136","4am",14.044896,3.282126,15.18609,46.298304,21.1885816
"137","4am",10.500307,15.567153,48.14916,21.362998,4.4203799
"138","4am",7.806451,10.140762,31.49329,31.032493,19.5270032
"139","4am",15.679495,23.186205,38.86009,16.331352,5.9428544
"140","4am",8.345296,25.117552,19.71284,24.298732,22.5255816
"141","4am",13.106296,13.552157,35.77423,27.299729,10.2675869
"142","4am",11.600297,23.738394,28.7468,22.035487,13.8790181
"143","4am",5.610544,23.432401,45.3709,17.726497,7.8596553
"201","4am",8.322329,42.220752,21.74415,22.582177,5.1305871
"202","4am",9.940496,29.962827,33.96955,22.247005,3.8801186
"203","4am",9.988096,29.098967,24.9963,34.378995,1.5376455
"204","4am",10.806298,41.020251,22.43141,24.176827,1.565215
"205","4am",10.556995,45.280146,27.28638,15.869133,1.0073466
"301","4am",4.048707,12.0627,17.26727,33.765619,32.8557083
"302","4am",12.105575,10.294813,12.18143,28.346845,37.0713363
"303","4am",7.043327,13.596462,14.55686,36.772352,28.0310014
"304","4am",10.639916,21.820146,37.67322,22.888744,6.9779719
"305","4am",6.633512,10.021765,36.20602,25.412617,21.7260823
"306","4am",7.556628,23.45975,26.96376,41.080361,0.9395063
"307","4am",7.906931,20.746284,25.52554,21.203339,24.6179084
"308","4am",3.435096,19.252101,19.55172,43.214094,14.546985
"309","4am",20.829449,22.702429,30.73022,21.192465,4.5454405
"310","4am",8.905896,16.645713,27.35245,38.575258,8.5206779
"311","4am",0,7.757494,35.82526,28.303515,28.1137299
"312","4am",9.519664,30.277001,30.3287,20.045028,9.8296075
"313","4am",9.925993,29.991819,26.6347,20.143598,13.3038857
"314","4am",6.727704,30.496779,24.39018,29.601081,8.7842546
"401","4am",6.792604,15.103093,28.10331,29.151463,20.8495339
"402","4am",10.748628,53.03626,18.18703,15.252912,2.7751724
"403","4am",8.069888,36.46968,26.22933,19.618234,9.6128731
"501","4am",8.311185,29.355319,25.69717,31.363375,5.2729483
"502","4am",6.643595,20.02858,24.44118,40.285308,8.6013372
"503","4am",12.183717,44.139596,27.35305,15.420357,0.9032773
"504","4am",9.907038,19.585616,20.48982,40.112406,9.9051169
"505","4am",3.769435,11.619796,23.23489,47.43458,13.9412972
"506","4am",9.242112,15.669921,27.87068,37.739111,9.4781799
"507","4am",7.338387,29.245137,31.71326,27.24712,4.4560935
"508","4am",13.093386,31.322298,28.63429,18.30962,8.6404008
"509","4am",8.68277,24.503903,21.4572,30.861305,14.4948257
"510","4am",3.164737,24.293499,27.36199,35.894989,9.2847863
"511","4am",7.715561,27.652451,24.12453,34.579019,5.9284363
"512","4am",3.937219,26.236192,22.857,40.591152,6.3784384
"513","4am",4.362933,30.392593,35.89676,25.355205,3.992505
"514","4am",11.042517,37.795276,27.45902,21.217924,2.485261
"515","4am",9.80841,31.808079,34.72648,17.762686,5.8943424
"516","4am",5.967126,41.295205,30.60947,17.416121,4.7120772
"517","4am",6.705287,20.93735,22.326,37.125722,12.905643
"518","4am",1.60347,49.891501,28.7152,17.643604,2.1462274
"519","4am",4.149439,26.961543,32.69141,30.830571,5.3670355
"601","4am",4.425166,38.185341,33.95278,23.43671,0
"602","4am",10.897192,44.676936,25.16359,15.1013,4.1609817
"603","4am",8.074052,32.692599,31.25826,25.626152,2.3489408
"701","4am",3.132074,19.254758,30.09792,28.129046,19.3862012
"801","4am",9.893385,27.834684,31.53949,25.958926,4.7735184
"802","4am",12.905969,40.653684,19.35261,19.121065,7.9666723
"803","4am",12.047092,27.731618,44.8005,13.328628,2.0921637
"804","4am",3.693929,26.652168,35.15919,30.700499,3.7942126
"805","4am",5.656315,33.966938,33.03247,26.764502,0.5797778
"806","4am",7.227909,38.931104,28.47773,22.189232,3.17403
"901","4am",15.006196,15.401426,15.8417,37.894151,15.8565303
"902","4am",4.229577,26.273755,26.94877,32.419384,10.1285128
"903","4am",2.979801,46.358221,30.06023,15.020515,5.5812298
"101","5am",12.80725,6.129775,16.46755,19.71004,44.8853842
"102","5am",12.466327,2.603059,24.78551,35.275497,24.8696059
"103","5am",6.535373,5.839648,37.97994,25.016907,24.6281368
"104","5am",7.464285,22.052627,31.96113,26.636418,11.8855427
"105","5am",4.802263,17.577032,22.26759,26.680408,28.6727115
"106","5am",3.685341,20.436791,29.48987,26.046578,20.341419
"107","5am",9.118269,5.288466,27.13297,20.804922,37.6553758
"108","5am",12.696028,21.3237,30.41046,21.082469,14.4873483
"109","5am",17.253059,30.918941,41.93252,6.100491,3.794988
"110","5am",10.00935,14.927703,40.79651,19.007873,15.2585612
"111","5am",13.960811,25.743127,37.31915,15.414963,7.5619533
"112","5am",12.20718,35.147432,28.08924,9.190412,15.3657396
"113","5am",10.831148,15.504413,37.70815,24.478651,11.477637
"114","5am",42.928963,28.839381,21.66615,4.347729,2.2177798
"115","5am",6.048143,29.53029,36.77371,19.739626,7.9082323
"116","5am",10.69197,25.763389,32.51991,17.886387,13.1383442
"117","5am",21.153899,27.507952,34.00682,11.978981,5.3523482
"118","5am",7.889614,23.250704,21.44455,41.050037,6.3650907
"119","5am",9.365418,10.717322,21.64106,35.793856,22.4823433
"120","5am",6.112098,12.258467,24.78226,38.165047,18.68213
"121","5am",4.783396,28.410208,27.36796,24.336758,15.1016799
"122","5am",5.955447,15.351902,36.6131,25.267038,16.8125085
"123","5am",11.224236,26.752537,30.4648,23.882314,7.6761168
"124","5am",13.968766,19.141311,43.95187,18.231305,4.7067456
"125","5am",18.699543,44.499585,27.4991,6.891992,2.4097826
"126","5am",23.968056,21.554197,29.55271,17.62545,7.29959
"127","5am",8.482115,25.120493,25.31624,25.703474,15.3776834
"128","5am",11.555353,19.980836,43.05533,16.256502,9.1519817
"129","5am",39.258748,14.271414,33.36962,9.134279,3.9659432
"130","5am",13.073314,23.951948,37.30266,17.267233,8.4048415
"131","5am",15.785286,22.202288,18.02294,28.37525,15.6142387
"132","5am",14.93735,32.49133,25.77506,19.988823,6.8074331
"133","5am",8.217516,6.679075,25.60355,38.994602,20.5052538
"134","5am",6.409051,31.625109,25.79076,29.289601,6.8854764
"135","5am",8.26331,20.216687,30.22221,32.546229,8.7515631
"136","5am",13.375091,3.307702,15.30443,46.659083,21.3536937
"137","5am",10.598639,15.712934,47.6636,21.563055,4.4617753
"138","5am",7.852834,9.606852,31.68041,31.216876,19.6430253
"139","5am",15.817131,23.083578,38.62956,16.47471,5.9950212
"140","5am",8.405763,25.299547,19.85567,24.474794,21.964223
"141","5am",12.678565,16.373428,34.60672,26.408788,9.9324988
"142","5am",11.653855,23.334265,29.94817,21.120608,13.9430974
"143","5am",5.70948,23.027315,45.22587,18.039087,7.9982526
"201","5am",8.29066,43.31497,21.66141,22.496246,4.2367132
"202","5am",10.176185,28.302251,34.77497,22.77448,3.9721159
"203","5am",10.377625,29.165929,25.37056,33.525213,1.5606687
"204","5am",10.445656,40.937623,22.63781,24.399291,1.5796173
"205","5am",10.776975,44.666073,27.32881,16.199804,1.0283371
"301","5am",4.09986,11.668787,17.48543,34.192227,32.5536974
"302","5am",12.105575,10.294813,12.18143,28.346845,37.0713363
"303","5am",7.15777,13.817382,14.79338,35.745006,28.4864596
"304","5am",10.792635,21.347725,38.49213,22.966608,6.4009008
"305","5am",6.611533,10.223864,35.87996,24.460368,22.8242762
"306","5am",7.73573,23.693457,26.32298,41.286057,0.9617738
"307","5am",7.906931,20.746284,25.52554,21.203339,24.6179084
"308","5am",3.479368,19.500226,19.08243,43.203511,14.7344689
"309","5am",20.561607,23.696382,30.33506,20.919956,4.4869917
"310","5am",8.85604,17.112346,27.19933,38.359306,8.4729776
"311","5am",0,7.757494,35.82526,28.303515,28.1137299
"312","5am",9.607627,30.556766,29.68492,20.230248,9.9204349
"313","5am",10.106026,30.535798,26.56592,20.508954,12.2832978
"314","5am",6.767001,30.090802,24.53265,29.773985,8.8355646
"401","5am",6.84338,15.215992,28.31338,28.621855,21.0053888
"402","5am",10.83038,53.439644,17.56477,15.368923,2.7962798
"403","5am",8.47152,36.189864,26.33179,19.467711,9.5391176
"501","5am",8.162944,29.099852,26.58514,30.973169,5.1788981
"502","5am",6.960082,20.169992,24.04677,40.472763,8.350393
"503","5am",11.632691,44.468351,27.19615,15.778553,0.9242593
"504","5am",9.907323,19.612463,21.66259,39.229996,9.5876305
"505","5am",3.839276,11.835088,21.81259,48.313449,14.1996019
"506","5am",9.242112,15.669921,27.87068,37.739111,9.4781799
"507","5am",7.480375,29.122982,31.63886,27.215466,4.5423134
"508","5am",13.419799,30.440067,28.51826,18.766071,8.8558023
"509","5am",8.68277,24.503903,21.4572,30.861305,14.4948257
"510","5am",3.164737,24.293499,27.36199,35.894989,9.2847863
"511","5am",7.773258,27.859236,23.12471,35.270022,5.9727692
"512","5am",3.941279,26.263247,23.45052,39.959936,6.3850158
"513","5am",4.384084,30.055139,36.07079,25.478126,4.0118605
"514","5am",11.104431,37.4465,27.61298,21.336891,2.4991956
"515","5am",9.700495,31.678841,35.22392,17.567255,5.8294908
"516","5am",6.119011,41.938017,29.25153,17.859427,4.8320171
"517","5am",6.925612,20.382932,21.6774,37.684359,13.3297014
"518","5am",1.645017,49.539222,28.51316,18.100767,2.2018382
"519","5am",4.683919,26.562891,31.86746,31.416667,5.4690639
"601","5am",4.484615,38.404835,33.88395,23.2266,0
"602","5am",11.128146,44.034052,25.96216,14.626474,4.2491691
"603","5am",8.041531,32.560921,31.13236,25.925712,2.3394798
"701","5am",3.132074,19.254758,30.09792,28.129046,19.3862012
"801","5am",9.111192,28.050102,32.72718,25.301068,4.8104617
"802","5am",13.011626,40.986502,19.51104,18.458935,8.0318929
"803","5am",12.017564,27.663645,44.69069,13.541067,2.0870357
"804","5am",3.768329,27.188969,33.85323,31.318838,3.8706319
"805","5am",5.6893,34.165019,33.2251,26.337423,0.5831588
"806","5am",7.321025,38.144362,28.8446,22.475092,3.2149206
"901","5am",15.080348,14.983388,15.91998,38.081402,15.9348843
"902","5am",4.296516,25.947639,27.37527,32.091763,10.2888103
"903","5am",3.002165,45.955618,30.28585,15.13325,5.6231193
"101","6am",10.995846,4.883063,18.62133,20.032407,45.467352
"102","6am",12.188828,4.429826,25.03877,34.194268,24.1483052
"103","6am",5.754412,6.918911,38.75357,24.440112,24.1329935
"104","6am",7.502388,21.041767,35.37366,25.167138,10.9150502
"105","6am",4.85789,15.604451,22.51225,28.020569,29.0048438
"106","6am",4.08704,19.758922,30.24829,25.070213,20.8355388
"107","6am",9.232561,5.354754,26.07925,21.206063,38.1273671
"108","6am",13.088984,21.983692,31.59427,18.39731,14.9357475
"109","6am",16.705077,34.410164,39.30357,5.90673,3.6744537
"110","6am",10.050368,15.586446,39.11345,19.628704,15.621035
"111","6am",14.4243,24.452955,36.88603,16.686417,7.5502963
"112","6am",11.225027,35.060893,30.0301,8.765242,14.9187349
"113","6am",10.758193,15.796585,38.29178,23.854744,11.2986979
"114","6am",40.917156,33.139232,19.59257,4.205708,2.1453349
"115","6am",7.428178,29.070423,39.24745,16.842364,7.4115866
"116","6am",10.120594,27.035756,31.40198,18.750313,12.6913549
"117","6am",21.596536,26.770314,34.73039,11.438417,5.4643439
"118","6am",8.27431,22.381179,21.23657,41.432487,6.6754513
"119","6am",8.325141,12.217428,24.57681,34.828297,20.0523259
"120","6am",6.134595,13.115084,25.52936,35.414842,19.8061168
"121","6am",4.230782,26.766648,26.35273,27.005541,15.6443048
"122","6am",6.646203,17.439391,32.79661,25.180013,17.9377811
"123","6am",10.186233,27.940179,30.2551,23.900336,7.7181506
"124","6am",13.229157,20.866766,42.59333,18.52753,4.7832215
"125","6am",19.619403,43.621814,27.63016,6.519965,2.6086604
"126","6am",23.694319,22.553897,27.7439,18.549801,7.4580872
"127","6am",8.991087,24.015691,25.7542,26.009474,15.2295523
"128","6am",10.266421,24.129103,41.91925,15.554095,8.1311314
"129","6am",40.381054,13.899694,33.63055,8.009378,4.0793193
"130","6am",10.943764,24.834348,36.17353,20.152314,7.8960415
"131","6am",15.743903,23.297849,16.45865,28.797636,15.701964
"132","6am",14.062617,32.106768,26.87505,19.997008,6.9585608
"133","6am",7.601624,6.165565,28.8291,37.349603,20.0541048
"134","6am",6.807488,29.947305,25.79637,30.135302,7.3135322
"135","6am",8.013656,21.530403,30.80379,31.44499,8.2071618
"136","6am",13.997138,2.884614,14.86236,45.909079,22.3468083
"137","6am",10.624849,15.616116,48.24551,21.04072,4.4728091
"138","6am",8.312915,8.374685,30.00979,32.508741,20.7938695
"139","6am",16.869716,23.488286,37.39439,16.757509,5.4901015
"140","6am",7.1844,24.608164,22.46571,23.999032,21.7426981
"141","6am",12.95251,17.665809,33.39886,25.835707,10.1471101
"142","6am",12.212504,24.162804,31.08113,18.712079,13.8314832
"143","6am",6.219666,22.173167,44.13136,18.762847,8.7129587
"201","6am",8.682687,42.914513,20.40576,23.559989,4.4370478
"202","6am",10.130881,28.025636,34.2915,23.943679,3.6083068
"203","6am",11.811762,28.998857,24.07171,35.117673,0
"204","6am",10.319249,41.802318,23.18128,23.496041,1.2011153
"205","6am",11.253309,43.530008,27.22707,16.915823,1.0737887
"301","6am",4.5172,12.254667,15.69111,33.94498,33.5920435
"302","6am",16.094352,9.578209,11.3335,28.503069,34.4908663
"303","6am",6.955127,13.979268,14.79323,36.08199,28.1903845
"304","6am",10.297338,22.110031,37.93188,22.993855,6.6668983
"305","6am",7.148906,10.08153,36.77996,24.434901,21.5547022
"306","6am",10.617696,22.852062,26.24518,39.272353,1.0127045
"307","6am",7.164555,22.392908,26.31868,20.214978,23.9088753
"308","6am",4.235479,18.89966,20.35982,42.363082,14.141959
"309","6am",21.399207,23.294947,29.06134,21.505258,4.7392433
"310","6am",9.054488,16.870896,25.58231,38.740156,9.752149
"311","6am",0,7.215906,34.2528,28.812056,29.7192396
"312","6am",12.256233,29.537474,30.96217,19.130724,8.1133969
"313","6am",9.358185,31.499457,26.59806,20.96581,11.578483
"314","6am",7.243138,28.578571,26.2588,30.949425,6.9700652
"401","6am",7.006917,14.814224,26.18603,30.485475,21.5073572
"402","6am",11.349081,52.648762,17.68649,15.385468,2.9302026
"403","6am",8.209566,34.610254,26.7208,20.442582,10.0168014
"501","6am",8.429754,28.576738,27.09986,30.825901,5.067748
"502","6am",7.325027,20.302426,25.30764,39.792242,7.2726659
"503","6am",11.559993,43.355431,27.27303,16.825936,0.9856117
"504","6am",9.965061,21.912624,21.09628,36.988909,10.0371229
"505","6am",4.153892,12.213806,22.39264,46.516949,14.7227138
"506","6am",8.117453,15.908597,29.91618,36.96704,9.0907324
"507","6am",7.740949,30.01277,32.74098,24.804757,4.7005419
"508","6am",12.976824,33.142135,27.5022,18.53108,7.8477553
"509","6am",9.323214,24.946116,21.91324,29.420702,14.3967306
"510","6am",2.073172,26.409629,26.57811,36.758857,8.1802332
"511","6am",8.45003,28.77757,23.3365,34.226093,5.2098055
"512","6am",4.187497,26.371043,25.10388,37.553686,6.7838991
"513","6am",5.569415,29.855719,35.85944,25.535594,3.1798272
"514","6am",9.730229,32.307841,35.78461,19.699934,2.4773898
"515","6am",10.419,33.641061,30.85791,18.891452,6.1905756
"516","6am",5.654311,40.630534,29.13776,18.736616,5.8407807
"517","6am",7.401061,19.219301,23.16557,37.446365,12.7677085
"518","6am",1.835661,44.96595,32.67862,18.870753,1.6490134
"519","6am",4.567693,31.986281,30.18812,27.924548,5.333356
"601","6am",4.409322,34.11957,36.19139,25.279722,0
"602","6am",11.049429,44.462564,25.37708,14.891816,4.2191117
"603","6am",8.298318,32.567507,31.46468,25.255304,2.4141855
"701","6am",3.236784,19.898469,29.2192,29.069435,18.57611
"801","6am",9.733618,24.54365,34.14248,27.366251,4.2140057
"802","6am",12.85576,35.272454,21.23771,21.556047,9.0780242
"803","6am",12.581117,29.00641,43.50811,14.176063,0.7283018
"804","6am",3.941152,25.616189,34.65136,31.743149,4.0481472
"805","6am",5.896408,33.286384,32.91664,27.296185,0.6043875
"806","6am",7.586825,39.529246,29.89184,21.62526,1.3668246
"901","6am",15.423111,12.895979,16.23088,39.127781,16.3222444
"902","6am",4.467289,26.978972,26.16376,32.713258,9.6767215
"903","6am",3.441636,47.15478,29.15618,14.873471,5.3739349
"101","7am",9.579885,8.252586,25.77897,18.24476,38.1438063
"102","7am",12.35561,7.554561,24.70045,32.0395,23.3498753
"103","7am",5.513332,8.345411,38.36605,25.20919,22.5660154
"104","7am",8.355811,20.019408,32.53917,27.50439,11.5812193
"105","7am",5.370379,15.35432,22.70464,27.50918,29.0614854
"106","7am",3.484275,17.585417,27.05491,31.22393,20.651473
"107","7am",6.872431,8.257055,30.23478,22.2713,32.364441
"108","7am",10.955596,19.932353,35.85732,21.01484,12.2398957
"109","7am",14.23048,33.851192,35.46409,11.57122,4.8830171
"110","7am",11.870998,14.785519,39.96385,20.00881,13.3708219
"111","7am",13.509953,26.32444,35.81057,15.98611,8.3689299
"112","7am",12.711437,34.399908,29.4932,12.21941,11.1760468
"113","7am",10.75043,22.664931,33.94809,19.47698,13.1595628
"114","7am",40.47288,34.116145,20.35223,3.40173,1.6570146
"115","7am",7.548836,29.757765,36.06609,19.7152,6.9121127
"116","7am",10.52796,29.483247,28.29935,21.09865,10.5907868
"117","7am",21.411134,26.301178,37.10581,12.19506,2.9868201
"118","7am",8.234514,28.062275,24.35243,32.45713,6.893657
"119","7am",10.146662,14.516671,22.67122,34.75207,17.9133688
"120","7am",5.307501,13.97845,25.35286,33.18436,22.1768339
"121","7am",3.984761,23.461261,34.72279,22.63964,15.1915525
"122","7am",6.748242,14.82265,26.59456,32.79825,19.0363026
"123","7am",9.561123,25.915,33.20493,25.90923,5.409723
"124","7am",14.131576,24.733362,42.00261,13.81434,5.3181124
"125","7am",15.829393,32.68155,25.42904,15.53291,10.5270998
"126","7am",27.619627,19.960395,28.10903,15.10637,9.2045792
"127","7am",9.361162,27.780967,22.64929,25.3718,14.8367799
"128","7am",10.042662,25.413961,36.35468,21.03599,7.1527086
"129","7am",39.111489,14.028775,29.03932,12.86013,4.9602832
"130","7am",9.947811,23.819139,30.92679,25.29228,10.0139891
"131","7am",14.091446,23.83998,18.20842,27.06045,16.7997023
"132","7am",13.259488,28.286231,28.55015,23.62729,6.2768412
"133","7am",8.061841,2.98437,31.74345,38.2753,18.9350395
"134","7am",6.608081,31.111486,26.51814,27.62708,8.1352128
"135","7am",8.405015,24.421267,26.5693,32.86172,7.7427055
"136","7am",15.533682,5.401206,17.30092,42.84791,18.9162843
"137","7am",10.442994,16.020243,47.57737,24.10984,1.8495605
"138","7am",8.077728,7.189475,36.85993,32.5995,15.2733639
"139","7am",17.487667,22.02628,38.7407,17.88534,3.8600061
"140","7am",15.938758,20.742359,28.47595,20.85388,13.9890561
"141","7am",11.527302,18.204142,31.87532,29.0625,9.3307348
"142","7am",9.916899,24.860795,37.40966,16.89503,10.9176158
"143","7am",7.400826,24.376427,43.88326,13.19358,11.14591
"201","7am",12.085173,43.239784,20.05028,19.92436,4.7004058
"202","7am",9.345692,28.542777,35.56548,23.40397,3.1420798
"203","7am",12.974016,30.865786,21.84234,34.31786,0
"204","7am",10.695728,48.917596,18.08694,20.81296,1.4867688
"205","7am",10.726826,41.575314,29.07507,17.43085,1.1919394
"301","7am",4.578578,12.938576,15.3765,39.02579,28.0805569
"302","7am",14.241497,11.544147,15.64679,26.38901,32.1785561
"303","7am",8.244057,14.683816,16.65192,35.1927,25.227505
"304","7am",11.166124,21.95948,35.72851,22.60271,8.54318
"305","7am",4.809905,11.955372,38.16659,21.60223,23.465897
"306","7am",12.70894,25.184297,23.53357,37.32154,1.251646
"307","7am",6.846208,30.300056,27.27175,17.0819,18.5000883
"308","7am",4.426508,21.305461,17.18011,45.31378,11.7741389
"309","7am",23.561553,25.125911,23.59947,23.98531,3.7277557
"310","7am",7.820377,23.072887,31.26455,27.72958,10.1126047
"311","7am",0,9.191288,36.54079,26.91597,27.351954
"312","7am",11.929534,31.869493,27.76416,22.16545,6.2713625
"313","7am",10.167234,29.327657,26.02362,22.58042,11.9010729
"314","7am",8.078118,29.376345,27.23488,29.33964,5.9710201
"401","7am",9.298488,13.164869,23.99633,34.15826,19.3820467
"402","7am",8.509979,56.353952,16.73571,15.97335,2.4270027
"403","7am",8.473383,35.611421,27.42097,16.98765,11.5065811
"501","7am",7.940186,27.102094,28.43346,31.24897,5.2752815
"502","7am",7.322486,23.445995,28.83686,34.071,6.3236516
"503","7am",9.934377,44.318534,24.60752,20.12719,1.0123764
"504","7am",10.069987,24.703405,20.15505,36.01346,9.0581069
"505","7am",4.597139,14.883984,21.34403,44.31579,14.8590614
"506","7am",7.367038,13.335315,40.62955,31.75065,6.9174471
"507","7am",6.656873,30.027234,37.88438,22.2635,3.1680107
"508","7am",15.373373,35.104277,27.2202,16.27971,6.0224406
"509","7am",8.615728,31.412202,19.81236,26.61506,13.544654
"510","7am",2.506716,28.558572,24.28534,35.66336,8.9860118
"511","7am",10.505236,31.765494,22.14858,29.85936,5.721334
"512","7am",4.169481,32.616906,25.51957,30.92667,6.7673746
"513","7am",6.427445,31.438315,32.29887,27.70268,2.1326853
"514","7am",8.951173,32.21441,34.36638,23.72788,0.7401605
"515","7am",10.99898,36.436221,32.46042,14.6452,5.4591789
"516","7am",6.157027,42.343393,26.56766,19.44117,5.4907489
"517","7am",8.910996,19.111575,23.45724,35.41948,13.1007084
"518","7am",2.112768,45.636128,33.32158,17.96155,0.9679723
"519","7am",10.138664,28.848047,29.55288,24.79163,6.668784
"601","7am",4.940167,31.644509,39.49773,23.91759,0
"602","7am",11.109169,43.797501,23.17626,17.69368,4.2233901
"603","7am",9.139718,34.782976,28.40512,25.79291,1.879279
"701","7am",3.54399,21.278396,31.13291,29.29984,14.7448666
"801","7am",11.438888,26.376406,33.38208,27.71548,1.0871478
"802","7am",15.745072,33.602276,18.19062,24.82502,7.6370132
"803","7am",12.660115,29.476996,41.16371,15.02494,1.6742434
"804","7am",4.124072,26.038843,34.70525,30.8958,4.2360331
"805","7am",6.445616,35.065407,31.63106,26.85792,0
"806","7am",8.10601,38.297911,30.42307,21.71265,1.4603597
"901","7am",16.37118,12.603956,17.07174,35.93342,18.019709
"902","7am",5.007596,27.902902,23.45608,33.51948,10.1139462
"903","7am",4.087285,49.106643,26.98879,15.65103,4.1662497
"101","8am",9.413792,11.649166,26.85413,22.790952,29.2919563
"102","8am",11.361351,9.876533,27.2732,27.640862,23.8480542
"103","8am",6.80667,11.922109,36.24648,27.259328,17.7654144
"104","8am",8.429699,18.178874,34.02129,27.907063,11.463069
"105","8am",7.450169,15.892096,28.93849,29.40595,18.3132983
"106","8am",4.667807,11.81517,20.68983,32.217472,30.60972
"107","8am",6.601162,9.141051,36.2157,21.366162,26.675922
"108","8am",11.517721,18.746745,34.51611,25.245902,9.9735203
"109","8am",15.23044,32.738852,33.66855,12.786008,5.5761477
"110","8am",13.779548,15.018921,37.70162,20.22869,13.2712233
"111","8am",11.325553,20.614497,35.32402,20.413794,12.3221383
"112","8am",9.133491,32.071649,30.68386,18.04589,10.0651068
"113","8am",9.401616,24.435704,35.87236,17.424607,12.8657142
"114","8am",34.982075,30.134795,26.55989,8.323241,0
"115","8am",6.859299,28.208008,34.72649,21.527052,8.6791514
"116","8am",10.426036,30.598541,29.82502,20.733573,8.4168259
"117","8am",20.013767,25.188302,41.72029,9.798251,3.2793933
"118","8am",10.212811,27.118291,21.69279,30.238071,10.7380402
"119","8am",8.002977,14.234934,27.19488,29.76433,20.8028796
"120","8am",7.361728,12.948033,23.68259,33.067451,22.9401973
"121","8am",3.916127,16.534269,33.38463,27.842799,18.322174
"122","8am",5.068177,14.699007,28.09614,28.182204,23.9544742
"123","8am",10.2977,26.20877,33.47606,25.01474,5.002732
"124","8am",15.065706,28.35169,35.45359,15.923236,5.2057775
"125","8am",15.67419,29.668332,22.60858,20.98487,11.0640254
"126","8am",28.899783,17.547778,27.47137,18.803016,7.2780497
"127","8am",9.424691,26.104638,20.72007,25.079322,18.6712795
"128","8am",7.551426,24.453897,31.16627,18.168354,18.6600536
"129","8am",31.669006,14.737375,32.02467,13.773512,7.7954387
"130","8am",10.739635,21.989888,33.44564,21.95078,11.8740579
"131","8am",14.34938,23.9088,22.12462,25.239931,14.3772724
"132","8am",12.986247,26.769722,33.29144,19.508299,7.4442944
"133","8am",8.990011,8.504846,31.27805,41.505241,9.7218492
"134","8am",6.866192,26.993269,29.23599,26.364246,10.540303
"135","8am",7.959139,25.90232,26.86265,30.503791,8.7721001
"136","8am",16.694049,10.37956,18.26231,42.221618,12.442468
"137","8am",11.261246,23.294892,44.2825,18.945188,2.2161746
"138","8am",9.654048,9.071472,28.40623,29.159926,23.7083292
"139","8am",15.026581,21.337041,37.0858,18.169986,8.3805907
"140","8am",16.034723,23.026563,33.21399,14.917931,12.8067883
"141","8am",10.705753,17.701638,29.10661,27.81047,14.6755277
"142","8am",10.929938,29.369554,36.85865,20.485876,2.3559767
"143","8am",7.509674,29.268128,43.03122,15.325352,4.865625
"201","8am",11.970452,43.557619,19.25187,21.176105,4.0439507
"202","8am",9.634366,30.279268,30.95599,24.924987,4.205388
"203","8am",13.270341,32.739456,19.32418,34.666022,0
"204","8am",9.249506,49.401139,22.26407,18.229501,0.8557797
"205","8am",11.938948,39.58665,28.79121,18.356569,1.3266274
"301","8am",6.1365,17.169066,13.97035,35.435564,27.2885235
"302","8am",10.560445,11.395856,19.58186,26.201928,32.2599115
"303","8am",8.96929,18.737155,17.96168,29.798745,24.5331296
"304","8am",13.265675,21.632049,37.94214,23.797224,3.3629134
"305","8am",5.311611,12.222908,32.19489,23.973521,26.2970675
"306","8am",14.148919,25.380764,22.34221,36.332385,1.7957162
"307","8am",5.762183,36.193214,27.49966,19.000762,11.5441858
"308","8am",5.262423,25.328847,17.91678,44.849344,6.6426064
"309","8am",23.01887,25.088862,22.69885,24.174778,5.0186383
"310","8am",8.817745,24.040455,31.51488,21.211108,14.4158106
"311","8am",0,11.284461,41.33195,30.921187,16.4623968
"312","8am",10.666233,36.752404,24.18651,23.844234,4.5506141
"313","8am",11.249067,31.813054,27.75304,20.680477,8.504362
"314","8am",7.978169,30.025695,27.91687,30.189402,3.8898612
"401","8am",8.818316,16.589886,27.01525,33.178438,14.398113
"402","8am",8.729388,51.955063,16.82979,20.911476,1.5742833
"403","8am",9.226184,36.947779,30.60924,16.288541,6.9282576
"501","8am",7.003132,25.891114,27.50421,34.547751,5.0537986
"502","8am",6.137908,24.513067,29.14986,36.063294,4.135869
"503","8am",13.663237,45.536666,18.90535,21.894743,0
"504","8am",13.230614,30.265757,23.00528,27.433789,6.0645575
"505","8am",6.404489,19.083885,26.44039,37.911604,10.1596318
"506","8am",7.231555,12.656909,46.4267,28.831132,4.8537035
"507","8am",3.524962,32.41295,36.83249,21.988928,5.2406746
"508","8am",17.86362,38.795976,26.34561,13.279984,3.7148124
"509","8am",6.768787,36.207799,21.78582,24.926612,10.3109817
"510","8am",2.983806,26.677694,28.343,34.76433,7.2311717
"511","8am",11.046157,33.544304,22.65286,27.128439,5.6282443
"512","8am",3.928617,27.201604,30.45093,29.292639,9.1262122
"513","8am",7.316698,30.240725,30.08759,27.144368,5.2106226
"514","8am",8.990874,32.877165,35.06115,23.070807,0
"515","8am",11.515511,37.684181,31.8753,14.296023,4.6289843
"516","8am",8.273204,40.085812,26.72905,19.754847,5.1570829
"517","8am",9.267958,21.177821,23.61913,31.574673,14.3604166
"518","8am",2.259898,44.354384,34.81707,16.488476,2.0801693
"519","8am",12.827508,25.341972,33.35243,22.734868,5.7432225
"601","8am",5.777951,33.681774,37.75167,22.547303,0.2413015
"602","8am",10.461945,44.340636,25.10868,15.970069,4.1186709
"603","8am",9.614111,33.642443,28.61207,26.154554,1.9768222
"701","8am",3.611563,21.684105,32.40027,27.27806,15.0260025
"801","8am",12.44336,31.542378,30.68706,25.327203,0
"802","8am",17.50201,32.170275,19.19053,27.228632,3.9085512
"803","8am",12.392984,29.545378,41.64342,14.815275,1.6029406
"804","8am",4.591247,25.178037,36.61361,30.080188,3.5369187
"805","8am",6.450529,35.59618,31.46591,26.487376,0
"806","8am",7.690117,38.555621,29.55488,22.056877,2.1425083
"901","8am",16.014393,13.448751,23.20459,32.280731,15.0515382
"902","8am",4.453498,26.499693,26.88071,34.042699,8.1234036
"903","8am",4.187776,49.348482,28.14496,15.434956,2.8838269
"101","9am",9.368389,14.197754,26.72929,23.441515,26.2630563
"102","9am",9.359149,10.532941,29.66424,28.545667,21.898004
"103","9am",7.074896,9.492908,32.99036,31.136114,19.3057211
"104","9am",9.855725,20.357583,32.63067,27.45493,9.7010949
"105","9am",10.873697,18.904975,27.61272,28.490594,14.1180147
"106","9am",3.680853,11.429667,20.64154,31.127548,33.1203965
"107","9am",7.788552,11.586242,35.02395,25.369449,20.2318051
"108","9am",13.705349,18.008913,35.60641,23.526943,9.1523883
"109","9am",13.31989,33.730626,33.23767,14.500741,5.2110684
"110","9am",11.580479,15.110217,37.6064,21.14059,14.5623186
"111","9am",10.579179,23.035137,34.30384,17.154778,14.9270677
"112","9am",9.25002,28.249112,32.87174,17.3201,12.3090284
"113","9am",10.465614,22.977616,34.98542,19.525883,12.0454645
"114","9am",29.994961,32.253974,24.30554,8.632611,4.8129181
"115","9am",7.20193,28.551814,31.81749,24.880682,7.5480819
"116","9am",11.244768,32.298554,30.55933,18.377164,7.5201879
"117","9am",21.664892,22.648573,38.95345,13.606036,3.1270525
"118","9am",8.903582,26.848758,23.22061,28.200691,12.8263642
"119","9am",7.058503,14.037539,28.4984,31.307661,19.0978973
"120","9am",8.879737,12.22482,24.01758,32.840669,22.0371974
"121","9am",9.551288,19.736545,37.0417,27.913712,5.7567595
"122","9am",4.727564,14.868567,25.75875,28.773182,25.8719381
"123","9am",9.680992,24.795243,34.95351,24.72122,5.849034
"124","9am",15.642424,30.464695,35.35898,16.60841,1.9254883
"125","9am",16.403771,27.778232,19.66396,24.973777,11.1802607
"126","9am",30.10981,19.197187,26.49031,16.717509,7.4851889
"127","9am",8.10005,25.843078,19.55231,25.371776,21.1327882
"128","9am",9.381761,25.016959,29.27984,21.377576,14.9438692
"129","9am",30.445114,18.457554,29.14295,13.459711,8.4946743
"130","9am",9.719103,20.074648,31.37317,28.21335,10.6197244
"131","9am",12.882362,23.435266,24.66257,21.2899,17.7299058
"132","9am",14.362731,28.833971,30.67018,19.485734,6.6473833
"133","9am",6.008446,4.448469,34.97692,43.421579,11.1445873
"134","9am",7.703354,23.986064,31.73101,26.083203,10.4963664
"135","9am",6.191216,25.517188,31.42945,28.708652,8.1534897
"136","9am",17.478202,10.922588,23.11107,33.531662,14.9564791
"137","9am",13.077625,23.637702,41.21699,19.674943,2.3927369
"138","9am",8.886944,11.126097,37.50472,32.821781,9.6604576
"139","9am",13.243033,22.925946,34.6277,22.11923,7.0840862
"140","9am",18.64601,24.918941,29.13667,14.927788,12.370595
"141","9am",12.934424,17.272208,30.48453,23.692547,15.6162899
"142","9am",10.478681,25.538316,39.55286,22.235328,2.1948117
"143","9am",9.037371,31.070191,42.84231,13.133802,3.9163229
"201","9am",12.006577,44.229364,18.34624,21.361669,4.0561545
"202","9am",9.725927,28.876865,31.98999,25.161864,4.2453543
"203","9am",13.46851,30.122147,21.53385,34.458944,0.4165473
"204","9am",9.879832,47.599739,22.26828,18.842175,1.4099749
"205","9am",11.780013,40.835567,29.07766,16.997792,1.308967
"301","9am",6.397647,19.602817,10.77535,37.321358,25.9028316
"302","9am",9.156241,9.361469,19.96217,26.9143,34.6058169
"303","9am",9.845988,17.500038,19.73421,28.939607,23.9801586
"304","9am",13.747117,20.790654,38.62293,23.281878,3.5574218
"305","9am",5.198842,11.565382,33.46408,22.105998,27.6657022
"306","9am",13.159219,25.585879,19.88773,39.697063,1.670108
"307","9am",4.367359,39.732325,26.78342,18.329144,10.787756
"308","9am",5.197118,25.014526,17.71826,44.234189,7.8359075
"309","9am",23.087199,26.803431,18.94076,25.672887,5.4957233
"310","9am",8.350958,26.768464,30.55048,19.521355,14.8087385
"311","9am",0,9.090303,47.24936,31.387204,12.2731312
"312","9am",13.594829,36.333009,22.97536,24.631815,2.4649831
"313","9am",11.452588,31.018519,29.36029,19.960372,8.2082354
"314","9am",8.561282,27.870897,29.58469,29.319949,4.6631828
"401","9am",7.810893,20.073822,25.59003,32.443721,14.0815358
"402","9am",12.132328,53.356245,16.85998,15.952147,1.6993034
"403","9am",8.56726,38.392263,32.26776,17.528956,3.2437613
"501","9am",6.776338,26.120079,27.58232,33.959044,5.5622157
"502","9am",5.650036,28.74252,29.06682,32.078325,4.4623026
"503","9am",14.273707,37.948168,22.34067,25.43746,0
"504","9am",13.230485,33.543283,18.6465,30.918732,3.6610011
"505","9am",4.429971,22.095882,21.86684,39.175737,12.4315673
"506","9am",7.818815,14.729742,45.24732,28.913649,3.2904746
"507","9am",4.260027,34.745145,36.06692,20.730597,4.1973127
"508","9am",15.594614,41.178086,25.09608,16.723972,1.4072494
"509","9am",8.02454,33.855469,25.82755,20.068553,12.2238869
"510","9am",3.191871,26.564137,26.07534,34.198321,9.9703333
"511","9am",12.361052,35.728158,24.28182,20.402522,7.226447
"512","9am",4.411697,30.394518,28.22078,27.495453,9.4775485
"513","9am",7.53798,29.870623,31.42278,25.211824,5.9567928
"514","9am",9.182402,32.537144,34.71818,23.562272,0
"515","9am",10.608166,38.002646,30.53433,16.24274,4.6121141
"516","9am",8.719118,44.469364,25.76265,15.24227,5.8065949
"517","9am",10.673144,23.691346,24.52254,36.050207,5.0627642
"518","9am",2.402578,47.154742,30.71169,18.630242,1.1007501
"519","9am",14.648368,27.240902,33.96448,20.017835,4.1284124
"601","9am",4.562071,33.622451,38.46899,23.095721,0.2507675
"602","9am",10.344623,44.273667,25.5066,16.622088,3.2530176
"603","9am",10.391196,30.97596,28.42091,28.088671,2.1232592
"701","9am",3.836597,24.313322,34.21341,26.600282,11.0363888
"801","9am",10.303587,33.131922,30.55337,26.011123,0
"802","9am",17.421488,34.283696,18.17374,27.260574,2.8605009
"803","9am",12.625309,27.878677,42.13224,15.88858,1.4751953
"804","9am",4.528309,23.102172,36.1117,31.606576,4.6512446
"805","9am",6.984713,38.738979,30.76144,23.514869,0
"806","9am",7.622418,38.855638,29.53559,21.862702,2.123647
"901","9am",18.659392,15.669999,25.22747,24.981898,15.4612374
"902","9am",5.943264,25.887268,27.92105,33.099651,7.1487703
"903","9am",4.310303,48.996282,29.47129,14.253925,2.9682027
"101","10am",8.151102,11.365367,29.14553,25.055185,26.2828197
"102","10am",9.346433,11.44435,29.46032,29.167353,20.5815474
"103","10am",5.658177,10.349246,38.507,28.239403,17.246178
"104","10am",10.275209,19.948635,34.51932,24.708256,10.5485809
"105","10am",9.390646,21.490539,27.50808,26.850913,14.7598186
"106","10am",3.469658,11.447143,18.37178,32.731011,33.980412
"107","10am",7.344466,9.298836,40.3597,24.553288,18.4437092
"108","10am",11.65429,17.08589,38.14756,23.543715,9.5685419
"109","10am",12.672834,32.426742,34.39251,13.544783,6.9631294
"110","10am",14.790172,14.81269,35.98539,18.783969,15.6277744
"111","10am",13.181412,20.728726,35.73385,19.097215,11.2587963
"112","10am",9.606032,31.601082,31.12591,16.825408,10.841571
"113","10am",11.550681,22.842083,32.80429,19.237764,13.5651827
"114","10am",33.158945,31.422299,26.79089,8.627865,0
"115","10am",6.923234,27.538365,33.57762,25.376625,6.5841588
"116","10am",11.33339,31.882929,30.84696,16.825908,9.1108115
"117","10am",21.351777,23.971355,42.0215,7.953063,4.7023022
"118","10am",9.398758,29.408166,22.5611,28.051968,10.5800102
"119","10am",8.239538,14.118765,28.06383,29.906512,19.6713595
"120","10am",9.416786,12.403705,23.84325,33.436428,20.8998345
"121","10am",10.096331,19.759772,38.36558,25.693049,6.0852679
"122","10am",5.160453,14.954719,25.82151,29.947272,24.1160414
"123","10am",10.346974,24.337036,31.60093,27.534111,6.1809499
"124","10am",13.668022,31.51594,34.52014,18.854207,1.4416908
"125","10am",17.057998,25.959766,21.62644,24.076126,11.2796692
"126","10am",26.295285,21.826497,24.37841,21.158102,6.3417084
"127","10am",9.147048,25.274587,19.89277,22.807606,22.8779857
"128","10am",10.988454,23.943464,31.99004,19.260991,13.8170483
"129","10am",35.568012,14.894612,28.98217,11.119414,9.4357903
"130","10am",11.304024,22.875352,30.9086,23.891201,11.0208193
"131","10am",11.996474,23.793353,25.63553,19.956862,18.6177856
"132","10am",9.997219,28.145267,29.88272,25.085452,6.8893424
"133","10am",6.173842,3.229668,40.07968,42.166707,8.3501018
"134","10am",9.759595,28.064354,27.65552,23.086334,11.4341931
"135","10am",7.906317,25.423081,28.74694,29.010557,8.9131054
"136","10am",13.082114,9.860158,22.79358,35.100905,19.1632456
"137","10am",13.063245,19.709027,45.93332,19.064298,2.2301078
"138","10am",3.754553,7.772666,35.78783,41.291388,11.3935617
"139","10am",16.23591,19.623781,33.5731,21.251945,9.3152624
"140","10am",19.136748,20.470677,30.25495,17.397986,12.7396387
"141","10am",12.211651,17.449933,30.48321,22.921432,16.9337694
"142","10am",10.061549,31.695735,33.88272,21.464074,2.8959197
"143","10am",8.29458,30.212164,44.29182,14.514343,2.6870884
"201","10am",11.964941,44.075989,19.32493,20.592048,4.0420889
"202","10am",10.278882,30.103546,31.50561,23.625244,4.4867185
"203","10am",11.000162,32.16043,17.72667,36.711844,2.4008986
"204","10am",10.940867,46.15648,21.82162,19.523642,1.5573878
"205","10am",12.572043,42.087162,29.30115,14.325077,1.7145707
"301","10am",6.052115,20.559988,12.62504,37.884258,22.8786026
"302","10am",8.862089,9.47697,18.66423,26.617814,36.3788972
"303","10am",10.137158,18.219059,18.09262,31.669392,21.8817677
"304","10am",12.129578,22.292693,37.79785,24.314262,3.4656171
"305","10am",5.834658,10.717937,33.57601,22.751098,27.1203018
"306","10am",13.426345,25.848452,19.12241,39.898783,1.7040104
"307","10am",4.386624,39.681556,28.11474,16.090082,11.726994
"308","10am",5.54505,20.615639,20.72052,44.758292,8.3604979
"309","10am",21.123447,29.733309,19.60487,20.393328,9.1450425
"310","10am",8.231838,24.536377,29.41644,23.877126,13.9382162
"311","10am",0,10.876455,46.69997,29.538882,12.8846925
"312","10am",12.879107,33.508839,27.94181,23.335033,2.33521
"313","10am",11.34397,31.590382,27.55285,22.446163,7.0666384
"314","10am",8.851249,30.215804,28.90768,29.849819,2.1754458
"401","10am",7.630072,14.061024,37.14306,29.092535,12.0733068
"402","10am",11.510132,49.826701,20.39456,16.550049,1.7185581
"403","10am",7.850004,38.894089,31.2212,18.084186,3.9505205
"501","10am",7.029014,24.575817,28.82154,34.154207,5.4194247
"502","10am",7.127385,21.983332,34.13653,33.237402,3.5153549
"503","10am",7.389498,46.312413,22.96926,23.328829,0
"504","10am",14.85183,32.153269,18.1091,28.567568,6.3182344
"505","10am",5.157651,20.210712,24.7848,40.898444,8.9483949
"506","10am",8.18956,10.579463,44.09914,29.584928,7.5469038
"507","10am",4.266435,36.953032,34.19682,20.108276,4.4754408
"508","10am",19.274567,43.292925,17.03766,19.492409,0.9024415
"509","10am",6.578592,34.391205,25.58602,23.422924,10.0212556
"510","10am",3.275736,28.404036,27.23293,31.857366,9.2299345
"511","10am",11.875825,41.532063,21.81173,19.984809,4.7955783
"512","10am",3.562152,30.02142,30.04587,25.379847,10.9907075
"513","10am",7.158785,28.781059,33.25697,24.886548,5.9166393
"514","10am",9.720623,34.156658,35.12569,20.997026,0
"515","10am",10.895723,41.733595,27.55089,16.835365,2.9844278
"516","10am",6.804729,43.372845,26.71722,18.074585,5.0306253
"517","10am",11.061665,20.601133,28.02299,37.571181,2.7430281
"518","10am",2.318171,48.531221,28.88349,19.205039,1.0620787
"519","10am",15.326925,30.27981,32.11361,18.848518,3.4311395
