"district","hour","mode1","mode2","mode3"
"101","4am",25.5404546,22.10046,52.359085
"102","4am",18.7409221,26.95291,54.306165
"103","4am",25.3941982,27.70115,46.904654
"104","4am",23.2420441,40.72635,36.031608
"105","4am",14.1705802,23.17629,62.653128
"106","4am",32.8382022,30.17059,36.991207
"107","4am",22.5778547,33.8103,43.611846
"108","4am",17.3025681,51.92438,30.773049
"109","4am",26.7034984,45.52655,27.769951
"110","4am",26.4127482,40.48417,33.103077
"111","4am",30.5954981,27.68664,41.717859
"112","4am",23.2112609,45.349,31.439735
"113","4am",13.7011517,53.40795,32.890899
"114","4am",28.7636665,26.48816,44.748178
"115","4am",15.5010415,57.77043,26.728525
"116","4am",19.3680143,50.81196,29.820024
"117","4am",20.6267674,58.10991,21.263321
"118","4am",11.1570988,71.80911,17.033793
"119","4am",20.8715195,66.20358,12.924896
"120","4am",9.5641667,61.77044,28.66539
"121","4am",17.3044002,47.14822,35.547379
"122","4am",40.1394565,33.51688,26.343663
"123","4am",14.6434218,50.73186,34.624719
"124","4am",21.0491365,46.09991,32.850956
"125","4am",24.8766227,37.9754,37.147975
"126","4am",19.9237434,63.11386,16.962399
"127","4am",12.1470632,71.30238,16.550554
"128","4am",12.5215823,54.76205,32.716371
"129","4am",22.6776834,49.33157,27.990748
"130","4am",12.7069582,63.76101,23.532029
"131","4am",14.1359524,68.31701,17.547042
"132","4am",16.2962784,64.9496,18.754121
"133","4am",14.4198664,73.52716,12.052977
"134","4am",11.6736016,67.36514,20.961257
"135","4am",10.4684694,72.24372,17.287808
"136","4am",6.4544176,78.7477,14.79788
"137","4am",10.9654937,71.72198,17.31253
"138","4am",19.8151162,63.04331,17.141569
"139","4am",17.2844557,66.02335,16.692194
"140","4am",11.8408057,75.58095,12.578244
"141","4am",3.7304775,85.04726,11.222264
"142","4am",9.5675507,82.99943,7.433024
"143","4am",7.2909989,82.02696,10.68204
"201","4am",1.5228652,85.07507,13.402064
"202","4am",3.8089381,85.30399,10.887076
"203","4am",6.9800887,81.36923,11.650678
"204","4am",4.967199,78.24568,16.787119
"205","4am",7.4641458,77.33534,15.20051
"301","4am",9.5829302,82.53283,7.884236
"302","4am",6.571009,88.20507,5.223917
"303","4am",3.2612622,87.47648,9.262254
"304","4am",8.5267208,73.97537,17.497912
"305","4am",6.785761,79.67182,13.542418
"306","4am",4.396885,80.98746,14.61566
"307","4am",10.0034696,72.77649,17.220045
"308","4am",6.0438828,81.39846,12.557661
"309","4am",10.4219834,68.01337,21.564647
"310","4am",10.5729645,73.48302,15.944017
"311","4am",5.8572992,77.15126,16.991439
"312","4am",8.4494983,75.01516,16.535344
"313","4am",6.8977664,71.27306,21.829169
"314","4am",3.6416919,76.27748,20.080825
"401","4am",5.1561848,91.0102,3.833617
"402","4am",3.272174,84.71558,12.01225
"403","4am",2.4124146,81.63719,15.950397
"501","4am",6.0410116,49.26635,44.692639
"502","4am",5.738882,82.54673,11.714386
"503","4am",11.0465442,65.76076,23.192694
"504","4am",9.9242947,70.16174,19.91397
"505","4am",5.7388561,81.89203,12.369112
"506","4am",9.63637,83.07049,7.293142
"507","4am",6.5791821,79.99862,13.422199
"508","4am",3.4698097,91.53083,4.999364
"509","4am",3.3320208,88.65858,8.009401
"510","4am",7.2151027,84.26518,8.519714
"511","4am",5.6598636,86.60629,7.733843
"512","4am",6.2830643,75.41952,18.297419
"513","4am",8.0142614,75.74829,16.237449
"514","4am",6.4401459,80.30892,13.250938
"515","4am",2.3495753,80.52881,17.121614
"516","4am",4.4797877,79.8511,15.669109
"517","4am",2.4833262,90.74389,6.772784
"518","4am",0,85.01529,14.984715
"519","4am",1.5275024,91.66707,6.805426
"601","4am",3.6449849,73.05598,23.299037
"602","4am",1.4338672,71.61445,26.951687
"603","4am",1.7294544,80.55605,17.714496
"701","4am",1.4511738,72.99976,25.54907
"801","4am",5.428022,78.29431,16.277663
"802","4am",4.6991669,87.69945,7.601382
"803","4am",0.8526079,72.5471,26.600296
"804","4am",2.0503614,71.52326,26.426375
"805","4am",1.7211883,75.78278,22.496033
"806","4am",5.0981988,60.78072,34.121081
"901","4am",1.9812912,86.00116,12.01755
"902","4am",0.9040453,63.43213,35.66382
"903","4am",5.8866452,76.60914,17.504219
"101","5am",24.614786,22.32224,53.062971
"102","5am",18.7409221,26.95291,54.306165
"103","5am",24.4833366,28.85223,46.664436
"104","5am",23.7566518,39.41396,36.829392
"105","5am",14.1705802,23.17629,62.653128
"106","5am",32.2198381,31.5254,36.254757
"107","5am",21.5281576,34.08639,44.385451
"108","5am",16.3906145,51.54732,32.062068
"109","5am",26.7673077,44.86338,28.369312
"110","5am",26.3011541,40.73563,32.963217
"111","5am",30.043105,27.95728,41.999615
"112","5am",22.8283903,44.44606,32.72555
"113","5am",13.6288093,54.78365,31.587544
"114","5am",29.7465162,25.6485,44.604984
"115","5am",15.7292468,57.14873,27.12202
"116","5am",19.6090436,50.85332,29.53764
"117","5am",20.9065044,58.44809,20.645406
"118","5am",11.2266033,71.63349,17.139907
"119","5am",20.6554165,66.55351,12.791072
"120","5am",9.4494454,63.07245,27.478101
"121","5am",17.1937692,47.48611,35.320116
"122","5am",39.9588463,33.81603,26.225128
"123","5am",13.3910816,50.90844,35.700483
"124","5am",20.3566818,46.22217,33.42115
"125","5am",25.0948808,37.43122,37.473898
"126","5am",20.0783238,62.82767,17.094003
"127","5am",12.10191,71.40906,16.489032
"128","5am",12.7588076,53.905,33.336193
"129","5am",22.6541206,49.03405,28.311829
"130","5am",12.7651735,63.59499,23.639838
"131","5am",14.0106406,68.59787,17.391492
"132","5am",15.9867078,64.36009,19.653202
"133","5am",14.4198664,73.52716,12.052977
"134","5am",11.7570643,67.13181,21.111123
"135","5am",10.1480659,73.09325,16.758688
"136","5am",6.5095398,78.5662,14.924258
"137","5am",11.0803113,71.42588,17.493806
"138","5am",19.9444953,62.80201,17.253492
"139","5am",17.459697,65.67887,16.861431
"140","5am",11.0836111,76.23011,12.686278
"141","5am",3.5954671,85.58842,10.816117
"142","5am",9.6194139,82.90727,7.473316
"143","5am",7.4442063,81.64929,10.906505
"201","5am",1.5162175,85.14022,13.343561
"202","5am",3.9214726,84.86979,11.208733
"203","5am",6.206325,81.93545,11.858229
"204","5am",5.0190969,78.01839,16.962512
"205","5am",7.658158,76.74623,15.59561
"301","5am",9.7191408,82.28456,7.996302
"302","5am",6.571009,88.20507,5.223917
"303","5am",3.3222306,87.24236,9.435409
"304","5am",8.6719667,73.53206,17.795975
"305","5am",6.682045,79.98252,13.33543
"306","5am",4.5240314,80.43766,15.038306
"307","5am",10.0034696,72.77649,17.220045
"308","5am",6.1409345,81.09976,12.75931
"309","5am",10.2727706,68.47133,21.255904
"310","5am",10.5106648,73.63927,15.850069
"311","5am",5.8572992,77.15126,16.991439
"312","5am",8.5391855,74.74996,16.710859
"313","5am",7.0455199,70.65772,22.296761
"314","5am",3.6687295,76.10136,20.229915
"401","5am",5.2020675,90.9302,3.86773
"402","5am",3.3020956,84.57581,12.122093
"403","5am",2.3902264,81.80608,15.803693
"501","5am",5.9160454,49.93175,44.152208
"502","5am",5.289692,82.34871,12.361601
"503","5am",11.3375998,64.85862,23.803778
"504","5am",9.5814902,71.19241,19.226103
"505","5am",5.8554051,81.52428,12.620313
"506","5am",9.63637,83.07049,7.293142
"507","5am",6.7203131,79.56957,13.71012
"508","5am",3.574181,91.27608,5.149744
"509","5am",3.3320208,88.65858,8.009401
"510","5am",7.2151027,84.26518,8.519714
"511","5am",5.7051755,86.49907,7.795759
"512","5am",6.2900148,75.39232,18.317661
"513","5am",7.8641196,75.28386,16.852023
"514","5am",6.4830429,80.17776,13.339201
"515","5am",2.3204457,80.77021,16.909344
"516","5am",4.5747341,79.42406,16.001206
"517","5am",2.5835638,91.18258,6.233858
"518","5am",0,84.53634,15.463658
"519","5am",1.5588186,91.49623,6.944948
"601","5am",3.7025674,73.81196,22.485469
"602","5am",1.4675006,70.94862,27.583876
"603","5am",1.7211966,80.64889,17.629913
"701","5am",1.4511738,72.99976,25.54907
"801","5am",5.4221823,78.31767,16.260151
"802","5am",4.7460136,87.57682,7.677162
"803","5am",0.8500543,72.62932,26.520628
"804","5am",2.0760637,69.91275,28.011191
"805","5am",1.7330651,75.61567,22.651264
"806","5am",5.1811273,60.97543,33.843439
"901","5am",1.9923694,85.92289,12.084745
"902","5am",0.9218221,63.6349,35.443277
"903","5am",5.9372438,76.40808,17.654677
"101","6am",23.1962197,23.35958,53.4442
"102","6am",18.6620516,29.39163,51.946317
"103","6am",23.6920541,29.43495,46.872991
"104","6am",23.3313408,40.02898,36.639674
"105","6am",13.926997,27.57344,58.499561
"106","6am",30.7321708,32.83427,36.433558
"107","6am",20.8949808,34.47769,44.627326
"108","6am",17.1287518,49.83237,33.038882
"109","6am",25.1585346,47.85218,26.989283
"110","6am",26.4057373,40.49997,33.094291
"111","6am",31.3790783,27.3594,41.261524
"112","6am",22.2206342,45.8598,31.919568
"113","6am",14.9591427,52.27088,32.769977
"114","6am",28.5194375,31.97984,39.500721
"115","6am",16.3974769,56.2908,27.311723
"116","6am",19.8867041,50.15741,29.955888
"117","6am",20.9133542,58.86281,20.223839
"118","6am",10.0216617,72.49356,17.484774
"119","6am",19.0716,68.25612,12.672276
"120","6am",8.9963917,64.40037,26.603242
"121","6am",17.783571,48.00537,34.211056
"122","6am",40.4687376,33.35557,26.175692
"123","6am",13.7134558,53.6918,32.59474
"124","6am",20.7252112,46.34163,32.933155
"125","6am",25.7036071,34.46673,39.829661
"126","6am",20.5629927,63.60784,15.829163
"127","6am",12.4575105,70.31884,17.223651
"128","6am",12.2698684,56.22372,31.506413
"129","6am",22.6027472,49.05185,28.345398
"130","6am",11.8845523,67.71489,20.400558
"131","6am",13.3347107,70.8607,15.804589
"132","6am",17.204548,62.4812,20.314255
"133","6am",15.9003838,71.11092,12.988696
"134","6am",10.7150662,66.67908,22.605856
"135","6am",9.950537,74.42583,15.623632
"136","6am",6.8428217,78.48062,14.676557
"137","6am",12.749871,69.70794,17.542192
"138","6am",20.1774422,63.79923,16.023331
"139","6am",18.7432618,68.07366,13.183078
"140","6am",11.0951541,74.97772,13.92713
"141","6am",3.6818217,85.24228,11.075894
"142","6am",6.2993833,85.73469,7.965924
"143","6am",1.0807421,87.72771,11.191547
"201","6am",0.7812184,84.03628,15.182504
"202","6am",2.0870902,85.97795,11.934956
"203","6am",4.9917073,81.75497,13.25332
"204","6am",5.3947231,78.04944,16.555837
"205","6am",6.0800419,76.49618,17.42378
"301","6am",8.7887954,82.28737,8.923835
"302","6am",12.0844242,83.09215,4.823426
"303","6am",3.5004173,87.24158,9.258
"304","6am",9.1029956,72.2165,18.680501
"305","6am",5.6077925,81.11733,13.27488
"306","6am",3.8215506,81.34895,14.829498
"307","6am",9.1370818,73.66894,17.193976
"308","6am",6.7432333,80.67171,12.585054
"309","6am",10.9199128,66.48515,22.594938
"310","6am",3.9169039,77.69424,18.388853
"311","6am",4.2354919,77.59796,18.166544
"312","6am",8.2707071,74.42895,17.300339
"313","6am",5.198878,70.47008,24.331039
"314","6am",3.1930823,74.73258,22.074335
"401","6am",6.7614018,89.26034,3.97826
"402","6am",2.6205695,83.17068,14.208748
"403","6am",1.7317253,82.33719,15.931087
"501","6am",4.4448305,51.95712,43.598052
"502","6am",3.8415037,83.03881,13.119686
"503","6am",9.2538408,66.15189,24.594274
"504","6am",5.3527692,73.67814,20.969095
"505","6am",6.3855291,79.85157,13.762904
"506","6am",6.8679137,86.62943,6.502659
"507","6am",6.9808332,80.43587,12.583294
"508","6am",3.228347,91.23724,5.534413
"509","6am",3.618492,87.6835,8.698011
"510","6am",5.569802,85.10171,9.328488
"511","6am",5.6816368,86.37833,7.940038
"512","6am",4.5042361,75.95776,19.538005
"513","6am",7.1767839,76.36424,16.458976
"514","6am",3.3634198,83.53466,13.10192
"515","6am",0.8299241,81.07116,18.098913
"516","6am",3.5071343,80.31877,16.174097
"517","6am",1.8246032,92.34939,5.826011
"518","6am",0,83.4279,16.572104
"519","6am",1.517185,91.72336,6.759459
"601","6am",3.5056583,70.30368,26.190663
"602","6am",0.7199267,73.84944,25.430635
"603","6am",1.7727496,80.06929,18.157961
"701","6am",1.0437549,72.4871,26.46915
"801","6am",5.0696602,78.0663,16.864041
"802","6am",2.180541,88.88912,8.93034
"803","6am",0,71.0067,28.993303
"804","6am",2.1959274,68.17563,29.628446
"805","6am",0.7199572,75.64653,23.633511
"806","6am",4.1685674,60.42163,35.409805
"901","6am",2.110838,86.15801,11.731148
"902","6am",0.967788,63.10252,35.929688
"903","6am",2.2615209,79.1521,18.586379
"101","7am",29.202201,28.19078,42.607022
"102","7am",18.5346364,31.38133,50.084037
"103","7am",28.9460402,34.0913,36.962661
"104","7am",25.2489391,37.73195,37.01911
"105","7am",14.4493095,31.16125,54.38944
"106","7am",27.6270261,44.2478,28.125177
"107","7am",19.5699051,34.80038,45.629718
"108","7am",18.8835338,55.71017,25.406295
"109","7am",24.0964552,50.92585,24.977699
"110","7am",27.5683625,40.57762,31.854021
"111","7am",29.8478915,27.4056,42.746506
"112","7am",19.8414008,50.2455,29.9131
"113","7am",25.7241286,48.86293,25.41294
"114","7am",28.5799456,29.63403,41.786025
"115","7am",17.9627104,55.7448,26.292486
"116","7am",14.8268916,52.11067,33.062441
"117","7am",17.7242036,59.4407,22.835096
"118","7am",5.1413504,77.33853,17.520121
"119","7am",19.0525816,69.76807,11.179349
"120","7am",12.1033263,67.30225,20.594426
"121","7am",27.6325918,40.56399,31.803418
"122","7am",50.2443377,30.85951,18.896155
"123","7am",17.25316,55.64236,27.10448
"124","7am",13.5464125,49.60096,36.852629
"125","7am",38.4903439,31.47327,30.03639
"126","7am",18.3721411,68.21612,13.411744
"127","7am",7.572407,74.93885,17.488747
"128","7am",8.02863,63.99898,27.97239
"129","7am",26.910391,42.25445,30.835157
"130","7am",19.2704638,62.6464,18.083134
"131","7am",15.6723037,68.56633,15.761369
"132","7am",14.7681672,64.49919,20.73264
"133","7am",12.9258958,70.14573,16.92837
"134","7am",8.1375875,69.92224,21.940177
"135","7am",9.7898046,74.53533,15.67487
"136","7am",6.2055512,76.73628,17.058171
"137","7am",8.7067093,70.84596,20.447335
"138","7am",19.0237485,65.75218,15.224069
"139","7am",15.3188151,68.87946,15.801729
"140","7am",13.126977,72.40573,14.467295
"141","7am",1.7224928,88.50932,9.768191
"142","7am",2.857206,90.48754,6.655256
"143","7am",0,88.34664,11.653359
"201","7am",0.5564454,84.06492,15.378636
"202","7am",1.8756428,84.93519,13.189171
"203","7am",1.4027248,85.89324,12.704038
"204","7am",2.7106741,76.31896,20.970364
"205","7am",0,78.84239,21.157613
"301","7am",3.1956074,86.0955,10.708888
"302","7am",8.176282,84.17639,7.647326
"303","7am",3.140318,89.12808,7.731605
"304","7am",13.6389481,67.05766,19.303394
"305","7am",1.8732762,86.82002,11.306707
"306","7am",1.8469112,78.75133,19.401755
"307","7am",3.1355676,74.31883,22.545602
"308","7am",2.6782297,82.17842,15.143355
"309","7am",3.392696,71.28179,25.325513
"310","7am",1.399144,78.91589,19.684965
"311","7am",1.6119057,77.49852,20.889574
"312","7am",1.0505281,77.91438,21.035096
"313","7am",15.3451752,63.822,20.832825
"314","7am",0,74.61889,25.381109
"401","7am",4.3262869,92.29697,3.376743
"402","7am",0,84.8048,15.195205
"403","7am",8.4462183,75.23635,16.317429
"501","7am",13.5625314,52.31069,34.12678
"502","7am",2.320698,85.58318,12.096124
"503","7am",6.2232255,72.43525,21.341521
"504","7am",7.9775632,73.94114,18.0813
"505","7am",4.7954241,80.73745,14.467125
"506","7am",2.8555227,88.21999,8.924489
"507","7am",1.0182215,85.51546,13.466323
"508","7am",1.3293599,91.8338,6.836836
"509","7am",2.7681411,87.8223,9.409557
"510","7am",3.9059821,84.59489,11.499125
"511","7am",6.5149854,86.04488,7.440138
"512","7am",8.6123653,76.73262,14.655017
"513","7am",8.0248821,76.30722,15.6679
"514","7am",1.1942096,83.47947,15.326319
"515","7am",2.3267662,80.57896,17.094277
"516","7am",1.0968655,82.85694,16.046196
"517","7am",0,90.90522,9.094776
"518","7am",0,83.21318,16.786822
"519","7am",0,91.9929,8.007101
"601","7am",4.0245631,66.60319,29.372247
"602","7am",4.1114581,73.13523,22.753313
"603","7am",0.8787615,78.74367,20.377565
"701","7am",0.4952516,73.88201,25.622735
"801","7am",0,79.11386,20.886142
"802","7am",0,91.85152,8.148483
"803","7am",1.5902314,68.79335,29.616418
"804","7am",2.3257945,65.34671,32.327496
"805","7am",0,73.88168,26.118318
"806","7am",2.660725,56.82287,40.516406
"901","7am",0,87.65254,12.347461
"902","7am",1.1052812,60.05004,38.844677
"903","7am",1.2211562,79.84256,18.936287
"101","8am",30.895137,31.535,37.569866
"102","8am",27.0774298,31.04242,41.880146
"103","8am",33.4309896,32.60646,33.962554
"104","8am",22.3643003,39.65472,37.980984
"105","8am",21.5543319,29.90607,48.539598
"106","8am",32.7562439,43.13759,24.106164
"107","8am",20.1627125,29.18248,50.654808
"108","8am",18.8093625,50.61776,30.572876
"109","8am",22.6063582,51.44913,25.944513
"110","8am",27.6409295,42.05212,30.306954
"111","8am",27.91195,35.35744,36.730612
"112","8am",18.0828662,52.50837,29.408767
"113","8am",27.1300665,52.38445,20.485482
"114","8am",26.1538534,38.82691,35.019238
"115","8am",17.1173212,54.83698,28.045695
"116","8am",13.5360333,54.71087,31.753099
"117","8am",14.928199,69.4701,15.601702
"118","8am",4.6561338,71.62402,23.719844
"119","8am",20.4290361,67.45925,12.111714
"120","8am",15.3270325,71.14097,13.531998
"121","8am",24.7391743,43.6817,31.579125
"122","8am",53.0309196,31.0468,15.922281
"123","8am",15.547917,58.58654,25.865545
"124","8am",11.3982814,54.24082,34.360902
"125","8am",39.0577804,30.54718,30.395041
"126","8am",14.4238318,66.48633,19.089841
"127","8am",10.1584365,72.17927,17.662294
"128","8am",17.669022,65.3835,16.947476
"129","8am",28.7247235,42.91157,28.363705
"130","8am",22.4438902,57.73353,19.822578
"131","8am",14.4785,66.05607,19.465426
"132","8am",11.8709897,66.97602,21.152988
"133","8am",12.6093125,71.83954,15.55115
"134","8am",7.2348529,74.9299,17.835243
"135","8am",10.2279495,75.50307,14.268979
"136","8am",6.7728857,73.47209,19.755024
"137","8am",10.319987,66.66933,23.010682
"138","8am",20.9396511,56.12687,22.933474
"139","8am",13.6160121,68.222,18.161992
"140","8am",19.1344642,66.26754,14.597992
"141","8am",0.897824,88.32024,10.781935
"142","8am",3.5767987,88.09181,8.331395
"143","8am",0,84.25847,15.741525
"201","8am",7.2447184,77.54248,15.212804
"202","8am",0.463036,85.04812,14.488845
"203","8am",2.9001404,84.40749,12.692369
"204","8am",2.0863179,80.26709,17.646595
"205","8am",0,77.9357,22.064301
"301","8am",3.6271954,84.21761,12.155194
"302","8am",9.293578,84.95539,5.751034
"303","8am",5.3777262,86.09994,8.522335
"304","8am",22.0512495,58.77367,19.17508
"305","8am",7.3653027,84.14725,8.487447
"306","8am",0.6238886,76.11583,23.260283
"307","8am",1.0531722,72.91995,26.026881
"308","8am",0,85.64209,14.357914
"309","8am",0.8402068,66.57022,32.589574
"310","8am",3.6794799,71.23745,25.083073
"311","8am",1.7515843,68.91117,29.337249
"312","8am",0,74.81424,25.185764
"313","8am",16.7678871,57.95994,25.27217
"314","8am",1.1673503,74.25745,24.575202
"401","8am",3.8274753,90.06611,6.106414
"402","8am",0,83.6075,16.392501
"403","8am",10.1293963,75.38691,14.483694
"501","8am",12.9063144,57.08576,30.00793
"502","8am",1.3267985,89.28652,9.386685
"503","8am",4.6579982,63.74371,31.598289
"504","8am",5.5641466,81.10938,13.326473
"505","8am",1.7937339,83.82172,14.38455
"506","8am",0,92.94234,7.057662
"507","8am",1.2172421,83.36837,15.414391
"508","8am",0,92.44413,7.555867
"509","8am",1.24034,85.70534,13.054323
"510","8am",0,88.38793,11.612071
"511","8am",5.2312551,86.21966,8.549082
"512","8am",9.2310736,74.07824,16.690689
"513","8am",9.5303232,75.37998,15.089701
"514","8am",1.315387,81.47519,17.209422
"515","8am",3.7554675,76.22068,20.023857
"516","8am",0,86.29831,13.701695
"517","8am",0,94.83085,5.169154
"518","8am",0,81.65421,18.34579
"519","8am",0,86.50215,13.497847
"601","8am",1.7569651,71.2422,27.000831
"602","8am",4.7359954,70.63531,24.628694
"603","8am",0.9343433,77.6458,21.419853
"701","8am",0.5052721,70.5499,28.944827
"801","8am",0,79.48268,20.517317
"802","8am",0,89.51271,10.487294
"803","8am",1.8240805,69.08838,29.08754
"804","8am",1.5504281,63.31438,35.135193
"805","8am",0.9250145,70.45801,28.616978
"806","8am",3.9539563,60.10364,35.942408
"901","8am",0,81.15718,18.842816
"902","8am",3.4767227,66.34138,30.181897
"903","8am",1.2572097,81.27049,17.472296
"101","9am",36.8679695,29.41868,33.713348
"102","9am",30.2265761,28.50686,41.266567
"103","9am",35.1466999,29.20609,35.647207
"104","9am",21.9548014,46.7924,31.252798
"105","9am",21.2883853,28.23368,50.477935
"106","9am",31.7249502,44.197,24.078052
"107","9am",20.8326521,33.56523,45.602117
"108","9am",15.0095531,53.85477,31.135673
"109","9am",19.3288221,55.52859,25.142585
"110","9am",27.1792456,40.03083,32.789922
"111","9am",26.9873072,40.92784,32.08485
"112","9am",20.7447866,50.44208,28.813131
"113","9am",24.5396951,50.7794,24.680904
"114","9am",20.5064426,49.60742,29.886133
"115","9am",16.3776622,56.2931,27.329235
"116","9am",11.3246886,57.77897,30.896337
"117","9am",15.7884729,67.25129,16.960237
"118","9am",6.9488182,72.81276,20.238427
"119","9am",22.9555147,65.34564,11.698843
"120","9am",14.3318472,71.73297,13.935181
"121","9am",24.746086,46.45865,28.79526
"122","9am",52.1190178,32.91535,14.965627
"123","9am",14.6149799,60.24919,25.135828
"124","9am",15.090815,52.09211,32.817072
"125","9am",39.849741,33.78224,26.368023
"126","9am",13.8777265,62.79705,23.325219
"127","9am",11.1094255,73.56265,15.327921
"128","9am",26.0555103,59.96321,13.981281
"129","9am",30.2744371,39.73546,29.990107
"130","9am",21.4946896,59.49444,19.010873
"131","9am",12.2447922,67.12416,20.631051
"132","9am",10.9180906,66.56214,22.519769
"133","9am",8.2012261,76.34951,15.449268
"134","9am",10.4210202,71.62283,17.956149
"135","9am",8.1388354,79.04086,12.820304
"136","9am",6.1612289,77.36797,16.470804
"137","9am",9.7024417,65.16836,25.1292
"138","9am",23.6929447,51.71013,24.596926
"139","9am",14.7752185,64.74245,20.482332
"140","9am",17.0400754,64.8802,18.079727
"141","9am",1.0101467,87.17394,11.815917
"142","9am",5.3395257,86.8801,7.780377
"143","9am",0,84.94556,15.05444
"201","9am",7.2622438,78.18229,14.555463
"202","9am",0.4687016,84.86517,14.666126
"203","9am",2.9562475,85.33428,11.709474
"204","9am",0.668821,82.95405,16.377132
"205","9am",0.8799382,76.56174,22.558322
"301","9am",2.2485261,83.29269,14.458784
"302","9am",11.1900696,82.9917,5.818229
"303","9am",7.3227827,83.68888,8.988341
"304","9am",21.7105455,60.81363,17.475825
"305","9am",10.4467784,82.66825,6.884969
"306","9am",0.5662347,78.81149,20.62228
"307","9am",1.068389,75.91174,23.019876
"308","9am",0,87.38623,12.613767
"309","9am",0.9336593,67.46141,31.604934
"310","9am",3.8629439,72.62334,23.513711
"311","9am",2.104311,61.27749,36.618198
"312","9am",0,69.9312,30.068803
"313","9am",16.0783505,56.97057,26.951084
"314","9am",3.0463455,76.00908,20.944571
"401","9am",3.9209601,92.92187,3.157172
"402","9am",0,83.16509,16.834909
"403","9am",10.3386357,73.62369,16.037677
"501","9am",14.9597334,54.80861,30.231656
"502","9am",1.1395655,89.74502,9.115418
"503","9am",2.4666312,64.83946,32.693904
"504","9am",5.4173129,79.76778,14.814908
"505","9am",1.7833169,84.23286,13.983823
"506","9am",0,92.25244,7.747562
"507","9am",1.1350489,87.60824,11.256707
"508","9am",0,93.11551,6.884494
"509","9am",1.5454704,86.15998,12.294554
"510","9am",0,88.70683,11.293174
"511","9am",0.8935446,89.85973,9.246724
"512","9am",9.0591109,73.87115,17.069736
"513","9am",9.8532127,74.05937,16.087417
"514","9am",0,79.97282,20.027178
"515","9am",3.7395239,77.74839,18.512089
"516","9am",0,87.34244,12.657564
"517","9am",0,96.9465,3.053502
"518","9am",0,80.07632,19.923683
"519","9am",0,84.2856,15.714399
"601","9am",1.8427059,69.83881,28.318484
"602","9am",4.6386561,70.51205,24.849298
"603","9am",1.0200736,78.22465,20.755272
"701","9am",0.9640917,68.23235,30.803562
"801","9am",0,76.19575,23.804254
"802","9am",0,84.84675,15.153249
"803","9am",1.7850929,67.68267,30.532236
"804","9am",1.5225981,66.2077,32.269707
"805","9am",1.0232787,68.67699,30.299727
"806","9am",3.9099124,62.28566,33.804431
"901","9am",0,77.09522,22.90478
"902","9am",3.3312272,70.68271,25.986062
"903","9am",2.5439081,76.32664,21.129454
"101","10am",34.5214105,27.00013,38.478462
"102","10am",28.8762075,28.33757,42.786225
"103","10am",35.7029508,31.07152,33.225528
"104","10am",20.4180198,46.00962,33.572358
"105","10am",21.9498825,30.1416,47.908518
"106","10am",31.7788573,44.26154,23.959606
"107","10am",21.7002072,32.75273,45.547059
"108","10am",20.380434,46.78177,32.837797
"109","10am",19.8027487,53.79342,26.403835
"110","10am",22.2707287,42.7303,34.998976
"111","10am",25.0601535,43.25357,31.686275
"112","10am",20.0329034,50.33371,29.633384
"113","10am",24.6344338,52.15464,23.210928
"114","10am",22.7826994,45.89097,31.326334
"115","10am",15.6450056,55.10805,29.246941
"116","10am",10.3044043,58.16465,31.530941
"117","10am",16.28482,68.02522,15.689962
"118","10am",3.2391694,71.19182,25.569009
"119","10am",22.0650337,65.0825,12.852466
"120","10am",14.4131447,72.71665,12.870204
"121","10am",28.1450979,47.77223,24.082672
"122","10am",54.9320175,29.01238,16.055605
"123","10am",14.0709495,63.00992,22.919129
"124","10am",10.4815533,54.35296,35.165483
"125","10am",35.0308847,36.5498,28.419314
"126","10am",11.220624,69.35382,19.425552
"127","10am",8.7528667,75.50652,15.740614
"128","10am",24.9849227,58.02957,16.985508
"129","10am",25.2452441,44.97728,29.777475
"130","10am",24.8741543,56.60628,18.519569
"131","10am",13.4537048,65.64528,20.901019
"132","10am",12.9273569,68.67378,18.398858
"133","10am",4.4214009,79.66333,15.915272
"134","10am",8.3182078,71.56626,20.11553
"135","10am",8.6401491,77.74988,13.609974
"136","10am",8.0095815,76.67233,15.318084
"137","10am",8.1902395,62.00222,29.807541
"138","10am",24.4731512,48.62348,26.903365
"139","10am",13.5066904,65.62099,20.872318
"140","10am",16.4953587,67.0189,16.485737
"141","10am",1.0408993,87.58091,11.378191
"142","10am",6.0521573,83.29687,10.650976
"143","10am",0,82.28739,17.712613
"201","10am",7.2336672,77.99702,14.769312
"202","10am",0.50358,84.58349,14.912929
"203","10am",3.0371508,85.9687,10.994153
"204","10am",0.750857,82.21332,17.035826
"205","10am",0,71.36908,28.630922
"301","10am",4.1989775,81.1834,14.617624
"302","10am",10.0797054,82.74538,7.174914
"303","10am",7.5909719,83.0915,9.31753
"304","10am",22.571574,57.2068,20.221625
"305","10am",9.9701626,83.20008,6.829752
"306","10am",3.2477398,78.65375,18.098514
"307","10am",1.0743829,80.0906,18.835012
"308","10am",0,89.98601,10.013992
"309","10am",2.1569619,66.51852,31.324517
"310","10am",3.8032655,71.23544,24.961297
"311","10am",2.2548486,60.75335,36.991805
"312","10am",0,73.50491,26.495093
"313","10am",15.8985711,54.03955,30.061881
"314","10am",3.9119243,73.73533,22.352747
"401","10am",3.8042278,91.54469,4.651086
"402","10am",0,85.74345,14.25655
"403","10am",11.7122606,74.37664,13.911098
"501","10am",13.7067443,51.33298,34.960272
"502","10am",1.1730315,85.02356,13.803411
"503","10am",5.7601521,64.14094,30.09891
"504","10am",5.3381095,79.99379,14.668103
"505","10am",0,86.43496,13.565039
"506","10am",1.6050925,89.15355,9.241359
"507","10am",0,87.63475,12.365251
"508","10am",0,88.26871,11.731293
"509","10am",1.1966897,87.19401,11.609296
"510","10am",0,88.36484,11.635163
"511","10am",1.0149764,86.83116,12.153861
"512","10am",7.9438515,72.41708,19.639065
"513","10am",9.9877736,75.3151,14.697126
"514","10am",0,80.37469,19.625309
"515","10am",3.5219504,79.73551,16.742544
"516","10am",0,83.28846,16.711539
"517","10am",0,97.25971,2.740289
"518","10am",0,77.43108,22.568916
"519","10am",0,84.32949,15.670513
"601","10am",0.7937025,69.21709,29.989206
"602","10am",4.3615798,72.1686,23.469817
"603","10am",1.0358954,77.88691,21.077195
"701","10am",0.9966242,67.57309,31.430286
"801","10am",0,75.31091,24.689091
"802","10am",0,85.23546,14.764537
"803","10am",1.778119,64.55145,33.670428
"804","10am",1.5487279,63.35461,35.096664
"805","10am",1.0026914,75.39838,23.598925
"806","10am",3.9569504,63.09587,32.947179
"901","10am",0,81.64946,18.350538
"902","10am",2.7638725,76.846,20.390123
"903","10am",1.2064691,76.02064,22.77289
"101","11am",33.5097313,27.29522,39.195053
"102","11am",25.4450466,27.50223,47.052727
"103","11am",32.1671233,25.612,42.22088
"104","11am",17.3855933,48.48282,34.131582
"105","11am",23.9633124,26.22533,49.811358
"106","11am",32.8195899,44.73267,22.447738
"107","11am",24.1828417,33.83353,41.983632
"108","11am",22.2449527,41.32685,36.428195
"109","11am",20.1792482,50.572,29.248751
"110","11am",19.4356813,44.10524,36.459074
"111","11am",28.543161,38.62332,32.833515
"112","11am",21.5929321,49.18843,29.218634
"113","11am",26.5745019,50.67367,22.751831
"114","11am",23.5936938,43.75926,32.647048
"115","11am",15.004399,54.86838,30.127225
"116","11am",8.9428325,55.12907,35.928093
"117","11am",14.6060063,69.96902,15.424974
"118","11am",9.2439071,69.74732,21.008777
"119","11am",21.3009805,65.37899,13.320031
"120","11am",14.189154,65.74631,20.064539
"121","11am",26.0622073,50.29826,23.639533
"122","11am",50.6647146,28.2755,21.059784
"123","11am",15.615682,60.54211,23.842212
"124","11am",11.8025366,51.3354,36.86206
"125","11am",39.0445636,30.72614,30.229293
"126","11am",10.8254506,64.92506,24.249491
"127","11am",12.2124247,69.74539,18.042182
"128","11am",19.7448163,63.94986,16.305324
"129","11am",24.9111988,38.31883,36.76997
"130","11am",21.7869339,58.12752,20.085542
"131","11am",12.8637011,67.72516,19.411137
"132","11am",10.8449127,67.36008,21.795003
"133","11am",1.4234561,83.16215,15.414397
"134","11am",7.133801,73.16435,19.701847
"135","11am",9.369191,74.84809,15.78272
"136","11am",12.459648,68.64548,18.894869
"137","11am",9.0291046,59.69813,31.272763
"138","11am",18.5217093,55.50054,25.977747
"139","11am",15.6389696,64.3913,19.969727
"140","11am",16.9389039,64.56103,18.500066
"141","11am",1.0888408,85.42533,13.485831
"142","11am",4.202708,90.26513,5.532163
"143","11am",0.9115438,83.77499,15.313463
"201","11am",6.6674026,80.31474,13.017861
"202","11am",0.4916169,84.12522,15.383167
"203","11am",1.4148624,86.93343,11.651707
"204","11am",0.6608837,80.1493,19.189818
"205","11am",0,77.62715,22.372846
"301","11am",2.1430646,82.37539,15.481544
"302","11am",10.0886789,82.36236,7.54896
"303","11am",2.9818842,85.40561,11.612507
"304","11am",19.5672224,60.63343,19.799347
"305","11am",9.9850639,82.67952,7.335414
"306","11am",2.7727891,75.77384,21.453368
"307","11am",1.0090467,80.36874,18.622217
"308","11am",0,90.93486,9.065145
"309","11am",3.2168091,62.41154,34.371655
"310","11am",3.7735982,69.62917,26.597229
"311","11am",2.047281,66.77489,31.177829
"312","11am",0,74.35274,25.64726
"313","11am",14.7499382,54.89318,30.356884
"314","11am",3.8015404,75.84478,20.353682
"401","11am",3.7404672,86.6712,9.588334
"402","11am",0,84.73876,15.261243
"403","11am",10.4511014,72.04813,17.500769
"501","11am",12.8255067,52.08037,35.094124
"502","11am",1.0671381,77.41219,21.520669
"503","11am",5.7655509,66.10879,28.125657
"504","11am",6.9261132,78.03245,15.041439
"505","11am",0,86.05604,13.943965
"506","11am",0,85.92849,14.071515
"507","11am",0,85.66061,14.339388
"508","11am",0,94.49955,5.500447
"509","11am",1.2613318,86.42625,12.312419
"510","11am",0,89.78269,10.217313
"511","11am",1.0172206,86.80205,12.180734
"512","11am",7.8281816,71.27338,20.898439
"513","11am",9.2682381,72.6288,18.102965
"514","11am",0,78.50214,21.497864
"515","11am",3.6838981,77.57623,18.739869
"516","11am",0,83.62831,16.371688
"517","11am",0,97.71479,2.285208
"518","11am",0,81.78648,18.213522
"519","11am",0,85.97973,14.020269
"601","11am",0.7332705,73.30718,25.959545
"602","11am",4.9229572,67.66547,27.411572
"603","11am",0.9416905,78.41171,20.646597
"701","11am",1.0559067,66.31943,32.624658
"801","11am",0,76.87315,23.126851
"802","11am",0,92.43776,7.562241
"803","11am",1.5201109,65.7136,32.766288
"804","11am",1.5433024,63.02735,35.429344
"805","11am",0,77.20704,22.792957
"806","11am",3.1834199,62.28666,34.529917
"901","11am",0,85.16549,14.834512
"902","11am",2.7380448,79.28598,17.975973
"903","11am",1.1357978,75.85382,23.010379
"101","12am",26.4000642,21.41838,52.181554
"102","12am",20.648829,27.15167,52.1995
"103","12am",28.1707853,20.40988,51.419333
"104","12am",21.6870679,40.61427,37.698661
"105","12am",17.4278716,26.37432,56.197806
"106","12am",30.211676,40.8817,28.906628
"107","12am",20.9522191,34.43414,44.61364
"108","12am",17.3039358,49.20771,33.488358
"109","12am",23.3080084,43.19788,33.494108
"110","12am",16.4683796,41.67817,41.85345
"111","12am",33.8909661,29.69624,36.412792
"112","12am",23.4493135,43.8651,32.685582
"113","12am",25.177667,47.16768,27.654654
"114","12am",29.267284,26.84509,43.88763
"115","12am",11.4046611,50.67654,37.918803
"116","12am",10.3920192,54.21201,35.395967
"117","12am",13.6297475,69.69644,16.673815
"118","12am",9.5411139,69.16001,21.298875
"119","12am",21.3386835,63.4346,15.226714
"120","12am",12.5353845,57.78423,29.680389
"121","12am",24.1640414,51.07666,24.759297
"122","12am",33.0616141,27.28224,39.656142
"123","12am",14.3891579,59.10755,26.503293
"124","12am",13.8193372,52.94953,33.231135
"125","12am",37.059365,34.51645,28.424181
"126","12am",15.4777179,59.38011,25.142173
"127","12am",13.044042,68.59175,18.364208
"128","12am",19.5233628,53.22366,27.252974
"129","12am",27.3840584,37.21939,35.396554
"130","12am",17.5632095,62.62899,19.807802
"131","12am",11.2228278,66.53302,22.244151
"132","12am",13.0845755,65.93857,20.976854
"133","12am",7.0729706,80.57927,12.347759
"134","12am",6.7223633,72.15599,21.121647
"135","12am",9.3373903,75.83925,14.823355
"136","12am",9.8996466,68.9125,21.187853
"137","12am",12.5577441,53.15279,34.289469
"138","12am",18.1128458,59.98683,21.900323
"139","12am",14.5586409,64.42718,21.014177
"140","12am",15.2085756,67.31675,17.474673
"141","12am",0.9733826,87.71651,11.310105
"142","12am",5.1993128,85.99939,8.8013
"143","12am",2.607355,82.74722,14.64543
"201","12am",5.9341066,81.00695,13.058945
"202","12am",2.1485426,83.22829,14.623169
"203","12am",1.3636164,87.38391,11.252471
"204","12am",1.9944662,81.41395,16.591584
"205","12am",0.4604366,76.51622,23.02334
"301","12am",3.3878905,80.98891,15.623204
"302","12am",9.3196742,75.29525,15.385075
"303","12am",1.2998171,87.64431,11.055871
"304","12am",18.8589171,60.70961,20.431471
"305","12am",10.1143643,79.30803,10.577602
"306","12am",2.4021627,77.50166,20.096177
"307","12am",1.0282563,79.99501,18.976736
"308","12am",0,91.56049,8.439513
"309","12am",2.3532221,60.75047,36.896306
"310","12am",5.1874917,67.02765,27.784861
"311","12am",2.0390861,69.96931,27.991601
"312","12am",1.1725306,73.50495,25.322515
"313","12am",13.1094441,55.7231,31.167456
"314","12am",4.383372,76.42346,19.193165
"401","12am",2.9079124,87.65897,9.433115
"402","12am",0,82.52468,17.475317
"403","12am",9.9455373,73.20764,16.846823
"501","12am",10.8469751,53.01354,36.139486
"502","12am",0.9505914,80.72693,18.322476
"503","12am",5.8213935,64.61654,29.562069
"504","12am",6.1468424,77.03779,16.815368
"505","12am",0,89.7417,10.258304
"506","12am",2.8635904,85.76317,11.37324
"507","12am",1.1038967,85.78617,13.109929
"508","12am",1.6187573,92.59664,5.784606
"509","12am",1.2693961,86.33947,12.391138
"510","12am",0,87.69303,12.306972
"511","12am",0,88.44182,11.558177
"512","12am",4.2016465,73.45995,22.3384
"513","12am",9.9253402,69.39488,20.67978
"514","12am",0,78.41283,21.587166
"515","12am",3.4622636,77.88412,18.653621
"516","12am",0,83.14735,16.852651
"517","12am",0,97.66267,2.337334
"518","12am",0,81.93595,18.064054
"519","12am",0,87.91089,12.089108
"601","12am",0.664937,75.54247,23.792598
"602","12am",5.3401357,63.34919,31.310671
"603","12am",0.8463798,80.06194,19.091685
"701","12am",1.0191042,67.60979,31.371104
"801","12am",0,76.2723,23.727704
"802","12am",1.7274972,89.64203,8.630477
"803","12am",1.629285,64.3469,34.023819
"804","12am",1.5469393,62.18273,36.270329
"805","12am",0.7838924,82.14326,17.072845
"806","12am",3.1096614,62.06308,34.827257
"901","12am",0,83.18596,16.814043
"902","12am",2.6641088,78.05013,19.285758
"903","12am",0,77.79558,22.204418
"101","1pm",28.2247473,24.21046,47.564793
"102","1pm",25.2599635,24.6834,50.056633
"103","1pm",26.2979856,24.62529,49.076722
"104","1pm",18.5043904,43.79539,37.700216
"105","1pm",19.5685299,24.34078,56.090685
"106","1pm",28.6887037,41.75711,29.554189
"107","1pm",25.1426503,34.31852,40.538828
"108","1pm",19.0952196,42.98264,37.922143
"109","1pm",21.5998235,42.79233,35.607842
"110","1pm",24.0171746,36.04194,39.940888
"111","1pm",33.18844,33.48763,33.323929
"112","1pm",21.4676438,46.68367,31.848685
"113","1pm",27.9498656,46.99667,25.053463
"114","1pm",24.270412,37.10954,38.620049
"115","1pm",12.9202244,53.75541,33.324367
"116","1pm",11.0148105,52.56242,36.42277
"117","1pm",13.460783,67.91562,18.623599
"118","1pm",11.4043054,70.7058,17.889898
"119","1pm",19.6822047,65.67863,14.639162
"120","1pm",12.6838766,55.96455,31.351573
"121","1pm",22.299242,45.41617,32.284584
"122","1pm",34.8225787,28.35037,36.827047
"123","1pm",13.8664243,59.75252,26.381059
"124","1pm",14.4012168,58.1423,27.456484
"125","1pm",33.8809472,30.55473,35.564323
"126","1pm",17.7347275,59.26531,22.999958
"127","1pm",9.0771784,67.85066,23.072165
"128","1pm",20.3772194,57.13166,22.491121
"129","1pm",27.2086831,39.6008,33.19052
"130","1pm",17.2755298,60.27148,22.452992
"131","1pm",13.6072406,61.12817,25.264591
"132","1pm",13.9296558,64.71457,21.355776
"133","1pm",11.3768888,80.90923,7.713877
"134","1pm",6.2773882,74.43937,19.283243
"135","1pm",7.2793422,78.29245,14.428208
"136","1pm",8.8281222,70.57511,20.596764
"137","1pm",14.3085928,50.38164,35.309772
"138","1pm",18.3419345,54.36843,27.289636
"139","1pm",11.210754,67.03052,21.758721
"140","1pm",11.0101276,65.74665,23.243218
"141","1pm",1.1709603,85.78196,13.047079
"142","1pm",7.4527291,84.45332,8.093955
"143","1pm",0.8203998,82.88613,16.293469
"201","1pm",6.4434719,80.29673,13.259802
"202","1pm",3.1861546,82.6346,14.179249
"203","1pm",1.4122348,86.5265,12.061266
"204","1pm",2.071167,81.68444,16.244396
"205","1pm",0,77.41795,22.582046
"301","1pm",3.7550958,78.92834,17.316566
"302","1pm",9.2834163,75.13443,15.582155
"303","1pm",1.4046898,87.04361,11.551705
"304","1pm",18.9401109,63.92274,17.137148
"305","1pm",10.6742953,79.41205,9.913651
"306","1pm",0,78.54589,21.45411
"307","1pm",6.6906169,76.29183,17.017557
"308","1pm",1.2742344,89.22189,9.50388
"309","1pm",2.312054,60.41233,37.275613
"310","1pm",7.2759147,68.41676,24.307328
"311","1pm",2.1201041,70.15956,27.720333
"312","1pm",2.653372,71.81244,25.534192
"313","1pm",11.6528154,57.37445,30.972735
"314","1pm",4.9521907,73.79651,21.251304
"401","1pm",2.7384114,89.37534,7.886249
"402","1pm",0,81.95218,18.04782
"403","1pm",10.1381737,73.23386,16.62797
"501","1pm",11.1641745,54.70648,34.129347
"502","1pm",1.1399437,82.389,16.471053
"503","1pm",8.4911102,62.04087,29.46802
"504","1pm",7.146658,76.3278,16.525538
"505","1pm",0,88.32495,11.675047
"506","1pm",3.20328,86.47495,10.321772
"507","1pm",1.2127044,85.87563,12.911664
"508","1pm",1.7559372,91.96925,6.274816
"509","1pm",1.1773984,85.2889,13.533704
"510","1pm",0,82.8136,17.186398
"511","1pm",0,85.83822,14.161781
"512","1pm",3.5096403,75.67939,20.810969
"513","1pm",11.084683,69.42067,19.494644
"514","1pm",0,81.43278,18.567215
"515","1pm",2.0059231,80.42105,17.573029
"516","1pm",0.6778593,81.42609,17.896052
"517","1pm",0,96.2627,3.7373
"518","1pm",0,83.1553,16.844698
"519","1pm",0,86.81594,13.18406
"601","1pm",0.664499,73.12672,26.208782
"602","1pm",4.2027784,66.86196,28.935264
"603","1pm",0.7414245,79.32507,19.933507
"701","1pm",1.5909055,64.32315,34.085949
"801","1pm",0,75.44269,24.557312
"802","1pm",1.7770564,91.36345,6.859497
"803","1pm",2.5990605,65.00018,32.400758
"804","1pm",0,69.26623,30.733769
"805","1pm",0.8016733,76.84963,22.348693
"806","1pm",3.0917769,62.28127,34.626957
"901","1pm",0,83.05372,16.946276
"902","1pm",2.7159613,72.27254,25.011494
"903","1pm",0,75.87164,24.128357
"101","2pm",26.518583,24.69204,48.789374
"102","2pm",25.0342151,25.17671,49.78907
"103","2pm",29.0527128,24.62636,46.320923
"104","2pm",16.5925563,42.60461,40.802837
"105","2pm",20.4336058,27.24235,52.324041
"106","2pm",28.7867634,41.99396,29.219274
"107","2pm",29.8064006,31.53703,38.656565
"108","2pm",22.3788345,40.97655,36.644614
"109","2pm",21.1728327,45.63672,33.190448
"110","2pm",19.8236406,43.4973,36.679064
"111","2pm",29.6089163,32.36938,38.021708
"112","2pm",20.9593817,47.92013,31.120488
"113","2pm",29.0263657,46.41169,24.561944
"114","2pm",22.6953082,42.20872,35.09597
"115","2pm",11.3776741,56.25463,32.367691
"116","2pm",10.6525686,53.44787,35.899559
"117","2pm",10.1408077,69.21817,20.641022
"118","2pm",11.9455561,70.88328,17.171162
