"district","hour","occ1","occ2","occ3","occ4","occ5"
"101","4am",50.09899,19.394343,6.4315076,19.251345,4.8238118
"102","4am",44.31477,24.484622,7.205878,19.465691,4.5290435
"103","4am",40.37417,17.397986,3.7196901,35.661472,2.8466784
"104","4am",45.94395,17.043215,7.3952438,23.924339,5.6932566
"105","4am",56.59417,22.437654,4.0319357,14.273601,2.6626439
"106","4am",59.09869,21.555145,9.0100822,9.48268,0.8534052
"107","4am",44.16512,19.381041,2.5646272,31.288064,2.6011521
"108","4am",44.10829,22.258397,4.7570291,25.130924,3.7453644
"109","4am",29.88376,24.063942,7.1845849,30.065111,8.8025983
"110","4am",45.67219,18.368529,3.3112916,29.045886,3.6021003
"111","4am",50.18758,13.968537,7.1102046,18.879234,9.8544415
"112","4am",49.50313,18.145837,6.0353646,21.291462,5.0242043
"113","4am",52.75128,10.893216,0.5431783,32.398947,3.4133828
"114","4am",30.17102,9.729786,17.9118742,23.488011,18.6993102
"115","4am",50.39354,7.065608,1.742301,36.725556,4.0729989
"116","4am",48.46339,5.88276,7.7741751,29.376472,8.5032026
"117","4am",50.14258,10.626599,6.2030262,22.763277,10.2645196
"118","4am",55.12642,7.765377,7.1058672,26.283611,3.7187287
"119","4am",45.05555,16.687662,0.8861142,32.571673,4.7989989
"120","4am",51.42227,7.970853,3.3984832,33.985106,3.2232855
"121","4am",48.59004,21.906873,1.3082839,25.825776,2.369031
"122","4am",29.09988,59.259894,0.7270198,9.258921,1.6542878
"123","4am",47.63144,16.61533,6.4095923,25.781016,3.5626267
"124","4am",61.07326,10.29283,4.4594399,17.188879,6.985592
"125","4am",54.6056,15.430759,7.739166,15.12433,7.1001417
"126","4am",56.86051,11.920042,2.7104353,16.242157,12.2668572
"127","4am",50.3587,13.07775,3.7728972,28.335093,4.4555611
"128","4am",52.3813,13.195772,2.182151,27.136567,5.1042086
"129","4am",41.18736,8.840262,7.9583401,23.775267,18.2387682
"130","4am",51.32069,7.592454,5.5030302,30.484624,5.0991996
"131","4am",52.29119,9.757116,4.011032,25.632106,8.3085608
"132","4am",37.32335,5.484693,8.8427628,40.945891,7.4033081
"133","4am",58.61855,9.04244,3.7788916,25.205909,3.3542117
"134","4am",59.29471,7.643595,3.0110434,25.426821,4.6238316
"135","4am",56.79187,9.410014,5.1245311,25.01786,3.6557192
"136","4am",49.33649,10.201858,1.6446888,28.955381,9.8615805
"137","4am",56.70145,9.498718,3.1795151,22.162556,8.4577561
"138","4am",52.24585,11.838644,1.0759341,30.714124,4.1254505
"139","4am",58.98687,7.829625,4.7151181,19.838051,8.6303349
"140","4am",55.68816,10.904272,3.3476838,25.8234,4.2364873
"141","4am",56.58727,8.855301,2.0688598,22.702504,9.7860634
"142","4am",51.3896,13.260177,5.7906223,25.805802,3.7538009
"143","4am",69.29341,10.348609,2.5028099,14.817053,3.0381201
"201","4am",51.6078,8.041849,0.9093878,32.308069,7.1328941
"202","4am",44.18219,5.499131,7.1001599,34.009031,9.2094894
"203","4am",51.6492,8.934617,0.9763616,31.524768,6.9150561
"204","4am",53.97541,6.366956,1.4961642,31.666017,6.4954575
"205","4am",51.69283,6.885733,6.8333714,29.667084,4.9209801
"301","4am",57.04692,10.985566,0.5472522,28.578994,2.8412727
"302","4am",45.80411,6.751158,4.7849611,36.525979,6.1337934
"303","4am",56.26826,10.061745,1.3909341,28.562238,3.716827
"304","4am",57.53795,8.165983,1.5325262,27.207314,5.5562266
"305","4am",57.74194,13.193853,1.3568663,24.811316,2.8960209
"306","4am",49.07116,11.261501,2.426627,32.979406,4.2613076
"307","4am",55.34333,8.690022,5.4898345,24.488496,5.9883178
"308","4am",63.1043,10.25455,4.0682492,20.096889,2.4760125
"309","4am",55.78174,8.818554,3.9306563,17.955744,13.5133031
"310","4am",60.56304,12.05337,3.9472499,21.734161,1.7021748
"311","4am",70.88063,5.146761,5.7027154,16.430293,1.8396027
"312","4am",47.745,8.780768,5.7299459,31.450131,6.2941577
"313","4am",54.49967,6.300196,7.0074862,24.500789,7.6918634
"314","4am",59.8664,2.886345,5.1646717,27.179713,4.9028705
"401","4am",47.43173,14.553708,5.3460823,31.404553,1.2639273
"402","4am",55.15848,8.124059,3.7484091,27.80686,5.1621922
"403","4am",56.84638,6.552769,3.3236189,29.328264,3.9489659
"501","4am",49.1197,8.022219,6.5062593,32.192077,4.1597463
"502","4am",54.69626,7.255877,4.6715996,28.940253,4.4360151
"503","4am",42.2146,6.844397,9.5405117,32.883705,8.5167822
"504","4am",54.29629,3.758251,3.2803421,34.210696,4.4544169
"505","4am",59.79925,10.662717,2.262726,24.297178,2.9781243
"506","4am",57.32391,6.838018,5.0032356,23.769586,7.0652463
"507","4am",58.27732,8.263234,3.8487627,26.967317,2.6433692
"508","4am",54.2311,5.150369,3.4355006,30.441796,6.7412316
"509","4am",56.99353,2.991853,1.1155533,31.508069,7.3909915
"510","4am",61.65717,3.564837,0.6708147,32.072226,2.0349537
"511","4am",59.71118,9.963399,0.473704,23.513898,6.3378213
"512","4am",47.29442,10.832445,4.9909383,34.194058,2.6881418
"513","4am",58.57085,8.583029,5.6840634,24.300512,2.8615459
"514","4am",54.58575,10.351664,8.4062629,21.988883,4.667441
"515","4am",55.0391,9.641736,6.0106157,24.694662,4.6138877
"516","4am",50.67551,9.906794,4.6157017,30.023049,4.7789434
"517","4am",55.96633,5.93299,2.2370259,31.027399,4.8362559
"518","4am",50.96755,2.693116,4.7030412,38.117054,3.5192349
"519","4am",69.09937,1.948795,0.9104814,20.755622,7.28573
"601","4am",58.53745,7.332676,1.5400906,27.135758,5.4540226
"602","4am",43.15858,5.517387,7.9526165,35.138831,8.2325837
"603","4am",43.18672,3.788347,6.9087116,40.488852,5.6273711
"701","4am",53.72241,5.069978,5.8126487,31.685883,3.7090855
"801","4am",62.23613,4.162053,5.1286386,25.518441,2.9547407
"802","4am",55.80002,8.536375,4.346561,22.802201,8.51484
"803","4am",48.52151,2.226084,4.6416841,35.051066,9.5596545
"804","4am",40.7188,1.436285,3.5806218,50.433348,3.8309409
"805","4am",42.79742,4.386478,5.7675443,40.207324,6.8412364
"806","4am",59.6674,5.323162,11.5463886,19.502531,3.960521
"901","4am",58.39382,9.42322,3.1556456,24.561559,4.465753
"902","4am",54.53748,6.727515,3.3950394,31.05645,4.2835162
"903","4am",50.19937,5.046974,6.9967924,30.450861,7.306002
"101","5am",50.03831,19.072061,6.5122459,19.493018,4.8843678
"102","5am",43.72093,24.745731,7.2827231,19.673277,4.5773423
"103","5am",40.66161,17.314116,3.7017586,35.489559,2.8329554
"104","5am",44.96909,17.350574,7.5286103,24.355792,5.7959293
"105","5am",56.59417,22.437654,4.0319357,14.273601,2.6626439
"106","5am",59.63135,21.274429,8.8927421,9.359185,0.8422911
"107","5am",43.30117,19.680929,2.6043103,31.772191,2.6414004
"108","5am",45.56006,21.200244,4.7013553,24.836805,3.7015306
"109","5am",28.44437,24.557945,7.3320753,30.68231,8.9833044
"110","5am",45.88388,18.296955,3.2983891,28.932708,3.5880646
"111","5am",49.87888,14.055103,7.1542684,18.996233,9.9155121
"112","5am",50.09411,17.933472,5.9647313,21.042283,4.9654048
"113","5am",52.9667,10.843549,0.5407018,32.251227,3.3978199
"114","5am",28.21396,10.002477,18.4138795,24.146295,19.2233845
"115","5am",49.74494,7.15799,1.7650812,37.205734,4.1262524
"116","5am",48.9139,5.831336,7.7062167,29.119676,8.4288713
"117","5am",49.54826,10.753271,6.2769683,23.034623,10.386876
"118","5am",54.87315,7.809205,7.1459731,26.431957,3.7397174
"119","5am",45.56838,16.531907,0.8778436,32.267664,4.7542072
"120","5am",51.94498,7.885085,3.361915,33.619421,3.1886025
"121","5am",48.88479,21.781272,1.300783,25.677706,2.3554483
"122","5am",29.39155,59.016108,0.724029,9.220832,1.6474823
"123","5am",46.31279,17.033706,6.5709863,26.430184,3.6523339
"124","5am",60.47527,10.450947,4.5279449,17.45293,7.0929032
"125","5am",54.2271,15.559422,7.8036958,15.250438,7.1593432
"126","5am",56.57141,11.999924,2.7285992,16.351003,12.3490633
"127","5am",50.52773,13.033218,3.76005,28.238608,4.4403893
"128","5am",49.69532,15.302428,2.2188759,27.593266,5.1901108
"129","5am",41.24274,8.831938,7.9508464,23.75288,18.2215943
"130","5am",51.12585,7.622844,5.5250566,30.606642,5.1196096
"131","5am",52.69989,9.673531,3.9766713,25.412527,8.2373851
"132","5am",37.63305,5.457592,8.7990685,40.743567,7.3667265
"133","5am",58.61855,9.04244,3.7788916,25.205909,3.3542117
"134","5am",59.03709,7.69197,3.0300995,25.587741,4.6530947
"135","5am",57.958,9.156051,4.986227,24.342663,3.5570564
"136","5am",48.9417,10.281356,1.657505,29.181016,9.9384268
"137","5am",56.28781,9.589462,3.2098897,22.37428,8.5385549
"138","5am",51.96708,11.907752,1.082215,30.89342,4.1495331
"139","5am",58.61277,7.901044,4.7581276,20.019006,8.7090574
"140","5am",55.36708,10.983282,3.3719402,26.01051,4.2671838
"141","5am",58.00767,8.565569,2.0011698,21.959713,9.4658783
"142","5am",51.16047,13.322679,5.8179166,25.927439,3.7714945
"143","5am",68.73398,10.537146,2.5484074,15.086998,3.0934702
"201","5am",51.801,8.009744,0.9057573,32.179085,7.1044174
"202","5am",42.76313,5.638935,7.2806671,34.873642,9.4436221
"203","5am",50.90014,9.073033,0.9914875,32.013153,7.0221847
"204","5am",53.51377,6.430818,1.5111711,31.983636,6.5606087
"205","5am",50.65173,7.034132,6.9806417,30.306458,5.0270353
"301","5am",57.22389,11.126381,0.554267,28.217768,2.8776929
"302","5am",45.80411,6.751158,4.7849611,36.525979,6.1337934
"303","5am",55.56114,10.224438,1.4134247,29.024073,3.776926
"304","5am",56.91867,8.285078,1.554877,27.604113,5.6372602
"305","5am",57.32869,13.15079,1.3524376,25.28151,2.8865687
"306","5am",47.86023,11.529264,2.4843246,33.763553,4.362628
"307","5am",55.34333,8.690022,5.4898345,24.488496,5.9883178
"308","5am",62.62552,10.387618,4.1210409,20.357677,2.5081425
"309","5am",56.35034,8.705159,3.8801128,17.724855,13.3395383
"310","5am",60.78554,11.985366,3.9249799,21.611539,1.6925713
"311","5am",70.88063,5.146761,5.7027154,16.430293,1.8396027
"312","5am",47.26025,8.862223,5.7831001,31.741881,6.3525459
"313","5am",53.67893,6.413839,7.1338873,24.942735,7.8306093
"314","5am",59.6306,2.903303,5.1950165,27.339406,4.9316771
"401","5am",47.03003,14.66492,5.3869341,31.644529,1.2735855
"402","5am",54.79979,8.189044,3.7783932,28.029292,5.2034854
"403","5am",57.17508,6.502856,3.298303,29.104872,3.9188868
"501","5am",50.0344,7.878,6.3892934,31.613346,4.0849647
"502","5am",52.4811,7.610657,4.9000201,30.355303,4.6529166
"503","5am",41.52215,7.014888,9.7781622,32.95587,8.728932
"504","5am",55.51974,3.635383,3.1730982,33.362992,4.3087891
"505","5am",59.01738,10.870099,2.3067343,24.769739,3.0360464
"506","5am",57.32391,6.838018,5.0032356,23.769586,7.0652463
"507","5am",57.4655,8.424016,3.92365,27.492033,2.6948025
"508","5am",53.02104,5.286537,3.5263299,31.246631,6.9194594
"509","5am",56.99353,2.991853,1.1155533,31.508069,7.3909915
"510","5am",61.65717,3.564837,0.6708147,32.072226,2.0349537
"511","5am",59.40976,10.037938,0.4772479,23.689814,6.3852368
"512","5am",47.23971,10.843688,4.9961183,34.229547,2.6909317
"513","5am",58.36876,8.624897,5.7117903,24.41905,2.8755046
"514","5am",54.3263,10.410801,8.4542869,22.114503,4.6941055
"515","5am",55.5688,9.528143,5.9398026,24.403726,4.5595299
"516","5am",49.36602,10.169805,4.7382419,30.820117,4.9058173
"517","5am",54.44903,6.137428,2.3141087,32.096533,5.0029023
"518","5am",49.67007,2.76438,4.8274916,39.125697,3.6123598
"519","5am",68.50104,1.986529,0.9281111,21.157514,7.4268041
"601","5am",57.32989,8.072325,1.5612051,27.507786,5.5287966
"602","5am",43.55406,4.004752,8.1257189,35.903688,8.4117801
"603","5am",43.42887,3.7722,6.879265,40.316279,5.6033858
"701","5am",53.72241,5.069978,5.8126487,31.685883,3.7090855
"801","5am",61.94133,4.194543,5.168674,25.717645,2.9778062
"802","5am",55.43,8.607838,4.382949,22.993093,8.5861234
"803","5am",48.65371,2.220367,4.6297643,34.961056,9.5351055
"804","5am",39.48627,1.466147,3.6550674,51.48192,3.910591
"805","5am",42.44798,4.413274,5.8027766,40.452939,6.8830275
"806","5am",59.1478,5.39174,11.6951391,19.75378,4.0115438
"901","5am",58.18823,9.469784,3.171239,24.682928,4.4878202
"902","5am",53.80865,6.835366,3.4494667,31.55433,4.3521871
"903","5am",49.81919,5.085503,7.0502067,30.683327,7.3617769
"101","6am",49.77118,19.174034,6.5470651,19.597242,4.9104832
"102","6am",45.0379,24.166662,7.1123017,19.212907,4.4702289
"103","6am",41.61241,17.317502,3.6177078,34.683746,2.7686314
"104","6am",42.47406,18.863492,7.5250079,25.344288,5.793156
"105","6am",57.90573,21.498948,4.1370638,13.726191,2.7320694
"106","6am",60.75126,21.279546,8.6841172,8.462545,0.8225309
"107","6am",43.97371,18.587617,2.6339125,32.133333,2.6714241
"108","6am",44.06112,21.783972,4.8308025,25.520662,3.8034486
"109","6am",30.56707,23.829431,7.1145688,29.772117,8.7168141
"110","6am",45.68549,18.364034,3.3104813,29.038777,3.6012188
"111","6am",49.95473,14.033834,7.1434418,18.967486,9.9005069
"112","6am",52.34127,17.374869,5.6497161,19.930977,4.703167
"113","6am",54.22432,9.791052,0.5376371,32.068431,3.3785614
"114","6am",30.66096,9.661519,17.7861985,23.323211,18.5681096
"115","6am",46.87028,6.592674,1.9059686,40.175466,4.4556066
"116","6am",48.98509,5.169252,7.8068364,29.49989,8.5389267
"117","6am",48.46254,10.984681,6.4120482,23.530326,10.6104009
"118","6am",53.46372,7.374669,7.4990744,27.73803,3.9245067
"119","6am",51.92529,15.070492,0.7881713,27.947489,4.2685615
"120","6am",54.02205,7.544269,3.2166034,32.166294,3.050782
"121","6am",47.31788,22.448965,1.3406578,26.464843,2.4276533
"122","6am",29.25435,58.819667,0.7448676,9.486221,1.6948993
"123","6am",46.30623,18.052472,6.5295526,25.482445,3.6293039
"124","6am",59.8433,10.61805,4.6003437,17.731991,7.2063139
"125","6am",50.31442,16.889446,8.4707579,16.55405,7.7713259
"126","6am",56.42898,11.489214,2.7853039,16.690803,12.6056966
"127","6am",50.82198,12.950514,3.8089571,27.920401,4.4981457
"128","6am",55.13684,13.647145,1.9788572,24.608467,4.6286898
"129","6am",39.52506,9.090127,8.1832779,24.447261,18.7542762
"130","6am",54.09744,7.159368,5.1891286,28.745733,4.8083331
"131","6am",57.06394,8.685191,4.038954,22.816141,7.3957752
"132","6am",36.8302,5.582079,8.3800413,41.672922,7.5347605
"133","6am",58.06038,9.164408,3.829863,25.545898,3.3994548
"134","6am",57.16487,7.495807,3.2184745,27.178478,4.942368
"135","6am",58.66406,9.438984,4.8362744,23.610597,3.4500837
"136","6am",46.56708,10.75952,1.734592,30.538163,10.4006418
"137","6am",56.17753,9.613655,3.2179879,22.430728,8.5600967
"138","6am",49.20505,12.592483,1.1444455,32.669881,4.3881433
"139","6am",56.37851,7.813633,5.0880185,21.406966,9.3128746
"140","6am",55.76194,9.791456,3.4518026,26.626552,4.3682494
"141","6am",57.09799,8.751125,2.0445214,22.435428,9.6709385
"142","6am",52.12485,11.032226,6.0351377,26.895481,3.9123093
"143","6am",69.93225,6.47917,2.7843749,17.424301,3.3799073
"201","6am",51.8063,6.729409,0.950796,33.055815,7.4576842
"202","6am",41.94062,4.78052,6.5129618,36.800491,9.9654039
"203","6am",49.90037,6.319618,1.1257639,35.402008,7.2522441
"204","6am",50.88035,5.86175,1.6319914,34.540773,7.0851386
"205","6am",49.17989,6.568682,7.3002401,31.693995,5.2571907
"301","6am",54.63442,10.44238,0.6115937,31.136278,3.1753271
"302","6am",49.68033,6.268299,4.4427293,33.913554,5.6950899
"303","6am",53.94592,10.781564,1.4904417,29.799347,3.9827294
"304","6am",55.09835,8.635148,1.6205754,28.770473,5.8754519
"305","6am",56.68452,12.423199,1.4029746,26.494878,2.9944319
"306","6am",48.01737,9.214374,2.6163239,35.557508,4.5944271
"307","6am",55.40181,8.678641,5.482645,24.456426,5.9804755
"308","6am",60.78292,9.914296,4.4746952,22.104706,2.7233831
"309","6am",53.89642,9.194549,4.0982467,18.721319,14.0894662
"310","6am",58.22227,10.400854,4.5228696,24.903611,1.9503996
"311","6am",70.89139,3.766979,6.0283842,17.368588,1.9446581
"312","6am",45.32011,8.653152,6.1973934,33.021712,6.8076335
"313","6am",52.01016,6.077141,7.4923887,26.19619,8.2241232
"314","6am",58.32671,1.554435,5.5628455,29.275152,5.2808606
"401","6am",45.73536,15.023353,5.5185991,32.41797,1.3047139
"402","6am",53.3577,7.762242,3.9691839,29.444636,5.4662364
"403","6am",55.72784,6.826018,3.4622132,29.870292,4.1136371
"501","6am",49.30052,7.084553,6.5809918,32.826407,4.2075262
"502","6am",51.9217,6.862344,5.1640962,31.148181,4.9036756
"503","6am",39.31182,6.606256,10.4775654,34.251073,9.3532869
"504","6am",53.80601,3.394132,3.3249742,34.959865,4.5150234
"505","6am",56.24919,11.808982,2.5059738,26.137571,3.2982788
"506","6am",56.67042,6.942728,5.0798496,24.133567,7.1734356
"507","6am",57.13859,8.719168,4.0611228,27.291904,2.7892202
"508","6am",50.49812,5.63051,3.7557735,32.745917,7.3696797
"509","6am",54.33228,3.216966,1.1994897,33.304158,7.9471042
"510","6am",58.46999,3.897592,0,35.407519,2.2249034
"511","6am",55.8741,10.912307,0.5188193,25.753347,6.9414314
"512","6am",45.91489,9.531887,5.3103822,36.382641,2.8601956
"513","6am",55.5247,8.637457,6.2017843,26.513872,3.1221838
"514","6am",55.59897,9.451576,8.3791401,21.917936,4.6523815
"515","6am",54.50708,9.050573,6.3355052,25.243563,4.8632803
"516","6am",44.68883,10.207355,5.2815307,34.353965,5.4683204
"517","6am",51.15872,6.580756,2.4812653,34.414983,5.3642803
"518","6am",44.80085,2.253924,5.373482,43.550822,4.0209185
"519","6am",69.29679,1.936344,0.9046645,20.623018,7.239183
"601","6am",52.37317,9.010036,1.7425604,30.703193,6.171042
"602","6am",44.95253,3.975663,8.0666977,34.654433,8.3506811
"603","6am",41.51368,3.899906,7.1121594,41.681169,5.7930859
"701","6am",54.06522,3.329159,6.0098485,32.760857,3.8349198
"801","6am",59.31731,4.483744,5.525038,27.490796,3.1831166
"802","6am",51.26063,7.973252,4.9684381,26.064588,9.7330866
"803","6am",46.89013,1.564954,4.857737,36.682562,10.0046204
"804","6am",36.61714,1.535662,3.828365,53.922831,4.0960037
"805","6am",40.24955,4.581856,6.0244368,41.9982,7.1459522
"806","6am",58.64701,4.605085,12.1197474,20.470968,4.1571885
"901","6am",56.00613,9.963998,3.3367413,25.971094,4.7220329
"902","6am",52.72977,6.32889,3.5884196,32.825415,4.5275038
"903","6am",47.14481,1.90589,8.1025882,35.263414,7.5833001
"101","7am",53.28329,17.8888427,5.5058771,18.32277,4.9992216
"102","7am",46.27466,22.3794155,7.2394392,19.556352,4.5501375
"103","7am",43.83801,24.5617224,3.4747862,26.04389,2.0815921
"104","7am",38.96413,15.7188248,8.7093871,29.902701,6.7049548
"105","7am",59.87518,16.4807218,4.7494829,15.758111,3.1365039
"106","7am",69.40032,18.5098103,5.9682565,5.556323,0.5652935
"107","7am",46.17744,13.9324236,4.0956687,32.942232,2.8522337
"108","7am",44.67151,17.3255613,5.4489443,28.987117,3.5668696
"109","7am",34.09468,21.3430065,7.1286494,29.831039,7.6026208
"110","7am",43.92108,19.2687208,3.3266902,29.864661,3.6188513
"111","7am",50.06333,11.3138481,6.6882271,20.982372,10.952222
"112","7am",51.79899,18.4008164,5.8306085,19.315827,4.6537541
"113","7am",46.83009,22.5118094,0.4694031,27.151602,3.0370953
"114","7am",27.43589,5.7083773,20.7497862,26.40584,19.7001084
"115","7am",48.3901,8.5523168,1.7825476,37.107952,4.1670838
"116","7am",49.52801,3.707062,7.9633759,30.09141,8.7101458
"117","7am",47.6572,7.9473398,6.4499411,26.152651,11.7928713
"118","7am",52.30723,4.7602195,8.4244214,31.160759,3.3473693
"119","7am",53.26462,16.0741126,0.6968663,26.190326,3.7740739
"120","7am",55.97464,11.5289923,2.6684537,27.297023,2.5308904
"121","7am",36.99543,31.1078498,1.48543,27.721482,2.6898058
"122","7am",26.07059,65.7569725,0.4839958,6.587138,1.101302
"123","7am",48.35105,18.4917375,5.9624404,23.880684,3.3140875
"124","7am",57.56917,6.8211342,5.5458478,21.37643,8.6874206
"125","7am",37.23558,36.4865781,8.1718575,12.321591,5.7843909
"126","7am",57.836,6.2010996,3.1875403,18.349231,14.4261335
"127","7am",53.271,8.5053257,3.9387391,29.633523,4.6514102
"128","7am",63.31414,8.3228877,1.878835,22.089406,4.3947307
"129","7am",41.68437,3.8887575,7.1612295,27.482448,19.7831993
"130","7am",50.51759,10.8123249,5.2881241,28.6915,4.6904602
"131","7am",57.02327,12.6360473,3.8297591,20.372956,6.1379676
"132","7am",35.83777,3.8683952,8.6482028,43.869763,7.775873
"133","7am",47.84878,6.1938205,5.5766985,36.31417,4.0665314
"134","7am",57.79267,4.991997,3.4851349,28.378336,5.3518582
"135","7am",61.00943,5.5589416,5.189741,24.745295,3.4965888
"136","7am",41.42552,8.4509409,2.1376591,36.212349,11.7735326
"137","7am",55.49847,4.9040403,3.7248956,25.964087,9.9085104
"138","7am",45.78801,8.2824493,1.4106386,39.110094,5.4088067
"139","7am",56.251,5.9695017,5.2545612,22.907232,9.6177066
"140","7am",53.88168,4.0777916,4.378649,32.120709,5.5411717
"141","7am",61.04214,3.0902841,2.1472947,23.563205,10.1570739
"142","7am",54.27302,2.7535583,7.3684554,31.498011,4.1069514
"143","7am",67.33075,3.7871152,3.3360932,21.496411,4.0496291
"201","7am",49.48345,5.870141,1.0103237,35.711491,7.9245969
"202","7am",39.90206,3.6878738,7.959678,38.126034,10.3243549
"203","7am",50.2715,3.3803571,1.1962083,36.679817,8.4721145
"204","7am",44.96362,2.7633207,2.252121,41.043111,8.9778289
"205","7am",50.21461,1.7552179,8.1355844,34.035835,5.858755
"301","7am",50.98979,3.1972835,0.8409643,40.605764,4.3661936
"302","7am",57.46873,2.5590852,4.0830534,30.655106,5.234025
"303","7am",49.66111,9.3490542,1.7615742,34.521014,4.7072442
"304","7am",48.8913,12.6301375,1.7597929,30.338582,6.38019
"305","7am",63.5409,6.1393454,1.4123739,25.892884,3.0144934
"306","7am",40.19291,6.9059684,3.2361958,43.981961,5.6829605
"307","7am",51.23141,1.7815506,7.1719521,31.991915,7.8231737
"308","7am",59.64464,2.7095307,5.7487244,28.398328,3.4987811
"309","7am",54.0477,3.6573889,4.7728666,21.113287,16.4087591
"310","7am",57.77685,6.1600606,5.1983709,28.623025,2.2416964
"311","7am",64.52318,3.1978265,7.6786773,22.123306,2.4770156
"312","7am",40.28193,2.2761066,7.8516711,41.836238,7.7540562
"313","7am",46.29967,14.5517356,6.9982716,24.468572,7.6817488
"314","7am",54.52163,0.702182,6.2086266,32.673653,5.8939065
"401","7am",41.75458,9.0493927,6.1888473,41.302141,1.7050372
"402","7am",56.74066,1.8549323,4.3808685,31.827635,5.1959004
"403","7am",51.47898,8.6621285,2.8988322,32.299472,4.6605887
"501","7am",47.15086,19.0183158,5.0564266,25.541596,3.2328026
"502","7am",50.37945,3.3971768,5.8936902,34.733204,5.5964768
"503","7am",40.88928,2.8276942,10.9039954,35.645069,9.7339595
"504","7am",50.19108,5.812705,3.5068925,35.727274,4.7620525
"505","7am",53.32784,8.3754348,3.1570707,30.984419,4.1552308
"506","7am",47.6113,5.0297224,6.0039745,31.879249,9.475754
"507","7am",47.13604,6.9953735,4.8800996,37.636789,3.3517018
"508","7am",44.02116,3.3791353,4.5029955,39.260812,8.8358988
"509","7am",47.29186,1.4875634,1.4875634,39.877308,9.8557091
"510","7am",50.89149,2.8991184,0.9005904,42.576814,2.7319911
"511","7am",49.21377,6.0236392,0.7206849,34.39966,9.6422496
"512","7am",53.00465,2.9329044,5.1197221,36.185219,2.7575053
"513","7am",53.41028,9.8326202,6.4826262,27.0109,3.2635689
"514","7am",54.90455,6.5497109,9.081691,24.056154,5.4078926
"515","7am",57.58087,4.777691,6.6609136,25.867454,5.1130713
"516","7am",43.39929,7.2765337,5.7757236,37.568466,5.9799912
"517","7am",47.15419,2.7962492,3.0196355,40.501731,6.52819
"518","7am",38.47963,1.6514701,4.9608389,50.267052,4.6410082
"519","7am",62.24498,1.6214719,1.136333,25.904207,9.0930093
"601","7am",47.40487,9.2096341,1.9577455,34.494664,6.9330909
"602","7am",46.92007,7.3917038,7.3725184,30.683643,7.6320636
"603","7am",37.74943,3.3389716,5.5251519,46.966798,6.4196474
"701","7am",49.63476,3.6502601,6.5895049,35.920677,4.2048019
"801","7am",55.29613,2.7837989,6.5035406,32.359508,3.0570216
"802","7am",42.62036,4.8415694,6.5323532,33.208946,12.7967701
"803","7am",46.32901,2.6769448,4.0700806,36.63594,10.2880245
"804","7am",35.15795,0.8160394,4.0123474,55.720815,4.2928482
"805","7am",37.71361,2.9325565,6.7129804,46.091559,6.549296
"806","7am",58.29318,3.4938023,11.8994935,21.871846,4.441675
"901","7am",50.32469,8.6222055,4.0253931,31.331126,5.6965875
"902","7am",49.49668,6.7680219,4.0289987,34.622913,5.0833818
"903","7am",41.68031,1.6756899,9.6583365,37.946323,9.0393418
"101","8am",52.92123,16.8711211,4.3596968,21.32489,4.5230573
"102","8am",45.89149,22.1261658,6.9058137,19.898717,5.1778111
"103","8am",47.25751,24.7604836,3.4069851,22.559455,2.0155638
"104","8am",45.27642,11.9185979,8.3197686,27.814499,6.6707147
"105","8am",57.34637,13.558642,4.7613307,19.442809,4.8908507
"106","8am",76.21714,14.1688606,3.7697927,5.584468,0.2597343
"107","8am",42.74072,11.037371,5.0107231,37.721706,3.4894798
"108","8am",49.29471,14.7996716,5.5669697,25.955596,4.3830571
"109","8am",36.18878,19.2259053,6.541449,30.187191,7.8566792
"110","8am",42.32647,19.8913238,3.9314645,30.183749,3.6669972
"111","8am",51.86997,11.3207738,6.931778,18.401491,11.4759868
"112","8am",56.54396,19.3830816,5.68237,14.263253,4.1273399
"113","8am",44.11101,25.6748281,0.8842725,27.062139,2.2677514
"114","8am",29.93654,10.8544879,18.6000426,23.670112,16.9388138
"115","8am",49.86864,9.8183684,1.144195,35.1566,4.0121986
"116","8am",52.50242,2.5246526,6.8123631,29.774112,8.3864537
"117","8am",53.66056,7.0953488,6.2944319,23.797661,9.1520033
"118","8am",50.13915,4.9824123,8.8176482,29.751812,6.3089812
"119","8am",54.66976,19.233542,0.8657217,21.966187,3.2647926
"120","8am",64.69719,9.1582665,2.4694208,21.29726,2.3778639
"121","8am",38.9611,26.983911,4.8371415,26.376676,2.8411743
"122","8am",32.25034,61.0181607,0.7071094,5.224735,0.7996553
"123","8am",50.40387,15.6466928,5.9660492,24.167967,3.8154209
"124","8am",56.60321,4.7687231,6.089577,22.139665,10.3988211
"125","8am",38.39939,38.3681562,6.6355838,10.975072,5.6217959
"126","8am",50.949,6.5037642,2.7701886,23.158124,16.6189214
"127","8am",61.12815,5.4856683,3.7342338,25.763844,3.8881035
"128","8am",60.98072,10.7095087,1.6754769,20.634355,5.9999387
"129","8am",43.9362,2.9461407,6.0190673,28.522907,18.575687
"130","8am",48.65893,12.9849642,5.4472874,27.184293,5.7245257
"131","8am",55.61494,13.4434545,4.2543398,22.033895,4.6533671
"132","8am",41.36695,2.7693662,6.0051502,42.003061,7.8554736
"133","8am",35.15006,3.8620887,7.1723328,48.585452,5.2300688
"134","8am",60.18103,6.4403655,3.9134718,24.985985,4.4791521
"135","8am",61.29397,5.5180017,3.7651302,26.291594,3.1313048
"136","8am",35.3783,8.0108658,2.7292809,43.018975,10.8625773
"137","8am",48.77462,5.8061667,4.9353354,31.438881,9.0449944
"138","8am",40.11807,5.9640174,1.698843,45.705203,6.5138676
"139","8am",58.38196,6.2654995,4.8121882,21.732342,8.8080075
"140","8am",54.91331,3.0242399,2.70065,33.368347,5.9934485
"141","8am",64.46331,2.2461501,1.9930145,21.870221,9.4273022
"142","8am",47.06752,3.2540314,7.9163722,37.628733,4.1333408
"143","8am",62.33485,4.9982851,2.6619194,25.169583,4.8353608
"201","8am",44.60774,12.0610383,0,35.461989,7.8692308
"202","8am",40.32893,2.5359767,8.1533019,38.406288,10.5755009
"203","8am",46.68118,3.8210975,1.2903724,39.068322,9.1390294
"204","8am",48.91266,2.0150566,2.0150566,39.655366,7.4018625
"205","8am",47.43063,1.9624141,6.7288719,37.327728,6.550357
"301","8am",51.00412,1.7761643,0.9343499,41.434326,4.8510414
"302","8am",71.34968,1.0554711,2.2367501,21.378973,3.9791261
"303","8am",39.36862,11.9950982,2.1982624,41.88953,4.5484894
"304","8am",35.15187,16.6272151,2.0884505,38.071658,8.0608078
"305","8am",67.89821,3.2927003,1.2684329,23.807261,3.7333935
"306","8am",38.95782,3.3784122,2.2699059,49.064015,6.329846
"307","8am",48.15966,1.0264621,5.9604412,36.865063,7.9883714
"308","8am",55.17002,2.0881982,6.8466939,33.626788,2.2683004
"309","8am",54.72997,2.6664366,5.0550258,20.169769,17.3788016
"310","8am",55.58511,3.7925892,5.8690847,31.472434,3.2807771
"311","8am",59.29232,2.617388,7.8876286,27.161546,3.0411176
"312","8am",37.54194,1.5970334,8.9225435,43.305356,8.6331231
"313","8am",41.00405,15.6974379,7.3891245,27.290765,8.6186181
"314","8am",55.85584,1.5852455,4.4718514,32.266588,5.8204771
"401","8am",35.17141,7.793414,5.9730386,47.980965,3.0811761
"402","8am",59.74594,0.8898457,4.2031688,28.474041,6.6870093
"403","8am",48.39657,10.0131836,3.1739468,33.818058,4.5982368
"501","8am",49.57183,18.1349662,5.2669032,23.785625,3.2406718
"502","8am",48.54262,7.6675445,5.2767424,33.5593,4.9537888
"503","8am",39.30584,6.5368886,10.1289427,35.124204,8.9041278
"504","8am",49.82468,5.6208297,2.6418189,36.782128,5.1305434
"505","8am",41.12548,8.2506681,3.8914994,40.680199,6.0521564
"506","8am",47.92009,2.7674718,6.4679407,34.563402,8.2810937
"507","8am",47.48734,3.9215698,5.4959696,39.270832,3.8242896
"508","8am",37.91881,1.4895464,5.9283476,45.153089,9.5102035
"509","8am",39.99549,0,1.7672573,46.528458,11.708794
"510","8am",43.97157,1.1943268,1.0906495,50.434907,3.3085459
"511","8am",49.39253,3.9489137,0.8169776,34.911006,10.9305772
"512","8am",54.0097,4.1342773,4.9502511,33.821317,3.0844524
"513","8am",55.91659,12.9829154,5.4067978,22.971739,2.7219612
"514","8am",51.20384,6.2816074,9.846943,27.624034,5.043576
"515","8am",52.53329,5.8695324,7.4971169,28.161106,5.9389597
"516","8am",47.98485,4.6815508,4.5418828,35.843112,6.9486047
"517","8am",42.07419,3.1764037,3.7279755,43.60572,7.4157079
"518","8am",32.76663,1.7691351,6.6440537,53.84851,4.9716736
"519","8am",52.13676,2.1872532,1.5328346,31.877312,12.2658397
"601","8am",46.7856,9.2352139,2.0777539,36.814559,5.0868722
"602","8am",48.36005,7.8244331,8.1071681,27.414557,8.2937918
"603","8am",36.96965,3.5244811,4.7947876,47.934766,6.7763158
"701","8am",48.13381,3.7210096,6.717223,37.141657,4.2862996
"801","8am",56.56853,2.1797975,5.9745458,32.094799,3.1823328
"802","8am",36.30107,1.4930696,7.8169015,39.075775,15.3131787
"803","8am",44.1294,2.8208992,4.6848665,37.998072,10.3667585
"804","8am",32.84283,0.9121424,3.5980098,57.848614,4.798407
"805","8am",37.05365,3.2703993,7.4863438,46.865172,5.3244308
"806","8am",59.96959,3.3145465,11.2889687,21.213105,4.2137869
"901","8am",39.76465,6.5296707,4.8270043,40.786801,8.0918771
"902","8am",50.98956,7.1880061,3.5771937,33.731901,4.51334
"903","8am",40.6962,1.7178811,9.9015179,39.406227,8.2781743
"101","9am",52.26983,12.3372097,5.8087617,24.517336,5.0668673
"102","9am",42.8107,23.869105,7.0002037,21.85826,4.4617269
"103","9am",47.33128,24.1751014,2.5121975,23.708424,2.2729947
"104","9am",43.38227,10.2774403,9.0914839,30.276838,6.9719662
"105","9am",56.78395,9.5087158,7.0001219,21.066153,5.6410576
"106","9am",78.14984,14.5850642,2.4083801,4.573324,0.2833881
"107","9am",41.49869,10.5387179,5.7461558,39.433049,2.783391
"108","9am",49.04102,11.5712626,5.9856289,28.871063,4.5310244
"109","9am",36.66493,17.4124375,7.1157962,31.319519,7.4873171
"110","9am",42.46597,19.1469297,3.9151926,30.370733,4.1011747
"111","9am",54.65995,13.5036012,8.0820612,14.040843,9.7135462
"112","9am",55.97649,17.7071662,6.13378,15.61647,4.5660931
"113","9am",46.16399,25.9624281,0.9942019,23.7039,3.1754842
"114","9am",40.53629,10.3675461,15.3789877,17.772598,15.94458
"115","9am",51.07741,9.8348774,1.6261719,32.639498,4.8220394
"116","9am",50.7744,2.74314,8.1736053,30.743703,7.5651486
"117","9am",53.12165,6.9370213,6.7855188,21.268425,11.8873875
"118","9am",51.09397,5.7405399,8.754342,29.094438,5.3167135
"119","9am",55.92751,19.4443658,1.8079481,20.044782,2.7753912
"120","9am",66.61303,8.8876833,2.3078444,19.784023,2.4074154
"121","9am",37.25545,28.1944724,0.7766451,26.108337,7.665095
"122","9am",32.74668,61.0671542,0.5971418,4.7995,0.7895226
"123","9am",52.05263,12.9091463,6.8694705,23.934248,4.2345047
"124","9am",50.0471,6.3968799,6.9051027,25.481752,11.1691637
"125","9am",40.68464,38.0058539,3.2699924,10.488009,7.5515025
"126","9am",50.90213,5.8465743,4.1871905,21.804572,17.2595346
"127","9am",65.43557,3.4744654,4.6041326,24.77112,1.7147114
"128","9am",50.44245,8.1519686,6.8582612,29.434335,5.1129809
"129","9am",44.04575,1.9547032,6.9610322,29.114509,17.924006
"130","9am",46.772,14.930743,4.5192192,28.417991,5.3600492
"131","9am",53.54618,12.2483272,2.7777724,24.082454,7.3452679
"132","9am",40.94581,2.114832,7.2477833,39.318803,10.3727676
"133","9am",41.58129,4.4955548,8.3487507,43.982051,1.5923585
"134","9am",57.98516,7.0850167,4.0806792,24.835187,6.0139584
"135","9am",60.63935,4.4056354,3.0569413,28.704347,3.1937234
"136","9am",32.98138,6.1384065,3.1054105,44.382372,13.3924333
"137","9am",45.40239,5.479806,5.3401066,34.441142,9.3365575
"138","9am",29.01449,8.1367769,1.0675346,52.894259,8.8869438
"139","9am",60.50972,6.6449568,5.1036287,19.381934,8.3597561
"140","9am",53.35631,1.9764511,2.6601457,36.103539,5.9035588
"141","9am",66.33431,1.5944797,2.2158596,20.256183,9.599163
"142","9am",49.30724,3.4349202,6.6589781,36.235753,4.3631097
"143","9am",61.2149,5.323015,2.8348597,25.86358,4.763643
"201","9am",45.39869,12.172197,1.0125114,34.50029,6.9163154
"202","9am",39.72053,2.5618334,8.2364328,38.797877,10.6833285
"203","9am",47.71065,3.8952812,0.3565321,39.757284,8.2802542
"204","9am",50.0703,0.6467283,1.9487352,39.168023,8.1662085
"205","9am",45.52441,1.90905,8.3257954,37.868516,6.3722324
"301","9am",49.42755,1.8527184,0.9746211,42.684982,5.0601251
"302","9am",73.41448,0.8489914,1.5655105,20.990112,3.1809034
"303","9am",36.75447,13.8510868,2.2949698,40.966898,6.1325736
"304","9am",32.69346,17.5983288,2.2104266,39.483805,8.0139779
"305","9am",69.95594,3.6856916,1.2892616,22.049135,3.0199671
"306","9am",42.09679,3.141079,2.1104452,47.19696,5.4547267
"307","9am",49.30893,1.0290249,5.087588,38.026501,6.5479524
"308","9am",56.04581,2.061993,6.7607735,31.954137,3.1772841
"309","9am",49.93952,2.9199151,5.5355699,23.372097,18.232894
"310","9am",56.91448,2.4748616,4.6628194,33.636115,2.3117258
"311","9am",62.50483,2.9921137,7.7469732,23.279573,3.4765078
"312","9am",32.94929,0.6989606,8.9739668,46.101579,11.2762038
"313","9am",42.83416,15.1538441,7.0556116,26.687262,8.2691275
"314","9am",53.86188,3.0543577,4.5551262,32.161109,6.3675276
"401","9am",43.73204,7.9456248,4.8274107,41.469444,2.0254826
"402","9am",62.44222,0.9649204,1.9298407,26.278625,8.3843956
"403","9am",48.24715,9.7522744,4.1350907,33.01205,4.8534377
"501","9am",49.43883,17.9329892,5.5349699,23.635161,3.4580461
"502","9am",50.7842,5.4991585,4.4710376,34.862787,4.3828124
"503","9am",38.10833,5.3068893,10.2804111,34.934654,11.3697185
"504","9am",47.34409,6.2223259,5.2979587,33.654165,7.4814574
"505","9am",42.59672,8.0587734,3.8009906,40.540778,5.0027365
"506","9am",47.60195,3.0170313,7.0511937,33.30198,9.0278495
"507","9am",48.06304,3.6891989,3.346891,40.353812,4.5470614
"508","9am",36.17916,1.5569195,4.6499668,49.434994,8.1789639
"509","9am",39.90753,0,2.034899,44.575544,13.4820281
"510","9am",50.18691,1.287379,1.175624,43.783769,3.5663209
"511","9am",48.98321,0,0.8762412,38.41707,11.7234817
"512","9am",54.29365,4.2182588,4.293746,34.839512,2.3548375
"513","9am",57.18363,13.380438,3.3419315,23.2887,2.8053047
"514","9am",53.15881,4.1863464,10.0617673,27.439466,5.1536084
"515","9am",52.08406,5.9859322,7.6457936,29.175929,5.1082872
"516","9am",48.04592,4.9469421,4.7993565,34.474485,7.7332989
"517","9am",47.08283,6.2943658,1.7053287,36.700351,8.2171291
"518","9am",33.79249,1.8835808,4.5302269,54.500412,5.2932922
"519","9am",52.09908,2.4653081,1.7276964,29.882782,13.8251361
"601","9am",47.20458,8.1879646,2.1615762,37.895542,4.5503378
"602","9am",48.31182,7.7406519,7.7776524,28.336144,7.833729
"603","9am",36.69891,2.6618033,5.3633173,48.023794,7.2521772
"701","9am",44.85659,4.0874834,7.0344922,39.532683,4.488751
"801","9am",55.51106,2.227952,6.1065311,32.803813,3.3506425
"802","9am",40.1921,1.7124801,8.9656158,35.983566,13.1462416
"803","9am",43.91755,3.4034186,5.2615036,37.59863,9.8189006
"804","9am",37.34615,0.8991502,2.6476108,55.276178,3.83091
"805","9am",36.31801,1.7277207,6.1822071,50.146367,5.6256919
"806","9am",60.08109,3.2853674,11.1895879,21.267258,4.1766915
"901","9am",43.83287,2.9170731,5.6242508,38.197448,9.4283626
"902","9am",49.53668,7.3367424,3.5992617,34.986134,4.5411831
"903","9am",43.50241,1.7693901,10.1984053,37.107714,7.4220815
"101","10am",48.70941,11.915752,5.9088993,28.478196,4.9877378
"102","10am",42.75435,24.1887712,7.0357233,22.442973,3.5781837
"103","10am",51.34307,24.6440968,3.1953241,18.528083,2.2894277
"104","10am",47.15599,8.1153879,8.7196398,28.235605,7.7733759
"105","10am",57.3226,5.9890393,7.9174173,24.572356,4.1985859
"106","10am",78.17433,14.9859897,2.0971771,4.38401,0.3584962
"107","10am",40.44222,8.001675,6.1141396,42.480327,2.9616393
"108","10am",49.18183,10.7308934,5.1777674,31.067654,3.8418559
"109","10am",38.57399,17.4578982,7.5931449,29.201697,7.1732649
"110","10am",44.34832,21.3950763,2.8288567,25.521385,5.9063603
"111","10am",54.0768,12.7576069,5.7581963,14.272041,13.1353561
"112","10am",54.58698,17.4043016,6.8651936,17.307668,3.8358601
"113","10am",46.60254,25.7327624,0.2496849,23.936246,3.478762
"114","10am",36.89326,10.4456935,14.6857401,21.220867,16.7544439
"115","10am",49.79954,10.1117685,3.9188272,31.697453,4.472414
"116","10am",48.10438,3.1100011,8.2573722,32.724091,7.804157
"117","10am",51.35817,6.6270224,4.6262647,25.536528,11.8520173
"118","10am",51.37938,5.0292459,8.8124541,29.032242,5.7466772
"119","10am",58.9962,19.5096061,1.2605342,17.167936,3.0657258
"120","10am",65.8461,8.6600214,2.3196896,20.199532,2.9746539
"121","10am",36.18406,29.8326656,0.8262182,25.0027,8.1543562
"122","10am",30.89771,63.4755993,0.5912985,4.3667,0.6686872
"123","10am",53.07843,13.5000543,5.5469943,24.179978,3.694541
"124","10am",49.81716,7.0766511,6.19719,26.747906,10.1610967
"125","10am",43.59678,36.2309058,3.7557469,9.282163,7.1344066
"126","10am",52.18748,5.2995749,3.3177395,23.916163,15.2790419
"127","10am",67.38437,3.8962942,4.5735948,21.737114,2.4086253
"128","10am",50.61112,8.1886713,5.1484673,32.530692,3.521047
"129","10am",49.56692,2.202766,5.5688696,21.496201,21.1652448
"130","10am",49.88025,14.5438493,4.4224487,25.623314,5.5301397
"131","10am",55.30197,12.3230752,3.8328508,20.977101,7.5650051
"132","10am",47.00284,1.8463947,7.3701242,34.016883,9.7637626
"133","10am",41.07529,4.6209872,8.5816927,44.085246,1.6367875
"134","10am",57.00897,7.0972041,3.0680758,27.127567,5.6981859
"135","10am",62.28994,4.6408393,2.8749821,25.574842,4.6194009
"136","10am",33.90252,5.8108722,1.557652,45.489715,13.2392415
"137","10am",47.35476,5.792684,2.9498096,33.530845,10.3719036
"138","10am",33.04613,8.6415863,0,54.557731,3.7545528
"139","10am",60.84567,7.1115193,5.1494449,18.789952,8.1034164
"140","10am",50.60464,3.2908697,4.0461697,35.536467,6.5218563
"141","10am",66.80975,1.622677,1.622677,19.278138,10.6667539
"142","10am",49.54257,3.2419938,7.0860279,36.812422,3.316991
"143","10am",64.25244,5.4582475,3.5526746,22.428308,4.3083337
"201","10am",44.42366,12.0901947,1.0056902,35.610738,6.8697212
"202","10am",39.28424,2.7187445,8.0457559,38.613583,11.3376773
"203","10am",46.47592,3.9806074,1.7085802,40.813085,7.0218107
"204","10am",48.60236,0.6949362,2.0939963,40.212753,8.3959535
"205","10am",48.43957,2.0265689,6.9488507,35.820511,6.7644998
"301","10am",50.79391,1.7514443,0.921346,41.749776,4.7835264
"302","10am",74.68107,1.2158652,1.1707269,19.711484,3.2208554
"303","10am",38.96828,13.1091966,3.0428705,38.567665,6.3119878
"304","10am",33.35647,17.1398497,2.1528396,40.820455,6.5303891
"305","10am",68.23613,3.649591,1.1702646,23.26366,3.6803552
"306","10am",42.9615,3.2397438,2.1767367,45.995954,5.6260659
"307","10am",49.08533,1.0335642,8.3215966,35.874328,5.6851854
"308","10am",55.46586,3.2097334,7.0577621,30.949793,3.3168565
"309","10am",51.90744,2.9730988,3.7859472,22.768527,18.5649897
"310","10am",55.24226,2.4226213,8.0162447,32.258884,2.0599918
"311","10am",60.63647,3.1412086,9.4661881,23.106389,3.6497397
"312","10am",39.70971,0.6619191,7.8364713,42.336274,9.455628
"313","10am",41.68913,15.0109036,6.9890587,27.217985,9.0929239
"314","10am",55.58643,3.171045,3.5667517,31.064984,6.6107896
"401","10am",38.7087,8.5461342,3.4797442,47.288447,1.9769744
"402","10am",57.36153,0.9765442,3.7288451,29.547255,8.3858295
"403","10am",44.12583,9.9626591,5.587975,35.946211,4.3773261
"501","10am",50.00029,17.2960495,5.6399213,23.450499,3.6132398
"502","10am",48.47031,5.9105003,3.5428738,35.033602,7.0427179
"503","10am",36.44489,5.7095061,10.7433964,39.903799,7.1984126
"504","10am",45.75115,6.5527981,3.3609074,35.281111,9.0540302
"505","10am",45.50839,7.3179806,2.9982712,40.97446,3.2008954
"506","10am",50.08725,3.1613336,5.320426,29.770196,11.6607932
"507","10am",42.85893,3.6947892,4.8582583,43.806973,4.7810487
"508","10am",43.13317,1.7035649,3.3843797,41.865898,9.9129842
"509","10am",43.11789,0,1.7239444,43.736333,11.4218285
"510","10am",49.9571,2.5395452,1.1952921,42.682079,3.6259852
"511","10am",39.70587,0,0.9805204,47.175471,12.1381423
"512","10am",52.30455,4.154651,5.75497,35.444857,2.3409723
"513","10am",56.88535,13.7740712,3.8827506,23.109955,2.3478686
