"district","hour","age1","age2","age3","age4"
"001","4am",11.087083,20.118437,54.1301,14.66438
"002","4am",5.623277,15.458092,33.71989,45.19874
"003","4am",12.892922,14.061224,52.94813,20.09772
"004","4am",12.977166,19.501431,44.6598,22.86161
"005","4am",14.482925,17.888938,52.26566,15.36248
"006","4am",14.750836,17.795781,49.48717,17.96621
"007","4am",9.07775,13.099249,48.70657,29.11643
"008","4am",15.695616,20.33371,38.75753,25.21314
"009","4am",22.412148,9.665216,45.14586,22.77678
"010","4am",15.616454,18.307391,42.64119,23.43496
"011","4am",11.203879,15.015932,50.87151,22.90868
"012","4am",5.978798,22.113346,44.41631,27.49155
"013","4am",14.808081,19.095274,46.66001,19.43664
"014","4am",14.688266,14.35541,47.28567,23.67066
"015","4am",13.885643,14.347568,46.45253,25.31426
"016","4am",16.178825,18.284037,43.24297,22.29416
"017","4am",13.7372,15.123569,55.02982,16.10941
"018","4am",19.604848,11.287302,45.46372,23.64413
"019","4am",12.993244,11.402843,46.08584,29.51807
"020","4am",19.384329,18.267664,46.81662,15.53139
"021","4am",15.925918,17.061856,44.46109,22.55114
"022","4am",16.469675,16.344345,39.79225,27.39373
"023","4am",19.6512,10.399224,45.05566,24.89391
"024","4am",5.934895,11.49523,43.76912,38.80076
"025","4am",7.598561,8.654314,50.29305,33.45408
"026","4am",13.682864,8.523161,51.02349,26.77049
"027","4am",15.04015,5.991047,56.66095,22.30786
"028","4am",16.056745,14.524235,41.53054,27.88848
"029","4am",21.020646,13.486723,48.32639,17.16624
"030","4am",19.118841,12.140886,52.26932,16.47095
"031","4am",11.09659,14.420381,49.7983,24.68473
"032","4am",13.36125,19.836389,38.93322,27.86914
"033","4am",17.039699,12.432309,49.10923,21.41877
"034","4am",12.240652,6.045174,44.50603,37.20814
"035","4am",11.903883,10.118302,46.31225,31.66556
"036","4am",10.292194,7.985429,55.68712,26.03526
"037","4am",18.822669,6.624944,58.40167,16.15072
"038","4am",16.729673,9.174237,55.42534,18.67075
"039","4am",16.516273,11.514942,46.45629,25.5125
"040","4am",19.309748,14.048239,45.29039,21.35163
"041","4am",20.407899,13.240242,44.41836,21.9335
"042","4am",12.120834,19.459759,50.24875,18.17066
"043","4am",14.339743,10.575774,55.19854,19.88594
"044","4am",16.939588,22.765918,49.68833,10.60616
"045","4am",16.000766,20.133857,53.63946,10.22592
"046","4am",11.961565,10.882541,42.78308,34.37281
"047","4am",15.152607,8.35706,51.87227,24.61806
"048","4am",7.10725,18.722644,48.00526,26.16485
"049","4am",11.050029,12.014782,48.42662,28.50857
"050","4am",7.104351,14.175408,51.51635,27.20389
"051","4am",8.043805,12.156064,51.45516,28.34498
"052","4am",8.803868,9.15724,60.86616,21.17273
"053","4am",10.010056,10.324642,60.79337,18.87193
"054","4am",11.12336,8.896714,61.70684,18.27309
"055","4am",6.836494,9.585195,69.90949,13.66882
"056","4am",10.779497,7.598871,61.35031,20.27133
"057","4am",12.355674,9.223222,61.67254,16.74856
"058","4am",15.481662,4.106901,57.20016,23.21127
"059","4am",16.250259,12.600654,49.99718,21.15191
"060","4am",6.071846,11.185141,51.48815,31.25487
"061","4am",14.598178,9.872225,50.80526,24.72434
"062","4am",7.728032,2.747883,66.33283,23.19126
"063","4am",9.328065,6.129647,55.30561,29.23668
"064","4am",14.944217,7.049445,64.48344,13.52289
"065","4am",11.927565,12.57654,52.43862,23.05727
"066","4am",14.306383,12.663066,57.71632,15.31423
"067","4am",9.16724,14.506725,53.45418,22.87186
"068","4am",17.278009,11.833285,53.36464,17.52407
"069","4am",13.520553,10.544319,62.59433,13.3408
"070","4am",8.754188,16.789313,49.24509,25.21141
"071","4am",12.056968,6.451412,60.85292,20.6387
"072","4am",12.679547,6.878425,51.26143,29.1806
"073","4am",15.05556,11.041302,58.40668,15.49646
"074","4am",13.86297,19.541464,50.75942,15.83614
"075","4am",15.289604,20.541709,48.01404,16.15464
"076","4am",15.994418,21.474635,46.02072,16.51023
"077","4am",16.316774,7.83382,53.38858,22.46083
"078","4am",14.394788,13.053186,59.28324,13.26879
"079","4am",6.322721,12.723699,49.18691,31.76667
"080","4am",10.149236,9.691068,63.56043,16.59926
"081","4am",5.420061,7.285301,65.81421,21.48043
"082","4am",12.843986,7.798053,60.29156,19.0664
"083","4am",11.197674,9.817635,60.45323,18.53146
"084","4am",46.610769,11.78303,29.13273,12.47347
"085","4am",25.004648,14.193814,32.40689,28.39465
"086","4am",14.852673,19.633381,36.2719,29.24205
"087","4am",16.011017,24.819761,34.80174,24.36748
"088","4am",7.766363,7.363199,45.50091,39.36953
"089","4am",10.588533,12.455159,48.59893,28.35738
"090","4am",11.270291,17.334438,48.85247,22.5428
"091","4am",20.177371,14.647283,40.22488,24.95047
"092","4am",15.188103,6.520145,60.67962,17.61214
"093","4am",9.198098,9.658095,62.55503,18.58877
"094","4am",16.095288,12.481431,56.68345,14.73984
"095","4am",13.009718,8.683413,54.07743,24.22944
"096","4am",5.740348,8.918918,59.72061,25.62012
"097","4am",7.162601,15.288649,46.20271,31.34604
"098","4am",9.128552,13.547572,55.06624,22.25764
"099","4am",10.056727,14.460139,56.51503,18.9681
"100","4am",14.480282,13.476963,56.81533,15.22743
"101","4am",8.627159,10.868231,54.22054,26.28407
"102","4am",9.326578,7.057509,65.80766,17.80825
"103","4am",11.586657,12.140567,49.9364,26.33638
"104","4am",13.548133,13.442245,46.59308,26.41655
"105","4am",7.566606,13.063076,57.66033,21.70999
"106","4am",12.500584,11.518726,52.58408,23.39661
"107","4am",17.402739,13.432487,48.1486,21.01617
"108","4am",14.108095,15.849164,50.96744,19.0753
"109","4am",8.356236,18.683334,54.40843,18.552
"110","4am",12.124159,5.337451,65.02117,17.51722
"111","4am",7.304651,18.645312,45.25077,28.79926
"112","4am",10.790521,12.336818,44.5187,32.35396
"113","4am",13.789684,15.416678,45.42319,25.37045
"114","4am",12.509575,15.669087,51.9289,19.89244
"115","4am",10.861522,23.07966,44.63959,21.41923
"116","4am",8.254779,14.198305,56.22387,21.32305
"117","4am",6.739518,15.291345,55.08698,22.88215
"118","4am",15.504974,10.187595,57.03235,17.27509
"119","4am",9.504368,21.503416,42.98325,26.00896
"120","4am",11.258965,4.064464,58.97596,25.70061
"121","4am",24.499317,8.643564,49.34572,17.5114
"122","4am",11.748097,13.132014,46.39967,28.72022
"123","4am",18.30824,9.01002,60.58027,12.10147
"124","4am",16.315461,12.173996,45.92514,25.5854
"125","4am",9.906772,14.793135,62.14282,13.15727
"126","4am",11.29288,9.517874,62.62786,16.56138
"127","4am",8.956632,22.028329,43.845,25.17004
"128","4am",11.62365,8.944251,52.21138,27.22072
"129","4am",8.191566,5.990244,62.10212,23.71607
"130","4am",3.483734,15.608794,58.88894,22.01854
"131","4am",3.878487,10.345101,54.15921,31.6172
"132","4am",5.08262,8.456108,59.82581,26.63546
"133","4am",6.274702,8.90333,51.11627,33.7057
"134","4am",11.441488,11.198536,48.08394,29.27604
"135","4am",7.603932,7.56173,56.85123,27.9831
"136","4am",6.503094,10.846289,56.10344,26.54717
"137","4am",4.49649,7.855771,59.36534,28.2824
"001","5am",11.125707,19.604893,54.55393,14.71547
"002","5am",5.670728,15.588531,33.16061,45.58013
"003","5am",13.098786,14.285742,52.19684,20.41863
"004","5am",13.211272,19.738095,44.78359,22.26704
"005","5am",14.602092,17.185061,52.72397,15.48888
"006","5am",14.37062,18.103468,50.0228,17.50311
"007","5am",9.045915,11.900158,50.0396,29.01432
"008","5am",15.208718,19.903087,40.45719,24.431
"009","5am",21.878264,9.335562,46.78625,21.99992
"010","5am",13.45019,18.352324,44.705,23.49248
"011","5am",11.78607,14.286454,50.97306,22.95441
"012","5am",6.088792,21.881294,44.0326,27.99731
"013","5am",14.309565,18.452429,48.4557,18.7823
"014","5am",14.669512,13.780457,47.9096,23.64043
"015","5am",13.907717,15.034922,45.70286,25.3545
"016","5am",16.230855,18.909973,42.49331,22.36586
"017","5am",13.306317,14.76761,55.44426,16.48182
"018","5am",18.917835,11.333958,46.00635,23.74186
"019","5am",12.338618,11.500812,46.38889,29.77168
"020","5am",19.902085,17.284303,46.98176,15.83186
"021","5am",14.749481,17.35248,44.96278,22.93526
"022","5am",16.254927,17.019232,39.6893,27.03654
"023","5am",19.52218,10.905701,44.84165,24.73047
"024","5am",5.853405,12.390094,44.0014,37.7551
"025","5am",8.144672,9.15414,49.28601,33.41517
"026","5am",14.367737,9.69466,47.82716,28.11044
"027","5am",15.974884,6.090516,55.25637,22.67823
"028","5am",18.53301,14.265986,39.80839,27.39261
"029","5am",21.284101,12.904557,48.42996,17.38139
"030","5am",19.644394,10.888021,52.54387,16.92371
"031","5am",10.798248,15.664423,49.51627,24.02106
"032","5am",13.616487,20.925374,37.05662,28.40152
"033","5am",17.568452,12.060882,48.28726,22.0834
"034","5am",12.417553,5.650807,44.18577,37.74587
"035","5am",11.399135,9.504894,47.2982,31.79777
"036","5am",10.566244,8.198056,54.5072,26.7285
"037","5am",19.744634,6.415278,56.89828,16.94181
"038","5am",16.687732,9.686766,54.51609,19.10941
"039","5am",16.557205,11.543479,46.32359,25.57573
"040","5am",20.212622,14.194495,43.83612,21.75676
"041","5am",19.179743,13.77707,44.22039,22.8228
"042","5am",12.033105,19.415795,49.70636,18.84474
"043","5am",14.561268,10.739152,54.50644,20.19314
"044","5am",19.836291,21.619688,48.0601,10.48392
"045","5am",16.316922,19.703777,53.55133,10.42797
"046","5am",12.292948,8.722375,43.6596,35.32508
"047","5am",14.873767,8.494811,51.60757,25.02385
"048","5am",7.10725,18.722644,48.00526,26.16485
"049","5am",11.109798,12.806412,47.42102,28.66277
"050","5am",7.364085,14.693659,49.7438,28.19846
"051","5am",7.438644,12.620825,53.72804,26.21249
"052","5am",8.831916,8.581643,61.34625,21.24019
"053","5am",10.007639,10.322149,60.80284,18.86737
"054","5am",10.183425,8.84571,62.80254,18.16833
"055","5am",6.889957,9.660153,69.67418,13.77571
"056","5am",11.916125,7.502065,60.56873,20.01308
"057","5am",12.555165,9.372137,61.05372,17.01898
"058","5am",14.953104,3.966688,58.66139,22.41882
"059","5am",16.527491,11.73842,50.22133,21.51276
"060","5am",6.481322,11.231273,50.90363,31.38377
"061","5am",14.486266,9.796543,51.18239,24.5348
"062","5am",7.728032,2.747883,66.33283,23.19126
"063","5am",9.119162,5.992374,56.30654,28.58192
"064","5am",14.944217,7.049445,64.48344,13.52289
"065","5am",12.242489,12.05845,52.03301,23.66605
"066","5am",13.823559,13.128018,57.1719,15.87652
"067","5am",9.338925,13.842004,53.51887,23.3002
"068","5am",16.667502,13.691928,52.7357,16.90487
"069","5am",13.929032,10.86288,61.46424,13.74384
"070","5am",8.9045,17.07759,48.37361,25.6443
"071","5am",13.005459,6.44259,59.94147,20.61048
"072","5am",12.814299,6.697272,52.07634,28.41209
"073","5am",14.59815,11.279144,59.09705,15.02566
"074","5am",14.171924,19.335155,50.94567,15.54726
"075","5am",15.822171,20.011167,47.44932,16.71734
"076","5am",15.82631,20.013033,48.44191,15.71875
"077","5am",16.80149,8.50647,53.05151,21.64053
"078","5am",14.561252,13.204135,58.81239,13.42223
"079","5am",6.115107,12.3059,50.85542,30.72357
"080","5am",9.197341,9.858707,64.05755,16.8864
"081","5am",5.142596,7.436239,65.4957,21.92546
"082","5am",12.952685,7.864048,59.9555,19.22777
"083","5am",11.261271,9.873394,60.22863,18.63671
"084","5am",45.80201,11.032839,30.90811,12.25704
"085","5am",24.42943,14.178914,33.02682,28.36484
"086","5am",14.953612,19.087209,36.5184,29.44078
"087","5am",15.937756,24.706194,35.10007,24.25598
"088","5am",7.887737,7.478272,44.64919,39.9848
"089","5am",10.69239,11.33245,49.33964,28.63552
"090","5am",11.559179,17.778767,47.54142,23.12064
"091","5am",18.901027,14.157351,42.82572,24.11591
"092","5am",15.588669,7.300761,59.03394,18.07663
"093","5am",8.852616,12.862199,60.00145,18.28374
"094","5am",16.284844,12.628426,56.1733,14.91343
"095","5am",13.17452,8.160032,54.12908,24.53637
"096","5am",5.723892,8.89335,59.83608,25.54668
"097","5am",7.205458,15.380127,46.47916,30.93526
"098","5am",9.214405,13.674986,54.64364,22.46697
"099","5am",9.199768,15.902032,55.69779,19.20041
"100","5am",14.678805,13.37198,56.51302,15.4362
"101","5am",8.54197,11.321634,54.65071,25.48569
"102","5am",9.463046,7.160776,65.30735,18.06882
"103","5am",11.324363,11.865735,51.06972,25.74019
"104","5am",13.526405,14.302332,45.79708,26.37418
"105","5am",8.612453,13.083804,56.5593,21.74444
"106","5am",12.764693,9.649317,53.69506,23.89093
"107","5am",16.945646,13.549013,48.30686,21.19849
"108","5am",14.053438,15.787762,51.1574,19.0014
"109","5am",8.567641,19.156005,53.255,19.02135
"110","5am",12.205547,4.701991,65.45765,17.63481
"111","5am",7.358668,18.78319,44.84591,29.01223
"112","5am",10.519176,11.340912,44.2659,33.87401
"113","5am",14.231646,15.026415,44.55837,26.18357
"114","5am",13.291486,15.588308,51.33032,19.78989
"115","5am",10.793247,21.910405,46.01176,21.28459
"116","5am",8.529224,13.489778,55.94902,22.03197
"117","5am",6.881691,15.613924,54.13952,23.36486
"118","5am",15.345213,10.539072,57.01863,17.09709
"119","5am",9.522509,21.009054,43.40983,26.05861
"120","5am",11.536617,4.051747,58.79144,25.6202
"121","5am",23.956675,8.922088,49.04556,18.07567
"122","5am",10.875485,12.802307,46.66352,29.65869
"123","5am",18.140069,8.565448,60.87894,12.41554
"124","5am",15.386088,12.034876,46.6874,25.89164
"125","5am",9.957968,14.869581,61.94719,13.22526
"126","5am",11.882764,11.221129,60.58502,16.31109
"127","5am",8.956632,22.028329,43.845,25.17004
"128","5am",11.62365,8.944251,52.21138,27.22072
"129","5am",8.118598,6.024512,62.35208,23.50481
"130","5am",3.507236,15.039489,59.2862,22.16707
"131","5am",3.924342,9.285112,54.79954,31.99101
"132","5am",5.144738,8.559456,59.33482,26.96099
"133","5am",6.236464,9.69426,50.56898,33.5003
"134","5am",11.183104,10.945639,49.25637,28.61489
"135","5am",7.690024,6.170837,57.83921,28.29993
"136","5am",5.753094,10.171177,57.07081,27.00492
"137","5am",4.49649,7.855771,59.36534,28.2824
"001","6am",11.203263,19.859627,54.11906,14.81805
"002","6am",5.141153,15.35803,35.41233,44.08849
"003","6am",11.710157,12.610086,56.12545,19.5543
"004","6am",12.81052,18.85053,45.5623,22.77665
"005","6am",14.626155,16.65087,53.20857,15.5144
"006","6am",14.418434,16.98977,50.5049,18.08689
"007","6am",9.292606,11.165884,48.94235,30.59916
"008","6am",15.287627,19.665144,40.9083,24.13893
"009","6am",22.162943,9.103162,45.18243,23.55147
"010","6am",12.855538,17.471882,46.5865,23.08608
"011","6am",11.649845,14.037415,50.49219,23.82055
"012","6am",6.359775,19.911879,45.52894,28.1994
"013","6am",13.209982,17.117792,50.44919,19.22304
"014","6am",13.721058,13.98869,48.28893,24.00132
"015","6am",13.599736,13.411245,48.19599,24.79303
"016","6am",16.47645,17.105567,44.33752,22.08047
"017","6am",13.865775,16.250181,51.74756,18.13648
"018","6am",18.56614,11.675817,45.30007,24.45797
"019","6am",12.543623,13.292263,44.67677,29.48734
"020","6am",20.468564,17.311107,46.5739,15.64643
"021","6am",14.044303,15.625872,45.42475,24.90508
"022","6am",14.484604,19.588181,39.46023,26.46699
"023","6am",19.807053,12.201977,43.43093,24.56004
"024","6am",7.193099,11.05875,43.40548,38.34267
"025","6am",7.809851,10.239955,47.8752,34.07499
"026","6am",16.426948,11.899375,41.77438,29.8993
"027","6am",16.27132,6.432243,52.55894,24.7375
"028","6am",16.354668,14.17727,42.04737,27.42069
"029","6am",21.9134,12.717065,46.39815,18.97139
"030","6am",18.927687,12.445188,50.42223,18.2049
"031","6am",10.913823,15.586376,50.08244,23.41736
"032","6am",13.283517,21.070654,37.93883,27.707
"033","6am",16.661092,12.563701,49.83235,20.94286
"034","6am",11.736118,7.465662,43.68389,37.11433
"035","6am",11.47838,9.01267,48.04843,31.46052
"036","6am",11.048968,7.555881,53.44555,27.9496
"037","6am",20.00078,5.677654,55.24034,19.08122
"038","6am",15.560022,9.499788,56.19964,18.74055
"039","6am",15.052066,11.97138,46.20585,26.7707
"040","6am",20.208038,16.295266,41.74487,21.75183
"041","6am",18.137819,13.760977,44.6728,23.42841
"042","6am",12.007003,21.576904,46.76699,19.64911
"043","6am",13.838373,10.928202,53.71458,21.51884
"044","6am",18.143596,22.349752,49.20658,10.30007
"045","6am",14.008195,19.226893,56.58932,10.17559
"046","6am",12.442782,7.816196,43.98538,35.75564
"047","6am",14.463256,9.207075,49.42425,26.90542
"048","6am",7.246366,17.747589,48.06023,26.94581
"049","6am",10.058541,13.412996,47.74822,28.78024
"050","6am",6.970644,14.93536,47.452,30.64199
"051","6am",8.160992,11.075852,54.76937,25.99379
"052","6am",6.034728,7.782379,63.11222,23.07067
"053","6am",9.1534,10.017292,60.47625,20.35305
"054","6am",11.309125,9.045293,61.06733,18.57826
"055","6am",6.023508,10.292751,68.8746,14.80914
"056","6am",12.901797,7.184098,58.865,21.04911
"057","6am",13.184875,10.341945,57.69312,18.78006
"058","6am",14.638922,4.109673,58.66058,22.59083
"059","6am",15.657077,12.212945,49.12433,23.00565
"060","6am",6.482549,11.2334,50.89433,31.38972
"061","6am",13.925857,9.137884,50.35602,26.58023
"062","6am",7.165308,2.977878,65.3249,24.53192
"063","6am",8.984235,5.743823,55.65139,29.62055
"064","6am",14.044984,6.828447,65.03229,14.09428
"065","6am",13.329866,10.186274,50.71579,25.76807
"066","6am",12.295387,13.670663,57.50117,16.53278
"067","6am",6.847303,15.072205,52.7095,25.371
"068","6am",15.690266,10.591601,56.68525,17.03288
"069","6am",12.717518,11.562278,61.09147,14.62873
"070","6am",7.635078,17.524083,48.52607,26.31477
"071","6am",12.264942,7.201287,59.66926,20.86451
"072","6am",13.574091,6.754128,51.79813,27.87365
"073","6am",13.235623,11.793109,60.15582,14.81545
"074","6am",16.965928,18.958317,47.83713,16.23863
"075","6am",16.276522,20.046836,46.47924,17.1974
"076","6am",15.614068,17.670207,50.57765,16.13807
"077","6am",16.537636,9.899384,54.61389,18.94909
"078","6am",14.080495,13.973557,57.74159,14.20436
"079","6am",6.822705,13.217602,46.95992,32.99978
"080","6am",9.556216,7.352544,65.54594,17.5453
"081","6am",3.942082,7.204387,64.91965,23.93388
"082","6am",11.479417,8.01724,60.90102,19.60232
"083","6am",11.020508,10.014262,60.06263,18.9026
"084","6am",45.056476,11.355408,30.97271,12.6154
"085","6am",20.248667,14.060398,36.43029,29.26064
"086","6am",15.221049,18.758648,36.72292,29.29739
"087","6am",17.559083,25.14526,32.78538,24.51028
"088","6am",7.996478,6.788629,42.95738,42.25751
"089","6am",10.942785,11.948593,48.75111,28.35751
"090","6am",12.173229,19.123796,44.35412,24.34886
"091","6am",18.013302,15.278008,41.36153,25.34716
"092","6am",15.804285,7.660797,58.20826,18.32666
"093","6am",8.750252,11.93567,61.83783,17.47625
"094","6am",19.063363,12.564711,53.97319,14.39874
"095","6am",12.298569,8.566511,53.37631,25.75861
"096","6am",5.956502,8.640742,58.8179,26.58486
"097","6am",6.680869,16.385466,45.18597,31.7477
"098","6am",9.577774,12.094246,54.97503,23.35295
"099","6am",9.122709,16.114567,55.3057,19.45703
"100","6am",13.07197,15.347663,55.64908,15.93129
"101","6am",9.355512,9.661065,54.67983,26.30359
"102","6am",9.03254,7.240589,64.69576,19.03111
"103","6am",10.362712,11.855672,50.59802,27.18359
"104","6am",12.602462,12.093465,47.6848,27.61927
"105","6am",4.272715,13.797337,58.75991,23.17004
"106","6am",8.068472,10.320919,54.3254,27.28521
"107","6am",17.177693,13.759196,47.53578,21.52733
"108","6am",14.935587,16.045271,49.20537,19.81377
"109","6am",8.894289,19.167267,51.60142,20.33702
"110","6am",12.008022,4.810866,65.13797,18.04314
"111","6am",7.691599,18.860072,43.12349,30.32484
"112","6am",10.311231,12.257532,41.5738,35.85743
"113","6am",14.112287,12.935278,45.01665,27.93579
"114","6am",12.925768,15.267327,52.99872,18.80819
"115","6am",10.948228,21.792846,45.66871,21.59021
"116","6am",8.403432,13.009101,57.29157,21.2959
"117","6am",7.196932,15.691502,53.28258,23.82899
"118","6am",15.992342,10.372186,55.47114,18.16433
"119","6am",8.117046,21.314379,44.8716,25.69697
"120","6am",12.197137,4.283727,56.43207,27.08706
"121","6am",25.003668,9.151879,46.57107,19.27338
"122","6am",11.322084,12.080171,45.72112,30.87662
"123","6am",17.625075,9.209268,59.8169,13.34876
"124","6am",15.215289,10.854057,47.1481,26.78256
"125","6am",12.314015,15.262789,58.84821,13.57499
"126","6am",11.442994,11.977898,60.71788,15.86123
"127","6am",8.587483,22.913736,42.31705,26.18173
"128","6am",12.245948,8.504769,50.82367,28.42561
"129","6am",8.074011,5.991425,62.55884,23.37573
"130","6am",2.946256,14.060411,60.26485,22.72849
"131","6am",3.174919,9.498248,54.60148,32.72535
"132","6am",5.299638,8.038102,58.88952,27.77274
"133","6am",6.028619,9.679937,49.90139,34.39005
"134","6am",10.342543,11.244568,50.49901,27.91388
"135","6am",7.963936,5.712828,57.01529,29.30795
"136","6am",2.53583,10.788362,58.22676,28.44905
"137","6am",4.689304,8.046975,57.76855,29.49517
"001","7am",11.66538,19.107292,54.89265,14.33468
"002","7am",3.380003,15.488487,43.69547,37.43604
"003","7am",6.732756,17.283668,58.35261,17.63097
"004","7am",13.682102,17.833222,44.98977,23.4949
"005","7am",18.156559,15.856076,52.25699,13.73038
"006","7am",20.489904,13.754293,51.79638,13.95942
"007","7am",7.045277,9.353826,48.32808,35.27282
"008","7am",15.415834,15.909437,44.87974,23.79499
"009","7am",24.467477,8.879103,45.62251,21.03091
"010","7am",20.35998,12.658354,41.73028,25.25138
"011","7am",14.110658,15.091566,47.04536,23.75241
"012","7am",5.885636,19.523794,45.23448,29.35609
"013","7am",12.879544,15.022079,53.06924,19.02913
"014","7am",11.328901,16.942597,49.54218,22.18632
"015","7am",11.88155,13.75462,50.93008,23.43375
"016","7am",10.524811,11.420184,54.64258,23.41242
"017","7am",4.09827,16.602589,58.33402,20.96512
"018","7am",15.213805,10.256374,45.98296,28.54686
"019","7am",8.928524,12.571974,42.34667,36.15283
"020","7am",28.484159,13.033871,43.07032,15.41165
"021","7am",10.212405,19.266881,42.54002,27.98069
"022","7am",12.910596,16.859335,47.34959,22.88048
"023","7am",24.78589,10.813439,43.16773,21.23294
"024","7am",7.631541,9.070078,42.35981,40.93858
"025","7am",9.393664,10.871208,45.23611,34.49902
"026","7am",29.390842,7.301058,35.76548,27.54262
"027","7am",25.923469,7.301299,40.79377,25.98146
"028","7am",15.898141,15.27348,41.96359,26.86479
"029","7am",18.650262,13.322894,46.04303,21.98381
"030","7am",18.119753,13.556623,50.35567,17.96795
"031","7am",7.311328,16.631366,54.05009,22.00722
"032","7am",14.221803,22.89716,37.91189,24.96915
"033","7am",12.276361,13.585128,55.33169,18.80682
"034","7am",13.763705,6.208783,43.65643,36.37108
"035","7am",11.410109,9.341957,47.36524,31.88269
"036","7am",11.235924,5.31883,51.15386,32.29138
"037","7am",13.034948,6.94715,57.40635,22.61155
"038","7am",10.233847,11.330052,56.7961,21.64
"039","7am",21.335067,9.136437,42.16693,27.36157
"040","7am",16.067092,18.845757,38.76079,26.32637
"041","7am",15.139548,9.465824,47.1449,28.24973
"042","7am",13.451172,19.721028,45.62603,21.20177
"043","7am",8.317759,13.703939,50.59364,27.38466
"044","7am",16.394549,20.630548,52.26379,10.71111
"045","7am",13.271785,22.246678,54.22363,10.2579
"046","7am",9.034382,5.565259,44.48482,40.91554
"047","7am",13.931072,6.695524,49.76412,29.60928
"048","7am",7.402643,16.636029,46.21063,29.7507
"049","7am",9.935848,15.343163,44.45756,30.26343
"050","7am",19.785473,12.349512,41.23059,26.63443
"051","7am",5.513655,13.395064,55.91123,25.18006
"052","7am",5.038254,9.096997,60.43928,25.42547
"053","7am",7.912306,11.222408,55.68509,25.1802
"054","7am",7.530556,10.380853,61.70042,20.38817
"055","7am",2.969963,11.521474,69.55493,15.95363
"056","7am",6.627091,5.857431,59.02525,28.49023
"057","7am",3.297617,11.353664,62.25723,23.09149
"058","7am",9.636319,4.761461,62.43229,23.16993
"059","7am",13.102422,11.957471,45.37285,29.56725
"060","7am",8.720545,11.529102,47.01243,32.73792
"061","7am",14.061506,8.166583,49.15556,28.61636
"062","7am",6.042395,3.333996,63.15797,27.46564
"063","7am",5.706247,8.488051,56.39802,29.40768
"064","7am",7.404654,6.878274,68.14129,17.57578
"065","7am",11.047927,8.09553,50.42946,30.42708
"066","7am",13.820882,13.846099,51.88247,20.45055
"067","7am",4.388799,14.153894,52.25104,29.20627
"068","7am",12.249999,11.720109,60.19696,15.83293
"069","7am",13.043257,15.975296,52.47299,18.50846
"070","7am",9.467822,15.00149,50.35502,25.17567
"071","7am",11.90666,4.284049,57.79942,26.00987
"072","7am",10.716063,11.951978,47.02146,30.3105
"073","7am",14.841963,14.203846,56.99922,13.95497
"074","7am",19.076615,14.425153,49.60647,16.89176
"075","7am",12.384056,16.845926,51.15378,19.61624
"076","7am",15.339179,16.928473,50.93848,16.79386
"077","7am",16.288321,11.150585,56.19903,16.36207
"078","7am",9.423512,12.083038,59.89661,18.59684
"079","7am",2.158733,12.463732,46.86415,38.51338
"080","7am",9.521447,7.969195,64.56025,17.94911
"081","7am",2.035653,5.149581,64.76973,28.04504
"082","7am",8.202608,11.638055,60.15097,20.00837
"083","7am",10.437715,13.051699,54.23001,22.28058
"084","7am",46.341584,9.471651,32.40151,11.78525
"085","7am",23.387004,10.618935,41.18045,24.81361
"086","7am",17.827891,15.381093,36.793,29.99802
"087","7am",30.930759,19.370818,29.19091,20.50751
"088","7am",5.163653,7.860092,38.04916,48.9271
"089","7am",14.9329,10.693125,47.14374,27.23024
"090","7am",9.427518,20.039807,45.37249,25.16019
"091","7am",38.594068,11.908004,30.3319,19.16603
"092","7am",12.270922,10.144921,55.08945,22.49471
"093","7am",7.231259,17.452384,60.84039,14.47597
"094","7am",28.923227,8.860771,49.36513,12.85087
"095","7am",7.064691,9.959396,55.45631,27.5196
"096","7am",3.817953,13.089805,55.42169,27.67055
"097","7am",3.364891,11.581694,52.5184,32.53501
"098","7am",5.586305,12.97924,53.40185,28.0326
"099","7am",7.503532,14.207995,55.85412,22.43435
"100","7am",8.675792,19.328479,55.77483,16.2209
"101","7am",4.871252,12.210807,57.2082,25.70974
"102","7am",6.434397,10.075449,62.1552,21.33496
"103","7am",6.967662,13.799931,55.37701,23.8554
"104","7am",13.709922,11.959061,45.58658,28.74443
"105","7am",4.729175,13.11352,55.58371,26.5736
"106","7am",7.505238,8.748759,53.76324,29.98276
"107","7am",13.110857,12.936621,48.09435,25.85817
"108","7am",7.267935,14.314855,55.74188,22.67533
"109","7am",6.937085,14.778086,53.79484,24.48999
"110","7am",8.71151,4.902587,64.71373,21.67217
"111","7am",1.8698,18.38881,43.88279,35.8586
"112","7am",7.591073,14.457922,37.12354,40.82747
"113","7am",16.074302,15.288705,39.1921,29.44489
"114","7am",15.115917,13.641743,52.03287,19.20947
"115","7am",9.768658,16.579711,49.34067,24.31096
"116","7am",7.061043,16.005271,58.34631,18.58738
"117","7am",6.48853,12.259783,53.47041,27.78127
"118","7am",16.487759,11.024122,52.23239,20.25573
"119","7am",19.15115,16.580297,43.33059,20.93797
"120","7am",11.369578,3.523335,56.87225,28.23483
"121","7am",23.161585,8.868311,47.54224,20.42787
"122","7am",12.594191,26.868578,33.84842,26.68881
"123","7am",17.02699,11.970483,57.38748,13.61505
"124","7am",10.358443,11.258695,51.21041,27.17245
"125","7am",15.955456,14.916703,54.34356,14.78429
"126","7am",7.103743,13.015123,65.68013,14.20101
"127","7am",10.133123,20.954596,43.7382,25.17408
"128","7am",9.430817,9.269888,52.26203,29.03727
"129","7am",4.414581,7.060845,63.39869,25.12588
"130","7am",3.565365,9.859356,59.07076,27.50452
"131","7am",1.759441,7.993837,55.88039,34.36633
"132","7am",4.292141,6.862994,56.20548,32.63939
"133","7am",11.47084,10.653311,45.54191,32.33394
"134","7am",4.385422,10.700984,54.64016,30.27343
"135","7am",5.301287,7.936873,53.48302,33.27882
"136","7am",2.826006,9.366605,55.03262,32.77477
"137","7am",3.683016,8.487628,56.71902,31.11033
"001","8am",12.149085,18.481285,56.61928,12.750353
"002","8am",2.735612,16.517165,40.95021,39.797017
"003","8am",6.085067,18.330559,53.73817,21.846205
"004","8am",14.347486,18.286222,43.19166,24.174636
"005","8am",16.599423,14.685471,56.62102,12.09409
"006","8am",20.404845,13.783355,52.0403,13.771505
"007","8am",10.958486,8.363747,47.78685,32.890919
"008","8am",13.157333,14.439964,47.65748,24.745227
"009","8am",27.30855,8.197235,44.23953,20.254688
"010","8am",20.899822,8.448974,43.30405,27.347156
"011","8am",15.738846,13.541733,45.72297,24.996455
"012","8am",5.621944,18.692013,45.19517,30.490875
"013","8am",13.63276,14.457569,52.83169,19.077981
"014","8am",10.921454,20.158481,51.05917,17.860892
"015","8am",12.233842,10.27888,53.21459,24.27269
"016","8am",12.426665,11.108986,55.65015,20.814198
"017","8am",4.036831,16.50369,56.67922,22.780261
"018","8am",18.487107,10.115758,43.59735,27.799788
"019","8am",9.886304,8.994456,44.89866,36.220584
"020","8am",30.933817,12.454908,40.59886,16.012416
"021","8am",8.380458,18.050243,47.02473,26.544569
"022","8am",11.574575,21.912431,46.23634,20.276658
"023","8am",22.899844,13.029497,44.09796,19.972701
"024","8am",6.224214,10.990648,42.10614,40.678995
"025","8am",8.503586,13.960043,46.9903,30.546072
"026","8am",28.86901,7.135229,34.09506,29.900702
"027","8am",25.818073,5.452042,38.3229,30.40698
"028","8am",16.383527,13.595888,43.67979,26.340797
"029","8am",20.180796,10.385381,45.198,24.23582
"030","8am",21.263994,14.702305,48.36748,15.666218
"031","8am",8.054322,16.752318,55.35399,19.839373
"032","8am",13.210816,22.977617,39.64382,24.167746
"033","8am",13.224472,16.715394,50.86418,19.195956
"034","8am",14.432352,10.006511,43.63871,31.922432
"035","8am",13.23443,7.526909,48.55363,30.685035
"036","8am",10.946861,6.031194,46.99313,36.028815
"037","8am",12.00686,3.081137,59.08746,25.824541
"038","8am",12.894925,14.145566,52.07715,20.882362
"039","8am",25.783287,8.066018,41.77284,24.377852
"040","8am",17.325735,17.867697,39.25867,25.547898
"041","8am",12.900531,11.082607,51.48665,24.530216
"042","8am",16.980598,16.172211,47.14227,19.704919
"043","8am",9.555581,9.388995,48.93091,32.124513
"044","8am",17.364089,16.237158,55.41066,10.988089
"045","8am",10.823996,19.381039,59.20504,10.589928
"046","8am",8.111645,5.123544,45.73229,41.032524
"047","8am",13.014156,7.612992,46.37175,33.001106
"048","8am",7.73947,14.132984,47.36827,30.759278
"049","8am",9.072865,18.754558,42.60001,29.57257
"050","8am",19.227129,13.108749,41.9976,25.666526
"051","8am",5.403038,12.51363,60.98867,21.094666
"052","8am",4.572235,11.034135,56.84024,27.553392
"053","8am",6.930771,13.859204,52.65302,26.557004
"054","8am",5.704114,9.023702,59.86195,25.410238
"055","8am",3.730268,13.353704,66.386,16.530032
"056","8am",6.244086,6.576133,53.36843,33.811347
"057","8am",3.045309,9.359092,60.19611,27.399485
"058","8am",9.448614,11.323863,59.49918,19.728342
"059","8am",10.47028,10.301021,47.39632,31.832374
"060","8am",9.205704,12.438775,46.53411,31.821409
"061","8am",15.567486,9.374888,48.48263,26.574998
"062","8am",5.740921,4.082639,57.36662,32.809818
"063","8am",5.369194,10.487201,56.37763,27.765974
"064","8am",6.523672,6.221561,66.39213,20.86264
"065","8am",9.784184,7.459511,45.86779,36.888511
"066","8am",14.618131,14.963281,46.06649,24.352099
"067","8am",3.531265,16.002951,50.36808,30.097704
"068","8am",10.313127,17.431219,57.74605,14.509602
"069","8am",13.620117,12.4386,52.54376,21.397523
"070","8am",10.956933,13.739853,50.42437,24.878842
"071","8am",12.272188,6.86579,51.88411,28.977914
"072","8am",10.546728,12.149858,39.37528,37.928133
"073","8am",13.947758,18.17429,56.15385,11.724101
"074","8am",21.487513,9.140838,50.91463,18.45702
"075","8am",11.041507,15.797114,52.49445,20.666933
"076","8am",15.930395,10.181059,57.55224,16.336308
"077","8am",15.343477,16.985884,51.29738,16.373255
"078","8am",21.326986,5.802552,53.71739,19.153073
"079","8am",0.842499,11.318552,45.448,42.390949
"080","8am",8.891201,10.583073,62.83215,17.693573
"081","8am",1.902725,5.332056,59.93471,32.830507
"082","8am",6.340515,9.011337,66.00862,18.639525
"083","8am",12.038781,14.541331,52.15072,21.269173
"084","8am",36.699703,8.356862,42.18658,12.756857
"085","8am",23.139112,12.004373,45.65267,19.203847
"086","8am",18.862577,14.46088,36.47578,30.20076
"087","8am",40.318968,17.250154,27.07027,15.360612
"088","8am",4.128931,6.853089,40.35264,48.665343
"089","8am",14.698922,11.567829,44.14411,29.589136
"090","8am",8.544449,16.99883,47.35433,27.102394
"091","8am",38.703344,11.925276,33.09745,16.273927
"092","8am",12.282694,12.803911,52.60929,22.304109
"093","8am",6.052191,19.557517,64.95447,9.435825
"094","8am",35.12896,8.247,42.16192,14.462124
"095","8am",8.209093,6.637024,57.28735,27.866534
"096","8am",6.434556,14.889898,53.09833,25.577221
"097","8am",2.921289,11.463259,51.37779,34.237661
"098","8am",5.451663,13.071163,49.34954,32.127634
"099","8am",6.427192,13.098715,52.723,27.751089
"100","8am",7.802958,16.657316,57.93873,17.600993
"101","8am",4.051127,12.615444,58.64277,24.690654
"102","8am",6.553932,9.348954,63.33222,20.764894
"103","8am",5.403567,13.629536,59.38257,21.584332
"104","8am",13.705022,10.919955,45.23405,30.140972
"105","8am",6.420916,11.263252,56.88428,25.431548
"106","8am",6.650128,15.223077,49.1464,28.980398
"107","8am",12.855901,11.205045,47.98062,27.958437
"108","8am",7.900143,13.097793,58.05474,20.94732
"109","8am",6.326461,7.674616,60.59748,25.401446
"110","8am",9.702975,1.82615,63.98399,24.486882
"111","8am",5.470717,16.851162,38.88717,38.790948
"112","8am",6.347267,15.346971,34.1081,44.19766
"113","8am",16.328498,15.670591,38.6764,29.324507
"114","8am",21.531933,13.377709,50.19518,14.895178
"115","8am",11.296392,17.130167,49.62543,21.948011
"116","8am",7.511964,16.712956,58.1255,17.649575
"117","8am",6.780226,11.371504,53.55657,28.2917
"118","8am",15.508085,11.457087,52.85223,20.182596
"119","8am",22.180822,17.70868,40.99375,19.116748
"120","8am",12.478334,9.291478,48.41714,29.813052
"121","8am",22.520349,8.901608,46.46685,22.11119
"122","8am",7.897431,22.908859,52.42488,16.768834
"123","8am",18.400965,13.70292,55.30491,12.591203
"124","8am",9.871413,7.3539,54.70344,28.071249
"125","8am",19.095791,12.585968,53.8432,14.47504
"126","8am",7.348523,12.659829,65.88872,14.102925
"127","8am",9.46003,20.820706,44.70603,25.013231
"128","8am",8.066067,8.908168,53.55184,29.473922
"129","8am",3.257149,7.037463,63.43746,26.267929
"130","8am",3.954592,8.554416,58.83986,28.651134
"131","8am",1.495506,11.674892,57.6186,29.211001
"132","8am",5.010917,4.534933,54.07621,36.377944
"133","8am",9.576924,9.145701,46.68462,34.592754
"134","8am",8.866696,9.727685,53.90439,27.501225
"135","8am",4.618527,6.744319,55.85695,32.780207
"136","8am",4.069632,11.15873,51.20262,33.569018
"137","8am",3.793014,8.741123,56.32454,31.141322
"001","9am",12.1563588,17.445133,56.30148,14.097032
"002","9am",2.0451381,15.366651,41.62405,40.964165
"003","9am",4.3567026,20.474324,56.46081,18.708166
"004","9am",14.4581344,19.763218,42.0734,23.705251
"005","9am",17.524547,13.891722,55.31844,13.265287
"006","9am",23.6192199,12.69577,51.39411,12.290904
"007","9am",10.2230288,9.568646,49.22898,30.979345
"008","9am",10.2400939,13.693113,52.49291,23.57388
"009","9am",26.2642726,7.703628,46.3699,19.662201
"010","9am",21.4273612,6.907583,43.10849,28.556568
"011","9am",14.6950149,15.247219,46.97959,23.078173
"012","9am",6.0829889,19.022814,45.49367,29.400531
"013","9am",12.5489421,15.607054,49.28136,22.562645
"014","9am",10.1818351,22.465724,53.21698,14.135457
"015","9am",12.8423723,10.320388,53.61983,23.217406
"016","9am",12.5852645,12.243343,52.18642,22.984972
"017","9am",5.52639,20.921851,54.18336,19.368399
"018","9am",15.8733736,8.90916,45.87855,29.338921
"019","9am",9.9901906,8.60062,45.10528,36.303905
"020","9am",32.850569,12.028787,40.76102,14.359626
"021","9am",10.4544324,19.695046,43.26813,26.582388
"022","9am",9.9100841,23.39223,47.32329,19.374395
"023","9am",22.9679329,13.698699,42.98623,20.347136
"024","9am",5.6228249,10.392452,49.17202,34.812699
"025","9am",8.7657105,13.536647,48.54841,29.149229
"026","9am",27.2009947,8.023632,36.69587,28.079508
"027","9am",27.4395567,4.101049,40.63699,27.822402
"028","9am",17.2854607,14.334715,44.84568,23.534147
"029","9am",23.3390834,9.41085,43.41446,23.835609
"030","9am",21.446222,14.298256,47.53679,16.718729
"031","9am",7.7993598,15.656578,54.4694,22.074662
"032","9am",14.1674713,21.844936,42.19324,21.794351
"033","9am",11.895741,17.498264,51.37507,19.230929
"034","9am",14.0683437,9.826286,45.74017,30.365198
"035","9am",11.8251022,7.546248,48.44818,32.18047
"036","9am",10.9733907,8.166718,46.22267,34.63722
"037","9am",10.6137878,3.370911,61.17458,24.840718
"038","9am",10.9568491,15.323054,52.67493,21.045168
"039","9am",26.266976,8.659562,41.07325,24.000216
"040","9am",16.3986975,17.189061,40.08938,26.322859
"041","9am",12.283291,11.151471,48.49439,28.070845
"042","9am",21.1118429,16.692248,45.22833,16.967575
"043","9am",10.0407483,10.824805,49.43981,29.694635
"044","9am",15.0130336,16.205097,58.13203,10.649844
"045","9am",11.9124077,18.085875,60.23501,9.766709
"046","9am",7.989379,5.046317,40.25227,46.712034
"047","9am",10.4206726,8.169604,49.04905,32.36067
"048","9am",8.013853,14.233921,48.56265,29.189571
"049","9am",8.7043385,18.346205,43.07948,29.869973
"050","9am",19.4160142,12.175396,43.42924,24.979354
"051","9am",4.7424447,11.836198,61.14851,22.272851
"052","9am",4.6302946,11.174249,56.54594,27.649516
"053","9am",7.475702,11.820337,54.39111,26.312854
"054","9am",4.7682212,8.171103,64.38738,22.673292
"055","9am",3.559113,12.741001,65.07745,18.622436
"056","9am",8.1750062,5.84938,53.47386,32.501752
"057","9am",1.0901214,7.808493,65.18762,25.913771
"058","9am",7.0393535,14.267935,61.40988,17.282833
"059","9am",12.0563432,8.651846,46.56965,32.72216
"060","9am",10.2653768,15.219051,45.83457,28.681005
"061","9am",15.2970081,10.177294,47.85219,26.67351
"062","9am",2.7928941,2.792894,54.75025,39.663962
"063","9am",6.6000211,12.791298,53.99469,26.613986
"064","9am",6.0426103,5.159588,66.09226,22.705541
"065","9am",9.9338991,7.573654,45.03948,37.452971
"066","9am",12.5705848,15.951863,46.30557,25.171986
"067","9am",3.6784951,15.002938,47.94406,33.374509
"068","9am",5.8220681,17.242808,62.78798,14.147148
"069","9am",14.6631494,12.403259,49.40174,23.531854
"070","9am",11.7632231,13.541532,48.22801,26.46723
"071","9am",12.6833927,9.063749,47.38417,30.868689
"072","9am",8.1362719,12.406464,43.64144,35.815826
"073","9am",13.2319437,17.161103,56.60246,13.004498
"074","9am",25.2201883,8.569894,48.71533,17.494583
"075","9am",11.1742842,14.013097,53.066,21.746618
"076","9am",17.1913656,9.555307,55.13571,18.117613
"077","9am",15.1363885,17.350269,52.03319,15.480152
"078","9am",21.7607212,7.154811,55.5115,15.572965
"079","9am",0.8531422,10.396203,47.53047,41.220183
"080","9am",8.6464099,9.468169,61.66614,20.219277
"081","9am",1.9516017,6.538205,61.42045,30.089748
"082","9am",6.6065788,8.478871,67.25472,17.659831
"083","9am",10.9255189,20.07517,50.20041,18.798902
"084","9am",29.6330951,8.030157,47.55056,14.786185
"085","9am",24.1528155,12.575677,43.02219,20.249322
"086","9am",17.737901,14.40413,39.13328,28.724685
"087","9am",47.0704345,16.141556,21.88135,14.906657
"088","9am",5.0073446,7.658764,37.55958,49.774308
"089","9am",15.6179765,11.723428,41.33351,31.325082
"090","9am",8.773519,16.821898,44.73321,29.671376
"091","9am",37.6565496,10.010275,39.43208,12.901094
"092","9am",14.3574017,11.130491,52.17786,22.334243
"093","9am",5.8434737,23.309495,61.57171,9.275325
"094","9am",35.4699445,6.895406,44.89628,12.738372
"095","9am",8.3191539,5.943108,58.88347,26.854265
"096","9am",6.1701839,16.121296,53.08083,24.627688
"097","9am",3.2279246,12.258005,53.17883,31.335243
"098","9am",6.0239189,11.055192,50.04893,32.871962
"099","9am",10.8585069,12.94578,49.65187,26.543847
"100","9am",8.0985156,15.500103,60.37398,16.027398
"101","9am",5.1466365,10.957542,57.41921,26.476608
"102","9am",6.5797759,16.035414,57.50826,19.876551
"103","9am",6.1204334,12.544064,60.0349,21.3006
"104","9am",12.2306311,10.188081,48.05093,29.530356
"105","9am",7.4667191,11.293888,57.3525,23.886889
"106","9am",1.7971438,15.119224,52.25946,30.82417
"107","9am",13.1773011,10.686517,47.3811,28.75508
"108","9am",6.6152314,13.090602,57.71427,22.579902
"109","9am",7.1347072,7.28991,58.84125,26.734134
"110","9am",9.9623448,3.246367,62.31018,24.481111
"111","9am",6.8250652,15.547793,39.10194,38.525205
"112","9am",14.8663573,17.82365,30.05599,37.254002
"113","9am",16.1660232,15.819927,39.50912,28.504926
"114","9am",21.1813798,13.336833,47.66512,17.816662
"115","9am",11.399815,17.472362,52.15831,18.969512
"116","9am",8.3464497,16.64007,56.46946,18.544018
"117","9am",6.4838061,12.281549,53.53004,27.704602
"118","9am",16.1523408,11.058493,53.99713,18.792034
"119","9am",21.576643,16.13457,42.57072,19.718067
"120","9am",12.3096083,11.449231,49.29149,26.949675
"121","9am",24.3785098,8.550444,45.77603,21.295013
"122","9am",9.1628215,30.321843,41.89495,18.620386
"123","9am",16.2174005,15.488456,58.27592,10.018225
"124","9am",9.6330721,4.796235,51.67583,33.894867
