"district","hour","cleduc1","cleduc2","cleduc3","cleduc4"
"001","4am",17.967201,49.56379,13.225411,19.243603
"002","4am",16.365898,47.82785,8.548439,27.257811
"003","4am",14.558044,57.90783,9.783009,17.751115
"004","4am",6.260002,46.18169,19.148798,28.409515
"005","4am",10.278199,37.54965,22.235304,29.936843
"006","4am",9.799563,38.32863,22.387341,29.484469
"007","4am",5.32235,34.11023,18.868841,41.698583
"008","4am",4.763667,40.32089,15.105773,39.809668
"009","4am",16.99279,43.69845,17.79926,21.509501
"010","4am",12.140031,48.35832,18.014262,21.487386
"011","4am",7.956525,43.12487,25.785243,23.133364
"012","4am",8.986204,50.98047,13.694276,26.339046
"013","4am",13.832872,63.26176,8.996736,13.908636
"014","4am",12.902724,67.18631,11.555265,8.355697
"015","4am",8.128941,30.46353,21.697126,39.7104
"016","4am",19.175848,53.62665,13.564903,13.632596
"017","4am",6.229463,54.16918,32.776471,6.824887
"018","4am",8.130402,41.61187,24.348605,25.909127
"019","4am",10.623855,36.92915,22.820695,29.626299
"020","4am",21.340754,48.7489,11.56729,18.343054
"021","4am",25.339519,61.72234,7.766637,5.171502
"022","4am",36.555715,55.39011,4.205413,3.848761
"023","4am",45.41419,44.03487,7.424192,3.126753
"024","4am",7.729814,42.25729,15.965562,34.047333
"025","4am",20.702015,50.58054,11.047731,17.669717
"026","4am",14.277448,61.43743,16.324319,7.960803
"027","4am",6.418553,64.37607,11.78015,17.425224
"028","4am",8.148499,60.5865,23.626895,7.638109
"029","4am",16.565361,50.34616,21.079375,12.0091
"030","4am",18.791448,70.29418,7.046288,3.86808
"031","4am",21.217585,63.32054,9.003751,6.45812
"032","4am",30.990973,56.0726,9.569194,3.367233
"033","4am",18.854768,50.55013,16.720632,13.874466
"034","4am",3.66781,52.61005,15.053945,28.668193
"035","4am",7.873693,46.55405,19.906755,25.665507
"036","4am",1.614901,49.48753,16.244342,32.65323
"037","4am",23.223594,55.98248,15.431214,5.362709
"038","4am",6.794933,45.36433,31.459912,16.380821
"039","4am",11.987098,48.88039,15.515236,23.617277
"040","4am",24.054161,57.74722,10.657173,7.541447
"041","4am",6.556587,47.95984,18.162938,27.320636
"042","4am",3.487426,48.56034,21.774653,26.177582
"043","4am",8.364584,53.45111,19.647745,18.536565
"044","4am",12.864657,62.71536,16.932903,7.487082
"045","4am",8.04139,53.77353,19.928334,18.256748
"046","4am",13.281143,73.44337,6.812852,6.462635
"047","4am",10.165003,46.63158,28.398439,14.804982
"048","4am",8.398596,40.8211,20.887969,29.892335
"049","4am",9.941222,53.7282,22.114001,14.216576
"050","4am",11.131257,47.52248,15.804688,25.54157
"051","4am",9.746181,47.57765,15.15823,27.517942
"052","4am",4.590441,53.39149,20.697479,21.320587
"053","4am",8.192924,56.71564,14.615185,20.476253
"054","4am",9.450468,47.67199,20.134901,22.74264
"055","4am",12.669031,48.09367,16.061476,23.175827
"056","4am",7.516589,41.02226,32.25517,19.205977
"057","4am",6.230546,49.05916,20.325638,24.384656
"058","4am",4.869339,64.41664,22.045445,8.668572
"059","4am",3.471065,72.26309,12.641459,11.624382
"060","4am",20.548998,48.82459,17.408281,13.218126
"061","4am",20.078625,49.14225,16.236774,14.542353
"062","4am",8.176786,52.43482,16.70571,22.682679
"063","4am",2.694443,55.69029,12.592083,29.023189
"064","4am",6.529326,55.57806,20.91737,16.975244
"065","4am",14.376968,56.73202,18.607049,10.28396
"066","4am",10.064836,46.621,24.323599,18.990567
"067","4am",15.824734,39.57289,26.949865,17.652511
"068","4am",9.167346,50.92037,20.473399,19.438886
"069","4am",7.257857,46.25213,18.59297,27.897038
"070","4am",13.657021,53.25298,16.898103,16.1919
"071","4am",5.378238,42.4277,22.084713,30.109351
"072","4am",7.709385,36.81802,21.106237,34.366353
"073","4am",10.270443,50.03435,26.223854,13.471349
"074","4am",13.540326,60.30567,16.332675,9.821324
"075","4am",11.5949,67.70326,12.742716,7.959123
"076","4am",15.851041,63.83232,13.828816,6.487819
"077","4am",11.121098,65.2506,18.260726,5.36758
"078","4am",7.834624,62.58448,15.50489,14.076002
"079","4am",12.963906,51.36379,16.280979,19.39132
"080","4am",11.556685,55.20098,19.259081,13.98325
"081","4am",19.153887,44.93019,20.304252,15.611667
"082","4am",8.138181,53.07485,11.670807,27.116158
"083","4am",4.060212,62.33631,10.142624,23.460853
"084","4am",3.958554,38.48687,20.697589,36.856984
"085","4am",7.744859,28.21746,19.109369,44.928311
"086","4am",23.85246,48.38999,10.293228,17.464318
"087","4am",2.969358,37.73235,14.887571,44.410719
"088","4am",2.556866,36.1049,13.79143,47.5468
"089","4am",9.35255,37.38711,25.351232,27.909105
"090","4am",14.384211,55.7698,14.968047,14.877938
"091","4am",7.031886,41.18769,21.27534,30.50508
"092","4am",6.369769,45.99518,12.464083,35.170973
"093","4am",5.139756,44.96128,22.740708,27.158261
"094","4am",6.190716,27.52807,27.382277,38.898937
"095","4am",5.41235,34.91438,19.782684,39.890584
"096","4am",4.362271,42.45036,21.405079,31.782295
"097","4am",6.344864,45.83993,18.366207,29.448995
"098","4am",6.14062,37.83472,23.221071,32.803588
"099","4am",4.03394,48.74733,21.16655,26.052176
"100","4am",16.527016,42.33094,20.920819,20.221225
"101","4am",14.812354,57.1277,21.638562,6.421379
"102","4am",3.126134,67.90918,12.136309,16.828382
"103","4am",20.174401,49.58451,12.760792,17.480297
"104","4am",15.827164,57.6236,10.146089,16.403148
"105","4am",10.892418,49.70887,11.547277,27.851435
"106","4am",8.823003,47.24987,19.347985,24.579145
"107","4am",11.280555,61.9147,10.582821,16.221921
"108","4am",19.786284,55.091,16.663658,8.459053
"109","4am",6.434142,56.43759,24.75315,12.375115
"110","4am",13.537298,39.92112,25.99465,20.546936
"111","4am",13.707315,55.2331,21.679621,9.379962
"112","4am",12.237852,47.19749,19.948732,20.615925
"113","4am",12.185585,68.16171,15.716571,3.936129
"114","4am",11.188804,52.14584,17.91384,18.751513
"115","4am",7.289738,61.49714,21.776752,9.436368
"116","4am",5.362801,61.76378,24.420262,8.453158
"117","4am",19.504053,45.53305,16.213323,18.749573
"118","4am",8.831642,57.05832,25.80002,8.310015
"119","4am",10.351793,46.62379,21.218944,21.805478
"120","4am",15.992164,44.75726,23.565818,15.684761
"121","4am",9.925238,65.16708,13.160728,11.746949
"122","4am",27.165499,61.82556,6.79311,4.215833
"123","4am",7.381537,52.62879,34.440345,5.549331
"124","4am",3.340308,70.66064,14.336479,11.662578
"125","4am",5.777711,69.91446,8.442786,15.865043
"126","4am",12.614129,67.56378,15.366686,4.455401
"127","4am",18.796791,62.0424,14.098793,5.062016
"128","4am",14.113045,60.6138,12.04785,13.225309
"129","4am",14.8305,63.10227,11.666915,10.400317
"130","4am",8.01601,60.77014,16.853898,14.359953
"131","4am",8.464768,58.19398,18.589716,14.751533
"132","4am",3.743462,57.21864,20.514779,18.523115
"133","4am",6.160996,43.27157,26.045833,24.521599
"134","4am",8.780787,53.76636,17.502286,19.950569
"135","4am",4.702639,51.57904,21.183545,22.534776
"136","4am",8.065311,52.95828,18.981944,19.99447
"137","4am",17.365735,51.52018,8.977146,22.136941
"001","5am",17.066812,48.54298,13.277481,21.112731
"002","5am",16.513248,47.35812,8.625405,27.503226
"003","5am",14.821231,57.14687,9.959871,18.072028
"004","5am",6.085727,47.67995,18.615707,27.618611
"005","5am",10.372272,38.87148,20.545397,30.210848
"006","5am",10.651593,38.06353,22.70972,28.57516
"007","5am",5.302577,32.76191,18.798742,43.136769
"008","5am",4.597935,41.06908,15.908332,38.424651
"009","5am",16.678815,44.45333,17.599968,21.267884
"010","5am",12.059338,48.70158,17.894524,21.344563
"011","5am",7.97346,43.21666,26.437,22.372884
"012","5am",9.163954,50.31805,13.657958,26.86004
"013","5am",13.286277,64.05897,9.2957,13.359048
"014","5am",12.884994,67.83043,10.94036,8.344215
"015","5am",9.057956,31.27831,21.736544,37.927194
"016","5am",19.245828,53.5085,14.25798,12.98769
"017","5am",6.392112,53.76946,32.835345,7.003083
"018","5am",8.169823,42.22969,23.565731,26.034751
"019","5am",10.634738,36.86454,22.844074,29.656649
"020","5am",22.107218,47.3025,11.830243,18.760036
"021","5am",25.809209,60.49618,8.427251,5.26736
"022","5am",36.028859,55.5305,5.126338,3.314298
"023","5am",45.078959,44.44798,7.369389,3.103672
"024","5am",7.616746,40.69974,18.680611,33.002902
"025","5am",19.936776,51.85555,10.009527,18.198152
"026","5am",15.058128,60.73165,15.814125,8.396094
"027","5am",7.576674,63.94526,11.998617,16.479449
"028","5am",8.353614,60.9776,23.176332,7.492451
"029","5am",16.811602,49.60807,21.392716,12.187613
"030","5am",19.366917,69.89934,6.747209,3.986536
"031","5am",20.590942,62.61137,10.530303,6.267385
"032","5am",30.07708,56.71675,9.768729,3.437446
"033","5am",19.537639,48.75919,17.326211,14.376964
"034","5am",3.727236,52.38231,15.297847,28.592609
"035","5am",8.339842,46.87299,19.732936,25.054227
"036","5am",1.662229,48.00715,16.720416,33.610201
"037","5am",23.304376,55.33626,15.690007,5.66936
"038","5am",6.975998,43.83145,32.141698,17.050854
"039","5am",12.021027,48.7357,15.559152,23.684125
"040","5am",23.91276,57.61885,10.569494,7.898896
"041","5am",6.864449,45.15899,19.373094,28.603467
"042","5am",3.604817,47.44327,21.893155,27.058756
"043","5am",8.517581,53.13675,19.470054,18.875619
"044","5am",12.8881,61.70041,16.868435,8.54306
"045","5am",8.214957,54.30717,19.454086,18.023788
"046","5am",13.598145,72.8095,6.975465,6.616889
"047","5am",10.294157,45.95349,28.75926,14.993089
"048","5am",8.398596,40.8211,20.887969,29.892335
"049","5am",9.000352,53.10006,22.597975,15.301613
"050","5am",11.567432,47.97843,16.423989,24.030152
"051","5am",8.986305,50.28818,14.31203,26.413487
"052","5am",4.916133,53.57566,20.114071,21.394131
"053","5am",8.190827,56.72672,14.611445,20.471013
"054","5am",9.390615,48.0034,20.007379,22.598603
"055","5am",12.777142,47.65072,16.198536,23.373597
"056","5am",7.409828,41.85995,31.797036,18.933186
"057","5am",6.342736,48.1419,20.69163,24.823737
"058","5am",4.677645,65.81747,21.177571,8.327312
"059","5am",3.538111,73.65891,12.173688,10.629291
"060","5am",20.640065,49.04097,17.042259,13.276705
"061","5am",19.910502,48.73077,16.938144,14.420587
"062","5am",8.176786,52.43482,16.70571,22.682679
"063","5am",2.628696,56.77147,12.284828,28.315005
"064","5am",6.529326,55.57806,20.91737,16.975244
"065","5am",14.788887,56.41488,18.217625,10.578609
"066","5am",9.196048,47.40545,23.630617,19.767886
"067","5am",16.151824,40.39084,25.439954,18.01738
"068","5am",8.172705,48.95183,24.237559,18.637911
"069","5am",7.496267,44.4866,19.203722,28.813414
"070","5am",13.930556,52.31668,17.236554,16.516206
"071","5am",5.369977,41.63925,22.927673,30.063103
"072","5am",7.478119,38.17951,21.006939,33.335436
"073","5am",9.931411,51.89811,25.143826,13.026654
"074","5am",13.87284,59.33089,16.733761,10.06251
"075","5am",12.038423,66.46786,13.230144,8.263572
"076","5am",15.673097,62.54298,15.368933,6.414986
"077","5am",10.799898,65.74355,18.243996,5.212553
"078","5am",7.933556,62.11202,15.700678,14.253747
"079","5am",12.510494,50.45548,18.320922,18.713109
"080","5am",11.767002,56.94043,17.054838,14.237726
"081","5am",19.56052,43.76108,20.735306,15.943099
"082","5am",8.215305,53.57784,10.833723,27.373135
"083","5am",4.060212,62.33631,10.142624,23.460853
"084","5am",3.839729,40.33332,20.076307,35.750644
"085","5am",7.735357,28.94708,19.085926,44.231638
"086","5am",24.03518,48.76068,9.606038,17.598102
"087","5am",3.525974,37.5159,14.802168,44.155957
"088","5am",2.600247,35.02083,14.025422,48.353502
"089","5am",9.45541,37.7983,24.234181,28.512109
"090","5am",14.782585,54.54484,15.38259,15.289985
"091","5am",6.753215,44.23098,19.71963,29.296176
"092","5am",5.273935,46.78299,11.715543,36.22753
"093","5am",4.930784,43.80463,25.210523,26.054065
"094","5am",6.274214,27.89936,27.751597,38.074834
"095","5am",5.489695,34.6988,20.06539,39.746114
"096","5am",4.349196,43.69396,20.269812,31.687034
"097","5am",6.384937,45.49788,18.482203,29.634986
"098","5am",6.203529,37.19786,23.458963,33.139651
"099","5am",4.086899,48.07448,21.444429,26.394194
"100","5am",16.772968,42.28474,20.420141,20.522154
"101","5am",14.656946,58.15005,20.839002,6.354007
"102","5am",3.174296,67.41478,12.323281,17.08764
"103","5am",20.132367,48.82962,13.57779,17.460222
"104","5am",15.799678,57.80663,10.019026,16.374662
"105","5am",10.910755,49.1509,12.040024,27.89832
"106","5am",9.032369,45.99812,19.807106,25.162399
"107","5am",11.313864,61.40544,11.010874,16.269822
"108","5am",19.700346,55.28606,16.591283,8.422312
"109","5am",5.991651,57.26557,24.727206,12.015572
"110","5am",13.634092,39.49154,26.180515,20.69385
"111","5am",13.811884,54.89159,21.845008,9.451519
"112","5am",12.881993,46.17273,20.12678,20.818499
"113","5am",12.605521,67.06451,16.258191,4.071775
"114","5am",11.126345,52.41298,17.81384,18.646838
"115","5am",7.241585,61.75147,21.632906,9.374036
"116","5am",5.550304,60.4269,25.274084,8.748711
"117","5am",19.93668,45.93357,14.964288,19.165465
"118","5am",8.730182,56.91174,26.143532,8.214548
"119","5am",10.37325,48.09905,19.677028,21.850675
"120","5am",15.937623,44.94566,23.485446,15.631268
"121","5am",10.248243,64.73113,12.891388,12.12924
"122","5am",27.575263,61.83068,6.235005,4.359048
"123","5am",7.635684,53.14598,33.510375,5.707964
"124","5am",4.419568,69.9075,14.156644,11.516284
"125","5am",4.924053,70.63383,8.489427,15.952686
"126","5am",12.410844,67.42707,16.359139,3.802948
"127","5am",18.796791,62.0424,14.098793,5.062016
"128","5am",14.113045,60.6138,12.04785,13.225309
"129","5am",14.690461,63.35779,11.649638,10.302111
"130","5am",8.071057,60.50074,16.969636,14.458564
"131","5am",8.570471,57.67193,18.821854,14.935741
"132","5am",3.790764,57.24204,20.774001,18.193199
"133","5am",6.121865,44.11058,25.880404,23.887155
"134","5am",8.56742,52.45987,19.506923,19.465784
"135","5am",4.758888,50.99987,21.436925,22.804318
"136","5am",8.13842,53.43832,18.247544,20.175713
"137","5am",17.365735,51.52018,8.977146,22.136941
"001","6am",20.500316,46.66403,13.101342,19.734313
"002","6am",16.17612,49.30031,8.449312,26.074262
"003","6am",13.053056,57.36572,12.530661,17.050567
"004","6am",6.23506,47.65592,18.844473,27.264546
"005","6am",10.690881,38.25705,20.785836,30.266237
"006","6am",10.694024,41.18188,20.109077,28.01502
"007","6am",6.298067,33.14819,18.780978,41.772766
"008","6am",5.552751,41.23572,16.819624,36.391909
"009","6am",16.947191,42.02885,18.951584,22.072372
"010","6am",11.844599,49.2277,17.963217,20.964483
"011","6am",8.295038,43.64072,25.455945,22.608299
"012","6am",9.853257,49.82685,12.767939,27.551951
"013","6am",12.611303,64.76637,10.10989,12.512436
"014","6am",14.382972,67.1856,10.891698,7.539726
"015","6am",8.829455,33.77404,20.430412,36.966094
"016","6am",17.700893,56.229,13.658062,12.41205
"017","6am",7.126452,51.08239,33.983546,7.807612
"018","6am",10.180615,41.86786,22.716296,25.235231
"019","6am",10.829924,38.79033,23.617824,26.761918
"020","6am",22.598233,47.82378,11.699215,17.878773
"021","6am",26.186905,59.12341,9.061141,5.628547
"022","6am",32.008887,56.76611,7.95641,3.268589
"023","6am",43.191034,44.00529,9.68523,3.118442
"024","6am",7.753823,40.99859,19.510738,31.736846
"025","6am",19.316362,47.29722,13.641661,19.74476
"026","6am",15.51851,64.06527,13.883313,6.532911
"027","6am",8.939349,62.53054,11.895723,16.634388
"028","6am",8.229562,63.26404,21.125208,7.381187
"029","6am",17.52472,49.66526,20.299469,12.510554
"030","6am",20.776762,67.33633,8.320467,3.566439
"031","6am",19.244492,60.47014,12.031812,8.253554
"032","6am",27.958888,58.1593,9.67926,4.202551
"033","6am",18.369991,51.25969,17.254441,13.115875
"034","6am",4.03181,51.69938,15.935484,28.333326
"035","6am",8.404506,48.59699,18.608596,24.389907
"036","6am",1.746199,49.69472,14.694656,33.864427
"037","6am",26.117294,54.53857,14.569469,4.774662
"038","6am",8.768037,43.37439,31.28431,16.573262
"039","6am",12.324793,47.82936,16.820965,23.024877
"040","6am",25.049534,55.74698,10.796814,8.406674
"041","6am",7.008641,44.83749,18.949569,29.204302
"042","6am",3.758502,48.41631,21.568758,26.256429
"043","6am",9.061477,51.97398,19.493513,19.471028
"044","6am",12.684063,57.78877,20.150767,9.376399
"045","6am",10.126569,53.81882,18.715297,17.339316
"046","6am",13.77819,72.44949,7.067823,6.704499
"047","6am",9.706511,44.8419,28.69577,16.755823
"048","6am",10.028348,41.18704,19.984175,28.800437
"049","6am",7.949393,54.42679,22.433542,15.190271
"050","6am",12.509323,44.06798,17.435861,25.986834
"051","6am",9.005761,50.4852,14.471962,26.037081
"052","6am",4.819758,52.66818,21.046278,21.46578
"053","6am",8.773275,58.8041,12.224312,20.198314
"054","6am",9.625239,49.2393,17.972235,23.163227
"055","6am",12.713375,47.28993,17.271189,22.725509
"056","6am",8.099738,42.41611,31.237104,18.247051
"057","6am",7.03042,49.24793,20.189191,23.532456
"058","6am",4.825414,65.75247,22.826152,6.595968
"059","6am",3.732631,74.15371,11.651077,10.462582
"060","6am",20.644265,49.46945,16.115758,13.770522
"061","6am",19.443194,49.07162,17.664423,13.820768
"062","6am",8.801512,51.67544,17.038644,22.484406
"063","6am",2.719253,57.71293,10.784518,28.783299
"064","6am",6.730233,55.54032,21.573817,16.155626
"065","6am",16.225146,54.5312,18.974741,10.268913
"066","6am",9.621819,47.32209,22.372967,20.683127
"067","6am",16.968101,38.22418,25.879782,18.927938
"068","6am",8.483582,50.60379,23.080134,17.832496
"069","6am",6.956291,44.66593,18.983697,29.394077
"070","6am",14.095129,51.0243,17.98465,16.895916
"071","6am",5.359965,41.19991,22.06534,31.374788
"072","6am",7.550517,38.47009,20.321234,33.658163
"073","6am",8.728958,50.96145,25.494674,14.814915
"074","6am",14.951839,59.84328,15.41782,9.787059
"075","6am",11.751009,66.07555,13.64854,8.524903
"076","6am",16.120481,62.61834,14.663077,6.5981
"077","6am",9.78309,60.4933,19.17242,10.551192
"078","6am",8.319674,61.41972,15.313142,14.947461
"079","6am",13.539398,49.87065,19.827695,16.762256
"080","6am",12.314522,58.55591,14.22936,14.90021
"081","6am",20.665672,44.55247,21.337737,13.444123
"082","6am",9.88175,51.40595,10.977043,27.735255
"083","6am",4.105355,60.99832,11.174631,23.721695
"084","6am",3.694067,41.20543,20.765491,34.335016
"085","6am",8.022381,30.6496,19.641018,41.687
"086","6am",23.007103,49.23909,9.80013,17.953674
"087","6am",3.677993,38.46322,14.389622,43.469165
"088","6am",2.63921,37.30527,13.930676,46.124849
"089","6am",10.288216,36.64963,25.96257,27.099582
"090","6am",15.634698,51.45022,16.743734,16.171346
"091","6am",7.472103,44.26143,19.973188,28.293282
"092","6am",5.357184,47.23349,11.900473,35.508851
"093","6am",4.459229,49.39066,22.142656,24.007458
"094","6am",6.449115,26.76336,27.651316,39.136213
"095","6am",5.74597,33.95209,19.550031,40.75191
"096","6am",4.534336,43.90421,18.525537,33.035915
"097","6am",6.392004,47.58527,17.900712,28.122012
"098","6am",6.470949,39.28997,21.084133,33.154951
"099","6am",4.029684,47.41471,23.729529,24.826075
"100","6am",16.555213,44.66202,19.277415,19.505355
"101","6am",14.080355,60.39065,20.035272,5.493725
"102","6am",3.528112,66.7581,10.721507,18.99228
"103","6am",21.347088,49.61174,11.952271,17.088898
"104","6am",15.586105,59.43126,9.549799,15.432833
"105","6am",11.48184,48.25845,10.901149,29.358561
"106","6am",10.158034,46.7885,19.146647,23.906817
"107","6am",11.433527,61.66549,11.190779,15.710199
"108","6am",19.384624,55.11896,17.445967,8.050453
"109","6am",6.345929,59.06491,23.49831,11.09085
"110","6am",13.899667,40.43774,24.565655,21.09694
"111","6am",14.457473,53.58168,22.06755,9.893297
"112","6am",13.606551,46.54908,18.504755,21.339617
"113","6am",13.362383,67.23996,15.602461,3.795196
"114","6am",11.299928,53.22194,16.060033,19.4181
"115","6am",7.350934,60.65742,22.476063,9.515585
"116","6am",5.355632,62.01055,25.103084,7.530735
"117","6am",20.124016,46.56971,15.540722,17.765548
"118","6am",9.530574,57.50716,24.225378,8.736886
"119","6am",10.399162,50.18938,19.226011,20.18545
"120","6am",16.937432,44.75963,22.389021,15.913914
"121","6am",11.093761,62.77898,13.670178,12.457078
"122","6am",27.940513,61.01242,6.501619,4.545445
"123","6am",7.406267,53.23098,33.225722,6.13703
"124","6am",4.551956,69.58295,14.003845,11.861253
"125","6am",5.148275,69.92019,8.252425,16.679109
"126","6am",12.032161,68.10668,16.174247,3.686912
"127","6am",19.455214,60.7128,14.592652,5.23933
"128","6am",15.122708,59.04187,11.982635,13.852789
"129","6am",14.604964,62.89818,12.254706,10.242154
"130","6am",7.756799,59.90665,17.48714,14.849413
"131","6am",8.701274,57.02592,19.109114,15.163691
"132","6am",3.908887,56.71596,21.421334,17.953818
"133","6am",6.242166,43.84159,26.645928,23.270317
"134","6am",8.342003,54.41016,17.68518,19.56266
"135","6am",4.938324,51.37204,22.245216,21.444418
"136","6am",8.699858,52.41278,18.537372,20.349995
"137","6am",16.064989,51.58169,9.378511,22.974806
"001","7am",19.748278,48.03842,11.29689,20.916414
"002","7am",15.332524,48.61146,12.432057,23.623961
"003","7am",10.546684,50.36663,15.750333,23.33635
"004","7am",6.607047,52.90772,16.281081,24.204157
"005","7am",12.679253,40.48986,18.180436,28.650446
"006","7am",8.228673,45.25363,23.750474,22.767226
"007","7am",7.304032,41.93535,16.977099,33.783516
"008","7am",4.512653,42.61353,16.863812,36.010006
"009","7am",15.683622,45.56977,16.144375,22.602231
"010","7am",12.271671,52.69443,15.734713,19.299184
"011","7am",8.909702,41.20085,26.649937,23.239514
"012","7am",10.761817,52.30016,12.26308,24.674945
"013","7am",10.17739,64.91551,10.725196,14.181902
"014","7am",11.112893,64.71454,12.659847,11.512721
"015","7am",9.112195,36.5068,19.85845,34.52256
"016","7am",18.413917,56.75942,14.809921,10.016745
"017","7am",5.573241,54.83879,33.64426,5.94371
"018","7am",11.439547,44.02708,23.073585,21.459786
"019","7am",13.132306,40.16775,21.343769,25.356176
"020","7am",24.143055,46.1006,11.411796,18.344552
"021","7am",25.604069,55.89764,12.175318,6.322972
"022","7am",27.737196,58.65368,7.435371,6.173752
"023","7am",35.434369,45.30647,10.044485,9.214673
"024","7am",9.373457,40.12447,22.759014,27.743057
"025","7am",20.022051,46.09121,13.944765,19.941978
"026","7am",17.376355,60.48821,11.351955,10.783483
"027","7am",11.615841,60.14504,12.55492,15.684196
"028","7am",9.574371,60.72097,19.241163,10.463496
"029","7am",19.623974,49.51792,17.572072,13.286031
"030","7am",21.487661,65.5405,9.673009,3.298833
"031","7am",18.808993,56.39686,12.960283,11.833859
"032","7am",25.561684,53.29118,14.386196,6.76094
"033","7am",16.314724,47.19459,18.748491,17.742196
"034","7am",3.953032,49.04773,17.774699,29.224544
"035","7am",9.084525,51.78552,17.191764,21.938187
"036","7am",1.289447,53.65801,10.564395,34.488144
"037","7am",24.260227,60.21592,10.346692,5.177156
"038","7am",10.997028,46.93046,27.624567,14.447944
"039","7am",13.706839,47.93734,15.182554,23.173268
"040","7am",27.160267,54.96862,10.894016,6.977096
"041","7am",8.739857,50.51691,18.413584,22.329646
"042","7am",3.448225,47.95835,20.565475,28.027953
"043","7am",9.416692,57.82438,14.905841,17.853087
"044","7am",11.457593,54.58602,20.975903,12.980484
"045","7am",8.552407,56.62774,14.979006,19.840847
"046","7am",15.443431,76.03584,5.242018,3.278709
"047","7am",11.537717,47.68464,23.5777,17.199945
"048","7am",10.680951,45.06364,19.728357,24.52705
"049","7am",8.466048,57.88147,15.852459,17.80002
"050","7am",11.917758,43.31677,18.624937,26.14054
"051","7am",9.381768,54.81143,13.475043,22.331763
"052","7am",5.88217,57.71858,17.758558,18.640695
"053","7am",10.75445,58.96919,13.291261,16.985097
"054","7am",9.799626,51.28901,19.470697,19.440663
"055","7am",14.890057,47.05977,16.487834,21.562336
"056","7am",8.409249,40.05201,30.696941,20.841799
"057","7am",7.912339,48.01217,20.69637,23.379122
"058","7am",4.606938,61.29443,28.672755,5.425878
"059","7am",6.379808,71.91805,11.732444,9.969702
"060","7am",22.68497,48.291,13.445146,15.578883
"061","7am",21.362867,49.51233,18.279816,10.844984
"062","7am",9.726552,52.3579,16.739364,21.176182
"063","7am",2.706625,63.21283,9.995057,24.08549
"064","7am",7.783896,56.12611,22.263115,13.826882
"065","7am",19.033303,55.30032,19.215793,6.450584
"066","7am",10.037136,53.05314,20.516423,16.393298
"067","7am",18.669159,43.43011,21.293869,16.606861
"068","7am",8.431701,44.96524,24.648236,21.954827
"069","7am",7.335474,48.6784,18.059362,25.926765
"070","7am",13.723996,51.51894,17.788484,16.96858
"071","7am",6.657217,46.29339,21.263808,25.785582
"072","7am",7.168259,42.70733,20.193633,29.930783
"073","7am",8.293967,48.24524,29.222501,14.238294
"074","7am",14.714468,59.84536,14.76353,10.676645
"075","7am",12.200619,71.42301,9.229932,7.146444
"076","7am",15.396622,64.54096,15.282361,4.780055
"077","7am",8.011763,57.96055,20.442718,13.584967
"078","7am",11.82762,61.45761,13.277334,13.437436
"079","7am",13.990647,55.05372,17.071027,13.884603
"080","7am",12.673088,55.22304,17.251317,14.852554
"081","7am",23.075658,47.95544,17.356769,11.612134
"082","7am",10.710663,51.52485,14.99649,22.768
"083","7am",4.773241,63.3662,12.875855,18.984704
"084","7am",3.481722,44.52869,18.747219,33.242367
"085","7am",7.391984,32.80498,18.753424,41.049607
"086","7am",23.883069,48.55677,12.747822,14.812335
"087","7am",5.936121,37.26298,13.224131,43.576766
"088","7am",2.964484,35.61161,14.694828,46.729077
"089","7am",10.495411,38.99484,22.664134,27.845611
"090","7am",14.613903,53.54018,16.096569,15.749347
"091","7am",7.565564,41.52844,23.478013,27.427978
"092","7am",6.353561,55.65545,8.168455,29.822538
"093","7am",4.072517,49.03936,25.202142,21.685987
"094","7am",6.706267,28.25589,24.350645,40.687203
"095","7am",5.763044,39.62006,19.295097,35.321794
"096","7am",4.613362,47.77581,16.766616,30.844209
"097","7am",6.56532,54.86116,15.929464,22.644058
"098","7am",5.160351,39.2189,21.107311,34.513441
"099","7am",4.235816,51.89284,21.046738,22.824609
"100","7am",15.098409,51.34129,20.333748,13.226558
"101","7am",12.855417,58.75979,21.341463,7.043332
"102","7am",3.902179,64.36405,15.487623,16.24615
"103","7am",18.123038,44.77902,17.854379,19.243561
"104","7am",15.997632,61.03409,9.328389,13.639891
"105","7am",12.723589,51.66049,8.128734,27.487191
"106","7am",12.663096,47.85193,16.95733,22.52764
"107","7am",13.652365,62.83735,8.722712,14.787572
"108","7am",20.449704,54.40255,18.192034,6.955709
"109","7am",7.073206,62.94565,17.138659,12.842481
"110","7am",16.407664,40.63557,24.386843,18.569924
"111","7am",15.170905,56.43928,20.523704,7.86611
"112","7am",14.933329,51.69756,15.304415,18.064696
"113","7am",13.333102,66.41213,15.133882,5.120882
"114","7am",11.80386,58.54675,15.43286,14.216535
"115","7am",8.263896,63.41482,18.281211,10.040069
"116","7am",6.062323,60.0376,22.800844,11.099231
"117","7am",23.204284,45.35473,13.949288,17.491697
"118","7am",11.09106,58.48502,22.580076,7.843845
"119","7am",9.984876,51.30923,22.087647,16.61825
"120","7am",17.228314,44.1274,23.650538,14.993744
"121","7am",10.409345,65.85783,11.989151,11.743671
"122","7am",23.547013,47.60277,3.883341,24.966875
"123","7am",6.584271,54.87147,34.267868,4.276387
"124","7am",4.217319,72.44515,10.605064,12.732464
"125","7am",6.898145,67.76803,8.01431,17.319511
"126","7am",11.729195,63.99723,17.886793,6.386783
"127","7am",20.229634,57.58848,15.097013,7.084873
"128","7am",14.972318,61.79643,10.316958,12.91429
"129","7am",16.287279,61.26756,11.96715,10.478014
"130","7am",7.658846,61.1065,18.580079,12.654578
"131","7am",8.704669,58.08019,22.724483,10.49066
"132","7am",4.488852,57.85307,19.462643,18.195434
"133","7am",6.296436,47.45035,20.93876,25.314458
"134","7am",9.834631,55.00553,16.898193,18.261651
"135","7am",5.535239,49.62257,21.670295,23.171892
"136","7am",9.713254,53.61897,16.328245,20.339527
"137","7am",16.7631,53.09441,8.266096,21.876392
"001","8am",15.037328,43.8927,14.515082,26.554892
"002","8am",12.906423,51.68768,18.775524,16.630368
"003","8am",9.956321,47.35015,18.909317,23.784211
"004","8am",6.93802,50.87213,15.706586,26.483268
"005","8am",10.633693,42.29437,19.235756,27.836184
"006","8am",7.746015,44.47021,23.163559,24.620219
"007","8am",6.858029,43.97843,15.812116,33.351429
"008","8am",4.672872,44.80824,17.520524,32.998364
"009","8am",15.536613,45.97852,15.687368,22.797498
"010","8am",14.596509,58.26029,11.854391,15.288811
"011","8am",9.391872,43.6121,25.891522,21.104502
"012","8am",11.934898,55.25182,13.897024,18.916254
"013","8am",10.638208,60.23355,13.689982,15.438261
"014","8am",8.994946,55.82544,17.858719,17.3209
"015","8am",10.094257,43.85087,19.90187,26.153
"016","8am",16.447358,56.2007,17.149618,10.202325
"017","8am",5.711948,56.19373,31.70268,6.391638
"018","8am",13.219805,50.45673,20.68435,15.639116
"019","8am",13.075218,38.18852,25.569386,23.166873
"020","8am",21.471167,48.28409,14.144705,16.100036
"021","8am",26.166165,56.79876,11.226143,5.808934
"022","8am",25.236967,49.2542,10.54212,14.966712
"023","8am",32.640969,38.27708,13.80488,15.277066
"024","8am",8.014363,43.53901,23.11317,25.333454
"025","8am",18.868226,43.55227,19.395547,18.183961
"026","8am",17.283588,59.40238,12.476996,10.83704
"027","8am",13.531454,65.10299,11.825796,9.539762
"028","8am",9.792878,60.59292,19.042946,10.571252
"029","8am",17.225255,53.13248,11.946794,17.695474
"030","8am",20.158104,66.15534,7.744418,5.942134
"031","8am",16.987008,53.89903,14.604505,14.509458
"032","8am",23.498834,50.65267,19.672275,6.176221
"033","8am",15.57971,50.56126,16.65221,17.206823
"034","8am",3.124881,47.1502,17.723529,32.001391
"035","8am",9.075553,50.28038,16.26882,24.37525
"036","8am",1.682859,57.64492,11.735729,28.936495
"037","8am",26.353213,56.65842,8.488334,8.500036
"038","8am",11.449784,44.88345,25.944234,17.722532
"039","8am",12.702478,46.44477,18.321894,22.530856
"040","8am",25.824439,56.38812,10.243189,7.544256
"041","8am",8.501223,47.54745,18.453179,25.498146
"042","8am",3.420073,42.06609,17.032262,37.481576
"043","8am",11.354656,54.77819,15.959477,17.907673
"044","8am",10.714779,56.36486,16.138166,16.782194
"045","8am",8.624243,62.49861,13.968178,14.908965
"046","8am",15.488971,71.96905,4.212464,8.329515
"047","8am",13.331421,50.91557,20.708509,15.044498
"048","8am",10.689709,47.92981,21.298499,20.081984
"049","8am",8.128153,58.02415,13.929691,19.918011
"050","8am",11.130882,51.91246,16.610848,20.345812
"051","8am",7.700391,49.31563,19.717601,23.266381
"052","8am",7.051181,61.19643,15.429034,16.323359
"053","8am",10.513228,57.15688,14.118527,18.211363
"054","8am",11.588456,52.8778,13.513009,22.020733
"055","8am",18.950406,49.54106,18.468811,13.039718
"056","8am",9.518794,49.84461,27.7508,12.885796
"057","8am",8.65343,56.39648,15.224952,19.725137
"058","8am",5.978606,58.1292,31.553215,4.33898
"059","8am",8.587984,76.53792,8.077703,6.79639
"060","8am",23.857391,45.90309,14.990644,15.248871
"061","8am",20.218194,51.49452,16.864171,11.42311
"062","8am",11.845289,57.10983,13.947141,17.097738
"063","8am",2.253826,55.82672,17.51076,24.408693
"064","8am",8.105706,59.99322,22.70409,9.196988
"065","8am",17.424047,61.44172,16.79221,4.342022
"066","8am",11.418211,56.57584,15.365955,16.639993
"067","8am",19.074278,43.74471,19.766261,17.414753
"068","8am",7.724848,42.50028,21.387674,28.3872
"069","8am",8.660423,56.26986,13.431292,21.638425
"070","8am",13.427489,51.84575,20.084329,14.642436
"071","8am",8.573946,49.83037,23.731724,17.863962
"072","8am",9.051167,49.79338,18.523038,22.632421
"073","8am",8.671856,47.99376,30.03517,13.299215
"074","8am",13.834273,56.47092,16.445949,13.24886
"075","8am",11.591778,72.90316,9.584176,5.92089
"076","8am",14.26124,67.58971,12.457009,5.692038
"077","8am",8.209779,51.64012,18.655072,21.495028
"078","8am",13.01967,65.52972,10.225052,11.225558
"079","8am",15.444894,56.09211,13.811199,14.651793
"080","8am",13.146773,55.43924,19.301006,12.112982
"081","8am",28.422019,47.6668,16.130053,7.781128
"082","8am",10.207778,47.31953,16.926295,25.546392
"083","8am",3.750231,57.39925,13.198952,25.651564
"084","8am",3.359677,39.69053,25.167765,31.78203
"085","8am",4.396523,33.39893,18.736231,43.468315
"086","8am",21.142457,52.82312,8.631487,17.402933
"087","8am",6.066372,36.92467,12.918361,44.090595
"088","8am",3.094621,36.06938,17.514788,43.32121
"089","8am",12.696902,38.45313,19.08879,29.761182
"090","8am",16.110528,54.9037,16.104312,12.881458
"091","8am",6.321303,37.56008,21.907086,34.211533
"092","8am",12.025122,50.5909,9.441599,27.942376
"093","8am",2.570127,37.32697,29.532628,30.570273
"094","8am",8.482779,27.6198,17.03615,46.861272
"095","8am",5.033171,43.78562,13.869715,37.311494
"096","8am",4.2796,51.29359,17.790446,26.636361
"097","8am",6.951043,57.26701,13.197041,22.584908
"098","8am",5.862689,49.03055,13.677991,31.42877
"099","8am",8.590667,53.12021,19.099086,19.190042
"100","8am",15.789455,53.38627,19.580622,11.243652
"101","8am",12.891213,59.62845,18.660813,8.819529
"102","8am",3.976755,64.65421,15.783615,15.585419
"103","8am",16.424119,41.6525,19.339131,22.584252
"104","8am",17.940598,58.10178,9.996087,13.961535
"105","8am",12.226913,52.73514,8.241961,26.795991
"106","8am",12.345215,43.49693,18.724018,25.43384
"107","8am",14.045724,64.29992,9.117503,12.536851
"108","8am",19.354944,55.71825,20.880595,4.04621
"109","8am",7.348915,58.86254,21.229465,12.559079
"110","8am",18.174305,49.64253,19.598603,12.584561
"111","8am",15.939799,59.16695,17.658738,7.234512
"112","8am",17.574052,54.66201,14.160088,13.603847
"113","8am",13.438037,67.2147,12.024965,7.322298
"114","8am",10.921325,57.86354,17.233403,13.981736
"115","8am",6.990294,61.96727,20.222068,10.820365
"116","8am",5.702691,55.12914,26.600433,12.567737
"117","8am",24.293746,47.01298,15.583282,13.109993
"118","8am",11.796097,58.55387,21.166438,8.483594
"119","8am",8.115344,55.51383,23.286723,13.084102
"120","8am",19.030422,45.3509,23.497837,12.120842
"121","8am",10.789136,64.09707,13.80793,11.30586
"122","8am",24.209548,33.66382,9.167231,32.959397
"123","8am",6.564536,55.68937,31.25809,6.488006
"124","8am",5.695491,77.19178,7.530187,9.582541
"125","8am",4.357374,64.18381,14.321636,17.137181
"126","8am",11.515715,60.90192,18.052822,9.529541
"127","8am",19.958647,57.01127,15.291979,7.738103
"128","8am",16.491822,59.38586,6.073953,18.04837
"129","8am",18.398147,63.40242,9.764026,8.435401
"130","8am",8.051529,65.13387,16.684028,10.130577
"131","8am",7.362254,58.81505,21.245015,12.577681
"132","8am",5.250502,57.19032,19.842167,17.717013
"133","8am",5.917547,52.82165,23.045091,18.215709
"134","8am",10.683275,50.49852,22.460271,16.357933
"135","8am",4.947228,51.19317,19.123525,24.736077
"136","8am",8.288113,54.06074,15.174497,22.476653
"137","8am",16.94118,54.13565,7.715218,21.207955
"001","9am",14.742415,41.88724,16.681105,26.689238
"002","9am",13.906845,52.17541,18.789659,15.12809
"003","9am",11.053012,44.28665,22.577084,22.083257
"004","9am",6.23889,50.35779,15.93472,27.468601
"005","9am",10.86467,43.34507,19.65096,26.139297
"006","9am",7.184249,41.15895,27.205031,24.451772
"007","9am",6.661564,41.90477,17.963599,33.470071
"008","9am",8.249535,42.40262,19.828775,29.51907
"009","9am",14.596052,47.05648,18.694605,19.652861
"010","9am",15.526384,57.07699,11.610112,15.786512
"011","9am",6.65983,51.46562,23.946965,17.927583
"012","9am",9.865025,54.0659,16.142387,19.926684
"013","9am",10.026278,59.75818,13.650207,16.565331
"014","9am",8.577483,53.22733,19.216662,18.978521
"015","9am",8.446643,48.50932,19.021953,24.02208
"016","9am",16.420095,54.85581,18.25261,10.47149
"017","9am",5.203056,52.87949,35.954414,5.963045
"018","9am",13.7451,47.05863,19.344148,19.852126
"019","9am",14.025966,37.82406,24.798576,23.351398
"020","9am",19.436617,48.17159,15.171119,17.220678
"021","9am",24.411591,54.8568,12.39456,8.337044
"022","9am",26.157046,48.43822,9.081335,16.3234
"023","9am",32.969481,38.3181,13.538977,15.173441
"024","9am",5.960941,43.72203,19.669102,30.647927
"025","9am",17.437674,39.63434,17.63492,25.29307
"026","9am",16.404747,59.16795,10.10122,14.326079
"027","9am",12.779195,67.72067,7.902543,11.597589
"028","9am",8.348326,60.82606,19.911654,10.913955
"029","9am",16.227128,57.87778,9.830405,16.064687
"030","9am",19.464524,66.97034,7.234889,6.330251
"031","9am",15.850022,52.04074,16.359712,15.749523
"032","9am",25.920834,47.63736,20.201039,6.240768
"033","9am",15.376005,48.46903,15.695648,20.45932
"034","9am",3.993368,43.52036,20.607971,31.878297
"035","9am",8.727542,49.52172,16.505745,25.244994
"036","9am",1.825619,59.70334,14.055058,24.415983
"037","9am",26.480347,53.96014,12.444657,7.114859
"038","9am",10.300944,41.84564,24.92382,22.929598
"039","9am",10.915236,48.10346,17.425342,23.555958
"040","9am",26.986881,54.87648,9.576239,8.560399
"041","9am",8.096876,50.36421,14.541338,26.997571
"042","9am",5.317758,40.18,17.95449,36.547757
"043","9am",10.459792,55.18443,17.384301,16.971476
"044","9am",10.573626,51.81383,16.363234,21.249314
"045","9am",7.908102,65.14072,12.691898,14.259283
"046","9am",18.150818,71.01797,4.14701,6.684207
"047","9am",14.373463,48.41097,21.45413,15.761434
"048","9am",11.376319,44.92873,22.747835,20.947114
"049","9am",9.084716,59.28993,11.456968,20.168382
"050","9am",12.811997,53.5083,14.346693,19.333012
"051","9am",7.62595,48.97611,21.541426,21.856511
"052","9am",7.782074,62.08219,15.634468,14.501264
"053","9am",10.681421,57.54313,14.344399,17.43105
"054","9am",9.655062,48.08922,25.412683,16.843034
"055","9am",18.026984,54.65844,16.27872,11.035856
"056","9am",12.319654,51.79535,22.840285,13.044716
"057","9am",7.005366,61.55745,13.946199,17.490986
"058","9am",4.369124,59.14284,28.290529,8.197507
"059","9am",7.855586,77.5529,8.067446,6.524069
"060","9am",22.031048,46.97519,13.619693,17.374065
"061","9am",21.207414,49.55421,15.711892,13.526488
"062","9am",15.105465,56.4725,13.225736,15.196303
"063","9am",2.267901,52.10409,18.129811,27.498196
"064","9am",8.760112,60.60343,21.794706,8.841753
"065","9am",17.445606,62.98457,16.017708,3.552115
"066","9am",11.637509,53.47127,18.932153,15.95907
"067","9am",19.913576,47.07444,19.392087,13.619895
"068","9am",7.120993,41.32593,20.743974,30.809108
"069","9am",9.657615,55.45037,14.22829,20.663728
"070","9am",13.689137,55.52037,16.556399,14.234094
"071","9am",9.924255,49.0908,22.842346,18.142603
"072","9am",8.641948,51.90717,20.133009,19.31787
"073","9am",9.022541,49.89659,28.925773,12.155094
"074","9am",14.100323,57.73695,15.023257,13.139467
"075","9am",12.150006,77.41906,5.151751,5.27918
"076","9am",14.910047,64.85318,13.809742,6.427036
"077","9am",7.548997,50.37177,18.621517,23.457719
"078","9am",10.337966,68.01909,9.076805,12.566139
"079","9am",16.04901,59.16883,12.272116,12.510043
"080","9am",15.739743,52.22735,19.069,12.963911
"081","9am",25.568016,51.32439,14.508348,8.599251
"082","9am",10.666795,48.78635,14.823598,25.723256
"083","9am",3.760162,53.90603,11.826856,30.506951
"084","9am",2.020213,41.43622,24.430144,32.113421
"085","9am",6.116236,34.37877,16.40973,43.095268
"086","9am",23.214091,47.55772,9.047057,20.181136
"087","9am",5.951824,34.53742,15.537846,43.972911
"088","9am",5.352091,36.7217,16.042014,41.884199
"089","9am",12.496071,40.16139,19.780017,27.562519
"090","9am",16.056154,52.76067,16.183602,14.999574
"091","9am",5.840277,35.5609,21.004611,37.594209
"092","9am",10.033234,55.93013,7.92812,26.108514
"093","9am",2.34762,34.49656,28.0429,35.112924
"094","9am",7.35027,25.33957,16.390078,50.920078
"095","9am",5.105317,43.44607,14.291441,37.157175
"096","9am",6.549123,52.53208,17.928178,22.990619
"097","9am",5.885529,56.58708,13.897628,23.629763
"098","9am",6.516676,49.89593,11.190607,32.396789
"099","9am",8.590325,50.41481,23.505578,17.489284
"100","9am",15.105998,53.86582,20.32993,10.698249
"101","9am",11.873518,61.97208,18.503705,7.650701
"102","9am",3.992889,65.99472,15.84765,14.164741
"103","9am",15.607009,39.44378,19.826249,25.122965
"104","9am",17.500708,58.18359,10.51423,13.801468
"105","9am",12.092135,55.05708,9.714827,23.135958
"106","9am",12.31227,43.40447,17.466873,26.816388
"107","9am",14.003431,62.74451,9.650953,13.601102
"108","9am",20.450387,55.07945,18.024795,6.445367
"109","9am",9.802168,59.01932,17.540683,13.637834
"110","9am",15.350773,54.2731,18.831017,11.545107
"111","9am",17.31552,60.34404,14.621669,7.71877
"112","9am",13.208505,56.82473,14.70325,15.263518
"113","9am",14.890191,66.64461,14.191217,4.273986
"114","9am",13.32766,60.3594,12.26759,14.04535
"115","9am",4.257113,61.2492,21.634165,12.859518
"116","9am",5.05894,58.25685,25.102972,11.581242
"117","9am",25.802438,47.45802,13.969316,12.770224
