"district","hour","cspmen1","cspmen2","cspmen3","cspmen4","cspmen5"
"001","4am",32.88574,5.651934,36.19739,14.333069,10.9318679
"002","4am",18.463612,7.303657,26.55382,22.137177,25.5417371
"003","4am",23.594022,22.476273,26.34502,19.868777,7.7159057
"004","4am",12.906729,12.386037,32.40929,25.708347,16.5895956
"005","4am",24.900743,4.339863,32.51359,18.973991,19.2718176
"006","4am",15.305848,12.464681,43.50965,9.869816,18.8500048
"007","4am",16.773391,1.693975,31.26368,29.563756,20.7051975
"008","4am",9.979085,14.409541,25.45306,28.156572,22.001739
"009","4am",10.262979,24.618933,38.93935,14.510519,11.6682156
"010","4am",7.990517,12.483896,48.35135,24.274895,6.8993367
"011","4am",23.419943,12.68049,26.72375,20.567001,16.6088205
"012","4am",7.737251,21.84241,40.97522,15.274847,14.170272
"013","4am",19.288556,25.655523,38.42802,12.343084,4.2848186
"014","4am",34.333984,22.826965,32.39143,5.715962,4.7316602
"015","4am",10.254696,13.904831,35.06872,25.982596,14.7891576
"016","4am",10.227011,25.900407,42.45446,18.365231,3.0528866
"017","4am",15.980414,20.532472,42.60052,20.167826,0.718769
"018","4am",10.445207,7.424896,51.58839,24.75914,5.7823658
"019","4am",15.837988,14.853478,33.50626,19.118336,16.6839361
"020","4am",49.63245,14.581161,18.39586,11.23401,6.1565145
"021","4am",42.709717,23.314319,24.82415,8.264607,0.8872031
"022","4am",47.799676,25.153248,22.08277,4.086156,0.8781473
"023","4am",26.127122,41.29036,24.90606,6.437507,1.2389532
"024","4am",11.818977,8.896203,41.57925,15.40565,22.2999157
"025","4am",14.975143,30.191539,26.62251,13.101111,15.1096945
"026","4am",10.351327,34.260242,32.70101,17.803258,4.8841622
"027","4am",22.899642,17.814622,32.24002,18.084243,8.9614735
"028","4am",11.055516,42.771813,33.29422,9.142659,3.7357933
"029","4am",23.475026,24.730559,42.19883,7.569132,2.0264572
"030","4am",21.658588,36.873518,29.67143,10.265617,1.5308484
"031","4am",30.892048,32.131577,26.046,8.628753,2.3016235
"032","4am",29.518299,34.717201,27.53655,5.093322,3.1346265
"033","4am",29.30959,25.41718,27.63099,15.588471,2.0537698
"034","4am",21.008465,7.088107,34.97535,23.127126,13.8009481
"035","4am",22.618113,7.655761,39.74136,18.881762,11.1030028
"036","4am",14.787878,6.328306,34.59675,23.689106,20.5979596
"037","4am",28.069403,21.458211,35.36463,12.751846,2.3559115
"038","4am",12.430248,30.369032,35.81371,15.799407,5.587607
"039","4am",16.74391,13.534045,32.6076,19.994421,17.120022
"040","4am",27.033608,44.649126,17.07922,7.990238,3.2478043
"041","4am",19.885152,15.041477,33.60661,18.536522,12.930244
"042","4am",13.654165,10.828711,47.88253,19.660311,7.9742844
"043","4am",23.80777,21.795742,33.63829,12.421887,8.3363144
"044","4am",46.436752,17.003966,25.53314,11.026142,0
"045","4am",13.248561,35.190519,28.41141,17.019857,6.1296537
"046","4am",15.556707,24.187466,38.1639,11.558609,10.5333154
"047","4am",4.815565,21.456951,46.3189,22.407349,5.0012381
"048","4am",22.66074,9.19983,30.27838,28.62481,9.2362446
"049","4am",12.004487,19.234675,39.72142,23.20757,5.8318483
"050","4am",7.116685,23.573582,43.25069,18.699209,7.3598381
"051","4am",8.093292,19.708522,27.40278,35.722025,9.0733827
"052","4am",11.36449,13.030675,45.60646,18.768792,11.2295827
"053","4am",20.176761,17.758082,30.1645,25.168152,6.7325055
"054","4am",12.46463,19.906397,31.85671,24.290366,11.4819002
"055","4am",15.014456,24.517084,28.17431,15.921564,16.3725831
"056","4am",11.586846,24.740806,36.5375,16.661358,10.4734891
"057","4am",22.085633,20.707567,15.35318,29.054859,12.7987642
"058","4am",10.555577,10.246351,38.0385,30.493381,10.6661881
"059","4am",15.210133,22.215895,44.02661,16.583852,1.9635089
"060","4am",19.746962,16.2871,37.72823,16.014234,10.2234727
"061","4am",21.023043,22.721742,34.88152,16.733653,4.6400472
"062","4am",15.304055,11.620726,32.88351,28.875785,11.3159264
"063","4am",8.337871,9.611165,45.75758,24.781809,11.5115766
"064","4am",15.583218,13.231124,25.03202,36.391133,9.7625005
"065","4am",6.095443,30.25403,30.33075,27.391387,5.928392
"066","4am",6.324512,30.198013,28.22437,23.796421,11.4566797
"067","4am",16.629338,16.543975,27.71651,33.960278,5.1498966
"068","4am",15.587147,17.037065,38.77738,17.332673,11.2657346
"069","4am",8.757778,14.040573,32.62031,34.751847,9.8294918
"070","4am",27.190059,21.709463,26.54762,21.557586,2.9952748
"071","4am",13.940252,12.235332,33.54677,26.279377,13.998271
"072","4am",11.842885,6.109033,32.13291,30.39374,19.5214311
"073","4am",7.071302,32.908745,26.80953,25.104556,8.1058693
"074","4am",21.054965,29.460609,36.06893,11.406198,2.0093004
"075","4am",23.433374,35.653085,30.70189,8.501243,1.7104031
"076","4am",14.412446,29.347626,43.85099,11.198336,1.1905986
"077","4am",19.174914,27.557642,36.54276,10.131378,6.5933025
"078","4am",14.627568,25.937931,37.32819,18.056641,4.0496712
"079","4am",16.172124,14.56192,31.68662,27.119085,10.4602531
"080","4am",17.442419,18.244972,37.97598,18.900188,7.4364369
"081","4am",2.745395,24.195892,33.57268,29.756597,9.7294399
"082","4am",9.915038,18.937979,24.63175,36.642577,9.8726587
"083","4am",17.451276,23.953262,32.26894,20.004248,6.3222752
"084","4am",8.765991,15.961327,17.19704,42.095727,15.9799177
"085","4am",11.828249,6.656283,28.02051,31.07819,22.4167726
"086","4am",17.542559,21.348152,25.79515,27.625186,7.688949
"087","4am",14.642028,9.495081,23.58491,29.384051,22.8939277
"088","4am",10.804132,7.325047,16.6407,44.48259,20.7475328
"089","4am",18.71178,10.997682,34.70365,24.296044,11.2908479
"090","4am",24.5035,16.21484,34.96386,22.025635,2.2921702
"091","4am",11.542278,16.259715,24.1383,36.446225,11.61348
"092","4am",13.792737,13.339548,32.85487,24.696691,15.3161547
"093","4am",10.769935,16.80736,29.50231,23.302109,19.6182857
"094","4am",19.339196,10.808592,23.71329,34.375,11.7639207
"095","4am",10.539817,16.295986,27.62179,27.153259,18.3891501
"096","4am",9.4675,16.058349,36.6838,20.715191,17.0751608
"097","4am",13.466283,13.943376,19.44502,36.941521,16.203798
"098","4am",10.360436,9.34119,29.86639,33.267372,17.1646121
"099","4am",5.964536,25.37807,26.72266,26.676583,15.258147
"100","4am",12.547992,30.506697,36.40861,16.593339,3.9433636
"101","4am",14.280245,24.794268,43.88396,15.581088,1.4604402
"102","4am",7.423094,31.722936,34.61966,16.109133,10.1251817
"103","4am",13.063807,37.014163,22.46065,21.186936,6.2744413
"104","4am",5.526216,28.876642,34.71408,23.352226,7.530836
"105","4am",16.551589,26.202716,28.19706,22.772992,6.2756465
"106","4am",18.73437,10.820058,27.19703,32.366244,10.8823018
"107","4am",20.906077,32.234447,25.86149,18.530994,2.4669948
"108","4am",30.995409,23.070093,32.08913,13.43048,0.4148928
"109","4am",5.579871,25.255134,31.4776,31.194461,6.4929299
"110","4am",20.557765,16.708505,30.6992,21.774023,10.2605049
"111","4am",29.115133,29.827339,21.73058,16.273608,3.0533356
"112","4am",10.519157,33.820334,30.72221,19.48688,5.4514174
"113","4am",25.573271,32.758931,30.79168,10.01921,0.8569058
"114","4am",22.243102,29.869218,32.34964,11.409193,4.128842
"115","4am",28.231152,12.338711,40.9527,13.27327,5.2041645
"116","4am",23.020246,9.75327,50.81902,10.609691,5.7977683
"117","4am",18.701812,12.836235,32.32035,31.646668,4.4949315
"118","4am",19.166525,30.646675,34.92258,6.650172,8.6140473
"119","4am",11.926791,16.272569,44.28907,21.692507,5.8190628
"120","4am",21.142137,9.334305,27.9447,36.589198,4.9896572
"121","4am",14.999631,23.75324,45.88261,9.46082,5.9037014
"122","4am",34.465723,34.659816,27.81823,3.056226,0
"123","4am",21.662362,31.900641,32.32409,8.062838,6.050068
"124","4am",20.826949,29.559863,31.62114,13.348696,4.6433515
"125","4am",18.436957,28.435113,37.95511,12.342887,2.8299329
"126","4am",12.573766,35.574143,30.6826,20.161519,1.0079683
"127","4am",12.417134,58.79519,20.78063,6.772354,1.2346876
"128","4am",8.616947,23.801416,34.92457,27.696195,4.9608775
"129","4am",17.489554,21.765019,33.46334,26.047181,1.2349016
"130","4am",2.324613,5.624734,55.59636,20.831147,15.6231493
"131","4am",4.229367,4.186321,56.30494,27.382724,7.8966472
"132","4am",4.450097,5.622304,62.55195,14.955682,12.4199642
"133","4am",8.569921,5.837742,50.84142,15.42445,19.3264636
"134","4am",6.23024,2.855362,65.46732,10.379751,15.0673316
"135","4am",6.298055,2.300677,52.85956,18.45854,20.0831687
"136","4am",8.109009,6.676896,47.10717,22.253876,15.8530485
"137","4am",6.396434,4.481449,51.36104,23.367236,14.3938377
"001","5am",32.510009,4.773678,37.3626,14.383433,10.9702809
"002","5am",17.758023,7.36686,26.78361,22.328744,25.7627667
"003","5am",23.244487,22.843367,25.87694,20.193283,7.8419256
"004","5am",11.979845,13.957039,32.8944,25.022014,16.1467054
"005","5am",25.352844,4.376658,31.70042,19.134862,19.4352132
"006","5am",14.890284,12.126257,44.23614,10.409108,18.3382147
"007","5am",16.713881,1.687965,29.98616,29.458868,22.1531287
"008","5am",9.658041,16.142591,25.65473,27.250729,21.2939067
"009","5am",10.368029,24.834223,39.17593,14.389457,11.232364
"010","5am",7.940165,13.38477,47.14538,24.673825,6.8558604
"011","5am",23.466696,11.94635,26.77709,21.167883,16.6419766
"012","5am",8.252516,21.600539,40.14907,15.561594,14.4362831
"013","5am",21.241299,25.220647,37.04485,12.362612,4.130592
"014","5am",34.495064,23.277208,31.79345,5.708664,4.7256186
"015","5am",10.271636,13.9278,35.74596,26.025516,14.0290907
"016","5am",10.708471,26.58802,41.85972,17.780521,3.0632656
"017","5am",16.357077,19.533909,42.73012,20.643187,0.7357105
"018","5am",10.101874,7.455586,51.77479,24.861482,5.8062671
"019","5am",15.974061,14.981092,33.20673,19.777099,16.0610194
"020","5am",47.369156,15.005995,19.89789,11.451343,6.2756179
"021","5am",43.442722,21.275482,25.6881,8.691262,0.9024297
"022","5am",48.722302,23.695288,22.68284,4.032877,0.8666972
"023","5am",26.787071,39.844905,25.74374,6.39375,1.2305318
"024","5am",13.417226,8.76853,41.18589,15.184556,21.4437954
"025","5am",14.957729,28.523324,28.34095,13.085877,15.0921243
"026","5am",9.473173,35.098749,29.89089,20.406848,5.1303382
"027","5am",22.711831,16.81828,32.97513,18.384496,9.110261
"028","5am",10.858943,43.78936,32.70223,8.980097,3.6693689
"029","5am",23.267125,24.289313,42.72771,7.663997,2.0518551
"030","5am",21.648617,37.887124,28.34352,10.547805,1.5729295
"031","5am",29.944552,35.094406,25.74443,6.976866,2.2397422
"032","5am",30.08218,36.428165,25.7699,4.525248,3.1945065
"033","5am",29.14043,24.690281,28.4884,15.563392,2.1174996
"034","5am",21.323282,7.194325,34.50045,22.974184,14.0077589
"035","5am",22.473466,8.451973,40.17471,17.750495,11.1493577
"036","5am",14.507408,7.183698,34.2662,22.89089,21.1518052
"037","5am",28.771566,20.102875,35.2778,13.376453,2.4713079
"038","5am",12.287294,29.336128,36.95211,15.70558,5.7188843
"039","5am",17.393524,13.567586,31.83247,20.043973,17.1624502
"040","5am",27.787026,44.446574,16.0029,8.363841,3.3996632
"041","5am",20.691399,11.647258,34.91875,19.288088,13.4545032
"042","5am",14.172124,10.456344,47.81676,19.277987,8.276782
"043","5am",24.17556,22.132449,32.61311,12.613784,8.4650963
"044","5am",44.136734,17.184936,26.67357,12.004758,0
"045","5am",13.510337,35.885843,27.57089,16.782159,6.2507686
"046","5am",15.987689,23.461509,38.73735,10.988326,10.82513
"047","5am",4.896884,20.736199,47.10107,22.180152,5.0856926
"048","5am",22.66074,9.19983,30.27838,28.62481,9.2362446
"049","5am",12.069418,17.529877,40.66291,22.938563,6.7992295
"050","5am",6.489942,23.769922,45.07234,19.382848,5.2849429
"051","5am",7.484408,21.116758,28.969,33.034544,9.3952905
"052","5am",11.400696,13.072189,45.14699,19.114769,11.2653589
"053","5am",20.171889,18.78987,29.14529,25.162075,6.7308799
"054","5am",12.393172,21.241732,30.79791,24.151111,11.4160756
"055","5am",15.131873,23.926789,28.39464,16.046075,16.5006207
"056","5am",11.439235,24.42562,37.34598,16.4491,10.3400617
"057","5am",21.430003,20.428141,15.60413,29.529766,13.0079625
"058","5am",10.19117,9.89262,36.72531,32.892933,10.2979631
"059","5am",14.392417,22.594901,44.1489,16.866775,1.9970067
"060","5am",19.828407,16.738708,37.88384,15.283409,10.2656385
"061","5am",20.860972,22.546575,34.61261,17.37557,4.6042761
"062","5am",15.304055,11.620726,32.88351,28.875785,11.3159264
"063","5am",8.151143,11.635429,44.73283,24.226819,11.2537741
"064","5am",15.583218,13.231124,25.03202,36.391133,9.7625005
"065","5am",6.256381,30.20268,29.34142,28.114603,6.0849196
"066","5am",6.55673,31.306797,27.24447,23.014669,11.8773362
"067","5am",16.940774,16.853812,27.29919,33.659885,5.2463443
"068","5am",15.036386,16.621346,38.4776,18.996999,10.8676673
"069","5am",9.022365,12.884969,32.94407,35.022134,10.1264571
"070","5am",27.79928,22.08222,25.14406,21.927735,3.0467044
"071","5am",14.886168,12.450349,33.50089,25.183461,13.9791286
"072","5am",12.398856,5.911721,33.38643,29.412072,18.8909207
"073","5am",7.34663,34.921236,25.53069,24.341843,7.8596011
"074","5am",20.882386,28.086034,37.3171,11.6604,2.0540802
"075","5am",24.249605,34.133876,31.04918,8.797358,1.7699798
"076","5am",14.260965,27.30776,44.97739,12.275803,1.178085
"077","5am",18.474625,27.686339,38.07984,9.406692,6.3525077
"078","5am",14.796723,26.715241,36.12608,18.265451,4.0965022
"079","5am",15.641092,14.661439,30.90229,28.6784,10.1167778
"080","5am",17.744143,18.806751,36.6569,19.227129,7.5650746
"081","5am",2.802274,23.168721,33.72489,30.3731,9.9310163
"082","5am",10.000219,19.100676,24.84336,36.098271,9.9574752
"083","5am",16.978803,24.09036,32.45363,20.118743,6.3584611
"084","5am",8.532382,14.697781,20.24187,40.9739,15.5540623
"085","5am",12.167077,7.034953,27.36651,31.041301,22.3901642
"086","5am",17.669786,20.777728,25.98223,27.825538,7.7447132
"087","5am",14.568358,9.447308,23.96939,29.236209,22.7787396
"088","5am",10.974397,6.602288,16.16522,45.1836,21.0744975
"089","5am",18.897627,11.374273,35.04832,23.276787,11.4029892
"090","5am",25.131591,16.630471,33.2968,22.590212,2.3509247
"091","5am",11.121212,18.439438,24.13288,35.116654,11.1898162
"092","5am",14.156503,14.300016,30.47535,25.348035,15.7200986
"093","5am",12.960097,17.561416,29.26235,21.339758,18.876381
"094","5am",19.568659,10.936839,23.99465,33.596345,11.9035023
"095","5am",10.674723,16.50457,27.33535,27.500813,17.9845404
"096","5am",9.44036,15.390725,38.51133,19.631374,17.0262118
"097","5am",13.547833,13.42223,19.56278,37.165234,16.3019259
"098","5am",10.457876,9.429043,29.20679,33.58025,17.3260442
"099","5am",6.037585,24.464155,27.04994,27.003298,15.4450175
"100","5am",12.721958,30.999372,36.16549,16.115142,3.9980346
"101","5am",14.66187,24.992374,43.4725,15.427233,1.4460192
"102","5am",7.53171,30.723895,35.12622,16.344844,10.273335
"103","5am",12.76617,37.779756,21.18094,21.083633,7.1894987
"104","5am",5.517354,28.830332,34.91985,23.934976,6.7974873
"105","5am",15.735722,26.481605,27.6541,23.842968,6.2856046
"106","5am",19.130185,8.935888,27.77164,33.05007,11.1122203
"107","5am",21.087436,32.514079,25.21834,18.691749,2.4883958
"108","5am",30.462043,24.194702,31.55152,13.378448,0.4132854
"109","5am",5.070451,25.24348,31.04522,31.983652,6.657195
"110","5am",20.695767,16.820668,30.23399,21.92019,10.3293825
"111","5am",28.590956,30.047905,21.89128,16.393948,3.0759143
"112","5am",11.013365,33.064912,29.81178,20.402408,5.7075346
"113","5am",26.392898,31.15122,31.23119,10.340327,0.8843698
"114","5am",22.482644,30.566052,31.49388,11.35,4.1074208
"115","5am",28.053693,11.782761,41.80226,13.189835,5.1714514
"116","5am",23.291569,8.89696,50.85852,10.962429,5.9905258
"117","5am",19.096337,12.156738,31.8429,32.314271,4.5897545
"118","5am",18.966831,31.36926,34.55873,6.580884,8.5242985
"119","5am",11.949801,16.111032,44.37452,21.734359,5.8302897
"120","5am",21.075988,9.617979,27.85727,36.474718,4.9740456
"121","5am",14.914139,22.589154,47.40035,9.765678,5.330678
"122","5am",35.098421,33.777063,27.96842,3.156093,0
"123","5am",22.69748,29.650535,33.16983,8.273796,6.2083633
"124","5am",20.588946,28.744816,32.8798,13.196152,4.5902891
"125","5am",18.532233,28.893696,37.32284,12.406672,2.8445571
"126","5am",11.931873,38.220846,28.99773,19.856815,0.9927348
"127","5am",12.417134,58.79519,20.78063,6.772354,1.2346876
"128","5am",8.616947,23.801416,34.92457,27.696195,4.9608775
"129","5am",17.333763,22.461909,33.16526,25.815162,1.2239016
"130","5am",2.340295,5.662679,55.29681,20.971674,15.7285435
"131","5am",4.280931,4.237359,56.9914,27.716568,6.7737457
"132","5am",4.504856,5.691486,63.32165,15.139711,11.3422998
"133","5am",8.516744,6.02909,51.38655,14.861076,19.2065417
"134","5am",6.087346,2.789872,66.25934,10.141685,14.7217538
"135","5am",6.370606,2.32718,51.96621,19.021485,20.3145195
"136","5am",8.251291,6.79405,47.05641,21.767037,16.1312093
"137","5am",6.396434,4.481449,51.36104,23.367236,14.3938377
"001","6am",30.574822,6.991404,37.30603,13.870398,11.2573423
"002","6am",17.488841,7.91918,28.90593,21.15204,24.5340079
"003","6am",22.239006,20.715798,26.25167,23.290815,7.5027095
"004","6am",11.989916,14.823685,30.56453,26.691597,15.9302698
"005","6am",24.236586,5.185783,31.75425,19.355162,19.4682164
"006","6am",14.349423,12.168763,45.55331,10.144945,17.7835587
"007","6am",17.175149,2.793934,30.16516,29.200374,20.6653827
"008","6am",11.801371,15.040477,26.63993,26.398569,20.1196502
"009","6am",9.438095,21.499631,41.68759,15.982051,11.3926289
"010","6am",8.231954,13.777533,46.92292,24.342519,6.7250769
"011","6am",22.090829,12.687896,27.35379,20.597552,17.2699283
"012","6am",8.0959,21.244291,39.88759,15.626246,15.1459754
"013","6am",21.368001,25.956596,35.97607,12.496108,4.2032247
"014","6am",31.740035,23.061409,33.86716,6.208961,5.1224397
"015","6am",10.611838,13.243626,36.63587,25.672375,13.8362909
"016","6am",10.851635,29.326384,38.69953,18.018233,3.1042191
"017","6am",17.241518,20.744175,42.2988,18.904336,0.8111671
"018","6am",10.406571,8.797483,50.33574,24.478811,5.9813978
"019","6am",15.460479,15.18093,35.83219,18.092336,15.4340638
"020","6am",48.90311,15.456085,19.26703,10.74444,5.6293332
"021","6am",41.541881,21.669223,26.21619,9.602169,0.9705329
"022","6am",47.595152,23.064768,24.41139,4.056841,0.8718474
"023","6am",24.509533,37.712235,27.59255,8.963927,1.2217544
"024","6am",13.465721,8.800223,40.13298,15.602014,21.9990657
"025","6am",15.120918,24.516057,28.66814,15.724392,15.9704955
"026","6am",10.080495,31.92835,32.25178,19.607564,6.1318117
"027","6am",22.599435,17.184137,34.06057,16.534436,9.6214207
"028","6am",11.71758,45.108992,31.44027,8.060029,3.6731306
"029","6am",23.408892,24.068894,41.23902,8.468013,2.8151802
"030","6am",23.287489,31.773392,33.04911,10.198006,1.6920054
"031","6am",28.681822,37.321026,25.15352,7.636895,1.2067362
"032","6am",28.668201,36.980709,25.68208,5.552625,3.1163898
"033","6am",29.086519,25.436824,27.93049,15.267707,2.2784619
"034","6am",20.840823,7.562203,35.27039,23.337034,12.9895493
"035","6am",22.629697,9.726367,40.64106,15.77601,11.2268661
"036","6am",15.176993,8.301462,33.81936,22.920262,19.7819178
"037","6am",29.341745,17.803535,36.365,14.307957,2.1817635
"038","6am",12.968766,29.956782,36.06353,15.402425,5.608496
"039","6am",16.86047,14.201507,32.05049,20.789216,16.0983149
"040","6am",27.780725,42.723357,17.12618,8.970848,3.3988922
"041","6am",20.858779,11.956321,33.57348,19.799903,13.811522
"042","6am",13.686429,10.91317,48.37163,19.567791,7.4609773
"043","6am",24.763346,19.182604,33.59132,13.441891,9.0208379
"044","6am",42.843951,18.386897,26.09072,11.506802,1.171627
"045","6am",12.637501,37.983427,26.9036,16.375986,6.0994834
"046","6am",15.761915,23.349817,38.80893,11.122259,10.9570741
"047","6am",5.274798,19.868025,48.30462,22.242653,4.3099009
"048","6am",22.458612,10.794774,30.74792,26.486771,9.5119264
"049","6am",11.398794,21.045059,37.69647,23.032577,6.8270962
"050","6am",7.052327,22.493007,43.64929,21.062465,5.7429086
"051","6am",8.654737,19.663432,30.80122,30.522629,10.3579845
"052","6am",12.383209,12.6565,42.92974,19.794347,12.2362084
"053","6am",20.642635,18.410484,28.11336,25.57263,7.2608932
"054","6am",12.672795,21.853843,29.90019,23.899514,11.6736528
"055","6am",16.267042,23.107574,26.92832,15.958594,17.7384712
"056","6am",11.767704,23.937826,38.08609,15.63241,10.5759657
"057","6am",21.995597,19.407676,16.56224,28.785366,13.2491168
"058","6am",9.699707,9.39027,39.63794,32.324766,8.9473163
"059","6am",16.027073,23.42991,42.38927,16.018158,2.13559
"060","6am",19.832162,17.514306,36.3564,16.323991,9.9731392
"061","6am",19.319887,21.433986,36.03142,18.224246,4.9904654
"062","6am",15.700825,10.792096,34.43497,26.80905,12.2630571
"063","6am",8.447345,11.591939,44.58972,23.708272,11.6627205
"064","6am",16.241656,13.790179,24.34102,35.971008,9.6561371
"065","6am",6.017352,27.855077,30.11328,29.388913,6.6253815
"066","6am",6.074564,30.501293,28.37061,22.685244,12.3682845
"067","6am",17.707853,17.638439,27.59629,31.344811,5.7126106
"068","6am",15.584487,19.165624,37.09294,17.441436,10.7155161
"069","6am",9.603263,13.714558,34.87943,31.024303,10.7784411
"070","6am",27.443926,22.420818,24.33302,22.675876,3.1263605
"071","6am",13.958261,12.777258,34.62235,24.490701,14.1514261
"072","6am",12.505702,5.892307,33.67414,29.665528,18.2623264
"073","6am",6.832798,34.46837,26.00241,24.946771,7.7496481
"074","6am",21.811007,27.044656,39.44927,9.549643,2.1454233
"075","6am",24.339281,34.533764,30.25616,9.049984,1.8208067
"076","6am",14.641397,25.60672,46.57353,11.968846,1.2095121
"077","6am",17.469459,26.359686,38.24378,11.846003,6.081074
"078","6am",15.073617,26.542995,36.44735,18.265455,3.6705808
"079","6am",16.799887,14.506705,30.02125,27.551308,11.1208459
"080","6am",17.39011,17.680352,38.0282,19.041078,7.8602599
"081","6am",4.143913,20.009752,34.85249,32.562212,8.4316382
"082","6am",10.198027,20.023685,25.33477,34.289079,10.1544381
"083","6am",19.604108,21.93152,33.15721,18.857271,6.4498932
"084","6am",8.71454,14.178652,20.08087,41.139808,15.8861253
"085","6am",13.387969,6.407391,24.31375,32.697853,23.1930389
"086","6am",17.268324,21.434571,25.04715,28.35725,7.8927052
"087","6am",13.8428,9.556332,26.04492,28.823996,21.731953
"088","6am",13.342545,6.111233,16.38997,43.41337,20.7428852
"089","6am",18.344501,10.52382,35.28619,24.631154,11.214331
"090","6am",25.780993,16.1642,31.92532,23.653681,2.4758113
"091","6am",10.272743,15.246821,29.45415,34.900396,10.1258916
"092","6am",13.786897,15.132117,29.75117,25.957693,15.3721201
"093","6am",14.244598,19.964038,29.25714,19.878844,16.6553832
"094","6am",22.351162,10.438532,23.12857,32.238739,11.8429978
"095","6am",11.212294,17.294006,24.90489,28.79425,17.7945566
"096","6am",9.824002,16.929026,36.77976,18.749077,17.7181308
"097","6am",13.64094,16.555791,19.83988,34.129934,15.8334545
"098","6am",8.103838,11.553089,30.34617,31.987609,18.009295
"099","6am",6.118279,27.269893,25.28174,26.82786,14.5022281
"100","6am",16.233251,29.647606,34.16204,16.007463,3.949637
"101","6am",15.894248,25.709631,42.73953,14.164166,1.4924257
"102","6am",6.767625,30.847788,34.09224,16.75656,11.5357843
"103","6am",12.675574,37.462184,21.77565,21.013058,7.0735325
"104","6am",5.041462,25.745488,37.14718,25.013546,7.0523264
"105","6am",16.444477,26.436896,29.88485,20.293642,6.9401311
"106","6am",16.734661,11.983655,28.477,32.111332,10.6933571
"107","6am",20.797069,33.90965,23.37452,19.391762,2.5269979
"108","6am",31.7644,22.921985,31.64494,13.23772,0.4309548
"109","6am",5.421165,27.419152,30.865,31.186332,5.1083505
"110","6am",20.008,18.543856,29.97377,20.905814,10.5685594
"111","6am",29.111575,28.466659,22.07102,17.135667,3.2150793
"112","6am",10.243045,33.838351,29.10372,20.773155,6.0417275
"113","6am",28.114345,30.986619,29.86673,10.088753,0.9435522
"114","6am",20.649696,29.569405,32.5628,13.024188,4.1939131
"115","6am",28.909615,11.491362,41.72106,12.632249,5.2457086
"116","6am",24.219098,10.286946,49.8881,9.81547,5.7903857
"117","6am",18.597913,12.713621,31.70158,32.325455,4.6614339
"118","6am",19.034185,32.380731,33.80419,6.861639,7.9192527
"119","6am",13.983281,16.476342,43.84051,19.829454,5.8704174
"120","6am",22.282678,9.336516,27.54124,35.58074,5.2588309
"121","6am",14.648095,21.593308,48.74274,9.331963,5.6838935
"122","6am",36.539732,33.087101,27.08747,3.285698,0
"123","6am",21.154144,30.980471,33.71868,7.467618,6.6790837
"124","6am",21.694863,26.303356,33.60332,13.650227,4.7482392
"125","6am",18.096851,27.772972,38.47565,12.734751,2.9197779
"126","6am",11.046511,40.873524,28.77081,18.343805,0.9653549
"127","6am",12.920625,57.859989,20.88767,7.04696,1.2847518
"128","6am",8.893333,22.248603,36.08406,27.227166,5.5468362
"129","6am",17.238566,23.444488,32.98312,25.116646,1.2171799
"130","6am",2.474884,5.988336,55.25012,19.988265,16.2983922
"131","6am",4.344697,4.300476,56.35077,28.129416,6.8746431
"132","6am",4.641442,5.86405,62.20957,15.598743,11.6861957
"133","6am",8.747182,6.19222,50.88728,14.491226,19.6820908
"134","6am",5.935947,2.348955,67.84157,9.889451,13.9840779
"135","6am",6.601625,2.411571,52.03751,19.342877,19.6064159
"136","6am",8.009059,6.649819,48.03962,21.18272,16.1187781
"137","6am",6.676294,5.878854,49.88824,24.2203,13.3363151
"001","7am",28.180671,9.614633,36.54116,13.829929,11.8336079
"002","7am",20.775545,10.928743,28.92321,19.52321,19.8492953
"003","7am",19.840711,17.824485,32.95941,21.823854,7.5515401
"004","7am",16.505144,14.064798,30.42789,27.12867,11.8734945
"005","7am",22.440751,7.918886,34.92374,17.134082,17.582543
"006","7am",14.701572,13.513429,40.6014,10.960323,20.2232713
"007","7am",17.520225,3.768473,32.32659,27.359352,19.0253654
"008","7am",14.266577,14.145568,27.69703,26.256426,17.6344017
"009","7am",11.09397,23.093871,35.01224,17.710624,13.0892918
"010","7am",9.292868,16.391305,49.33594,19.081183,5.8987062
"011","7am",22.301921,13.430838,28.06123,20.750791,15.4552214
"012","7am",7.852985,22.045676,38.31321,18.246292,13.5418337
"013","7am",17.008847,25.780641,43.48691,10.345137,3.3784669
"014","7am",30.128998,20.184214,32.92176,10.45326,6.3117697
"015","7am",8.424373,14.811794,37.65425,23.506951,15.6026329
"016","7am",13.05098,32.120743,34.97782,15.906386,3.9440714
"017","7am",15.81059,23.976239,36.96918,22.303135,0.9408509
"018","7am",12.146343,10.64851,46.6019,24.545364,6.0578777
"019","7am",16.352318,15.887673,33.23088,20.91606,13.6130669
"020","7am",46.877705,15.8219,17.4859,11.469334,8.3451644
"021","7am",42.862768,20.82633,27.98129,7.194004,1.1356063
"022","7am",32.474591,29.601813,25.10337,7.040444,5.7797782
"023","7am",25.716332,34.589359,24.86927,11.86571,2.9593249
"024","7am",15.253289,7.429253,42.29134,14.11711,20.9090036
"025","7am",15.179752,21.211366,33.9308,15.101378,14.5767059
"026","7am",14.309394,27.620716,34.85066,16.458351,6.7608802
"027","7am",21.680062,22.111617,30.60059,16.877296,8.7304366
"028","7am",13.99023,42.5287,29.31506,10.328258,3.837752
"029","7am",27.303503,27.231725,35.99565,8.598401,0.8707183
"030","7am",27.371466,24.216201,36.94078,8.528039,2.9435107
"031","7am",25.811732,36.635317,22.09024,13.16168,2.3010343
"032","7am",27.911205,30.715123,29.03875,6.189408,6.14551
"033","7am",25.975022,21.210447,31.80204,17.312628,3.6998651
"034","7am",20.249827,8.192243,33.28478,21.147877,17.1252717
"035","7am",20.833896,12.415525,42.08087,15.171807,9.4979075
"036","7am",16.260702,8.098271,37.06308,22.649389,15.9285623
"037","7am",24.490083,17.397011,40.90681,13.910465,3.2956344
"038","7am",13.8378,28.072047,35.92049,17.751081,4.4185817
"039","7am",14.947995,18.89037,32.01303,22.183014,11.9655859
"040","7am",28.210576,39.868574,19.30564,9.46433,3.15088
"041","7am",23.769865,15.424386,27.59644,23.661565,9.5477486
"042","7am",13.003878,11.599149,47.37789,20.337879,7.6812079
"043","7am",25.171763,21.439744,32.25731,12.220279,8.9108988
"044","7am",45.059039,15.146282,25.43727,8.410897,5.9465086
"045","7am",15.788118,28.435325,31.14428,18.190254,6.4420229
"046","7am",16.940979,28.901627,35.543,10.64023,7.974164
"047","7am",6.668489,21.305439,47.24501,21.923191,2.8578695
"048","7am",23.18548,9.474742,34.19878,23.698804,9.4421911
"049","7am",15.393802,22.815541,34.97442,19.241647,7.5745872
"050","7am",7.589146,18.891348,43.26605,22.811608,7.4418455
"051","7am",10.24775,20.892718,34.9754,29.00432,4.8798147
"052","7am",14.388969,14.463093,40.37973,21.554778,9.2134304
"053","7am",20.837888,20.118801,28.46813,24.188379,6.3868055
"054","7am",15.034981,22.417621,28.39251,25.946338,8.208553
"055","7am",17.946793,25.181403,24.79755,14.367486,17.7067642
"056","7am",13.819073,25.388272,33.37745,15.613371,11.8018317
"057","7am",23.528898,16.140068,16.98329,30.960383,12.3873584
"058","7am",9.843446,14.309504,32.39727,35.635416,7.8143638
"059","7am",16.430613,24.17579,39.95794,18.079689,1.3559702
"060","7am",21.611342,19.272723,32.43983,16.251365,10.4247378
"061","7am",18.237858,24.917322,32.45262,20.28037,4.1118318
"062","7am",18.939615,10.524633,36.19361,22.637982,11.7041625
"063","7am",11.448852,12.12382,43.97901,24.70802,7.7402983
"064","7am",13.333674,17.295277,25.20974,32.938413,11.2229003
"065","7am",7.105324,31.014614,31.86613,24.462758,5.5511796
"066","7am",7.514055,33.273321,26.61424,21.558708,11.0396802
"067","7am",18.489025,20.308048,28.84555,31.59613,0.7612488
"068","7am",14.264638,22.239065,32.14412,17.548157,13.8040155
"069","7am",11.259013,15.401769,38.8776,27.215731,7.2458847
"070","7am",28.741786,21.442314,24.89101,20.525201,4.3996849
"071","7am",18.622462,15.372626,31.80414,23.025912,11.1748631
"072","7am",13.385343,10.567203,32.92478,28.017047,15.1056264
"073","7am",9.212769,30.495527,29.1364,24.630793,6.524514
"074","7am",21.037555,31.919704,36.54991,8.349591,2.1432382
"075","7am",23.564413,34.730766,31.34153,8.966015,1.3972725
"076","7am",15.431563,25.825023,44.14912,11.188347,3.4059503
"077","7am",15.194512,23.874153,39.84703,13.623033,7.4612674
"078","7am",16.142507,29.684054,34.37935,16.00705,3.7870364
"079","7am",18.950692,16.667785,27.88024,26.790359,9.7109263
"080","7am",17.790348,17.674502,37.37603,19.313038,7.8460805
"081","7am",6.129243,21.0128,31.01165,35.76405,6.0822596
"082","7am",8.581539,17.173193,33.58145,31.840424,8.8233947
"083","7am",22.454662,21.682308,33.42654,16.383922,6.0525632
"084","7am",9.963017,15.210548,26.05234,32.997766,15.776331
"085","7am",11.935779,6.532854,26.78827,33.78537,20.9577282
"086","7am",17.975711,18.40897,29.17465,27.654614,6.7860507
"087","7am",19.485393,8.366094,25.7324,24.679197,21.7369161
"088","7am",14.542273,8.200182,16.04935,41.297857,19.9103361
"089","7am",14.908077,10.544552,34.03679,29.190829,11.3197487
"090","7am",27.532325,15.165854,35.38972,19.199981,2.712121
"091","7am",7.441155,14.34833,32.33875,35.121203,10.7505589
"092","7am",14.540084,17.36588,30.22769,27.049154,10.8171946
"093","7am",12.229696,20.515174,30.84874,22.831863,13.5745282
"094","7am",16.744787,8.838754,20.13656,33.755107,20.5247937
"095","7am",11.892101,20.365029,27.0122,22.706346,18.0243217
"096","7am",10.155737,19.870077,38.45988,15.920021,15.5942872
"097","7am",16.1063,19.182357,24.41688,25.601535,14.6929271
"098","7am",8.37902,9.122987,33.56335,32.469778,16.4648627
"099","7am",9.377868,23.745104,26.79694,28.063027,12.0170608
"100","7am",14.854196,34.17593,33.61326,12.050278,5.3063379
"101","7am",17.294378,24.282363,37.09065,16.268247,5.0643658
"102","7am",6.638104,31.010814,34.47597,16.305093,11.5700245
"103","7am",11.474422,33.652454,24.40519,18.759088,11.708849
"104","7am",5.91871,25.193885,38.46736,25.540212,4.8798357
"105","7am",18.201262,27.799805,28.44273,17.874649,7.6815545
"106","7am",15.875892,14.953175,31.3223,26.828065,11.020568
"107","7am",21.105423,36.893701,20.89604,19.221972,1.8828651
"108","7am",28.574839,25.854992,27.12392,17.433248,1.0130018
"109","7am",6.926089,28.216875,28.36596,28.253776,8.2372981
"110","7am",23.859566,20.888515,26.09089,19.567,9.5940338
"111","7am",31.700564,29.07353,20.35713,14.979984,3.8887906
"112","7am",15.327072,28.190107,28.75787,23.000433,4.7245209
"113","7am",27.249838,31.865832,29.57346,10.355905,0.9549625
"114","7am",19.464181,30.417365,34.42471,12.834257,2.8594902
"115","7am",28.292511,12.144501,46.31382,9.179804,4.0693627
"116","7am",24.409001,13.298886,45.63215,8.596475,8.0634879
"117","7am",21.919916,12.968697,27.1808,33.74791,4.1826771
"118","7am",18.551058,32.767925,36.55894,9.285659,2.8364221
"119","7am",13.883747,17.478707,42.58669,19.188558,6.8622936
"120","7am",23.214677,13.011094,26.15793,28.843944,8.7723513
"121","7am",14.945735,23.222417,47.98133,8.997698,4.852819
"122","7am",29.649336,23.684723,25.59276,7.797437,13.2757472
"123","7am",24.881854,29.516599,31.86423,8.981357,4.7559576
"124","7am",18.724792,27.948366,36.86821,11.824093,4.6345359
"125","7am",19.294305,26.596724,38.78099,11.558926,3.7690592
"126","7am",14.496039,38.190955,27.16536,16.825034,3.3226142
"127","7am",12.314874,53.936032,22.62753,9.16881,1.9527495
"128","7am",9.087597,24.586988,35.76193,25.601089,4.9623936
"129","7am",19.162895,22.887883,31.68122,24.852257,1.4157481
"130","7am",2.994942,6.763692,55.19948,19.15145,15.8904349
"131","7am",4.384018,2.664329,60.13526,25.879527,6.9368623
"132","7am",5.416743,5.927994,60.12341,16.373179,12.158675
"133","7am",7.968674,6.629183,53.92987,14.745831,16.7264388
"134","7am",6.519982,2.580068,63.06678,14.848869,12.9843016
"135","7am",7.43926,4.249669,50.0048,16.270492,22.0357793
"136","7am",9.99582,5.528244,46.32835,23.903388,14.2441989
"137","7am",7.049736,7.172792,49.1915,24.929982,11.6559908
"001","8am",19.954583,10.229457,41.7832,18.886921,9.1458359
"002","8am",21.049309,14.134516,31.26227,18.112222,15.4416795
"003","8am",18.179238,15.530255,34.72596,19.071769,12.4927809
"004","8am",18.712326,14.582137,31.75304,21.399031,13.5534604
"005","8am",17.786846,12.263697,33.50037,20.837925,15.6111591
"006","8am",13.688171,13.534904,42.37194,11.100294,19.3046947
"007","8am",15.687836,4.35186,36.37311,26.231459,17.3557308
"008","8am",15.052332,11.431277,31.64796,22.924245,18.9441821
"009","8am",13.343908,22.308492,34.36806,16.16651,13.8130318
"010","8am",12.46584,16.661145,49.74357,14.998582,6.1308633
"011","8am",22.942511,14.470673,27.85309,20.881673,13.8520506
"012","8am",8.972572,23.552203,38.02569,17.742637,11.7068969
"013","8am",18.201039,23.976548,40.07339,14.087582,3.6614439
"014","8am",25.556243,16.024222,34.12843,13.900892,10.390208
"015","8am",6.90963,15.073014,42.11662,23.549787,12.3509506
"016","8am",12.050476,32.600271,33.76105,17.209174,4.3790309
"017","8am",16.437947,27.139059,34.86883,20.053387,1.5007756
"018","8am",12.924866,14.335365,46.75255,21.930071,4.0571468
"019","8am",15.476256,15.869925,34.1799,23.984778,10.4891429
"020","8am",45.159087,14.541847,22.53916,11.540318,6.2195846
"021","8am",39.630501,25.665366,26.84011,6.185128,1.6788962
"022","8am",28.073212,27.08367,30.1153,9.430446,5.2973754
"023","8am",24.675498,32.548689,25.04506,13.550559,4.1801998
"024","8am",22.031679,6.686103,38.45474,13.194213,19.633267
"025","8am",17.845319,18.487587,35.48883,16.287483,11.8907783
"026","8am",12.731161,26.535731,39.74551,13.804713,7.1828822
"027","8am",26.691982,23.074782,30.2599,14.094143,5.8791955
"028","8am",15.755937,39.389072,30.84811,9.304992,4.7018894
"029","8am",26.127976,28.141591,33.7877,11.549523,0.3932128
"030","8am",28.733412,19.53132,37.26196,9.877315,4.5959924
"031","8am",26.363687,31.748492,22.25297,15.292943,4.3419096
"032","8am",27.956053,27.84063,30.01285,8.383966,5.8065057
"033","8am",24.522703,25.501886,25.81117,19.17523,4.9890146
"034","8am",18.883754,8.766724,34.17013,21.714365,16.4650249
"035","8am",16.683585,12.621563,43.98286,17.255073,9.4569225
"036","8am",21.40773,10.842289,38.87992,14.218392,14.6516674
"037","8am",26.120495,18.377257,38.68138,13.897678,2.9231854
"038","8am",14.880179,23.67168,35.55108,21.674554,4.2225065
"039","8am",17.242957,19.817637,31.31137,16.685417,14.9426138
"040","8am",28.558986,39.429057,20.25815,9.861087,1.8927171
"041","8am",20.643164,17.439267,29.14703,21.019942,11.7505996
"042","8am",12.888487,10.373183,35.33858,31.601858,9.7978965
"043","8am",24.362562,20.649711,32.95549,12.581515,9.4507197
"044","8am",39.751975,12.090472,28.75032,9.47785,9.9293841
"045","8am",16.126285,26.329301,34.56907,19.802226,3.1731136
"046","8am",14.762627,27.554564,34.93621,13.946281,8.8003173
"047","8am",7.427888,20.422184,49.3396,20.413423,2.3969045
"048","8am",22.980988,11.496718,33.17033,24.232756,8.1192134
"049","8am",15.748543,24.29973,35.61127,17.486438,6.8540235
"050","8am",6.95967,21.016256,43.46163,21.549357,7.0130878
"051","8am",11.185395,20.026411,35.05329,26.531504,7.2034046
"052","8am",13.680182,16.438951,38.30043,24.826036,6.7544024
"053","8am",17.623096,20.932902,31.19445,24.059928,6.1896217
"054","8am",21.287609,17.09859,27.54046,27.503752,6.5695932
"055","8am",20.631415,27.964125,26.2088,15.39477,9.8008895
"056","8am",14.766973,23.991656,37.06578,15.670241,8.505353
"057","8am",25.654589,17.462213,21.02995,27.774505,8.0787391
"058","8am",13.49126,15.460928,36.80958,26.96491,7.2733262
"059","8am",17.127505,25.499544,37.54345,15.672493,4.157013
"060","8am",20.464333,21.824452,31.67788,16.299529,9.7338068
"061","8am",18.121915,22.847116,35.03067,19.051867,4.9484329
"062","8am",22.815758,12.887919,33.99896,20.926723,9.3706431
"063","8am",9.754218,10.687789,43.5752,26.961932,9.0208655
"064","8am",14.6294,19.558165,25.91896,29.712615,10.180865
"065","8am",7.405527,29.139974,36.59726,22.035274,4.8219624
"066","8am",7.781877,36.988963,25.54153,21.698881,7.9887522
"067","8am",18.268863,16.192858,30.77662,25.613572,9.1480914
"068","8am",12.401054,24.998757,24.61217,26.198454,11.7895665
"069","8am",14.214405,12.877888,36.2438,30.119189,6.5447153
"070","8am",28.894321,24.147576,23.03782,20.598533,3.3217516
"071","8am",20.977224,18.734523,29.16362,19.767641,11.3569929
"072","8am",15.270907,12.175258,38.75091,25.864817,7.9381128
"073","8am",11.613748,30.775775,29.68312,21.306964,6.6203914
"074","8am",16.655729,31.857271,33.2409,12.956639,5.2894615
"075","8am",20.564046,37.734029,30.74706,10.10174,0.8531306
"076","8am",14.466286,26.804801,42.78933,11.981768,3.9578116
"077","8am",14.402167,21.470955,36.42205,17.901266,9.803562
"078","8am",17.234274,24.252194,32.35059,22.850946,3.3119934
"079","8am",18.136586,19.146518,31.42101,22.979725,8.3161616
"080","8am",18.477874,18.210186,34.57913,21.908946,6.8238686
"081","8am",7.587143,19.203036,31.78433,35.617153,5.8083399
"082","8am",6.869983,16.105722,37.8309,29.209862,9.9835379
"083","8am",22.072404,17.72075,28.90778,18.497289,12.8017756
"084","8am",7.719582,12.654531,30.06611,32.887252,16.6725284
"085","8am",13.006533,7.86494,26.00698,32.300453,20.8210957
"086","8am",16.333821,19.562492,27.25257,27.242622,9.6084987
"087","8am",21.5804,9.30837,28.52201,20.755182,19.8340374
"088","8am",16.184005,8.658272,19.75369,37.377778,18.0262557
"089","8am",15.616813,12.387987,37.34646,24.989988,9.6587523
"090","8am",30.708224,14.391214,31.76899,16.986191,6.1453814
"091","8am",8.262015,16.383909,32.22774,32.864184,10.2621541
"092","8am",16.743215,13.650744,33.61533,23.839343,12.1513653
"093","8am",9.897577,16.970039,28.70007,28.007622,16.4246939
"094","8am",19.458255,9.473265,17.62257,27.508448,25.9374635
"095","8am",10.853884,22.526968,27.63706,25.299436,13.6826558
"096","8am",8.765102,19.30272,36.67557,21.031542,14.2250627
"097","8am",17.052569,20.736901,23.59508,26.408454,12.2069949
"098","8am",8.698327,9.5881,35.89013,33.662041,12.1613998
"099","8am",10.948927,27.900317,22.92749,27.960772,10.2624985
"100","8am",17.497354,36.585578,28.74287,12.91552,4.258679
"101","8am",18.735459,24.385045,34.91222,15.43006,6.5372187
"102","8am",6.761424,30.673247,34.15003,19.996308,8.4189893
"103","8am",10.515881,32.877961,26.70144,15.453361,14.4513544
"104","8am",6.81299,24.988977,38.94409,24.059038,5.194901
"105","8am",17.8718,25.205331,32.52748,19.024019,5.3713699
"106","8am",12.777133,19.075883,32.06389,28.200333,7.8827634
"107","8am",22.25067,37.941236,20.29768,18.330908,1.1795086
"108","8am",28.047879,24.311682,28.71084,17.24793,1.6816695
"109","8am",7.18386,21.024534,34.52052,29.499286,7.7717978
"110","8am",25.238158,25.89047,24.11133,17.533281,7.226765
"111","8am",37.061715,27.46426,19.1763,12.357969,3.9397549
"112","8am",18.294022,33.1556,27.77853,18.505339,2.2665093
"113","8am",28.170982,32.182559,27.39627,11.271876,0.9783165
"114","8am",19.045007,28.339323,38.46912,11.55266,2.5938893
