"district","hour","educmen1","educmen2","educmen3","educmen4"
"001","4am",28.14103,47.97889,11.061946,12.8181336
"002","4am",20.717409,50.02116,6.691402,22.5700307
"003","4am",17.703722,59.44165,8.692516,14.1621109
"004","4am",7.76084,53.96461,17.355378,20.9191769
"005","4am",13.28156,43.03441,21.467864,22.216165
"006","4am",12.059926,45.4676,22.48009,19.9923817
"007","4am",5.60514,41.17425,24.368478,28.8521362
"008","4am",7.091719,41.05658,15.544701,36.3069958
"009","4am",20.542832,44.90252,18.985302,15.5693486
"010","4am",16.451696,49.18087,17.983091,16.3843378
"011","4am",10.486707,50.51407,27.28132,11.7179045
"012","4am",11.988633,55.33223,15.286566,17.392574
"013","4am",17.305453,64.16936,8.489143,10.0360417
"014","4am",24.917152,64.58952,4.555412,5.9379159
"015","4am",10.343534,36.59484,24.260242,28.8013803
"016","4am",24.75128,55.10918,11.311471,8.8280636
"017","4am",14.019658,58.88004,25.839924,1.2603756
"018","4am",8.505179,53.05099,23.24411,15.1997234
"019","4am",11.792196,48.10004,17.816629,22.2911399
"020","4am",32.643323,43.76459,9.540596,14.0514909
"021","4am",31.437937,61.9541,4.202005,2.4059588
"022","4am",43.278705,52.46705,3.224807,1.0294391
"023","4am",51.12661,44.59953,3.834555,0.4393082
"024","4am",11.941927,46.12484,15.176809,26.756427
"025","4am",26.889704,53.47756,5.395144,14.2375878
"026","4am",19.385327,64.40566,11.8643,4.3447161
"027","4am",7.955851,73.92497,8.347309,9.7718659
"028","4am",10.565488,68.62055,19.913552,0.9004097
"029","4am",33.348759,44.67361,17.321864,4.6557687
"030","4am",21.076537,75.94401,2.356571,0.6228824
"031","4am",31.434187,62.6953,4.612997,1.2575111
"032","4am",38.891131,55.91888,4.145109,1.0448755
"033","4am",29.303227,51.43174,17.061771,2.2032619
"034","4am",5.483374,60.30676,14.542301,19.6675696
"035","4am",13.441971,52.56793,21.555016,12.4350788
"036","4am",2.543091,55.17513,13.618131,28.6636468
"037","4am",29.187087,60.11167,8.66435,2.0368958
"038","4am",10.07541,57.09204,23.172977,9.659574
"039","4am",15.071175,53.83203,11.767606,19.3291877
"040","4am",37.172237,52.41012,5.302945,5.1146967
"041","4am",7.409939,52.37606,21.478699,18.7352993
"042","4am",6.144819,63.4928,13.223812,17.1385673
"043","4am",13.297221,57.66256,12.972743,16.0674774
"044","4am",15.857529,71.41428,9.351926,3.3762644
"045","4am",12.420582,56.71624,20.210413,10.6527652
"046","4am",17.967637,70.93513,4.523863,6.5733686
"047","4am",12.905268,59.55455,19.265295,8.2748829
"048","4am",11.368294,49.1304,21.148003,18.353308
"049","4am",14.960047,56.61615,19.348061,9.0757422
"050","4am",13.671713,53.55143,12.793577,19.9832843
"051","4am",14.188983,52.06839,14.368893,19.3737344
"052","4am",4.843653,60.16626,20.85729,14.132799
"053","4am",11.726532,59.2635,12.63637,16.3735952
"054","4am",11.573052,55.87925,19.284209,13.2634921
"055","4am",17.802795,55.21132,10.001059,16.9848234
"056","4am",11.916758,53.90819,22.840736,11.3343173
"057","4am",10.515655,52.93422,20.789603,15.7605254
"058","4am",5.793913,69.75441,17.131929,7.3197459
"059","4am",3.692406,85.22382,6.805733,4.2780428
"060","4am",25.702867,51.08076,12.98785,10.2285272
"061","4am",26.017534,54.58698,8.279287,11.1162019
"062","4am",9.797395,64.57308,10.055219,15.5743095
"063","4am",5.229479,66.95133,9.615133,18.2040614
"064","4am",7.837492,66.21111,15.823624,10.1277758
"065","4am",19.328128,62.63824,12.012811,6.0208214
"066","4am",13.753931,53.40741,21.324444,11.5142206
"067","4am",16.726896,44.26187,27.227406,11.7838293
"068","4am",10.987245,59.46571,16.502269,13.0447774
"069","4am",13.822143,51.33328,18.387052,16.4575232
"070","4am",18.829091,52.43382,18.603103,10.1339849
"071","4am",5.886711,50.99131,22.707159,20.4148242
"072","4am",11.143741,44.55998,20.371443,23.9248311
"073","4am",13.201676,56.80869,22.224363,7.7652745
"074","4am",18.903859,67.31128,7.610883,6.1739799
"075","4am",16.520502,70.74841,8.260397,4.4706867
"076","4am",22.038985,63.28149,9.858711,4.8208184
"077","4am",18.335356,63.42653,13.604276,4.6338367
"078","4am",15.880638,68.58055,10.735302,4.8035091
"079","4am",17.441584,53.76338,21.277343,7.517694
"080","4am",15.281297,63.74618,13.746986,7.2255396
"081","4am",27.580822,53.62001,11.279373,7.5197984
"082","4am",13.667688,58.38623,9.889829,18.0562481
"083","4am",6.897467,69.59222,8.635531,14.8747837
"084","4am",3.502273,52.10546,20.826845,23.565426
"085","4am",9.498705,39.83061,17.62435,33.0463339
"086","4am",29.088044,48.77093,5.108624,17.0324024
"087","4am",2.602529,48.63473,14.251183,34.5115533
"088","4am",3.930311,39.05497,16.284958,40.7297597
"089","4am",12.797829,41.2033,29.657442,16.341424
"090","4am",19.946337,58.01785,15.676367,6.359442
"091","4am",9.363388,45.52553,22.577429,22.5336551
"092","4am",13.579089,53.58027,11.019536,21.8211032
"093","4am",6.372047,50.4147,22.061653,21.1516001
"094","4am",6.334329,30.27809,28.849577,34.5379991
"095","4am",10.925415,37.84459,23.1787,28.0512949
"096","4am",6.911879,55.7097,17.189557,20.18886
"097","4am",12.838345,53.92982,13.826339,19.4054918
"098","4am",8.193064,42.16602,32.504127,17.1367947
"099","4am",6.903726,53.0995,25.890822,14.105951
"100","4am",21.316758,51.0723,17.365901,10.2450388
"101","4am",23.37592,62.18834,13.445469,0.9902667
"102","4am",5.199901,75.89397,4.355997,14.5501295
"103","4am",22.456467,56.67962,11.460595,9.4033222
"104","4am",20.622819,59.58271,7.274693,12.5197757
"105","4am",14.519066,55.6873,11.980905,17.8127248
"106","4am",13.294604,53.82107,14.787147,18.0971749
"107","4am",17.004871,67.282,5.54502,10.1681072
"108","4am",27.343162,66.29095,3.684829,2.6810584
"109","4am",10.769745,60.8623,23.414806,4.9531537
"110","4am",22.269033,46.39481,20.119935,11.2162249
"111","4am",16.136652,64.75889,13.447182,5.657272
"112","4am",15.255442,57.04241,19.62699,8.0751573
"113","4am",20.501457,65.7208,12.063931,1.7138117
"114","4am",15.739964,59.47658,14.303387,10.4800735
"115","4am",9.726094,67.44448,17.824999,5.0044245
"116","4am",9.981608,73.98745,11.110557,4.9203856
"117","4am",26.103917,45.2159,16.484462,12.1957164
"118","4am",12.080007,65.57126,16.652373,5.6963566
"119","4am",12.276193,53.47148,22.159986,12.0923404
"120","4am",19.45324,53.43817,24.135578,2.973012
"121","4am",12.985881,71.09842,7.436872,8.4788296
"122","4am",42.26605,54.09105,2.188852,1.4540467
"123","4am",15.849976,59.35098,22.435457,2.3635859
"124","4am",5.294165,78.98003,7.985612,7.7401964
"125","4am",10.858971,72.89347,8.056867,8.1906955
"126","4am",15.40293,74.29708,9.292019,1.0079683
"127","4am",25.935233,65.8158,7.014276,1.2346876
"128","4am",17.029823,66.936,9.834544,6.1996299
"129","4am",23.74395,65.0456,5.500804,5.7096452
"130","4am",7.875593,65.33847,12.677532,14.1084081
"131","4am",9.225467,58.71527,18.474697,13.5845623
"132","4am",3.674239,59.69222,19.170381,17.4631591
"133","4am",6.018121,45.07941,27.168327,21.734142
"134","4am",8.923312,55.63691,18.31581,17.1239654
"135","4am",4.531029,56.87542,17.890184,20.7033672
"136","4am",9.47128,56.07168,17.565596,16.8914485
"137","4am",18.233992,51.19988,8.819046,21.7470789
"001","5am",26.475068,49.56094,11.100816,12.8631747
"002","5am",20.89669,49.58866,6.749308,22.7653442
"003","5am",17.992867,58.77923,8.834487,14.3934133
"004","5am",7.55365,55.19361,16.892044,20.3607004
"005","5am",13.394167,44.30536,19.895945,22.4045241
"006","5am",12.739928,45.0458,22.757819,19.4564509
"007","5am",5.585254,39.86156,24.282022,30.2711633
"008","5am",6.863567,41.72478,16.272717,35.1389398
"009","5am",19.998697,46.38847,18.625053,14.9877751
"010","5am",16.955548,48.89359,17.86977,16.2810916
"011","5am",10.507642,49.85546,27.895606,11.7412969
"012","5am",12.213689,55.14561,14.921625,17.7190756
"013","5am",16.682565,65.45904,8.183587,9.6748073
"014","5am",24.885337,65.19136,3.992971,5.930334
"015","5am",11.18643,36.44428,24.300058,28.0692315
"016","5am",24.835428,54.35701,11.949485,8.8580768
"017","5am",13.592568,58.67661,26.441123,1.2896998
"018","5am",8.540335,52.85692,23.340189,15.2625511
"019","5am",11.89351,48.42039,17.203444,22.4826557
"020","5am",32.964317,42.98719,9.725167,14.3233298
"021","5am",32.455862,60.82276,4.274122,2.4472511
"022","5am",42.714393,52.19883,4.070761,1.0160163
"023","5am",50.779092,44.97609,3.808491,0.4363221
"024","5am",12.920343,43.44476,17.770567,25.8643298
"025","5am",25.89751,53.97655,5.905121,14.2208226
"026","5am",19.545365,64.65818,11.229758,4.5666973
"027","5am",9.018197,73.69782,8.4859,8.7980805
"028","5am",10.713759,68.84236,19.559478,0.8843999
"029","5am",33.264607,44.48231,17.538962,4.7141201
"030","5am",21.655904,75.28274,2.42135,0.6400047
"031","5am",29.633414,63.02216,6.12072,1.2237017
"032","5am",38.204808,56.50606,4.224292,1.0648355
"033","5am",29.133869,51.00329,17.59121,2.2716306
"034","5am",5.565544,60.21145,14.260712,19.9622933
"035","5am",13.32778,53.76229,21.085354,11.8245737
"036","5am",2.61147,53.96986,13.9843,29.4343656
"037","5am",29.548385,59.76037,8.554578,2.1366663
"038","5am",10.312126,55.58105,24.220301,9.8865196
"039","5am",15.716644,53.1095,11.79677,19.3770908
"040","5am",37.213293,51.88196,5.550897,5.3538466
"041","5am",7.710376,50.44514,22.349557,19.4949255
"042","5am",6.377917,62.89108,12.942302,17.7887042
"043","5am",13.502641,57.46212,12.719551,16.3156926
"044","5am",16.02745,70.22574,10.334363,3.4124428
"045","5am",12.665998,57.2629,19.207854,10.8632515
"046","5am",18.465411,70.12992,4.649191,6.755477
"047","5am",13.117987,58.88789,19.582848,8.411279
"048","5am",11.368294,49.1304,21.148003,18.353308
"049","5am",14.10902,56.04549,19.784823,10.0606691
"050","5am",14.171549,54.19724,13.261308,18.3698999
"051","5am",13.121501,54.34604,13.611743,18.9207141
"052","5am",5.145266,60.35794,20.318969,14.1778245
"053","5am",11.723694,59.27336,12.633311,16.3696326
"054","5am",11.506206,56.13409,19.172823,13.1868821
"055","5am",17.942979,54.85864,10.07981,17.1185667
"056","5am",11.764944,54.49538,22.549756,11.1899233
"057","5am",10.685438,52.17431,21.125265,16.0149896
"058","5am",5.593892,70.79857,16.54049,7.0670489
"059","5am",3.755399,85.60055,6.293028,4.3510269
"060","5am",25.810972,51.68763,12.229847,10.2715478
"061","5am",25.81696,54.16615,8.986381,11.0305049
"062","5am",9.797395,64.57308,10.055219,15.5743095
"063","5am",5.112364,67.69145,9.399801,17.7963803
"064","5am",7.837492,66.21111,15.823624,10.1277758
"065","5am",18.034878,64.30942,11.474251,6.1814557
"066","5am",13.10257,54.37133,20.584193,11.9419034
"067","5am",17.041977,45.09562,25.856601,12.0057992
"068","5am",9.532848,59.07289,18.813012,12.5812531
"069","5am",14.239733,49.86298,18.942555,16.9547324
"070","5am",19.152391,51.47474,19.064884,10.307988
"071","5am",7.624315,49.31267,22.676107,20.3869072
"072","5am",10.845871,45.5662,20.302604,23.2853238
"073","5am",12.371761,58.57051,21.528372,7.5293542
"074","5am",19.325156,66.58277,7.780501,6.3115751
"075","5am",17.095943,69.72952,8.548123,4.6264095
"076","5am",21.807347,62.08013,11.342377,4.7701497
"077","5am",17.665728,64.76224,13.107433,4.4646038
"078","5am",16.064284,68.21721,10.859446,4.8590577
"079","5am",16.868868,52.83181,23.028479,7.2708412
"080","5am",15.545637,64.41992,12.68391,7.3505291
"081","5am",28.152247,52.6591,11.513061,7.6755951
"082","5am",13.785108,58.88783,9.115689,18.2113701
"083","5am",6.936945,69.99053,8.112601,14.9599204
"084","5am",3.408939,53.38182,20.271822,22.9374211
"085","5am",9.874001,40.1362,16.98269,33.0071084
"086","5am",29.303545,49.13225,4.405613,17.1585883
"087","5am",3.092573,48.39003,14.17948,34.3379124
"088","5am",3.992249,38.09453,16.541596,41.3716285
"089","5am",12.926882,41.89025,28.67666,16.5062103
"090","5am",20.457616,56.94174,16.078195,6.5224518
"091","5am",9.015058,48.22096,21.068607,21.6953743
"092","5am",12.807154,53.34191,11.454334,22.3966067
"093","5am",6.131075,49.9928,23.524413,20.35171
"094","5am",6.409487,30.63735,28.005361,34.9478002
"095","5am",11.065257,37.689,23.475381,27.7703578
"096","5am",6.892064,56.8611,16.115847,20.130985
"097","5am",12.916092,53.65083,13.910069,19.5230086
"098","5am",8.270119,41.62209,32.809826,17.2979651
"099","5am",6.459008,53.05437,26.207914,14.2787102
"100","5am",21.235742,51.527,16.850179,10.3870766
"101","5am",23.66773,62.57792,12.773858,0.9804884
"102","5am",5.275987,75.54125,4.419735,14.7630293
"103","5am",22.364999,56.86703,11.57889,9.1890838
"104","5am",20.589746,59.02733,7.883227,12.4996973
"105","5am",14.542105,55.17085,12.446058,17.8409895
"106","5am",13.575488,52.84542,15.099566,18.4795274
"107","5am",17.152387,66.99818,5.593123,10.2563149
"108","5am",27.23723,66.42154,3.670554,2.6706716
"109","5am",10.46406,60.4503,24.007179,5.0784639
"110","5am",22.418523,46.03496,20.254998,11.2915182
"111","5am",16.255979,64.49829,13.546621,5.6991063
"112","5am",15.979408,55.78997,19.772251,8.4583741
"113","5am",21.158532,64.62215,12.450582,1.7687396
"114","5am",16.505222,58.83908,14.229648,10.4260454
"115","5am",9.664957,67.64912,17.712952,4.972967
"116","5am",9.819437,73.61664,11.479948,5.0839729
"117","5am",26.654593,44.63984,16.252576,12.4529915
"118","5am",11.954147,65.92997,16.478874,5.6370069
"119","5am",12.299878,53.92291,21.66154,12.1156704
"120","5am",19.392374,53.58385,24.060062,2.96371
"121","5am",13.404328,70.16712,7.676512,8.7520449
"122","5am",43.153635,53.84324,1.50156,1.50156
"123","5am",16.309231,59.35169,21.912962,2.4261175
"124","5am",6.255056,78.19884,7.894356,7.6517444
"125","5am",10.086678,73.5818,8.098502,8.2330225
"126","5am",15.170143,73.52258,10.314538,0.9927348
"127","5am",25.935233,65.8158,7.014276,1.2346876
"128","5am",17.029823,66.936,9.834544,6.1996299
"129","5am",23.532448,65.26934,5.539432,5.6587856
"130","5am",7.928722,65.10464,12.763055,14.2035838
"131","5am",9.338628,58.20887,18.701311,13.7511932
"132","5am",3.719797,59.74585,19.40808,17.1262768
"133","5am",5.980778,45.88786,26.999746,21.1316156
"134","5am",8.717868,56.6583,17.89412,16.7297155
"135","5am",4.583224,56.37864,18.096272,20.9418625
"136","5am",9.637465,57.05552,16.119186,17.1878293
"137","5am",18.233992,51.19988,8.819046,21.7470789
"001","6am",30.50938,46.67838,11.391293,11.4209493
"002","6am",20.122997,51.64798,6.646999,21.5820214
"003","6am",16.362143,58.54383,11.323228,13.7708012
"004","6am",7.731217,53.68437,16.693129,21.8912836
"005","6am",13.694396,43.7455,20.117538,22.4425695
"006","6am",12.784018,46.9356,20.756596,19.5237843
"007","6am",6.542498,39.49789,24.416407,29.5432056
"008","6am",7.759776,42.60591,16.07105,33.563267
"009","6am",19.733667,45.22652,19.838193,15.2016226
"010","6am",16.632101,49.8685,17.528884,15.9705109
"011","6am",10.904127,49.95636,27.579132,11.5603852
"012","6am",12.971651,54.08349,14.122017,18.8228436
"013","6am",15.631902,66.31731,9.039219,9.0115646
"014","6am",25.659404,63.66722,4.65251,6.0208646
"015","6am",11.513406,38.26485,23.058667,27.1630758
"016","6am",25.428818,53.48544,12.109241,8.9765023
"017","6am",14.18494,56.87977,27.515192,1.4200966
"018","6am",10.25678,51.98045,22.580875,15.1818981
"019","6am",12.091119,48.02149,18.589164,21.2982246
"020","6am",34.003652,42.80229,9.611266,13.5827904
"021","6am",33.607955,59.16343,4.596675,2.6319365
"022","6am",39.717079,54.57881,4.682058,1.0220538
"023","6am",47.791598,44.77221,7.002978,0.4332099
"024","6am",12.965617,44.5276,18.296021,24.2107587
"025","6am",25.435728,49.54053,9.930662,15.0930823
"026","6am",15.713721,71.23902,9.067939,3.9793166
"027","6am",10.311022,72.98679,8.197296,8.5048935
"028","6am",10.724742,69.7397,18.650255,0.8853066
"029","6am",33.722219,44.22757,16.904851,5.1453552
"030","6am",22.644164,73.73996,2.927423,0.6884552
"031","6am",29.111647,62.02184,7.673567,1.1929477
"032","6am",36.06119,58.30118,4.598834,1.0387966
"033","6am",27.842125,53.55941,16.444154,2.1543074
"034","6am",6.248755,59.17099,14.569404,20.0108502
"035","6am",14.342075,54.0736,20.455107,11.1292208
"036","6am",2.732002,55.21865,12.575441,29.4739078
"037","6am",32.076512,57.24145,8.877175,1.8048634
"038","6am",11.881073,55.79341,22.629832,9.6956858
"039","6am",15.903517,52.7469,12.228486,19.1210944
"040","6am",37.418531,51.04182,5.74784,5.7918049
"041","6am",7.914973,49.85118,22.221617,20.0122284
"042","6am",6.656561,63.57318,12.955307,16.8149554
"043","6am",13.742215,56.34832,12.522632,17.3868334
"044","6am",17.337134,68.88923,11.008934,2.7647038
"045","6am",14.424128,56.23257,18.742973,10.6003319
"046","6am",18.289912,70.16641,4.705859,6.8378174
"047","6am",12.966089,56.83668,21.153493,9.0437336
"048","6am",13.100982,49.21111,20.468459,17.2194534
"049","6am",14.04731,55.98488,19.865911,10.1019029
"050","6am",15.399581,51.56493,13.073754,19.9617398
"051","6am",13.012021,53.97676,14.662377,18.3488417
"052","6am",5.27784,58.13437,22.070059,14.5177293
"053","6am",12.649148,58.82217,10.866851,17.6618316
"054","6am",11.767813,56.74159,18.003895,13.4867013
"055","6am",18.452098,54.338,10.191187,17.0187146
"056","6am",12.73811,54.47672,21.608158,11.1770067
"057","6am",11.791142,52.56225,20.421492,15.2251179
"058","6am",5.79787,70.59684,18.006705,5.598589
"059","6am",3.341809,85.86308,6.142138,4.6529687
"060","6am",25.815957,51.51248,11.931943,10.7396241
"061","6am",23.548999,54.75517,9.740125,11.9557019
"062","6am",10.617427,63.41786,10.896829,15.0678862
"063","6am",5.29814,66.51741,9.741377,18.4430758
"064","6am",8.16865,66.83295,15.617878,9.3805173
"065","6am",19.036636,63.2762,10.950403,6.7367641
"066","6am",13.650721,53.52494,20.382846,12.4414976
"067","6am",18.566155,44.40881,25.544265,11.4807692
"068","6am",9.94281,59.75017,17.264481,13.0425382
"069","6am",14.326728,48.15237,19.474557,18.0463495
"070","6am",19.65313,49.51964,20.075949,10.7512817
"071","6am",7.718288,51.29964,20.870321,20.1117524
"072","6am",10.939334,45.88851,19.686175,23.4859835
"073","6am",10.84367,59.13423,23.020913,7.0011908
"074","6am",20.542394,65.97552,6.889838,6.592245
"075","6am",16.980194,69.46695,8.793592,4.759262
"076","6am",22.38909,62.33742,10.376087,4.8974004
"077","6am",15.936593,63.56352,16.071917,4.4279693
"078","6am",16.41504,68.6795,9.763263,5.1422012
"079","6am",18.118625,51.71403,22.357829,7.8095129
"080","6am",15.913002,64.16956,12.280095,7.637343
"081","6am",28.139953,53.85911,11.38143,6.6195051
"082","6am",14.602973,58.30046,8.524966,18.5715984
"083","6am",7.036696,69.10922,8.679048,15.1750381
"084","6am",3.270772,55.20731,20.111461,21.4104584
"085","6am",10.882181,36.84042,18.086707,34.1906893
"086","6am",27.681316,50.33338,4.491646,17.4936611
"087","6am",3.128262,49.97923,13.46799,33.4245214
"088","6am",4.527219,38.97794,15.689192,40.8056452
"089","6am",13.942295,40.03549,30.475338,15.5468736
"090","6am",20.768464,54.99305,17.369542,6.8689395
"091","6am",10.85812,47.12383,20.72953,21.2885255
"092","6am",12.082912,54.16335,11.612765,22.1409748
"093","6am",5.518846,56.4108,19.305966,18.7643891
"094","6am",6.376908,31.73404,27.118889,34.7701636
"095","6am",11.622495,38.04062,22.512461,27.8244225
"096","6am",7.172147,56.9829,14.89588,20.9490772
"097","6am",13.004858,55.40352,13.42516,18.1664644
"098","6am",8.59625,43.71042,30.359654,17.3336776
"099","6am",6.545334,55.2617,24.872629,13.3203328
"100","6am",21.962225,52.64824,15.827874,9.5616635
"101","6am",23.954741,62.40564,12.627666,1.0119548
"102","6am",5.924332,73.79373,3.704741,16.5771993
"103","6am",23.627669,56.4451,11.552565,8.3746671
"104","6am",20.689337,58.89971,7.442635,12.9683133
"105","6am",16.056389,52.20431,13.093182,18.6461193
"106","6am",13.102224,54.4791,15.176429,17.2422487
"107","6am",16.800976,67.10372,5.679888,10.4154193
"108","6am",27.224767,66.1629,3.827482,2.784852
"109","6am",11.18784,62.50982,20.872604,5.4297321
"110","6am",22.457479,46.78748,19.202064,11.5529733
"111","6am",16.991455,62.89207,14.159517,5.9569535
"112","6am",16.925059,57.08385,17.619684,8.3714119
"113","6am",20.483786,65.87289,11.756221,1.8871044
"114","6am",17.994661,57.53168,13.829486,10.6441721
"115","6am",9.803736,66.69344,18.458447,5.0443741
"116","6am",9.013853,74.29411,11.777918,4.9141202
"117","6am",26.533889,45.18415,16.470885,11.811072
"118","6am",13.199929,65.84837,14.953014,5.998687
"119","6am",12.647047,55.60967,21.265703,10.4775823
"120","6am",19.865677,52.73598,24.264945,3.133395
"121","6am",13.487204,69.15828,8.562956,8.7915647
"122","6am",44.144121,52.72944,1.563221,1.5632213
"123","6am",16.343912,59.30333,21.740482,2.6122771
"124","6am",6.47029,77.97647,7.638198,7.9150381
"125","6am",9.445404,73.7912,8.312657,8.4507346
"126","6am",15.891025,73.85891,9.284709,0.9653549
"127","6am",26.986858,64.4297,7.298691,1.2847518
"128","6am",17.558491,66.98318,9.513335,5.9449989
"129","6am",23.403207,65.46008,5.509009,5.6277074
"130","6am",7.671298,64.48061,13.162361,14.6857331
"131","6am",9.478593,57.58252,18.9816,13.9572916
"132","6am",3.833472,59.30644,20.001182,16.8589101
"133","6am",6.142601,45.23981,27.211181,21.4064037
"134","6am",8.500236,58.98177,16.205915,16.312078
"135","6am",4.749427,56.24156,18.752503,20.2565084
"136","6am",10.476263,55.46981,16.568454,17.4854762
"137","6am",16.995265,52.76046,9.206094,21.038183
"001","7am",30.203619,48.96374,9.119404,11.713236
"002","7am",18.073189,55.87014,7.385188,18.671479
"003","7am",12.858306,61.43597,13.996005,11.709722
"004","7am",10.31641,57.29326,13.794313,18.596015
"005","7am",15.79721,44.84542,17.917854,21.439511
"006","7am",10.755362,53.14141,19.726935,16.376289
"007","7am",7.690518,48.41559,19.281632,24.61226
"008","7am",8.330461,45.08182,15.010136,31.577587
"009","7am",18.029154,47.50528,18.330947,16.134622
"010","7am",17.942445,54.9067,14.426616,12.724237
"011","7am",11.440853,49.6805,27.176695,11.701955
"012","7am",13.817012,56.62707,12.771384,16.784536
"013","7am",11.706458,70.12323,9.577404,8.592903
"014","7am",21.999903,61.82582,6.51311,9.661165
"015","7am",11.740835,42.25469,20.551668,25.452804
"016","7am",24.647904,56.47519,12.20949,6.667413
"017","7am",11.198872,56.71922,30.438512,1.643401
"018","7am",13.672797,53.15215,19.051346,14.123703
"019","7am",13.960342,44.48104,19.907948,21.650668
"020","7am",31.302259,40.93122,11.851474,15.915047
"021","7am",32.950092,57.43802,6.626675,2.985214
"022","7am",33.091724,57.71528,4.138161,5.054833
"023","7am",42.644609,45.22972,8.088838,4.036831
"024","7am",14.694656,46.45375,18.826935,20.024663
"025","7am",25.893127,46.92774,14.096329,13.082801
"026","7am",19.063075,66.8737,6.864029,7.199197
"027","7am",13.013928,71.26638,8.229877,7.489818
"028","7am",13.477578,63.96308,18.114012,4.44533
"029","7am",36.517726,44.15678,13.963321,5.362173
"030","7am",26.243286,66.71323,5.917249,1.126234
"031","7am",28.494755,57.25144,9.576534,4.677268
"032","7am",33.125338,57.12924,6.469511,3.275907
"033","7am",25.509574,48.95616,20.708433,4.825835
"034","7am",5.906364,56.4446,14.864449,22.784592
"035","7am",12.914363,58.98672,15.964998,12.133922
"036","7am",2.503832,59.35989,8.911204,29.225075
"037","7am",29.296615,62.41807,5.220268,3.065048
"038","7am",16.166884,52.69511,23.456558,7.681443
"039","7am",16.993753,53.37649,14.00648,15.623281
"040","7am",39.014797,50.39595,4.668789,5.920467
"041","7am",10.157928,55.25323,16.90143,17.687411
"042","7am",6.598757,58.50542,15.338673,19.557154
"043","7am",15.484012,56.95662,11.014183,16.545189
"044","7am",16.285009,67.3652,9.797616,6.552172
"045","7am",17.262211,52.33851,19.661978,10.737301
"046","7am",19.92566,73.00742,5.083043,1.983874
"047","7am",16.126353,56.71776,17.015638,10.140251
"048","7am",13.914292,52.66497,19.261778,14.15896
"049","7am",16.619997,55.52539,16.771651,11.082961
"050","7am",12.829615,47.58457,18.665605,20.920208
"051","7am",14.219292,59.47187,13.683555,12.625287
"052","7am",6.398138,63.73311,17.314245,12.554509
"053","7am",13.652674,61.07132,10.890795,14.385213
"054","7am",11.836058,61.07057,16.63853,10.454837
"055","7am",21.386116,52.58013,9.614826,16.418928
"056","7am",12.742188,49.26189,23.703846,14.292079
"057","7am",17.127595,47.5997,20.398963,14.873739
"058","7am",5.883788,65.69317,23.941952,4.48109
"059","7am",6.070516,84.06792,5.47283,4.388735
"060","7am",26.39221,51.39833,10.117595,12.091861
"061","7am",26.866927,53.95411,10.746006,8.432961
"062","7am",10.897244,63.51882,10.855503,14.728435
"063","7am",6.586141,68.18453,8.600076,16.629257
"064","7am",10.186434,62.49002,18.385418,8.938124
"065","7am",21.793376,64.07153,9.417733,4.717357
"066","7am",16.648796,56.20073,16.702289,10.448185
"067","7am",20.780385,51.40616,19.984929,7.828527
"068","7am",9.592932,57.76119,16.549305,16.096572
"069","7am",14.312232,52.58025,18.087705,15.019812
"070","7am",18.780607,52.55312,18.713609,9.952659
"071","7am",9.621681,56.12423,17.81232,16.441765
"072","7am",9.779847,49.82599,20.085457,20.308704
"073","7am",9.647854,59.5748,24.933983,5.843359
"074","7am",19.832077,67.47081,6.324077,6.373035
"075","7am",17.9219,72.97873,3.911496,5.187877
"076","7am",21.265503,65.35895,10.198006,3.177538
"077","7am",13.383974,65.14674,15.194227,6.275055
"078","7am",19.371354,67.87513,9.123066,3.630449
"079","7am",20.467266,56.0439,16.830959,6.657874
"080","7am",16.955454,62.52255,14.317595,6.204399
"081","7am",30.755547,53.41976,10.556406,5.268289
"082","7am",13.298652,62.47745,10.743588,13.480315
"083","7am",9.586149,68.84459,10.397727,11.171531
"084","7am",3.9231,57.69255,19.525508,18.858846
"085","7am",9.768336,38.89059,17.736251,33.604818
"086","7am",28.483603,51.93247,4.453532,15.130398
"087","7am",6.007388,45.9142,14.708525,33.369889
"088","7am",5.248799,39.41289,14.688516,40.649792
"089","7am",13.153714,41.58508,27.784259,17.476943
"090","7am",20.868297,56.7595,16.375014,5.997192
"091","7am",9.032522,47.48492,22.010027,21.472534
"092","7am",15.093481,57.13692,9.974939,17.79466
"093","7am",5.631262,59.09211,19.061175,16.215458
"094","7am",5.686839,30.16125,27.232875,36.919033
"095","7am",11.436273,42.58902,21.026683,24.948026
"096","7am",9.824594,58.57891,13.419509,18.176986
"097","7am",12.916864,60.26559,12.157566,14.659983
"098","7am",6.967374,47.03041,26.269288,19.732928
"099","7am",7.12489,55.45641,26.167068,11.251627
"100","7am",20.909235,54.24752,17.594308,7.248934
"101","7am",23.364328,58.73869,13.542153,4.354831
"102","7am",6.641512,71.72068,7.683052,13.954754
"103","7am",21.56705,50.86142,15.310185,12.261344
"104","7am",20.318421,59.73117,8.894918,11.055487
"105","7am",17.771714,54.55,9.641741,18.036541
"106","7am",16.206121,55.83811,12.649885,15.305886
"107","7am",17.438551,69.50607,3.445486,9.609888
"108","7am",28.923717,61.25261,6.574221,3.249454
"109","7am",12.812518,60.4029,18.160275,8.624308
"110","7am",26.050758,45.93262,17.36737,10.649254
"111","7am",17.861437,64.25972,12.634769,5.244073
"112","7am",18.338537,58.6165,15.669974,7.374986
"113","7am",20.303774,65.38441,12.401893,1.909925
"114","7am",18.41923,60.20801,12.322191,9.050573
"115","7am",11.344196,68.15217,15.31664,5.18699
"116","7am",9.94054,72.53734,12.252779,5.269344
"117","7am",30.934811,45.14957,10.852289,13.063332
"118","7am",13.707702,68.40893,15.182751,2.700621
"119","7am",11.601607,58.77335,20.473422,9.151617
"120","7am",21.42364,52.83518,24.209799,1.531379
"121","7am",13.604324,70.64439,6.622161,9.129126
"122","7am",35.143726,42.84213,1.351201,20.662941
"123","7am",17.92956,58.70289,21.718796,1.648753
"124","7am",7.264437,79.12961,6.237405,7.368545
"125","7am",10.239801,71.53063,8.939772,9.289801
"126","7am",16.378585,71.32165,9.290246,3.00952
"127","7am",26.854101,62.11222,8.189285,2.844398
"128","7am",17.942036,67.01957,8.963534,6.074861
"129","7am",27.261344,60.80992,5.382939,6.5458
"130","7am",7.556685,67.14302,14.25488,11.045413
"131","7am",10.741656,59.12922,20.679582,9.449542
"132","7am",4.438713,59.44079,18.995,17.125496
"133","7am",6.029032,50.33021,21.541235,22.099523
"134","7am",9.640986,58.75834,13.643061,17.957617
"135","7am",5.352049,54.68111,18.977049,20.989788
"136","7am",11.675065,57.00456,14.172974,17.147405
"137","7am",17.949008,54.35001,8.212598,19.488384
"001","8am",21.96393,50.97178,11.177021,15.887273
"002","8am",16.820898,60.37449,9.689147,13.115463
"003","8am",11.281168,60.84119,14.824093,13.053553
"004","8am",11.045245,55.31412,16.129805,17.51083
"005","8am",13.363279,47.85894,18.239566,20.538217
"006","8am",10.242885,53.33311,20.073482,16.350526
"007","8am",7.182263,49.10447,19.534793,24.178478
"008","8am",9.028175,46.47933,15.539149,28.953346
"009","8am",18.647388,48.67741,17.129628,15.545576
"010","8am",19.240451,61.23599,10.191968,9.331587
"011","8am",12.425957,53.18884,23.535542,10.849661
"012","8am",15.461843,57.58283,13.439861,13.515465
"013","8am",13.601366,63.97165,11.668939,10.758046
"014","8am",18.840631,56.23448,12.100879,12.824009
"015","8am",11.784701,50.37175,19.105526,18.738028
"016","8am",21.257117,58.38084,13.67907,6.682976
"017","8am",12.808262,56.94605,28.233799,2.011887
"018","8am",15.189719,57.59835,17.080123,10.13181
"019","8am",14.595037,43.16966,26.878647,15.356655
"020","8am",27.724954,46.3793,13.318136,12.577606
"021","8am",32.803259,56.41594,7.162475,3.618324
"022","8am",29.173821,53.72836,6.369248,10.728574
"023","8am",40.026779,43.26652,8.848753,7.857947
"024","8am",11.806627,54.89126,17.362634,15.93948
"025","8am",24.63707,46.68762,18.184844,10.49047
"026","8am",19.639908,61.86586,9.174907,9.319324
"027","8am",14.410448,74.20269,7.7362,3.650659
"028","8am",13.978682,64.25164,16.820099,4.949583
"029","8am",31.757767,49.52671,11.287905,7.427618
"030","8am",23.656306,66.91196,7.217105,2.214627
"031","8am",26.74385,53.29148,12.89616,7.068509
"032","8am",31.840143,53.82752,10.854027,3.478312
"033","8am",24.735599,51.14553,17.880449,6.238422
"034","8am",4.981807,53.26961,15.791761,25.956824
"035","8am",13.536133,54.1536,15.983006,16.327264
"036","8am",4.354476,61.03322,12.620744,21.991558
"037","8am",31.391933,57.83416,5.681677,5.092229
"038","8am",17.731012,47.55607,25.545698,9.167218
"039","8am",19.410204,48.795,17.375976,14.41882
"040","8am",38.469941,52.67248,4.22777,4.629807
"041","8am",9.245951,56.34663,15.435762,18.97166
"042","8am",6.387919,51.4421,11.195631,30.974345
"043","8am",18.517728,52.20405,10.226521,19.051698
"044","8am",15.232792,64.58848,9.698246,10.480486
"045","8am",16.346092,57.37182,15.913193,10.368898
"046","8am",19.98263,68.51671,5.283165,6.217491
"047","8am",18.183694,58.58236,13.754531,9.479416
"048","8am",14.248477,52.91203,22.639742,10.199751
"049","8am",14.975518,58.31753,14.316476,12.39048
"050","8am",13.659871,52.50753,18.540719,15.291878
"051","8am",11.340864,57.63777,16.120224,14.901142
"052","8am",7.548649,64.99975,16.146599,11.305004
"053","8am",12.952564,58.1547,11.544073,17.348663
"054","8am",17.517658,54.62092,16.450732,11.41069
"055","8am",24.663042,57.66561,8.39895,9.272395
"056","8am",12.352278,58.69961,19.411491,9.536624
"057","8am",20.059731,51.58242,15.858296,12.49955
"058","8am",9.716108,64.8846,20.877142,4.52215
"059","8am",8.347848,84.05391,3.953812,3.644428
"060","8am",29.243931,49.16942,11.265271,10.321376
"061","8am",24.167029,57.96203,9.952328,7.918612
"062","8am",13.344199,65.63193,10.462674,10.561199
"063","8am",6.273298,65.4853,9.174049,19.067355
"064","8am",11.119893,64.21548,19.557955,5.106675
"065","8am",21.709686,65.77316,10.991012,1.526141
"066","8am",18.920136,58.26855,12.443167,10.368147
"067","8am",21.419658,50.388,17.129229,11.063116
"068","8am",9.508554,51.41463,19.144143,19.932668
"069","8am",16.1491,57.68789,14.379728,11.783279
"070","8am",18.057995,54.6782,16.997602,10.266206
"071","8am",12.27548,58.10966,18.483891,11.130972
"072","8am",12.388994,54.37363,17.737456,15.499917
"073","8am",10.589479,59.93781,23.714237,5.758474
"074","8am",17.239086,65.18027,7.736075,9.844573
"075","8am",18.808425,72.03103,4.787938,4.372602
"076","8am",19.832939,66.85694,10.372163,2.937959
"077","8am",12.588903,60.59207,17.30295,9.516075
"078","8am",18.517107,66.61297,6.83463,8.035295
"079","8am",22.919827,57.33558,14.184685,5.559912
"080","8am",16.683916,61.81172,15.616549,5.887812
"081","8am",36.185737,49.65186,9.361645,4.800759
"082","8am",15.644601,56.3926,12.810307,15.152494
"083","8am",8.510228,59.87528,12.689068,18.925427
"084","8am",4.872317,52.26982,24.913696,17.944164
"085","8am",9.988725,39.64396,19.089134,31.278179
"086","8am",25.261855,54.16441,3.918713,16.655022
"087","8am",6.106914,52.34865,13.032743,28.51169
"088","8am",5.542015,41.03125,18.696317,34.730416
"089","8am",13.878344,43.42534,22.317156,20.379159
"090","8am",22.746409,55.31107,15.882241,6.060277
"091","8am",7.137133,51.35057,21.531243,19.981056
"092","8am",17.13371,51.76531,11.146059,19.954924
"093","8am",4.347856,47.62921,26.265897,21.757036
"094","8am",6.608383,26.74845,25.247056,41.396114
"095","8am",10.242581,48.28706,17.674539,23.795817
"096","8am",9.081344,59.97808,14.200907,16.739667
"097","8am",13.675749,62.70614,10.720381,12.897725
"098","8am",7.928068,54.24262,20.139419,17.689897
"099","8am",11.751529,54.53513,23.340972,10.372367
"100","8am",21.975121,55.89705,17.398905,4.728925
"101","8am",22.049799,59.84606,11.073268,7.030872
"102","8am",6.764895,72.13941,7.825784,13.269913
"103","8am",19.33245,49.63924,13.914515,17.113793
"104","8am",21.418086,58.30538,10.009462,10.267069
"105","8am",17.056417,58.26075,7.838208,16.844625
"106","8am",15.757984,51.0097,14.271047,18.961271
"107","8am",17.329547,71.31406,4.020593,7.335802
"108","8am",26.226079,63.17739,8.649365,1.947167
"109","8am",13.289366,58.90568,18.326344,9.478607
"110","8am",27.179914,52.10663,14.013189,6.700267
"111","8am",20.557925,63.12705,11.806931,4.508094
"112","8am",21.940242,57.58783,13.948075,6.523853
"113","8am",19.509486,69.00196,8.916233,2.572318
"114","8am",15.362089,62.16193,16.363575,6.112406
"115","8am",10.954581,65.00412,17.395687,6.645609
"116","8am",9.486674,68.54871,16.705088,5.259523
"117","8am",31.274259,47.64981,9.527822,11.548108
"118","8am",14.752157,71.37038,11.10378,2.773684
"119","8am",10.4866,59.46789,21.169163,8.876351
"120","8am",23.512863,51.41318,24.121975,0.951982
"121","8am",14.121749,69.34732,8.730522,7.80041
"122","8am",31.247796,36.28668,7.562261,24.903267
"123","8am",16.021658,59.86405,20.251788,3.862506
"124","8am",10.977712,78.56282,3.507251,6.952214
"125","8am",8.897523,69.55022,12.138632,9.41362
"126","8am",16.560826,68.51377,10.111103,4.814299
"127","8am",26.07417,62.33818,8.761431,2.826224
"128","8am",20.765302,61.82388,7.291899,10.118922
"129","8am",30.54455,56.46367,6.364787,6.626993
"130","8am",7.932406,70.7461,12.938405,8.383084
"131","8am",9.098322,59.69773,19.524765,11.679184
"132","8am",5.182035,59.05257,19.291262,16.474138
"133","8am",5.79528,53.68373,23.324201,17.196789
"134","8am",10.027983,56.04693,18.521849,15.403235
"135","8am",4.813295,56.1406,16.492914,22.553194
"136","8am",10.296405,59.17892,14.26725,16.257425
"137","8am",18.353276,53.89766,8.330778,19.418285
"001","9am",19.634643,52.62939,12.816542,14.9194275
"002","9am",17.287309,61.95414,8.939438,11.8191097
"003","9am",12.220119,58.38669,17.405969,11.9872191
"004","9am",10.546942,56.09648,15.205976,18.1506011
"005","9am",14.132601,49.03974,18.780889,18.0467681
"006","9am",9.205474,51.23887,24.081122,15.4745304
"007","9am",7.021889,44.23341,23.651389,25.0933163
"008","9am",11.826327,46.86241,16.762194,24.5490718
"009","9am",17.740007,50.09369,18.036412,14.129888
"010","9am",19.183669,62.99324,8.383967,9.4391259
"011","9am",10.004325,59.48264,22.126753,8.3862847
"012","9am",14.371256,56.36452,15.278637,13.9855869
"013","9am",13.206726,62.52719,13.522002,10.7440802
"014","9am",17.589687,55.90098,11.538463,14.9708703
"015","9am",10.542037,54.88811,18.366453,16.2033994
"016","9am",20.741846,57.4998,16.758337,5.0000215
"017","9am",13.127072,52.56238,32.068665,2.2418802
"018","9am",15.36425,52.93177,18.702074,13.0019039
"019","9am",15.496242,45.33602,21.863665,17.3040695
"020","9am",26.710042,46.27545,13.524076,13.4904294
"021","9am",32.723119,55.42882,7.062218,4.7858449
"022","9am",30.624163,52.7833,4.885139,11.7073964
"023","9am",41.466686,42.53543,8.585929,7.411957
"024","9am",11.921885,52.9525,15.773794,19.3518193
"025","9am",23.711495,43.90762,18.316081,14.0648025
"026","9am",19.454206,61.13912,7.107797,12.2988749
"027","9am",12.609386,75.17145,7.495238,4.7239226
"028","9am",13.040623,64.0181,17.55007,5.3912048
"029","9am",29.325117,52.68762,10.556133,7.4311317
"030","9am",23.744634,64.99109,8.348185,2.9160948
"031","9am",24.679654,52.86712,13.739864,8.7133663
"032","9am",34.437159,49.31849,12.376357,3.8679907
"033","9am",24.024708,48.48255,17.248234,10.2445053
"034","9am",5.137304,49.82993,19.199019,25.8337428
"035","9am",12.601023,54.11931,16.063307,17.2163603
"036","9am",2.640735,66.82686,13.120683,17.4117189
"037","9am",31.333701,54.57642,9.505902,4.5839725
"038","9am",15.509987,45.82275,25.700056,12.9672113
"039","9am",15.444783,51.29076,18.089583,15.1748759
"040","9am",37.303093,54.47297,4.032453,4.1914867
"041","9am",10.577112,55.62944,14.808575,18.9848697
"042","9am",8.829759,48.03475,10.367352,32.7681377
"043","9am",18.902042,51.74211,10.814292,18.5415525
"044","9am",15.146878,61.45391,10.055873,13.3433399
"045","9am",16.192088,58.88047,13.839618,11.0878241
"046","9am",23.070747,67.07242,5.203533,4.6533032
"047","9am",20.656816,56.82991,13.762812,8.7504587
"048","9am",15.034396,49.49957,24.079937,11.3861015
"049","9am",15.174283,58.82541,13.002223,12.9980865
"050","9am",16.486573,52.25529,18.178556,13.0795782
"051","9am",9.878291,58.80097,16.197014,15.1237291
"052","9am",8.252016,65.8928,16.351632,9.503553
"053","9am",12.495691,59.20496,12.724041,15.5753056
"054","9am",15.732842,50.7042,24.193605,9.3693479
"055","9am",24.596711,60.00433,6.781548,8.6174126
"056","9am",16.172095,60.53308,15.666275,7.6285518
"057","9am",19.392138,55.55679,15.974411,9.076661
"058","9am",7.085485,68.89076,18.593386,5.4303734
"059","9am",8.940089,83.72909,4.400158,2.9306626
"060","9am",27.450214,50.57056,10.963917,11.015312
"061","9am",25.045947,56.74497,8.646863,9.5622221
"062","9am",17.239282,64.66026,9.754535,8.3459258
"063","9am",5.288146,63.12453,10.158168,21.4291554
"064","9am",12.102169,65.81052,18.644195,3.443112
"065","9am",21.73549,66.49646,11.004076,0.7639777
"066","9am",19.042616,54.91382,16.965935,9.0776235
"067","9am",22.426415,54.76126,14.304989,8.507332
"068","9am",9.715179,49.66086,17.579067,23.0448953
"069","9am",17.639584,57.48239,12.329878,12.5481525
"070","9am",18.580473,58.04206,12.867062,10.5104038
"071","9am",13.963008,54.71803,21.35479,9.9641763
"072","9am",11.831022,54.78393,20.451041,12.9340085
"073","9am",11.144489,60.93761,22.467056,5.4508449
"074","9am",18.887271,62.11113,5.147512,13.8540889
"075","9am",16.364261,77.28963,2.702835,3.6432683
"076","9am",20.236496,65.3947,12.123301,2.2455069
"077","9am",12.490943,58.76453,16.994184,11.7503453
"078","9am",15.039878,68.63531,7.503337,8.8214765
"079","9am",23.618372,60.67423,11.550949,4.156448
"080","9am",19.298293,57.81254,16.275751,6.6134202
"081","9am",32.648745,53.08923,8.719704,5.5423223
"082","9am",16.301087,56.43962,10.6754,16.5838882
"083","9am",11.849024,55.642,11.352052,21.156922
"084","9am",4.959675,52.32778,24.735038,17.9775036
"085","9am",10.420224,42.41256,18.023213,29.1440047
"086","9am",26.30983,50.42345,4.420554,18.8461653
"087","9am",5.459326,51.64367,15.854591,27.042412
"088","9am",9.464993,38.30816,16.948744,35.2781001
"089","9am",12.978081,42.84658,21.772277,22.4030648
"090","9am",21.91651,54.18158,14.075862,9.8260431
"091","9am",6.751015,50.03539,20.109056,23.1045365
"092","9am",13.705302,58.94466,9.729289,17.620744
"093","9am",4.117531,46.43634,26.552569,22.8935596
"094","9am",5.749339,26.45871,24.414954,43.3769946
"095","9am",10.382424,45.38847,19.407639,24.8214695
"096","9am",12.139619,58.95673,14.851111,14.0525407
"097","9am",12.140239,61.9501,11.959062,13.9505987
"098","9am",7.884243,53.2159,21.865082,17.034777
"099","9am",11.614323,52.562,25.572413,10.2512632
"100","9am",21.644736,56.35501,18.057934,3.9423207
"101","9am",22.724207,60.60619,11.377422,5.2921841
"102","9am",6.791571,73.47183,7.856643,11.8799518
"103","9am",18.701803,47.76158,13.686582,19.8500368
"104","9am",20.064589,59.43227,9.783751,10.7193936
"105","9am",16.667353,61.73109,8.184832,13.4167269
"106","9am",15.670669,47.55172,13.982576,22.7950315
"107","9am",16.602113,71.07953,4.162957,8.1553988
"108","9am",28.16352,59.39305,9.80519,2.638245
