"district","hour","mode1","mode2","mode3"
"001","4am",19.825311,20.09529,60.079402
"002","4am",14.0191066,23.6627,62.31819
"003","4am",20.3343721,25.11551,54.550121
"004","4am",13.2122785,41.75429,45.033427
"005","4am",20.1375894,29.61919,50.243217
"006","4am",29.5025178,21.76076,48.736722
"007","4am",8.2299683,66.13227,25.637761
"008","4am",14.8819566,30.38045,54.737594
"009","4am",18.309284,21.37799,60.312727
"010","4am",17.2129246,34.66516,48.121911
"011","4am",17.6087362,52.45938,29.931883
"012","4am",13.0279692,40.07817,46.893862
"013","4am",19.9870428,26.84317,53.169787
"014","4am",23.5934007,19.12625,57.280348
"015","4am",22.0330717,43.41252,34.554409
"016","4am",15.5832007,53.19583,31.220972
"017","4am",16.3191931,60.44212,23.238685
"018","4am",21.9489129,61.75769,16.293398
"019","4am",13.2210307,70.34912,16.429846
"020","4am",23.993786,48.84271,27.163506
"021","4am",18.7564896,52.2591,28.984414
"022","4am",31.470813,45.55504,22.974147
"023","4am",34.349786,34.00227,31.647947
"024","4am",20.5250156,41.20685,38.26813
"025","4am",17.3567186,46.47168,36.171599
"026","4am",12.2078079,60.42593,27.366263
"027","4am",11.5309293,66.19574,22.273329
"028","4am",8.671062,77.31622,14.012722
"029","4am",13.5166543,70.97794,15.505404
"030","4am",24.8345597,47.31924,27.846202
"031","4am",20.1025833,56.86246,23.034956
"032","4am",17.4729614,51.04565,31.481387
"033","4am",9.7743753,62.97945,27.246178
"034","4am",9.7945039,66.42812,23.777376
"035","4am",11.9701273,64.83557,23.194299
"036","4am",11.5031037,71.44198,17.054919
"037","4am",26.552241,66.44057,7.007193
"038","4am",9.8673391,83.83705,6.295615
"039","4am",15.8520956,64.90082,19.247083
"040","4am",28.3149586,49.85985,21.825193
"041","4am",15.6403686,63.67359,20.686043
"042","4am",5.4823282,79.51973,14.997938
"043","4am",15.3643297,77.03293,7.602744
"044","4am",38.6635808,45.27789,16.058527
"045","4am",4.7018551,85.35028,9.947867
"046","4am",6.1993941,84.35616,9.444448
"047","4am",12.4680801,76.26682,11.265099
"048","4am",4.7697941,76.0584,19.171801
"049","4am",6.8671645,72.14026,20.992575
"050","4am",5.3585757,58.80192,35.839505
"051","4am",4.1945596,84.34868,11.456761
"052","4am",4.0662272,77.57612,18.357651
"053","4am",2.8920223,87.82756,9.280415
"054","4am",5.5431866,86.10184,8.354977
"055","4am",3.5458243,87.60495,8.84923
"056","4am",2.2530994,89.63908,8.107821
"057","4am",4.2373147,88.65372,7.108965
"058","4am",5.1711995,89.91093,4.917871
"059","4am",7.320349,84.75042,7.929235
"060","4am",8.5579239,78.67079,12.77129
"061","4am",7.399735,67.01337,25.586897
"062","4am",1.6502477,79.61664,18.733111
"063","4am",5.2539937,81.75659,12.989414
"064","4am",6.0578191,78.91389,15.028287
"065","4am",2.2941594,78.57552,19.130319
"066","4am",1.9170185,76.03996,22.043022
"067","4am",1.7820875,85.69128,12.526629
"068","4am",10.9942037,75.27653,13.729265
"069","4am",4.5324175,84.43285,11.034735
"070","4am",11.1159712,64.00367,24.880363
"071","4am",1.1798984,90.58241,8.237693
"072","4am",5.164418,87.95337,6.882216
"073","4am",4.7903807,80.05889,15.150733
"074","4am",12.650639,65.79678,21.552586
"075","4am",1.9413338,91.95345,6.105221
"076","4am",1.3030995,69.28686,29.410042
"077","4am",0.8126981,91.46305,7.724256
"078","4am",6.5913107,83.6642,9.744493
"079","4am",6.7775304,83.24198,9.980491
"080","4am",4.4784428,78.74322,16.778339
"081","4am",1.4801895,91.43083,7.088976
"082","4am",4.2409799,85.99552,9.763495
"083","4am",0.8560205,95.31802,3.82596
"084","4am",11.3086786,21.82177,66.869555
"085","4am",9.4034775,35.58306,55.013459
"086","4am",18.0526478,52.33445,29.612907
"087","4am",7.4698359,54.52245,38.007717
"088","4am",10.1288298,73.37284,16.498326
"089","4am",19.7200267,62.76751,17.512459
"090","4am",18.229535,55.75225,26.018218
"091","4am",9.5294525,74.76375,15.706795
"092","4am",15.0445896,79.96869,4.986717
"093","4am",2.704452,84.90996,12.385591
"094","4am",3.7332528,77.37072,18.896023
"095","4am",8.9916274,76.2804,14.727976
"096","4am",3.2108501,82.17763,14.611519
"097","4am",3.4314826,82.77424,13.794277
"098","4am",5.2049809,88.81181,5.983212
"099","4am",2.5459405,89.28658,8.167478
"100","4am",5.8114665,81.6911,12.497431
"101","4am",3.9553215,88.4221,7.622577
"102","4am",0,85.44934,14.550655
"103","4am",2.9323719,74.12929,22.93834
"104","4am",2.1565729,79.2332,18.610231
"105","4am",6.5158783,77.92671,15.557412
"106","4am",8.1838236,75.80439,16.011786
"107","4am",3.9743344,88.10715,7.918511
"108","4am",7.6642064,69.4794,22.856395
"109","4am",3.0442058,72.32261,24.633185
"110","4am",4.6199592,80.61184,14.768198
"111","4am",2.5282205,78.96606,18.505717
"112","4am",4.5834038,81.38529,14.031301
"113","4am",5.0083457,75.74109,19.250561
"114","4am",10.5643671,72.42968,17.005952
"115","4am",1.7993784,66.96275,31.237873
"116","4am",4.0476341,75.78759,20.164778
"117","4am",1.2923723,80.59074,18.116885
"118","4am",4.4595391,70.6013,24.939163
"119","4am",6.2975427,60.80633,32.896129
"120","4am",2.5704334,76.9317,20.497866
"121","4am",4.5499062,74.56541,20.884687
"122","4am",3.3283311,70.36595,26.305719
"123","4am",4.2251895,73.86985,21.90496
"124","4am",1.4084228,63.78333,34.808243
"125","4am",1.622275,73.45941,24.918312
"126","4am",2.5268101,81.51205,15.961144
"127","4am",1.4853404,75.61012,22.904543
"128","4am",3.3646402,73.44789,23.187469
"129","4am",4.0204682,75.53372,20.445812
"130","4am",2.0670608,77.11695,20.81599
"131","4am",2.7243514,74.10999,23.165659
"132","4am",1.6989626,79.83722,18.463814
"133","4am",3.825256,77.07193,19.102819
"134","4am",0.8638311,58.72484,40.411329
"135","4am",0,79.47073,20.529267
"136","4am",3.4833583,75.48614,21.030503
"137","4am",1.7276101,76.50785,21.764537
"001","5am",18.630738,22.06104,59.308223
"002","5am",14.1572693,23.43877,62.403963
"003","5am",19.7014698,24.7526,55.545926
"004","5am",13.4689758,42.61745,43.913575
"005","5am",20.3647185,28.90795,50.727336
"006","5am",29.7389398,22.97842,47.282644
"007","5am",8.1941734,67.70972,24.096103
"008","5am",14.397609,32.01296,53.589433
"009","5am",17.9076049,24.51787,57.57452
"010","5am",18.9041987,34.67845,46.417346
"011","5am",17.6513141,53.26431,29.084376
"012","5am",11.8769464,40.27261,47.850448
"013","5am",21.2401555,27.54654,51.213307
"014","5am",23.9665907,19.21316,56.820254
"015","5am",22.9196548,42.46761,34.612731
"016","5am",15.64022,53.02457,31.33521
"017","5am",15.9535965,60.20951,23.836892
"018","5am",21.1157724,63.45272,15.431503
"019","5am",13.3547139,70.04931,16.595974
"020","5am",24.944968,47.91985,27.135185
"021","5am",19.1314752,53.00383,27.864697
"022","5am",30.9672784,46.42616,22.606559
"023","5am",35.2190313,34.36619,30.414781
"024","5am",22.4621819,39.32775,38.210068
"025","5am",17.0066101,46.87361,36.119779
"026","5am",12.9058622,62.76173,24.332413
"027","5am",13.6318313,64.32268,22.045485
"028","5am",8.8874742,77.39614,13.716385
"029","5am",13.7218432,71.44724,14.830914
"030","5am",24.5236009,48.55683,26.919573
"031","5am",17.5845516,60.14931,22.266136
"032","5am",16.1454876,53.25695,30.597559
"033","5am",8.8808027,62.89864,28.220558
"034","5am",9.97343,66.42376,23.602807
"035","5am",11.7227866,64.54878,23.728431
"036","5am",11.8425455,71.93959,16.217865
"037","5am",26.9872764,65.74156,7.271168
"038","5am",10.1310193,83.40513,6.463849
"039","5am",15.8995848,64.79567,19.304743
"040","5am",25.5654655,52.00781,22.426725
"041","5am",16.3182323,62.09918,21.582589
"042","5am",5.7045122,78.68972,15.605764
"043","5am",15.6612894,76.58902,7.749689
"044","5am",34.6555928,49.51925,15.825156
"045","5am",4.8076272,85.02072,10.171653
"046","5am",5.6924846,84.53074,9.776773
"047","5am",12.1077767,76.42005,11.472171
"048","5am",4.7697941,76.0584,19.171801
"049","5am",6.866678,72.14223,20.991088
"050","5am",5.5874173,58.85593,35.556652
"051","5am",3.8131648,85.81236,10.374476
"052","5am",4.0814204,77.49234,18.426244
"053","5am",2.891218,87.83095,9.277834
"054","5am",5.5070686,86.19239,8.300538
"055","5am",3.5767771,87.49674,8.926478
"056","5am",2.2222509,89.78094,7.996812
"057","5am",4.3143371,88.44748,7.238186
"058","5am",4.9676558,90.30805,4.724298
"059","5am",7.458554,84.46251,8.078935
"060","5am",8.5997458,78.56655,12.833703
"061","5am",7.3364363,67.29554,25.368021
"062","5am",1.6502477,79.61664,18.733111
"063","5am",5.1171837,82.23164,12.651179
"064","5am",6.0578191,78.91389,15.028287
"065","5am",2.3650322,77.91366,19.721305
"066","5am",0.8347668,76.18811,22.97712
"067","5am",1.8238058,86.52681,11.649385
"068","5am",9.8360159,77.0471,13.116881
"069","5am",4.6896598,83.89278,11.417561
"070","5am",12.035922,62.58465,25.379431
"071","5am",1.1780708,90.597,8.224933
"072","5am",5.0043849,88.32666,6.668953
"073","5am",4.6290785,81.20562,14.1653
"074","5am",11.3822366,65.51843,23.099336
"075","5am",2.0184467,91.63382,6.34773
"076","5am",1.2872655,70.23292,28.479819
"077","5am",0.7784377,91.82293,7.398629
"078","5am",6.6755351,84.14942,9.175048
"079","5am",6.5295723,83.85508,9.615351
"080","5am",3.7764464,79.08962,17.133935
"081","5am",1.5153176,91.22747,7.257213
"082","5am",4.2839644,85.85358,9.862453
"083","5am",0.861796,95.28643,3.851773
"084","5am",11.0903604,23.33103,65.578614
"085","5am",9.3328689,36.06676,54.600375
"086","5am",18.2043888,51.93379,29.861817
"087","5am",7.4288574,54.77193,37.799212
"088","5am",10.3155375,72.88202,16.802444
"089","5am",19.9518142,62.32989,17.718299
"090","5am",18.7963209,54.37651,26.827167
"091","5am",9.1681094,75.72067,15.111216
"092","5am",14.0667679,80.86515,5.068083
"093","5am",2.5630582,85.69889,11.73805
"094","5am",3.7797843,77.08867,19.131544
"095","5am",8.4118441,77.80417,13.783982
"096","5am",3.1999447,82.23816,14.561892
"097","5am",3.4560103,82.65111,13.892877
"098","5am",5.2618774,88.68951,6.048615
"099","5am",2.584051,89.12621,8.289739
"100","5am",5.9014095,81.40774,12.690851
"101","5am",3.9099043,88.52961,7.560489
"102","5am",0,85.18802,14.811983
"103","5am",2.8487274,75.82875,21.322524
"104","5am",2.1527912,79.26961,18.577597
"105","5am",6.5266547,77.8902,15.583142
"106","5am",8.3912048,77.7253,13.883493
"107","5am",4.0179349,87.97668,8.005381
"108","5am",7.6275368,70.46952,21.902947
"109","5am",3.1294436,72.90756,23.962999
"110","5am",4.6542929,81.21092,14.13479
"111","5am",2.5490246,78.79298,18.657996
"112","5am",3.041491,82.17468,14.783826
"113","5am",5.1859117,74.27551,20.538581
"114","5am",10.5022743,72.59173,16.905998
"115","5am",1.786225,67.20425,31.009524
"116","5am",4.1421543,75.22218,20.635664
"117","5am",1.3226914,80.1354,18.541909
"118","5am",4.4051629,70.95976,24.635074
"119","5am",6.3124765,60.71339,32.974138
"120","5am",2.5604986,77.02086,20.418641
"121","5am",3.9026412,75.30869,20.788671
"122","5am",3.4530501,70.12568,26.42127
"123","5am",4.3459692,73.1229,22.531128
"124","5am",1.3895838,65.13736,33.47306
"125","5am",1.6309995,74.23728,24.131717
"126","5am",2.4536729,82.04717,15.499158
"127","5am",1.4853404,75.61012,22.904543
"128","5am",3.3646402,73.44789,23.187469
"129","5am",3.979745,75.78154,20.238716
"130","5am",2.0835356,76.93457,20.981896
"131","5am",2.7642818,75.19621,22.03951
"132","5am",1.7233363,80.34228,17.934386
"133","5am",3.7969202,77.24177,18.961314
"134","5am",0.8419405,59.77081,39.387254
"135","5am",0,79.19018,20.809819
"136","5am",2.5365116,77.02266,20.440828
"137","5am",1.7276101,76.50785,21.764537
"001","6am",18.2244861,21.97613,59.799379
"002","6am",13.9133821,25.71032,60.376301
"003","6am",15.64094,31.48507,52.873987
"004","6am",12.3679216,44.0328,43.599278
"005","6am",20.06054,29.1142,50.825255
"006","6am",30.2903886,21.14425,48.565361
"007","6am",8.8029512,66.2806,24.916448
"008","6am",15.0874904,31.83258,53.079931
"009","6am",17.3237886,26.59997,56.076246
"010","6am",18.0678644,35.92043,46.011708
"011","6am",18.4645273,52.01053,29.524938
"012","6am",12.7004844,38.98294,48.316571
"013","6am",21.5887447,27.84829,50.562969
"014","6am",21.7688492,26.04238,52.188767
"015","6am",22.9287835,43.30196,33.769254
"016","6am",17.4671452,51.14979,31.383065
"017","6am",17.7576422,58.8109,23.431459
"018","6am",19.1953668,63.97445,16.83018
"019","6am",13.6166228,69.46193,16.92145
"020","6am",23.88475,49.3476,26.767645
"021","6am",18.7050702,54.0395,27.255426
"022","6am",26.2661258,50.10117,23.632706
"023","6am",33.423047,37.41808,29.158872
"024","6am",22.3627499,40.03818,37.599071
"025","6am",17.2503768,48.15293,34.596691
"026","6am",12.6482845,61.23419,26.117521
"027","6am",14.5184796,62.00214,23.479379
"028","6am",8.1755347,78.09135,13.733113
"029","6am",12.68998,70.96895,16.341068
"030","6am",21.239628,49.40691,29.353464
"031","6am",14.5667727,64.60209,20.831141
"032","6am",14.8517245,55.45272,29.695553
"033","6am",8.3563296,65.08973,26.553938
"034","6am",10.7212504,64.67046,24.60829
"035","6am",13.4074204,64.38505,22.207532
"036","6am",11.6175217,71.33942,17.043054
"037","6am",25.3754546,68.05901,6.56554
"038","6am",9.9091852,83.7685,6.322313
"039","6am",13.8602543,65.73394,20.405805
"040","6am",25.3882923,52.19098,22.420725
"041","6am",15.1211155,62.68299,22.195897
"042","6am",5.357021,78.30663,16.336351
"043","6am",15.489946,76.11315,8.396904
"044","6am",34.2452057,50.84524,14.909557
"045","6am",4.0562109,86.05148,9.892308
"046","6am",5.7500793,84.37423,9.875691
"047","6am",11.4122633,76.86923,11.718505
"048","6am",2.6361218,77.53467,19.82921
"049","6am",9.5917836,70.2878,20.120418
"050","6am",4.9385466,58.87173,36.189722
"051","6am",3.7747798,87.28573,8.939485
"052","6am",1.0499839,80.15302,18.796995
"053","6am",1.8840874,87.98643,10.129482
"054","6am",4.7787475,86.7072,8.514053
"055","6am",2.3212077,87.99824,9.680553
"056","6am",2.4210357,89.53487,8.044092
"057","6am",2.7959168,89.11154,8.092541
"058","6am",5.1752462,89.90303,4.921719
"059","6am",5.7864796,85.50953,8.703993
"060","6am",8.2527837,78.23401,13.513207
"061","6am",7.0140422,65.99049,26.995468
"062","6am",1.8195346,77.52566,20.654806
"063","6am",4.2438626,82.56724,13.188893
"064","6am",5.6018603,79.39415,15.003986
"065","6am",2.6145825,76.68285,20.702563
"066","6am",0.8748452,75.04487,24.080284
"067","6am",0.98274,86.46294,12.554316
"068","6am",8.448705,78.51421,13.037083
"069","6am",2.5953462,85.04552,12.359132
"070","6am",10.6424676,64.2592,25.098337
"071","6am",1.1874526,90.52211,8.290434
"072","6am",5.0544479,88.20988,6.735668
"073","6am",5.3015502,80.75245,13.946001
"074","6am",11.1630134,65.32626,23.51073
"075","6am",2.0848128,91.35875,6.556442
"076","6am",1.3271314,69.31105,29.361822
"077","6am",3.5137817,90.12974,6.356474
"078","6am",7.108007,83.12254,9.76945
"079","6am",6.3759414,83.20823,10.415825
"080","6am",2.5106072,79.52909,17.960307
"081","6am",0.4905606,91.53537,7.974073
"082","6am",3.3126452,86.69755,9.989806
"083","6am",0.8764417,95.20633,3.917232
"084","6am",9.7100677,23.59888,66.691057
"085","6am",9.9721557,35.67224,54.355606
"086","6am",16.5559952,52.91884,30.525169
"087","6am",9.2695801,53.43052,37.299901
"088","6am",10.4836895,72.43997,17.076339
"089","6am",20.4376228,63.289,16.27338
"090","6am",19.0694117,52.35502,28.57557
"091","6am",8.3499923,74.30531,17.344698
"092","6am",13.5326713,81.37304,5.094289
"093","6am",3.6515009,86.52845,9.820051
"094","6am",6.7862501,74.18433,19.029418
"095","6am",7.9495133,78.24215,13.80834
"096","6am",3.3551821,81.37649,15.268326
"097","6am",3.4603402,81.9137,14.625963
"098","6am",4.748433,88.16776,7.083808
"099","6am",1.3892356,89.10159,9.509175
"100","6am",5.8217728,82.57087,11.607357
"101","6am",4.0565848,88.09929,7.844121
"102","6am",0,82.88965,17.110352
"103","6am",2.1893008,74.95925,22.851445
"104","6am",1.4202614,80.75169,17.828052
"105","6am",2.8580523,79.86002,17.281929
"106","6am",3.5058251,79.87416,16.620014
"107","6am",4.0970831,87.73984,8.163077
"108","6am",7.8832177,69.47963,22.637151
"109","6am",1.9059976,71.5937,26.500297
"110","6am",4.2410257,82.72064,13.038338
"111","6am",2.678016,77.71982,19.602168
"112","6am",2.2828595,83.25205,14.465087
"113","6am",5.0291591,74.63841,20.332429
"114","6am",8.4176282,73.47397,18.108406
"115","6am",1.8064236,65.4393,32.754274
"116","6am",3.9918814,76.8937,19.114416
"117","6am",1.3904213,79.11821,19.491368
"118","6am",4.61599,70.31099,25.073019
"119","6am",5.2070472,63.65867,31.134284
"120","6am",1.2756804,76.8418,21.882515
"121","6am",2.9539679,74.71569,22.330337
"122","6am",3.6166441,71.05174,25.331612
"123","6am",2.3217425,74.03521,23.643046
"124","6am",0.6214317,64.54938,34.829185
"125","6am",1.6759325,74.12415,24.199917
"126","6am",2.3572547,83.49065,14.152099
"127","6am",0.7240872,75.3245,23.951416
"128","6am",3.8139468,72.99298,23.193072
"129","6am",3.9549101,75.93267,20.11242
"130","6am",1.3049034,76.46192,22.233175
"131","6am",1.7968951,75.53296,22.670149
"132","6am",1.7845637,78.82133,19.394102
"133","6am",2.1672207,77.95234,19.88044
"134","6am",0.8188644,61.28285,37.898284
"135","6am",0,77.5723,22.427704
"136","6am",0,79.25882,20.741179
"137","6am",1.8173901,76.28907,21.893538
"001","7am",19.077867,28.05798,52.864157
"002","7am",13.5541258,35.63236,50.81351
"003","7am",24.0204887,33.46444,42.515071
"004","7am",14.8497765,41.50369,43.646533
"005","7am",25.5702293,28.49422,45.935556
"006","7am",35.1377418,24.22501,40.637249
"007","7am",8.9653944,64.66142,26.373188
"008","7am",15.6528149,35.04612,49.301062
"009","7am",18.7751785,33.49302,47.731797
"010","7am",23.970243,33.78047,42.24929
"011","7am",18.2414733,54.55517,27.203354
"012","7am",12.4441063,41.19282,46.363072
"013","7am",22.5504437,33.91026,43.539295
"014","7am",21.8111196,33.82537,44.363511
"015","7am",22.0856499,47.02473,30.889621
"016","7am",19.0359045,54.23132,26.732772
"017","7am",15.6745318,59.29694,25.028524
"018","7am",11.0218106,69.70946,19.268726
"019","7am",8.7675519,70.87613,20.356317
"020","7am",30.4772101,45.01407,24.508716
"021","7am",11.8868722,60.24047,27.872653
"022","7am",22.1266276,59.09037,18.783005
"023","7am",34.4482834,40.45442,25.097297
"024","7am",23.5359816,42.0881,34.375923
"025","7am",15.5292136,53.81178,30.659009
"026","7am",24.1836413,49.41988,26.396475
"027","7am",22.1882387,55.05909,22.752667
"028","7am",6.5343544,78.56095,14.904696
"029","7am",10.598758,71.4521,17.949139
"030","7am",27.7182132,47.00251,25.279275
"031","7am",8.6735424,72.86014,18.466319
"032","7am",14.5742263,58.85557,26.570199
"033","7am",7.4403946,70.77063,21.788978
"034","7am",11.3967367,64.94592,23.657345
"035","7am",15.5370946,60.69147,23.771437
"036","7am",7.9315865,75.80993,16.258482
"037","7am",20.3992473,72.24334,7.357413
"038","7am",11.3116126,81.89292,6.795472
"039","7am",19.8147118,59.86435,20.320935
"040","7am",22.7003533,52.51106,24.788582
"041","7am",7.9702613,64.88343,27.146308
"042","7am",5.7699333,77.29645,16.933618
"043","7am",17.1037172,66.04733,16.848953
"044","7am",23.7684999,61.39938,14.832121
"045","7am",4.6915382,82.73999,12.568476
"046","7am",2.0472677,85.70089,12.25184
"047","7am",8.2527113,78.11869,13.628596
"048","7am",1.64933,79.09874,19.251931
"049","7am",8.4430133,77.07739,14.479596
"050","7am",8.8693687,56.63653,34.494104
"051","7am",2.703012,87.49176,9.805231
"052","7am",1.6679379,75.62912,22.702945
"053","7am",0,86.95536,13.044635
"054","7am",2.2730643,86.93085,10.796082
"055","7am",0,87.11628,12.883719
"056","7am",0,89.77038,10.229625
"057","7am",1.9277447,86.92764,11.144617
"058","7am",0,95.04614,4.953858
"059","7am",3.844863,83.0238,13.131341
"060","7am",8.8125319,76.97325,14.214216
"061","7am",7.8793717,66.79514,25.325485
"062","7am",0.8167902,77.12608,22.057134
"063","7am",1.8757647,86.85313,11.271108
"064","7am",1.1940996,79.6164,19.1895
"065","7am",0.887855,73.80633,25.305819
"066","7am",0,71.47332,28.526684
"067","7am",1.2407187,84.15006,14.609226
"068","7am",4.7431442,84.46744,10.789417
"069","7am",0,85.83048,14.169519
"070","7am",9.8667124,66.89359,23.239698
"071","7am",1.4016283,88.08769,10.510685
"072","7am",4.7257487,88.65464,6.619613
"073","7am",5.6111823,83.22225,11.166569
"074","7am",10.4226366,66.59162,22.985745
"075","7am",1.6210362,89.93376,8.445205
"076","7am",2.5796674,69.46462,27.955712
"077","7am",7.3033,87.11256,5.58414
"078","7am",7.0950747,83.20931,9.695619
"079","7am",1.6229148,86.15933,12.217752
"080","7am",3.9760546,76.25678,19.767163
"081","7am",0,92.71906,7.280939
"082","7am",2.8795909,87.86044,9.259969
"083","7am",1.0695984,94.14986,4.78054
"084","7am",14.71837,29.71619,55.565441
"085","7am",16.7776442,36.62873,46.593628
"086","7am",14.0749258,53.05574,32.869335
"087","7am",14.3550015,49.92291,35.722085
"088","7am",10.0778659,73.31963,16.602504
"089","7am",17.3485145,67.78606,14.865429
"090","7am",13.7382478,58.09392,28.167835
"091","7am",24.3496436,61.93125,13.719102
"092","7am",12.9128758,80.64999,6.437131
"093","7am",4.5527509,89.42628,6.02097
"094","7am",20.9171238,65.93302,13.149854
"095","7am",6.8506029,79.70426,13.445138
"096","7am",2.5495991,82.40224,15.048164
"097","7am",1.108766,83.97883,14.912401
"098","7am",0.9680978,89.11461,9.917289
"099","7am",3.1409448,86.78278,10.076276
"100","7am",5.6294204,84.03097,10.339606
"101","7am",0,91.52032,8.479685
"102","7am",0,81.35812,18.641878
"103","7am",1.9766261,80.14946,17.873914
"104","7am",3.9520128,78.71384,17.334146
"105","7am",2.2026112,78.57289,19.224497
"106","7am",0.7191869,82.68342,16.597392
"107","7am",0.9037676,88.58994,10.506288
"108","7am",1.5336628,72.39799,26.068352
"109","7am",2.4916954,71.10274,26.405567
"110","7am",2.8661038,82.33839,14.795507
"111","7am",0,75.68658,24.313419
"112","7am",1.0991832,84.0909,14.809917
"113","7am",8.1309548,73.03411,18.834932
"114","7am",10.8193253,71.44664,17.734033
"115","7am",1.4140799,67.73873,30.847187
"116","7am",3.4074457,81.26517,15.327381
"117","7am",2.3890204,77.63288,19.9781
"118","7am",1.1487416,71.29114,27.560122
"119","7am",14.0834726,59.38782,26.528707
"120","7am",0,76.94387,23.056131
"121","7am",4.8351288,71.43418,23.730691
"122","7am",8.59551,55.84923,35.555261
"123","7am",1.3245073,76.73495,21.940545
"124","7am",0.5951563,67.80053,31.604311
"125","7am",3.6176438,70.32732,26.055033
"126","7am",1.1462953,89.07838,9.775327
"127","7am",2.5567033,78.00773,19.435568
"128","7am",5.2712134,72.58408,22.144708
"129","7am",0,78.55992,21.440078
"130","7am",3.4162358,67.3656,29.218167
"131","7am",0,75.68753,24.312467
"132","7am",0.8046291,77.65674,21.538632
"133","7am",1.3817974,79.03254,19.585667
"134","7am",0.9064552,58.11103,40.98251
"135","7am",0,72.54542,27.454583
"136","7am",0,79.10275,20.897251
"137","7am",1.1650639,76.24574,22.589194
"001","8am",33.0371606,25.7577,41.205137
"002","8am",18.5625825,36.43553,45.001888
"003","8am",31.3152257,34.77544,33.909332
"004","8am",19.1091348,36.87502,44.015842
"005","8am",35.2590339,27.39414,37.346825
"006","8am",43.9912555,22.49269,33.51605
"007","8am",7.6365186,62.18904,30.174441
"008","8am",22.6261489,34.05572,43.318129
"009","8am",23.0202425,35.60335,41.37641
"010","8am",26.595095,28.53455,44.870357
"011","8am",16.1744501,56.63852,27.187032
"012","8am",13.8943859,38.55155,47.554067
"013","8am",25.3377713,34.65198,40.010245
"014","8am",29.9008623,34.74939,35.349746
"015","8am",25.6825575,41.47594,32.841501
"016","8am",16.7066666,59.56179,23.731546
"017","8am",13.5600408,63.99233,22.447627
"018","8am",14.4573734,64.15061,21.392021
"019","8am",8.9855765,67.60302,23.411406
"020","8am",31.9327229,45.07444,22.992836
"021","8am",20.1189507,51.79937,28.081676
"022","8am",17.5374861,65.24388,17.218631
"023","8am",32.5976973,44.86237,22.539934
"024","8am",16.0715158,48.14258,35.785903
"025","8am",13.6358121,56.84357,29.520618
"026","8am",24.1098646,46.36051,29.52963
"027","8am",23.0473356,53.92113,23.031532
"028","8am",7.6393182,76.33529,16.025389
"029","8am",4.2704544,80.19241,15.537138
"030","8am",28.4490924,47.4616,24.089312
"031","8am",9.2404419,73.26988,17.489676
"032","8am",14.435308,63.36729,22.197401
"033","8am",4.6220698,73.48511,21.892819
"034","8am",14.5354405,65.32599,20.138566
"035","8am",16.8214854,61.01732,22.161199
"036","8am",4.4905768,82.90583,12.603595
"037","8am",16.6847648,75.4217,7.893537
"038","8am",10.7479607,82.82939,6.42265
"039","8am",24.5317685,54.63829,20.82994
"040","8am",19.3829978,59.11051,21.506496
"041","8am",10.2854363,63.74551,25.969058
"042","8am",9.647549,72.8233,17.529153
"043","8am",6.7980378,76.72901,16.472953
"044","8am",14.0811794,68.45429,17.464534
"045","8am",5.7917383,79.3526,14.855658
"046","8am",4.0725469,83.21742,12.710031
"047","8am",9.2868477,76.01926,14.69389
"048","8am",3.0700999,75.00193,21.927967
"049","8am",11.6366644,75.58279,12.780542
"050","8am",7.7383328,57.25917,35.002498
"051","8am",3.0967791,90.34544,6.557778
"052","8am",1.8091184,71.1574,27.033485
"053","8am",0,86.85142,13.148579
"054","8am",1.2752459,89.37224,9.352518
"055","8am",0,84.67783,15.322173
"056","8am",0,84.9403,15.059697
"057","8am",0,83.26553,16.734468
"058","8am",4.6932898,88.0195,7.287214
"059","8am",5.9457128,79.22698,14.827306
"060","8am",5.0943862,77.76948,17.136137
"061","8am",10.0213253,64.53808,25.440596
"062","8am",1.0509481,68.46826,30.480791
"063","8am",0.5758308,86.45286,12.971314
"064","8am",1.4633917,72.53262,26.00399
"065","8am",0.9344392,66.5191,32.546462
"066","8am",0,68.07673,31.92327
"067","8am",0.9290842,82.59155,16.479361
"068","8am",4.2804436,85.98266,9.736893
"069","8am",0,82.10976,17.890242
"070","8am",8.1046792,73.57562,18.319704
"071","8am",2.8603698,83.91862,13.221008
"072","8am",2.6057185,87.44915,9.945133
"073","8am",6.1533004,83.47978,10.366919
"074","8am",10.4449449,67.67218,21.882876
"075","8am",1.7226393,87.11124,11.16612
"076","8am",2.3564928,69.96354,27.679963
"077","8am",8.8634096,86.9336,4.202986
"078","8am",9.3896637,76.55598,14.054356
"079","8am",0.8534112,80.05291,19.093675
"080","8am",4.9855827,74.63286,20.381555
"081","8am",0,91.74176,8.258237
"082","8am",2.5562866,90.59917,6.844548
"083","8am",9.473912,84.61791,5.908178
"084","8am",16.6926142,32.65433,50.653055
"085","8am",23.1324281,39.4421,37.425472
"086","8am",17.9778804,51.9803,30.041822
"087","8am",20.4779233,47.081,32.441078
"088","8am",11.3103054,71.39287,17.296824
"089","8am",16.5323177,69.07983,14.387849
"090","8am",12.5274324,59.91074,27.561831
"091","8am",24.4209194,62.8593,12.71978
"092","8am",11.9345572,81.00869,7.056753
"093","8am",4.584616,90.13828,5.277101
"094","8am",19.4267448,61.48422,19.089036
"095","8am",4.7586541,78.77796,16.463382
"096","8am",1.6209548,81.06792,17.311122
"097","8am",0,84.68567,15.314331
"098","8am",1.1356162,84.93191,13.932476
"099","8am",3.8183932,86.32189,9.859721
"100","8am",2.2164788,84.83569,12.94783
"101","8am",0,90.20901,9.79099
"102","8am",0,82.09709,17.902913
"103","8am",1.7809934,82.39866,15.820349
"104","8am",3.9504609,75.18838,20.861161
"105","8am",2.3688664,77.10942,20.521715
"106","8am",0.6841453,83.19986,16.115998
"107","8am",0.939137,88.23917,10.821693
"108","8am",1.8392697,72.69357,25.467165
"109","8am",2.5981419,70.33221,27.069646
"110","8am",0.8725105,77.95325,21.174241
"111","8am",4.1099332,63.47575,32.414319
"112","8am",0,83.43214,16.567859
"113","8am",9.3181439,69.63039,21.051466
"114","8am",18.7579063,65.75919,15.482904
"115","8am",5.4801231,69.25707,25.26281
"116","8am",3.276412,82.95796,13.765627
"117","8am",2.4823043,72.01847,25.499228
"118","8am",2.3368271,71.13832,26.524853
"119","8am",18.1444093,55.9217,25.933891
"120","8am",0,74.62626,25.37374
"121","8am",3.7664602,69.30982,26.923716
"122","8am",3.9980295,73.94532,22.056656
"123","8am",1.2810931,75.65489,23.064022
"124","8am",0.6049058,70.40349,28.991609
"125","8am",4.8973031,64.63694,30.465754
"126","8am",1.023736,88.64948,10.326781
"127","8am",2.5133817,77.48966,19.996958
"128","8am",4.6877487,73.44127,21.870984
"129","8am",0,74.72693,25.273071
"130","8am",3.8873862,70.93403,25.178582
"131","8am",0,78.99718,21.002815
"132","8am",0.9750446,72.69006,26.334896
"133","8am",1.4051184,79.59762,18.997266
"134","8am",2.0626637,62.39612,35.541221
"135","8am",0,71.58983,28.410172
"136","8am",1.4259108,74.96655,23.607544
"137","8am",1.2080189,74.70453,24.087453
"001","9am",35.3458622,25.54596,39.108179
"002","9am",16.8729045,38.25752,44.869579
"003","9am",37.933049,30.97949,31.087465
"004","9am",18.7268743,38.1408,43.132324
"005","9am",36.0503711,27.78672,36.16291
"006","9am",45.4250637,26.63908,27.935853
"007","9am",10.8421023,59.69953,29.458364
"008","9am",22.9684121,34.33602,42.695568
"009","9am",28.1157586,34.33594,37.548299
"010","9am",25.9302742,27.93925,46.130477
"011","9am",13.4510658,58.75557,27.793362
"012","9am",13.8187899,39.19712,46.984091
"013","9am",22.6235109,30.71169,46.664795
"014","9am",29.997864,37.86985,32.132283
"015","9am",24.6366823,41.82647,33.536849
"016","9am",17.7204148,59.58915,22.690435
"017","9am",13.9790689,62.07284,23.948089
"018","9am",11.9869165,65.55963,22.453455
"019","9am",8.8566783,66.10616,25.037161
"020","9am",32.4282095,43.1011,24.470689
"021","9am",18.7786797,53.56851,27.652808
"022","9am",15.9463602,68.20255,15.851087
"023","9am",33.1308188,43.60033,23.268852
"024","9am",15.8051819,48.01692,36.177903
"025","9am",14.1766122,59.78589,26.037494
"026","9am",19.9218533,56.07649,24.001654
"027","9am",22.4006545,58.06932,19.530027
"028","9am",7.1226666,72.30674,20.570597
"029","9am",3.6590952,77.69129,18.649618
"030","9am",27.8230368,45.49037,26.686589
"031","9am",9.9973809,73.71588,16.286735
"032","9am",12.2857999,64.12676,23.587439
"033","9am",7.0921683,75.31718,17.590655
"034","9am",14.0984827,68.12261,17.77891
"035","9am",15.7278113,56.43226,27.839926
"036","9am",4.9494167,80.82151,14.229076
"037","9am",12.4065879,80.33197,7.261442
"038","9am",9.0519441,84.4461,6.501959
"039","9am",28.6251839,48.66672,22.708092
"040","9am",19.39043,61.10231,19.507258
"041","9am",11.0830225,67.76667,21.150307
"042","9am",10.223833,70.61581,19.160359
"043","9am",0,79.25669,20.743311
"044","9am",13.3038121,71.08861,15.607575
"045","9am",7.4361642,73.60089,18.962951
"046","9am",5.4925668,82.04727,12.46016
"047","9am",10.3979713,73.63732,15.964706
"048","9am",3.1990575,77.62768,19.173266
"049","9am",12.1954443,75.77878,12.02578
"050","9am",10.1560447,56.65884,33.185112
"051","9am",3.0805335,90.48124,6.438225
"052","9am",1.8125873,72.13744,26.049969
"053","9am",0,88.29027,11.709726
"054","9am",1.3142184,90.23957,8.446207
"055","9am",0,83.56797,16.432033
"056","9am",0,82.72491,17.275093
"057","9am",0,83.03993,16.960074
"058","9am",4.2611773,89.12254,6.616279
"059","9am",6.7435333,78.54805,14.708419
"060","9am",4.5924787,76.99482,18.412697
"061","9am",8.9477209,68.6437,22.408584
"062","9am",0,69.69981,30.300186
"063","9am",0.5762085,86.44397,12.979823
"064","9am",1.622167,64.74891,33.628922
"065","9am",0.9522617,63.34118,35.706555
"066","9am",0,65.75363,34.246366
"067","9am",0.9801236,78.81174,20.208139
"068","9am",1.9479918,89.2529,8.799106
"069","9am",0,79.00969,20.990314
"070","9am",7.3947112,75.00862,17.596669
"071","9am",3.1413861,82.39245,14.466164
"072","9am",2.4897666,89.14063,8.369602
"073","9am",4.7937184,85.56701,9.639269
"074","9am",14.7165581,61.0352,24.24824
"075","9am",1.6403232,82.24307,16.116606
"076","9am",2.712696,71.72643,25.560873
"077","9am",8.9375447,85.04474,6.017719
"078","9am",8.5195907,76.87374,14.606674
"079","9am",0.8549528,78.74068,20.404367
"080","9am",5.25153,70.45926,24.289213
"081","9am",0,90.27273,9.727275
"082","9am",1.7423154,90.99105,7.266632
"083","9am",9.5034095,85.96681,4.529778
"084","9am",17.4125345,34.11366,48.473806
"085","9am",24.5246248,39.24117,36.234206
"086","9am",16.9380351,59.1477,23.914267
"087","9am",24.2419029,45.89114,29.86696
"088","9am",10.2334861,72.97547,16.791047
"089","9am",17.9653501,63.27445,18.760196
"090","9am",11.2925876,62.05444,26.652968
"091","9am",21.8311514,64.95449,13.214355
"092","9am",14.5736818,80.14174,5.284582
"093","9am",4.9834539,90.73384,4.282702
"094","9am",18.3297516,59.73322,21.937023
"095","9am",3.1407544,80.5036,16.355649
"096","9am",1.615692,80.4234,17.960912
"097","9am",0,85.13161,14.868389
"098","9am",1.2893259,84.8422,13.86847
"099","9am",3.7611886,84.45191,11.7869
"100","9am",2.3143384,84.16617,13.519489
"101","9am",0,87.57087,12.429128
"102","9am",0,81.93485,18.065153
"103","9am",2.7690098,84.18052,13.050465
"104","9am",3.6334374,73.58621,22.780352
"105","9am",0.7934323,78.37864,20.827931
"106","9am",0,78.86867,21.131327
"107","9am",0.9695243,87.76794,11.262532
"108","9am",2.0292404,72.29713,25.673633
"109","9am",2.4497471,70.35368,27.196575
"110","9am",0,77.78381,22.216192
"111","9am",4.5066887,61.90824,33.585074
"112","9am",0,87.90042,12.099578
"113","9am",9.8813221,72.5766,17.542079
"114","9am",16.7791036,65.66196,17.55894
"115","9am",5.7531517,66.93248,27.314364
"116","9am",3.7681771,81.37829,14.853536
"117","9am",1.79596,67.75129,30.452749
"118","9am",2.3848722,68.12903,29.486099
"119","9am",17.1657744,58.0342,24.800022
"120","9am",0,66.86288,33.137115
"121","9am",4.2723399,66.17897,29.548692
"122","9am",4.6041494,66.82497,28.57088
"123","9am",1.2856826,78.76613,19.948186
"124","9am",0.5705978,58.44453,40.984872
"125","9am",4.802064,68.71281,26.485129
"126","9am",1.055004,88.65911,10.285886
"127","9am",2.507409,76.86394,20.628649
"128","9am",4.8314111,72.69105,22.477541
"129","9am",0,76.77302,23.226977
"130","9am",2.142384,72.41503,25.442586
"131","9am",0,78.17271,21.827286
"132","9am",1.0052924,76.60417,22.390538
"133","9am",2.0433608,80.2926,17.66404
"134","9am",2.314714,66.08522,31.600067
"135","9am",0,70.3884,29.611603
"136","9am",1.5603171,77.214,21.225684
"137","9am",1.371046,72.54919,26.079762
"001","10am",39.9503125,23.01416,37.035531
"002","10am",22.5066043,36.25732,41.236071
"003","10am",36.4921242,30.04747,33.460403
"004","10am",17.6955203,35.25421,47.050273
"005","10am",36.8179913,26.95183,36.230177
"006","10am",42.3141538,25.53824,32.147603
"007","10am",13.7068334,58.87731,27.415854
"008","10am",21.03176,32.96693,46.001308
"009","10am",27.4583545,35.41399,37.127657
"010","10am",25.8664122,29.41006,44.723531
"011","10am",11.3060081,59.19317,29.500823
"012","10am",15.3265902,40.93199,43.741416
"013","10am",25.3221136,33.28617,41.391719
"014","10am",30.1964729,37.95733,31.846201
"015","10am",26.3044163,39.19347,34.502112
"016","10am",20.7363217,57.41348,21.850198
"017","10am",12.1549839,63.4176,24.427414
"018","10am",9.8818457,70.26412,19.854032
"019","10am",10.3835571,65.48119,24.135251
"020","10am",36.6704592,40.10819,23.221349
"021","10am",19.0057119,52.40474,28.58955
"022","10am",17.0867085,64.48414,18.429153
"023","10am",30.3883445,48.68446,20.927195
"024","10am",14.4545095,42.30533,43.240161
"025","10am",15.316949,59.57445,25.108603
"026","10am",20.2945716,57.47265,22.232781
"027","10am",20.7035026,52.35677,26.939725
"028","10am",7.3087529,69.6923,22.99895
"029","10am",6.1429665,70.7182,23.138835
"030","10am",23.0088002,49.20122,27.789978
"031","10am",12.6359549,75.21468,12.14937
"032","10am",17.1132788,59.34326,23.543463
"033","10am",6.4083336,74.45407,19.137601
"034","10am",11.6390391,71.61484,16.746124
"035","10am",15.6336783,57.05791,27.308411
"036","10am",7.0713954,79.80949,13.119114
"037","10am",10.7220314,81.21027,8.067694
"038","10am",6.7350378,86.17279,7.092177
"039","10am",27.6462882,50.63878,21.714933
"040","10am",14.315107,68.38684,17.298055
"041","10am",8.3737115,72.56624,19.060048
"042","10am",10.563338,72.13053,17.306136
"043","10am",0,77.75104,22.24896
"044","10am",17.6808142,70.49945,11.819734
"045","10am",7.1314381,73.79805,19.070515
"046","10am",5.643156,78.88223,15.474615
"047","10am",7.3000242,73.45661,19.24337
"048","10am",3.0886472,75.06364,21.847712
"049","10am",11.4235052,74.26998,14.306519
"050","10am",10.9240792,59.58874,29.487179
"051","10am",1.7838704,88.29316,9.922966
"052","10am",2.969088,74.38878,22.642131
"053","10am",0,87.10994,12.890062
"054","10am",1.291194,90.41057,8.298234
"055","10am",0,84.56826,15.431736
"056","10am",0,78.26712,21.732883
"057","10am",1.4692799,81.49113,17.039587
"058","10am",4.5507623,89.82449,5.624747
"059","10am",10.2152909,73.22733,16.557384
"060","10am",4.6319731,75.34829,20.019737
"061","10am",8.5331998,61.34278,30.124021
"062","10am",1.2535124,68.6946,30.051888
"063","10am",0.5047497,85.62124,13.874006
"064","10am",1.7728356,67.47759,30.749576
"065","10am",0.9802646,62.97692,36.042814
"066","10am",0,60.59553,39.404475
"067","10am",0.913809,78.61676,20.469433
"068","10am",0.9728862,91.31448,7.712633
"069","10am",0,80.63676,19.363237
"070","10am",7.3801619,73.51675,19.10309
"071","10am",3.1500014,82.46699,14.383011
"072","10am",2.6414041,87.45695,9.901645
"073","10am",4.5813459,85.42927,9.989382
"074","10am",13.9657376,63.75797,22.276289
"075","10am",0.8274106,85.38198,13.790608
"076","10am",2.9872541,67.22908,29.783668
"077","10am",8.6679968,84.67185,6.66015
"078","10am",8.3142062,76.38002,15.305776
"079","10am",0.9572424,77.29871,21.744046
"080","10am",4.4626916,67.86568,27.671625
"081","10am",0,89.89375,10.106246
"082","10am",2.7456286,90.07514,7.179233
"083","10am",9.1157364,86.53927,4.344995
"084","10am",16.979677,34.87062,48.149707
"085","10am",24.7687918,37.52579,37.705421
"086","10am",20.8292428,52.63633,26.534425
"087","10am",29.7562786,43.40026,26.843464
"088","10am",11.0301053,68.5357,20.434193
"089","10am",15.0275139,65.80843,19.164057
"090","10am",9.4663501,63.70853,26.825121
"091","10am",19.3180604,70.95589,9.726049
"092","10am",10.5436289,81.294,8.162372
"093","10am",4.7122822,91.01473,4.272988
"094","10am",18.7465268,57.52584,23.727636
"095","10am",2.6954498,82.01471,15.289842
"096","10am",0.7993159,81.12135,18.079331
"097","10am",0,83.23744,16.762559
"098","10am",0,84.86412,15.13588
"099","10am",4.1592857,82.80625,13.034466
"100","10am",3.7521611,77.98534,18.262498
"101","10am",0,86.74054,13.259456
"102","10am",0,80.16521,19.834793
"103","10am",2.8703807,83.09009,14.039532
"104","10am",3.7346768,69.56109,26.704234
"105","10am",0,77.00536,22.99464
"106","10am",0,78.82915,21.170852
"107","10am",1.0124542,85.65299,13.334557
"108","10am",0.9473645,71.1011,27.951535
"109","10am",2.6495726,63.71138,33.639051
"110","10am",0,71.76941,28.230594
"111","10am",4.4166322,62.66942,32.913948
"112","10am",0,89.97383,10.026173
"113","10am",7.1745764,73.65006,19.175364
"114","10am",17.1421577,68.12161,14.736229
"115","10am",7.2499328,69.41408,23.335984
"116","10am",3.8185727,81.58941,14.592015
"117","10am",1.7246643,70.46079,27.814541
"118","10am",1.4830399,68.21805,30.298909
"119","10am",16.8065346,58.55353,24.639938
"120","10am",0,72.88738,27.112617
"121","10am",4.1371579,62.99926,32.863577
"122","10am",4.0954184,68.60737,27.297215
"123","10am",1.2858761,80.44387,18.270249
"124","10am",0.5554439,55.44004,44.004518
"125","10am",4.8954255,68.18842,26.916158
"126","10am",0.5747872,88.87926,10.545955
"127","10am",2.4972398,73.3008,24.20196
"128","10am",4.8926261,72.09833,23.009048
"129","10am",0,73.87987,26.120129
"130","10am",2.2580238,65.10378,32.638198
"131","10am",0,78.03812,21.961884
"132","10am",1.1086881,69.17284,29.71847
"133","10am",1.7138547,79.51726,18.768885
"134","10am",2.2048642,71.63373,26.161409
"135","10am",0,70.46812,29.531876
"136","10am",1.5402299,72.95955,25.500224
"137","10am",0.9474404,68.77759,30.274966
"001","11am",40.1735726,20.38829,39.43814
"002","11am",20.3614289,33.51193,46.126637
"003","11am",36.5284797,30.91889,32.552625
"004","11am",21.4269293,32.70038,45.872688
"005","11am",35.4276243,25.88482,38.687554
"006","11am",42.8387984,23.88045,33.280752
"007","11am",12.3200789,63.35891,24.32101
"008","11am",21.5407416,29.83181,48.627451
"009","11am",24.698834,35.60656,39.694608
"010","11am",22.8961461,29.08292,48.020933
"011","11am",15.8675271,54.51314,29.619329
"012","11am",13.4587069,41.62521,44.916083
"013","11am",30.612893,29.32649,40.060617
"014","11am",28.2474028,35.28893,36.463668
"015","11am",22.9306873,39.28724,37.782076
"016","11am",17.1192355,58.40933,24.471439
"017","11am",11.0167002,59.33329,29.650005
"018","11am",10.0633495,69.29653,20.640117
"019","11am",12.6643401,64.88274,22.452921
"020","11am",35.8940302,42.99661,21.109363
"021","11am",19.6196833,53.8653,26.515015
"022","11am",14.9330766,64.94421,20.122716
"023","11am",30.6765829,45.13636,24.187059
"024","11am",15.7761112,46.2715,37.952384
"025","11am",11.9462859,59.30776,28.745958
"026","11am",25.6355469,51.05665,23.307801
"027","11am",17.9738098,56.7985,25.22769
