"district","hour","occ1","occ2","occ3","occ4","occ5"
"001","4am",47.31859,9.671311,15.946983,14.99951,12.063606
"002","4am",33.88214,6.279595,6.4859822,43.86796,9.484315
"003","4am",45.92786,12.226931,7.0248796,26.28028,8.540053
"004","4am",53.32527,6.943653,8.4355473,26.06853,5.226999
"005","4am",52.70118,10.226835,15.5805506,13.38787,8.103565
"006","4am",44.2895,17.186393,9.7604272,22.39331,6.370372
"007","4am",49.83421,5.793927,2.974395,31.45142,9.946052
"008","4am",50.66677,11.392397,4.1340755,28.53096,5.275793
"009","4am",42.93298,19.179879,4.6612801,30.53309,2.69277
"010","4am",43.49463,15.047156,7.4587745,30.30151,3.69793
"011","4am",49.56945,5.771735,6.1783123,30.25855,8.221949
"012","4am",50.66259,7.080293,5.6111471,32.77736,3.86861
"013","4am",42.97122,14.82948,9.9039758,24.3017,7.99362
"014","4am",33.72751,7.129101,15.8909975,26.14645,17.105946
"015","4am",45.56189,12.75819,3.7493833,36.06128,1.869254
"016","4am",45.02608,12.219234,9.0912516,29.83324,3.830191
"017","4am",49.6728,11.280013,6.2006276,25.36783,7.478728
"018","4am",42.58755,15.231257,5.4282998,32.05683,4.696069
"019","4am",48.78228,9.879145,2.4338754,34.0551,4.849604
"020","4am",41.30225,15.511362,6.3537265,15.88107,20.951584
"021","4am",36.63885,8.208054,8.5522258,24.76629,21.834582
"022","4am",32.3613,9.900942,9.4720903,22.69637,25.569298
"023","4am",32.75243,11.975247,15.2873106,27.73047,12.254545
"024","4am",48.66939,5.808678,0.6566766,39.82381,5.041445
"025","4am",44.12443,6.414617,2.3144823,39.90492,7.241544
"026","4am",61.81915,6.682026,2.9244921,25.57307,3.001261
"027","4am",47.20435,10.712124,11.2214784,25.29417,5.567879
"028","4am",38.86124,7.155567,10.3348047,39.6844,3.963995
"029","4am",46.59072,15.881419,9.178165,21.84144,6.508265
"030","4am",41.95624,10.620198,7.8520899,26.03801,13.533468
"031","4am",43.90549,8.885937,7.3760949,25.74888,14.083595
"032","4am",36.19437,8.550631,12.0013662,25.70238,17.55126
"033","4am",46.7147,13.302671,4.695731,22.82686,12.460031
"034","4am",39.78538,10.646899,5.2395287,34.8693,9.45889
"035","4am",46.17714,9.286579,2.7764508,35.26538,6.494451
"036","4am",52.33357,8.96992,3.9305752,29.73638,5.029558
"037","4am",50.00048,13.763314,4.8489142,22.15291,9.234378
"038","4am",52.92391,11.208038,0.563079,30.37383,4.931143
"039","4am",44.41249,12.846821,5.2031489,32.01262,5.52492
"040","4am",36.53048,12.152692,13.6546304,28.12429,9.537904
"041","4am",44.91553,11.078036,12.8647149,25.48585,5.655866
"042","4am",55.05254,12.899329,3.4240784,21.75126,6.872796
"043","4am",40.81021,15.305585,2.5368338,32.9867,8.360675
"044","4am",46.15011,11.445107,7.7179782,11.93411,22.7527
"045","4am",58.56354,8.647228,8.6361196,15.05705,9.096054
"046","4am",38.07231,6.16144,9.0352951,38.66467,8.066282
"047","4am",50.37151,12.477194,2.7977045,32.85366,1.499927
"048","4am",45.66101,4.465497,6.5660854,29.88778,13.419629
"049","4am",45.12758,6.915031,2.4955366,36.87318,8.588674
"050","4am",44.08875,6.833804,5.0371735,35.91157,8.128703
"051","4am",46.6523,3.90497,7.4002878,37.15403,4.888405
"052","4am",51.81638,7.754662,6.6390253,29.51124,4.278698
"053","4am",54.23915,5.945307,7.1636595,29.9177,2.734181
"054","4am",51.48702,7.534286,5.4805465,31.05123,4.446911
"055","4am",53.46953,7.075051,3.2127924,26.52564,9.71699
"056","4am",51.2028,9.977106,4.1683632,27.26436,7.387367
"057","4am",49.14518,10.396602,4.3071814,28.43397,7.717061
"058","4am",47.08073,13.863947,3.5792788,31.29359,4.182456
"059","4am",48.09463,10.935128,1.2448927,34.03343,5.691917
"060","4am",36.06019,5.177141,5.9320992,41.10248,11.728095
"061","4am",39.75477,8.824273,8.9930163,32.29416,10.133776
"062","4am",48.60979,6.969015,4.1245044,31.73397,8.562719
"063","4am",41.97781,8.56444,5.256759,36.76665,7.434343
"064","4am",50.54687,13.391403,2.3659325,23.02317,10.672623
"065","4am",52.37543,7.076815,3.9845504,32.00326,4.559946
"066","4am",57.32614,8.562057,3.0740423,22.45234,8.585411
"067","4am",53.53077,4.998635,4.5753721,28.08353,8.8117
"068","4am",55.92248,12.599229,2.0243485,25.78271,3.671226
"069","4am",65.41577,7.211886,5.7781183,18.06933,3.524894
"070","4am",47.01942,6.951268,5.1535397,32.41502,8.46075
"071","4am",53.92381,11.047281,2.0211286,25.13637,7.87141
"072","4am",45.90681,11.538662,2.5800073,35.12402,4.850503
"073","4am",61.30265,7.845046,6.3366454,23.29262,1.223047
"074","4am",49.99583,9.226666,11.8370155,18.81295,10.127537
"075","4am",53.31769,8.945599,8.6327852,21.77611,7.327812
"076","4am",53.37233,6.694971,10.1298635,22.35625,7.446584
"077","4am",49.94905,10.628121,5.3951389,24.77836,9.249335
"078","4am",59.76567,8.938406,7.6567103,19.02348,4.615736
"079","4am",37.8116,6.322721,1.713612,41.97592,12.176138
"080","4am",52.32026,4.264922,2.8793735,25.094,15.441447
"081","4am",63.2185,2.374519,1.77091,25.3934,7.24267
"082","4am",53.0909,9.192514,6.5165371,25.98902,5.211023
"083","4am",53.31914,6.989275,5.894784,27.07873,6.718068
"084","4am",36.72827,44.346934,2.2942793,11.73495,4.895568
"085","4am",43.85162,14.922451,4.6076912,33.4449,3.173332
"086","4am",40.70002,9.424108,9.4133296,29.82843,10.634105
"087","4am",45.18743,20.57197,3.5989453,21.05228,9.589376
"088","4am",36.80789,7.826622,3.1025129,42.19578,10.067192
"089","4am",46.22524,9.253735,6.0734316,28.90912,9.53847
"090","4am",40.43835,7.706866,11.081866,27.21369,13.559224
"091","4am",50.36081,14.658769,6.0556338,24.15473,4.770061
"092","4am",55.70436,11.957743,4.0228085,20.21848,8.096611
"093","4am",63.44068,8.151705,4.8519171,20.0237,3.532002
"094","4am",59.30719,12.533757,2.9163942,19.68103,5.561631
"095","4am",41.75761,10.515819,3.5356036,34.03577,10.155206
"096","4am",51.75624,3.746846,2.9892412,33.64886,7.858812
"097","4am",41.73818,5.323793,3.8106377,40.33566,8.791733
"098","4am",55.03947,7.580709,0.9317307,28.87219,7.575904
"099","4am",62.09746,6.138287,3.5235577,22.61755,5.623141
"100","4am",56.99265,8.003261,4.6161977,24.46892,5.918967
"101","4am",49.5283,5.942766,3.6578913,34.81936,6.051685
"102","4am",47.69731,4.362448,13.0852377,23.43786,11.417145
"103","4am",43.66484,6.910733,10.425787,25.86093,13.137705
"104","4am",50.14186,7.869714,6.6720222,31.1953,4.121103
"105","4am",48.87679,5.788107,4.1308205,29.11249,12.09179
"106","4am",46.63731,10.73795,2.9650045,31.73163,7.928109
"107","4am",45.79798,11.165186,9.5342338,24.00529,9.497313
"108","4am",49.35595,10.589802,4.9058609,23.05724,12.091149
"109","4am",60.35493,5.977591,5.9383122,20.80754,6.92163
"110","4am",54.31908,6.186688,6.9451894,22.59277,9.956275
"111","4am",47.71016,3.043777,5.1204242,29.14725,14.978381
"112","4am",40.96249,8.069176,2.5582175,38.14275,10.267372
"113","4am",47.9585,5.887277,3.7204657,29.74882,12.684939
"114","4am",48.81116,7.140506,3.6250263,28.17071,12.252604
"115","4am",44.86848,4.963256,10.7731231,27.88293,11.512208
"116","4am",47.27793,3.995974,9.6168754,29.50729,9.601933
"117","4am",53.59861,4.794301,4.6083321,31.07686,5.921901
"118","4am",53.42291,9.64404,7.7008659,22.18285,7.049338
"119","4am",49.34113,7.287854,8.7325628,26.62837,8.010079
"120","4am",44.85815,8.351895,6.1158406,29.33619,11.337926
"121","4am",45.42944,18.028114,6.1706176,23.20929,7.162531
"122","4am",35.03621,2.323163,11.3243846,35.57045,15.745787
"123","4am",53.42186,7.960484,6.0713239,21.01442,11.531919
"124","4am",48.84935,8.293001,10.9477946,25.21121,6.698642
"125","4am",43.86697,4.826611,11.8951604,26.62243,12.788827
"126","4am",53.55768,6.395773,1.5262806,25.93591,12.584363
"127","4am",45.24437,6.130496,8.2778542,28.81916,11.528124
"128","4am",46.03587,7.424984,3.5275773,36.48746,6.524111
"129","4am",45.3445,5.858383,0.8297151,35.11586,12.851541
"130","4am",52.8769,1.775676,1.3165861,37.18447,6.846372
"131","4am",48.67972,4.715083,4.8752857,37.58857,4.14134
"132","4am",52.96026,2.491503,1.454438,36.55395,6.539845
"133","4am",49.86572,4.079175,1.372832,42.16167,2.520605
"134","4am",44.268,6.883038,2.7113447,37.75258,8.385038
"135","4am",48.9064,5.283257,3.1050699,34.96678,7.738493
"136","4am",46.1224,5.691756,2.1257532,36.83007,9.230023
"137","4am",45.64365,3.693868,8.6106734,37.74564,4.306166
"001","5am",47.72302,9.705368,15.4131916,15.05233,12.106086
"002","5am",33.31939,6.333043,6.5411867,44.24134,9.56504
"003","5am",45.00855,12.434807,7.1443128,26.72708,8.685246
"004","5am",54.57175,6.758219,8.2102711,25.37235,5.087409
"005","5am",52.30391,10.312733,15.7114161,13.50031,8.171629
"006","5am",45.75292,16.734934,9.5040363,21.80507,6.203032
"007","5am",50.01549,5.772989,2.9636466,31.33777,9.910111
"008","5am",52.22501,11.032557,4.0034966,27.62978,5.109152
"009","5am",44.68073,18.748368,4.4993422,29.47234,2.59922
"010","5am",44.17575,14.263694,7.4771875,30.37631,3.707059
"011","5am",49.46257,5.783968,6.1914065,30.32268,8.239375
"012","5am",49.72604,7.214696,5.7176616,33.39956,3.942047
"013","5am",45.01208,14.298786,9.5495475,23.43203,7.707557
"014","5am",33.81262,7.119945,15.8705886,26.11287,17.083976
"015","5am",45.47338,12.778934,3.7554797,36.11991,1.872294
"016","5am",44.8436,12.259796,9.1214305,29.93227,3.842905
"017","5am",48.50111,11.542628,6.3449873,25.95843,7.652844
"018","5am",42.34143,15.296551,5.4515701,32.19425,4.7162
"019","5am",49.12132,9.170976,2.4556083,34.35919,4.892908
"020","5am",41.51606,15.830238,6.4843437,16.20755,19.961808
"021","5am",35.52667,8.352131,8.7023437,25.20101,22.217846
"022","5am",33.26539,9.768602,9.345482,22.393,25.227527
"023","5am",33.22727,11.890688,15.1793651,27.53466,12.168014
"024","5am",49.91066,5.727378,0.6474855,38.7436,4.970883
"025","5am",44.19211,6.406847,2.3116788,39.85659,7.232773
"026","5am",59.7312,7.047438,3.0844204,26.97156,3.165387
"027","5am",46.29235,10.897168,11.4153204,25.7311,5.66406
"028","5am",37.12166,7.023407,13.0127005,38.95145,3.890782
"029","5am",45.90427,16.085537,9.2961287,22.12216,6.591913
"030","5am",40.25253,10.931923,8.0825651,26.80228,13.930704
"031","5am",45.46495,8.638904,7.1710358,25.03305,13.692064
"032","5am",34.92716,8.72045,12.2397174,26.21283,17.899834
"033","5am",46.11869,13.730677,3.7283986,23.5613,12.860925
"034","5am",38.91517,10.800767,5.31525,35.37323,9.595589
"035","5am",45.94839,9.326047,2.7882507,35.41526,6.522052
"036","5am",51.05527,9.21047,4.0359835,30.53384,5.164438
"037","5am",47.53412,14.442227,5.0880998,23.24566,9.689889
"038","5am",51.81042,11.473143,0.5763976,31.09226,5.04778
"039","5am",44.26989,12.879778,5.2164969,32.09474,5.539094
"040","5am",34.114,12.730977,14.3043842,28.85887,9.991764
"041","5am",45.05003,11.540129,10.9691247,26.54893,5.891787
"042","5am",54.14629,12.610497,3.5517628,22.56237,7.129084
"043","5am",39.89583,15.54203,2.5760236,33.49628,8.489833
"044","5am",45.43546,12.666684,7.6257127,11.79144,22.4807
"045","5am",57.70912,8.825535,8.8141979,15.36753,9.283617
"046","5am",36.33933,6.333861,9.2881378,39.74666,8.292007
"047","5am",50.07541,12.146809,2.8448826,33.40768,1.525221
"048","5am",45.66101,4.465497,6.5660854,29.88778,13.419629
"049","5am",44.81785,6.954064,2.5096228,37.08131,8.637153
"050","5am",41.92258,7.098565,5.232328,37.30289,8.443632
"051","5am",50.77716,3.603036,6.8280959,34.28128,4.510433
"052","5am",51.66008,7.779816,6.660561,29.60696,4.292577
"053","5am",54.25126,5.943734,7.1617644,29.90979,2.733458
"054","5am",51.77126,7.490143,5.448436,30.8693,4.420856
"055","5am",53.90238,7.132326,3.2388011,25.93084,9.795652
"056","5am",51.83164,9.848534,4.1146464,26.91301,7.292168
"057","5am",48.30548,10.568269,4.3783009,28.90347,7.844484
"058","5am",48.90244,13.386689,3.4560644,30.21633,4.038477
"059","5am",47.20303,11.122967,1.2662769,34.61804,5.789691
"060","5am",35.7857,5.199366,5.9575651,41.27893,11.778443
"061","5am",40.23355,8.754145,8.9215478,32.03752,10.053242
"062","5am",48.60979,6.969015,4.1245044,31.73397,8.562719
"063","5am",43.30092,8.369142,5.1368867,35.92824,7.264814
"064","5am",50.54687,13.391403,2.3659325,23.02317,10.672623
"065","5am",51.03178,7.276477,4.0969686,32.90618,4.688598
"066","5am",55.71506,8.885303,3.1900976,23.3,8.909539
"067","5am",52.64574,5.093836,4.6625117,28.61839,8.979523
"068","5am",57.48822,12.151676,1.952439,24.86685,3.540816
"069","5am",64.34386,7.435413,5.9572067,18.62938,3.634145
"070","5am",46.10342,7.071452,5.242642,32.97546,8.607032
"071","5am",53.98716,11.032091,2.0183495,25.10181,7.860587
"072","5am",47.34724,11.231403,2.5113051,34.18871,4.72134
"073","5am",62.48914,7.60451,6.1423577,22.57844,1.185547
"074","5am",49.51359,9.436491,12.1062025,18.58587,10.357849
"075","5am",51.63182,9.268657,8.9445465,22.56253,7.592446
"076","5am",54.5233,6.621877,10.0192678,21.47027,7.365283
"077","5am",50.72214,11.344504,5.1912988,23.84218,8.899875
"078","5am",59.26566,9.049487,7.7518637,19.25989,4.673097
"079","5am",40.43131,6.115107,1.6573434,40.01992,11.77632
"080","5am",51.24038,4.339314,2.9295973,25.77993,15.710786
"081","5am",62.45189,2.42401,1.8078198,25.92266,7.393623
"082","5am",52.6912,9.270842,6.5720639,26.21047,5.255426
"083","5am",53.05026,7.029533,5.9287375,27.2347,6.756764
"084","5am",37.86144,43.552699,2.2531898,11.52478,4.807891
"085","5am",43.9125,14.906271,4.6026952,33.40864,3.169892
"086","5am",40.28926,9.489388,9.478535,30.03505,10.707766
"087","5am",45.44122,20.476718,3.5822815,20.9548,9.544975
"088","5am",35.81253,7.949902,3.1513818,42.86042,10.225764
"089","5am",45.69693,9.344648,6.1330999,29.19314,9.632181
"090","5am",38.81529,7.916878,11.3838469,27.95527,13.928713
"091","5am",52.06163,14.156507,5.8481461,23.3271,4.606621
"092","5am",54.52956,12.274882,4.1295,20.75471,8.311347
"093","5am",64.85311,7.836773,4.6644687,19.25011,3.395547
"094","5am",58.82794,12.681369,2.950741,19.91281,5.627131
"095","5am",41.01393,10.650092,3.5807484,34.47036,10.284874
"096","5am",51.89454,3.736105,2.980672,33.5524,7.836284
"097","5am",41.38331,5.35622,3.8338482,40.58134,8.845283
"098","5am",54.61662,7.652005,0.9404936,29.14373,7.647155
"099","5am",61.63079,6.213864,3.5669413,22.89603,5.692375
"100","5am",56.385,8.116341,4.6814208,24.81465,6.002597
"101","5am",50.56552,5.884084,3.6217716,33.93669,5.991928
"102","5am",46.90344,4.428662,13.2838487,23.79361,11.590437
"103","5am",44.95277,6.75274,10.1874329,25.2697,12.837351
"104","5am",50.22398,7.856753,6.6610334,31.14392,4.114316
"105","5am",48.79486,5.797384,4.1374412,29.15915,12.11117
"106","5am",45.50988,10.964819,3.0276483,32.40204,8.095612
"107","5am",45.93976,10.639441,9.6192953,24.21945,9.582046
"108","5am",49.55516,10.548146,4.8865635,22.96655,12.043588
"109","5am",59.35194,6.128819,6.088546,21.33395,7.096741
"110","5am",54.00672,6.228993,6.9926804,22.74726,10.024356
"111","5am",47.32349,3.066285,5.1582886,29.36279,15.089143
"112","5am",38.17348,8.450373,2.6790707,39.94466,10.752414
"113","5am",46.26411,6.078958,3.841598,30.71739,13.09794
"114","5am",49.08029,7.102963,3.6059668,28.02259,12.188183
"115","5am",44.54345,4.931453,10.7040928,28.38256,11.438442
"116","5am",45.49217,4.131322,9.9426103,30.50673,9.927162
"117","5am",52.61975,4.895439,4.7055473,31.73244,6.046827
"118","5am",53.91272,9.542621,7.619882,21.94957,6.975206
"119","5am",49.24444,7.301764,8.7492304,26.6792,8.025367
"120","5am",45.03204,8.325556,6.0965536,29.24368,11.302171
"121","5am",44.21755,18.040436,6.3731798,23.97118,7.397654
"122","5am",32.8273,2.402156,11.7094392,36.77993,16.281179
"123","5am",52.20472,8.1685,6.2299741,21.56355,11.83326
"124","5am",48.83519,8.197746,10.8220458,25.52332,6.621699
"125","5am",43.5666,4.852438,11.9588116,26.76489,12.85726
"126","5am",54.26824,6.297918,1.5029286,25.53909,12.391823
"127","5am",45.24437,6.130496,8.2778542,28.81916,11.528124
"128","5am",46.03587,7.424984,3.5275773,36.48746,6.524111
"129","5am",45.84336,5.804911,0.822142,34.79535,12.73424
"130","5am",52.55463,1.787819,1.3255902,37.43877,6.893194
"131","5am",48.06794,4.771291,4.933403,38.03665,4.190708
"132","5am",52.38536,2.521953,1.4722136,37.0007,6.619772
"133","5am",50.17123,4.054317,1.364466,41.90474,2.505245
"134","5am",45.53396,6.726689,2.6497564,36.89503,8.194571
"135","5am",48.32791,5.343074,3.1402257,35.36268,7.826109
"136","5am",46.0551,4.922795,2.1626452,37.46925,9.390208
"137","5am",45.64365,3.693868,8.6106734,37.74564,4.306166
"001","6am",45.98168,11.642523,15.026,15.15841,12.191396
"002","6am",35.58798,5.789069,6.4436392,42.75692,9.422398
"003","6am",48.36611,10.99012,6.823184,25.52573,8.294854
"004","6am",53.50349,6.917141,8.4033382,25.96899,5.207041
"005","6am",52.22367,10.330081,15.7378462,13.52302,8.185375
"006","6am",45.03335,16.791682,9.5362644,22.41463,6.224067
"007","6am",47.7913,5.935349,3.0469964,33.03753,10.188823
"008","6am",53.52209,10.182644,3.9547737,27.29352,5.046973
"009","6am",42.65827,18.996913,4.5589897,31.15215,2.633678
"010","6am",44.94486,14.217665,7.3470976,29.84782,3.642562
"011","6am",47.43335,6.016211,6.4400089,31.54022,8.570209
"012","6am",49.57148,6.46779,5.9805973,33.8568,4.123328
"013","6am",45.8982,12.396207,9.7881053,24.01739,7.9001
"014","6am",35.57101,6.61403,13.9547767,26.51386,17.346321
"015","6am",46.21542,12.489644,3.670463,35.79457,1.829908
"016","6am",44.52054,11.64679,9.3220198,29.80387,4.706778
"017","6am",44.07299,12.7105,6.986967,28.58488,7.644667
"018","6am",40.53576,15.775587,5.6222947,33.20246,4.863895
"019","6am",49.05231,9.329445,2.4980398,34.14275,4.977455
"020","6am",40.59975,15.633367,7.2527295,15.39777,21.116379
"021","6am",31.46556,7.81287,9.375181,27.41073,23.935659
"022","6am",35.49138,7.914032,8.6839348,22.52942,25.381226
"023","6am",32.53142,12.993099,15.0669185,27.33069,12.077875
"024","6am",48.38903,7.092644,0.6497676,38.88015,4.988403
"025","6am",43.04329,6.538734,2.3592653,40.67705,7.381661
"026","6am",56.39032,8.064873,3.3001394,28.8579,3.386769
"027","6am",42.32947,11.53475,12.0832195,28.0571,5.995458
"028","6am",38.62268,5.462906,13.026558,38.99293,3.894926
"029","6am",42.85978,15.555984,10.1702296,24.20227,7.211741
"030","6am",36.49082,10.727273,8.7392892,28.98001,15.0626
"031","6am",47.49717,7.798361,6.9848422,24.38307,13.336554
"032","6am",36.57992,8.498963,11.9288458,25.54706,17.445204
"033","6am",48.9986,12.996786,3.5291192,22.30198,12.173521
"034","6am",40.04601,10.146383,5.591183,34.78138,9.435041
"035","6am",46.03049,9.392052,2.8079848,35.20126,6.568212
"036","6am",48.80247,9.634405,4.2217497,31.93923,5.402144
"037","6am",43.11099,14.025492,5.7357418,26.2045,10.923272
"038","6am",53.31195,10.685018,0.565198,30.48813,4.9497
"039","6am",44.07246,11.001336,5.469208,33.64956,5.807433
"040","6am",34.12921,12.728038,14.3010828,28.85221,9.989458
"041","6am",44.4032,11.00099,11.2688025,27.27425,6.052751
"042","6am",52.72111,12.609032,3.7041879,23.53064,7.435031
"043","6am",37.1128,15.399508,2.745142,35.69535,9.047199
"044","6am",45.89084,12.842068,6.9804954,12.21455,22.072046
"045","6am",59.9291,7.449914,8.5918061,14.97979,9.049381
"046","6am",35.55546,6.411853,9.402506,40.23607,8.39411
"047","6am",47.79515,11.515969,3.0641049,35.98202,1.642752
"048","6am",43.86495,3.708356,6.7652048,31.83491,13.826585
"049","6am",46.03546,5.805796,2.5060143,37.028,8.624734
"050","6am",39.67995,6.582619,5.6531867,38.96146,9.12279
"051","6am",49.71251,4.680671,6.8261522,34.27152,4.509149
"052","6am",51.66889,4.206415,7.2459195,32.20895,4.669827
"053","6am",51.77638,5.226633,7.7842799,31.9305,3.28221
"054","6am",51.37094,7.662943,5.5741333,30.86913,4.522847
"055","6am",53.494,6.251896,3.4909833,27.07732,9.685802
"056","6am",47.79737,10.673384,4.459263,29.16707,7.902913
"057","6am",44.64425,11.003019,4.8427222,30.83343,8.676575
"058","6am",49.40735,13.012854,3.5817157,29.81277,4.185303
"059","6am",44.90381,9.868336,1.3547977,37.67863,6.194427
"060","6am",35.77304,5.200391,5.9587395,41.28706,11.780764
"061","6am",38.72951,7.674506,9.6949479,32.97629,10.924748
"062","6am",47.3078,6.337176,3.8670201,33.2022,9.285802
"063","6am",42.15183,8.203892,5.3270841,36.78339,7.5338
"064","6am",49.10243,12.42656,2.4659003,24.88154,11.123573
"065","6am",46.35571,7.971321,4.488196,36.04846,5.136322
"066","6am",53.8307,9.263382,3.3258395,24.29143,9.288649
"067","6am",52.57717,2.089309,5.0845459,31.20882,9.040149
"068","6am",57.03268,11.49443,2.0240011,25.77829,3.670596
"069","6am",64.79599,5.76081,6.3513491,19.21727,3.874589
"070","6am",46.19718,5.744712,5.3806881,33.84375,8.833667
"071","6am",54.42563,9.760125,2.0433654,25.81287,7.958013
"072","6am",46.89524,11.327819,2.5328635,34.48221,4.761871
"073","6am",63.23078,7.070495,6.2702002,22.25971,1.168811
"074","6am",47.22061,9.865076,12.65604,19.43,10.82828
"075","6am",50.19025,9.544903,9.211132,23.23499,7.818733
"076","6am",53.26182,6.805562,10.2971935,22.06584,7.56959
"077","6am",57.49807,9.428395,4.5262174,20.78764,7.759671
"078","6am",58.13841,8.183921,8.2394173,20.47124,4.967012
"079","6am",35.76352,6.822705,1.7801303,42.98486,12.648787
"080","6am",48.82795,4.5101,3.0449,26.79457,16.822483
"081","6am",59.58691,2.050501,1.974503,28.31276,8.075324
"082","6am",52.52781,9.452697,6.7009797,25.95999,5.358515
"083","6am",52.77799,6.72407,6.0145397,27.62885,6.85455
"084","6am",37.55791,43.294824,2.3212501,11.8729,4.953119
"085","6am",43.51778,15.393025,3.3162158,34.49958,3.273402
"086","6am",39.88348,9.662429,9.6513782,29.89968,10.903025
"087","6am",42.55187,23.004454,3.6202905,21.17714,9.646251
"088","6am",34.92057,8.060376,3.1951741,43.45602,10.367864
"089","6am",43.58425,10.177612,6.5239038,29.46829,10.245948
"090","6am",35.34833,8.365479,12.0289005,29.53932,14.717969
"091","6am",51.79501,13.329597,5.7469875,24.60147,4.526938
"092","6am",53.89706,12.445628,4.1869422,21.04341,8.426959
"093","6am",67.17865,7.039035,4.189653,18.54276,3.0499
"094","6am",56.17499,15.478068,2.9358534,19.81235,5.59874
"095","6am",39.59607,10.347225,3.7606123,36.20183,10.094265
"096","6am",49.93961,3.887935,3.1018019,34.91592,8.154738
"097","6am",41.56201,4.80935,3.86035,40.86186,8.906427
"098","6am",52.82693,7.953761,0.9775818,30.29301,7.948719
"099","6am",61.31631,3.604131,6.1070066,23.20369,5.768866
"100","6am",56.2225,8.016234,4.6236802,25.20902,5.928562
"101","6am",48.97904,6.07292,3.7380038,35.02581,6.184224
"102","6am",44.84584,3.33533,13.2146005,25.52952,13.074704
"103","6am",43.44701,7.135373,9.1512856,26.70157,13.56476
"104","6am",48.81138,7.390284,6.9177504,32.60771,4.272882
"105","6am",49.54632,1.112949,4.5730722,31.3813,13.386355
"106","6am",42.35238,5.929818,3.5975242,38.50088,9.619399
"107","6am",45.71224,10.173921,9.7728303,24.60602,9.734986
"108","6am",48.63957,11.292147,5.0988231,22.40273,12.56673
"109","6am",57.85412,5.239013,6.5096798,22.80958,7.58761
"110","6am",54.26176,5.886673,6.3066516,23.28401,10.260897
"111","6am",44.94023,3.205014,5.3916674,30.69127,15.771828
"112","6am",36.18958,8.119369,2.8368554,42.29721,10.55699
"113","6am",43.69708,5.402756,4.1030332,32.80783,13.989304
"114","6am",50.07428,6.597725,3.6829392,27.19671,12.44835
"115","6am",43.73151,5.003655,10.8608128,28.79811,11.605914
"116","6am",47.34628,3.990793,9.6044076,29.46903,9.589485
"117","6am",51.05551,5.119692,4.9211018,32.57987,6.323823
"118","6am",52.20994,9.953696,7.3119042,22.89511,7.629359
"119","6am",50.15955,6.420232,8.8087988,27.07046,7.540957
"120","6am",42.50082,8.806229,6.4485362,30.28971,11.954698
"121","6am",40.44743,19.259719,6.8039181,25.5913,7.897633
"122","6am",29.95216,2.504973,12.2106283,38.35419,16.978049
"123","6am",49.28258,8.090216,6.7016892,23.19627,12.72924
"124","6am",47.76923,7.77738,11.1964042,26.40622,6.850759
"125","6am",40.42637,6.578962,12.2865738,27.49845,13.209647
"126","6am",56.41239,6.008746,1.4609793,24.82625,11.291637
"127","6am",43.71909,5.630179,8.6226874,30.01969,12.008354
"128","6am",43.1599,8.2951,3.9409651,37.31538,7.288655
"129","6am",46.71848,5.772248,0.817516,34.02917,12.662588
"130","6am",51.28389,1.118337,1.4029353,38.89944,7.295396
"131","6am",47.71239,4.03513,5.0476059,38.91716,4.287718
"132","6am",50.95176,2.597885,1.5165396,38.11473,6.819083
"133","6am",49.60555,3.404243,1.4007058,43.01772,2.571783
"134","6am",46.87588,6.560958,2.5844722,35.98601,7.992675
"135","6am",46.4874,5.53339,3.252078,36.62227,8.104869
"136","6am",45.57527,1.593561,2.3939196,40.04285,10.394402
"137","6am",43.27183,3.855049,8.9863977,39.39266,4.494065
"001","7am",50.11878,9.9562863,14.5306779,14.0842,11.310052
"002","7am",47.5652,3.4048221,5.5401281,35.72302,7.766833
"003","7am",56.04604,7.0997061,6.1443214,22.90113,7.8088
"004","7am",49.49431,9.4689497,8.8496844,26.81115,5.375902
"005","7am",50.12718,15.6305111,15.0606479,11.99336,7.188301
"006","7am",47.38547,21.8760592,7.5506372,17.3234,5.864434
"007","7am",42.81156,4.846367,4.088854,37.67719,10.576029
"008","7am",52.76186,10.9296106,3.9514,26.78183,5.575297
"009","7am",41.4065,23.7583803,4.4850878,27.96646,2.383575
"010","7am",37.61554,19.2785199,6.8765942,32.09048,4.138874
"011","7am",46.62148,7.452305,5.6118397,31.25716,9.057212
"012","7am",50.32585,3.1975269,6.1650985,36.77179,3.539739
"013","7am",47.57494,12.1562771,9.0334837,24.47463,6.760678
"014","7am",42.68017,4.3802161,12.021514,24.46367,16.454426
"015","7am",51.93449,9.8027663,3.4062403,33.15832,1.69818
"016","7am",50.84784,5.0820377,8.3528973,31.58491,4.132308
"017","7am",47.79637,4.0521401,8.0865526,33.08347,6.981469
"018","7am",37.35913,12.4448986,6.6044836,37.8779,5.713595
"019","7am",42.00502,5.6248655,3.1787831,42.41611,6.775222
"020","7am",36.16672,23.5553358,5.8848134,14.50335,19.889776
"021","7am",26.78619,3.1446575,10.9859066,31.03526,28.047982
"022","7am",47.77395,5.556093,6.0814236,19.26976,21.318773
"023","7am",34.18285,19.356302,12.6972438,23.03221,10.731397
"024","7am",46.88921,5.717289,0.6736515,41.54809,5.171765
"025","7am",40.05427,8.2772566,2.453191,42.29646,6.918823
"026","7am",43.73836,24.370832,2.3643416,26.34522,3.181253
"027","7am",30.0579,19.8382266,13.1809369,29.92069,7.002252
"028","7am",39.99971,5.8542995,12.5920558,38.03018,3.523754
"029","7am",39.43722,11.9825512,11.917579,28.21186,8.450791
"030","7am",37.10587,10.2534659,9.5099385,28.37999,14.750734
"031","7am",55.96028,3.5094014,5.7198143,22.83259,11.977914
"032","7am",42.01023,9.1172589,10.5185318,22.97127,15.382706
"033","7am",56.16721,9.0902865,3.2270206,19.95631,11.559177
"034","7am",39.02447,12.2413733,4.900533,34.13705,9.69658
"035","7am",43.78401,9.7739689,3.0242041,36.34384,7.073975
"036","7am",44.12898,8.9802566,4.8832486,35.75892,6.248597
"037","7am",45.59416,5.030815,7.0307452,30.63424,11.710042
"038","7am",52.08845,7.0386511,2.919679,33.84937,4.103843
"039","7am",38.41407,17.8015634,5.6040115,34.02451,4.155844
"040","7am",29.09976,6.6036543,17.3733297,34.21161,12.711639
"041","7am",37.19297,7.8532883,14.1211775,33.24774,7.584832
"042","7am",48.46498,14.1095124,3.9986061,25.40091,8.025986
"043","7am",28.68262,11.2147523,3.6017127,45.98468,10.516233
"044","7am",48.45027,8.3712248,7.2021641,12.60243,23.373917
"045","7am",59.93786,6.0017059,9.4790835,14.59744,9.983912
"046","7am",30.81239,1.8595434,11.1216231,46.27758,9.928856
"047","7am",45.71385,7.3455229,3.8341346,41.05091,2.055587
"048","7am",40.41427,3.4925961,7.4818829,33.31993,15.291317
"049","7am",43.32098,5.2107547,2.7102597,39.43034,9.327668
"050","7am",31.3221,19.8610956,5.1364351,33.72916,9.951213
"051","7am",55.26725,1.5633909,6.4679272,34.21789,2.483544
"052","7am",47.02593,4.3156012,8.649369,35.65347,4.355628
"053","7am",42.32368,4.2651292,9.0725164,40.20582,4.132849
"054","7am",52.72871,3.0852234,4.6471996,34.15037,5.388497
"055","7am",49.96397,3.1068152,4.2425337,30.91569,11.770994
"056","7am",40.04899,4.3432731,5.2098721,39.6536,10.744271
"057","7am",41.19314,2.551217,5.9889761,39.53638,10.730287
"058","7am",53.99541,7.0151688,3.6536885,31.06633,4.269405
"059","7am",36.80821,3.9917921,1.8026706,49.15513,8.242198
"060","7am",33.42697,5.6443864,5.504586,42.78098,12.643083
"061","7am",31.88729,7.3165223,11.402152,37.59643,11.797606
"062","7am",42.37139,5.1030114,4.3340925,37.78413,10.407374
"063","7am",43.46451,4.8371576,6.6411358,37.2841,7.773098
"064","7am",47.45805,5.5771011,2.0659156,31.02767,13.871269
"065","7am",41.03673,4.4282093,5.3726585,43.0139,6.148506
"066","7am",46.63182,8.0726041,4.1428488,29.58227,11.570453
"067","7am",45.45099,0.9837359,6.1824062,36.39076,10.992107
"068","7am",62.10501,8.3897925,1.8806816,24.21384,3.410681
"069","7am",59.20868,4.613639,6.7459999,24.49333,4.93835
"070","7am",47.21956,7.1367741,5.06698,32.25804,8.318641
"071","7am",47.61242,9.438157,2.5507913,32.22294,8.175694
"072","7am",48.79634,6.9609511,2.8310472,36.90332,4.508339
"073","7am",62.97234,8.9264958,6.2650445,20.32923,1.506889
"074","7am",45.34879,13.3606704,10.7542189,21.12677,9.40955
"075","7am",50.19279,4.8597363,10.0750605,26.32035,8.552066
"076","7am",52.78222,6.146451,10.7330083,22.99974,7.338574
"077","7am",63.30421,9.1431681,3.4376875,17.33697,6.777964
"078","7am",49.33508,5.6091778,11.5596188,27.10671,6.389411
"079","7am",33.48365,1.4062942,1.4062942,49.11724,14.586527
"080","7am",47.20595,5.048628,3.115601,27.41672,17.213092
"081","7am",55.26224,0.5023699,2.3162692,32.44604,9.47308
"082","7am",53.06351,7.4944908,7.4196863,27.05106,4.97125
"083","7am",47.59265,5.9304957,7.1076013,31.26898,8.100272
"084","7am",37.54488,45.1421225,2.1094574,11.08549,4.118048
"085","7am",43.35265,20.896839,3.061282,28.58484,4.104387
"086","7am",36.50997,11.1646859,11.0324732,29.55861,11.734264
"087","7am",36.15417,33.8922926,3.1277641,17.58619,9.239581
"088","7am",29.61302,5.2114871,3.7041465,50.37831,11.093042
"089","7am",43.37499,13.1936958,6.1829612,28.28111,8.967242
"090","7am",34.85383,5.1201691,12.7793449,31.61048,15.636176
"091","7am",36.235,35.6558426,4.3203105,20.38571,3.403136
"092","7am",52.97138,7.7628578,5.237578,25.92282,8.105356
"093","7am",76.7433,3.9942956,2.8933976,14.26273,2.106278
"094","7am",47.24357,27.4567996,2.620248,17.68251,4.996873
"095","7am",41.66698,5.2079017,3.9880034,38.43249,10.70463
"096","7am",50.277,1.6649077,3.2284763,36.34185,8.487769
"097","7am",44.42729,1.3069045,4.113032,42.26094,7.891839
"098","7am",47.65719,4.7910506,1.2026437,36.57042,9.778698
"099","7am",56.49927,5.4629307,4.2904678,26.9003,6.84703
"100","7am",57.94136,3.7334811,5.1516942,26.56787,6.60559
"101","7am",54.07966,1.5934692,3.7325282,34.41918,6.175165
"102","7am",41.71904,1.8791242,14.8902053,27.77286,13.738773
"103","7am",52.93666,2.0502486,9.7412446,22.99675,12.275102
"104","7am",46.34543,8.4485242,7.0248767,33.84212,4.339051
"105","7am",44.08981,1.2333131,5.0676449,34.77516,14.834074
"106","7am",39.25719,3.392316,4.0297026,42.5458,10.774999
"107","7am",41.56176,5.9073888,11.0399434,29.72907,11.761837
"108","7am",48.86497,4.7092797,5.9653915,25.75786,14.702504
"109","7am",51.19847,4.358013,7.8390035,27.46746,9.137054
"110","7am",46.84654,2.1483239,8.0717441,29.8007,13.132695
"111","7am",39.96974,0,5.5865768,35.36691,19.076772
"112","7am",33.35181,5.075259,2.2883609,48.1989,11.085677
"113","7am",38.76442,7.7933809,4.1535015,34.40273,14.885961
"114","7am",47.03295,8.6954716,3.7631453,27.78899,12.719447
"115","7am",39.29814,3.0830353,12.4886161,31.78481,13.345392
"116","7am",56.57914,1.7189597,8.2738388,25.16707,8.260983
"117","7am",45.9983,4.0667586,5.7373178,37.98358,6.214046
"118","7am",48.12143,8.4577969,8.4714638,25.78881,9.160499
"119","7am",46.78274,17.6577662,7.6071563,22.15228,5.800064
"120","7am",42.33304,6.2228743,6.7241736,32.25422,12.465692
"121","7am",37.27597,19.4912609,7.465241,27.19138,8.576147
"122","7am",36.71101,6.4118763,9.322486,32.96304,14.591579
"123","7am",50.80042,5.7259996,5.9501252,23.66248,13.860978
"124","7am",49.0699,2.9103857,12.3560394,28.89408,6.769594
"125","7am",33.58668,9.8602637,13.36748,29.98061,13.204966
"126","7am",63.80026,3.1920214,1.3064129,22.19972,9.501591
"127","7am",44.19307,7.173723,8.2792284,28.82394,11.530037
"128","7am",45.02845,5.374656,4.0263596,38.12395,7.446589
"129","7am",43.68661,1.6217492,0.9547037,38.94943,14.787502
"130","7am",42.62298,1.3574967,0.8243715,46.33961,8.855538
"131","7am",48.47501,2.6205086,3.8858759,40.66598,4.352625
"132","7am",44.29315,1.1169572,1.7822844,44.79362,8.013998
"133","7am",48.22897,7.0481451,1.3466321,40.90375,2.4725
"134","7am",46.83013,3.4117391,2.8417748,39.30619,7.610163
"135","7am",41.21844,4.3017499,3.6926946,41.58413,9.202979
"136","7am",38.21851,1.7773785,2.6700578,45.74066,11.593394
"137","7am",41.39425,2.7835509,9.487628,41.58984,4.744728
"001","8am",60.71838,8.3943515,10.471551,12.411483,8.0042307
"002","8am",46.07822,2.2590005,4.612246,38.178146,8.8723825
"003","8am",56.65489,5.6565429,5.041364,26.468776,6.1784229
"004","8am",47.22828,12.1242186,8.901575,26.257681,5.4882472
"005","8am",56.6203,13.6032273,11.649171,12.164212,5.9630923
"006","8am",51.44122,21.7659035,6.154533,16.618387,4.0199548
"007","8am",41.29712,8.1253545,4.292938,35.999088,10.2855001
"008","8am",50.51378,9.0780497,5.571804,28.068964,6.7674044
"009","8am",40.01306,27.5549365,3.459637,26.377723,2.5946394
"010","8am",35.17653,18.8070677,7.830255,34.630885,3.5552583
"011","8am",42.65935,9.4899212,5.956837,33.013485,8.8804062
"012","8am",45.97099,3.9333479,6.543085,38.964309,4.5882681
"013","8am",50.99282,12.3338176,8.201638,21.817267,6.654456
"014","8am",51.38693,4.4648363,10.324133,20.326192,13.4979088
"015","8am",49.48308,10.9351178,3.46379,33.660146,2.4578652
"016","8am",50.19858,10.152889,7.324256,28.558355,3.7659226
"017","8am",44.28966,2.9381541,9.216456,38.121023,5.4347101
"018","8am",32.61918,14.3808482,11.536475,35.542489,5.9210096
"019","8am",43.13928,6.605603,2.445529,41.901041,5.9085431
"020","8am",32.31748,27.6594021,5.954111,14.903133,19.1658709
"021","8am",33.28588,1.8567396,11.650372,28.86231,24.3446984
"022","8am",52.11978,4.9111458,6.888506,17.032938,19.0476269
"023","8am",38.43432,19.0895522,11.325152,21.60387,9.5471009
"024","8am",50.0439,3.8064295,0,41.27482,4.8748526
"025","8am",42.44117,8.5528043,4.371687,38.077409,6.5569262
"026","8am",40.72532,24.3279497,2.996353,28.990778,2.9595958
"027","8am",25.57614,16.6850592,12.975279,35.158797,9.6047296
"028","8am",40.67069,5.7024735,11.657543,38.215183,3.7541145
"029","8am",36.47588,10.604304,11.151487,31.874156,9.8941775
"030","8am",31.9415,16.3242479,10.369136,26.361488,15.0036281
"031","8am",58.1295,3.9009228,4.609571,22.331906,11.028101
"032","8am",45.43598,9.0449064,9.284123,21.034598,15.2003907
"033","8am",57.09426,7.9676141,4.543559,19.414871,10.979692
"034","8am",41.85481,13.9635946,2.648672,31.811385,9.7215406
"035","8am",43.60716,10.2508963,3.324812,35.10879,7.7083401
"036","8am",35.794,9.258563,7.265589,39.528062,8.1537863
"037","8am",43.5339,4.8077525,4.107834,35.035817,12.5146982
"038","8am",52.53852,7.1830358,3.493112,31.737809,5.0475217
"039","8am",38.74995,20.6284482,4.848509,30.50483,5.2682625
"040","8am",31.02667,9.0234934,16.333534,32.45424,11.1620603
"041","8am",43.29412,6.50555,16.346508,27.443876,6.4099421
"042","8am",48.80383,16.431071,3.271718,23.74852,7.7448648
"043","8am",20.89704,7.9157946,3.657673,54.324347,13.2051488
"044","8am",49.5999,9.488569,7.093889,12.858737,20.9589011
"045","8am",59.63703,3.6616392,11.285777,16.090224,9.3253337
"046","8am",33.8658,1.8649246,10.673769,45.198139,8.3973702
"047","8am",39.67206,7.9553842,4.259554,45.829339,2.283666
"048","8am",38.27811,3.8513393,7.555834,33.452742,16.8619698
"049","8am",46.82157,5.0109358,1.957648,36.820694,9.3891531
"050","8am",32.0592,18.2563455,7.405682,34.66705,7.6117214
"051","8am",59.43207,3.2509064,5.044267,28.940668,3.3320895
"052","8am",43.00068,4.6103609,8.128195,38.497715,5.7630517
"053","8am",44.42302,2.8108101,9.280406,38.906533,4.5792284
"054","8am",48.87001,1.3142445,4.346331,38.980854,6.4885578
"055","8am",43.81735,3.9487337,4.357183,34.06754,13.8091955
"056","8am",30.02772,4.4205235,6.597766,48.06049,10.893497
"057","8am",32.46442,2.1103918,7.423756,47.308349,10.6930805
"058","8am",57.59526,4.9164622,6.273048,26.566503,4.6487293
"059","8am",33.73267,1.8823543,1.87991,53.909711,8.5953554
"060","8am",32.20997,6.1612867,7.159297,41.941913,12.5275308
"061","8am",36.28681,8.5344521,8.723707,35.449266,11.0057662
"062","8am",35.36686,4.5843129,5.319246,41.110853,13.6187246
"063","8am",46.15113,4.4465405,5.800272,35.650859,7.9511967
"064","8am",40.6659,4.3543473,2.452264,36.83017,15.6973176
"065","8am",33.7184,3.562831,5.621011,50.665037,6.4327232
"066","8am",40.16896,8.0998903,4.72177,33.822075,13.1873067
"067","8am",45.56459,0,5.57282,37.527212,11.3353798
"068","8am",66.0745,7.3157612,1.722756,21.762704,3.1242767
"069","8am",43.82265,6.5120134,11.737452,32.18715,5.7407385
"070","8am",47.62597,8.1026139,4.660572,31.493578,8.1172691
"071","8am",41.85362,9.5298865,2.948274,35.894834,9.7733879
"072","8am",39.46978,5.8596852,1.759542,46.271363,6.6396331
"073","8am",66.74787,7.9549932,6.864573,17.456995,0.9755675
"074","8am",45.06425,14.777818,8.755872,22.313452,9.0886103
"075","8am",49.80312,3.877533,10.638324,27.791835,7.8891929
"076","8am",47.12343,8.3241725,9.49915,27.592314,7.4609343
"077","8am",65.08972,7.9068545,3.945992,16.426701,6.6307299
"078","8am",42.55805,18.3713437,4.75954,27.045814,7.2652523
"079","8am",30.85718,0,1.574614,52.078306,15.4898954
"080","8am",46.37184,5.2512966,3.796225,26.93577,17.6448694
"081","8am",51.82164,0,1.820136,36.430577,9.9276498
"082","8am",58.18068,5.6381108,6.69496,24.653144,4.8331033
"083","8am",50.52655,3.0942854,8.044747,32.347749,5.9866693
"084","8am",46.89768,34.6351182,1.827084,13.073315,3.5668029
"085","8am",49.78949,21.0975158,4.242603,22.549583,2.3208113
"086","8am",33.32007,13.7406389,10.215513,31.19786,11.5259153
"087","8am",30.17943,45.7055679,3.041906,13.218211,7.8548857
"088","8am",30.92746,4.1693148,3.910945,50.19501,10.7972742
"089","8am",39.37484,13.6559292,5.025898,31.087835,10.8555007
"090","8am",32.06705,3.9851875,14.438041,33.195966,16.3137589
"091","8am",40.78876,37.1078214,3.478139,15.553738,3.071543
"092","8am",50.19164,7.2675565,5.096693,26.451758,10.9923511
"093","8am",85.08756,2.3306167,1.855249,9.183325,1.5432529
"094","8am",38.57108,33.4267189,2.586332,19.61546,5.8004128
"095","8am",38.07548,5.4664763,4.10792,39.683925,12.6661969
"096","8am",53.51381,2.0637924,2.984236,33.592514,7.8456524
"097","8am",43.38024,0,3.749262,42.678834,10.1916663
"098","8am",41.11506,4.5467551,1.36847,41.842685,11.12703
"099","8am",49.18996,4.7821617,5.01462,33.010578,8.0026822
"100","8am",53.80089,1.0228912,6.187157,30.276162,8.7128953
"101","8am",55.74205,0.7355621,3.775552,33.500489,6.246345
"102","8am",41.59711,1.9157221,15.180208,27.300612,14.0063505
"103","8am",58.66413,0.8807741,8.569095,20.688062,11.1979432
"104","8am",44.25944,8.4454192,6.241401,36.716287,4.337456
"105","8am",43.79551,2.6942727,4.169711,33.432202,15.9083028
"106","8am",39.63877,3.2576859,6.268581,40.487592,10.3473742
"107","8am",38.10081,5.3478641,12.118141,31.77599,12.6571936
"108","8am",50.37888,5.4011504,5.853361,23.94022,14.4263893
"109","8am",49.90871,4.5202067,4.963376,31.130592,9.4771115
"110","8am",41.52123,3.3437173,6.85738,32.914805,15.3628645
"111","8am",33.97569,3.5764124,4.712639,38.408475,19.3267815
"112","8am",28.44786,3.3306698,2.73486,52.237925,13.2486838
"113","8am",39.08901,7.8459712,4.256862,34.403608,14.4045442
"114","8am",45.03777,15.1768133,3.40918,23.169666,13.2065704
"115","8am",44.93027,6.3483478,10.677632,27.991686,10.0520668
"116","8am",56.8657,2.2743837,8.122698,24.505869,8.2313508
"117","8am",45.08598,4.2495824,5.995243,38.952657,5.7165421
"118","8am",47.60254,8.4143772,9.452391,26.782517,7.7481702
"119","8am",46.70536,19.8506778,7.070587,19.950578,6.4228019
"120","8am",40.32782,6.7704853,7.315899,33.91735,11.668443
"121","8am",37.88635,18.3967346,7.292271,28.100205,8.3244339
"122","8am",52.88743,3.7352763,6.400135,19.720333,17.2568265
"123","8am",52.33298,7.6521223,5.811172,22.262977,11.9407444
"124","8am",44.31558,2.9754856,11.921257,29.267417,11.520261
"125","8am",32.48521,12.9557488,14.400202,29.036913,11.1219257
"126","8am",66.01983,2.8699264,1.174588,21.016579,8.9190733
"127","8am",45.82097,6.496823,8.224491,28.003907,11.4538081
"128","8am",46.03065,2.2627558,4.999859,38.946505,7.7602302
"129","8am",40.38544,0,1.100365,43.006011,15.5081863
"130","8am",37.30099,1.5086075,0.916137,50.432962,9.8412989
"131","8am",53.50644,2.2245352,4.349749,36.747508,3.1717651
"132","8am",40.33175,1.3040066,2.080752,47.883829,8.3996625
