"district","hour","resarea1","resarea2","resarea3"
"001","4am",0,1.2789621,98.7210379
"002","4am",0,0,100
"003","4am",0,0,100
"004","4am",0.3124765,0,99.6875235
"005","4am",0.4305905,0.5478929,99.0215166
"006","4am",0,1.6532378,98.3467622
"007","4am",0,0.9635328,99.0364672
"008","4am",0.4654294,0.1869182,99.3476525
"009","4am",2.2146591,1.5711071,96.2142338
"010","4am",0.1333131,0.2135181,99.6531688
"011","4am",0,0.2442696,99.7557304
"012","4am",0,0.432186,99.567814
"013","4am",0,0.7475573,99.2524427
"014","4am",0,0.1695684,99.8304316
"015","4am",0,0.1585386,99.8414614
"016","4am",0,0.9821545,99.0178455
"017","4am",0,0,100
"018","4am",0,0,100
"019","4am",0,0,100
"020","4am",0,0,100
"021","4am",0,0.1419511,99.8580489
"022","4am",0,0,100
"023","4am",0.8533096,0.8115653,98.3351251
"024","4am",0,1.5787263,98.4212737
"025","4am",0,0.2032618,99.7967382
"026","4am",0,0,100
"027","4am",0,0,100
"028","4am",0,0.8878176,99.1121824
"029","4am",0,1.1919882,98.8080118
"030","4am",0,0,100
"031","4am",0,1.455783,98.544217
"032","4am",0,0.1943414,99.8056586
"033","4am",0,1.1809469,98.8190531
"034","4am",0,0,100
"035","4am",0,0,100
"036","4am",0,0,100
"037","4am",0.8313745,1.2755822,97.8930433
"038","4am",0,1.4607759,98.5392241
"039","4am",0,0.3099235,99.6900765
"040","4am",0,0.4731583,99.5268417
"041","4am",0,0,100
"042","4am",0,0,100
"043","4am",0,0,100
"044","4am",0,2.5606728,97.4393272
"045","4am",0,100,0
"046","4am",0,99.5956246,0.4043754
"047","4am",0,100,0
"048","4am",100,0,0
"049","4am",0.5420218,99.4579782,0
"050","4am",0,99.3407116,0.6592884
"051","4am",0.4922683,98.1342462,1.3734855
"052","4am",0,100,0
"053","4am",0,100,0
"054","4am",0,100,0
"055","4am",0,100,0
"056","4am",0,100,0
"057","4am",0,100,0
"058","4am",0,97.7640918,2.2359082
"059","4am",0,99.5627939,0.4372061
"060","4am",0,100,0
"061","4am",0,100,0
"062","4am",0,98.4542427,1.5457573
"063","4am",0,100,0
"064","4am",100,0,0
"065","4am",96.7796688,1.0422513,2.17808
"066","4am",1.2474485,96.8862326,1.8663188
"067","4am",0.2997802,99.7002198,0
"068","4am",0,97.8236094,2.1763906
"069","4am",0,100,0
"070","4am",0,100,0
"071","4am",0,100,0
"072","4am",0,98.4469004,1.5530996
"073","4am",0.7729863,97.8828011,1.3442126
"074","4am",0,100,0
"075","4am",0,97.2121523,2.7878477
"076","4am",0,100,0
"077","4am",0,96.8718619,3.1281381
"078","4am",0,100,0
"079","4am",98.4948418,1.2076387,0.2975194
"080","4am",97.3192377,0.5609383,2.119824
"081","4am",99.5644166,0.4355834,0
"082","4am",0,100,0
"083","4am",0,100,0
"084","4am",0,98.8337572,1.1662428
"085","4am",4.6531278,95.1005455,0.2463267
"086","4am",1.3184616,98.6815384,0
"087","4am",0,98.0520046,1.9479954
"088","4am",0,100,0
"089","4am",1.0024195,96.9571438,2.0404367
"090","4am",0,100,0
"091","4am",0.7420102,99.2579898,0
"092","4am",0,100,0
"093","4am",0,93.6133046,6.3866954
"094","4am",0,100,0
"095","4am",0,100,0
"096","4am",0,100,0
"097","4am",1.4940229,98.5059771,0
"098","4am",100,0,0
"099","4am",0,100,0
"100","4am",0,100,0
"101","4am",0.9864597,99.0135403,0
"102","4am",100,0,0
"103","4am",99.2035034,0.7964966,0
"104","4am",100,0,0
"105","4am",100,0,0
"106","4am",100,0,0
"107","4am",98.9411822,1.0588178,0
"108","4am",0.9669942,96.0691889,2.9638169
"109","4am",97.5596759,2.4403241,0
"110","4am",1.9279354,98.0720646,0
"111","4am",0,100,0
"112","4am",0,100,0
"113","4am",0,100,0
"114","4am",0,100,0
"115","4am",0.4569405,99.5430595,0
"116","4am",0,98.7205275,1.2794725
"117","4am",100,0,0
"118","4am",0.6622005,99.3377995,0
"119","4am",0,100,0
"120","4am",0,100,0
"121","4am",0.2429742,99.7570258,0
"122","4am",0,100,0
"123","4am",0,100,0
"124","4am",0,100,0
"125","4am",0,100,0
"126","4am",0.5952616,96.7278576,2.6768808
"127","4am",0,100,0
"128","4am",99.4054482,0.5945518,0
"129","4am",100,0,0
"130","4am",99.2361207,0,0.7638793
"131","4am",100,0,0
"132","4am",100,0,0
"133","4am",1.9457593,96.4508701,1.6033705
"134","4am",1.3333515,98.2512443,0.4154043
"135","4am",0,100,0
"136","4am",99.4963756,0.5036244,0
"137","4am",99.7358332,0.2641668,0
"001","5am",0,1.28341755,98.7165824
"002","5am",0,0,100
"003","5am",0,0,100
"004","5am",0.3043499,0,99.6956501
"005","5am",0.4341335,0.55240098,99.0134656
"006","5am",0.846495,2.37701367,96.7764913
"007","5am",0,0.96015376,99.0398462
"008","5am",0.4509912,0.76273862,98.7862702
"009","5am",2.139123,2.46993998,95.390937
"010","5am",0.1336403,0.71363095,99.1527288
"011","5am",0,0.24475721,99.7552428
"012","5am",0,0.44013705,99.559863
"013","5am",0,0.7223907,99.2776093
"014","5am",0,0.16935187,99.8306481
"015","5am",0,0.15879061,99.8412094
"016","5am",0.5671363,0.98531297,98.4475507
"017","5am",0,0,100
"018","5am",0,0.74120962,99.2587904
"019","5am",0,0,100
"020","5am",0,0,100
"021","5am",0,0.42704335,99.5729566
"022","5am",0,0.88800154,99.1119985
"023","5am",0,1.38098995,98.6190101
"024","5am",0,1.5570493,98.4429507
"025","5am",0,0.20302546,99.7969745
"026","5am",0,0,100
"027","5am",0,0,100
"028","5am",0,0.87203169,99.1279683
"029","5am",0,1.20692754,98.7930725
"030","5am",0,0,100
"031","5am",0,2.03286152,97.9671385
"032","5am",0,0.20086381,99.7991362
"033","5am",0,1.21759245,98.7824076
"034","5am",0,0,100
"035","5am",0,0,100
"036","5am",0,0,100
"037","5am",0.8720966,0,99.1279034
"038","5am",0,1.99798534,98.0020147
"039","5am",0,0.31069153,99.6893085
"040","5am",0,0.49528196,99.504718
"041","5am",0,0,100
"042","5am",0,0,100
"043","5am",0,0,100
"044","5am",0,5.14771822,94.8522818
"045","5am",0,100,0
"046","5am",0,99.58442182,0.4155782
"047","5am",0,100,0
"048","5am",100,0,0
"049","5am",0.5449535,99.45504647,0
"050","5am",0,99.31660815,0.6833918
"051","5am",0.4552334,94.98119677,4.5635699
"052","5am",0,100,0
"053","5am",0,100,0
"054","5am",0,100,0
"055","5am",0,100,0
"056","5am",0,100,0
"057","5am",0,100,0
"058","5am",0,94.42633855,5.5736614
"059","5am",0,99.55533505,0.4446649
"060","5am",0,99.61556654,0.3844335
"061","5am",0,100,0
"062","5am",0,98.45424272,1.5457573
"063","5am",0,98.56921004,1.43079
"064","5am",100,0,0
"065","5am",96.6946422,1.06976988,2.2355879
"066","5am",1.2932513,96.77190401,1.9348447
"067","5am",0.3053945,99.6946055,0
"068","5am",0.6401642,96.18995159,3.1698842
"069","5am",0,100,0
"070","5am",0,100,0
"071","5am",0,99.0350211,0.9649789
"072","5am",0,97.56313813,2.4368619
"073","5am",0.7495018,96.39850587,2.8519923
"074","5am",0,100,0
"075","5am",0,97.1150461,2.8849539
"076","5am",0,98.41271514,1.5872849
"077","5am",0.8189162,96.16718879,3.013895
"078","5am",0,100,0
"079","5am",97.7104458,2.00180423,0.28775
"080","5am",97.0266934,0.81681328,2.1564933
"081","5am",99.5553921,0.44460794,0
"082","5am",0,100,0
"083","5am",0,100,0
"084","5am",0,98.85399311,1.1460069
"085","5am",4.9603126,94.79361932,0.2460681
"086","5am",1.3274218,98.67257816,0
"087","5am",0.4575681,97.60334996,1.939082
"088","5am",0,100,0
"089","5am",1.2762842,96.66326562,2.0604501
"090","5am",0,100,0
"091","5am",2.0332919,97.96670808,0
"092","5am",0.6086553,99.24717259,0.1441722
"093","5am",0,91.29375422,8.7062458
"094","5am",0,100,0
"095","5am",0,100,0
"096","5am",0,100,0
"097","5am",1.5029623,98.49703775,0
"098","5am",100,0,0
"099","5am",0,100,0
"100","5am",0,100,0
"101","5am",0.9767189,99.02328109,0
"102","5am",100,0,0
"103","5am",98.4420893,1.55791066,0
"104","5am",99.7385558,0.26144417,0
"105","5am",98.9661592,1.03384078,0
"106","5am",100,0,0
"107","5am",98.931997,1.06800295,0
"108","5am",0.963248,96.08441745,2.9523346
"109","5am",97.497938,2.50206202,0
"110","5am",1.9408775,98.05912254,0
"111","5am",0,100,0
"112","5am",0,100,0
"113","5am",0,100,0
"114","5am",0,99.15359763,0.8464024
"115","5am",1.1194773,98.88052266,0
"116","5am",0,98.67798909,1.3220109
"117","5am",100,0,0
"118","5am",0.6553773,99.34462273,0
"119","5am",0,100,0
"120","5am",0,100,0
"121","5am",0.2508036,99.74919641,0
"122","5am",0,100,0
"123","5am",0,100,0
"124","5am",0,100,0
"125","5am",0,100,0
"126","5am",0,97.36357528,2.6364247
"127","5am",0,100,0
"128","5am",99.4054482,0.59455182,0
"129","5am",99.9123734,0.08762664,0
"130","5am",99.2309675,0,0.7690325
"131","5am",100,0,0
"132","5am",100,0,0
"133","5am",2.1573979,96.24900244,1.5935997
"134","5am",1.3032403,98.29073657,0.4060231
"135","5am",0.3443011,99.65569888,0
"136","5am",99.4876918,0.5123082,0
"137","5am",99.7358332,0.26416679,0
"001","6am",0,3.8297298,96.1702702
"002","6am",0,1.0934264,98.9065736
"003","6am",0,2.3665309,97.6334691
"004","6am",0.801348,0.5243205,98.6743315
"005","6am",0.4348489,0.845993,98.7191582
"006","6am",0,2.3849225,97.6150775
"007","6am",0,0.9863381,99.0136619
"008","6am",0.4455995,1.9272679,97.6271326
"009","6am",2.90106,2.1968831,94.9020569
"010","6am",0.1313284,2.0993176,97.769354
"011","6am",0,0.2539926,99.7460074
"012","6am",0,0.6101063,99.3898937
"013","6am",0,1.6963307,98.3036693
"014","6am",0.4572767,2.9680493,96.5746741
"015","6am",0.2949539,1.2805472,98.4244989
"016","6am",0.5792105,1.0062901,98.4144994
"017","6am",0,0,100
"018","6am",0,1.6353311,98.3646689
"019","6am",0,0,100
"020","6am",0,0.2292378,99.7707622
"021","6am",0,1.4257096,98.5742904
"022","6am",0,5.0277087,94.9722913
"023","6am",0.390312,3.9713795,95.6383085
"024","6am",0,1.2714082,98.7285918
"025","6am",0.5343223,1.1935243,98.2721535
"026","6am",0.3037145,1.5328951,98.1633905
"027","6am",0,0,100
"028","6am",0,0.8729257,99.1270743
"029","6am",0,1.5632723,98.4367277
"030","6am",0,0.4177422,99.5822578
"031","6am",0,3.7573232,96.2426768
"032","6am",0,3.065079,96.934921
"033","6am",0.9665835,5.0989052,93.9345113
"034","6am",0,0,100
"035","6am",0,0.3085642,99.6914358
"036","6am",0.778209,0,99.221791
"037","6am",0.982225,0.3028966,98.7148785
"038","6am",0,3.5314186,96.4685814
"039","6am",0,0.325208,99.674792
"040","6am",0,1.1347912,98.8652088
"041","6am",0,0,100
"042","6am",0,0,100
"043","6am",0,0,100
"044","6am",1.4380164,8.3890954,90.1728881
"045","6am",0,93.2423254,6.7576746
"046","6am",0,100,0
"047","6am",0,97.8080641,2.1919359
"048","6am",96.7014679,2.0487516,1.2497805
"049","6am",1.3058305,94.8918233,3.8023462
"050","6am",0,98.5309498,1.4690502
"051","6am",0.4514351,89.64775,9.9008149
"052","6am",0,99.3837496,0.6162504
"053","6am",0.7542518,99.2457482,0
"054","6am",0,100,0
"055","6am",0,100,0
"056","6am",0,100,0
"057","6am",0,100,0
"058","6am",0.5566517,97.2059308,2.2374175
"059","6am",0,98.4817501,1.5182499
"060","6am",0.4570546,99.1584391,0.3845063
"061","6am",0,100,0
"062","6am",0,98.3248645,1.6751355
"063","6am",0,98.5172171,1.4827829
"064","6am",99.1144308,0.8855692,0
"065","6am",96.4010607,1.1647867,2.4341526
"066","6am",1.3467076,96.638471,2.0148213
"067","6am",1.0421787,98.9578213,0
"068","6am",0.9472567,96.9788482,2.0738951
"069","6am",0,100,0
"070","6am",0,100,0
"071","6am",0,97.2617152,2.7382848
"072","6am",0,97.5424503,2.4575497
"073","6am",1.3424335,92.5534424,6.1041241
"074","6am",0,100,0
"075","6am",0,97.0322014,2.9677986
"076","6am",0.3962995,97.9740725,1.629628
"077","6am",5.7425523,88.7911674,5.4662802
"078","6am",0,100,0
"079","6am",97.2862699,2.4046617,0.3090684
"080","6am",96.0127346,1.7466268,2.2406386
"081","6am",100,0,0
"082","6am",0,97.7375029,2.2624971
"083","6am",1.2491462,98.7508538,0
"084","6am",0.3497563,98.8599069,0.7903367
"085","6am",2.2452757,96.8861988,0.8685255
"086","6am",1.351162,98.648838,0
"087","6am",0.4623652,96.7494758,2.788159
"088","6am",0,100,0
"089","6am",2.290074,95.7945306,1.9153955
"090","6am",0,100,0
"091","6am",3.4408549,96.5591451,0
"092","6am",2.1527678,97.7010659,0.1461663
"093","6am",1.3759671,87.0369094,11.5871235
"094","6am",0,100,0
"095","6am",0.6236602,99.3763398,0
"096","6am",0,100,0
"097","6am",3.0164813,96.9835187,0
"098","6am",97.6814367,2.3185633,0
"099","6am",3.6406932,96.3593068,0
"100","6am",0,95.7193455,4.2806545
"101","6am",2.0161288,97.7614379,0.2224334
"102","6am",100,0,0
"103","6am",97.0952309,2.9047691,0
"104","6am",99.7287542,0.2712458,0
"105","6am",98.8585043,1.1414957,0
"106","6am",98.6341807,1.3658193,0
"107","6am",97.6141916,2.3858084,0
"108","6am",1.7167013,96.7415756,1.5417231
"109","6am",96.2771098,3.7228902,0
"110","6am",1.9858185,98.0141815,0
"111","6am",0,100,0
"112","6am",0,100,0
"113","6am",0,99.0692979,0.9307021
"114","6am",0,99.1358898,0.8641102
"115","6am",0.6749638,99.3250362,0
"116","6am",0,98.0851894,1.9148106
"117","6am",100,0,0
"118","6am",1.5471583,98.4528417,0
"119","6am",1.6865184,98.3134816,0
"120","6am",0,100,0
"121","6am",0.9202292,99.0797708,0
"122","6am",0,100,0
"123","6am",0,100,0
"124","6am",0,100,0
"125","6am",0,100,0
"126","6am",0,98.1816401,1.8183599
"127","6am",0,100,0
"128","6am",99.3362482,0.6637518,0
"129","6am",98.8069138,1.1930862,0
"130","6am",99.186741,0,0.813259
"131","6am",100,0,0
"132","6am",100,0,0
"133","6am",3.0850008,95.279074,1.6359251
"134","6am",4.1136343,95.4902894,0.3960763
"135","6am",0.3565648,99.6434352,0
"136","6am",99.4332972,0.5667028,0
"137","6am",98.244999,0.2754945,1.4795065
"001","7am",0.7145689,7.9670603,91.3183708
"002","7am",1.1110231,5.5582657,93.3307113
"003","7am",0,9.7124718,90.2875282
"004","7am",1.4774293,2.0130934,96.5094772
"005","7am",1.7331244,4.4781486,93.788727
"006","7am",1.7229129,9.395301,88.8817861
"007","7am",0,1.3027034,98.6972966
"008","7am",0.4481658,3.8184003,95.7334339
"009","7am",1.3783211,6.4592773,92.1624016
"010","7am",0.6835655,2.4060311,96.9104034
"011","7am",1.0221327,1.7842613,97.193606
"012","7am",0.533929,5.5329484,93.9331226
"013","7am",0,6.3060687,93.6939313
"014","7am",0.6327646,7.3100158,92.0572196
"015","7am",0.2741515,4.2309838,95.4948647
"016","7am",2.8825587,2.6469082,94.4705331
"017","7am",0.307744,0.7055308,98.9867252
"018","7am",0,2.1106671,97.8893329
"019","7am",0,0.4199822,99.5800178
"020","7am",0.4902674,0.6701288,98.8396038
"021","7am",0,3.3504627,96.6495373
"022","7am",2.0116433,8.6199472,89.3684095
"023","7am",0.7552245,7.2242077,92.0205678
"024","7am",0,2.5933685,97.4066315
"025","7am",0.5409713,4.8446488,94.6143798
"026","7am",0.7434775,3.941195,95.3153275
"027","7am",0,0.3530824,99.6469176
"028","7am",0.1782682,4.4714153,95.3503165
"029","7am",0,0.5580558,99.4419442
"030","7am",0.3107374,1.8066734,97.8825892
"031","7am",0.8930784,10.0756729,89.0312487
"032","7am",0,7.7902739,92.2097261
"033","7am",5.5715494,7.2958743,87.1325763
"034","7am",0.167708,2.5815384,97.2507535
"035","7am",0.5934696,3.1959393,96.2105911
"036","7am",1.555032,0.5303828,97.9145853
"037","7am",1.2018457,0,98.7981543
"038","7am",1.6478783,10.2472937,88.104828
"039","7am",0.8602504,8.3370729,90.8026767
"040","7am",0.5912324,3.3666954,96.0420722
"041","7am",0.2007552,2.7776372,97.0216076
"042","7am",0.3086387,4.1293596,95.5620016
"043","7am",0,0,100
"044","7am",2.8017377,12.2362138,84.9620486
"045","7am",0,87.5719338,12.4280662
"046","7am",0,97.9770274,2.0229726
"047","7am",0,95.4073338,4.5926662
"048","7am",92.9222009,3.7835522,3.2942469
"049","7am",4.8179924,86.5053005,8.676707
"050","7am",1.146365,94.7641053,4.0895296
"051","7am",1.5943146,82.0253569,16.3803284
"052","7am",0.4938733,98.9420444,0.5640823
"053","7am",0.9331381,99.0668619,0
"054","7am",1.5685237,93.7203886,4.7110877
"055","7am",0,100,0
"056","7am",0,100,0
"057","7am",0,97.3704917,2.6295083
"058","7am",7.2572227,84.6744381,8.0683392
"059","7am",0,95.4200079,4.5799921
"060","7am",1.456637,96.2095635,2.3337996
"061","7am",0.3876883,98.7581811,0.8541306
"062","7am",1.2382195,98.7617805,0
"063","7am",1.5684013,94.4997826,3.9318161
"064","7am",98.8956815,1.1043185,0
"065","7am",95.1553844,1.9703541,2.8742615
"066","7am",3.6215166,93.8862092,2.4922742
"067","7am",4.2973036,95.7026964,0
"068","7am",4.688858,93.3833509,1.9277911
"069","7am",1.4489727,98.5510273,0
"070","7am",1.0675485,96.7469467,2.1855048
"071","7am",0.9298307,96.6304126,2.4397567
"072","7am",0,93.3960174,6.6039826
"073","7am",4.7486304,87.4434152,7.8079545
"074","7am",1.0568659,96.5284189,2.4147152
"075","7am",0,91.9146077,8.0853923
"076","7am",1.4848784,95.522034,2.9930876
"077","7am",7.6691754,84.7786421,7.5521825
"078","7am",0,100,0
"079","7am",94.0194788,5.6057192,0.374802
"080","7am",94.7921205,2.915672,2.2922075
"081","7am",98.726476,1.273524,0
"082","7am",10.4286716,87.0680271,2.5033013
"083","7am",3.085658,96.914342,0
"084","7am",5.9579714,91.6679487,2.3740799
"085","7am",5.5201776,90.9274751,3.5523473
"086","7am",2.491681,95.6904341,1.817885
"087","7am",2.8174165,93.0674996,4.1150839
"088","7am",0,100,0
"089","7am",7.1802639,91.0042753,1.8154609
"090","7am",1.6002635,96.6313092,1.7684273
"091","7am",5.8932772,92.5732015,1.5335212
"092","7am",5.097174,94.7202411,0.182585
"093","7am",9.180665,77.9557394,12.8635956
"094","7am",6.5530473,93.4469527,0
"095","7am",5.7726589,94.2273411,0
"096","7am",3.3676583,91.1330241,5.4993177
"097","7am",4.6536016,92.2255447,3.1208537
"098","7am",96.4517659,3.5482341,0
"099","7am",4.6367314,95.3632686,0
"100","7am",1.3439512,91.155695,7.5003537
"101","7am",3.0653544,96.712538,0.2221075
"102","7am",100,0,0
"103","7am",84.0268223,15.1987597,0.774418
"104","7am",97.6375268,1.8110916,0.5513816
"105","7am",98.7365568,1.2634432,0
"106","7am",95.2228563,4.7771437,0
"107","7am",93.6379442,6.3620558,0
"108","7am",0.4234517,97.7776164,1.7989319
"109","7am",94.1318981,5.3071906,0.5609114
"110","7am",4.2990894,95.7009106,0
"111","7am",0,100,0
"112","7am",0,100,0
"113","7am",0,97.5741354,2.4258646
"114","7am",0.8511643,95.5361304,3.6127053
"115","7am",1.4463888,98.5536112,0
"116","7am",0.5090926,96.0503254,3.4405819
"117","7am",96.4718626,3.5281374,0
"118","7am",4.0962345,95.9037655,0
"119","7am",11.496161,88.15967,0.344169
"120","7am",1.6703928,98.3296072,0
"121","7am",1.0034877,98.9965123,0
"122","7am",6.0359929,93.9640071,0
"123","7am",2.0229896,97.9770104,0
"124","7am",1.7205758,98.2794242,0
"125","7am",0.9182206,98.4734277,0.6083517
"126","7am",2.2539813,95.729923,2.0160957
"127","7am",1.1324531,98.8675469,0
"128","7am",93.8407692,6.1592308,0
"129","7am",94.0975451,5.9024549,0
"130","7am",99.0158474,0,0.9841526
"131","7am",97.5012963,2.4987037,0
"132","7am",98.0761639,1.9238361,0
"133","7am",9.0686019,88.5622569,2.3691412
"134","7am",9.6743585,89.8903785,0.435263
"135","7am",1.609736,98.390264,0
"136","7am",99.1135876,0.8864124,0
"137","7am",98.1488949,0.2905806,1.5605245
"001","8am",2.3287097,10.553388,87.1179026
"002","8am",1.0610428,12.572443,86.3665145
"003","8am",0,13.873971,86.1260291
"004","8am",2.9876001,3.542182,93.4702183
"005","8am",0.753098,9.502306,89.7445957
"006","8am",2.2338799,15.692256,82.0738638
"007","8am",0.7368721,2.736982,96.526146
"008","8am",0.5831241,6.42855,92.9883256
"009","8am",3.4582178,6.695712,89.8460706
"010","8am",1.3156808,3.568035,95.1162844
"011","8am",1.0542661,4.974049,93.9716844
"012","8am",1.1535293,6.238448,92.608023
"013","8am",0.3041492,9.329861,90.36599
"014","8am",1.2022992,13.277177,85.5205241
"015","8am",0.3656298,7.568703,92.0656669
"016","8am",4.7032349,4.231602,91.0651627
"017","8am",0.3881288,3.654301,95.9575703
"018","8am",0,2.518853,97.4811472
"019","8am",0,2.330877,97.6691234
"020","8am",0.5048107,2.265048,97.2301412
"021","8am",0.8537432,4.944314,94.2019425
"022","8am",2.1713554,11.637319,86.191326
"023","8am",1.7253287,10.682352,87.5923197
"024","8am",0.6330966,5.298459,94.0684443
"025","8am",0.493338,8.589371,90.9172909
"026","8am",0.6958005,5.383762,93.9204372
"027","8am",0,2.463813,97.5361869
"028","8am",0.9737923,4.741576,94.2846322
"029","8am",0,4.104119,95.8958814
"030","8am",0.456328,6.52844,93.0152317
"031","8am",0.8559391,10.83252,88.3115414
"032","8am",0,13.223432,86.7765682
"033","8am",7.2844364,15.485258,77.2303057
"034","8am",0.1573433,5.488723,94.3539333
"035","8am",0.8057594,3.193701,96.0005399
"036","8am",3.0532107,3.28083,93.6659589
"037","8am",1.3726222,2.45994,96.1674378
"038","8am",2.1072056,11.016115,86.8766798
"039","8am",0.8798642,11.752017,87.3681185
"040","8am",1.2879298,4.83,93.8820697
"041","8am",0.1923412,6.939987,92.8676714
"042","8am",1.7217954,12.068998,86.209207
"043","8am",0,0,100
"044","8am",3.9683217,18.321062,77.7106162
"045","8am",0.8046122,84.877027,14.3183607
"046","8am",0.3858032,91.575942,8.0382552
"047","8am",0,93.464809,6.5351911
"048","8am",87.5558074,4.959871,7.4843219
"049","8am",4.9266046,77.225684,17.847711
"050","8am",3.0987198,89.967411,6.9338694
"051","8am",2.9868074,76.207734,20.8054582
"052","8am",0.9330214,95.049409,4.0175691
"053","8am",1.6143479,96.851604,1.5340486
"054","8am",0,94.357218,5.6427818
"055","8am",0,100,0
"056","8am",0,100,0
"057","8am",0,96.763867,3.2361328
"058","8am",7.5198391,81.321377,11.1587839
"059","8am",0,90.043642,9.9563577
"060","8am",2.0539385,90.054173,7.8918888
"061","8am",0.3864204,98.13137,1.4822092
"062","8am",0,100,0
"063","8am",1.6115566,92.061075,6.3273688
"064","8am",98.6891623,1.310838,0
"065","8am",89.423408,7.580892,2.9957004
"066","8am",4.1072957,93.066124,2.8265802
"067","8am",3.4834643,93.558592,2.9579436
"068","8am",9.7550359,84.259278,5.9856862
"069","8am",5.0581964,94.941804,0
"070","8am",1.3269102,93.109731,5.5633592
"071","8am",2.4527915,87.658735,9.8884734
"072","8am",0,93.903985,6.0960153
"073","8am",4.8500773,82.841668,12.3082547
"074","8am",3.0227135,91.9199,5.0573861
"075","8am",0,91.481533,8.5184667
"076","8am",2.0641571,94.259262,3.6765808
"077","8am",9.4451255,80.296675,10.2581999
"078","8am",0,100,0
"079","8am",85.6215553,12.739972,1.6384729
"080","8am",92.1579643,4.958263,2.8837723
"081","8am",98.423556,1.576444,0
"082","8am",12.1995263,80.720703,7.0797706
"083","8am",4.9471813,94.136814,0.9160051
"084","8am",7.3277898,89.239057,3.4331528
"085","8am",7.4039505,86.372205,6.2238449
"086","8am",5.9147878,90.750628,3.3345838
"087","8am",6.4304933,82.459806,11.1097007
"088","8am",0,95.444374,4.5556265
"089","8am",6.6235514,90.101176,3.2752727
"090","8am",6.0028916,89.916938,4.0801708
"091","8am",8.560569,88.246184,3.1932468
"092","8am",5.8870473,93.910571,0.2023817
"093","8am",12.3753362,75.340618,12.2840456
"094","8am",6.716502,91.88921,1.3942884
"095","8am",9.0246603,90.97534,0
"096","8am",10.6651392,85.787443,3.5474175
"097","8am",7.6032717,89.049604,3.3471244
"098","8am",90.1419392,9.858061,0
"099","8am",6.0244995,90.542483,3.433018
"100","8am",0.5329836,92.673141,6.7938752
"101","8am",4.1188785,91.230685,4.6504361
"102","8am",100,0,0
"103","8am",75.3075599,23.353334,1.3391059
"104","8am",96.4922247,2.956591,0.5511846
"105","8am",93.8621683,4.313169,1.8246625
"106","8am",88.5525153,9.099591,2.3478934
"107","8am",88.8924032,11.107597,0
"108","8am",1.1162837,97.117959,1.765757
"109","8am",85.9543686,13.463844,0.581787
"110","8am",12.7426002,87.2574,0
"111","8am",0,100,0
"112","8am",0,100,0
"113","8am",0,97.51481,2.4851903
"114","8am",5.3154882,91.405356,3.2791558
"115","8am",7.4072886,90.867007,1.7257042
"116","8am",1.1088964,95.512422,3.3786813
"117","8am",93.1492443,5.401064,1.4496915
"118","8am",6.6759895,92.01678,1.3072306
"119","8am",15.1744395,84.334727,0.4908337
"120","8am",1.8332887,98.166711,0
"121","8am",2.1525448,97.311643,0.5358122
"122","8am",3.995857,96.004143,0
"123","8am",4.0385077,94.922688,1.0388038
"124","8am",3.0189468,96.981053,0
"125","8am",2.1014639,97.273603,0.6249335
"126","8am",3.4208208,93.152669,3.4265102
"127","8am",1.1252173,98.874783,0
"128","8am",88.1523541,11.847646,0
"129","8am",92.1062877,7.893712,0
"130","8am",100,0,0
"131","8am",92.9323745,7.067626,0
"132","8am",96.3946469,3.605353,0
"133","8am",16.5764174,80.988681,2.4349017
"134","8am",16.3392116,83.281471,0.3793174
"135","8am",1.7390489,98.260951,0
"136","8am",97.1512852,1.374615,1.4740998
"137","8am",97.3927295,1.000139,1.6071316
"001","9am",3.2445293,12.244858,84.5106129
"002","9am",2.6924821,13.098748,84.2087695
"003","9am",0,14.761658,85.2383422
"004","9am",3.14481,3.438149,93.4170408
"005","9am",1.6864054,9.46578,88.8478147
"006","9am",3.3813327,17.471262,79.147405
"007","9am",0.7927756,5.563499,93.6437252
"008","9am",0.7246905,8.745464,90.5298453
"009","9am",3.1452273,7.793985,89.0607872
"010","9am",1.2712604,4.112566,94.6161735
"011","9am",1.3259915,10.144722,88.5292869
"012","9am",1.2719282,7.783408,90.944664
"013","9am",0.2730015,10.930674,88.7963246
"014","9am",2.019084,14.529451,83.4514645
"015","9am",0.4021252,9.042667,90.5552076
"016","9am",6.9458993,4.346162,88.7079387
"017","9am",0.4324985,4.07205,95.4954519
"018","9am",0,3.888917,96.1110826
"019","9am",1.5220514,2.474802,96.0031466
"020","9am",0.5303799,3.39157,96.0780496
"021","9am",0.9274006,5.486265,93.5863347
"022","9am",2.0663959,11.924703,86.0089011
"023","9am",1.8139425,11.88557,86.3004878
"024","9am",1.6337264,6.639796,91.7264772
"025","9am",0.454895,9.372369,90.1727356
"026","9am",0.6232693,4.06669,95.3100406
"027","9am",0,2.52071,97.4792904
"028","9am",1.060678,6.128671,92.8106509
"029","9am",0,8.929319,91.0706812
"030","9am",0.6621321,6.393425,92.9444425
"031","9am",0.9631828,11.88729,87.1495275
"032","9am",0.47516,14.286499,85.2383411
"033","9am",8.1603459,16.172571,75.6670834
"034","9am",0.3194295,5.629064,94.0515066
"035","9am",1.0381781,3.725974,95.2358478
"036","9am",3.3168945,3.564172,93.1189336
"037","9am",1.4799678,5.076903,93.4431291
"038","9am",2.5317534,13.411031,84.0572159
"039","9am",1.465631,12.170955,86.3634136
"040","9am",1.4097473,6.534343,92.0559099
"041","9am",0.1864246,6.989675,92.8238999
"042","9am",2.5110943,10.74098,86.747926
"043","9am",0,0,100
"044","9am",3.9604861,19.945332,76.0941817
"045","9am",0.8603999,85.008331,14.1312694
"046","9am",0.379988,88.048111,11.5719007
"047","9am",0.3901634,90.423884,9.1859528
"048","9am",85.9079684,6.342372,7.7496594
"049","9am",5.9238566,74.80516,19.2709837
"050","9am",3.6316137,84.708054,11.6603322
"051","9am",4.8967286,73.753297,21.3499742
"052","9am",0.5340225,95.397392,4.0685852
"053","9am",1.6394123,98.360588,0
"054","9am",0,94.215633,5.7843671
"055","9am",0,100,0
"056","9am",0,100,0
"057","9am",0,90.995083,9.0049175
"058","9am",10.2692088,74.305775,15.4250157
"059","9am",0,89.269816,10.7301842
"060","9am",3.3930058,87.806667,8.8003275
"061","9am",1.5396713,96.640839,1.8194899
"062","9am",0,100,0
"063","9am",4.005776,87.849713,8.1445112
"064","9am",98.5733694,1.426631,0
"065","9am",89.2615673,7.696893,3.0415399
"066","9am",4.378653,90.909035,4.7123119
"067","9am",8.5075521,91.492448,0
"068","9am",11.6993025,82.629351,5.6713464
"069","9am",7.2985968,92.701403,0
"070","9am",1.3321281,93.699385,4.9684871
"071","9am",4.6665308,84.447355,10.8861138
"072","9am",0,89.788499,10.2115006
"073","9am",4.9496536,82.411856,12.6384902
"074","9am",3.1349387,91.619908,5.2451531
"075","9am",1.7356279,88.800882,9.46349
"076","9am",0.9566702,92.982333,6.0609972
"077","9am",10.1876444,79.122775,10.6895805
"078","9am",1.4528573,98.547143,0
"079","9am",81.3008987,15.027284,3.6718177
"080","9am",92.7679677,4.226531,3.0055015
"081","9am",98.3830605,1.616939,0
"082","9am",12.7114487,80.869565,6.4189859
"083","9am",4.9597965,89.41606,5.6241434
"084","9am",8.2733764,88.468609,3.258015
"085","9am",8.0027589,84.028806,7.9684351
"086","9am",6.9899209,87.808,5.202079
"087","9am",6.4463278,80.832328,12.7213446
"088","9am",1.7581832,93.673728,4.5680886
"089","9am",6.8648087,87.252755,5.8824364
"090","9am",4.408772,88.185952,7.4052764
"091","9am",9.4338012,84.042035,6.5241641
"092","9am",6.3547596,92.133494,1.5117466
"093","9am",12.7089911,73.742094,13.5489147
"094","9am",6.6161125,92.010439,1.3734484
"095","9am",7.6592814,92.340719,0
"096","9am",13.4850274,83.070975,3.4439976
"097","9am",10.0058519,85.549726,4.4444216
"098","9am",89.9354122,10.064588,0
"099","9am",5.95416,87.310425,6.7354152
"100","9am",0.5531718,91.252317,8.1945112
"101","9am",5.6193581,91.503329,2.8773131
"102","9am",93.3504047,0,6.6495953
"103","9am",72.8541956,24.489395,2.6564097
"104","9am",95.4156876,4.073675,0.5106376
"105","9am",91.9008223,6.315586,1.7835918
"106","9am",84.9355606,12.64396,2.4204794
"107","9am",88.027601,11.972399,0
"108","9am",2.1291124,95.962249,1.9086383
"109","9am",84.2566045,15.190772,0.5526237
"110","9am",14.1820576,85.817942,0
"111","9am",0,100,0
"112","9am",0,100,0
"113","9am",0,97.539538,2.4604616
"114","9am",5.292891,91.441894,3.2652154
"115","9am",6.8102293,89.163727,4.0260432
"116","9am",1.7397418,95.928666,2.3315919
"117","9am",92.6009886,5.833303,1.5657081
"118","9am",8.4953953,90.174929,1.3296754
"119","9am",15.7137373,83.443991,0.8422719
"120","9am",1.8343819,98.165618,0
"121","9am",1.6383626,97.764406,0.5972309
"122","9am",5.1215213,94.878479,0
"123","9am",4.5041362,94.444567,1.0512964
"124","9am",2.8984427,96.100028,1.0015292
"125","9am",2.0623895,97.324297,0.6133136
"126","9am",3.974779,92.073289,3.9519318
"127","9am",1.1228274,98.877173,0
"128","9am",85.2601523,14.739848,0
"129","9am",91.0898919,8.910108,0
"130","9am",97.5183539,2.481646,0
"131","9am",91.7525336,8.247466,0
"132","9am",96.2567812,3.743219,0
"133","9am",21.1697005,78.055751,0.7745487
"134","9am",19.5457484,80.094099,0.3601528
"135","9am",2.7329961,97.267004,0
"136","9am",96.938992,1.477055,1.5839533
"137","9am",97.1181824,2.881818,0
"001","10am",3.3656868,12.169197,84.4651165
"002","10am",4.1096544,11.349522,84.5408234
"003","10am",1.1626273,11.4082,87.4291722
"004","10am",3.2690415,3.706655,93.0243035
"005","10am",1.3633299,9.206935,89.4297354
"006","10am",3.2776133,17.660563,79.0618234
"007","10am",0.7220608,8.070197,91.2077421
"008","10am",0.8660454,10.32351,88.8104448
"009","10am",2.77795,8.129525,89.0925248
"010","10am",1.0793813,4.825507,94.0951118
"011","10am",1.5523628,10.379451,88.0681867
"012","10am",1.3211902,7.615173,91.0636365
"013","10am",0.4984432,12.288311,87.2132456
"014","10am",1.948146,14.388946,83.6629084
"015","10am",0.9857654,8.939896,90.0743389
"016","10am",6.5772118,3.758726,89.6640626
"017","10am",0.4624583,4.354127,95.183415
"018","10am",0,3.346356,96.6536442
"019","10am",1.610929,3.766422,94.6226487
"020","10am",0.5114024,6.743039,92.7455588
"021","10am",0.9160109,4.966728,94.1172609
"022","10am",2.0886872,13.431679,84.4796341
"023","10am",1.9219824,14.417655,83.6603621
"024","10am",1.478596,6.01848,92.5029242
"025","10am",0.4451763,8.454713,91.1001107
"026","10am",0.6315166,4.463709,94.904774
"027","10am",0,2.198359,97.8016414
"028","10am",1.1040841,5.921701,92.9742151
"029","10am",0,7.856814,92.1431862
"030","10am",0.6746386,11.273403,88.0519582
"031","10am",0.9972075,13.228704,85.7740882
"032","10am",0,13.157269,86.8427305
"033","10am",9.507372,17.276521,73.2161069
"034","10am",0.3109603,6.161042,93.527998
"035","10am",1.0380511,3.989257,94.9726921
"036","10am",3.1040776,3.335489,93.5604331
"037","10am",2.1768573,6.167523,91.6556194
"038","10am",2.7069925,13.393249,83.8997583
"039","10am",1.2115701,13.434248,85.3541822
"040","10am",1.8910591,7.865202,90.2437389
"041","10am",0.2182542,8.18307,91.5986754
"042","10am",3.3389353,10.661442,85.9996224
"043","10am",0,0,100
"044","10am",3.8929515,17.87557,78.2314784
"045","10am",0.9137528,86.700621,12.3856257
"046","10am",0.4237338,89.357919,10.2183467
"047","10am",0.3908354,88.749367,10.8597975
"048","10am",81.1060025,9.042939,9.8510582
"049","10am",6.75363,73.79664,19.4497302
"050","10am",4.5165939,85.238979,10.2444271
"051","10am",6.2635068,68.363014,25.3734796
"052","10am",0.5536336,93.286505,6.1598614
"053","10am",0.6526029,99.347397,0
"054","10am",0,94.299097,5.7009028
"055","10am",0,100,0
"056","10am",0,100,0
"057","10am",0,90.336597,9.6634028
"058","10am",10.1404893,73.284215,16.5752954
"059","10am",0,86.25732,13.7426797
"060","10am",3.4175347,86.93446,9.6480049
"061","10am",2.2173467,95.84427,1.9383828
"062","10am",0,100,0
"063","10am",3.5719345,81.521056,14.9070092
"064","10am",98.4673178,1.532682,0
"065","10am",89.654049,7.233069,3.112882
"066","10am",4.2045692,91.270468,4.5249626
"067","10am",6.8461404,93.15386,0
"068","10am",12.4425502,82.833553,4.7238972
"069","10am",6.8390137,93.160986,0
"070","10am",1.3583838,92.370959,6.2706573
"071","10am",5.4548013,83.633559,10.9116401
"072","10am",0,91.686233,8.3137667
"073","10am",5.2329246,81.544814,13.2222616
"074","10am",3.1787733,91.809717,5.0115094
"075","10am",1.7484715,88.718009,9.5335195
"076","10am",2.1873001,93.266601,4.5460989
"077","10am",10.0906178,79.230054,10.6793286
"078","10am",0,100,0
"079","10am",80.2010073,16.220556,3.5784366
"080","10am",95.0681733,4.357422,0.5744049
"081","10am",98.3328881,1.667112,0
"082","10am",12.5856455,79.275823,8.1385316
"083","10am",4.7928616,89.77229,5.4348482
"084","10am",9.8682799,86.18939,3.9423301
"085","10am",8.2988195,85.316007,6.3851734
"086","10am",6.1393495,88.95862,4.90203
"087","10am",5.9189596,76.546279,17.5347611
"088","10am",1.8311684,93.411114,4.7577177
"089","10am",6.7159292,86.123587,7.1604834
"090","10am",4.123193,86.285553,9.5912537
"091","10am",8.502836,82.210113,9.2870507
"092","10am",9.6451011,88.727312,1.6275873
"093","10am",13.2629125,72.363962,14.3731259
"094","10am",6.7591456,91.837714,1.4031408
"095","10am",10.9088326,89.091167,0
"096","10am",13.9657831,82.450543,3.583674
"097","10am",9.9878211,86.424878,3.5873008
"098","10am",88.2372647,11.762735,0
"099","10am",6.185714,86.535959,7.2783271
"100","10am",1.8634479,90.568744,7.5678078
"101","10am",5.8551586,91.14679,2.9980514
"102","10am",92.8875989,0,7.1124011
"103","10am",72.9819173,25.242248,1.7758342
"104","10am",95.5901078,3.886242,0.5236499
"105","10am",91.6989537,6.361621,1.939425
"106","10am",84.8675358,12.412441,2.7200237
"107","10am",85.4981891,14.501811,0
"108","10am",2.5518768,95.577665,1.8704579
"109","10am",86.0757345,13.315095,0.6091707
"110","10am",13.4739146,86.526085,0
"111","10am",0,100,0
"112","10am",0,100,0
"113","10am",0,96.994009,3.0059908
"114","10am",5.2895793,90.244463,4.465958
"115","10am",7.9722127,88.03928,3.9885076
"116","10am",1.2804735,97.043676,1.6758507
"117","10am",93.8197513,6.180249,0
"118","10am",9.2977438,89.374297,1.3279594
"119","10am",16.5749593,82.618213,0.8068273
"120","10am",4.0382514,95.961749,0
"121","10am",1.5901792,97.205291,1.2045296
"122","10am",4.6053452,95.394655,0
"123","10am",3.8014955,94.242024,1.9564803
"124","10am",3.5564335,95.458679,0.984887
"125","10am",2.1025152,97.272239,0.6252462
"126","10am",3.4633174,91.9963,4.5403822
"127","10am",1.1187556,98.881244,0
"128","10am",85.9666896,14.03331,0
"129","10am",88.7598464,8.668935,2.5712182
"130","10am",96.7308649,3.269135,0
"131","10am",93.1516222,6.848378,0
"132","10am",95.9565312,4.043469,0
"133","10am",22.7412026,76.503502,0.7552956
"134","10am",22.7568584,75.562057,1.6810851
"135","10am",2.8988508,97.101149,0
"136","10am",98.5296825,1.470318,0
"137","10am",97.0170376,2.982962,0
"001","11am",2.9685757,13.398202,83.6332225
"002","11am",2.6086613,11.907798,85.4835406
"003","11am",1.1301785,13.396221,85.4736001
"004","11am",2.465552,4.619355,92.9150928
"005","11am",2.0957328,9.138227,88.7660402
"006","11am",2.8285093,21.205506,75.9659851
"007","11am",0.7313109,12.100685,87.1680042
"008","11am",0.8566582,10.889458,88.2538833
"009","11am",2.7464318,8.662748,88.5908201
"010","11am",1.1054191,5.523206,93.3713745
"011","11am",1.635017,8.673941,89.6910424
"012","11am",1.7753678,8.480641,89.7439908
"013","11am",0.3837176,12.891045,86.7252371
"014","11am",2.3341067,14.185944,83.4799493
"015","11am",1.1485749,8.708913,90.1425121
"016","11am",4.9203244,3.435641,91.6440349
"017","11am",0.4200957,3.955275,95.6246296
"018","11am",0,3.76344,96.2365596
"019","11am",0,3.346801,96.6531985
"020","11am",0.4988195,6.577129,92.9240512
"021","11am",0.5957118,6.075422,93.3288657
"022","11am",2.14801,14.074706,83.7772844
"023","11am",1.8663297,13.216466,84.9172048
"024","11am",1.3455642,4.219151,94.4352845
"025","11am",0.4905641,8.629603,90.8798326
"026","11am",1.2093149,5.772864,93.0178209
"027","11am",0,3.437901,96.5620995
"028","11am",1.3004659,5.843347,92.8561873
"029","11am",0,4.993572,95.0064282
"030","11am",0.6756467,8.53199,90.792363
"031","11am",1.0317155,11.527427,87.440857
"032","11am",0,12.579401,87.4205991
"033","11am",8.6289333,17.254874,74.1161932
"034","11am",0.3143981,6.578543,93.1070591
"035","11am",0.8196136,4.544456,94.6359303
"036","11am",3.1159166,2.150081,94.7340026
"037","11am",1.5744508,5.886545,92.5390041
"038","11am",2.1523193,12.821603,85.0260775
"039","11am",1.3436739,14.504381,84.1519453
"040","11am",1.9200481,7.903178,90.1767741
"041","11am",0,7.661623,92.3383769
"042","11am",3.3802091,10.274988,86.3448028
"043","11am",0,0,100
"044","11am",3.9871603,18.281141,77.7316986
"045","11am",0.9298164,86.466821,12.6033626
"046","11am",0.4400221,90.735351,8.8246268
"047","11am",0.3807889,86.513307,13.1059042
"048","11am",80.3257879,6.425146,13.2490657
"049","11am",6.2641273,74.353888,19.3819847
"050","11am",4.0618057,86.873986,9.0642079
"051","11am",6.7210479,70.310006,22.9689465
"052","11am",0.5680605,93.111562,6.3203779
"053","11am",1.7975974,98.202403,0
"054","11am",0,93.192324,6.8076762
"055","11am",0,100,0
"056","11am",0,100,0
"057","11am",0,90.85052,9.1494804
"058","11am",10.9166658,72.563739,16.519595
"059","11am",1.0109306,87.813732,11.1753374
"060","11am",3.2491204,87.578323,9.1725564
"061","11am",1.7852013,96.207345,2.007454
"062","11am",0,100,0
"063","11am",2.9145523,82.274511,14.8109369
"064","11am",96.381946,1.537047,2.0810069
"065","11am",87.0539448,7.791976,5.154079
"066","11am",2.2651706,93.220562,4.5142672
"067","11am",5.0232798,94.97672,0
"068","11am",12.366233,82.974887,4.6588799
"069","11am",6.3488723,93.651128,0
"070","11am",1.1842829,92.337282,6.4784354
"071","11am",4.5276477,83.119658,12.3526939
"072","11am",0,91.470351,8.5296487
"073","11am",5.8473024,81.845222,12.3074753
"074","11am",3.1990621,89.262962,7.5379761
"075","11am",1.5817945,89.793491,8.6247149
"076","11am",1.5045597,93.793936,4.7015041
"077","11am",10.2721835,79.279947,10.44787
"078","11am",0,100,0
"079","11am",80.2209455,16.333431,3.445623
"080","11am",94.2101358,5.179215,0.6106494
"081","11am",98.5306419,1.469358,0
"082","11am",13.3524397,78.01318,8.6343806
"083","11am",4.5289596,90.335443,5.1355974
"084","11am",11.0766983,84.812202,4.1111001
"085","11am",8.7955198,84.564021,6.640459
"086","11am",6.2138361,88.460866,5.325298
"087","11am",6.8340908,75.932717,17.2331926
"088","11am",0,95.267478,4.7325225
"089","11am",8.477805,84.780086,6.7421091
"090","11am",4.5372826,86.732745,8.729972
"091","11am",8.7420059,83.098449,8.1595455
"092","11am",9.8799241,88.621367,1.498709
"093","11am",12.5872269,71.926394,15.4863791
"094","11am",7.0925367,91.435113,1.4723499
"095","11am",9.2589162,90.741084,0
"096","11am",7.1273677,90.081252,2.7913804
"097","11am",8.9152629,87.523211,3.5615258
"098","11am",89.3289171,10.671083,0
"099","11am",4.8995767,91.595683,3.5047407
"100","11am",2.565986,90.465507,6.9685072
"101","11am",4.8861946,92.04844,3.0653657
"102","11am",92.9524538,0,7.0475462
"103","11am",74.9276897,23.779096,1.2932148
"104","11am",95.5913347,3.858366,0.5502989
"105","11am",91.9731054,6.115128,1.9117665
"106","11am",87.1267565,9.736264,3.1369798
"107","11am",88.8034963,11.196504,0
"108","11am",1.5786984,95.577152,2.8441497
"109","11am",86.2362945,13.161559,0.6021464
"110","11am",12.4793795,87.520621,0
"111","11am",0,100,0
"112","11am",0,100,0
"113","11am",0,96.933059,3.0669407
"114","11am",5.1850002,90.437337,4.3776625
"115","11am",8.0729336,87.888168,4.0388984
"116","11am",1.2428236,96.608136,2.1490401
"117","11am",94.0232914,5.976709,0
"118","11am",7.0933514,91.557727,1.3489219
"119","11am",15.6910384,83.44583,0.8631312
"120","11am",1.8137139,98.186286,0
"121","11am",2.2372722,96.605501,1.1572264
"122","11am",4.517257,95.482743,0
"123","11am",3.7010639,95.309549,0.9893867
"124","11am",3.4606933,95.343497,1.1958095
"125","11am",2.7637182,96.639031,0.5972507
"126","11am",3.2095651,92.26326,4.5271752
"127","11am",1.1862859,98.813714,0
"128","11am",86.1195974,13.880403,0
"129","11am",89.6236376,7.880791,2.4955713
"130","11am",96.9275126,3.072487,0
"131","11am",94.5323686,5.467631,0
"132","11am",96.1186129,3.881387,0
"133","11am",20.503293,78.678685,0.8180224
"134","11am",22.4576269,75.910414,1.6319595
"135","11am",1.7730822,98.226918,0
"136","11am",97.1738844,1.417681,1.4084346
"137","11am",97.8365167,2.163483,0
"001","12am",3.5970235,15.430834,80.972143
"002","12am",1.6642423,11.485097,86.8506611
"003","12am",1.107688,15.057018,83.8352939
"004","12am",1.052667,3.294522,95.6528107
"005","12am",3.2757175,8.45926,88.2650222
