"district","hour","age1","age2","age3","age4"
"101","4am",49.60158,23.036867,18.64787,8.71368
"102","4am",34.61286,25.428032,30.29412,9.664987
"103","4am",38.37819,25.485509,27.25968,8.876625
"104","4am",33.68972,25.761207,30.53972,10.009362
"105","4am",51.29501,13.534931,26.00145,9.168611
"106","4am",27.71455,34.990323,30.03155,7.263578
"107","4am",19.22518,25.763245,39.59083,15.420753
"108","4am",27.2411,17.991951,44.89708,9.86987
"109","4am",35.57322,26.330554,28.83946,9.256774
"110","4am",22.27781,17.368924,46.95091,13.402351
"111","4am",18.42268,22.744149,45.07865,13.75452
"112","4am",17.72364,16.727705,49.07399,16.474668
"113","4am",13.13006,23.301856,43.73137,19.836721
"114","4am",15.41075,18.28546,46.07075,20.233042
"115","4am",15.05445,19.081003,47.09309,18.77145
"116","4am",14.0388,14.996858,48.22751,22.736831
"117","4am",14.54302,16.489291,50.87092,18.096768
"118","4am",14.15996,19.701806,48.99638,17.141855
"119","4am",15.96337,18.080702,45.06626,20.889664
"120","4am",10.28621,10.948958,57.26533,21.499496
"121","4am",12.45394,12.54189,57.39446,17.609704
"122","4am",17.3059,18.628089,47.0314,17.034605
"123","4am",16.49444,12.3836,57.32582,13.796137
"124","4am",19.07403,19.092798,48.06557,13.7676
"125","4am",35.24021,25.624991,31.80409,7.33071
"126","4am",14.61866,10.432964,56.71579,18.232584
"127","4am",15.48619,15.858571,50.48324,18.171999
"128","4am",12.95197,21.815162,41.6871,23.545765
"129","4am",14.15843,15.628386,50.80799,19.405199
"130","4am",17.75315,17.26732,49.88369,15.095845
"131","4am",11.85976,16.017051,53.71427,18.408912
"132","4am",14.45332,13.343045,53.86134,18.34229
"133","4am",13.47842,11.320296,55.87746,19.323831
"134","4am",13.56694,16.361481,53.26344,16.808132
"135","4am",15.70291,17.0304,48.59688,18.669808
"136","4am",13.34948,13.921028,54.07832,18.651172
"137","4am",14.81222,17.683029,49.39333,18.111417
"138","4am",11.94736,13.363224,55.93265,18.756767
"139","4am",15.02261,17.301725,51.26096,16.414712
"140","4am",11.09614,7.732112,58.97602,22.195726
"141","4am",13.32595,11.419911,53.40966,21.844479
"142","4am",14.11283,14.486814,52.77076,18.629594
"143","4am",18.66305,18.692547,46.81767,15.826733
"144","4am",15.05135,24.242447,45.2373,15.468899
"145","4am",22.74411,22.250796,39.62582,15.379274
"146","4am",20.05735,22.985311,43.5406,13.41674
"147","4am",27.44526,25.958715,33.98531,12.610722
"148","4am",23.89115,18.067405,44.7309,13.310545
"149","4am",18.98722,20.873934,44.60925,15.529592
"150","4am",16.68707,18.77793,45.71948,18.815524
"151","4am",21.38949,23.079086,45.28169,10.249737
"152","4am",15.97581,18.723168,46.07672,19.224301
"153","4am",13.34832,14.967159,53.34026,18.344266
"154","4am",14.06022,13.782286,52.65405,19.503439
"155","4am",16.3857,12.74279,52.27202,18.599488
"156","4am",15.54327,21.01076,45.63414,17.811826
"157","4am",12.03309,17.947135,51.11644,18.903342
"101","5am",48.04293,25.340647,19.4279,7.188519
"102","5am",34.06149,24.356555,32.07092,9.511029
"103","5am",38.00915,25.792532,27.40705,8.791269
"104","5am",33.88622,25.328184,30.71785,10.067745
"105","5am",50.40762,13.781532,26.47519,9.335659
"106","5am",27.63808,35.217022,30.05731,7.087587
"107","5am",19.50362,26.136377,38.71592,15.644093
"108","5am",26.22145,18.244093,45.52627,10.008188
"109","5am",34.89553,27.702332,28.09464,9.307495
"110","5am",21.99243,17.037513,47.33908,13.63097
"111","5am",18.38645,22.896088,44.99,13.727469
"112","5am",17.68757,16.004617,49.86668,16.441138
"113","5am",13.26101,23.534266,43.17015,20.03457
"114","5am",15.54233,17.471249,46.58063,20.405796
"115","5am",15.45082,19.583382,45.70012,19.265678
"116","5am",13.78937,14.730412,49.14735,22.33287
"117","5am",14.76403,17.458968,49.40522,18.371784
"118","5am",14.06934,19.567517,49.331,17.032145
"119","5am",15.75843,18.525669,45.09443,20.621478
"120","5am",10.11532,10.767054,57.97532,21.142309
"121","5am",12.71966,11.082931,58.21199,17.985422
"122","5am",17.74165,19.097124,45.69771,17.463518
"123","5am",16.6871,12.528243,56.82738,13.957279
"124","5am",19.0149,19.03361,48.22656,13.724921
"125","5am",35.74564,25.134913,31.68359,7.435851
"126","5am",14.61866,10.432964,56.71579,18.232584
"127","5am",15.48619,15.858571,50.48324,18.171999
"128","5am",12.8587,21.658062,42.10704,23.376202
"129","5am",14.58849,16.103102,49.31377,19.994637
"130","5am",18.41533,15.948066,49.97768,15.658916
"131","5am",10.95624,15.86061,54.95404,18.22911
"132","5am",15.19547,13.221469,53.4079,18.175163
"133","5am",13.69581,11.502884,55.16579,19.63551
"134","5am",13.86188,16.717165,52.24743,17.173526
"135","5am",16.62997,16.824425,48.1016,18.444004
"136","5am",13.34948,13.921028,54.07832,18.651172
"137","5am",14.91699,17.808104,49.03538,18.239522
"138","5am",10.9514,13.019043,56.93624,19.093318
"139","5am",15.1272,17.422188,50.92161,16.529
"140","5am",10.70751,8.668331,58.99961,21.624549
"141","5am",12.70103,10.701761,54.44547,22.151742
"142","5am",14.18004,14.079606,53.02205,18.718306
"143","5am",18.7306,18.42403,46.96136,15.884013
"144","5am",16.40189,23.731865,44.2306,15.635647
"145","5am",22.25756,23.653868,38.51677,15.571805
"146","5am",20.50863,21.924505,43.75278,13.81408
"147","5am",27.48082,25.356824,34.5353,12.627061
"148","5am",24.21035,19.529774,43.24178,13.018095
"149","5am",19.30777,21.226334,43.67413,15.791767
"150","5am",16.68707,18.77793,45.71948,18.815524
"151","5am",21.47799,23.174581,45.05528,10.292147
"152","5am",15.90157,18.636165,45.86261,19.599652
"153","5am",13.25124,14.858306,53.6796,18.210853
"154","5am",14.40982,12.678915,52.92288,19.988384
"155","5am",16.3857,12.74279,52.27202,18.599488
"156","5am",15.63609,21.252088,45.19362,17.918197
"157","5am",11.90713,18.064225,51.32319,18.705464
"101","6am",46.944585,25.055829,21.94026,6.059322
"102","6am",34.457897,23.540706,32.21164,9.789757
"103","6am",38.802973,25.53538,26.71592,8.945727
"104","6am",34.520354,24.55925,30.42684,10.493557
"105","6am",51.224535,12.435124,26.85339,9.486955
"106","6am",28.668966,35.733397,28.40613,7.19151
"107","6am",19.895537,25.916054,38.22995,15.958458
"108","6am",25.534917,18.112954,47.24322,9.108907
"109","6am",35.41287,27.687028,27.59775,9.302353
"110","6am",21.525249,18.80556,46.97913,12.690058
"111","6am",17.717123,23.397549,45.65758,13.227748
"112","6am",17.144142,16.173827,50.64141,16.040618
"113","6am",12.626432,24.537037,42.20153,20.635005
"114","6am",16.56822,17.798452,46.4536,19.179727
"115","6am",16.012752,20.804743,43.21615,19.966356
"116","6am",13.005689,14.471244,49.92161,22.601454
"117","6am",15.439991,17.570418,47.77667,19.212921
"118","6am",12.158861,20.300936,50.39465,17.145552
"119","6am",15.388979,17.963378,45.34956,21.298086
"120","6am",9.90028,12.664033,56.74284,20.69285
"121","6am",11.022734,13.487638,56.49035,18.999281
"122","6am",17.779115,17.2946,47.59699,17.329296
"123","6am",16.503739,12.390579,57.30177,13.803912
"124","6am",18.458873,21.183312,47.31461,13.043203
"125","6am",35.198601,24.322628,33.15487,7.323904
"126","6am",15.172278,9.404286,56.50038,18.92306
"127","6am",14.552834,14.773688,52.0747,18.598774
"128","6am",13.401885,20.515832,41.71861,24.363675
"129","6am",13.645269,16.626644,48.71507,21.013022
"130","6am",16.805892,15.10901,51.00855,17.076545
"131","6am",10.338472,15.704421,55.71251,18.244601
"132","6am",15.500106,12.722861,53.2375,18.539534
"133","6am",13.413248,13.190572,52.49858,20.897603
"134","6am",15.290119,14.678735,51.08817,18.942979
"135","6am",16.274856,16.259095,48.77892,18.687129
"136","6am",12.076784,13.544177,55.70817,18.670866
"137","6am",15.737634,18.779986,46.24743,19.234949
"138","6am",9.154151,11.1981,59.3189,20.328847
"139","6am",14.453855,18.01305,49.88108,17.652011
"140","6am",11.093132,8.600765,58.85011,21.455996
"141","6am",13.166247,10.735721,53.1349,22.963131
"142","6am",14.297738,14.811659,52.01693,18.873676
"143","6am",20.727554,19.863014,44.59552,14.81391
"144","6am",16.626688,23.575224,42.13465,17.663436
"145","6am",21.07662,22.864236,40.66549,15.393651
"146","6am",20.848723,22.317667,42.63366,14.199946
"147","6am",28.480421,26.146713,33.17205,12.200812
"148","6am",23.031705,19.560201,44.17672,13.231375
"149","6am",19.327335,22.149018,42.71588,15.807771
"150","6am",16.423074,18.157585,46.59983,18.819517
"151","6am",21.94723,21.810783,46.1005,10.141484
"152","6am",16.595449,17.188453,45.7612,20.454898
"153","6am",13.828296,15.222937,51.94487,19.003892
"154","6am",14.856357,12.132282,52.40357,20.607787
"155","6am",15.261766,13.510388,51.50796,19.719882
"156","6am",15.564264,18.696077,47.24672,18.492939
"157","6am",11.515997,18.503639,50.89847,19.08189
"101","7am",45.898078,21.491057,26.61902,5.991841
"102","7am",30.350855,20.037974,39.51731,10.093863
"103","7am",35.852604,24.50624,32.50352,7.137638
"104","7am",31.011915,24.482611,32.2358,12.26968
"105","7am",57.700069,10.584323,23.48712,8.228488
"106","7am",24.793139,36.049255,32.2316,6.926003
"107","7am",17.183738,21.99759,42.2932,18.525473
"108","7am",24.784184,18.033697,46.82896,10.35316
"109","7am",41.870891,23.828986,26.42463,7.875495
"110","7am",18.583844,20.059547,50.52925,10.827357
"111","7am",15.335767,21.230859,46.99699,16.43638
"112","7am",11.685023,18.450939,51.70192,18.162121
"113","7am",10.711945,27.845099,40.25864,21.18432
"114","7am",14.331704,19.531459,48.56503,17.571806
"115","7am",15.558923,20.86206,42.14198,21.437042
"116","7am",11.372667,15.071899,48.04716,25.508271
"117","7am",16.168591,18.855084,43.95484,21.021483
"118","7am",14.796703,18.819492,46.49664,19.887163
"119","7am",13.131829,12.437204,48.89805,25.532922
"120","7am",5.440347,12.940129,57.32126,24.298261
"121","7am",10.040828,12.533891,55.37243,22.052854
"122","7am",13.624227,18.943716,47.86428,19.567775
"123","7am",16.514349,14.88213,53.27392,15.329605
"124","7am",14.532818,21.056137,54.07329,10.337754
"125","7am",37.000006,24.570605,31.92076,6.508628
"126","7am",9.024813,8.21137,60.52076,22.243053
"127","7am",14.17073,13.910228,52.28923,19.629817
"128","7am",9.855727,20.665129,41.79712,27.682023
"129","7am",10.779837,16.710846,46.11011,26.399211
"130","7am",24.41841,14.746831,44.84802,15.986736
"131","7am",7.661415,17.659823,55.41672,19.262047
"132","7am",12.20112,13.048696,54.08062,20.669561
"133","7am",15.392076,12.25257,49.62129,22.734061
"134","7am",13.557883,11.122412,52.65445,22.665257
"135","7am",16.150718,12.894947,50.3771,20.57723
"136","7am",8.98228,13.28609,55.26782,22.463814
"137","7am",9.450958,20.232976,47.5059,22.810164
"138","7am",8.19076,12.1994,56.16133,23.448509
"139","7am",11.938218,16.603474,48.628,22.830311
"140","7am",10.522408,8.744056,58.6362,22.097339
"141","7am",10.098896,9.26341,54.37947,26.258228
"142","7am",11.562554,16.274061,51.06913,21.094253
"143","7am",15.767004,21.644239,45.55795,17.03081
"144","7am",21.030266,20.800169,39.89312,18.276441
"145","7am",29.966423,24.213711,33.28682,12.533049
"146","7am",23.457779,22.142721,39.77696,14.622538
"147","7am",30.553664,23.879743,35.58046,9.986136
"148","7am",23.380137,20.770661,42.49367,13.355534
"149","7am",19.197192,20.645156,43.44911,16.70854
"150","7am",14.60375,18.849995,46.26924,20.277015
"151","7am",18.549861,23.200481,47.65213,10.597533
"152","7am",12.966897,15.651979,47.42396,23.95716
"153","7am",15.448767,17.223867,49.73641,17.590952
"154","7am",9.483357,13.913183,53.85264,22.750819
"155","7am",12.029324,13.160983,52.01387,22.795826
"156","7am",13.385306,17.657559,47.35858,21.598559
"157","7am",9.752827,19.505862,51.94541,18.795906
"101","8am",31.944972,17.254856,46.91948,3.880695
"102","8am",22.310748,17.417108,50.60776,9.664382
"103","8am",30.648411,17.256834,43.32157,8.773188
"104","8am",29.622418,17.458623,38.29569,14.623265
"105","8am",57.743644,12.350167,22.7786,7.127592
"106","8am",24.222477,34.372764,33.41621,7.988554
"107","8am",18.999723,15.628659,44.41687,20.954753
"108","8am",26.218203,18.907439,44.39052,10.483834
"109","8am",48.327907,19.004444,24.24812,8.419531
"110","8am",18.991014,22.326808,48.96928,9.712893
"111","8am",13.857583,24.260781,43.19997,18.681667
"112","8am",11.068015,23.490731,45.6637,19.777559
"113","8am",9.594101,26.923643,41.00974,22.472521
"114","8am",15.493406,20.65091,48.70279,15.152896
"115","8am",16.617671,15.529368,40.14995,27.70301
"116","8am",16.320392,15.220664,40.97982,27.479124
"117","8am",16.469704,19.372757,42.74457,21.412972
"118","8am",14.123382,21.398535,46.88155,17.596535
"119","8am",15.263231,14.725122,49.3249,20.686752
"120","8am",9.055257,11.842104,55.84584,23.2568
"121","8am",9.387109,12.319769,49.34648,28.946638
"122","8am",12.961591,16.165826,48.59409,22.278494
"123","8am",16.985415,20.725635,48.26782,14.021132
"124","8am",10.309756,23.559058,54.89404,11.237149
"125","8am",43.401135,20.680703,30.39395,5.524208
"126","8am",6.161559,17.166661,53.75607,22.915705
"127","8am",16.656699,14.034572,48.20138,21.107349
"128","8am",6.626343,16.024803,41.52111,35.827741
"129","8am",11.108305,11.626611,48.54598,28.719101
"130","8am",31.531361,15.481665,40.06756,12.919412
"131","8am",8.479544,18.441413,56.09537,16.983675
"132","8am",12.273734,15.880745,51.44693,20.398587
"133","8am",15.77247,11.472058,47.2889,25.466575
"134","8am",13.7231,11.681827,52.29725,22.297819
"135","8am",18.295957,12.119752,50.32098,19.263313
"136","8am",6.905406,16.350653,57.58059,19.163352
"137","8am",9.12005,19.280389,44.97094,26.628619
"138","8am",11.19009,11.300551,52.82728,24.682083
"139","8am",11.038872,17.701561,45.99968,25.259887
"140","8am",8.835256,9.740343,57.51372,23.910681
"141","8am",10.090827,10.215276,50.27208,29.421816
"142","8am",10.888225,15.794651,51.23781,22.079317
"143","8am",15.028182,22.174738,47.05806,15.739018
"144","8am",22.317679,17.720783,41.17077,18.790768
"145","8am",35.36054,20.415866,33.47948,10.744115
"146","8am",25.873777,19.690773,39.66921,14.76624
"147","8am",32.017278,26.23507,34.22,7.527656
"148","8am",21.40799,14.85063,49.36022,14.38116
"149","8am",14.999208,18.465281,47.8319,18.703614
"150","8am",21.109362,15.091843,44.35291,19.445882
"151","8am",23.434909,25.009492,42.47356,9.082041
"152","8am",12.531095,15.521371,44.89536,27.052172
"153","8am",16.293282,18.196707,48.7212,16.788809
"154","8am",6.975257,15.619797,52.6255,24.779442
"155","8am",9.238568,12.291789,51.28735,27.182297
"156","8am",13.089452,15.470228,49.65439,21.785933
"157","8am",9.501757,19.511672,48.9806,22.005966
"101","9am",29.199828,19.272718,45.1759,6.351559
"102","9am",21.481062,15.959005,53.67213,8.887806
"103","9am",30.809388,17.01465,42.91069,9.26527
"104","9am",25.140292,14.993985,45.60225,14.26347
"105","9am",57.591421,12.096697,22.86982,7.442063
"106","9am",25.22644,31.130151,35.552,8.091406
"107","9am",16.391157,17.493615,44.84217,21.273054
"108","9am",23.940269,21.389872,43.27589,11.393966
"109","9am",52.401705,15.50131,24.84921,7.247772
"110","9am",17.322587,21.775042,51.07898,9.823387
"111","9am",16.523115,24.468073,41.35413,17.654678
"112","9am",8.280846,26.472102,44.20505,21.042001
"113","9am",9.5552,26.00095,40.43608,24.007774
"114","9am",14.936872,19.674063,51.43347,13.955591
"115","9am",11.581153,14.929094,43.35455,30.135199
"116","9am",15.598603,14.214657,42.63357,27.553173
"117","9am",15.872727,23.501289,40.54782,20.07816
"118","9am",10.685206,18.077594,51.1838,20.0534
"119","9am",15.095848,16.415346,48.72228,19.766527
"120","9am",7.723251,10.961216,59.18927,22.126263
"121","9am",9.058029,12.635415,48.1764,30.130152
"122","9am",9.745763,16.395101,49.61966,24.239474
"123","9am",15.163419,22.378762,47.90536,14.55246
"124","9am",9.110137,26.422547,56.04586,8.421458
"125","9am",42.121828,20.556207,31.34237,5.979598
"126","9am",6.45596,16.993018,51.49077,25.060255
"127","9am",18.736869,14.607991,44.42702,22.22812
"128","9am",5.72465,15.327477,42.38541,36.562467
"129","9am",11.041753,11.181593,46.91989,30.856761
"130","9am",31.18728,16.366158,40.79226,11.654307
"131","9am",8.940855,19.258263,54.64451,17.156369
"132","9am",13.588186,17.581489,52.14959,16.680734
"133","9am",17.072366,13.263292,42.47901,27.185333
"134","9am",11.295801,11.843734,52.44107,24.419398
"135","9am",19.265008,9.998464,51.64098,19.095546
"136","9am",6.951244,17.243691,58.23224,17.572826
"137","9am",8.984394,18.993604,46.3782,25.643803
"138","9am",10.407673,13.291111,51.29556,25.00566
"139","9am",13.556846,17.277564,44.67583,24.489761
"140","9am",7.223389,8.859687,60.19169,23.725239
"141","9am",9.677022,10.690616,51.44413,28.188233
"142","9am",11.748676,16.840864,50.4255,20.984962
"143","9am",18.012882,22.224315,45.87163,13.891176
"144","9am",20.214538,20.088751,39.10758,20.589127
"145","9am",33.492842,21.98501,33.76763,10.754515
"146","9am",30.556348,17.017036,39.61364,12.812973
"147","9am",30.539156,25.484446,36.6243,7.352098
"148","9am",21.422398,19.003103,45.8652,13.709304
"149","9am",13.122863,18.188775,51.92494,16.763422
"150","9am",22.51302,15.290054,42.89884,19.298086
"151","9am",21.676854,21.242541,44.72824,12.352365
"152","9am",9.507229,15.24812,43.73198,31.512674
"153","9am",14.558023,18.98578,50.17945,16.276747
"154","9am",7.874574,15.079535,52.36503,24.680857
"155","9am",4.897535,13.207785,57.00359,24.891093
"156","9am",14.868323,15.464304,49.19543,20.471941
"157","9am",7.233064,21.015929,50.13863,21.612372
"101","10am",27.132338,20.65299,41.81944,10.395236
"102","10am",21.670771,14.02442,56.30827,7.996534
"103","10am",30.043152,17.54241,45.62529,6.789151
"104","10am",29.166171,14.38833,46.49522,9.950279
"105","10am",57.043144,14.1991,22.50157,6.256181
"106","10am",28.174286,29.02067,34.69744,8.107602
"107","10am",15.41101,13.89199,46.71796,23.97904
"108","10am",20.261905,21.46769,47.11827,11.152132
"109","10am",52.503665,13.40377,25.82068,8.271878
"110","10am",17.134215,21.81123,50.2237,10.830861
"111","10am",14.597341,23.74295,39.16571,22.494003
"112","10am",8.695068,27.79628,44.52643,18.982221
"113","10am",8.969962,25.12228,42.51863,23.389132
"114","10am",16.808396,20.63362,48.12922,14.428766
"115","10am",11.678125,12.11178,48.94942,27.260675
"116","10am",17.51628,15.07128,42.03857,25.373872
"117","10am",14.800528,23.25408,42.02179,19.923602
"118","10am",12.616318,16.82578,52.6762,17.881703
"119","10am",15.733071,14.56148,49.34017,20.365285
"120","10am",8.209993,11.36385,58.8699,21.556257
"121","10am",8.782311,9.6375,51.90582,29.674371
"122","10am",9.833283,17.00063,50.51208,22.654016
"123","10am",14.999483,21.24597,50.40025,13.354306
"124","10am",9.001081,28.36649,51.74597,10.886459
"125","10am",42.511133,19.71345,31.75827,6.017142
"126","10am",4.889923,18.49249,52.1992,24.418382
"127","10am",16.239353,15.51777,43.77935,24.46353
"128","10am",5.472183,14.1726,49.94037,30.414839
"129","10am",11.197986,11.3398,43.7289,33.733309
"130","10am",30.889738,17.26056,39.26195,12.587748
"131","10am",9.367702,20.00902,53.76942,16.85386
"132","10am",13.262361,17.6866,54.71334,14.337704
"133","10am",13.81843,18.16659,42.46162,25.553366
"134","10am",11.950227,12.5299,47.84071,27.679156
"135","10am",19.375136,11.64785,50.03058,18.946431
"136","10am",6.614918,14.16719,56.19705,23.020842
"137","10am",8.29826,19.78263,44.44171,27.477397
"138","10am",12.173656,13.62959,49.68009,24.516658
"139","10am",11.886045,17.61173,45.81654,24.685689
"140","10am",7.004376,10.39309,57.00847,25.594071
"141","10am",9.819107,11.59695,52.37732,26.206623
"142","10am",12.248023,15.73479,53.97417,18.043023
"143","10am",14.961926,20.49457,48.29502,16.248485
"144","10am",19.403945,18.65494,41.93163,20.009481
"145","10am",32.53384,21.77022,34.08593,11.610009
"146","10am",28.935993,17.75115,39.16601,14.146844
"147","10am",28.884178,24.46323,38.67792,7.974678
"148","10am",22.898041,18.78874,43.76984,14.543376
"149","10am",12.964704,17.61448,52.17652,17.244295
"150","10am",25.164447,14.50349,42.52838,17.803682
"151","10am",21.499194,22.97252,44.52193,11.006349
"152","10am",13.285918,15.68876,44.33908,26.686244
"153","10am",12.498163,20.95574,48.59439,17.951713
"154","10am",7.947512,16.26605,50.89619,24.890253
"155","10am",6.148098,15.00222,53.63381,25.215868
"156","10am",14.912174,15.66712,48.17357,21.247136
"157","10am",7.962817,20.68442,52.76954,18.583232
"101","11am",28.04728,21.992958,41.43794,8.521819
"102","11am",23.847777,14.50869,53.98918,7.654353
"103","11am",30.901962,18.077953,44.46998,6.550106
"104","11am",33.399192,14.758058,39.98045,11.862302
"105","11am",55.269609,13.157146,24.89925,6.673997
"106","11am",25.979686,30.087602,34.75238,9.180334
"107","11am",15.725768,11.162364,50.2258,22.886066
"108","11am",21.436116,21.857502,44.09514,12.611242
"109","11am",47.922495,14.586257,29.5497,7.941545
"110","11am",17.213528,20.578726,52.33603,9.871716
"111","11am",14.088457,25.47801,40.24524,20.18829
"112","11am",8.444504,26.046797,46.2017,19.307003
"113","11am",8.852872,26.848485,42.3128,21.985843
"114","11am",15.830325,19.813809,47.78451,16.571357
"115","11am",12.695514,12.51093,48.48518,26.308378
"116","11am",14.741143,16.84727,44.09188,24.319706
"117","11am",15.27745,23.30659,42.50211,18.913852
"118","11am",10.911741,18.124811,53.33438,17.629063
"119","11am",15.196611,14.897657,49.0645,20.841233
"120","11am",6.745804,9.759143,59.47018,24.02487
"121","11am",8.994361,9.174016,52.13435,29.697277
"122","11am",10.878698,16.030447,49.92468,23.166171
"123","11am",13.544928,21.255218,50.46695,14.732908
"124","11am",12.070918,26.447891,51.72461,9.756581
"125","11am",44.739171,20.197277,28.71131,6.352242
"126","11am",6.467756,17.512388,51.98448,24.035378
"127","11am",17.123709,14.581856,44.6559,23.638531
"128","11am",5.829065,18.193534,46.06418,29.913224
"129","11am",10.92071,12.993471,45.31715,30.768671
"130","11am",30.482279,15.643981,39.81079,14.062949
"131","11am",8.43476,18.784338,56.75273,16.028169
"132","11am",13.160894,16.989862,51.37638,18.472866
"133","11am",15.002029,20.870154,41.18041,22.947409
"134","11am",11.499402,12.05721,48.32211,28.121274
"135","11am",18.345499,12.573972,50.7853,18.295231
"136","11am",6.488784,17.459823,54.70358,21.347813
"137","11am",9.099175,18.005704,47.20373,25.691388
"138","11am",11.834559,12.281248,52.05045,23.833748
"139","11am",14.47817,17.833503,42.41862,25.269708
"140","11am",7.342028,10.139639,59.29078,23.227556
"141","11am",8.585497,14.918807,47.37203,29.123669
"142","11am",13.298348,14.411448,53.73701,18.553196
"143","11am",16.303718,19.955028,47.1494,16.591852
"144","11am",17.769729,18.207639,44.23928,19.783355
"145","11am",31.920471,22.145342,36.01607,9.918123
"146","11am",27.650125,19.493974,39.08769,13.768207
"147","11am",28.386412,24.374666,38.51386,8.72506
"148","11am",21.033804,22.012824,43.22528,13.728094
"149","11am",14.983919,18.708352,48.73242,17.575305
"150","11am",27.371872,13.664462,39.7907,19.172964
"151","11am",20.313592,21.283519,46.97298,11.429906
"152","11am",10.780041,12.887598,49.31801,27.014355
"153","11am",13.60986,19.045493,47.48827,19.856377
"154","11am",7.911376,17.881177,51.04152,23.16593
"155","11am",6.040934,16.403088,48.57127,28.984705
"156","11am",15.5957,14.698978,48.83825,20.867073
"157","11am",8.424549,22.014288,53.09566,16.465505
"101","12am",31.988466,18.121402,42.33354,7.556597
"102","12am",28.398761,14.457346,46.16704,10.976848
"103","12am",32.897439,17.382428,40.94128,8.778853
"104","12am",35.573595,16.638391,37.81276,9.975252
"105","12am",55.770924,13.447647,22.74999,8.031441
"106","12am",25.651707,30.669909,37.22423,6.45415
"107","12am",16.938425,13.120647,44.2742,25.666731
"108","12am",27.709917,21.861028,39.66211,10.766944
"109","12am",47.682454,16.108701,29.88164,6.327209
"110","12am",17.543574,21.59768,49.98946,10.86929
"111","12am",15.667308,29.272035,38.79491,16.265745
"112","12am",9.268398,22.507096,48.8587,19.365805
"113","12am",6.084686,21.087677,47.87409,24.95355
"114","12am",16.505287,24.702419,43.36776,15.424535
"115","12am",5.263624,14.140564,49.93209,30.663721
"116","12am",23.044175,13.068906,38.90298,24.983936
"117","12am",11.11303,23.46383,43.79816,21.624982
"118","12am",11.601184,18.08071,52.08794,18.230165
"119","12am",11.176392,13.302105,52.27746,23.244046
"120","12am",7.464695,12.260256,59.03004,21.245013
"121","12am",9.557312,13.385504,47.90371,29.153475
"122","12am",12.359469,17.352018,49.64381,20.644699
"123","12am",13.177968,19.219338,53.9107,13.691993
"124","12am",13.910626,23.392222,49.93562,12.76153
"125","12am",44.031445,21.067043,29.46669,5.434823
"126","12am",6.183144,15.553267,56.04448,22.219105
"127","12am",12.884881,15.115552,46.30138,25.698189
"128","12am",8.767369,17.843767,43.63318,29.755682
"129","12am",11.317114,15.810776,47.44773,25.424382
"130","12am",28.998039,16.992963,41.03014,12.978859
"131","12am",11.490722,16.978055,55.30063,16.23059
"132","12am",13.391547,13.704177,53.50233,19.401948
"133","12am",13.999654,20.041841,44.94654,21.011963
"134","12am",13.61277,13.394934,49.47077,23.521525
"135","12am",16.484382,12.440062,52.1408,18.93476
"136","12am",9.204397,14.915069,56.02792,19.852618
"137","12am",10.222247,16.900953,50.95189,21.924908
"138","12am",11.002857,11.367055,52.15617,25.473914
"139","12am",14.314379,18.274959,41.42135,25.98931
"140","12am",8.310289,9.942816,57.81091,23.935985
"141","12am",4.734108,16.610787,49.25034,29.404763
"142","12am",12.683007,11.691985,56.06157,19.56344
"143","12am",13.258185,17.57587,53.04577,16.120174
"144","12am",17.7237,19.95549,44.03256,18.288249
"145","12am",34.078696,23.934393,29.87909,12.107824
"146","12am",21.112434,21.416954,41.8008,15.669812
"147","12am",25.236667,27.755964,39.29066,7.716709
"148","12am",21.384767,24.124,40.19872,14.29251
"149","12am",16.342898,20.033658,45.58705,18.036392
"150","12am",26.596032,13.382212,40.8965,19.125254
"151","12am",22.833364,20.785678,44.56158,11.819382
"152","12am",13.987329,13.752624,46.34877,25.911282
"153","12am",10.398209,17.806275,52.23764,19.557877
"154","12am",7.487478,14.657746,52.50107,25.353708
"155","12am",4.656643,15.34741,53.69627,26.299673
"156","12am",16.145805,17.713982,46.1021,20.038113
"157","12am",10.717423,21.115205,54.35832,13.809056
"101","1pm",32.214231,19.745332,41.06584,6.974598
"102","1pm",25.34887,12.70837,50.66746,11.2753
"103","1pm",35.058383,17.135852,38.40511,9.400653
"104","1pm",33.447895,17.873218,39.59087,9.088014
"105","1pm",55.916106,12.601358,21.13549,10.347051
"106","1pm",23.352097,31.922842,38.07932,6.645744
"107","1pm",12.286407,16.042442,47.53953,24.13162
"108","1pm",26.666237,18.236317,44.45441,10.643039
"109","1pm",49.116698,14.064656,29.79868,7.019962
"110","1pm",17.006577,21.884509,51.5675,9.541409
"111","1pm",14.69301,27.225597,41.64786,16.433533
"112","1pm",8.45897,22.013148,50.85781,18.670068
"113","1pm",4.921836,25.2736,47.2459,22.558659
"114","1pm",15.995227,18.588771,49.92082,15.495185
"115","1pm",9.479859,12.435148,47.63569,30.449299
"116","1pm",24.310064,14.31285,36.68643,24.690655
"117","1pm",12.077543,25.97653,41.06188,20.884049
"118","1pm",10.772333,18.875989,51.66483,18.686852
"119","1pm",11.818051,14.721054,49.28417,24.176728
"120","1pm",9.46559,13.669911,57.04152,19.822977
"121","1pm",8.464478,13.916384,52.33801,25.281125
"122","1pm",8.903027,19.452629,50.09141,21.552931
"123","1pm",12.397606,20.377088,52.60463,14.620672
"124","1pm",13.023359,22.648572,52.99663,11.331444
"125","1pm",43.576215,21.182442,28.76467,6.476673
"126","1pm",6.774796,17.041524,53.18351,23.000171
"127","1pm",18.39134,10.131358,45.69519,25.782113
"128","1pm",8.474176,18.259248,41.93151,31.335064
"129","1pm",10.242677,13.812237,46.25031,29.69478
"130","1pm",30.443932,17.635842,40.18717,11.733053
"131","1pm",10.634675,18.440363,55.86631,15.058653
"132","1pm",13.169007,16.955064,50.64828,19.227652
"133","1pm",17.200737,16.693252,44.5328,21.573211
"134","1pm",14.004038,12.285607,51.06829,22.642068
"135","1pm",17.386044,13.141804,51.95238,17.519766
"136","1pm",6.902223,11.645967,55.57483,25.876984
"137","1pm",12.989842,17.256364,47.83423,21.919568
"138","1pm",12.820553,9.142753,48.66066,29.376031
"139","1pm",13.257464,19.446211,45.74844,21.54788
"140","1pm",8.8796,11.26168,57.50875,22.349974
"141","1pm",5.606254,13.894488,48.47463,32.024627
"142","1pm",11.573934,12.00129,56.19946,20.225317
"143","1pm",15.123065,17.655447,48.90531,18.316177
"144","1pm",16.358475,19.570772,47.30034,16.77041
"145","1pm",30.098824,21.660712,34.76827,13.472196
"146","1pm",25.457924,22.88541,36.1952,15.461466
"147","1pm",26.536406,25.254778,40.84666,7.362156
"148","1pm",19.668126,20.001618,46.17237,14.157886
"149","1pm",15.610618,17.378434,49.59594,17.415008
"150","1pm",26.663435,18.255527,37.42013,17.660913
"151","1pm",21.944198,21.223784,45.40321,11.428812
"152","1pm",13.234307,14.641292,45.79522,26.329178
"153","1pm",7.546348,18.751777,52.8954,20.806478
"154","1pm",9.247497,14.499542,53.17995,23.07301
"155","1pm",8.392018,17.341556,47.82263,26.443801
"156","1pm",14.440893,17.03539,47.85861,20.665107
"157","1pm",11.117327,19.385513,53.67385,15.823312
"101","2pm",32.590699,18.31084,40.30429,8.794168
"102","2pm",26.070985,14.585198,48.34035,11.003469
"103","2pm",30.458738,19.530653,38.6324,11.378213
"104","2pm",33.240734,16.288181,41.53983,8.931252
"105","2pm",58.558004,11.873538,21.1136,8.454862
"106","2pm",22.393874,28.940779,38.64636,10.018992
"107","2pm",13.35185,16.890993,48.81439,20.942771
"108","2pm",27.98892,19.875757,42.71211,9.423208
"109","2pm",46.960534,15.748901,30.96013,6.330431
"110","2pm",19.205012,20.557806,49.80383,10.433349
"111","2pm",13.878441,32.280092,37.88594,15.955527
"112","2pm",10.158346,21.746283,50.55179,17.543583
"113","2pm",5.636323,26.152283,49.39572,18.815671
"114","2pm",13.727988,20.042745,48.25664,17.972624
"115","2pm",11.262882,12.138722,46.81396,29.784438
"116","2pm",20.659913,15.960819,38.90404,24.475232
"117","2pm",11.660677,27.643899,41.3863,19.309122
"118","2pm",14.583849,16.843726,51.35305,17.219376
"119","2pm",13.13422,13.683768,48.362,24.820016
"120","2pm",9.496039,15.655149,55.71426,19.134554
"121","2pm",8.154829,13.192676,49.51096,29.141538
"122","2pm",9.694231,16.533423,51.41273,22.359612
"123","2pm",12.406956,22.657997,51.77503,13.160017
"124","2pm",11.583767,25.136687,51.08617,12.193375
"125","2pm",40.600065,22.104273,30.80473,6.490929
"126","2pm",8.803877,14.3172,53.87077,23.008155
"127","2pm",21.593688,8.543269,48.70634,21.156701
"128","2pm",11.287941,12.987054,45.17254,30.55246
"129","2pm",7.228537,13.48457,51.74317,27.543724
"130","2pm",31.503577,16.782249,39.95249,11.761687
"131","2pm",9.889583,20.95369,51.97153,17.185194
"132","2pm",9.220987,17.070756,52.29852,21.409741
"133","2pm",13.508891,16.224419,47.88001,22.386681
"134","2pm",12.406888,11.276218,56.02911,20.287788
"135","2pm",18.379631,13.127618,51.32685,17.165902
"136","2pm",8.526299,10.947796,55.6128,24.913109
"137","2pm",10.835455,17.590741,48.84879,22.725014
"138","2pm",12.800171,11.17255,46.74521,29.282071
"139","2pm",13.378385,20.113155,41.34754,25.160917
"140","2pm",12.803731,9.763992,58.5236,18.908673
"141","2pm",4.743814,13.521761,50.9344,30.800028
"142","2pm",10.415702,15.299998,53.91654,20.367756
"143","2pm",15.821668,15.71625,45.62243,22.839654
"144","2pm",17.321476,15.705424,47.73398,19.239119
"145","2pm",28.041979,21.383699,38.10883,12.465496
"146","2pm",25.24044,21.833427,38.99653,13.929604
"147","2pm",26.868922,26.878624,38.95754,7.294917
"148","2pm",18.847214,17.887488,47.9218,15.343502
"149","2pm",15.438146,15.497291,50.49614,18.568422
"150","2pm",26.448992,17.404301,40.37857,15.768137
"151","2pm",24.374855,22.531292,44.08616,9.007691
"152","2pm",12.114814,15.608632,48.67097,23.605589
"153","2pm",7.954687,20.670816,50.5786,20.795896
"154","2pm",11.821709,12.039944,50.81111,25.327233
"155","2pm",7.973214,15.033864,48.70362,28.289301
"156","2pm",13.018852,17.37015,49.30693,20.304071
"157","2pm",10.54419,17.854945,55.61936,15.981502
"101","3pm",34.15611,15.700143,40.72985,9.413894
"102","3pm",26.196861,15.479978,48.72284,9.600324
"103","3pm",28.964361,19.698778,40.37583,10.961034
"104","3pm",36.580772,18.152283,36.19452,9.072428
"105","3pm",62.771575,10.034306,17.72815,9.465965
"106","3pm",23.227625,29.075451,36.5788,11.118121
"107","3pm",9.116911,21.968624,53.37583,15.538637
"108","3pm",30.25471,20.180663,38.89854,10.666083
"109","3pm",44.755775,15.72817,32.1146,7.401458
"110","3pm",20.514716,21.480471,48.36037,9.644445
"111","3pm",14.356771,30.69679,40.68038,14.266063
"112","3pm",14.529668,18.855136,51.13477,15.480426
"113","3pm",6.173774,28.772848,47.33333,17.720047
"114","3pm",13.364268,20.167493,45.59985,20.86839
"115","3pm",16.920388,15.777318,46.15278,21.149516
"116","3pm",22.223962,15.816742,36.65545,25.303847
"117","3pm",11.125963,29.00574,40.85086,19.017432
"118","3pm",10.634897,19.81783,52.83971,16.707559
"119","3pm",12.360538,11.08672,50.44372,26.109018
"120","3pm",8.619954,11.494909,62.48427,17.400866
"121","3pm",9.881141,9.954238,52.41016,27.754464
"122","3pm",9.752117,18.674702,50.93364,20.639541
"123","3pm",12.039714,24.323011,49.43746,14.19982
"124","3pm",12.327066,22.790084,53.16992,11.712928
"125","3pm",37.911411,23.233069,31.78399,7.071528
"126","3pm",9.569171,15.772028,52.4457,22.213096
"127","3pm",19.83909,14.158944,45.72256,20.279402
"128","3pm",8.758448,9.262598,46.38106,35.597892
"129","3pm",8.378988,11.212842,53.21151,27.196663
"130","3pm",27.84686,16.330755,40.98827,14.834116
"131","3pm",11.441449,18.662135,54.40397,15.492451
"132","3pm",11.825711,17.540541,48.19044,22.443304
"133","3pm",16.27504,16.926145,43.58398,23.214833
"134","3pm",11.321753,13.038489,53.86013,21.77963
"135","3pm",15.288267,13.761839,55.46825,15.481646
"136","3pm",9.409619,12.755551,54.76514,23.069688
"137","3pm",10.963151,16.415476,51.0915,21.529867
"138","3pm",10.465685,13.921957,48.52774,27.084619
"139","3pm",13.450628,19.845788,41.96961,24.733975
"140","3pm",13.66819,11.903451,52.51762,21.910739
"141","3pm",6.414581,12.477359,52.93642,28.171638
"142","3pm",10.914221,14.78407,53.01517,21.286538
"143","3pm",19.095543,16.088862,47.15062,17.664976
"144","3pm",16.104793,19.333682,45.07891,19.48262
"145","3pm",28.095234,19.870257,39.00751,13.026999
"146","3pm",26.105059,22.177107,39.94384,11.773998
"147","3pm",24.333644,26.696793,39.75808,9.211485
"148","3pm",18.519337,18.466901,48.79397,14.219787
"149","3pm",15.230783,17.668828,49.17451,17.925875
"150","3pm",24.169549,17.543128,39.90309,18.384235
"151","3pm",25.344275,20.390389,43.93262,10.332715
"152","3pm",11.34617,14.728856,47.38483,26.540141
"153","3pm",9.610349,14.503584,55.2404,20.645667
"154","3pm",10.641679,17.400426,47.71787,24.240028
"155","3pm",12.152858,10.635018,49.60645,27.605671
"156","3pm",14.815317,17.932106,48.06328,19.189299
"157","3pm",10.600602,17.232631,56.78131,15.38546
"101","4pm",37.165144,15.93354,38.42553,8.47579
"102","4pm",25.461482,17.694329,47.77244,9.071748
"103","4pm",30.42765,22.939917,36.16875,10.463686
"104","4pm",37.616579,17.777657,34.36355,10.242219
"105","4pm",60.63283,8.396639,20.96787,10.00266
"106","4pm",22.869614,27.208234,40.40917,9.512984
"107","4pm",9.791105,22.805542,50.71956,16.683792
"108","4pm",27.893676,19.511329,42.93507,9.659929
"109","4pm",41.072905,19.148457,33.01471,6.763927
"110","4pm",21.238016,20.788207,45.3422,12.631581
"111","4pm",14.593982,27.730872,43.96853,13.706614
"112","4pm",14.486677,16.742061,50.74591,18.02535
"113","4pm",8.524127,26.092938,46.16125,19.221689
"114","4pm",17.362339,19.62305,44.38332,18.631296
"115","4pm",17.466141,13.294169,45.73742,23.50227
"116","4pm",17.786239,18.308331,36.93366,26.971772
"117","4pm",11.381947,24.792258,46.04207,17.78373
"118","4pm",10.505424,21.360106,52.01164,16.122829
"119","4pm",11.65711,17.116459,45.32974,25.896693
"120","4pm",11.822621,11.443957,59.55811,17.175315
"121","4pm",11.8497,10.14831,51.3731,26.628891
"122","4pm",13.070174,23.270074,48.40878,15.250977
"123","4pm",12.397151,22.015584,51.79037,13.796894
"124","4pm",12.487496,23.51171,51.83575,12.165045
"125","4pm",38.997331,22.621256,30.14784,8.23357
"126","4pm",10.477946,19.874396,49.62581,20.021845
"127","4pm",19.422894,15.110469,41.5942,23.87244
"128","4pm",10.195672,13.051954,48.57316,28.179217
"129","4pm",10.157597,15.06942,50.29715,24.47583
"130","4pm",27.600498,16.927096,42.52319,12.949215
"131","4pm",9.876497,18.164108,56.39054,15.568857
"132","4pm",7.007998,17.979993,52.91454,22.09747
"133","4pm",17.200745,16.997878,45.40906,20.392313
"134","4pm",11.051218,15.074938,52.05748,21.816362
"135","4pm",15.582388,13.830438,54.89825,15.688923
"136","4pm",13.008576,13.277167,53.83281,19.881443
"137","4pm",10.689783,16.983215,48.16165,24.165353
"138","4pm",10.960624,15.490468,47.61769,25.931214
"139","4pm",13.275137,21.04386,45.17534,20.505661
"140","4pm",13.274426,9.917367,53.87514,22.933062
"141","4pm",6.652115,9.269663,55.792,28.286226
"142","4pm",12.917707,14.254654,53.01505,19.812593
"143","4pm",18.095596,16.98519,52.68812,12.231092
"144","4pm",16.102798,19.458267,43.15358,21.285354
"145","4pm",28.875066,20.400276,39.15756,11.567098
"146","4pm",25.923204,19.557463,41.25314,13.266197
"147","4pm",26.21589,22.628224,40.93398,10.221902
"148","4pm",18.765148,17.49074,49.175,14.569107
"149","4pm",17.119962,16.495055,47.98751,18.397469
"150","4pm",20.396089,18.68316,42.77886,18.141889
"151","4pm",22.251105,22.866854,45.03497,9.847072
"152","4pm",12.414561,12.789462,47.76014,27.035834
"153","4pm",11.051895,12.542965,58.89843,17.506708
"154","4pm",12.646609,15.319531,47.82207,24.211786
"155","4pm",11.308688,13.619681,48.01771,27.053922
"156","4pm",20.364091,15.772834,43.2584,20.604679
"157","4pm",11.793548,17.395415,52.65563,18.155412
"101","5pm",35.198878,18.526598,36.42365,9.850878
"102","5pm",27.024018,20.062252,43.02006,9.893668
"103","5pm",33.96038,23.026407,35.4863,7.526911
"104","5pm",40.289203,18.015341,30.57133,11.124126
"105","5pm",59.652477,8.781806,20.44364,11.12208
"106","5pm",25.33442,32.230254,34.45919,7.976134
"107","5pm",17.066283,20.35429,47.41505,15.164372
"108","5pm",26.271798,20.569752,43.68289,9.475557
"109","5pm",37.913598,20.543303,32.00154,9.541555
"110","5pm",19.709735,20.192716,45.21361,14.883943
"111","5pm",17.915524,24.171454,44.03767,13.875355
"112","5pm",18.0629,13.588897,51.37634,16.971867
"113","5pm",10.412064,24.934866,45.88368,18.769388
"114","5pm",15.954633,21.049813,46.35427,16.641283
"115","5pm",18.849173,12.922947,48.24746,19.980423
"116","5pm",14.364821,16.015043,44.64413,24.976006
"117","5pm",13.522721,23.993303,45.48881,16.995165
"118","5pm",10.586942,17.826916,52.77466,18.811483
"119","5pm",14.461541,16.907456,44.59533,24.035677
"120","5pm",14.154811,12.918312,52.04653,20.880351
"121","5pm",11.016945,9.446466,55.33462,24.201972
"122","5pm",19.899106,19.882717,42.92727,17.290907
"123","5pm",13.01013,17.06191,54.22827,15.699694
"124","5pm",18.452932,22.948281,45.76027,12.838514
"125","5pm",33.984808,24.627641,33.11305,8.274504
"126","5pm",12.781794,15.102075,52.05303,20.063096
"127","5pm",17.517877,13.069598,47.65191,21.760615
"128","5pm",8.437151,22.508895,43.09335,25.960604
"129","5pm",13.641016,10.670569,53.73974,21.948677
"130","5pm",23.717769,17.796864,42.3396,16.145768
"131","5pm",10.846215,17.683513,54.33091,17.139357
"132","5pm",12.470991,15.903321,50.14541,21.480281
"133","5pm",13.373374,14.111855,52.86891,19.645863
"134","5pm",14.783687,17.173849,47.94259,20.099876
"135","5pm",13.121038,13.991513,56.91577,15.971681
"136","5pm",12.824198,16.544883,50.1302,20.500717
"137","5pm",12.836067,18.989388,47.7553,20.419246
"138","5pm",11.883598,13.271096,52.74827,22.097033
"139","5pm",15.511321,16.671225,47.38995,20.4275
"140","5pm",15.675966,9.801228,50.76156,23.761241
"141","5pm",9.925017,11.271167,51.5987,27.205116
"142","5pm",15.0609,15.74008,49.39868,19.800336
"143","5pm",15.616202,16.021174,50.9538,17.408819
"144","5pm",18.120577,20.811578,43.83916,17.228687
"145","5pm",20.532632,21.901616,40.79799,16.767766
"146","5pm",22.465924,24.325807,42.43266,10.775611
"147","5pm",22.907876,24.037196,41.41032,11.644605
"148","5pm",22.887137,17.923254,45.09821,14.091396
"149","5pm",19.23339,16.12506,46.25031,18.391238
"150","5pm",17.633386,17.192996,45.81234,19.361278
"151","5pm",22.346965,24.541811,41.97354,11.137683
"152","5pm",13.474698,18.222153,48.10325,20.199903
"153","5pm",13.194828,13.391241,56.0473,17.36663
"154","5pm",12.534279,14.412828,54.76614,18.286753
"155","5pm",17.068154,11.278112,46.46701,25.186723
