"district","hour","cleduc1","cleduc2","cleduc3","cleduc4"
"101","4am",1.1767149,8.276199,35.58568,54.961405
"102","4am",1.0523393,17.816776,28.31232,52.818564
"103","4am",8.1993366,22.89439,24.61383,44.292439
"104","4am",0,22.654627,20.67091,56.674464
"105","4am",7.7890536,14.894788,25.70329,51.612873
"106","4am",0,13.726343,20.23197,66.041688
"107","4am",0.6150894,21.944493,31.87187,45.568548
"108","4am",9.4826903,46.676428,24.45655,19.384331
"109","4am",5.5667207,26.872671,24.04965,43.510957
"110","4am",20.287676,43.053615,20.23872,16.41999
"111","4am",6.1700576,30.49446,23.69417,39.641314
"112","4am",3.0508719,32.864542,33.26491,30.819677
"113","4am",19.2627969,44.020982,26.9381,9.778121
"114","4am",7.185846,30.50602,30.58142,31.726711
"115","4am",5.3089795,28.408446,27.29043,38.992148
"116","4am",7.4640162,21.628695,21.59601,49.311275
"117","4am",4.2136623,40.502085,25.90887,29.37538
"118","4am",6.8913495,24.80443,28.7878,39.516417
"119","4am",5.3345262,31.602234,33.2795,29.783745
"120","4am",7.0511274,28.485161,21.10623,43.357483
"121","4am",14.4887332,33.625091,23.40317,28.483011
"122","4am",5.4002297,42.522737,25.46667,26.61036
"123","4am",11.5629181,26.145595,19.22097,43.070513
"124","4am",5.627267,23.290408,29.01392,42.068405
"125","4am",4.7950575,33.400581,25.22554,36.578819
"126","4am",7.1970307,30.564317,34.35969,27.878961
"127","4am",7.3536552,41.834757,25.35785,25.453739
"128","4am",3.917398,35.927033,23.30248,36.853089
"129","4am",10.0068068,45.653579,21.61593,22.723683
"130","4am",12.8355939,39.855731,29.53376,17.774915
"131","4am",5.7423205,39.991822,28.13135,26.13451
"132","4am",5.9827012,48.507982,23.78186,21.727454
"133","4am",8.8450571,38.528354,28.10193,24.524662
"134","4am",10.2622457,42.135583,31.82917,15.772999
"135","4am",8.8349778,51.409243,26.59362,13.162158
"136","4am",12.8796323,36.633074,30.25133,20.23596
"137","4am",13.4342923,30.419849,27.26137,28.884489
"138","4am",9.3715515,40.175237,34.41368,16.039536
"139","4am",19.2739717,40.595655,24.57272,15.557655
"140","4am",5.2651172,38.58588,37.0037,19.145304
"141","4am",5.450112,25.868077,22.22317,46.458642
"142","4am",17.5075992,48.485801,25.54009,8.466507
"143","4am",16.2391644,43.540616,29.75761,10.462611
"144","4am",8.7995077,54.535782,24.54994,12.114771
"145","4am",9.6819562,55.721743,19.39956,15.19674
"146","4am",11.2606386,39.639807,27.16347,21.936086
"147","4am",17.1339199,44.843244,25.68294,12.339894
"148","4am",20.6928052,39.924012,29.00343,10.379749
"149","4am",17.6210532,52.49729,24.27085,5.610809
"150","4am",8.5989244,45.518698,26.50946,19.372918
"151","4am",11.5220463,57.207676,14.21285,17.057427
"152","4am",12.4053999,60.059644,18.53588,8.999076
"153","4am",13.9765133,54.071475,21.92107,10.030944
"154","4am",9.1436776,41.50751,36.17532,13.173497
"155","4am",6.5412964,40.015628,20.29801,33.145062
"156","4am",9.9855556,32.024551,20.04352,37.946377
"157","4am",12.069159,30.39199,28.53346,29.005389
"101","5am",1.1213545,15.33265,31.17034,52.375658
"102","5am",1.0272009,18.88279,28.53318,51.55683
"103","5am",8.0903542,23.15612,25.0498,43.703721
"104","5am",0,22.84798,19.99385,57.15817
"105","5am",7.7890536,14.89479,25.70329,51.612873
"106","5am",0,15.8731,19.72853,64.398364
"107","5am",0.6260361,22.33504,32.43909,44.599835
"108","5am",9.6520914,45.72384,24.89345,19.730618
"109","5am",5.6100725,24.55858,25.98154,43.849806
"110","5am",20.6928491,41.33702,20.66074,17.309394
"111","5am",6.1551102,28.56592,25.73369,39.54528
"112","5am",3.04344,33.02808,33.18388,30.7446
"113","5am",19.4693785,43.42064,27.22699,9.882985
"114","5am",7.9898038,31.42964,28.53941,32.041147
"115","5am",4.6370745,28.27129,28.13053,38.961098
"116","5am",7.3189727,22.41865,21.90933,48.35304
"117","5am",4.2829573,40.30178,26.33495,29.080308
"118","5am",6.8434658,26.21103,27.70366,39.241842
"119","5am",5.2540493,32.63409,32.77744,29.334426
"120","5am",6.9246832,29.7676,20.72774,42.579976
"121","5am",14.8281201,33.13883,22.88285,29.150202
"122","5am",5.5630664,40.78959,26.23459,27.41276
"123","5am",11.7154814,25.91889,18.72684,43.638794
"124","5am",5.6057324,23.58396,28.90289,41.907416
"125","5am",4.9105119,33.23674,24.39319,37.459557
"126","5am",7.1970307,30.56432,34.35969,27.878961
"127","5am",7.3536552,41.83476,25.35785,25.453739
"128","5am",3.8855905,36.50396,22.32813,37.282323
"129","5am",10.3390307,45.56643,21.72245,22.372087
"130","5am",13.3921311,37.93073,30.81431,17.862823
"131","5am",5.6805485,39.63684,26.96119,27.721428
"132","5am",5.9224283,48.06055,24.50847,21.50856
"133","5am",9.0003913,38.94548,27.09877,24.955357
"134","5am",10.4989103,41.41252,32.56321,15.525364
"135","5am",8.7215826,50.84756,27.43764,12.993224
"136","5am",12.8796323,36.63307,30.25133,20.23596
"137","5am",13.5394596,29.87516,27.47478,29.110605
"138","5am",9.4303058,40.42711,34.00249,16.140095
"139","5am",19.424032,40.13315,24.76403,15.678782
"140","5am",5.1682735,38.88963,37.14894,18.793156
"141","5am",4.9643564,26.38906,21.93043,46.716154
"142","5am",17.598687,48.98828,24.90247,8.510556
"143","5am",16.3068293,43.6924,29.49457,10.506207
"144","5am",7.8597613,55.91131,23.96307,12.265855
"145","5am",8.9677561,54.63444,20.98103,15.416773
"146","5am",11.6464082,39.62233,27.14123,21.590035
"147","5am",18.3611685,45.02379,24.25613,12.358909
"148","5am",20.1417452,38.86082,31.5078,9.489639
"149","5am",17.9661856,53.02052,23.29259,5.720705
"150","5am",8.5989244,45.5187,26.50946,19.372918
"151","5am",11.5797574,56.99334,14.28404,17.142863
"152","5am",12.8682124,59.74231,18.43794,8.951529
"153","5am",13.8680288,53.65178,22.52711,9.953085
"154","5am",9.4068226,43.35195,33.68861,13.552615
"155","5am",6.5412964,40.01563,20.29801,33.145062
"156","5am",9.2073799,32.78056,19.80573,38.206324
"157","5am",11.9331015,29.26788,30.12062,28.678406
"101","6am",1.025991,20.04251,31.76174,47.169762
"102","6am",1.063276,19.08012,29.43717,50.419434
"103","6am",8.218128,24.54071,25.84492,41.396247
"104","6am",0,22.60601,19.04118,58.352808
"105","6am",7.942818,16.98721,26.2107,48.859279
"106","6am",0,13.44385,20.29822,66.257934
"107","6am",0.641566,24.49079,30.02592,44.841718
"108","6am",9.332255,45.21197,25.78327,19.672504
"109","6am",5.649251,22.60163,26.53754,45.211578
"110","6am",19.2744,40.53368,21.25703,18.934891
"111","6am",5.881419,31.41627,20.59784,42.104475
"112","6am",2.455875,33.64378,32.32525,31.575103
"113","6am",19.300614,42.10106,28.35238,10.245948
"114","6am",8.333056,33.52634,26.8003,31.340297
"115","6am",4.83548,27.42894,28.93609,38.799497
"116","6am",7.544755,23.72794,21.82962,46.89769
"117","6am",4.495958,40.03023,25.93864,29.535178
"118","6am",8.221993,25.64182,26.44437,39.691822
"119","6am",4.089053,34.81712,31.41614,29.67768
"120","6am",6.766056,29.0857,21.46996,42.678286
"121","6am",15.443056,32.78591,24.90651,26.864527
"122","6am",5.798623,41.18678,27.34544,25.669154
"123","6am",11.570268,26.96364,18.3682,43.097892
"124","6am",5.265967,24.13947,32.85409,37.74047
"125","6am",4.787659,35.12218,23.0132,37.076968
"126","6am",7.511176,31.89843,32.38027,28.210125
"127","6am",7.549507,39.85766,27.2641,25.328736
"128","6am",4.071656,37.08601,20.55716,38.285172
"129","6am",10.656452,45.31403,22.23036,21.799156
"130","6am",13.787615,37.21659,30.95743,18.038366
"131","6am",5.646862,39.99573,26.27232,28.085096
"132","6am",6.053986,47.75657,25.05289,21.136555
"133","6am",9.437567,36.57853,27.56823,26.415669
"134","6am",10.461108,41.05109,32.13005,16.357754
"135","6am",8.790066,51.44556,25.89391,13.870462
"136","6am",12.970474,37.13427,30.24408,19.651181
"137","6am",14.165618,29.83593,29.69416,26.304291
"138","6am",9.903042,41.07534,32.84954,16.172078
"139","6am",20.518241,39.21492,23.70483,16.562011
"140","6am",5.125511,39.10063,37.33951,18.434358
"141","6am",5.171444,24.75645,23.62499,46.447117
"142","6am",17.758409,48.6606,25.80114,7.779854
"143","6am",14.550964,43.53805,31.33134,10.579647
"144","6am",10.08724,56.79976,21.34238,11.770623
"145","6am",8.849306,53.71717,22.81959,14.613939
"146","6am",12.16901,40.15997,25.7684,21.902622
"147","6am",17.628743,44.83562,25.66973,11.865913
"148","6am",20.315637,39.15819,30.95461,9.571567
"149","6am",17.004809,53.52677,23.74099,5.727432
"150","6am",8.787103,45.03344,27.47772,18.701736
"151","6am",12.626425,53.89627,15.87898,17.598328
"152","6am",12.724462,58.17072,19.70649,9.398331
"153","6am",14.51446,53.97851,21.09,10.417028
"154","6am",9.745866,43.19435,33.0187,14.041083
"155","6am",5.781212,39.19932,20.34771,34.671757
"156","6am",9.547762,33.99241,19.21708,37.242747
"157","6am",12.776362,27.47299,30.64775,29.102895
"101","7am",0.8604797,23.97991,34.38211,40.777505
"102","7am",0.9828411,21.18391,28.82405,49.009203
"103","7am",4.9250014,29.79486,25.19514,40.084993
"104","7am",0,27.75711,15.27429,56.968595
"105","7am",7.9437539,16.24066,26.43968,49.375913
"106","7am",0,15.24994,22.44797,62.302087
"107","7am",2.0379563,23.84491,31.57444,42.542695
"108","7am",13.8861805,46.02125,22.33213,17.760443
"109","7am",5.847396,23.7558,26.28486,44.111946
"110","7am",16.1797084,38.61564,22.7655,22.439154
"111","7am",6.4612726,37.4992,19.52329,36.516236
"112","7am",2.4973395,33.24734,32.11629,32.139031
"113","7am",19.3843366,42.42665,27.64513,10.543888
"114","7am",7.7046188,35.91059,26.69371,29.691081
"115","7am",4.1246834,30.03449,31.70244,34.13839
"116","7am",8.2855674,29.09956,20.23371,42.381162
"117","7am",7.0650125,42.59724,30.28501,20.05274
"118","7am",5.5645078,27.67733,25.44968,41.308477
"119","7am",4.6590028,43.55219,24.61166,27.177151
"120","7am",7.5234983,30.24662,22.12565,40.104237
"121","7am",17.5359163,32.78655,25.53516,24.142373
"122","7am",5.6132,40.01259,26.96792,27.406292
"123","7am",11.955284,32.01191,20.35905,35.673758
"124","7am",6.4111683,27.19786,31.15033,35.240642
"125","7am",3.5400444,30.11565,29.04329,37.301014
"126","7am",5.9143864,35.16683,30.42577,28.493015
"127","7am",7.9118445,42.15553,24.14552,25.787102
"128","7am",4.2979332,37.33993,21.65917,36.702966
"129","7am",9.9449833,50.82521,19.18463,20.045172
"130","7am",15.33097,36.26027,33.87456,14.534199
"131","7am",5.6731693,39.26268,28.88711,26.177046
"132","7am",7.0356098,51.95825,20.48605,20.520096
"133","7am",10.4230236,41.36745,26.85453,21.354991
"134","7am",11.1172027,44.67905,32.69006,11.513681
"135","7am",9.6926902,51.91075,25.378,13.018566
"136","7am",14.9564063,39.62086,28.1818,17.240938
"137","7am",16.3050536,30.84611,28.69637,24.15247
"138","7am",11.3598926,46.0123,28.65134,13.976466
"139","7am",24.7742031,41.23514,23.71122,10.279443
"140","7am",5.2233693,43.06704,33.59155,18.118037
"141","7am",4.7895397,26.83734,24.49763,43.875491
"142","7am",19.9890645,48.16519,23.4633,8.382443
"143","7am",16.109285,47.82866,24.15992,11.902135
"144","7am",8.7918797,58.05916,18.33843,14.810535
"145","7am",6.6918747,48.36114,27.18937,17.757616
"146","7am",12.0794248,39.37135,26.94777,21.601457
"147","7am",16.1438734,43.64175,28.55507,11.659308
"148","7am",20.6334226,38.33666,33.19069,7.839231
"149","7am",17.7002188,52.32917,21.00513,8.965479
"150","7am",9.6990264,43.55995,26.85151,19.88952
"151","7am",12.716014,53.42967,15.62744,18.226875
"152","7am",13.404401,59.30534,17.811,9.479265
"153","7am",15.156341,53.72041,17.19049,13.932763
"154","7am",10.0255849,44.98648,32.49237,12.495564
"155","7am",6.4356061,46.95708,16.58248,30.024831
"156","7am",10.2692636,36.4221,21.98491,31.323725
"157","7am",13.4352246,27.69525,28.36897,30.500553
"101","8am",1.3124408,18.43119,39.7668,40.489569
"102","8am",0.7088596,26.63377,32.37924,40.27813
"103","8am",7.8101433,32.57712,29.89734,29.715389
"104","8am",0,29.24706,18.50888,52.244056
"105","8am",7.0314085,15.0872,32.75024,45.131156
"106","8am",0,16.70213,21.20059,62.097275
"107","8am",2.3354173,25.21299,30.50047,41.951122
"108","8am",11.0082421,46.78698,23.27716,18.927618
"109","8am",6.5249361,28.47546,29.8324,35.167206
"110","8am",14.6058289,32.98596,23.30724,29.100968
"111","8am",7.4388957,33.65293,24.09957,34.808604
"112","8am",2.96557,37.85573,29.96285,29.21585
"113","8am",19.7573424,41.44701,28.72291,10.072736
"114","8am",7.472967,30.23941,30.2956,31.992025
"115","8am",4.7321266,42.02998,28.83511,24.402788
"116","8am",9.4688409,28.53248,20.67209,41.326582
"117","8am",7.2088863,45.63536,28.08172,19.074041
"118","8am",4.3847187,28.14405,30.16517,37.30606
"119","8am",4.2014973,37.90063,33.13121,24.76667
"120","8am",7.2086656,33.43078,27.19976,32.160794
"121","8am",20.237197,37.42461,19.21281,23.12539
"122","8am",6.9091654,44.63363,25.8399,22.617301
"123","8am",9.9273997,28.36761,27.60116,34.103825
"124","8am",7.0427686,30.25581,26.57534,36.126088
"125","8am",3.0054621,27.92794,29.74093,39.325667
"126","8am",6.670261,42.31081,27.11004,23.908893
"127","8am",8.288961,44.66984,23.87215,23.169047
"128","8am",5.5344499,46.73844,17.15818,30.568929
"129","8am",12.0748707,52.05296,18.89743,16.974749
"130","8am",15.1330336,36.83014,30.33194,17.704892
"131","8am",5.3250103,36.22157,29.72198,28.731438
"132","8am",6.5550342,51.60953,18.35717,23.478263
"133","8am",12.4804904,49.33325,21.98946,16.196804
"134","8am",11.6241529,46.0005,31.13225,11.243094
"135","8am",9.545643,49.67568,25.96141,14.817263
"136","8am",15.9319145,36.59383,31.17753,16.296723
"137","8am",18.7069666,35.20292,25.03812,21.05199
"138","8am",12.3455423,43.21114,26.48415,17.959162
"139","8am",28.1336666,40.73951,21.88643,9.240391
"140","8am",5.5680631,46.54541,34.45015,13.436379
"141","8am",6.5455085,31.36713,25.20268,36.884685
"142","8am",18.9823206,48.32988,24.77821,7.909582
"143","8am",14.8489309,48.15699,21.86688,15.127204
"144","8am",8.5311301,56.42233,19.81858,15.227966
"145","8am",7.4292342,45.51917,23.8697,23.181893
"146","8am",12.9016868,43.69946,24.28384,19.115015
"147","8am",10.9358932,36.89278,27.51532,24.656008
"148","8am",20.2749918,39.96455,28.30696,11.453496
"149","8am",17.9320463,46.55879,25.59305,9.916116
"150","8am",10.6466331,40.83985,27.86981,20.643707
"151","8am",11.7332035,50.38334,19.02618,18.857275
"152","8am",14.9896675,63.05226,15.06814,6.889935
"153","8am",16.1437877,50.37852,17.16966,16.308028
"154","8am",10.9873593,46.14935,32.41781,10.44548
"155","8am",7.6137907,50.41567,16.85959,25.110954
"156","8am",8.8854057,35.98049,19.09497,36.039131
"157","8am",14.1860311,31.37873,29.30199,25.133254
"101","9am",1.0103613,21.06563,32.82004,45.103973
"102","9am",0.9316681,27.18335,34.6833,37.20168
"103","9am",7.2477756,36.56157,26.2578,29.93285
"104","9am",0,29.41499,19.87422,50.710799
"105","9am",6.3392146,20.40856,33.66697,39.585251
"106","9am",1.2624081,14.88881,24.89011,58.958677
"107","9am",2.2809785,25.96031,31.25212,40.506591
"108","9am",12.1272165,46.06541,22.32129,19.486084
"109","9am",6.8238994,30.57495,31.19595,31.405199
"110","9am",13.7714312,30.59035,20.0248,35.613424
"111","9am",9.0212627,29.79285,21.88486,39.301019
"112","9am",2.4364044,37.18914,29.60647,30.767991
"113","9am",19.5479863,43.87211,28.08801,8.491892
"114","9am",7.1625377,30.49811,29.15595,33.183401
"115","9am",5.173206,39.86709,28.96794,25.99176
"116","9am",9.3642382,31.44453,22.94636,36.244871
"117","9am",7.9643926,44.37163,31.08307,16.580908
"118","9am",4.4655127,30.10324,27.94319,37.488065
"119","9am",4.3503024,35.92298,35.13001,24.596712
"120","9am",4.0311413,35.62739,25.40499,34.93648
"121","9am",17.4294023,38.52633,19.94937,24.094893
"122","9am",6.5261962,40.79962,29.73777,22.936414
"123","9am",8.5541653,28.19284,25.05975,38.193249
"124","9am",5.3496627,28.26319,24.61281,41.774338
"125","9am",5.013421,24.60565,29.10377,41.277159
"126","9am",6.3955008,42.94573,28.61291,22.045856
"127","9am",8.8126118,43.18039,23.16958,24.837419
"128","9am",5.8718151,44.37057,23.39926,26.358361
"129","9am",9.46826,57.61844,14.75139,18.161904
"130","9am",15.2480287,35.11358,30.02444,19.61395
"131","9am",5.9214161,34.68945,30.58273,28.806407
"132","9am",7.8504294,51.22793,17.01303,23.908617
"133","9am",15.213912,50.055,20.57617,14.154925
"134","9am",11.7869659,46.32159,31.30118,10.59026
"135","9am",9.8043967,49.08788,24.8542,16.253519
"136","9am",14.3086077,41.16105,28.76822,15.762128
"137","9am",19.2042014,34.75935,23.26248,22.773965
"138","9am",11.7344765,42.20868,28.53382,17.523025
"139","9am",28.5588297,40.33328,23.61907,7.488821
"140","9am",5.2662763,49.62271,33.25456,11.85645
"141","9am",4.2119366,31.51786,27.30767,36.962532
"142","9am",17.7076065,48.32334,26.68716,7.281891
"143","9am",14.7579206,49.59145,22.08479,13.565834
"144","9am",9.1683015,53.52185,23.50611,13.803742
"145","9am",8.4687901,43.45597,24.04007,24.035172
"146","9am",12.7796419,40.27349,25.25256,21.694307
"147","9am",12.4042428,32.8144,28.34304,26.438312
"148","9am",19.7888716,38.46067,27.23021,14.520254
"149","9am",15.5422685,50.40718,23.91537,10.135184
"150","9am",10.6397578,39.19242,26.68838,23.479439
"151","9am",12.3196899,47.66431,24.87983,15.136175
"152","9am",17.1268843,61.3558,15.29041,6.226906
"153","9am",16.7654997,53.14653,18.35163,11.736339
"154","9am",11.8790812,44.92307,31.44926,11.748582
"155","9am",7.4809813,51.2783,14.21965,27.021063
"156","9am",10.0442022,35.89793,20.46195,33.595922
"157","9am",12.9917982,31.40834,26.62589,28.973979
"101","10am",1.382126,20.53341,31.58376,46.500704
"102","10am",3.57951,25.73949,33.97504,36.705965
"103","10am",8.034111,31.83966,28.55564,31.570593
"104","10am",0,32.37073,18.93835,48.69092
"105","10am",3.09506,18.20702,39.56299,39.134926
"106","10am",2.420643,16.3406,25.24688,55.991872
"107","10am",5.622887,26.84271,28.10527,39.429138
"108","10am",12.915256,47.21686,21.60571,18.262172
"109","10am",4.792411,36.13783,29.70654,29.363218
"110","10am",13.531399,31.31642,19.98919,35.162986
"111","10am",7.676458,31.23979,25.41277,35.670986
"112","10am",1.737206,39.41487,28.06493,30.782988
"113","10am",20.770586,39.31201,29.318,10.599401
"114","10am",6.897254,31.90725,26.5441,34.65139
"115","10am",5.222525,40.15148,31.34194,23.284058
"116","10am",13.680259,29.03105,23.76837,33.520324
"117","10am",7.083648,42.81279,30.70927,19.394297
"118","10am",3.65764,28.69262,29.53385,38.115888
"119","10am",4.774407,37.57139,33.04137,24.612832
"120","10am",3.833384,34.8931,27.92353,33.349985
"121","10am",16.009971,40.33788,22.68305,20.969098
"122","10am",5.772402,46.04263,26.32874,21.856235
"123","10am",8.389761,27.48824,24.98346,39.138536
"124","10am",5.298994,29.49601,25.42516,39.779835
"125","10am",4.910221,25.02514,28.92033,41.144308
"126","10am",7.199324,41.94486,28.86324,21.992574
"127","10am",9.249461,46.09723,22.15281,22.500502
"128","10am",5.61026,43.87375,24.64827,25.867718
"129","10am",12.361867,50.12618,19.66,17.851954
"130","10am",14.285192,39.16663,27.33163,19.216549
"131","10am",5.595757,34.91257,29.76868,29.722985
"132","10am",5.488034,52.70557,17.32678,24.479618
"133","10am",11.151484,47.73615,23.19891,17.913451
"134","10am",9.799599,48.83136,31.35992,10.009124
"135","10am",9.292332,49.17946,25.57251,15.95569
"136","10am",13.592521,43.84711,27.1439,15.416463
"137","10am",21.303099,33.95847,20.52916,24.20927
"138","10am",12.117978,39.56531,30.221,18.095705
"139","10am",27.241649,42.30758,22.40959,8.041188
"140","10am",8.321736,46.57478,31.72048,13.382999
"141","10am",4.281378,28.34165,28.1514,39.225573
"142","10am",17.170848,49.77141,25.42672,7.631029
"143","10am",10.939346,53.19607,21.06468,14.799899
"144","10am",7.015697,56.3254,20.46172,16.197182
"145","10am",12.050573,40.89681,25.63873,21.413896
"146","10am",12.322267,37.4238,27.25694,22.996996
"147","10am",10.617938,33.8358,27.58664,27.959631
"148","10am",19.643672,37.31482,30.31236,12.729138
"149","10am",15.136946,44.96425,29.39305,10.505748
"150","10am",11.862911,41.24372,25.10945,21.783917
"151","10am",12.57992,48.48937,22.53429,16.396418
"152","10am",12.216327,67.05145,12.21254,8.519683
"153","10am",19.881486,49.79978,19.21953,11.099199
"154","10am",12.473745,48.03794,27.70043,11.787888
"155","10am",6.421595,49.21988,15.39694,28.961587
"156","10am",11.345732,35.85203,22.58535,30.216882
"157","10am",11.892777,30.58578,28.83671,28.684726
"101","11am",0.8296131,18.05842,33.87729,47.234672
"102","11am",1.0332131,26.36052,33.29243,39.31383
"103","11am",9.9837491,27.19778,31.79028,31.028193
"104","11am",0,34.14867,18.21342,47.637911
"105","11am",5.2589144,16.34675,38.70092,39.693408
"106","11am",2.3806168,17.43925,21.40411,58.776025
"107","11am",4.4641588,23.51686,31.98295,40.036026
"108","11am",15.1417608,46.68598,21.68243,16.489834
"109","11am",3.9857231,40.59834,25.51112,29.904814
"110","11am",14.6431015,30.92092,19.65495,34.78103
"111","11am",7.3876192,30.793,24.02371,37.795671
"112","11am",2.2446951,38.89623,29.30073,29.558347
"113","11am",21.0464521,38.65691,30.21201,10.084625
"114","11am",7.1210831,32.85095,24.80782,35.220147
"115","11am",4.9275833,43.15741,28.05404,23.860967
"116","11am",10.5181667,30.64407,17.62865,41.209112
"117","11am",6.8779114,42.80044,31.09514,19.226503
"118","11am",3.5850108,27.09382,28.61869,40.702477
"119","11am",3.7062889,37.56976,33.8877,24.836254
"120","11am",4.6660434,35.76872,25.91731,33.647931
"121","11am",17.5644891,41.26822,21.21859,19.948704
"122","11am",4.7356484,50.25845,23.94875,21.057156
"123","11am",10.8611151,27.28507,24.8068,37.047016
"124","11am",4.7597591,29.75897,24.49135,40.989921
"125","11am",4.7895397,26.49995,28.93346,39.777051
"126","11am",7.4733753,42.29572,28.10606,22.12484
"127","11am",9.3532305,43.42691,25.47534,21.744518
"128","11am",5.9800591,53.87117,20.53225,19.616526
"129","11am",13.7709016,51.46167,19.16846,15.598963
"130","11am",12.3446021,43.272,24.41563,19.967767
"131","11am",4.8528235,34.98618,31.95236,28.208632
"132","11am",8.1405259,52.65046,16.95793,22.251082
"133","11am",11.5108232,48.52572,23.45942,16.504033
"134","11am",12.0017094,50.03666,27.81609,10.14554
"135","11am",8.8989276,47.82683,27.18452,16.089725
"136","11am",14.7896618,41.41742,30.12959,13.663328
"137","11am",19.6599691,33.48851,25.44955,21.401967
"138","11am",9.7530844,45.48797,28.25271,16.506241
"139","11am",30.8375778,40.72026,20.0801,8.362063
"140","11am",6.0077271,46.27649,36.15936,11.55642
"141","11am",4.7352265,31.57371,26.95901,36.732054
"142","11am",19.132505,48.97534,25.99029,5.901862
"143","11am",14.5533591,50.71628,18.59643,16.133933
"144","11am",6.3445253,61.13941,20.28652,12.229538
"145","11am",10.5432904,42.68598,25.17663,21.594107
"146","11am",12.2562066,36.34907,27.268,24.126725
"147","11am",10.7944748,35.55326,27.61283,26.03943
"148","11am",14.5166489,38.01265,30.75156,16.719145
"149","11am",17.6822777,47.32526,25.17576,9.816701
"150","11am",12.0056418,39.18694,27.50571,21.301711
"151","11am",13.5464284,48.68636,19.27218,18.495024
"152","11am",15.6541907,63.03312,13.71432,7.598366
"153","11am",19.3073285,54.37384,17.52068,8.798152
"154","11am",9.7052967,46.26835,30.54048,13.485872
"155","11am",8.1005479,53.2544,14.59819,24.04687
"156","11am",10.4631013,32.85756,22.27392,34.405428
"157","11am",11.4986497,30.25165,30.28917,27.960522
"101","12am",0.8600522,17.49954,32.20768,49.43273
"102","12am",0.8945605,28.35646,33.98757,36.761411
"103","12am",7.0297605,28.70144,34.22133,30.04747
"104","12am",0,33.75356,16.91864,49.327792
"105","12am",6.3561425,16.98004,38.62853,38.035288
"106","12am",1.1002634,16.41318,21.22088,61.265668
"107","12am",6.0213453,25.21605,29.73938,39.023225
"108","12am",14.1536002,48.76145,21.66421,15.420748
"109","12am",4.1353635,31.72768,25.62073,38.516232
"110","12am",15.3041446,32.49688,20.15929,32.039694
"111","12am",9.9551422,23.43973,26.66053,39.944596
"112","12am",2.9631649,36.50656,34.0135,26.51678
"113","12am",22.807776,45.8653,20.57464,10.752292
"114","12am",7.3269724,33.14909,26.33264,33.191297
"115","12am",4.7400509,37.33947,30.74582,27.174662
"116","12am",9.9240993,32.19651,20.97631,36.903083
"117","12am",6.7854456,43.81393,29.60637,19.794247
"118","12am",3.655302,26.56607,28.61322,41.165404
"119","12am",3.5753161,37.39419,33.70823,25.322261
"120","12am",4.7103605,31.93865,26.38372,36.967278
"121","12am",18.4741331,37.69464,19.70111,24.130117
"122","12am",2.9888064,49.05229,26.81891,21.139985
"123","12am",9.0306469,26.5645,24.29626,40.108597
"124","12am",6.9306353,29.83188,24.77878,38.458711
"125","12am",6.287822,23.60437,30.06206,40.045755
"126","12am",7.6296094,39.08402,31.55308,21.733288
"127","12am",9.0290653,47.54431,24.25369,19.172936
"128","12am",5.3982133,42.49589,24.49195,27.613946
"129","12am",11.9520341,50.56384,18.5661,18.918018
"130","12am",13.5595072,44.03194,24.71287,17.695679
"131","12am",4.7853646,35.40769,26.80421,33.002735
"132","12am",7.1775319,52.02925,19.50331,21.28991
"133","12am",10.6853207,45.69026,25.2228,18.401622
"134","12am",11.1628856,48.05642,28.65187,12.128816
"135","12am",8.6246018,49.37974,27.29915,14.69651
"136","12am",14.9747759,42.72972,27.72477,14.570733
"137","12am",17.7221996,33.30178,30.70847,18.267547
"138","12am",10.4681693,48.07415,29.0148,12.44288
"139","12am",30.4618381,41.43999,18.96164,9.136528
"140","12am",5.2279713,45.61864,35.94137,13.21202
"141","12am",7.8215789,28.35288,25.45276,38.372785
"142","12am",19.1989841,44.84792,25.95923,9.993867
"143","12am",13.8255427,49.7074,21.79716,14.669895
"144","12am",8.1025862,60.1829,20.35856,11.355956
"145","12am",9.3818057,49.31685,23.04701,18.254333
"146","12am",10.6772226,40.58866,24.39749,24.336621
"147","12am",13.3782894,31.34046,24.25177,31.02948
"148","12am",20.9400415,31.42828,34.06793,13.563741
"149","12am",16.6459182,51.90899,23.3686,8.076485
"150","12am",10.4251522,40.90626,27.82128,20.847303
"151","12am",15.8982782,47.56381,20.41131,16.126608
"152","12am",13.0516547,62.77087,14.29773,9.879741
"153","12am",16.0786799,52.87274,20.49472,10.553865
"154","12am",9.1211328,46.8709,31.80564,12.202326
"155","12am",6.8297803,51.04629,15.85884,26.265093
"156","12am",10.454056,32.91275,21.96052,34.672681
"157","12am",9.696153,31.05539,30.90146,28.347002
"101","1pm",1.531073,22.10675,35.45563,40.906548
"102","1pm",1.00126,23.89663,32.31197,42.790136
"103","1pm",6.664386,26.82976,35.45615,31.049706
"104","1pm",0,34.11794,21.60668,44.27538
"105","1pm",5.798284,19.76717,32.65495,41.779599
"106","1pm",0,15.29325,26.22363,58.48312
"107","1pm",5.298524,27.43162,27.2478,40.022056
"108","1pm",9.797127,49.09035,21.20779,19.904726
"109","1pm",4.779836,35.49873,20.96622,38.755209
"110","1pm",13.766849,32.63407,18.43831,35.160776
"111","1pm",10.163973,23.56105,24.63358,41.641395
"112","1pm",3.729976,39.14951,30.68953,26.43098
"113","1pm",21.464851,41.57711,27.18236,9.775674
"114","1pm",8.254935,30.25704,25.96414,35.523885
"115","1pm",3.278837,42.17303,28.55179,25.996345
"116","1pm",10.621265,30.77504,18.04297,40.560728
"117","1pm",6.544312,45.15216,29.43867,18.864865
"118","1pm",3.580881,27.32588,27.48233,41.610906
"119","1pm",3.871124,36.83812,32.96971,26.321047
"120","1pm",4.869483,32.28949,30.55285,32.288175
"121","1pm",17.525954,36.78063,22.32262,23.370797
"122","1pm",4.123548,48.02627,25.81618,22.033997
"123","1pm",11.447852,24.10993,24.19478,40.247435
"124","1pm",5.441761,31.89387,24.78589,37.878478
"125","1pm",7.68905,23.1942,29.98543,39.131318
"126","1pm",7.300244,45.52023,26.68185,20.497672
"127","1pm",9.553502,49.33484,22.66444,18.44722
"128","1pm",4.035668,37.56491,26.97088,31.428545
"129","1pm",11.948472,53.58134,16.78485,17.685335
"130","1pm",12.575924,40.41583,26.27939,20.728857
"131","1pm",4.627525,33.10488,32.74065,29.526944
"132","1pm",8.308236,52.09251,18.1077,21.491555
"133","1pm",11.427295,49.87734,21.51238,17.182989
"134","1pm",11.488705,46.52178,29.50668,12.482828
"135","1pm",9.133593,48.61323,25.39042,16.862756
"136","1pm",17.229198,42.91442,24.51421,15.342167
"137","1pm",18.972751,35.94806,25.47979,19.5994
"138","1pm",11.294555,43.94401,27.87062,16.890821
"139","1pm",25.879862,46.23373,19.61051,8.275898
"140","1pm",5.807685,43.84027,37.92022,12.431827
"141","1pm",10.15567,28.6789,27.29794,33.867486
"142","1pm",18.005325,45.63836,26.23419,10.122122
"143","1pm",15.20101,49.30692,19.73416,15.75791
"144","1pm",11.202284,54.63947,22.35542,11.802828
"145","1pm",10.025854,48.62874,24.81405,16.531359
"146","1pm",9.31492,43.2093,23.65288,23.822901
"147","1pm",11.855719,33.02857,25.19562,29.920094
"148","1pm",20.669941,33.67263,30.87649,14.78093
"149","1pm",16.826168,48.88858,25.33446,8.950786
"150","1pm",9.578537,36.4534,29.46068,24.507386
"151","1pm",14.275896,49.51587,17.97501,18.233222
"152","1pm",13.609126,63.91178,13.85148,8.627605
"153","1pm",16.935444,55.63664,16.94016,10.487764
"154","1pm",9.197481,44.51437,35.04684,11.241304
"155","1pm",8.01333,50.41414,16.08956,25.482974
"156","1pm",10.855058,31.2092,23.43325,34.502492
"157","1pm",10.14395,32.73784,28.32006,28.79815
"101","2pm",2.2065109,20.89963,36.50876,40.385096
"102","2pm",0.9921595,26.89373,30.23238,41.881735
"103","2pm",7.5849388,29.47167,30.76327,32.180124
"104","2pm",0,35.3286,18.10362,46.567773
"105","2pm",5.0830153,11.49029,36.55609,46.870609
"106","2pm",1.6234659,15.59298,29.79921,52.98434
"107","2pm",5.1262757,29.48189,22.89697,42.494864
"108","2pm",11.3514818,47.09772,18.59153,22.959273
"109","2pm",3.7976226,30.00809,25.74021,40.454083
"110","2pm",13.3642073,28.76303,19.97385,37.898909
"111","2pm",9.6740335,25.3234,28.38454,36.618026
"112","2pm",3.6079331,39.74631,30.56375,26.08201
"113","2pm",18.6388969,41.61131,29.00466,10.745135
"114","2pm",8.3080145,28.74132,26.70525,36.245413
"115","2pm",3.2047443,45.15602,25.29954,26.339691
"116","2pm",10.3162642,29.17334,20.31864,40.191753
"117","2pm",8.1788495,41.15807,31.23829,19.424797
"118","2pm",2.4890635,31.29354,25.55671,40.660687
"119","2pm",4.2286729,36.80974,31.74057,27.221018
"120","2pm",3.6003011,29.54953,31.06351,35.786665
"121","2pm",17.3866329,37.87561,22.12031,22.617441
"122","2pm",5.2049854,46.56214,23.93061,24.302268
"123","2pm",10.3976145,24.21395,23.14112,42.247317
"124","2pm",5.7886793,30.70308,28.25227,35.255965
"125","2pm",5.9073086,26.20151,29.41876,38.472421
"126","2pm",7.5984237,42.20604,31.64335,18.552187
"127","2pm",9.9057779,43.44879,23.23147,23.413962
"128","2pm",3.7028343,43.7233,25.98635,26.587511
"129","2pm",14.9130824,51.48048,12.82348,20.782959
"130","2pm",12.7902751,42.11699,26.85028,18.242451
"131","2pm",5.4522388,33.05295,33.55278,27.942031
"132","2pm",8.3665186,54.14529,16.06798,21.420212
"133","2pm",11.5282932,49.9163,23.81071,14.744699
"134","2pm",12.4482974,44.48254,29.1776,13.891565
"135","2pm",8.3854015,48.33723,25.71065,17.566716
"136","2pm",17.522664,42.94123,24.69455,14.841557
"137","2pm",19.8719137,36.58551,26.14703,17.39554
"138","2pm",9.7545349,45.49253,25.68541,19.067521
"139","2pm",28.5038255,44.03203,20.91553,6.548609
"140","2pm",5.3194376,45.63919,34.23062,14.810753
"141","2pm",8.389534,31.98283,29.20641,30.421231
"142","2pm",17.4243655,44.79895,29.41747,8.359209
"143","2pm",20.1856556,46.7342,19.73847,13.34168
"144","2pm",10.9271942,55.47294,20.66608,12.933784
"145","2pm",9.9876718,50.26932,23.77498,15.968027
"146","2pm",10.3564034,37.94123,24.92511,26.777251
"147","2pm",11.1802702,33.99694,24.0034,30.819395
"148","2pm",23.7097888,33.95445,29.54819,12.787575
"149","2pm",18.8253969,46.45933,25.65517,9.060113
"150","2pm",6.3638772,40.64738,29.0113,23.977446
"151","2pm",11.679702,47.41079,19.9097,20.999807
"152","2pm",12.6995555,60.98959,17.94116,8.369693
"153","2pm",16.6500349,51.96432,15.96731,15.418335
"154","2pm",11.9862932,46.6479,33.71752,7.648284
"155","2pm",8.218174,53.37255,15.68386,22.725422
"156","2pm",12.0519407,33.81372,24.1421,29.992233
"157","2pm",6.2062823,34.62536,31.1762,27.992154
"101","3pm",1.510984,19.69505,31.99695,46.797014
"102","3pm",1.004056,25.07668,33.46246,40.456796
"103","3pm",8.755652,27.60158,31.46015,32.182627
"104","3pm",0,34.37822,16.09591,49.525866
"105","3pm",5.968087,10.92877,43.57053,39.532604
"106","3pm",2.333637,16.354,29.95222,51.36014
"107","3pm",1.861167,26.84887,29.55914,41.730822
"108","3pm",11.752842,43.87205,23.15074,21.224368
"109","3pm",3.429974,29.81397,26.90981,39.846252
"110","3pm",13.018949,27.52448,24.86818,34.588392
"111","3pm",6.820988,24.90395,28.04536,40.229703
"112","3pm",4.298356,40.42903,29.25764,26.014978
"113","3pm",17.221526,44.9709,25.21319,12.594383
"114","3pm",7.636719,34.48367,28.54861,29.331001
"115","3pm",3.246284,48.5432,24.13748,24.073041
"116","3pm",9.438758,28.46032,24.32296,37.777961
"117","3pm",7.418796,42.09092,28.09957,22.39071
"118","3pm",3.44024,26.93451,25.57002,44.055228
"119","3pm",3.787844,34.09137,36.21801,25.902774
"120","3pm",4.228063,29.1274,27.53232,39.112218
"121","3pm",15.727711,37.60473,20.9025,25.765059
"122","3pm",8.084234,44.59106,21.40454,25.920158
"123","3pm",11.017388,23.63753,22.18338,43.161701
"124","3pm",6.280312,27.08344,28.96198,37.674267
"125","3pm",6.045359,26.33084,29.20579,38.418001
"126","3pm",6.895065,42.4426,32.25374,18.408588
"127","3pm",9.800973,49.02624,15.70791,25.464876
"128","3pm",6.023934,46.6072,17.46091,29.907947
"129","3pm",14.93586,56.33738,13.12392,15.602846
"130","3pm",12.539975,44.09966,26.28461,17.075755
"131","3pm",5.381367,34.17481,31.63864,28.805182
"132","3pm",9.064675,49.32412,14.70654,26.904658
"133","3pm",12.070813,43.09431,23.23782,21.597053
"134","3pm",11.814334,48.4634,28.55441,11.167859
"135","3pm",8.973232,49.50306,25.64901,15.874702
"136","3pm",15.668791,43.03821,24.7586,16.534399
"137","3pm",18.451366,32.44234,29.60503,19.501269
"138","3pm",10.215679,46.52539,23.92459,19.334334
"139","3pm",27.149114,41.98405,21.74877,9.118063
"140","3pm",6.318252,43.2332,38.32036,12.128195
"141","3pm",7.25299,31.96881,26.71343,34.064764
"142","3pm",18.988401,49.28333,24.75909,6.969185
"143","3pm",15.34157,48.07939,19.52206,17.056982
"144","3pm",12.559786,57.73053,17.61391,12.09577
"145","3pm",9.029243,52.76423,22.74485,15.461674
"146","3pm",11.451159,42.42584,22.23201,23.890984
"147","3pm",13.015666,34.20793,22.25607,30.520336
"148","3pm",20.404558,37.86322,29.22928,12.502945
"149","3pm",19.312198,47.44914,23.39058,9.848081
"150","3pm",6.346764,38.03126,30.3366,25.285377
"151","3pm",11.545811,48.41873,21.038,18.997462
"152","3pm",14.627684,63.12315,14.11609,8.133075
"153","3pm",20.226876,50.38064,18.5708,10.821686
"154","3pm",7.704166,51.17359,34.08562,7.036622
"155","3pm",9.999371,52.51163,17.26776,20.22124
"156","3pm",12.026691,32.9158,25.15759,29.899913
"157","3pm",6.782534,34.74356,30.56682,27.907087
"101","4pm",1.105696,15.78209,28.69592,54.41629
"102","4pm",1.904718,21.17685,32.73215,44.186289
"103","4pm",7.258592,29.29226,27.94212,35.507035
"104","4pm",0,34.86564,20.4381,44.69627
"105","4pm",6.322581,19.57781,38.27858,35.821035
"106","4pm",0,14.92674,26.67403,58.39923
"107","4pm",1.74198,24.85347,33.77467,39.629875
"108","4pm",10.524657,41.81905,24.36439,23.29191
"109","4pm",4.712742,30.08811,21.24324,43.955911
"110","4pm",15.737982,28.22674,22.81991,33.215365
"111","4pm",6.841598,23.7966,25.68162,43.680178
"112","4pm",3.570655,42.4627,28.29337,25.673276
"113","4pm",16.886402,42.74488,28.67558,11.693137
"114","4pm",7.224652,35.77556,28.57309,28.426704
"115","4pm",5.177218,40.72966,26.43222,27.660901
"116","4pm",9.580783,28.57804,25.24648,36.594696
"117","4pm",5.231722,43.693,27.26835,23.806925
"118","4pm",6.43885,27.13862,25.33692,41.085608
"119","4pm",3.802204,30.49664,39.26217,26.438991
"120","4pm",3.927147,38.51619,29.05167,28.504986
"121","4pm",17.941906,37.92145,21.87675,22.259892
"122","4pm",6.096934,47.54331,22.75504,23.604715
"123","4pm",10.192965,21.85149,22.94468,45.010869
"124","4pm",5.96636,26.18859,28.97531,38.869747
"125","4pm",6.583071,30.91646,26.58798,35.912484
"126","4pm",5.451334,39.68454,33.33832,21.525805
"127","4pm",9.120629,45.15409,19.90579,25.819491
"128","4pm",3.782945,48.29607,21.95689,25.96409
"129","4pm",11.651132,53.38431,17.71588,17.248674
"130","4pm",13.245226,37.01856,29.55604,20.180171
"131","4pm",5.353609,38.52039,25.61876,30.507247
"132","4pm",8.77184,48.26335,16.27633,26.688477
"133","4pm",9.739901,43.97542,24.7821,21.50258
"134","4pm",11.508917,47.33588,29.62368,11.531528
"135","4pm",8.83026,50.05867,25.20886,15.902215
"136","4pm",15.072059,39.95709,29.73781,15.233041
"137","4pm",17.914027,35.92031,29.68093,16.484731
"138","4pm",11.061719,44.64941,28.44006,15.848808
"139","4pm",21.854245,42.55318,26.99691,8.595665
"140","4pm",6.87298,44.85287,35.34186,12.932293
"141","4pm",8.180403,30.69936,26.43869,34.681542
"142","4pm",18.693376,50.61199,21.21199,9.482642
"143","4pm",15.969297,49.06565,19.40058,15.564474
"144","4pm",14.059012,52.46908,23.73225,9.739662
"145","4pm",10.191254,51.82585,24.20209,13.780812
"146","4pm",11.353777,41.99819,22.51467,24.133367
"147","4pm",13.679992,34.01304,22.79243,29.514539
"148","4pm",18.137586,40.12936,29.69354,12.039511
"149","4pm",18.710083,48.49963,25.05092,7.739373
"150","4pm",9.013438,38.02232,30.82354,22.140705
"151","4pm",10.828065,51.39215,18.0308,19.748982
"152","4pm",19.038081,57.27705,15.0561,8.628766
"153","4pm",16.222991,53.74883,21.25401,8.774172
"154","4pm",7.619328,52.27808,30.09783,10.004769
"155","4pm",11.098085,49.2595,19.37957,20.262852
"156","4pm",11.210828,33.25304,23.40478,32.131352
"157","4pm",10.801173,32.11588,28.26345,28.819505
"101","5pm",0.3792367,11.67015,25.64487,62.305745
"102","5pm",2.1990444,18.28823,34.70636,44.806363
"103","5pm",7.6260981,26.07512,25.95995,40.338839
"104","5pm",0,35.90383,12.88684,51.209334
"105","5pm",8.8501102,19.90878,28.46996,42.771146
"106","5pm",0,17.36298,23.06732,59.569695
"107","5pm",1.8429933,24.70395,34.90201,38.551041
"108","5pm",9.7050619,46.28054,25.03909,18.975311
"109","5pm",5.4353127,29.67945,26.39564,38.489604
"110","5pm",17.6608296,35.73453,17.74106,28.863584
"111","5pm",7.1759865,26.74508,21.76759,44.311336
"112","5pm",3.8070439,32.8029,34.59598,28.794076
"113","5pm",19.2523888,41.34489,28.34434,11.058376
"114","5pm",6.263688,35.05686,34.87076,23.808693
"115","5pm",6.3452782,39.98083,23.0681,30.605792
"116","5pm",8.7582165,25.64829,27.84845,37.74504
"117","5pm",5.5962605,44.93836,25.03908,24.426295
"118","5pm",5.7028049,27.77908,28.81858,37.699538
"119","5pm",4.4997664,35.31815,34.39506,25.787022
"120","5pm",4.2818903,37.57573,27.61547,30.526917
"121","5pm",15.1906668,35.73239,22.81898,26.257966
"122","5pm",5.2100295,46.95292,24.64049,23.196568
"123","5pm",11.6674774,23.40035,18.82244,46.109733
"124","5pm",7.4737972,25.27045,29.57024,37.68552
"125","5pm",5.2998168,30.49142,27.68702,36.521747
"126","5pm",7.0354295,37.462,30.29806,25.204512
"127","5pm",8.2212383,36.00397,26.47415,29.300647
"128","5pm",5.6376883,41.51831,22.36857,30.475438
"129","5pm",12.334103,52.61111,15.90438,19.15041
"130","5pm",13.4995837,38.78185,33.17672,14.541844
"131","5pm",6.0950472,42.52644,25.26387,26.114644
"132","5pm",8.0450798,48.69408,17.51224,25.748598
"133","5pm",10.8841106,39.64402,27.28645,22.185418
"134","5pm",11.1180409,43.26149,32.51556,13.104907
"135","5pm",8.0027073,53.24582,23.68102,15.070454
"136","5pm",15.7090601,37.77206,28.1932,18.325687
"137","5pm",16.0403693,34.01468,29.58193,20.36302
"138","5pm",10.7899026,42.5634,28.87141,17.775287
"139","5pm",21.6244556,46.37809,21.9888,10.008659
"140","5pm",6.6144647,38.13705,38.34164,16.906841
"141","5pm",8.6281489,31.05011,25.50945,34.812293
"142","5pm",19.494681,48.53806,23.01387,8.953383
"143","5pm",17.3756088,45.99346,23.38915,13.241781
"144","5pm",15.1929264,48.07053,25.42291,11.313631
"145","5pm",8.2497167,55.70729,20.23924,15.803746
"146","5pm",12.2854138,44.25789,23.55005,19.906644
"147","5pm",16.2955183,36.8347,19.29628,27.5735
"148","5pm",20.2612428,41.20394,30.80346,7.731359
"149","5pm",19.0398832,47.7547,26.10269,7.10273
"150","5pm",8.1241708,40.44923,29.75449,21.672109
"151","5pm",11.8989272,51.08893,16.58433,20.427811
"152","5pm",11.2622507,65.12134,16.82799,6.788427
"153","5pm",14.302822,51.11212,23.40085,11.184213
"154","5pm",8.9186339,44.18789,35.1807,11.712776
"155","5pm",10.8919385,42.59726,20.54401,25.966793
"156","5pm",10.1030678,40.02814,21.29324,28.575551
"157","5pm",10.7874716,32.47,28.20347,28.539058
"101","6pm",0.4933607,17.07806,30.41452,52.014056
"102","6pm",3.2019144,20.961,28.80912,47.027961
"103","6pm",7.4207134,24.53393,27.0781,40.967256
"104","6pm",0,28.41587,21.73911,49.845016
"105","6pm",8.3628181,16.97253,23.79766,50.866989
"106","6pm",0,17.13422,22.4179,60.447879
