"district","hour","cspmen1","cspmen2","cspmen3","cspmen4","cspmen5"
"101","4am",3.129724,9.28565,20.53368,27.056684,39.9942633
"102","4am",5.017934,2.413472,25.78998,48.189222,18.5893897
"103","4am",5.302031,26.859179,17.04392,29.097211,21.6976606
"104","4am",8.676738,7.490501,33.53469,38.210971,12.0871036
"105","4am",17.810155,9.487273,29.5534,23.249989,19.8991812
"106","4am",7.922944,8.58262,18.24933,31.937701,33.3074051
"107","4am",16.049925,5.198408,20.53847,37.810765,20.4024336
"108","4am",17.236988,32.744203,23.99831,17.491336,8.52916
"109","4am",17.505899,19.963159,18.61193,25.222097,18.6969174
"110","4am",23.455664,39.191746,20.95646,11.105101,5.2910274
"111","4am",7.003662,15.04158,34.59689,32.145985,11.2118813
"112","4am",8.613201,21.003648,37.62406,24.505083,8.2540076
"113","4am",15.624467,39.849591,29.27349,13.807576,1.4448794
"114","4am",4.952794,22.006955,30.40638,31.272699,11.3611732
"115","4am",9.034762,20.9383,23.36866,28.603814,18.0544602
"116","4am",9.249998,15.841292,24.82639,25.600353,24.4819656
"117","4am",10.118646,24.273146,32.06125,20.436405,13.1105551
"118","4am",5.924286,20.782685,28.25733,29.032489,16.0032081
"119","4am",5.201329,17.446672,31.55927,25.878919,19.9138076
"120","4am",10.934172,13.150212,18.65645,28.99216,28.2670062
"121","4am",11.367272,27.174017,20.38769,28.872871,12.1981529
"122","4am",6.866619,40.423961,30.5684,14.077721,8.0633009
"123","4am",9.038518,16.51001,21.87928,41.685002,10.8871853
"124","4am",10.262016,20.380917,20.59375,33.65619,15.1071264
"125","4am",7.3884,26.507905,31.74016,18.62835,15.7351805
"126","4am",6.252913,10.950552,37.27474,36.217024,9.3047668
"127","4am",6.293387,27.377736,28.85925,25.344736,12.124895
"128","4am",1.369548,23.531692,38.03884,24.472167,12.5877543
"129","4am",18.162064,35.737183,25.18591,13.269444,7.6453961
"130","4am",20.760166,30.531867,26.74639,17.452843,4.5087379
"131","4am",5.435244,32.024955,33.48666,19.962079,9.0910577
"132","4am",10.961828,30.350481,22.86561,33.247904,2.5741779
"133","4am",7.889886,27.522732,36.87529,22.558282,5.1538081
"134","4am",9.645166,37.405874,28.4367,19.373177,5.139083
"135","4am",11.15265,38.22901,29.62257,19.896929,1.0988369
"136","4am",8.609174,36.365882,24.40577,23.784815,6.8343556
"137","4am",8.995793,41.121848,24.77142,16.05811,9.0528274
"138","4am",4.669962,33.064757,32.65766,22.706007,6.9016174
"139","4am",12.44536,48.678248,23.55498,14.481149,0.8402662
"140","4am",16.730023,22.240851,31.41847,25.448056,4.162602
"141","4am",9.477679,5.566602,26.46604,37.334999,21.154677
"142","4am",18.509173,40.133785,29.61937,8.58278,3.154895
"143","4am",25.246872,31.027782,29.49206,12.014023,2.219264
"144","4am",12.535735,50.99814,25.14221,5.669282,5.6546314
"145","4am",26.589944,23.433066,30.97573,13.567052,5.4342062
"146","4am",10.360823,35.334198,27.70337,21.909909,4.6917038
"147","4am",27.018881,37.313038,19.32247,10.153297,6.1923187
"148","4am",36.698156,40.58645,14.04011,5.423687,3.2515941
"149","4am",30.104919,40.516382,17.38131,8.444358,3.5530276
"150","4am",19.435535,24.570857,28.78096,21.880321,5.3323251
"151","4am",30.05833,40.579196,18.09516,7.91223,3.355087
"152","4am",9.226018,44.90595,34.43885,9.825492,1.6036901
"153","4am",12.875201,42.495367,32.4456,9.562402,2.6214311
"154","4am",9.540797,26.270247,36.24056,24.971687,2.9767095
"155","4am",18.08041,26.960257,20.17841,26.398743,8.3821749
"156","4am",9.424202,23.308769,27.86936,25.918381,13.4792834
"157","4am",12.352676,16.27424,35.16543,18.024793,18.1828621
"101","5am",2.202567,16.456476,19.65465,23.404157,38.2821483
"102","5am",4.90869,4.63114,25.13538,47.140108,18.1846851
"103","5am",5.23713,26.530405,17.53808,29.26232,21.4320671
"104","5am",8.746638,7.550845,32.99924,38.518801,12.184478
"105","5am",18.163489,9.67549,28.15582,23.711244,20.2939598
"106","5am",7.743941,10.648011,17.83702,31.216133,32.5548913
"107","5am",14.69378,5.282384,20.87025,38.421567,20.7320183
"108","5am",17.510979,33.26469,22.79023,17.76937,8.6647356
"109","5am",16.458649,18.972613,18.74428,26.994575,18.8298793
"110","5am",23.895708,39.013199,20.61781,11.31344,5.1598434
"111","5am",6.989175,16.030066,33.71258,32.079492,11.1886901
"112","5am",8.594883,21.171656,37.54404,24.452966,8.2364532
"113","5am",15.780304,40.719219,28.0959,13.945291,1.4592904
"114","5am",4.9956,21.231597,30.77046,31.542977,11.4593638
"115","5am",9.282588,20.41541,23.26534,28.486962,18.5497004
"116","5am",9.083474,17.356369,24.37945,25.13948,24.0412261
"117","5am",10.272418,23.841418,32.54848,20.746977,12.590706
"118","5am",5.885388,20.63782,28.73679,28.841866,15.8981333
"119","5am",5.741284,17.899778,31.15411,25.54668,19.6581499
"120","5am",10.752514,14.593115,18.3465,28.510491,27.7973845
"121","5am",11.609803,26.593467,20.82268,28.515644,12.4584108
"122","5am",5.876624,40.000338,31.38821,14.455272,8.2795513
"123","5am",9.14409,16.196773,21.4729,42.171891,11.0143498
"124","5am",10.229267,20.635007,20.52803,33.548783,15.0589147
"125","5am",7.535637,26.234942,32.37268,17.807985,16.0487521
"126","5am",6.252913,10.950552,37.27474,36.217024,9.3047668
"127","5am",6.293387,27.377736,28.85925,25.344736,12.124895
"128","5am",1.359625,23.435688,38.41331,24.29484,12.4965427
"129","5am",18.713741,34.797104,24.93902,13.672507,7.877627
"130","5am",21.580345,28.409507,27.18092,18.142358,4.6868661
"131","5am",6.39703,30.992771,33.84083,19.767107,9.002264
"132","5am",10.861948,30.985099,22.65727,32.944963,2.550723
"133","5am",8.017144,26.944478,37.47006,22.922129,4.6461867
"134","5am",9.854844,36.621457,29.05489,19.794333,4.6744786
"135","5am",11.920926,38.883623,28.45362,19.656284,1.0855469
"136","5am",8.609174,36.365882,24.40577,23.784815,6.8343556
"137","5am",9.5962,40.16502,24.94842,16.172848,9.1175118
"138","5am",4.753754,33.074079,33.24363,21.903082,7.0254528
"139","5am",12.532011,48.32092,23.71898,14.581974,0.8461165
"140","5am",16.671142,23.028775,30.60996,25.634642,4.0554832
"141","5am",9.524459,5.679344,25.81556,37.721545,21.2590929
"142","5am",17.892536,39.616091,30.69741,8.623936,3.1700234
"143","5am",25.338245,31.710151,28.6668,12.057504,2.2272959
"144","5am",12.672662,51.245067,25.41684,4.949038,5.7163964
"145","5am",24.462263,23.245061,31.37948,15.408156,5.5050378
"146","5am",11.815529,34.815456,26.92838,21.609983,4.8306496
"147","5am",26.41511,37.465515,19.75103,10.167417,6.2009305
"148","5am",35.887293,40.029379,16.10891,4.794665,3.1797485
"149","5am",29.986685,40.765111,17.04828,8.586918,3.6130108
"150","5am",19.435535,24.570857,28.78096,21.880321,5.3323251
"151","5am",30.188636,40.321601,18.1736,7.946531,3.3696317
"152","5am",9.183146,44.697279,34.27882,10.244518,1.596238
"153","5am",12.781563,42.186308,32.93691,9.492857,2.6023661
"154","5am",9.778025,27.484949,34.0937,25.592598,3.0507242
"155","5am",18.08041,26.960257,20.17841,26.398743,8.3821749
"156","5am",8.949768,24.571867,27.2908,25.626803,13.5607638
"157","5am",12.22337,14.716185,37.23181,17.836112,17.992526
"101","6am",3.912807,19.122106,19.61097,19.478697,37.8754206
"102","6am",6.590669,3.747842,24.14397,47.465931,18.0515922
"103","6am",5.354825,26.343335,19.24702,28.39146,20.6633578
"104","6am",9.18754,7.085255,33.28323,38.472685,11.9712897
"105","6am",18.500707,11.546425,28.67855,22.368846,18.9054732
"106","6am",7.884774,10.104469,16.304,32.559815,33.1469418
"107","6am",13.557257,4.618152,22.08156,40.387738,19.3552915
"108","6am",16.992781,30.97672,26.37865,17.243525,8.4083222
"109","6am",15.384336,17.261291,20.46458,27.939902,18.9498896
"110","6am",20.693063,38.471022,23.54785,12.461863,4.8262032
"111","6am",6.722088,17.73403,35.04497,29.737787,10.761121
"112","6am",7.85404,20.490483,37.50968,25.233731,8.9120644
"113","6am",17.508604,38.714303,27.91084,14.363231,1.5030253
"114","6am",4.691994,23.630718,30.52587,29.625967,11.5254466
"115","6am",10.166091,19.432327,22.71881,29.568006,18.1147645
"116","6am",7.970974,18.569937,25.07462,24.430402,23.9540695
"117","6am",10.742733,23.114817,31.27843,21.696861,13.1671616
"118","6am",3.845072,21.24084,30.41116,28.496182,16.0067496
"119","6am",6.364163,18.015718,30.22754,24.259787,21.1327899
"120","6am",10.523929,14.282884,19.08592,28.900824,27.2064475
"121","6am",11.619941,28.667847,19.58126,29.124789,11.0061595
"122","6am",6.096909,40.391452,29.9246,14.997128,8.5899099
"123","6am",8.520105,15.383203,23.10652,42.096853,10.8933205
"124","6am",9.706972,20.589926,22.63156,33.138666,13.9328722
"125","6am",8.000191,26.514059,31.28002,19.657538,14.5481891
"126","6am",6.489713,11.365254,37.26258,35.225315,9.657142
"127","6am",6.444214,26.546718,29.36395,25.229639,12.4154797
"128","6am",1.41743,21.271081,39.6506,24.633047,13.0278411
"129","6am",18.603426,33.468491,26.95388,13.825923,7.1482781
"130","6am",21.403275,28.968868,26.15269,18.589014,4.8861488
"131","6am",6.708268,33.66298,30.48682,20.132014,9.0099142
"132","6am",10.73806,30.301911,23.51967,32.838502,2.6018593
"133","6am",7.735523,26.467744,36.8844,23.019178,5.8931539
"134","6am",9.678589,35.999765,29.38702,20.598424,4.336205
"135","6am",12.078065,38.531319,28.47347,19.817293,1.0998564
"136","6am",8.674452,36.086081,25.9997,22.783224,6.4565469
"137","6am",8.758849,41.254489,26.80683,13.610784,9.5690432
"138","6am",5.06137,32.708392,32.8975,21.852671,7.4800699
"139","6am",13.383459,46.201517,23.93872,15.572701,0.9036033
"140","6am",16.541197,24.345315,29.65478,25.434832,4.0238725
"141","6am",8.750522,6.913014,25.90988,36.381382,22.0452048
"142","6am",18.042098,39.111345,30.95401,8.696023,3.1965214
"143","6am",25.558534,31.487988,28.58203,12.130644,2.2408066
"144","6am",14.686631,50.53973,25.16661,3.811232,5.7957986
"145","6am",25.114135,22.968297,31.25337,15.224701,5.4394929
"146","6am",10.140495,35.825583,27.4128,21.655535,4.9655834
"147","6am",24.889825,39.079826,20.74085,9.799935,5.4895592
"148","6am",34.373841,41.436347,17.00986,3.947809,3.2321428
"149","6am",30.017073,39.673132,17.73468,8.59562,3.9794984
"150","6am",19.118435,23.866193,30.95405,20.818852,5.2424731
"151","6am",29.695556,39.081649,18.59002,9.185932,3.4468417
"152","6am",9.58386,44.944576,33.11413,10.691546,1.6658911
"153","6am",14.004916,40.655754,32.71739,9.906248,2.7156929
"154","6am",10.601552,25.994553,35.67028,24.588358,3.1452605
"155","6am",17.66236,25.673713,19.78788,27.988947,8.8870991
"156","6am",9.240457,24.980785,28.17721,24.791289,12.8102621
"157","6am",12.469352,14.980573,36.63117,17.564298,18.3546058
"101","7am",5.98946,18.744243,26.94614,23.018259,25.301903
"102","7am",8.528482,4.821238,26.63996,36.50944,23.500884
"103","7am",6.711025,25.315431,21.32869,29.750671,16.894182
"104","7am",8.887768,8.945954,35.12359,38.645396,8.397293
"105","7am",16.774121,9.54808,27.55173,25.03723,21.088838
"106","7am",9.145878,13.056039,17.05867,30.812306,29.927104
"107","7am",12.276088,4.577784,25.87371,38.081128,19.191285
"108","7am",17.099607,31.982011,25.49194,17.292332,8.13411
"109","7am",15.978619,17.79173,26.54154,22.668567,17.019544
"110","7am",19.215541,34.975798,24.97222,16.64332,4.193115
"111","7am",5.144213,22.602598,36.447,27.393213,8.412974
"112","7am",9.068546,23.609273,32.20486,26.146941,8.970382
"113","7am",16.685909,37.051534,28.16713,16.023709,2.071721
"114","7am",5.687001,30.228742,30.42064,27.141737,6.521877
"115","7am",12.914775,20.87022,23.52745,26.421791,16.26577
"116","7am",9.867724,19.822218,27.39792,21.274923,21.637215
"117","7am",11.852086,26.145337,33.07354,18.920387,10.008651
"118","7am",3.170835,21.936113,27.32444,31.905922,15.662693
"119","7am",5.196119,22.527884,31.22807,26.486457,14.561471
"120","7am",13.198461,13.761967,20.89421,27.946605,24.198753
"121","7am",11.459943,29.537359,19.27504,27.708327,12.019335
"122","7am",8.049321,32.48858,32.35993,17.701225,9.400949
"123","7am",10.481777,15.749959,27.61402,38.691789,7.462455
"124","7am",7.838827,21.763355,25.89303,28.546064,15.958725
"125","7am",7.976556,20.077128,31.68177,22.405573,17.858977
"126","7am",7.026202,14.520779,31.48481,35.307181,11.661026
"127","7am",8.330096,30.052784,25.3366,24.550524,11.729994
"128","7am",3.11825,20.498548,40.50615,27.103977,8.773076
"129","7am",17.38131,33.577143,27.89188,15.383122,5.766545
"130","7am",17.032017,30.715525,28.56563,17.585889,6.100942
"131","7am",8.876643,36.641082,27.3036,16.349602,10.82907
"132","7am",9.612928,30.146781,26.37788,29.136609,4.725799
"133","7am",11.092189,29.09478,37.3103,18.77495,3.727778
"134","7am",7.945656,38.668759,30.04974,20.877528,2.45832
"135","7am",12.570543,38.715416,26.95881,19.763742,1.991491
"136","7am",9.735075,36.951449,24.33891,21.216665,7.757906
"137","7am",10.463946,42.038679,26.00688,14.383664,7.106832
"138","7am",6.96451,34.586126,31.50831,19.423101,7.517953
"139","7am",17.320281,46.156537,19.42628,17.096907,0
"140","7am",14.696013,27.890102,31.1666,20.912961,5.334329
"141","7am",9.259726,8.967171,25.27637,37.850276,18.646453
"142","7am",19.028518,39.965083,30.48958,6.969227,3.547595
"143","7am",27.131685,33.785484,26.2239,10.310007,2.548928
"144","7am",14.618646,49.448642,25.44738,6.877799,3.607536
"145","7am",25.810658,21.679586,33.05892,16.312507,3.138331
"146","7am",9.803683,31.688981,29.0775,23.935941,5.493893
"147","7am",23.250621,36.165788,23.00536,11.237783,6.340452
"148","7am",30.012149,44.305283,17.26786,5.458621,2.956085
"149","7am",32.365878,37.819957,17.39359,8.597816,3.82276
"150","7am",16.986527,22.752818,33.21261,22.64912,4.398921
"151","7am",24.899153,40.455229,16.31801,13.046059,5.281552
"152","7am",9.042337,42.243322,35.41372,11.349494,1.951123
"153","7am",17.76645,40.564861,29.10392,9.33082,3.233954
"154","7am",11.351974,24.674498,36.13905,23.823545,4.010931
"155","7am",19.16216,29.113906,18.04461,26.717256,6.962068
"156","7am",8.796132,28.901154,26.71825,24.715417,10.869049
"157","7am",11.039299,17.0664,33.82773,19.191665,18.874908
"101","8am",6.118554,17.659373,30.04985,30.432617,15.739605
"102","8am",8.415831,7.691916,31.48731,33.633854,18.771094
"103","8am",6.77296,29.869352,27.88946,24.857235,10.610996
"104","8am",9.93423,13.141594,34.27448,37.646476,5.003216
"105","8am",19.318151,12.41888,23.93688,26.450113,17.875976
"106","8am",10.752764,11.594598,21.94865,29.493713,26.210276
"107","8am",12.857303,7.476563,26.40535,30.205682,23.055106
"108","8am",20.02051,30.348566,24.34498,17.049802,8.236141
"109","8am",15.592215,20.947147,29.09042,22.334985,12.035229
"110","8am",16.26184,30.845476,24.34098,18.764579,9.78713
"111","8am",3.565854,25.242524,28.62209,30.98021,11.589317
"112","8am",10.298956,23.022784,35.19151,21.585617,9.901132
"113","8am",17.246732,35.52812,26.48774,17.595835,3.141573
"114","8am",6.644576,29.928577,26.76887,28.155314,8.502666
"115","8am",15.221232,29.898839,20.87028,22.584672,11.42498
"116","8am",12.546639,19.315688,30.19413,20.230476,17.713062
"117","8am",12.594194,27.227929,31.59602,20.778695,7.803159
"118","8am",4.74961,25.082634,27.9493,29.128502,13.089951
"119","8am",8.259057,22.678545,30.74565,24.634196,13.682547
"120","8am",13.109643,16.361718,21.69177,35.043986,13.792888
"121","8am",12.544497,31.585343,20.59468,19.00609,16.269392
"122","8am",10.073328,34.7217,29.41397,16.410755,9.380246
"123","8am",8.43953,19.44225,30.96714,33.121899,8.029185
"124","8am",8.733649,25.35952,24.52597,26.182581,15.198279
"125","8am",7.134489,21.401813,28.97863,25.677144,16.80792
"126","8am",6.336572,21.560248,32.14625,30.111794,9.845132
"127","8am",7.070072,32.744865,25.38495,22.18517,12.614946
"128","8am",3.11294,27.596244,45.44553,19.84729,3.997999
"129","8am",19.502431,36.899113,26.60776,12.051209,4.93949
"130","8am",13.251858,32.779833,29.80049,16.349539,7.81828
"131","8am",9.156319,32.981452,28.12985,17.644657,12.08772
"132","8am",9.50064,28.400098,27.50374,28.702784,5.892739
"133","8am",12.553253,32.347618,33.6061,16.323998,5.16903
"134","8am",8.345292,40.613652,31.59025,16.868844,2.581965
"135","8am",12.411695,35.156832,28.54314,21.706856,2.181478
"136","8am",11.361955,28.697313,31.97252,19.524056,8.444154
"137","8am",12.136645,43.45196,26.17219,12.677392,5.561812
"138","8am",7.219364,35.911489,30.21743,22.959451,3.692265
"139","8am",16.715954,47.057508,21.49618,13.524813,1.205541
"140","8am",15.82784,30.73278,32.90024,15.024801,5.514336
"141","8am",10.625679,12.695417,26.7445,35.170399,14.764007
"142","8am",18.981665,36.269567,30.41083,9.638403,4.699533
"143","8am",27.484367,30.979645,24.5291,13.045566,3.961325
"144","8am",15.391474,47.73508,25.38739,9.943496,1.542562
"145","8am",23.462426,22.028277,30.33469,18.958538,5.216071
"146","8am",11.028408,36.034424,26.42098,22.787632,3.728552
"147","8am",16.712054,28.276779,22.51656,22.885489,9.609116
"148","8am",27.969231,41.354162,19.36931,5.37985,5.927452
"149","8am",30.665721,35.878775,16.11056,13.958472,3.386468
"150","8am",18.473351,25.597816,29.11593,18.686472,8.126429
"151","8am",21.599442,39.939636,14.21073,14.719651,9.53054
"152","8am",8.384134,41.21215,41.42602,6.774514,2.203187
"153","8am",17.515549,40.790626,27.01694,10.845911,3.830977
"154","8am",10.324643,26.20439,37.87523,21.481879,4.113853
"155","8am",18.432964,31.245373,25.56453,23.54776,1.20937
"156","8am",8.167523,29.506589,23.7945,27.622172,10.909211
"157","8am",13.948634,16.348114,33.30672,22.876166,13.520367
"101","9am",5.445243,17.859197,28.41716,30.578071,17.700327
"102","9am",10.430881,9.08011,33.5311,28.519693,18.438217
"103","9am",8.40295,32.272886,25.42272,22.929249,10.9722
"104","9am",10.428653,14.586915,37.08471,31.371076,6.528651
"105","9am",19.77627,13.021975,27.64251,21.234336,18.324908
"106","9am",10.990539,8.736307,23.39692,31.677381,25.198856
"107","9am",13.23708,11.076786,24.7149,29.187439,21.783798
"108","9am",19.388868,26.775326,27.42228,16.683129,9.730399
"109","9am",16.134592,21.878049,30.01369,22.559814,9.413853
"110","9am",15.571163,28.631737,21.51088,20.789532,13.496686
"111","9am",3.879481,21.973075,28.06172,31.959098,14.126625
"112","9am",12.33147,28.041756,28.22229,21.495508,9.908974
"113","9am",17.660187,34.067626,27.01709,17.240146,4.01495
"114","9am",7.513201,31.448681,26.67558,26.10677,8.25577
"115","9am",15.387934,31.316719,19.20042,22.630711,11.464214
"116","9am",13.124641,19.2355,28.62836,19.708904,19.302597
"117","9am",12.224992,28.624315,31.19161,23.213515,4.745569
"118","9am",5.420009,24.281964,27.48306,30.468208,12.346763
"119","9am",6.081406,22.499346,31.51405,26.661922,13.243278
"120","9am",12.046052,14.032028,25.42208,35.7608,12.739043
"121","9am",12.31733,32.147735,20.46119,18.885188,16.188554
"122","9am",8.888709,36.344675,27.87274,15.525285,11.368591
"123","9am",7.652501,17.945465,32.52495,28.508164,13.368919
"124","9am",8.060985,26.329802,22.65497,25.782519,17.171729
"125","9am",6.844823,21.100953,25.47063,30.947318,15.636272
"126","9am",6.107702,21.874007,34.7155,30.661201,6.641585
"127","9am",7.369409,35.157471,26.16524,20.132584,11.175296
"128","9am",3.302696,30.223159,42.2034,18.528058,5.742685
"129","9am",16.518578,40.465982,25.92902,12.176519,4.909897
"130","9am",10.52649,32.787999,30.55215,18.887656,7.245708
"131","9am",9.800721,32.668778,26.58687,17.873405,13.070223
"132","9am",11.724285,30.422754,25.62341,27.036554,5.193001
"133","9am",13.644101,32.659178,35.759,15.919638,2.018087
"134","9am",8.460955,40.463635,31.27804,17.179624,2.61775
"135","9am",13.106802,33.449218,28.61108,21.844472,2.98843
"136","9am",11.122707,29.571323,29.11411,23.902707,6.289152
"137","9am",12.048336,42.45351,26.61439,11.346866,7.536896
"138","9am",7.745394,34.695209,29.84746,25.039219,2.672718
"139","9am",17.978577,49.181977,19.0639,12.648148,1.127399
"140","9am",15.111947,27.998082,35.44446,16.28393,5.161585
"141","9am",10.22797,13.542962,25.50037,36.159459,14.569236
"142","9am",19.577813,34.432998,30.28625,10.975879,4.727056
"143","9am",28.387414,31.140117,24.012,12.133989,4.326484
"144","9am",14.283975,46.187253,26.70254,11.287183,1.53905
"145","9am",20.707746,24.39237,28.70131,20.687941,5.510629
"146","9am",11.570625,34.056614,29.00218,21.283645,4.086932
"147","9am",17.269313,26.713806,22.92379,22.996307,10.096789
"148","9am",26.543529,39.119958,22.07287,6.527255,5.73639
"149","9am",28.995101,36.070409,19.43472,11.790205,3.70957
"150","9am",17.348798,25.281783,29.54717,18.371843,9.45041
"151","9am",21.807966,36.281614,16.36422,15.293482,10.252722
"152","9am",9.766553,40.538715,39.23674,7.891531,2.56646
"153","9am",18.338499,41.742404,27.80954,9.331723,2.777837
"154","9am",9.620657,26.273875,38.04171,21.711743,4.352011
"155","9am",22.458244,30.479791,21.75501,22.582913,2.72404
"156","9am",9.255717,30.402236,25.31415,24.000661,11.027234
"157","9am",12.547911,15.963872,29.10464,30.732698,11.650878
"101","10am",8.744317,15.779677,27.07192,31.748345,16.655742
"102","10am",8.635541,9.737563,35.2475,26.981396,19.398001
"103","10am",10.663592,29.129233,27.14283,23.562573,9.501774
"104","10am",12.647107,13.466284,38.97734,30.25786,4.651408
"105","10am",13.690871,11.682497,29.24863,24.650875,20.727123
"106","10am",10.481571,10.430517,21.7751,33.365677,23.947134
"107","10am",11.949978,12.091761,25.41599,29.013921,21.528351
"108","10am",20.335915,30.87746,26.58638,13.643394,8.556847
"109","10am",13.461931,24.301969,32.30507,18.564742,11.366291
"110","10am",13.78662,28.757458,21.73386,22.227074,13.494992
"111","10am",3.840186,22.505935,26.2419,31.329312,16.082666
"112","10am",10.127898,29.580515,27.2536,22.581491,10.456494
"113","10am",16.47165,32.665385,29.2355,17.490513,4.136951
"114","10am",8.000321,32.065062,24.51896,25.9544,9.461259
"115","10am",15.516781,30.072811,22.08472,23.154497,9.171195
"116","10am",11.997915,24.435353,29.46929,18.952411,15.145029
"117","10am",11.594747,27.203623,29.55616,24.404106,7.241367
"118","10am",5.589076,24.423589,28.25595,30.346458,11.384922
"119","10am",6.991157,23.455482,31.38146,24.365839,13.806067
"120","10am",11.718614,14.014706,21.35519,39.305051,13.606435
"121","10am",13.007259,30.863044,18.60958,24.613827,12.906288
"122","10am",9.785715,41.073113,24.71365,12.992898,11.434625
"123","10am",5.933408,20.802122,26.44005,33.3296,13.494824
"124","10am",8.353473,28.600219,21.45018,24.693919,16.902208
"125","10am",8.654752,19.672566,27.21571,29.433263,15.023711
"126","10am",6.950222,25.704563,29.41644,33.456182,4.472595
"127","10am",9.634592,32.507582,27.90671,17.981894,11.969223
"128","10am",3.155581,29.46839,46.02314,15.86601,5.486883
"129","10am",18.381465,33.335205,28.31026,14.993698,4.979369
"130","10am",11.269117,35.261291,29.57838,16.586926,7.304286
"131","10am",10.268618,33.274902,24.54362,19.087683,12.825172
"132","10am",10.202264,29.452999,27.92966,27.346601,5.06848
"133","10am",10.268062,34.837878,31.53664,20.113499,3.243917
"134","10am",7.937089,43.1042,31.57808,14.61122,2.76941
"135","10am",13.327751,33.407433,28.62139,20.858911,3.784515
"136","10am",9.979267,30.46853,32.54315,21.024195,5.98486
"137","10am",13.346528,42.752997,24.02086,13.763354,6.11626
"138","10am",7.853918,33.874658,30.1712,25.390055,2.710167
"139","10am",19.554928,46.525348,19.46642,11.833917,2.619385
"140","10am",16.112797,30.391267,33.91513,15.241141,4.339661
"141","10am",10.378145,12.1891,25.87479,35.124114,16.433852
"142","10am",17.452442,37.562229,29.41329,10.462173,5.109862
"143","10am",25.278492,30.301266,26.84621,13.20849,4.365544
"144","10am",17.739859,42.998828,24.5667,10.891112,3.803496
"145","10am",22.172619,27.452036,27.02453,17.393424,5.95739
"146","10am",11.302433,32.551449,26.09235,24.558258,5.495505
"147","10am",15.49474,27.180762,23.23974,24.1285,9.956259
"148","10am",25.245755,40.00792,22.97492,5.994203,5.777197
"149","10am",24.66756,33.543974,24.04726,13.027149,4.714056
"150","10am",21.542031,22.470489,30.21346,17.195166,8.57885
"151","10am",22.73485,37.544085,15.93375,14.066316,9.720998
"152","10am",7.503211,40.95066,41.825,7.219702,2.501429
"153","10am",25.554491,40.397835,20.23231,10.64252,3.172847
"154","10am",7.645317,31.638772,35.70017,21.914939,3.100801
"155","10am",20.185461,26.874858,27.96029,22.293981,2.685406
"156","10am",9.661021,28.967472,24.8398,25.181589,11.350119
"157","10am",13.506803,15.00064,32.61697,27.723519,11.152065
"101","11am",7.161358,16.482912,31.05908,28.301559,16.995086
"102","11am",10.051325,8.038015,32.69558,29.567989,19.647095
"103","11am",10.225413,27.430269,26.42519,26.869967,9.049161
"104","11am",12.208271,14.856401,35.33435,31.489881,6.1111
"105","11am",14.335863,10.699498,30.45573,25.900851,18.608058
"106","11am",9.530398,12.299135,21.00641,30.343138,26.820919
"107","11am",14.392738,7.299474,26.08037,30.217588,22.009832
"108","11am",20.061457,29.838187,27.75658,13.613941,8.729829
"109","11am",13.848061,24.12195,32.02439,17.11004,12.895557
"110","11am",15.318539,29.169172,21.81399,20.749061,12.949242
"111","11am",5.03593,22.499776,24.1407,31.883771,16.439821
"112","11am",11.691971,31.075295,25.47457,21.863643,9.894524
"113","11am",18.318103,32.211474,27.97803,17.11735,4.375041
"114","11am",8.807041,30.590261,25.21322,25.993151,9.396324
"115","11am",13.714797,31.841684,22.66718,20.763003,11.01333
"116","11am",10.381869,21.021098,31.30462,23.826875,13.46554
"117","11am",11.281907,26.340602,31.86013,23.471374,7.045987
"118","11am",6.129694,23.695693,25.66704,31.801205,12.70637
"119","11am",9.287096,20.803248,33.21535,23.52231,13.171996
"120","11am",10.895396,12.061824,22.08182,40.802838,14.15812
"121","11am",12.230752,31.824606,20.21128,22.88491,12.848452
"122","11am",9.460579,40.59726,27.85196,10.925158,11.165047
"123","11am",7.26542,18.375993,26.97865,33.430563,13.949371
"124","11am",8.601352,31.367564,19.79479,23.390796,16.845496
"125","11am",9.195654,19.058954,26.73302,29.693774,15.318601
"126","11am",7.102351,24.010733,31.14247,34.597703,3.146747
"127","11am",9.731132,34.506506,27.30025,19.31802,9.144095
"128","11am",3.36358,28.763457,46.5807,15.443714,5.848549
"129","11am",16.337496,34.955773,29.54372,14.306937,4.856073
"130","11am",11.981207,33.86893,27.44522,19.174012,7.530634
"131","11am",9.653971,32.518529,25.9066,18.193909,13.72699
"132","11am",10.61322,28.51104,30.17896,26.176777,4.52
"133","11am",11.71766,36.078124,35.25207,13.789987,3.16216
"134","11am",9.699204,41.775168,29.39675,16.463944,2.664933
"135","11am",12.059037,32.231091,32.08325,20.748025,2.878596
"136","11am",10.976465,32.52015,28.30017,21.189013,7.014199
"137","11am",10.284003,45.045984,24.40127,14.706133,5.562613
"138","11am",7.635148,30.60232,33.52103,26.57552,1.665981
"139","11am",19.676002,47.284191,20.49847,11.299511,1.241827
"140","11am",14.129927,32.333083,32.33087,15.530751,5.675368
"141","11am",10.730018,10.441814,30.55423,33.746997,14.526946
"142","11am",17.727005,35.451498,31.30511,11.534528,3.981855
"143","11am",27.772186,31.553175,23.68117,12.938271,4.055195
"144","11am",16.245794,46.679496,25.74648,7.845068,3.483163
"145","11am",21.963443,25.507334,26.44796,19.893043,6.188221
"146","11am",11.04173,32.160793,27.27906,23.952925,5.565489
"147","11am",14.38144,28.476091,25.35232,23.27365,8.516497
"148","11am",23.638927,39.573737,25.20205,4.67463,6.910659
"149","11am",26.370964,37.209548,18.37367,14.988032,3.057781
"150","11am",21.440937,23.019632,28.6311,19.755128,7.153208
"151","11am",22.104991,38.362395,15.69099,14.079322,9.762302
"152","11am",10.273276,44.417809,35.22789,7.607071,2.473949
"153","11am",18.236358,42.546084,25.06629,11.41857,2.732699
"154","11am",8.118457,29.360288,39.00979,20.088754,3.422709
"155","11am",22.113526,28.403839,26.65768,20.186361,2.638598
"156","11am",10.009856,29.243214,25.29947,23.542993,11.904462
"157","11am",13.377898,17.116988,30.27662,27.993876,11.23462
"101","12am",5.842886,15.095296,31.98709,29.56599,17.5087427
"102","12am",6.727427,9.465074,33.44598,32.791878,17.5696434
"103","12am",9.763673,30.70857,25.78304,23.136719,10.6079935
"104","12am",8.596397,14.888777,38.27743,32.141191,6.0962053
"105","12am",16.349741,13.809711,30.46199,20.661399,18.7171564
"106","12am",7.944201,10.426518,23.79135,29.598604,28.2393221
"107","12am",14.52606,9.454989,27.36802,26.55073,22.100201
"108","12am",18.835498,34.17144,27.66325,11.372216,7.9575932
"109","12am",14.396253,20.016393,31.2443,22.454797,11.8882524
"110","12am",16.046527,30.079241,21.16214,20.43333,12.2787642
"111","12am",5.909836,21.602456,24.54244,32.291916,15.6533547
"112","12am",12.647727,27.660114,31.96628,19.670083,8.0557945
"113","12am",17.836263,37.57593,25.00888,17.461511,2.1174155
"114","12am",7.841775,31.029215,26.71712,25.344175,9.0677142
"115","12am",13.443956,30.173096,19.74472,22.132055,14.5061691
"116","12am",12.097682,17.205396,29.04872,26.459689,15.1885152
"117","12am",11.536351,26.994473,32.67495,21.229524,7.5647042
"118","12am",6.207181,23.087235,26.86461,33.394913,10.446064
"119","12am",8.410538,19.737893,32.72214,25.295298,13.8341339
"120","12am",10.731455,12.39327,19.78832,38.705658,18.3812983
"121","12am",12.185968,31.22454,20.1624,22.140274,14.2868139
"122","12am",10.069713,38.703267,28.36969,13.360912,9.4964174
"123","12am",7.805992,15.508832,27.74919,34.482447,14.4535412
"124","12am",8.964641,33.945422,16.14852,25.900943,15.0404784
"125","12am",7.849132,19.642124,28.12403,27.57107,16.8136455
"126","12am",6.301662,21.857882,33.16501,35.883446,2.791996
"127","12am",12.795821,31.668859,27.57466,18.105125,9.8555387
"128","12am",2.916315,25.432956,42.65294,20.663287,8.3344973
"129","12am",17.561711,35.085968,26.43726,14.086077,6.8289852
"130","12am",10.741383,36.08132,25.81962,21.920389,5.437286
"131","12am",8.983957,31.865677,26.42785,18.958367,13.7641512
"132","12am",11.830481,27.381356,29.59821,26.756914,4.4330403
"133","12am",10.219194,33.238703,34.18819,20.911516,1.4423933
"134","12am",8.274224,37.524474,30.92501,19.059332,4.2169557
"135","12am",12.203151,34.668875,30.87148,20.683632,1.5728615
"136","12am",9.828229,35.009241,28.83339,20.060892,6.2682479
"137","12am",10.228496,43.761756,27.54154,13.094429,5.3737754
"138","12am",7.183127,33.935937,34.45358,23.526743,0.9006169
"139","12am",16.098561,49.683573,23.03316,9.957054,1.2276551
"140","12am",16.375184,28.626871,33.09914,17.007931,4.8908725
"141","12am",10.470924,13.854336,25.68127,33.013099,16.9803675
"142","12am",18.473946,34.575583,30.15649,9.846202,6.9477833
"143","12am",24.818933,29.723416,28.99557,13.686022,2.7760532
"144","12am",17.82528,46.076239,24.4684,8.356027,3.274058
"145","12am",27.178247,23.30031,24.32127,21.192399,4.0077771
"146","12am",9.080606,28.228888,27.70404,26.205368,8.7811007
"147","12am",11.726063,29.281261,22.63077,24.593683,11.7682261
"148","12am",30.369801,40.264328,20.18997,3.423561,5.7523431
"149","12am",27.04851,41.728693,17.56702,10.209616,3.4461587
"150","12am",20.622168,24.090354,27.05677,19.966487,8.2642165
"151","12am",26.575794,40.323067,14.78565,12.235958,6.079528
"152","12am",7.752239,46.809361,35.45863,7.742835,2.2369343
"153","12am",14.392953,36.336827,30.55945,14.786679,3.9240893
"154","12am",11.679312,28.202839,36.52234,20.164358,3.4311488
"155","12am",20.902406,25.703233,28.19287,22.248981,2.9525055
"156","12am",11.312034,27.595245,26.68176,23.075608,11.3353575
"157","12am",14.298027,17.653724,29.84463,23.306688,14.8969344
"101","1pm",5.901601,16.464856,30.97868,30.763153,15.8917089
"102","1pm",5.598991,9.365299,30.95637,31.218399,22.8609411
"103","1pm",9.660944,28.881442,26.55246,22.507691,12.3974625
"104","1pm",8.926904,14.291969,41.19526,31.729371,3.8565017
"105","1pm",15.689202,14.709507,30.7234,23.40577,15.4721167
"106","1pm",8.2931,10.930568,24.72665,29.213729,26.835947
"107","1pm",17.139782,11.345212,30.35793,20.274634,20.8824377
"108","1pm",17.956274,31.745644,28.42499,15.704325,6.1687685
"109","1pm",18.276724,21.648241,32.12734,20.559131,7.38856
"110","1pm",15.392417,26.197103,22.79639,24.039033,11.5750558
"111","1pm",6.28851,16.667761,24.06659,38.367819,14.6093231
"112","1pm",12.482173,29.271402,33.15377,16.508644,8.5840122
"113","1pm",16.120837,34.440308,28.22891,17.497592,3.7123554
"114","1pm",10.019943,31.741954,26.04499,23.117835,9.0752747
"115","1pm",13.803937,28.775382,21.53899,20.785179,15.0965098
"116","1pm",9.641874,14.753679,30.55471,29.631674,15.4180676
"117","1pm",11.141083,29.918411,28.82434,22.791679,7.3244904
"118","1pm",5.94869,23.45427,24.84135,33.494562,12.2611271
"119","1pm",7.641593,19.580537,33.41214,23.997441,15.3682911
"120","1pm",11.895818,14.617847,17.81865,45.502206,10.1654752
"121","1pm",10.46187,31.054743,20.29603,22.04897,16.1383877
"122","1pm",11.844031,38.414873,27.20193,12.668422,9.8707481
"123","1pm",9.197747,18.160494,25.07557,33.921582,13.6446071
"124","1pm",5.719548,32.315337,19.94141,25.434872,16.5888295
"125","1pm",8.5641,20.454952,27.13836,27.409468,16.4331218
"126","1pm",6.909768,23.467948,33.60337,32.275813,3.7431047
"127","1pm",12.760857,31.798301,28.85553,17.310911,9.2743999
"128","1pm",2.941264,26.810096,41.35318,22.199865,6.6955971
"129","1pm",18.898831,38.113447,24.53272,12.430905,6.0240946
"130","1pm",10.837617,37.425344,24.69402,20.456348,6.586668
"131","1pm",7.381448,29.826406,29.51424,19.8388,13.4391052
"132","1pm",11.100141,27.264164,30.5736,25.871112,5.1909812
"133","1pm",11.639639,36.156764,31.31332,18.409885,2.4803943
"134","1pm",8.512048,37.338508,29.9726,19.838684,4.3381626
"135","1pm",13.457998,32.183603,31.70332,20.455141,2.1999368
"136","1pm",10.610245,38.186095,26.83218,19.42065,4.9508354
"137","1pm",10.637559,47.040141,24.18617,11.580498,6.555637
"138","1pm",5.603701,31.250111,35.73515,26.622488,0.7885525
"139","1pm",15.711351,50.932798,20.87184,11.38109,1.1029173
"140","1pm",17.996153,28.691186,31.92927,15.758988,5.6244029
"141","1pm",10.133202,13.592935,29.3083,32.224372,14.7411894
"142","1pm",18.344605,32.377587,33.14367,11.027138,5.1070018
"143","1pm",23.994886,30.234774,26.28711,15.583024,3.9002087
"144","1pm",15.072438,49.128894,22.46319,9.809174,3.5263039
"145","1pm",25.451864,23.570014,27.90886,19.062516,4.0067423
"146","1pm",12.07301,28.875081,26.25794,27.056931,5.737036
"147","1pm",16.232974,25.105713,24.82452,23.14723,10.6895591
"148","1pm",26.988274,43.73162,19.39829,4.45961,5.4222071
"149","1pm",25.893569,37.767837,20.12343,12.973753,3.2414137
"150","1pm",18.679433,25.970964,25.4446,19.423767,10.481233
"151","1pm",20.360856,43.730662,15.70713,12.569294,7.6320628
"152","1pm",10.962658,40.80556,38.95859,7.030413,2.2427817
"153","1pm",15.79622,37.441925,28.02702,15.370205,3.364629
"154","1pm",12.106016,28.866379,33.18017,22.19009,3.6573492
"155","1pm",20.743125,30.164315,23.76372,21.366601,3.9622384
"156","1pm",10.992373,28.120817,25.89471,24.004837,10.9872674
"157","1pm",15.087807,18.881317,28.76579,25.50305,11.762035
"101","2pm",5.082544,13.67097,34.91943,25.845914,20.48114
"102","2pm",8.702258,9.700985,30.39081,29.933197,21.272753
"103","2pm",7.16303,28.110443,22.63857,31.410849,10.677108
"104","2pm",11.727318,14.355401,38.16932,30.825303,4.922663
"105","2pm",14.683771,15.425056,26.06376,24.814821,19.012595
"106","2pm",11.12649,11.476322,24.86961,26.679703,25.847873
"107","2pm",15.023534,11.790224,31.07828,21.89952,20.208442
"108","2pm",18.660087,31.77981,31.1891,12.440383,5.930621
"109","2pm",17.408027,22.064022,24.67979,24.83609,11.012073
"110","2pm",14.841276,25.803094,19.85036,26.755472,12.749795
"111","2pm",6.10021,17.955,23.67613,37.967476,14.301183
"112","2pm",12.717661,31.358105,32.05555,15.737054,8.131634
"113","2pm",15.245788,34.144698,31.99751,14.190551,4.421455
"114","2pm",9.561119,29.477349,27.53493,22.831902,10.594699
"115","2pm",12.767223,32.205108,20.65981,20.842814,13.525043
"116","2pm",11.399041,18.046992,29.53196,25.549746,15.472258
"117","2pm",11.526828,29.639566,27.38045,24.480137,6.973015
"118","2pm",4.125796,25.358661,23.49769,35.517964,11.499891
"119","2pm",8.392696,20.809055,31.97004,22.996582,15.831623
"120","2pm",12.658147,13.759599,15.30607,47.554949,10.721236
"121","2pm",9.156757,31.950444,19.11282,23.906093,15.873889
"122","2pm",10.948521,37.332785,27.07618,12.787754,11.854765
"123","2pm",8.629021,20.826281,23.04853,33.451601,14.044562
"124","2pm",7.082553,33.123344,20.24418,24.195478,15.354449
"125","2pm",6.284585,18.960166,30.03789,29.37048,15.346874
"126","2pm",6.09556,19.319031,38.68076,32.23005,3.674603
"127","2pm",11.08187,28.375679,30.19488,21.373013,8.974555
"128","2pm",8.207589,27.630229,36.00886,20.802331,7.350989
"129","2pm",18.77631,36.680183,24.55056,14.270971,5.72198
"130","2pm",12.498452,34.505832,26.76227,18.467279,7.766169
"131","2pm",7.175903,28.895829,30.65501,19.769383,13.503874
"132","2pm",8.571076,29.652487,30.03048,25.889865,5.856087
"133","2pm",11.804989,36.556219,34.38972,15.141099,2.107975
"134","2pm",8.348616,32.693655,30.81767,23.445532,4.69453
"135","2pm",13.311729,32.358303,31.37298,20.57743,2.379559
"136","2pm",9.974165,36.860725,27.13113,20.392661,5.641322
"137","2pm",9.569431,46.802714,25.13217,12.756639,5.739047
"138","2pm",5.281701,30.363109,36.34902,26.346594,1.659574
"139","2pm",17.19431,51.398746,20.08161,10.170106,1.155228
"140","2pm",19.743487,32.035412,29.02199,13.243657,5.955454
"141","2pm",8.861468,16.272625,29.36257,32.555069,12.948268
"142","2pm",18.243026,32.992867,33.02093,10.359639,5.38354
"143","2pm",26.311969,29.745075,24.84537,15.296196,3.801387
"144","2pm",16.164871,49.08677,21.96081,9.340253,3.447301
"145","2pm",25.323107,24.914032,28.47293,16.984754,4.305173
"146","2pm",10.225245,29.808555,25.78009,26.229908,7.956203
"147","2pm",16.461451,29.47954,20.67793,22.435029,10.946054
"148","2pm",27.971381,41.451878,20.8525,4.71778,5.006457
"149","2pm",27.915434,38.658099,18.22523,11.969845,3.231393
"150","2pm",19.906173,25.51697,26.25516,18.397025,9.924677
"151","2pm",22.261187,39.559249,16.98448,12.990351,8.204734
"152","2pm",10.562253,42.752829,36.97445,7.464856,2.245613
"153","2pm",16.369766,38.475361,26.13379,15.833351,3.187733
"154","2pm",11.328472,28.321849,33.05296,23.922925,3.37379
"155","2pm",22.236531,28.943425,25.34401,19.36753,4.108506
"156","2pm",12.822589,26.895476,28.25853,24.516983,7.506418
"157","2pm",13.15123,17.701541,33.00232,26.385928,9.758977
"101","3pm",7.350192,13.062677,34.852,25.579075,19.156059
"102","3pm",7.572327,7.974214,31.70375,30.43933,22.310377
"103","3pm",7.181285,25.772798,24.17127,33.031027,9.843623
"104","3pm",11.240686,15.887729,37.67581,28.72754,6.46824
"105","3pm",16.145773,14.453315,23.71808,28.709999,16.972834
"106","3pm",9.355746,13.618517,24.619,25.896013,26.510721
"107","3pm",15.052411,10.284968,30.91736,24.569336,19.175925
"108","3pm",20.584374,33.568427,26.53144,12.834027,6.481732
"109","3pm",16.979773,21.53152,26.60838,23.438717,11.441606
"110","3pm",14.53134,26.450447,21.52365,26.674093,10.820471
"111","3pm",5.87216,16.308599,23.40262,40.030172,14.386446
"112","3pm",12.383478,30.110209,34.03976,15.753615,7.712941
"113","3pm",17.017466,35.137942,27.5223,16.125087,4.197203
"114","3pm",8.146673,31.314727,29.15306,22.197609,9.187927
"115","3pm",14.510756,30.86002,23.10918,18.79732,12.722726
"116","3pm",9.654983,19.949922,30.90607,20.634335,18.854685
"117","3pm",9.8435,29.598838,28.77066,24.80444,6.98256
"118","3pm",5.126747,23.507057,24.84835,34.257174,12.260669
"119","3pm",10.996789,19.159453,28.16469,25.370094,16.308969
"120","3pm",12.40437,13.956717,15.21057,46.59117,11.837172
"121","3pm",10.027414,31.080519,16.33837,26.868699,15.684994
"122","3pm",7.935502,42.728952,25.23917,10.549139,13.547235
"123","3pm",7.790264,18.638556,26.86077,32.197809,14.512604
"124","3pm",9.634429,28.4295,19.34556,26.345388,16.245121
"125","3pm",9.714487,17.618595,29.2011,29.195209,14.270608
"126","3pm",5.380213,17.881005,41.16335,31.377963,4.197471
"127","3pm",10.856312,30.651928,26.60072,19.238574,12.65247
"128","3pm",8.734471,27.296631,35.11772,24.671167,4.180011
"129","3pm",20.237922,39.399992,22.89641,10.708033,6.757647
"130","3pm",12.921094,35.162341,27.18659,16.199842,8.53013
"131","3pm",8.06048,27.093449,33.64499,18.949212,12.251871
"132","3pm",7.439057,26.673906,27.53285,32.656085,5.698104
"133","3pm",11.12042,34.255451,37.05793,13.899981,3.666214
"134","3pm",9.493487,39.056334,25.14886,21.583483,4.717833
"135","3pm",14.687701,33.008744,31.67646,18.258371,2.368726
"136","3pm",9.66885,37.987183,25.87306,19.579363,6.891549
"137","3pm",8.920663,45.02893,27.33469,13.365757,5.349963
"138","3pm",5.0108,29.516363,36.05219,26.930719,2.489928
