"district","hour","educmen1","educmen2","educmen3","educmen4"
"101","4am",1.0798109,12.39899,33.55751,52.96369
"102","4am",0.9569882,19.59938,31.870055,47.57358
"103","4am",9.4658669,23.72911,29.316888,37.488138
"104","4am",0,24.23789,27.252966,48.509149
"105","4am",10.2603556,16.84117,34.112648,38.785824
"106","4am",0,15.39706,23.784366,60.818576
"107","4am",1.1184322,27.02992,34.960378,36.891268
"108","4am",15.0847027,51.27959,21.289883,12.345825
"109","4am",5.122615,37.62525,22.175684,35.076449
"110","4am",32.5913271,39.41277,13.241304,14.754598
"111","4am",7.4532034,35.36775,21.004253,36.17479
"112","4am",5.4284751,45.79306,27.841674,20.936786
"113","4am",28.3269436,48.82003,16.241617,6.611407
"114","4am",7.6333788,37.77091,28.465308,26.130402
"115","4am",7.7824101,32.43161,30.451583,29.334399
"116","4am",13.6932296,25.97058,17.394287,42.941907
"117","4am",6.83588,51.70783,20.659705,20.796585
"118","4am",11.5806463,26.77031,31.822177,29.826863
"119","4am",6.1124705,39.46469,28.922063,25.500776
"120","4am",10.5212281,28.65361,21.787115,39.03805
"121","4am",19.0964485,38.19751,22.29125,20.414793
"122","4am",7.6900657,50.90081,23.293177,18.115942
"123","4am",13.0435293,28.77783,18.496283,39.682358
"124","4am",10.2358041,21.93238,34.826965,33.004848
"125","4am",5.6888144,44.27012,22.796112,27.244949
"126","4am",11.5097934,36.09575,33.716082,18.678376
"127","4am",11.3560539,46.7745,19.400251,22.469194
"128","4am",3.4928985,41.49873,26.182633,28.825742
"129","4am",20.4322648,43.9334,19.05792,16.576412
"130","4am",21.7043246,44.32538,23.030308,10.939982
"131","4am",8.7707423,50.64809,19.72072,20.860452
"132","4am",6.4686938,61.78723,18.919037,12.825041
"133","4am",12.6717867,46.34142,29.265002,11.721797
"134","4am",19.1423725,49.17182,21.903419,9.782389
"135","4am",12.612394,57.93041,21.217798,8.239395
"136","4am",14.7863021,50.30785,24.591781,10.314069
"137","4am",14.8569763,39.72673,26.631617,18.784677
"138","4am",12.4849933,50.29993,26.299814,10.915265
"139","4am",18.072223,55.71172,19.469237,6.746823
"140","4am",6.2549037,55.1111,30.515519,8.118473
"141","4am",8.540863,34.08293,24.795849,32.580361
"142","4am",23.0437096,53.98529,16.906745,6.064253
"143","4am",18.6992597,56.15202,21.559512,3.589208
"144","4am",12.0018033,57.88981,25.429927,4.67846
"145","4am",9.6008606,64.78977,16.11814,9.491234
"146","4am",18.2460437,42.79835,23.445212,15.510393
"147","4am",21.9240807,43.01687,25.659609,9.399446
"148","4am",31.6094268,45.42418,14.474935,8.491462
"149","4am",23.3066057,58.48221,14.818392,3.392795
"150","4am",14.9428357,50.8843,20.211361,13.961499
"151","4am",18.3570201,63.14418,4.145664,14.353135
"152","4am",15.9991994,67.19651,12.313068,4.491218
"153","4am",20.3063322,59.13505,17.199247,3.359371
"154","4am",9.3440816,50.41156,31.191314,9.053041
"155","4am",9.6607691,50.4868,21.392661,18.459771
"156","4am",12.7860275,34.83879,17.687533,34.687654
"157","4am",19.0191263,31.05031,26.263667,23.666895
"101","5am",1.0330117,18.72084,29.577916,50.668235
"102","5am",0.9361539,21.34976,31.17622,46.537869
"103","5am",9.348133,23.96364,29.666355,37.02187
"104","5am",0,24.43517,26.660841,48.903989
"105","5am",10.4639102,17.17528,32.805513,39.555293
"106","5am",0,17.35293,23.234512,59.412554
"107","5am",1.1364996,27.46657,33.909716,37.487217
"108","5am",15.3265097,50.4986,21.631159,12.543728
"109","5am",5.1593028,35.5741,23.938928,35.327664
"110","5am",33.2027619,37.73193,13.506466,15.55884
"111","5am",7.4377868,35.50144,20.960807,36.099965
"112","5am",5.4169299,45.90835,27.782461,20.892258
"113","5am",28.609473,48.30957,16.403609,6.677348
"114","5am",8.338336,37.65693,27.648494,26.356237
"115","5am",7.2453777,31.30962,31.296592,30.148407
"116","5am",13.4467156,26.62425,17.760196,42.16884
"117","5am",6.2927712,52.34002,20.97367,20.39354
"118","5am",11.5027766,28.1183,30.752618,29.626303
"119","5am",6.0339973,40.24186,28.550755,25.173392
"120","5am",10.3464307,29.83894,21.425149,38.38948
"121","5am",19.5038873,37.85215,21.793599,20.850359
"122","5am",7.8977099,49.57506,23.922131,18.605102
"123","5am",13.1958802,27.94594,18.712323,40.145856
"124","5am",10.2031384,22.18152,34.715821,32.899519
"125","5am",5.80755,43.10694,23.271907,27.813599
"126","5am",11.5097934,36.09575,33.716082,18.678376
"127","5am",11.3560539,46.7745,19.400251,22.469194
"128","5am",3.4675888,41.97321,25.94233,28.616869
"129","5am",20.5983516,43.69683,19.63681,16.068004
"130","5am",22.5698598,42.73315,23.320737,11.376252
"131","5am",8.6850772,49.43401,20.542978,21.337938
"132","5am",6.9007531,61.64441,18.746654,12.708184
"133","5am",12.8761728,46.85053,28.362433,11.91086
"134","5am",19.5585105,48.64318,22.37958,9.418726
"135","5am",12.4598523,58.43923,20.961178,8.139742
"136","5am",14.7863021,50.30785,24.591781,10.314069
"137","5am",14.9631326,39.29606,26.821905,18.918898
"138","5am",12.7090109,51.20246,26.187754,9.90078
"139","5am",18.1980512,55.40336,19.604792,6.793798
"140","5am",6.0939424,55.01882,30.136226,8.751013
"141","5am",8.9019467,33.80822,24.550122,32.739708
"142","5am",22.4488168,54.47003,16.987817,6.093332
"143","5am",18.7669356,56.92532,20.705548,3.602198
"144","5am",11.2089787,59.13865,24.922507,4.729868
"145","5am",8.9497423,65.60229,15.831657,9.616314
"146","5am",18.5118225,43.05671,22.461726,15.969737
"147","5am",23.0440578,42.53349,25.009873,9.412584
"148","5am",30.9110015,44.76021,16.024946,8.303839
"149","5am",23.0736005,59.03424,14.442086,3.450074
"150","5am",14.9428357,50.8843,20.211361,13.961499
"151","5am",18.4365996,62.98441,4.163635,14.415357
"152","5am",16.3895371,66.88426,12.255851,4.470348
"153","5am",20.1586489,58.70497,17.801438,3.334939
"154","5am",9.5764183,52.22653,28.918912,9.278141
"155","5am",9.6607691,50.4868,21.392661,18.459771
"156","5am",11.5848826,35.52291,17.99487,34.897336
"157","5am",18.8200363,29.9996,27.761206,23.419153
"101","6am",0.9500508,22.78604,32.45159,43.812322
"102","6am",3.8029599,18.77082,32.08186,45.34436
"103","6am",9.5616743,25.47108,29.92426,35.042978
"104","6am",0,24.28586,26.09428,49.619866
"105","6am",10.6581799,19.18546,33.41457,36.741793
"106","6am",0,15.01994,23.66707,61.312991
"107","6am",1.1620316,29.53415,31.75734,37.546482
"108","6am",14.8692353,51.43915,20.98578,12.705828
"109","6am",5.1924201,34.6071,24.58185,35.61863
"110","6am",29.24104,41.22432,13.23238,16.302266
"111","6am",7.1535562,38.85232,16.72939,37.264733
"112","6am",4.9017058,45.7148,27.02406,22.359432
"113","6am",29.9821669,47.23162,15.11662,7.669589
"114","6am",8.5556144,38.86756,25.96817,26.608655
"115","6am",8.605788,30.1257,31.89876,29.369745
"116","6am",12.4586308,28.10208,18.26662,41.172667
"117","6am",6.5808808,50.00854,22.996,20.414584
"118","6am",12.8779604,26.97366,29.72598,30.4224
"119","6am",5.5446252,40.26395,28.60103,25.590386
"120","6am",10.1264788,30.33404,20.96968,38.569799
"121","6am",20.3983389,37.6478,22.25237,19.701493
"122","6am",8.195846,50.26082,24.03459,17.508746
"123","6am",13.9393883,28.34933,18.00656,39.70472
"124","6am",9.6821781,26.44012,34.02853,29.849169
"125","6am",5.6811805,42.593,24.68513,27.040689
"126","6am",11.9456739,36.03893,33.39813,18.617266
"127","6am",11.6282126,46.83341,19.2532,22.285183
"128","6am",3.6150155,41.63195,25.61421,29.13883
"129","6am",20.1063253,45.17443,18.96342,15.755815
"130","6am",23.5389186,40.60227,24.32204,11.536775
"131","6am",8.7000221,47.99668,21.94723,21.356072
"132","6am",7.0390976,61.6424,19.12248,12.196022
"133","6am",12.777006,44.91915,28.67907,13.624772
"134","6am",19.1664678,47.81422,23.45004,9.56927
"135","6am",12.6240954,58.48276,19.91174,8.981405
"136","6am",15.0891667,50.6818,24.09446,10.134577
"137","6am",15.7041599,39.21365,27.70632,17.37587
"138","6am",13.5314112,51.47716,25.18385,9.807579
"139","6am",19.4344605,54.59226,18.7179,7.255382
"140","6am",6.0464428,55.56095,29.70981,8.682802
"141","6am",9.228013,32.64642,26.13403,31.991535
"142","6am",22.6364651,53.46993,17.74934,6.144266
"143","6am",18.4756491,56.32762,21.57268,3.624048
"144","6am",13.2147172,60.6876,21.30172,4.795966
"145","6am",8.8420199,64.08838,17.56904,9.500568
"146","6am",18.2098309,43.20458,22.72784,15.85774
"147","6am",24.3339214,41.07382,25.52154,9.070718
"148","6am",30.5333017,43.32226,17.70377,8.440665
"149","6am",21.2285701,60.49831,14.81955,3.45357
"150","6am",15.0123453,51.38022,20.57397,13.033465
"151","6am",19.4963829,60.4507,5.30725,14.745663
"152","6am",16.4175217,65.82198,13.09509,4.665415
"153","6am",19.7905176,59.61686,17.11245,3.480168
"154","6am",9.8731738,51.45123,29.10994,9.565653
"155","6am",9.341085,50.0119,21.07527,19.571749
"156","6am",11.1898648,37.47848,17.38839,33.943268
"157","6am",19.8210269,28.52352,28.39576,23.259691
"101","7am",1.40148,34.72646,27.972786,35.899278
"102","7am",3.488915,22.07732,29.348614,45.085151
"103","7am",4.788565,32.17682,30.748614,32.286
"104","7am",0,33.06417,20.807738,46.128087
"105","7am",9.134428,20.7372,30.824622,39.303749
"106","7am",0,22.82517,24.361809,52.813026
"107","7am",3.257051,25.51075,34.084439,37.14776
"108","7am",17.110139,50.47275,19.997754,12.419359
"109","7am",8.213204,34.83773,24.589242,32.359821
"110","7am",25.633764,42.06572,16.633905,15.666614
"111","7am",7.017727,44.05254,16.884398,32.045333
"112","7am",5.267474,45.52668,26.754396,22.451454
"113","7am",30.296091,44.27718,16.764813,8.661913
"114","7am",8.849315,44.69713,27.357266,19.096291
"115","7am",10.144221,32.65593,30.727409,26.472437
"116","7am",13.09031,34.40205,16.909171,35.598466
"117","7am",10.457261,51.80958,23.01302,14.720139
"118","7am",9.505368,31.85062,26.324006,32.320005
"119","7am",6.57811,48.91981,20.968381,23.533696
"120","7am",14.440777,31.67915,18.630733,35.249335
"121","7am",23.071643,35.22156,25.212003,16.494798
"122","7am",9.71621,48.10225,22.495255,19.686281
"123","7am",14.020442,35.23953,18.254004,32.486025
"124","7am",11.472528,29.91461,31.045145,27.567713
"125","7am",4.457803,34.26585,29.614844,31.661499
"126","7am",12.023911,38.28133,28.053229,21.641526
"127","7am",14.541081,45.36543,20.162148,19.931341
"128","7am",4.111001,42.92317,26.846508,26.119326
"129","7am",20.42297,50.85422,13.582758,15.140054
"130","7am",21.529205,41.15129,25.31258,12.006923
"131","7am",8.541228,45.84567,25.228957,20.384147
"132","7am",8.233893,62.82712,16.811655,12.127334
"133","7am",14.960593,46.08182,29.092197,9.865389
"134","7am",22.160873,49.00397,24.253865,4.581287
"135","7am",13.900954,55.95099,20.260962,9.887093
"136","7am",18.193182,49.42691,19.7307,12.649209
"137","7am",19.522104,40.95035,22.833682,16.693867
"138","7am",15.60794,52.92207,21.267348,10.202642
"139","7am",24.626109,55.53032,15.819286,4.024284
"140","7am",6.248962,56.95819,26.356081,10.436765
"141","7am",9.989718,31.15307,27.136493,31.720716
"142","7am",25.933926,54.75112,14.702027,4.612931
"143","7am",21.6652,53.93799,17.452722,6.944084
"144","7am",13.416986,62.68135,17.120017,6.781651
"145","7am",7.680575,60.31237,22.173441,9.833611
"146","7am",13.952248,44.7412,25.600664,15.705883
"147","7am",20.420592,43.80906,24.467085,11.303261
"148","7am",31.04095,46.3915,17.164827,5.402723
"149","7am",22.347792,60.90616,12.51894,4.227104
"150","7am",14.586316,49.80586,22.157927,13.449896
"151","7am",18.825233,59.25285,8.511013,13.4109
"152","7am",17.85098,63.93862,13.624619,4.585777
"153","7am",19.5323,55.10418,20.269243,5.094278
"154","7am",11.380796,53.09908,26.144956,9.375168
"155","7am",11.551356,52.87613,18.027848,17.544665
"156","7am",12.61044,39.22614,19.203369,28.960048
"157","7am",19.037576,30.08634,26.881717,23.994369
"101","8am",2.276422,30.76611,37.486962,29.470505
"102","8am",2.612773,33.04769,31.346273,32.993266
"103","8am",9.129257,35.08524,33.540306,22.245197
"104","8am",1.217536,34.97138,24.046748,39.764336
"105","8am",10.508984,22.43872,30.392378,36.65992
"106","8am",1.138247,25.41879,23.18964,50.253325
"107","8am",3.699161,24.52849,33.431559,38.340789
"108","8am",16.736395,54.95166,15.699079,12.612868
"109","8am",8.446386,40.63128,27.384052,23.538279
"110","8am",20.289822,37.91498,20.553094,21.242108
"111","8am",8.15307,37.1313,22.531,32.184631
"112","8am",6.301642,48.61322,27.921183,17.163954
"113","8am",30.21406,43.39632,17.455017,8.934601
"114","8am",9.096223,37.69335,31.916628,21.293802
"115","8am",12.177739,40.79724,29.81066,17.214358
"116","8am",13.395543,35.39138,15.14762,36.065455
"117","8am",12.442555,52.76859,20.397571,14.391283
"118","8am",9.58753,34.79285,28.157644,27.461979
"119","8am",5.301424,48.15771,25.741906,20.798961
"120","8am",14.981894,35.24344,18.474262,31.300407
"121","8am",26.020338,36.35362,18.7778,18.848237
"122","8am",9.686392,54.53211,18.502554,17.278945
"123","8am",11.95941,35.44272,22.448467,30.1494
"124","8am",12.61083,34.398,28.724489,24.266684
"125","8am",4.669626,34.53416,29.777414,31.018795
"126","8am",11.837401,48.99743,22.16705,16.998121
"127","8am",14.23643,48.44097,21.011908,16.310687
"128","8am",5.53445,53.48091,20.172462,20.812177
"129","8am",23.908854,50.14934,14.25533,11.686478
"130","8am",16.874667,45.76467,23.379251,13.981413
"131","8am",7.902113,43.53089,25.365452,23.20154
"132","8am",7.953894,60.60084,14.479448,16.965814
"133","8am",17.558403,50.42171,23.360378,8.659513
"134","8am",23.275481,50.24346,22.213598,4.267464
"135","8am",13.665657,55.57226,19.635842,11.126239
"136","8am",20.061624,43.55868,23.128496,13.2512
"137","8am",22.642783,43.46671,19.811946,14.078558
"138","8am",16.888316,52.91878,17.478224,12.714678
"139","8am",28.343598,57.30996,9.885493,4.460951
"140","8am",7.202526,58.04468,26.610864,8.141926
"141","8am",12.378308,35.85219,28.53767,23.23183
"142","8am",23.589042,55.74021,17.024846,3.645904
"143","8am",20.948552,52.04217,16.560683,10.448591
"144","8am",14.314998,62.85061,14.624662,8.209727
"145","8am",7.824355,57.37783,23.173303,11.624507
"146","8am",14.910309,48.96368,22.145843,13.980171
"147","8am",13.686679,37.79991,27.621705,20.89171
"148","8am",28.478025,46.29403,17.497482,7.730459
"149","8am",25.099699,52.87413,15.465725,6.560446
"150","8am",15.645788,48.37058,23.59866,12.384968
"151","8am",16.175036,57.63898,10.698565,15.487421
"152","8am",19.12312,67.8259,10.970521,2.080456
"153","8am",20.355309,53.16217,20.12703,6.355494
"154","8am",13.280376,53.94313,26.181353,6.595137
"155","8am",14.232068,55.3733,18.60636,11.788269
"156","8am",11.772724,37.0104,20.894524,30.322352
"157","8am",19.438382,36.19241,24.732802,19.636409
"101","9am",1.805559,32.64798,32.98007,32.566397
"102","9am",2.629298,35.03206,31.90116,30.437488
"103","9am",9.923292,36.76853,29.70037,23.607811
"104","9am",2.449613,34.63708,23.43772,39.475592
"105","9am",9.912035,27.58924,31.27052,31.228209
"106","9am",2.210626,22.64929,27.30135,47.838743
"107","9am",3.702428,25.81291,33.72865,36.756012
"108","9am",16.432175,54.53543,15.418,13.614392
"109","9am",8.729496,42.15794,27.59411,21.518455
"110","9am",19.468075,35.72512,20.33631,24.4705
"111","9am",10.01771,35.09919,20.64401,34.239089
"112","9am",6.529507,47.38437,28.16462,17.921502
"113","9am",28.287719,46.26195,17.5439,7.906437
"114","9am",9.175071,38.28056,32.04908,20.495295
"115","9am",13.582968,40.32979,27.50188,18.585358
"116","9am",13.245763,36.522,17.29233,32.939909
"117","9am",12.981939,51.40062,23.37512,12.242319
"118","9am",9.752825,37.77775,25.67724,26.792186
"119","9am",4.878848,46.73594,27.7482,20.637014
"120","9am",13.238396,36.31058,16.81001,33.641018
"121","9am",22.548046,39.14344,19.51357,18.79494
"122","9am",10.977237,55.03422,15.72285,18.265694
"123","9am",10.605965,35.24802,20.4594,33.686615
"124","9am",10.923318,34.30154,26.93865,27.836496
"125","9am",6.372477,30.20689,32.38371,31.036924
"126","9am",10.972483,49.56136,24.44492,15.021232
"127","9am",14.839182,46.69119,21.77995,16.68968
"128","9am",5.871815,52.96556,24.27281,16.889816
"129","9am",21.256697,55.00275,10.17744,13.563119
"130","9am",15.131632,46.4228,23.01512,15.430451
"131","9am",9.107689,41.83436,25.36316,23.694785
"132","9am",9.304483,60.53456,13.49367,16.667285
"133","9am",20.167089,50.37946,22.57153,6.881923
"134","9am",23.598072,48.53125,24.34589,3.524789
"135","9am",14.391459,55.44074,18.58846,11.57934
"136","9am",17.832467,47.53875,20.03612,14.592663
"137","9am",23.071372,41.31767,19.74169,15.869274
"138","9am",16.644009,51.08454,18.75175,13.519697
"139","9am",28.298841,55.38784,13.34697,2.96635
"140","9am",7.617584,60.776,23.98533,7.621088
"141","9am",10.849463,35.22276,29.86761,24.060159
"142","9am",23.460166,55.10986,17.65071,3.77927
"143","9am",18.523541,56.95842,13.59332,10.924718
"144","9am",15.870097,60.85489,15.08398,8.191038
"145","9am",9.040602,54.47271,24.04557,12.441118
"146","9am",14.560878,49.88325,20.05317,15.502697
"147","9am",14.743143,35.66183,27.07523,22.519801
"148","9am",28.373789,44.74779,17.76496,9.11346
"149","9am",20.775571,57.18073,15.45527,6.588429
"150","9am",14.90861,47.59789,22.13727,15.35623
"151","9am",16.800842,54.6475,16.0122,12.539451
"152","9am",22.276239,63.35392,11.94635,2.423492
"153","9am",21.311683,53.2566,20.73365,4.698061
"154","9am",14.107156,51.07341,27.51967,7.299762
"155","9am",15.037845,52.82036,18.76698,13.374816
"156","9am",12.899921,36.24586,22.20684,28.647377
"157","9am",17.007343,36.36994,23.12855,23.494174
"101","10am",2.460241,32.13937,32.27786,33.122531
"102","10am",5.137399,31.97537,33.62671,29.260521
"103","10am",9.773155,33.41705,30.574,26.235787
"104","10am",2.626186,37.01232,25.58277,34.778727
"105","10am",5.756976,26.47969,35.49072,32.272615
"106","10am",3.218286,23.87819,26.63127,46.272249
"107","10am",9.549485,26.91388,26.96863,36.568003
"108","10am",18.608467,52.60583,15.56835,13.217357
"109","10am",7.178636,46.41231,25.52717,20.881888
"110","10am",18.383554,37.46706,20.30847,23.840909
"111","10am",8.780309,38.15315,21.06725,31.999291
"112","10am",5.247083,49.29328,26.58582,18.873825
"113","10am",28.15049,43.70032,18.65369,9.495505
"114","10am",8.461849,40.63993,28.62868,22.26954
"115","10am",13.699093,41.92243,28.24244,16.136033
"116","10am",15.517515,36.79658,19.02245,28.663452
"117","10am",11.684197,48.82696,23.78187,15.706966
"118","10am",9.268738,37.90999,26.1218,26.69947
"119","10am",5.275113,48.30332,26.23767,20.183896
"120","10am",11.905534,36.17915,19.81639,32.098922
"121","10am",20.712094,41.59558,22.1442,15.548129
"122","10am",11.271713,60.22119,11.99592,16.51118
"123","10am",10.636405,33.18432,20.50681,35.672463
"124","10am",10.344049,36.69211,26.77605,26.187795
"125","10am",7.662548,31.41728,30.01055,30.909622
"126","10am",11.924796,47.80726,26.27208,13.995866
"127","10am",16.742507,48.80005,18.82262,15.634825
"128","10am",5.61026,52.08589,24.4907,17.813151
"129","10am",25.91772,46.59704,14.9729,12.512335
"130","10am",15.457761,48.3047,21.11474,15.122798
"131","10am",8.951692,42.07246,24.34379,24.632056
"132","10am",7.075635,61.79906,13.6707,17.454598
"133","10am",15.909629,49.65766,24.52266,9.910049
"134","10am",22.317014,51.14121,22.98697,3.554809
"135","10am",14.694731,55.78991,18.29887,11.21649
"136","10am",16.342799,51.00801,19.90611,12.743086
"137","10am",25.536223,38.927,20.1859,15.35087
"138","10am",14.970409,49.70151,21.61895,13.709127
"139","10am",27.489987,57.12678,12.1568,3.226438
"140","10am",9.310978,59.31544,22.65907,8.714509
"141","10am",11.008764,33.1712,30.47488,25.345158
"142","10am",22.201294,57.77734,16.05713,3.964238
"143","10am",18.059716,56.81627,12.79535,12.328667
"144","10am",12.37561,62.6519,14.77873,10.193759
"145","10am",12.166928,50.45314,25.04448,12.335443
"146","10am",15.50324,46.04531,21.30706,17.144385
"147","10am",13.757906,37.72616,25.62461,22.89132
"148","10am",27.619962,44.98613,19.33018,8.063735
"149","10am",19.881945,52.68798,20.43872,6.991362
"150","10am",15.934545,49.59937,20.15765,14.308437
"151","10am",16.956346,56.11699,14.07936,12.847312
"152","10am",17.338324,69.34904,10.95055,2.362083
"153","10am",27.247259,46.83878,21.1113,4.80266
"154","10am",14.885749,53.55769,24.03474,7.521828
"155","10am",11.357726,54.8066,19.76973,14.065948
"156","10am",14.252836,36.2178,23.0734,26.455963
"157","10am",16.77618,34.99129,25.61169,22.620844
"101","11am",1.897773,30.71723,33.96183,33.423167
"102","11am",2.862461,32.58191,33.44621,31.109411
"103","11am",10.959078,30.97739,33.13662,24.92692
"104","11am",2.822341,39.006,23.76884,34.402825
"105","11am",7.482933,24.34852,34.85848,33.310069
"106","11am",3.171855,24.52125,24.67521,47.631687
"107","11am",8.870813,24.04886,31.62006,35.46027
"108","11am",21.169591,49.37917,17.08693,12.364302
"109","11am",5.753287,48.49065,23.39151,22.364556
"110","11am",19.217003,36.43628,20.23934,24.107376
"111","11am",10.497965,37.46414,21.35691,30.680992
"112","11am",6.026147,47.45156,26.13596,20.386337
"113","11am",30.503973,42.11607,17.85373,9.526226
"114","11am",9.282244,41.14341,26.99023,22.58411
"115","11am",11.212157,41.48882,28.70331,18.595709
"116","11am",13.653036,35.49864,18.55011,32.298217
"117","11am",11.368944,49.9752,23.64696,15.008893
"118","11am",8.484295,36.12001,26.63466,28.761041
"119","11am",5.955711,47.00079,26.2292,20.814297
"120","11am",10.522469,37.45918,18.41529,33.60306
"121","11am",22.640008,41.15578,20.05304,16.151167
"122","11am",10.000142,60.82105,14.43832,14.74048
"123","11am",12.015219,33.15745,20.36994,34.45739
"124","11am",10.124091,36.46886,26.49856,26.908485
"125","11am",7.887794,32.53165,28.49748,31.083077
"126","11am",13.267959,47.02465,27.16757,12.539827
"127","11am",16.91027,47.19472,20.29514,15.599869
"128","11am",5.980059,61.15651,17.74699,15.116441
"129","11am",25.388719,49.59589,13.12837,11.887016
"130","11am",14.637595,49.51527,20.12383,15.723309
"131","11am",7.506616,43.67817,24.88517,23.930036
"132","11am",9.528333,62.35227,13.56432,14.555077
"133","11am",17.702129,51.36198,22.23117,8.704715
"134","11am",24.023413,49.92355,20.82512,5.227922
"135","11am",13.378319,54.32216,19.96431,12.335213
"136","11am",18.669042,46.18616,23.27894,11.865856
"137","11am",23.242495,38.85459,22.99705,14.905867
"138","11am",12.699716,53.2085,20.76453,13.32726
"139","11am",30.187152,57.40123,9.14419,3.267426
"140","11am",8.302993,57.12609,26.19122,8.379689
"141","11am",10.271651,38.18845,27.2163,24.323598
"142","11am",22.853372,57.12708,17.12914,2.890408
"143","11am",20.025993,57.05018,10.19739,12.726442
"144","11am",13.311129,65.94837,13.53406,7.206447
"145","11am",10.080755,51.99862,25.00942,12.911211
"146","11am",16.369715,42.41441,23.80075,17.415123
"147","11am",13.771018,38.76014,26.43101,21.037825
"148","11am",22.745429,46.71047,20.80584,9.738258
"149","11am",23.143838,53.94221,18.86372,4.050237
"150","11am",16.127707,48.37861,21.33942,14.154257
"151","11am",17.550169,55.17265,12.9997,14.277489
"152","11am",22.506992,64.40043,10.75644,2.336134
"153","11am",24.495335,54.366,18.36155,2.777114
"154","11am",12.082998,50.94948,29.04913,7.918392
"155","11am",13.69667,56.81238,17.46665,12.024308
"156","11am",13.089379,35.26708,24.09045,27.553099
"157","11am",15.18333,34.50627,26.87983,23.430564
"101","12am",1.936425,29.15318,36.217885,32.692511
"102","12am",3.173119,34.42055,33.020981,29.385352
"103","12am",9.278558,31.30167,35.699388,23.720382
"104","12am",2.859105,37.01331,21.4535,38.674089
"105","12am",8.788437,25.6108,36.187154,29.41361
"106","12am",2.625889,22.40741,26.033592,48.933112
"107","12am",10.240087,27.59275,29.789781,32.377378
"108","12am",18.646915,55.66545,15.51496,10.17268
"109","12am",5.396979,44.74869,22.256864,27.597465
"110","12am",21.339898,36.11529,18.984882,23.559927
"111","12am",13.427782,26.74192,26.509356,33.320946
"112","12am",6.33032,45.4449,30.568081,17.6567
"113","12am",33.800687,46.25594,11.119498,8.823879
"114","12am",9.072609,47.05459,20.572919,23.299882
"115","12am",12.833557,37.28618,29.813228,20.067035
"116","12am",11.878758,33.31197,25.49147,29.3178
"117","12am",11.625351,50.21594,23.000149,15.158563
"118","12am",8.141439,34.33537,28.071929,29.451264
"119","12am",5.967866,47.66641,24.133367,22.232354
"120","12am",10.618319,33.28076,19.547847,36.55307
"121","12am",24.674069,35.74135,21.528573,18.05601
"122","12am",7.792245,61.22601,16.880973,14.100771
"123","12am",10.220969,33.83619,19.744469,36.19837
"124","12am",12.088469,34.05832,28.610699,25.242517
"125","12am",8.671334,30.91754,29.634851,30.776276
"126","12am",13.865218,45.00149,26.26338,14.86991
"127","12am",17.012449,50.30264,16.922357,15.762552
"128","12am",5.184873,48.40591,25.668648,20.740573
"129","12am",22.229441,49.88296,12.651615,15.235982
"130","12am",14.285499,49.3671,21.808573,14.538824
"131","12am",6.623045,45.5084,21.618236,26.250321
"132","12am",8.605454,64.42769,13.915917,13.050937
"133","12am",15.803806,46.55399,28.650953,8.991248
"134","12am",22.250587,49.43357,21.725035,6.590807
"135","12am",12.610981,55.44381,20.982541,10.962669
"136","12am",18.053289,49.91324,21.741645,10.29183
"137","12am",21.382865,39.78009,25.195385,13.641659
"138","12am",12.480453,59.38808,19.713539,8.417925
"139","12am",29.842663,57.88496,9.042236,3.230139
"140","12am",7.551879,57.49586,25.573383,9.378877
"141","12am",13.902084,35.43289,23.897218,26.767806
"142","12am",23.141868,51.3117,17.990277,7.556158
"143","12am",19.000874,56.19799,14.600909,10.200225
"144","12am",17.655352,58.53651,17.034312,6.773822
"145","12am",10.770989,56.53712,21.359753,11.332133
"146","12am",13.957161,44.65782,22.958142,18.426876
"147","12am",16.823295,32.73106,23.105584,27.340059
"148","12am",29.143104,42.12034,20.45194,8.284612
"149","12am",21.620174,56.43803,18.472545,3.469255
"150","12am",14.271076,50.16806,21.597997,13.962864
"151","12am",18.86307,56.72539,12.654137,11.7574
"152","12am",18.162716,66.95789,11.212103,3.667293
"153","12am",18.520402,53.64305,23.125695,4.710849
"154","12am",11.025817,52.23733,29.183696,7.553161
"155","12am",11.824376,56.49832,16.474838,15.202466
"156","12am",12.912753,36.01391,23.441665,27.631668
"157","12am",14.002835,35.37135,27.135925,23.489888
"101","1pm",2.184028,33.41331,34.13091,30.271751
"102","1pm",2.807564,29.65482,35.08914,32.448473
"103","1pm",9.14674,31.25576,35.34177,24.255726
"104","1pm",1.618082,38.62313,25.53234,34.226452
"105","1pm",6.634633,31.23574,32.78569,29.343937
"106","1pm",1.651581,22.80663,28.49044,47.051353
"107","1pm",9.074087,30.40388,31.83748,28.684554
"108","1pm",16.356162,55.80696,16.61108,11.225797
"109","1pm",7.405148,48.38893,19.20006,25.005862
"110","1pm",21.012624,35.67174,18.76608,24.549559
"111","1pm",10.932735,25.93895,25.76134,37.366974
"112","1pm",7.164668,47.11815,29.09178,16.625403
"113","1pm",30.368183,43.36474,18.21481,8.052268
"114","1pm",9.96134,43.33286,23.78778,22.91802
"115","1pm",11.808791,43.48039,26.12091,18.589906
"116","1pm",12.549114,32.17931,21.56145,33.710129
"117","1pm",11.904091,50.60977,22.11415,15.371985
"118","1pm",8.682455,36.75317,24.88328,29.681087
"119","1pm",6.230029,45.64122,25.76093,22.367823
"120","1pm",11.393823,34.54359,22.13178,31.93081
"121","1pm",22.304378,36.62279,22.70389,18.368945
"122","1pm",10.333857,61.20031,12.56691,15.898919
"123","1pm",12.457863,31.98842,20.0852,35.46852
"124","1pm",9.339314,36.27042,28.82333,25.566936
"125","1pm",9.681448,28.4048,30.94122,30.972531
"126","1pm",12.471224,52.77742,20.52629,14.22506
"127","1pm",17.744319,50.68859,18.51423,13.052861
"128","1pm",3.898387,45.29874,30.49811,20.304766
"129","1pm",23.48233,50.57046,11.05644,14.890769
"130","1pm",12.684139,48.30396,22.77765,16.234252
"131","1pm",6.374658,43.15741,25.42816,25.039765
"132","1pm",9.862438,63.70377,13.35223,13.081566
"133","1pm",15.944014,52.72414,24.07654,7.255301
"134","1pm",22.104481,51.0379,20.07737,6.780245
"135","1pm",13.242521,55.43271,19.4217,11.903072
"136","1pm",20.617864,49.11461,19.08685,11.180685
"137","1pm",22.238018,40.92406,21.5614,15.276525
"138","1pm",13.39351,52.48829,21.69472,12.42348
"139","1pm",25.219608,60.58185,11.2966,2.901936
"140","1pm",8.464557,55.75339,26.58846,9.193594
"141","1pm",15.092499,35.8096,25.28827,23.809628
"142","1pm",21.373193,53.80278,19.55621,5.267821
"143","1pm",19.437033,56.70294,12.2477,11.612328
"144","1pm",19.642187,54.72739,17.52536,8.10507
"145","1pm",12.485742,55.48077,22.24774,9.785749
"146","1pm",15.492678,44.49216,22.2213,17.793868
"147","1pm",14.647129,36.90977,23.26692,25.176182
"148","1pm",26.899789,45.29746,19.12522,8.677528
"149","1pm",22.746293,53.87117,19.64584,3.736694
"150","1pm",14.548776,44.48156,23.75457,17.215091
"151","1pm",17.363801,57.75315,12.09909,12.783957
"152","1pm",19.447123,65.89792,10.97808,3.676879
"153","1pm",19.728772,54.51162,19.79797,5.96164
"154","1pm",11.106774,52.90975,28.10834,7.87513
"155","1pm",13.428749,52.31872,17.50154,16.750984
"156","1pm",13.562539,33.31981,25.50128,27.616373
"157","1pm",14.61607,36.23163,25.43338,23.718926
"101","2pm",3.313648,33.94974,33.3412,29.395412
"102","2pm",2.740553,32.85698,30.80598,33.596489
"103","2pm",10.078687,34.41178,30.77081,24.738722
"104","2pm",1.581881,38.66257,21.69196,38.063591
"105","2pm",6.045571,20.61862,38.75799,34.577818
"106","2pm",4.167875,22.46457,31.08822,42.279342
"107","2pm",9.26352,30.6681,28.47051,31.597872
"108","2pm",17.327429,53.72362,18.39111,10.557843
"109","2pm",7.028922,41.92943,24.52321,26.518442
"110","2pm",22.210227,31.34981,20.81987,25.620091
"111","2pm",10.605372,26.94717,27.70239,34.745064
"112","2pm",6.787089,49.67479,27.63417,15.903946
"113","2pm",28.39552,42.22561,20.59816,8.780701
"114","2pm",10.087119,39.86912,27.12306,22.920702
"115","2pm",9.543332,47.45958,23.93684,19.060246
"116","2pm",13.749501,33.64938,20.62674,31.974375
"117","2pm",12.611217,47.09822,23.99412,16.296441
"118","2pm",7.832339,37.51233,26.56747,28.087861
"119","2pm",6.611794,46.11181,23.58369,23.6927
"120","2pm",9.461682,34.45824,22.47062,33.609455
"121","2pm",21.133892,41.16687,18.42429,19.27494
"122","2pm",11.407925,57.2651,11.82134,19.50563
"123","2pm",10.625725,33.04296,19.68417,36.647147
"124","2pm",9.249816,36.54747,30.28919,23.91353
"125","2pm",8.283006,31.63731,30.00322,30.076464
"126","2pm",11.951082,50.05403,24.83782,13.157075
"127","2pm",17.873699,46.49781,19.13715,16.49134
"128","2pm",3.5818,51.68973,25.28557,19.4429
"129","2pm",23.423668,47.21118,11.44403,17.921119
"130","2pm",13.667053,49.43889,23.06709,13.826971
"131","2pm",7.117284,42.496,26.53304,23.853676
"132","2pm",9.868474,63.77071,11.56207,14.798751
"133","2pm",16.411777,51.08603,27.64128,4.860915
"134","2pm",21.172758,49.40328,20.10958,9.314382
"135","2pm",12.329273,56.36378,18.38704,12.919914
"136","2pm",20.345703,50.49746,17.78514,11.371693
"137","2pm",23.046342,38.94069,24.75632,13.256648
"138","2pm",13.146735,52.72603,19.67918,14.448061
"139","2pm",28.082066,59.4848,11.2779,1.155228
"140","2pm",7.579705,57.57244,24.85778,9.990079
"141","2pm",13.864402,38.02602,25.56848,22.541099
"142","2pm",18.888432,57.43532,18.33784,5.338403
"143","2pm",24.273331,53.5694,12.71814,9.43913
"144","2pm",17.744109,57.54574,16.78666,7.923485
"145","2pm",12.013111,56.53804,21.65242,9.796427
"146","2pm",16.362028,40.65327,23.34879,19.63591
"147","2pm",14.694816,38.63355,21.16631,25.505324
"148","2pm",30.622043,43.09248,18.38571,7.899769
"149","2pm",27.294575,47.12726,21.68216,3.896004
"150","2pm",11.726987,49.64921,21.7863,16.837497
"151","2pm",13.998736,58.38729,12.1596,15.454372
"152","2pm",18.867219,65.70336,13.30891,2.120518
"153","2pm",20.448605,50.68029,18.86175,10.009358
"154","2pm",14.12818,55.138,27.12548,3.608338
"155","2pm",12.431535,55.46114,15.29084,16.816487
"156","2pm",16.983248,35.47981,24.50062,23.036317
"157","2pm",9.771212,40.14906,26.73319,23.346537
"101","3pm",2.793556,33.8206,29.92266,33.463182
"102","3pm",1.761585,32.10261,34.17605,31.959746
"103","3pm",11.790953,31.54163,32.97098,23.696439
"104","3pm",2.482028,38.29844,20.12101,39.098522
"105","3pm",6.897377,19.6946,42.57954,30.82848
"106","3pm",5.636474,21.69249,30.92473,41.746309
"107","3pm",4.949566,29.34794,34.96634,30.736154
"108","3pm",17.64583,50.78285,19.29681,12.274504
"109","3pm",7.959185,39.68352,26.05199,26.305303
"110","3pm",21.585742,31.84724,23.08422,23.482803
"111","3pm",7.77363,26.32711,27.22656,38.672707
"112","3pm",7.084917,51.51056,23.33653,18.067997
"113","3pm",26.59303,45.12948,17.69496,10.582533
"114","3pm",9.708737,46.47203,25.83687,17.982359
"115","3pm",8.588089,49.56245,24.12442,17.72504
"116","3pm",13.097266,33.06289,19.73649,34.103355
"117","3pm",11.478662,50.33858,20.54616,17.636595
"118","3pm",9.135033,31.47117,27.23356,32.160235
"119","3pm",5.671595,44.95492,26.95505,22.418427
"120","3pm",10.174237,32.12493,19.33107,38.369763
"121","3pm",19.650195,40.60087,18.07462,21.674313
"122","3pm",12.41066,54.43595,13.89794,19.255449
"123","3pm",11.23325,32.67776,18.66396,37.425031
"124","3pm",8.765891,33.13165,33.16585,24.936605
"125","3pm",9.671747,31.329,29.69779,29.301464
"126","3pm",12.234121,49.89166,23.98075,13.893476
"127","3pm",15.9416,47.59232,17.2947,19.171381
"128","3pm",6.992659,51.07614,21.75177,20.179428
"129","3pm",24.601474,49.71003,12.4789,13.209595
"130","3pm",13.765851,50.75587,22.02505,13.453225
"131","3pm",7.472707,43.581,25.94241,23.003883
"132","3pm",10.220914,57.67958,13.40607,18.693442
"133","3pm",16.724948,46.18744,28.12106,8.966546
"134","3pm",21.852507,52.74918,17.07284,8.325472
"135","3pm",12.818155,55.7609,19.73671,11.684228
"136","3pm",16.573654,53.47433,17.17042,12.781593
"137","3pm",21.495484,36.18273,28.86211,13.459673
"138","3pm",13.237669,50.4679,20.97988,15.314544
"139","3pm",26.409658,56.93264,12.8937,3.763996
"140","3pm",9.759875,56.72125,25.54415,7.974725
"141","3pm",12.36783,38.355,25.99828,23.278895
"142","3pm",20.790803,55.84679,20.33044,3.031959
"143","3pm",18.941578,56.3566,14.44603,10.255792
"144","3pm",18.694158,60.03547,13.23697,8.033399
"145","3pm",11.803959,58.94654,21.1471,8.102393
"146","3pm",17.706921,46.52983,19.06173,16.701516
"147","3pm",16.267659,39.06524,19.89137,24.775731
"148","3pm",26.819447,45.95598,19.7893,7.435278
"149","3pm",26.356159,49.17966,20.05256,4.411614
"150","3pm",10.883671,48.74994,21.85188,18.514504
"151","3pm",14.297866,58.45673,12.31469,14.930714
"152","3pm",18.502504,68.79278,10.50357,2.201146
"153","3pm",28.529218,45.23505,20.63938,5.596352
"154","3pm",8.643593,58.282,29.00993,4.064473
"155","3pm",11.680911,59.59961,16.44427,12.275202
"156","3pm",15.917366,34.54239,25.90353,23.636716
"157","3pm",12.273632,38.04417,25.60034,24.081859
"101","4pm",2.5138454,29.32273,29.24411,38.919317
"102","4pm",1.7120948,31.10448,33.33632,33.847108
"103","4pm",9.50489,33.67149,27.96429,28.859332
"104","4pm",2.4250018,35.86953,25.87367,35.831801
"105","4pm",7.5183962,25.29279,35.71634,31.472472
"106","4pm",0.7619472,18.26046,31.21984,49.757757
"107","4pm",2.9921533,29.10097,38.50914,29.397736
"108","4pm",16.4485287,48.66642,21.46305,13.422005
"109","4pm",8.2676167,38.65406,23.96989,29.108426
"110","4pm",25.3301497,30.3045,21.34728,23.01807
"111","4pm",7.8580149,25.46955,25.72079,40.951641
"112","4pm",5.8135843,53.92526,24.49245,15.768706
"113","4pm",25.6016026,43.0305,22.41471,8.95319
"114","4pm",10.0917001,45.16274,23.84693,20.898633
"115","4pm",7.7503647,43.45253,29.48198,19.315131
"116","4pm",13.8307202,32.77238,21.90118,31.495717
"117","4pm",10.3585316,50.73058,20.26928,18.641608
"118","4pm",10.3283563,32.95195,26.71118,30.008513
"119","4pm",5.3639573,42.56165,29.94011,22.134284
"120","4pm",8.3458267,42.15692,20.94341,28.553835
"121","4pm",22.6189706,39.59202,20.32574,17.463273
"122","4pm",8.298531,59.98942,10.34227,21.369777
"123","4pm",11.7808279,29.24779,20.35526,38.616118
"124","4pm",9.1462122,31.00461,33.90104,25.948133
"125","4pm",8.909348,33.57073,28.00443,29.515491
"126","4pm",10.0199936,49.15209,25.29701,15.53091
"127","4pm",14.817363,48.78279,19.33267,17.067174
"128","4pm",3.6720016,51.57781,23.77815,20.972038
"129","4pm",19.0453986,50.48217,17.03296,13.439468
"130","4pm",15.0468309,42.87439,25.32825,16.750533
"131","4pm",7.6244621,46.58024,21.48545,24.309853
"132","4pm",10.4407266,57.89395,12.19563,19.469702
"133","4pm",15.1538892,45.95144,28.98418,9.910488
"134","4pm",20.0622903,53.8318,17.83012,8.275794
"135","4pm",13.1920971,57.36623,18.19755,11.244113
"136","4pm",15.3012752,52.02136,23.09389,9.583475
"137","4pm",20.2147489,37.48935,29.88068,12.415216
"138","4pm",12.5740077,51.88073,21.31741,14.227856
"139","4pm",21.512419,57.82275,18.01336,2.651477
"140","4pm",9.9041555,56.96334,24.23042,8.902083
"141","4pm",13.4036654,35.87808,28.19269,22.525572
"142","4pm",22.7988657,57.56077,14.30786,5.332512
"143","4pm",17.7595048,58.91384,12.23581,11.090848
"144","4pm",15.1383508,57.54233,21.67405,5.645271
"145","4pm",12.8121634,58.67092,21.27378,7.24314
"146","4pm",19.4635623,48.62361,17.6451,14.267729
"147","4pm",18.4716798,38.3255,21.04994,22.152876
"148","4pm",26.2357314,46.3956,19.45909,7.909576
"149","4pm",25.7822903,51.23736,20.20957,2.770784
"150","4pm",14.218782,45.5151,23.64169,16.624432
"151","4pm",15.1672719,58.25039,10.92031,15.662031
"152","4pm",23.5132597,62.19333,10.34923,3.944185
"153","4pm",20.8460398,54.32262,18.95431,5.877033
"154","4pm",9.2675707,61.1337,22.87253,6.726199
"155","4pm",14.9719558,57.64577,15.43932,11.942949
"156","4pm",14.9362511,34.71584,22.99747,27.350443
"157","4pm",15.9609618,34.17682,26.35061,23.511604
"101","5pm",3.9696826,20.56803,29.20563,46.256658
"102","5pm",1.9103621,24.00064,38.75778,35.331216
"103","5pm",10.3745166,29.07526,27.15194,33.398287
"104","5pm",0.7303101,34.92507,22.73437,41.610247
"105","5pm",11.5625781,20.85543,28.53393,39.048056
"106","5pm",0,17.65589,30.54255,51.801555
"107","5pm",2.393758,31.57942,36.31182,29.715004
"108","5pm",14.9892222,53.47185,21.19165,10.347281
"109","5pm",8.1478073,39.31868,22.92353,29.609984
"110","5pm",25.2884851,35.09272,16.94891,22.669891
"111","5pm",8.879607,30.35608,20.56927,40.195038
"112","5pm",5.9055856,46.35747,28.49933,19.237612
"113","5pm",30.9982099,41.38577,18.9083,8.707722
"114","5pm",8.698248,43.02794,29.03047,19.243345
"115","5pm",9.7575944,42.43486,26.24519,21.562359
"116","5pm",14.6591255,30.98014,20.65065,33.710087
"117","5pm",10.2683044,50.4592,20.16839,19.104115
"118","5pm",9.2567463,32.01606,30.34832,28.378871
"119","5pm",6.392633,44.38794,25.99179,23.227636
"120","5pm",7.4693578,41.01869,23.04175,28.470203
"121","5pm",20.7475436,38.94307,19.67811,20.631271
"122","5pm",6.6003238,58.06278,17.93062,17.406279
"123","5pm",13.901604,29.23252,16.56878,40.297093
"124","5pm",10.766496,28.3427,35.12375,25.767057
"125","5pm",7.9088067,36.4338,28.72851,26.928887
"126","5pm",10.6544874,46.04767,28.24255,15.055301
"127","5pm",12.3372965,44.76015,19.57538,23.327176
"128","5pm",5.0441459,43.80503,29.32985,21.820969
"129","5pm",21.4772448,48.75471,12.59962,17.168427
"130","5pm",20.0899649,43.62688,25.08004,11.203116
"131","5pm",9.4759957,52.01915,17.99492,20.509935
"132","5pm",8.5855256,57.14417,16.45841,17.811895
"133","5pm",16.5156551,44.35848,29.50362,9.622238
"134","5pm",21.8182305,50.67922,19.54694,7.955601
"135","5pm",12.161477,58.91994,19.16415,9.754432
"136","5pm",15.989823,50.709,23.626,9.675184
"137","5pm",17.6892984,36.06538,29.57778,16.667545
"138","5pm",13.1447758,48.5977,24.5778,13.679719
"139","5pm",20.6518785,62.9374,13.8233,2.58742
"140","5pm",9.5084446,53.78159,27.3263,9.383668
"141","5pm",14.4809681,34.98215,28.22229,22.314598
"142","5pm",25.1536472,54.0145,15.7396,5.09225
"143","5pm",18.9052365,59.53108,12.49376,9.069923
"144","5pm",15.9671207,54.86684,24.54431,4.621732
"145","5pm",9.6731822,60.45077,21.49671,8.379334
"146","5pm",20.682859,44.61704,21.04518,13.654922
"147","5pm",23.111691,38.11861,18.89185,19.877851
"148","5pm",28.662555,44.84938,19.01407,7.473996
"149","5pm",23.633091,55.09127,17.22025,4.05539
"150","5pm",13.0434043,47.96464,23.8089,15.18306
"151","5pm",18.7130802,59.10226,6.10862,16.076036
"152","5pm",15.0486932,70.52898,13.14712,1.275213
"153","5pm",18.8379725,54.55322,18.40622,8.202587
"154","5pm",11.366965,53.76559,27.53407,7.333367
"155","5pm",13.801417,53.54717,16.97579,15.675622
"156","5pm",12.3276435,40.64555,20.95272,26.074086
"157","5pm",17.9162666,32.16529,24.5486,25.369844
"101","6pm",5.478461,27.75195,26.122296,40.647296
"102","6pm",2.869471,20.71361,34.840589,41.576328
"103","6pm",8.66112,27.35945,30.772988,33.206445
"104","6pm",0,28.06959,28.769907,43.1605
