"district","hour","resarea1","resarea2","resarea3"
"101","4am",2.7681436,1.4067597,95.8250967
"102","4am",0,0.9474867,99.0525133
"103","4am",0,1.1172714,98.8827286
"104","4am",0,0,100
"105","4am",0,1.0878692,98.9121308
"106","4am",0,3.3876372,96.6123628
"107","4am",0,2.5214532,97.4785468
"108","4am",0,2.279039,97.720961
"109","4am",0,0.6240584,99.3759416
"110","4am",0,1.7576609,98.2423391
"111","4am",0,3.6499438,96.3500562
"112","4am",0.4853094,0,99.5146906
"113","4am",0,0,100
"114","4am",0,1.0924988,98.9075012
"115","4am",0,100,0
"116","4am",0,100,0
"117","4am",0,98.8255254,1.1744746
"118","4am",0,100,0
"119","4am",0,100,0
"120","4am",0,100,0
"121","4am",0,100,0
"122","4am",0,100,0
"123","4am",0,100,0
"124","4am",0,98.7814614,1.2185386
"125","4am",0,100,0
"126","4am",0,100,0
"127","4am",0,100,0
"128","4am",0,100,0
"129","4am",0,100,0
"130","4am",0,99.4513117,0.5486883
"131","4am",0,100,0
"132","4am",0,100,0
"133","4am",98.9213295,0.5612261,0.5174444
"134","4am",100,0,0
"135","4am",0,99.020619,0.979381
"136","4am",0,99.266526,0.733474
"137","4am",0,100,0
"138","4am",0,100,0
"139","4am",0,100,0
"140","4am",0,100,0
"141","4am",0,100,0
"142","4am",0,100,0
"143","4am",0,100,0
"144","4am",0,100,0
"145","4am",0,100,0
"146","4am",0,100,0
"147","4am",0,98.0807014,1.9192986
"148","4am",0,100,0
"149","4am",0,99.6386855,0.3613145
"150","4am",0,100,0
"151","4am",0,100,0
"152","4am",0,100,0
"153","4am",0,100,0
"154","4am",0,100,0
"155","4am",0,100,0
"156","4am",0,99.30219,0.69781
"157","4am",0,100,0
"101","5am",2.7232887,3.1728081,94.1039032
"102","5am",0,3.1917606,96.8082394
"103","5am",0,1.5160289,98.4839711
"104","5am",0,0,100
"105","5am",0,0,100
"106","5am",0,5.1334448,94.8665552
"107","5am",0,2.5579716,97.4420284
"108","5am",0,2.3109779,97.6890221
"109","5am",0,1.8549804,98.1450196
"110","5am",0.4795711,2.4682666,97.0521623
"111","5am",0,3.6427655,96.3572345
"112","5am",0.4843216,0,99.5156784
"113","5am",0,1.4821906,98.5178094
"114","5am",0,1.7330911,98.2669089
"115","5am",0,100,0
"116","5am",0,100,0
"117","5am",0,98.807677,1.192323
"118","5am",0,100,0
"119","5am",0,99.3932689,0.6067311
"120","5am",0,100,0
"121","5am",0,100,0
"122","5am",0.7387674,99.2612326,0
"123","5am",0,100,0
"124","5am",0,98.4752408,1.5247592
"125","5am",0,100,0
"126","5am",0,100,0
"127","5am",0,100,0
"128","5am",0.7704136,99.2295864,0
"129","5am",0,100,0
"130","5am",0,99.4308458,0.5691542
"131","5am",0,98.985127,1.014873
"132","5am",0,100,0
"133","5am",98.9039314,0.5702782,0.5257904
"134","5am",100,0,0
"135","5am",0,99.0324642,0.9675358
"136","5am",0,99.266526,0.733474
"137","5am",0,100,0
"138","5am",0,100,0
"139","5am",0,100,0
"140","5am",0,99.2707873,0.7292127
"141","5am",0,99.7512998,0.2487002
"142","5am",0,100,0
"143","5am",0,100,0
"144","5am",0,100,0
"145","5am",0,100,0
"146","5am",0,99.3446401,0.6553599
"147","5am",0,98.0782145,1.9217855
"148","5am",0,100,0
"149","5am",0,99.6325857,0.3674143
"150","5am",0,100,0
"151","5am",0,100,0
"152","5am",0,100,0
"153","5am",0,100,0
"154","5am",0,100,0
"155","5am",0,100,0
"156","5am",0,99.2980227,0.7019773
"157","5am",0,100,0
"101","6am",2.5989099,6.4145011,90.986589
"102","6am",0.9572524,1.7290796,97.313668
"103","6am",0,1.5426648,98.4573352
"104","6am",0,0.548042,99.451958
"105","6am",0,0.9421364,99.0578636
"106","6am",0,5.2087147,94.7912853
"107","6am",0,4.6495311,95.3504689
"108","6am",0,6.6592425,93.3407575
"109","6am",0.6883423,3.5604684,95.7511893
"110","6am",1.8117432,8.2516222,89.9366346
"111","6am",0,8.8765373,91.1234627
"112","6am",0.4870005,1.3204511,98.1925485
"113","6am",0,1.5266119,98.4733881
"114","6am",0,6.0405769,93.9594231
"115","6am",0,99.0929534,0.9070466
"116","6am",0,100,0
"117","6am",0,100,0
"118","6am",0,99.2546551,0.7453449
"119","6am",0,98.1995996,1.8004004
"120","6am",0,100,0
"121","6am",0.6332691,99.003078,0.3636528
"122","6am",0.764707,99.235293,0
"123","6am",0,100,0
"124","6am",0,97.9404154,2.0595846
"125","6am",0,98.0233125,1.9766875
"126","6am",0,100,0
"127","6am",0,100,0
"128","6am",0.8029579,99.1970421,0
"129","6am",0,99.4538239,0.5461761
"130","6am",0,98.7908097,1.2091903
"131","6am",0,98.155355,1.844645
"132","6am",0.4149172,99.5850828,0
"133","6am",97.148332,0.6069334,2.2447346
"134","6am",100,0,0
"135","6am",0,99.0197103,0.9802897
"136","6am",0,99.2250476,0.7749524
"137","6am",0,99.3804302,0.6195698
"138","6am",0,100,0
"139","6am",0,100,0
"140","6am",0,99.2764712,0.7235288
"141","6am",0,99.7421902,0.2578098
"142","6am",0,100,0
"143","6am",0,100,0
"144","6am",0,100,0
"145","6am",0,98.1674559,1.8325441
"146","6am",0.4366038,98.8897302,0.673666
"147","6am",0,97.7311514,2.2688486
"148","6am",0,99.1102794,0.8897206
"149","6am",0,99.6322134,0.3677866
"150","6am",0.7078727,99.1067514,0.1853759
"151","6am",0,100,0
"152","6am",0,100,0
"153","6am",0,100,0
"154","6am",0,100,0
"155","6am",0,100,0
"156","6am",0,99.2755062,0.7244938
"157","6am",0,100,0
"101","7am",2.2749697,25.473009,72.2520216
"102","7am",1.8007262,14.66877,83.5305035
"103","7am",0,11.252389,88.7476106
"104","7am",0,12.146377,87.8536231
"105","7am",0,7.710371,92.2896289
"106","7am",0.4892244,17.137378,82.3733975
"107","7am",0,9.054849,90.9451506
"108","7am",0,9.208818,90.7911821
"109","7am",0.6325169,15.696224,83.6712591
"110","7am",2.8087278,20.14586,77.045412
"111","7am",0,16.625322,83.3746779
"112","7am",0.5325153,8.273633,91.193852
"113","7am",1.0309896,8.588458,90.3805526
"114","7am",0,23.283448,76.7165516
"115","7am",0,94.807258,5.1927423
"116","7am",0,96.954244,3.0457563
"117","7am",0,96.947472,3.0525284
"118","7am",0,97.7061,2.2939004
"119","7am",0,94.455388,5.5446121
"120","7am",0,97.99955,2.0004501
"121","7am",0.7350484,97.435723,1.8292289
"122","7am",0.8634866,99.136513,0
"123","7am",0,99.289517,0.7104829
"124","7am",0,95.055908,4.944092
"125","7am",0.3049867,87.520933,12.1740806
"126","7am",0,98.936704,1.0632957
"127","7am",0,95.989656,4.0103436
"128","7am",0.9123213,97.321667,1.7660114
"129","7am",0,99.313825,0.6861754
"130","7am",1.2046669,91.239387,7.555946
"131","7am",1.8544127,94.878194,3.2673935
"132","7am",0.4625874,97.410725,2.1266871
"133","7am",95.6668481,2.240392,2.0927601
"134","7am",100,0,0
"135","7am",0,98.920559,1.0794406
"136","7am",0,99.067618,0.9323824
"137","7am",0.9752814,97.532052,1.492667
"138","7am",0,100,0
"139","7am",0,99.260388,0.7396122
"140","7am",0,98.906247,1.0937534
"141","7am",0,99.155221,0.8447789
"142","7am",0,99.490849,0.509151
"143","7am",0,100,0
"144","7am",0,100,0
"145","7am",0,96.397325,3.6026751
"146","7am",0.4495972,98.856688,0.6937144
"147","7am",0,96.907276,3.0927245
"148","7am",1.0257931,96.675639,2.2985676
"149","7am",0,97.276334,2.723666
"150","7am",0.7413955,96.216269,3.0423351
"151","7am",0,100,0
"152","7am",0,100,0
"153","7am",0,100,0
"154","7am",0,100,0
"155","7am",0,100,0
"156","7am",0,97.000481,2.9995187
"157","7am",0,100,0
"101","8am",4.5262981,46.0308,49.4429014
"102","8am",1.4757679,40.06298,58.4612571
"103","8am",0,16.22829,83.771712
"104","8am",0,20.0895,79.9105012
"105","8am",0,20.85499,79.1450123
"106","8am",0.5155893,29.9315,69.5529091
"107","8am",1.0674747,17.15115,81.7813709
"108","8am",0,16.88142,83.1185774
"109","8am",0.6230164,22.77412,76.6028598
"110","8am",3.1428991,27.741,69.1161011
"111","8am",0,31.82257,68.1774328
"112","8am",0.6396514,18.5044,80.8559495
"113","8am",0,15.81108,84.188918
"114","8am",1.7032889,34.57864,63.7180753
"115","8am",0,92.15007,7.8499252
"116","8am",0,90.3872,9.6128009
"117","8am",0,93.77987,6.2201261
"118","8am",0,92.95766,7.0423366
"119","8am",0,89.08922,10.9107812
"120","8am",2.7892993,92.30587,4.9048258
"121","8am",0.853053,91.81791,7.3290347
"122","8am",1.0759119,95.85663,3.0674616
"123","8am",0,96.73936,3.2606373
"124","8am",0.3570447,92.98215,6.6608013
"125","8am",0.5007071,77.13073,22.3685673
"126","8am",0,98.87384,1.1261627
"127","8am",0,93.07126,6.9287388
"128","8am",1.2251215,96.87859,1.8962871
"129","8am",0,95.6258,4.374197
"130","8am",4.8717194,81.24843,13.8798553
"131","8am",2.2025883,89.35586,8.4415546
"132","8am",3.503727,92.75828,3.7379925
"133","8am",85.2367187,10.32522,4.4380594
"134","8am",99.0467408,0,0.9532592
"135","8am",0,97.76001,2.2399931
"136","8am",0,96.06495,3.935052
"137","8am",1.1385449,93.4644,5.3970515
"138","8am",0,98.33604,1.6639599
"139","8am",1.2950987,97.85459,0.8503126
"140","8am",0,97.69268,2.3073241
"141","8am",0,99.03225,0.9677547
"142","8am",0,99.47248,0.5275188
"143","8am",0,99.64664,0.3533566
"144","8am",0,100,0
"145","8am",0,92.81941,7.1805872
"146","8am",0.4970594,95.94473,3.5582148
"147","8am",0,89.79331,10.2066853
"148","8am",1.0597145,95.27861,3.6616735
"149","8am",0,96.61627,3.3837269
"150","8am",0.7110065,93.96442,5.3245685
"151","8am",0,94.04151,5.9584949
"152","8am",0,99.24687,0.7531255
"153","8am",0,100,0
"154","8am",0,100,0
"155","8am",0,100,0
"156","8am",0,94.46142,5.538577
"157","8am",0,96.17296,3.8270378
"101","9am",5.5364309,47.835966,46.6276032
"102","9am",1.3781951,45.750045,52.87176
"103","9am",0,22.239951,77.7600491
"104","9am",0,27.490612,72.509388
"105","9am",0.6700022,21.865424,77.4645737
"106","9am",1.2761685,33.277438,65.4463934
"107","9am",1.1026322,23.572063,75.3253048
"108","9am",0,18.302019,81.6979805
"109","9am",0.6339914,26.807664,72.5583443
"110","9am",2.7703146,30.83851,66.391175
"111","9am",0,32.358056,67.6419441
"112","9am",0.7532608,26.101465,73.1452737
"113","9am",0,20.45882,79.5411796
"114","9am",2.2342464,38.099572,59.6661815
"115","9am",0,91.050608,8.9493922
"116","9am",1.1906187,88.204365,10.6050161
"117","9am",0,91.122299,8.8777011
"118","9am",0,89.919804,10.0801962
"119","9am",0,88.693523,11.3064774
"120","9am",2.8418626,92.160882,4.9972554
"121","9am",1.5603418,89.430937,9.008721
"122","9am",2.0916901,94.296523,3.6117874
"123","9am",0,93.508899,6.4911009
"124","9am",1.7918322,90.320375,7.8877927
"125","9am",0.4193702,75.165492,24.4151374
"126","9am",0,97.974783,2.0252169
"127","9am",0,92.325284,7.6747156
"128","9am",2.7844149,93.939461,3.2761237
"129","9am",0,95.65201,4.3479904
"130","9am",4.276432,80.529623,15.1939454
"131","9am",1.927733,88.56711,9.5051573
"132","9am",3.0946375,93.407935,3.4974278
"133","9am",77.5357168,15.430359,7.0339244
"134","9am",91.3342454,7.699284,0.9664711
"135","9am",0,96.156191,3.8438089
"136","9am",0,95.069273,4.9307266
"137","9am",1.1216096,93.561617,5.3167732
"138","9am",0,97.047638,2.9523617
"139","9am",1.2118195,97.992546,0.7956347
"140","9am",0.3354683,97.50433,2.1602015
"141","9am",0,98.953853,1.0461473
"142","9am",0,99.007224,0.9927759
"143","9am",0,99.614397,0.3856026
"144","9am",0,98.633677,1.3663228
"145","9am",0,92.222895,7.7771047
"146","9am",0.4781843,92.549185,6.9726302
"147","9am",0,89.229845,10.7701545
"148","9am",1.0804081,93.188958,5.7306339
"149","9am",0,96.293433,3.7065665
"150","9am",0.6893797,92.227911,7.0827092
"151","9am",0,93.57847,6.4215296
"152","9am",0,99.122695,0.8773047
"153","9am",0,100,0
"154","9am",0,99.52122,0.4787804
"155","9am",0,100,0
"156","9am",0,94.787748,5.2122517
"157","9am",0.8273691,94.895319,4.2773115
"101","10am",4.5945512,49.799213,45.6062359
"102","10am",1.4392434,47.641773,50.9189831
"103","10am",0,22.392574,77.6074259
"104","10am",0,28.714507,71.2854926
"105","10am",0.6837223,22.820358,76.4959193
"106","10am",1.2600555,31.574025,67.1659194
"107","10am",1.1166835,31.727639,67.155678
"108","10am",0,22.170756,77.8292445
"109","10am",1.5251452,28.659929,69.8149254
"110","10am",2.817276,32.771392,64.4113321
"111","10am",0,36.649574,63.3504263
"112","10am",0.7909402,27.924332,71.2847281
"113","10am",0,19.99,80.0100003
"114","10am",2.1558655,42.417732,55.4264026
"115","10am",0,89.286259,10.7137411
"116","10am",0,86.2158,13.7842001
"117","10am",0,91.712881,8.2871188
"118","10am",0,90.181222,9.8187776
"119","10am",0.3007727,88.448173,11.2510544
"120","10am",3.0209655,89.274023,7.7050113
"121","10am",1.647741,88.826337,9.5259218
"122","10am",2.0893631,91.530206,6.3804308
"123","10am",0,92.912648,7.0873517
"124","10am",1.7796922,90.592704,7.6276033
"125","10am",0.7824992,75.672851,23.5446496
"126","10am",0,97.929463,2.0705371
"127","10am",0,90.547408,9.4525916
"128","10am",2.6616171,90.815795,6.5225884
"129","10am",0,94.091931,5.9080692
"130","10am",4.2866421,80.29969,15.4136675
"131","10am",2.5262126,86.794608,10.6791797
"132","10am",3.5742993,91.400518,5.025183
"133","10am",71.8744604,20.829075,7.2964643
"134","10am",91.8546561,8.145344,0
"135","10am",0,96.393225,3.6067753
"136","10am",0,95.30784,4.6921604
"137","10am",1.2414378,91.779827,6.9787356
"138","10am",0,97.006271,2.9937285
"139","10am",1.3171522,97.818056,0.8647921
"140","10am",0.3252969,97.579999,2.0947041
"141","10am",0,98.938492,1.0615076
"142","10am",0,98.965029,1.0349712
"143","10am",0,98.485702,1.514298
"144","10am",0,100,0
"145","10am",0,93.277619,6.7223809
"146","10am",0.4798036,92.327943,7.1922532
"147","10am",0,89.040155,10.9598451
"148","10am",1.2036632,92.411941,6.384396
"149","10am",0,96.71302,3.2869804
"150","10am",0.680924,90.50417,8.8149057
"151","10am",0,92.398406,7.6015941
"152","10am",0,99.150487,0.8495132
"153","10am",0,100,0
"154","10am",0,98.777916,1.2220836
"155","10am",0,100,0
"156","10am",0,92.880089,7.1199111
"157","10am",1.6070477,93.684727,4.7082253
"101","11am",4.8886703,48.26549,46.8458407
"102","11am",1.5017619,47.74577,50.7524635
"103","11am",0,22.08087,77.919131
"104","11am",0,28.24904,71.7509643
"105","11am",0.6661641,23.95059,75.38325
"106","11am",0.4750474,35.4624,64.0625487
"107","11am",1.2219331,30.68291,68.0951602
"108","11am",0,19.32595,80.6740481
"109","11am",1.38204,26.41657,72.201386
"110","11am",2.7515928,31.83592,65.4124871
"111","11am",0,32.40008,67.5999208
"112","11am",0.6896972,27.896,71.4142995
"113","11am",0,17.91042,82.0895801
"114","11am",2.2173179,38.57274,59.2099456
"115","11am",0,88.73439,11.2656111
"116","11am",0,86.53553,13.4644675
"117","11am",0,91.06143,8.938572
"118","11am",0,88.1923,11.8076955
"119","11am",0.2959813,86.45569,13.248329
"120","11am",2.9432804,94.03896,3.0177604
"121","11am",1.5493742,91.5544,6.8962262
"122","11am",1.0215493,94.10552,4.8729284
"123","11am",0,92.68017,7.3198349
"124","11am",1.6880486,90.95986,7.3520959
"125","11am",0.4387345,75.08305,24.4782157
"126","11am",0,96.14717,3.8528272
"127","11am",0,91.19598,8.8040199
"128","11am",2.8352014,93.82892,3.3358787
"129","11am",0,94.9398,5.0601956
"130","11am",4.1100563,81.12408,14.7658674
"131","11am",2.4453467,86.86106,10.6935954
"132","11am",2.9973238,91.28844,5.7142332
"133","11am",84.602377,10.96955,4.4280773
"134","11am",89.2689776,10.73102,0
"135","11am",0,96.27804,3.7219577
"136","11am",0,95.39731,4.6026897
"137","11am",1.1299287,92.51818,6.3518879
"138","11am",0,97.08966,2.9103383
"139","11am",1.3337386,97.79058,0.8756822
"140","11am",0.3687422,98.07217,1.5590869
"141","11am",0,98.12145,1.8785534
"142","11am",0,99.01376,0.9862437
"143","11am",0,98.59234,1.4076587
"144","11am",0,100,0
"145","11am",0,91.71674,8.28326
"146","11am",0.5023901,92.9472,6.5504139
"147","11am",0,89.23606,10.7639401
"148","11am",1.2240698,92.2833,6.492635
"149","11am",0,97.39852,2.6014844
"150","11am",0,91.39233,8.6076661
"151","11am",0,92.81761,7.1823941
"152","11am",0,99.15432,0.8456812
"153","11am",0,100,0
"154","11am",0,99.15434,0.8456586
"155","11am",0,100,0
"156","11am",0,95.08275,4.9172529
"157","11am",1.700234,93.8205,4.4792637
"101","12am",3.1083409,49.89176,46.9998948
"102","12am",2.3838521,32.3915,65.2246434
"103","12am",0,16.41225,83.5877453
"104","12am",0,24.50984,75.490162
"105","12am",0.7514092,20.51655,78.7320388
"106","12am",0.4792103,31.29511,68.2256776
"107","12am",1.194339,31.40347,67.4021941
"108","12am",0,21.64073,78.3592654
"109","12am",2.2444247,25.06255,72.6930277
"110","12am",2.826815,30.68109,66.4920906
"111","12am",0,33.41247,66.5875258
"112","12am",0,24.69086,75.3091367
"113","12am",1.2555108,9.39563,89.3488593
"114","12am",2.2962818,35.96783,61.7358838
"115","12am",0,95.63839,4.3616119
"116","12am",0,89.58485,10.415153
"117","12am",0,92.47652,7.5234826
"118","12am",0,89.44717,10.5528269
"119","12am",0,91.4562,8.5437995
"120","12am",2.9700908,94.65765,2.3722599
"121","12am",1.521767,92.47816,6.0000768
"122","12am",1.0739684,97.3145,1.6115322
"123","12am",0,93.19597,6.8040268
"124","12am",1.2745755,92.8557,5.8697266
"125","12am",0.4604564,75.66211,23.8774359
"126","12am",0,96.57819,3.4218091
"127","12am",0,91.72973,8.2702685
"128","12am",2.4616583,92.86193,4.6764095
"129","12am",0,97.1459,2.8540953
"130","12am",3.4359848,84.29932,12.2646972
"131","12am",1.9504426,89.42423,8.625325
"132","12am",2.9396587,92.50181,4.558528
"133","12am",82.7016238,12.89321,4.4051636
"134","12am",92.5853996,7.4146,0
"135","12am",0,95.81693,4.1830664
"136","12am",0,97.48023,2.5197708
"137","12am",1.1325628,95.03776,3.829677
"138","12am",0,97.29419,2.7058075
"139","12am",1.3186501,97.81557,0.8657756
"140","12am",0.3687326,98.59682,1.0344519
"141","12am",0,98.18163,1.8183674
"142","12am",0,97.4711,2.5289041
"143","12am",0,99.63823,0.3617704
"144","12am",0,100,0
"145","12am",0,90.62786,9.3721355
"146","12am",0.5025411,93.59331,5.9041442
"147","12am",0.5229785,86.61442,12.8626048
"148","12am",1.1140605,95.47316,3.412776
"149","12am",0,97.41263,2.5873688
"150","12am",0,91.49129,8.5087058
"151","12am",0,93.78806,6.2119405
"152","12am",0,99.23534,0.7646614
"153","12am",0,100,0
"154","12am",0,100,0
"155","12am",0,99.41483,0.5851679
"156","12am",0,94.89613,5.1038717
"157","12am",1.6930475,93.15398,5.1529722
"101","1pm",4.5447225,47.555329,47.8999486
"102","1pm",1.4273666,40.014901,58.5577325
"103","1pm",0,17.188629,82.8113706
"104","1pm",0,26.783671,73.2163293
"105","1pm",0.7060739,26.97941,72.3145163
"106","1pm",0.4900807,32.796554,66.7133655
"107","1pm",1.0760319,28.343104,70.5808636
"108","1pm",0,22.735169,77.2648313
"109","1pm",0.6672398,27.421522,71.9112386
"110","1pm",2.7834681,34.555495,62.6610371
"111","1pm",0,28.5472,71.4527999
"112","1pm",0,27.225237,72.7747629
"113","1pm",0,19.85188,80.1481204
"114","1pm",2.962283,41.07603,55.9616865
"115","1pm",0,91.499364,8.5006358
"116","1pm",0,86.900243,13.0997575
"117","1pm",0,90.348204,9.6517964
"118","1pm",0.674091,88.339444,10.9864655
"119","1pm",0,90.376161,9.6238385
"120","1pm",3.3115848,93.29303,3.3953848
"121","1pm",1.4580962,91.322814,7.2190897
"122","1pm",0,98.174903,1.8250968
"123","1pm",0,93.042806,6.9571937
"124","1pm",1.296877,90.961502,7.7416207
"125","1pm",0.4456012,75.201794,24.3526044
"126","1pm",0,96.250766,3.7492344
"127","1pm",0,87.089468,12.910532
"128","1pm",2.64868,95.544092,1.8072279
"129","1pm",0,94.791765,5.2082348
"130","1pm",5.240462,78.411171,16.3483667
"131","1pm",3.6292385,87.608957,8.7618049
"132","1pm",3.3939103,90.774409,5.8316805
"133","1pm",84.1886194,8.689616,7.1217642
"134","1pm",92.3722835,7.627717,0
"135","1pm",0,95.98967,4.0103303
"136","1pm",0,95.284623,4.7153773
"137","1pm",1.1687308,96.023067,2.8082023
"138","1pm",0,97.096238,2.9037616
"139","1pm",1.1857097,96.838245,1.9760457
"140","1pm",0,98.974778,1.0252218
"141","1pm",0,98.12504,1.8749605
"142","1pm",0,98.062553,1.937447
"143","1pm",0,99.648867,0.3511329
"144","1pm",0,100,0
"145","1pm",0,90.498764,9.5012364
"146","1pm",0.5144673,93.441273,6.0442597
"147","1pm",0.4782106,88.38726,11.1345292
"148","1pm",1.1213463,93.78226,5.096394
"149","1pm",0,98.134606,1.8653938
"150","1pm",0,92.53196,7.4680397
"151","1pm",0,94.39474,5.6052604
"152","1pm",0,98.653989,1.3460109
"153","1pm",0,98.290668,1.7093324
"154","1pm",0,100,0
"155","1pm",0,97.96984,2.0301597
"156","1pm",0,96.139851,3.8601487
"157","1pm",0.9178049,93.833217,5.2489784
"101","2pm",3.6718057,51.07877,45.249421
"102","2pm",1.415778,41.29019,57.294027
"103","2pm",0,17.48388,82.5161162
"104","2pm",0,27.46304,72.5369633
"105","2pm",0.6890033,26.18363,73.1273702
"106","2pm",0.5055008,34.22281,65.2716886
"107","2pm",1.1357398,30.94207,67.9221895
"108","2pm",0,22.97095,77.0290495
"109","2pm",0,29.64545,70.3545543
"110","2pm",2.2129347,37.53528,60.2517874
"111","2pm",0,28.09624,71.9037587
"112","2pm",0,28.4012,71.5988016
"113","2pm",0,21.66707,78.3329303
"114","2pm",2.9916816,44.51418,52.4941369
"115","2pm",3.8534775,85.83774,10.3087858
"116","2pm",0,86.27592,13.7240772
"117","2pm",0,89.51326,10.4867399
"118","2pm",0.6320931,88.13948,11.2284306
"119","2pm",0,89.27699,10.7230069
"120","2pm",3.2460256,93.42581,3.3281666
"121","2pm",1.5300126,91.36179,7.1082003
"122","2pm",0,97.25435,2.7456505
"123","2pm",0,93.53396,6.466042
"124","2pm",1.3422648,90.49282,8.1649115
"125","2pm",0.4166308,73.91488,25.6684896
"126","2pm",0,97.51442,2.4855811
"127","2pm",0,87.56229,12.4377058
"128","2pm",2.5460288,92.24719,5.2067782
"129","2pm",0,92.62816,7.3718421
"130","2pm",4.3553117,80.20517,15.4395156
"131","2pm",3.5281782,86.89851,9.573311
"132","2pm",3.7499195,90.568,5.6820838
"133","2pm",77.9847901,11.95818,10.0570305
"134","2pm",91.5311606,6.49168,1.9771597
"135","2pm",0,96.96002,3.0399774
"136","2pm",0,94.97987,5.0201328
"137","2pm",1.1565467,96.9583,1.8851524
"138","2pm",0,97.10085,2.8991453
"139","2pm",1.2414892,96.68951,2.0690051
"140","2pm",0,99.00229,0.9977124
"141","2pm",0,99.03601,0.9639914
"142","2pm",0,97.73544,2.2645576
"143","2pm",0,99.65776,0.3422361
"144","2pm",0,100,0
"145","2pm",0,91.60329,8.3967083
"146","2pm",0,92.8497,7.1503014
"147","2pm",1.3477152,88.41368,10.2386025
"148","2pm",1.1154961,94.51392,4.3705879
"149","2pm",0.9170285,97.05248,2.0304887
"150","2pm",0.6873863,91.64876,7.6638572
"151","2pm",0,91.61999,8.3800056
"152","2pm",0,98.6523,1.3477005
"153","2pm",0,98.37951,1.6204855
"154","2pm",0,99.20126,0.7987401
"155","2pm",0,98.57398,1.4260218
"156","2pm",0,95.58772,4.4122758
"157","2pm",0.8678422,93.98942,5.1427418
"101","3pm",3.7697224,51.82104,44.4092369
"102","3pm",1.4504679,41.26425,57.2852812
"103","3pm",0,15.70688,84.2931232
"104","3pm",0,23.76829,76.2317051
"105","3pm",0.7487743,24.23423,75.017
"106","3pm",0,35.38439,64.6156142
"107","3pm",1.1347902,24.1648,74.7004143
"108","3pm",0,16.04852,83.9514832
"109","3pm",0,27.30892,72.6910821
"110","3pm",2.2832115,33.41201,64.3047791
"111","3pm",0,25.80872,74.1912771
"112","3pm",0,26.22568,73.7743169
"113","3pm",1.1382381,21.67708,77.1846802
"114","3pm",5.9373842,42.44138,51.6212323
"115","3pm",0,87.22934,12.7706608
"116","3pm",0,87.33447,12.6655304
"117","3pm",0,90.47723,9.5227735
"118","3pm",0.6620507,87.1942,12.1437463
"119","3pm",0.6154787,88.83948,10.5450406
"120","3pm",3.2925276,93.33163,3.3758453
"121","3pm",0.6951202,90.74711,8.5577659
"122","3pm",0,97.25712,2.7428814
"123","3pm",0,93.58545,6.4145489
"124","3pm",1.3388082,92.02702,6.6341763
"125","3pm",0.2296409,76.30573,23.4646293
"126","3pm",0,96.98983,3.0101713
"127","3pm",0,88.64912,11.3508758
"128","3pm",0,95.9256,4.0744041
"129","3pm",0,92.88591,7.1140864
"130","3pm",5.0043711,77.84909,17.1465393
"131","3pm",3.5172591,87.53379,8.9489505
"132","3pm",3.648756,92.39365,3.9575941
"133","3pm",76.7344117,18.15086,5.1147255
"134","3pm",91.9134641,6.19863,1.8879061
"135","3pm",0,97.32446,2.6755431
"136","3pm",0,94.96477,5.0352334
"137","3pm",1.079276,97.16152,1.7592025
"138","3pm",0,97.24955,2.7504466
"139","3pm",1.1774727,97.63329,1.1892345
"140","3pm",0,98.45132,1.5486756
"141","3pm",0,100,0
"142","3pm",0,95.67372,4.3262831
"143","3pm",0,99.6097,0.3903045
"144","3pm",0,98.70251,1.297486
"145","3pm",0,93.49847,6.501528
"146","3pm",0,93.31769,6.6823059
"147","3pm",0.9715345,88.64576,10.3827082
"148","3pm",0,95.64605,4.3539509
"149","3pm",0,97.83831,2.1616932
"150","3pm",0.735982,91.25109,8.0129267
"151","3pm",0,91.51212,8.4878848
"152","3pm",0,99.20802,0.7919838
"153","3pm",0,99.51275,0.4872471
"154","3pm",0,98.73384,1.2661627
"155","3pm",0,100,0
"156","3pm",0,95.68868,4.3113223
"157","3pm",0.876097,93.86665,5.2572522
"101","4pm",3.426993,46.088594,50.4844126
"102","4pm",0,37.857527,62.1424729
"103","4pm",0,15.612665,84.3873352
"104","4pm",0,24.386924,75.6130761
"105","4pm",0.7633042,18.4048,80.8318959
"106","4pm",0,25.786132,74.2138678
"107","4pm",1.0580233,21.311315,77.6306619
"108","4pm",0,14.354508,85.6454916
"109","4pm",0,23.508798,76.4912023
"110","4pm",1.9585127,27.634822,70.4066655
"111","4pm",0,21.982901,78.0170994
"112","4pm",0,19.522536,80.4774636
"113","4pm",0,21.365864,78.6341358
"114","4pm",6.5384718,27.190093,66.2714352
"115","4pm",0,87.740784,12.2592156
"116","4pm",0,87.490472,12.5095285
"117","4pm",0,93.899792,6.1002084
"118","4pm",0.6529078,87.971433,11.3756594
"119","4pm",0,91.800388,8.1996119
"120","4pm",2.9766887,92.739241,4.2840703
"121","4pm",0,94.547602,5.4523975
"122","4pm",0,98.277457,1.7225427
"123","4pm",0,91.544844,8.4551562
"124","4pm",0,94.918656,5.0813444
"125","4pm",0.258038,76.374797,23.3671652
"126","4pm",0,98.361156,1.6388443
"127","4pm",0,90.595362,9.4046377
"128","4pm",0,94.878061,5.1219387
"129","4pm",0,95.736876,4.2631243
"130","4pm",3.3198122,81.131816,15.5483717
"131","4pm",2.9785923,88.536702,8.4847056
"132","4pm",1.3408087,94.812491,3.8467
"133","4pm",74.4034163,18.554556,7.0420277
"134","4pm",94.1163383,4.122541,1.7611204
"135","4pm",0,97.539738,2.4602624
"136","4pm",0,96.505273,3.4947265
"137","4pm",1.0477844,97.244344,1.7078717
"138","4pm",0,97.368873,2.6311271
"139","4pm",1.0918741,96.792073,2.1160531
"140","4pm",0,98.960884,1.039116
"141","4pm",0,100,0
"142","4pm",0,97.786187,2.2138127
"143","4pm",0,100,0
"144","4pm",0,100,0
"145","4pm",0,93.448655,6.5513452
"146","4pm",0,93.809917,6.1900826
"147","4pm",1.08383,88.913178,10.0029925
"148","4pm",0,95.873366,4.1266343
"149","4pm",0,99.345495,0.6545049
"150","4pm",0.7469279,90.908448,8.3446239
"151","4pm",0,93.318616,6.6813835
"152","4pm",0,99.28746,0.7125398
"153","4pm",0,99.488315,0.5116846
"154","4pm",0,100,0
"155","4pm",0,100,0
"156","4pm",0,95.604903,4.3950966
"157","4pm",0.8666847,93.356692,5.7766229
"101","5pm",2.5250858,37.726625,59.7482897
"102","5pm",0,26.907312,73.0926877
"103","5pm",0,7.863367,92.1366334
"104","5pm",0,14.798878,85.2011224
"105","5pm",0.9845774,9.304009,89.7114135
"106","5pm",0,16.478539,83.5214609
"107","5pm",0,13.441806,86.5581938
"108","5pm",0,11.798372,88.201628
"109","5pm",0,12.599434,87.4005659
"110","5pm",0,18.848012,81.151988
"111","5pm",0,15.228426,84.7715736
"112","5pm",0,16.324058,83.6759421
"113","5pm",0,13.613687,86.3863129
"114","5pm",5.747958,22.109019,72.1430227
"115","5pm",0,91.928028,8.0719717
"116","5pm",0,92.288038,7.7119625
"117","5pm",1.0175689,96.438542,2.5438888
"118","5pm",0.6779459,94.449316,4.8727378
"119","5pm",0,96.315901,3.6840991
"120","5pm",0,98.486718,1.5132824
"121","5pm",0,95.45172,4.5482802
"122","5pm",0,95.053967,4.9460332
"123","5pm",0,93.841241,6.1587591
"124","5pm",0,95.883942,4.1160575
"125","5pm",0,81.380743,18.6192573
"126","5pm",0,100,0
"127","5pm",0,91.779296,8.2207038
"128","5pm",0,95.948489,4.0515112
"129","5pm",0,96.70754,3.2924601
"130","5pm",0,89.36904,10.6309599
"131","5pm",5.2094156,89.765986,5.0245985
"132","5pm",1.3206853,95.10096,3.5783544
"133","5pm",81.1875448,12.167683,6.6447718
"134","5pm",95.7016805,2.749176,1.5491436
"135","5pm",0,98.771629,1.2283715
"136","5pm",0,96.18115,3.8188498
"137","5pm",0.9176799,97.246575,1.8357453
"138","5pm",0,97.171169,2.8288306
"139","5pm",0,98.040593,1.9594068
"140","5pm",0,99.325154,0.674846
"141","5pm",0,99.766478,0.2335223
"142","5pm",0,98.446981,1.5530191
"143","5pm",0,100,0
"144","5pm",0,100,0
"145","5pm",0,92.990212,7.0097883
"146","5pm",0,96.906795,3.093205
"147","5pm",0,91.619312,8.380688
"148","5pm",0,97.87074,2.1292595
"149","5pm",1.5899596,96.638087,1.7719529
"150","5pm",0.7631951,93.468793,5.7680115
"151","5pm",0,94.882313,5.117687
"152","5pm",0,99.423983,0.5760167
"153","5pm",0,99.49241,0.5075904
"154","5pm",0,100,0
"155","5pm",0,100,0
"156","5pm",0,99.021377,0.9786234
"157","5pm",0,95.907623,4.0923775
"101","6pm",1.598328,31.152614,67.2490578
"102","6pm",0.6102791,10.867564,88.5221572
"103","6pm",0,5.286845,94.7131549
"104","6pm",0,4.420675,95.5793253
"105","6pm",0,8.794952,91.2050479
"106","6pm",0.5777868,6.900225,92.5219883
"107","6pm",0,6.566854,93.4331461
"108","6pm",0,7.564893,92.4351067
"109","6pm",0,6.544736,93.4552642
"110","6pm",0,11.790375,88.2096246
"111","6pm",0,10.847186,89.1528136
"112","6pm",0,10.308725,89.6912749
"113","6pm",0,3.855313,96.1446866
"114","6pm",2.9515408,20.718108,76.3303507
"115","6pm",0,93.618242,6.3817576
"116","6pm",0,96.503118,3.4968824
"117","6pm",0.9354489,97.737866,1.326685
"118","6pm",0,95.172614,4.8273857
"119","6pm",0,98.700358,1.2996419
"120","6pm",0,97.749325,2.2506755
"121","6pm",1.2143419,97.789239,0.9964189
"122","6pm",0,95.070399,4.9296006
"123","6pm",0,99.334882,0.6651182
"124","6pm",0,97.185496,2.814504
"125","6pm",0,91.139989,8.8600108
"126","6pm",0,99.436422,0.5635779
"127","6pm",0,97.491963,2.5080371
"128","6pm",1.7240947,97.42022,0.8556853
"129","6pm",0,98.599438,1.4005619
"130","6pm",0,91.484297,8.5157029
"131","6pm",3.6082515,93.434284,2.9574642
"132","6pm",0.6536352,97.840302,1.5060626
"133","6pm",90.6388827,7.198598,2.1625196
"134","6pm",95.9179493,2.610852,1.4711989
"135","6pm",0,98.938837,1.0611635
"136","6pm",0,96.645466,3.3545345
"137","6pm",0.851597,98.187683,0.9607202
"138","6pm",0,100,0
"139","6pm",0,99.108169,0.8918312
"140","6pm",0,99.574291,0.4257093
"141","6pm",0,99.324085,0.6759149
"142","6pm",0,98.99466,1.0053398
"143","6pm",0,99.291823,0.7081765
"144","6pm",0,98.965126,1.034874
"145","6pm",0,96.966831,3.0331686
"146","6pm",0,99.56629,0.4337099
"147","6pm",0,97.657351,2.3426493
"148","6pm",0,99.17225,0.8277497
"149","6pm",1.5309019,98.469098,0
"150","6pm",0.7446933,96.653985,2.6013216
"151","6pm",0,97.576177,2.4238229
"152","6pm",0,100,0
"153","6pm",0,99.509387,0.4906127
"154","6pm",0,100,0
"155","6pm",0,100,0
"156","6pm",0,98.797796,1.2022038
"157","6pm",0,98.617537,1.3824632
"101","7pm",0.6018315,28.162132,71.2360362
"102","7pm",0.5059187,11.747784,87.7462971
"103","7pm",0,3.267083,96.7329173
"104","7pm",0,4.240546,95.7594535
"105","7pm",0,6.919785,93.0802152
"106","7pm",0.5803604,7.157923,92.2617168
"107","7pm",0,5.072095,94.9279053
"108","7pm",0,8.254804,91.745196
"109","7pm",0,5.23648,94.7635205
"110","7pm",0,5.452631,94.547369
"111","7pm",0,8.198868,91.8011322
"112","7pm",0,4.492418,95.5075823
"113","7pm",0,2.305302,97.6946977
"114","7pm",3.3984806,14.543854,82.0576655
"115","7pm",0,93.857059,6.142941
"116","7pm",0,96.729501,3.2704987
"117","7pm",0,98.675106,1.324894
"118","7pm",0,100,0
"119","7pm",0,99.00925,0.9907502
"120","7pm",0,98.09134,1.9086596
"121","7pm",1.0896453,98.058549,0.8518062
"122","7pm",0,97.681486,2.3185141
"123","7pm",0,97.083619,2.9163806
"124","7pm",0,98.287315,1.7126855
"125","7pm",0,94.439873,5.5601271
"126","7pm",0,99.064901,0.9350987
"127","7pm",0,98.711278,1.2887217
"128","7pm",0,100,0
"129","7pm",0,97.751587,2.2484127
"130","7pm",0,95.295275,4.7047248
"131","7pm",2.0795512,95.928531,1.9919175
"132","7pm",0.6261786,98.338967,1.0348547
"133","7pm",91.5404546,6.621533,1.8380122
"134","7pm",98.6738606,0,1.3261394
"135","7pm",0,97.729031,2.2709695
"136","7pm",0,98.748349,1.2516513
"137","7pm",0,99.067525,0.9324745
"138","7pm",0,100,0
"139","7pm",0,99.173629,0.8263709
"140","7pm",0,99.566483,0.433517
"141","7pm",0,98.008437,1.9915629
"142","7pm",0,99.250624,0.7493761
"143","7pm",0,99.318482,0.6815181
"144","7pm",0,100,0
"145","7pm",0,96.686914,3.3130863
"146","7pm",0,100,0
"147","7pm",0,98.897688,1.1023118
"148","7pm",0,99.226128,0.7738715
"149","7pm",0,99.558369,0.4416313
"150","7pm",0.7631733,98.046719,1.1901082
"151","7pm",0,98.167846,1.8321543
"152","7pm",0,100,0
"153","7pm",0,99.500874,0.4991258
"154","7pm",1.0073634,98.992637,0
"155","7pm",0,100,0
"156","7pm",0,99.390063,0.609937
"157","7pm",0,100,0
"101","8pm",0.6564401,19.382597,79.9609634
"102","8pm",0.4863113,13.005999,86.5076897
"103","8pm",0,8.652214,91.3477859
"104","8pm",0,1.75625,98.2437499
"105","8pm",0,6.133878,93.8661222
"106","8pm",0.5552335,6.74442,92.7003467
"107","8pm",0,3.864332,96.1356677
"108","8pm",0,7.278577,92.7214229
"109","8pm",0,3.561967,96.4380325
"110","8pm",0,7.029345,92.9706552
"111","8pm",0,4.571203,95.4287967
"112","8pm",0,1.637891,98.3621091
"113","8pm",0,0.771133,99.228867
"114","8pm",1.6565048,13.185797,85.1576977
"115","8pm",0,95.497265,4.5027352
"116","8pm",0,97.123172,2.8768283
"117","8pm",0,99.106563,0.8934366
"118","8pm",0,100,0
"119","8pm",0,99.060248,0.9397525
"120","8pm",0,96.278678,3.7213225
"121","8pm",0,99.601238,0.3987615
"122","8pm",0,97.716964,2.2830362
"123","8pm",0,98.253668,1.746332
"124","8pm",0,98.894318,1.1056819
"125","8pm",0.6395544,97.68379,1.6766553
"126","8pm",0,99.079134,0.9208663
"127","8pm",0,99.686262,0.3137377
"128","8pm",0,99.389944,0.6100558
"129","8pm",0,97.746531,2.2534691
"130","8pm",0,97.140438,2.8595615
"131","8pm",1.1653292,97.291213,1.5434577
"132","8pm",0.4143002,98.549949,1.0357509
"133","8pm",92.2023365,5.802712,1.9949513
"134","8pm",100,0,0
"135","8pm",0,97.985076,2.0149243
"136","8pm",0,99.266267,0.7337327
"137","8pm",0,99.118676,0.881324
"138","8pm",0,100,0
"139","8pm",0,98.394044,1.6059565
"140","8pm",0,100,0
"141","8pm",0,98.206929,1.7930707
"142","8pm",0,100,0
"143","8pm",0,99.346244,0.6537564
"144","8pm",0,100,0
"145","8pm",0,95.586415,4.4135855
"146","8pm",0,100,0
"147","8pm",0,98.900852,1.0991477
"148","8pm",0,99.240097,0.7599032
"149","8pm",0,99.552237,0.4477628
"150","8pm",0,99.408684,0.591316
"151","8pm",0,98.135728,1.8642721
"152","8pm",0,100,0
"153","8pm",0,99.493814,0.5061864
"154","8pm",1.0045921,98.995408,0
"155","8pm",0,100,0
"156","8pm",0,99.395084,0.604916
"157","8pm",0,100,0
"101","9pm",0.6972341,14.689073,84.6136926
"102","9pm",0,12.983673,87.0163273
"103","9pm",0,8.540746,91.4592538
"104","9pm",0,1.634988,98.3650116
"105","9pm",0,7.13932,92.8606795
"106","9pm",0.5726339,6.165243,93.2621236
"107","9pm",0,3.094127,96.9058734
"108","9pm",0,7.294505,92.7054952
"109","9pm",0,2.027126,97.9728735
"110","9pm",0,2.664503,97.3354969
"111","9pm",0,4.578378,95.4216223
"112","9pm",0,2.564858,97.4351416
"113","9pm",0,0,100
"114","9pm",1.8209556,11.962253,86.2167911
"115","9pm",0,98.637741,1.362259
"116","9pm",0,97.573107,2.4268926
"117","9pm",0,99.077049,0.9229508
"118","9pm",0,100,0
"119","9pm",0,99.607521,0.3924786
"120","9pm",0,97.347427,2.6525728
"121","9pm",0,100,0
"122","9pm",0,97.716843,2.2831572
"123","9pm",0,99.284131,0.7158694
"124","9pm",0,99.201674,0.7983256
"125","9pm",0,98.946901,1.0530991
"126","9pm",0,98.805296,1.1947036
"127","9pm",0,98.784287,1.2157134
"128","9pm",0,100,0
"129","9pm",0,97.796002,2.2039981
"130","9pm",0,99.266496,0.733504
"131","9pm",0,98.465045,1.5349549
"132","9pm",0.4158129,98.544654,1.0395327
"133","9pm",96.0624111,1.780354,2.1572352
"134","9pm",100,0,0
"135","9pm",0,97.995543,2.0044571
"136","9pm",0,99.270326,0.7296739
"137","9pm",0,100,0
"138","9pm",0,100,0
"139","9pm",0,99.224651,0.7753491
"140","9pm",0,100,0
"141","9pm",0,99.525731,0.4742691
"142","9pm",0,100,0
"143","9pm",0,100,0
"144","9pm",0,100,0
"145","9pm",0,97.417875,2.5821247
"146","9pm",0,100,0
"147","9pm",0,100,0
"148","9pm",0,99.248645,0.7513552
"149","9pm",0,99.559404,0.4405961
"150","9pm",0,100,0
"151","9pm",0,100,0
"152","9pm",0,100,0
"153","9pm",0,99.367513,0.632487
"154","9pm",1.0136548,98.986345,0
"155","9pm",0,99.382064,0.6179364
"156","9pm",0,99.36616,0.6338396
"157","9pm",0,100,0
"101","10pm",0.8586589,7.1657627,91.9755784
"102","10pm",0,10.3353989,89.6646011
"103","10pm",0,5.1719126,94.8280874
"104","10pm",0,1.5186105,98.4813895
"105","10pm",0,7.2878338,92.7121662
"106","10pm",0,6.4814772,93.5185228
"107","10pm",0,2.4607727,97.5392273
"108","10pm",0,5.3041506,94.6958494
"109","10pm",0,2.6425875,97.3574125
"110","10pm",0,0.8171842,99.1828158
"111","10pm",0,2.9315631,97.0684369
"112","10pm",0,2.5112188,97.4887812
"113","10pm",0,0,100
"114","10pm",1.923488,7.3651368,90.7113751
"115","10pm",0,99.524997,0.475003
"116","10pm",0,97.6117807,2.3882193
"117","10pm",0,100,0
"118","10pm",0,100,0
"119","10pm",0,99.6112853,0.3887147
"120","10pm",0,98.9779813,1.0220187
"121","10pm",0,100,0
"122","10pm",0,99.3607074,0.6392926
"123","10pm",0,99.2882458,0.7117542
"124","10pm",0,99.4761906,0.5238094
"125","10pm",0,99.1457248,0.8542752
"126","10pm",0,98.8265789,1.1734211
"127","10pm",0,99.0791758,0.9208242
"128","10pm",0,100,0
"129","10pm",0,97.7631956,2.2368044
"130","10pm",0,100,0
"131","10pm",0,99.6088149,0.3911851
"132","10pm",0.4119121,98.5583072,1.0297807
"133","10pm",96.2776938,1.0317007,2.6906054
"134","10pm",100,0,0
"135","10pm",0,98.8321912,1.1678088
"136","10pm",0,99.2928042,0.7071958
"137","10pm",0,100,0
"138","10pm",0,100,0
"139","10pm",0,99.2191194,0.7808806
"140","10pm",0,100,0
"141","10pm",0,100,0
"142","10pm",0,100,0
"143","10pm",0,100,0
"144","10pm",0,100,0
"145","10pm",0,98.3143881,1.6856119
"146","10pm",0,100,0
"147","10pm",0,100,0
"148","10pm",0,100,0
"149","10pm",0,99.5594039,0.4405961
"150","10pm",0,100,0
"151","10pm",0,100,0
"152","10pm",0,100,0
"153","10pm",0,99.3635579,0.6364421
"154","10pm",1.0438214,98.9561786,0
"155","10pm",0,99.3925137,0.6074863
"156","10pm",0,99.3768825,0.6231175
"157","10pm",0,100,0
"101","11pm",0.9399238,8.1705637,90.8895125
"102","11pm",0,6.0020805,93.9979195
"103","11pm",0,5.1664423,94.8335577
"104","11pm",0,0,100
"105","11pm",0,5.7058506,94.2941494
"106","11pm",0,5.1920078,94.8079922
"107","11pm",0,0.6485946,99.3514054
"108","11pm",0,3.2052789,96.7947211
"109","11pm",0,2.8970972,97.1029028
"110","11pm",0,0.814135,99.185865
"111","11pm",0,1.7902239,98.2097761
"112","11pm",0,1.579419,98.420581
"113","11pm",0,0,100
"114","11pm",0,3.6193384,96.3806616
"115","11pm",0,99.5192012,0.4807988
"116","11pm",0,99.2555494,0.7444506
"117","11pm",0,99.1461687,0.8538313
"118","11pm",0,100,0
"119","11pm",0,99.6085602,0.3914398
"120","11pm",0,98.9931903,1.0068097
"121","11pm",0,100,0
"122","11pm",0,99.3642491,0.6357509
"123","11pm",0,100,0
"124","11pm",0,99.4861276,0.5138724
"125","11pm",0,99.6916983,0.3083017
"126","11pm",0,98.8405029,1.1594971
"127","11pm",0,100,0
"128","11pm",0,100,0
"129","11pm",0,99.3710547,0.6289453
"130","11pm",0,100,0
"131","11pm",0,100,0
"132","11pm",0.4010071,98.5964747,1.0025182
"133","11pm",97.4203951,1.3095532,1.2700517
"134","11pm",100,0,0
"135","11pm",0,100,0
"136","11pm",0,99.2928042,0.7071958
"137","11pm",0,100,0
"138","11pm",0,100,0
"139","11pm",0,99.2200184,0.7799816
"140","11pm",0,100,0
"141","11pm",0,100,0
"142","11pm",0,100,0
"143","11pm",0,100,0
"144","11pm",0,100,0
"145","11pm",0,99.1531743,0.8468257
"146","11pm",0,100,0
"147","11pm",0,100,0
"148","11pm",0,100,0
"149","11pm",0,99.5649356,0.4350644
"150","11pm",0,100,0
"151","11pm",0,100,0
"152","11pm",0,100,0
"153","11pm",0,99.3873863,0.6126137
"154","11pm",1.0224705,98.9775295,0
"155","11pm",0,100,0
"156","11pm",0,100,0
"157","11pm",0,100,0
"101","12pm",0,4.0831376,95.9168624
"102","12pm",0,3.9092747,96.0907253
"103","12pm",0,0,100
"104","12pm",0,0,100
"105","12pm",0,5.779744,94.220256
"106","12pm",0,3.6570418,96.3429582
"107","12pm",0,0.6290046,99.3709954
"108","12pm",0,1.5471826,98.4528174
"109","12pm",0,2.8154274,97.1845726
"110","12pm",0,0.8174756,99.1825244
"111","12pm",0,1.9012229,98.0987771
"112","12pm",0,1.5537407,98.4462593
"113","12pm",0,0,100
"114","12pm",0,2.02753,97.97247
"115","12pm",0,100,0
"116","12pm",0,100,0
"117","12pm",0,100,0
"118","12pm",0,100,0
"119","12pm",0,100,0
"120","12pm",0,98.9931903,1.0068097
"121","12pm",0,100,0
"122","12pm",0,99.3800567,0.6199433
"123","12pm",0,100,0
"124","12pm",0,99.4874194,0.5125806
"125","12pm",0,99.5938987,0.4061013
"126","12pm",0,99.1995389,0.8004611
"127","12pm",0,100,0
"128","12pm",0,100,0
"129","12pm",0,99.378843,0.621157
"130","12pm",0,100,0
"131","12pm",0,100,0
"132","12pm",0.4035089,99.2115897,0.3849015
"133","12pm",98.7002202,1.2997798,0
"134","12pm",100,0,0
"135","12pm",0,100,0
"136","12pm",0,99.294722,0.705278
"137","12pm",0,100,0
"138","12pm",0,100,0
"139","12pm",0,100,0
"140","12pm",0,100,0
"141","12pm",0,100,0
"142","12pm",0,100,0
"143","12pm",0,100,0
"144","12pm",0,100,0
"145","12pm",0,99.158636,0.841364
"146","12pm",0,100,0
"147","12pm",0,100,0
"148","12pm",0,100,0
"149","12pm",0,100,0
"150","12pm",0,100,0
"151","12pm",0,100,0
"152","12pm",0,100,0
"153","12pm",0,100,0
"154","12pm",0,100,0
"155","12pm",0,100,0
"156","12pm",0,100,0
