"district","hour","age1","age2","age3","age4"
"001","4am",10.035621,10.553917,53.94468,25.46578
"002","4am",6.070058,8.652392,55.46606,29.81149
"003","4am",8.671919,10.616844,50.60461,30.10663
"004","4am",6.913897,9.021845,46.38173,37.68253
"005","4am",8.550061,11.708587,53.32157,26.41978
"006","4am",11.143884,2.297906,64.27995,22.27826
"007","4am",8.680367,3.204084,52.89094,35.22461
"008","4am",5.937408,11.606345,51.31868,31.13756
"009","4am",9.815716,2.23198,58.25842,29.69389
"010","4am",13.443248,9.008883,59.10516,18.44271
"011","4am",20.658279,13.786327,44.02461,21.53078
"012","4am",10.793628,13.608705,49.72475,25.87292
"013","4am",15.742355,6.98282,55.07051,22.20431
"014","4am",12.720931,8.646808,57.5487,21.08356
"015","4am",13.797298,10.132787,60.28022,15.78969
"016","4am",9.9127,18.827455,50.26843,20.99141
"017","4am",9.435371,10.910501,59.14159,20.51254
"018","4am",8.368487,12.021461,63.19817,16.41188
"019","4am",9.276174,3.29694,67.17552,20.25136
"020","4am",9.736345,12.385148,47.85658,30.02193
"021","4am",11.171885,9.297098,48.18408,31.34693
"022","4am",7.978271,5.642441,60.90007,25.47922
"023","4am",7.796496,11.616996,60.2918,20.29471
"024","4am",8.543031,11.179484,54.30181,25.97568
"025","4am",7.735814,1.924495,58.17372,32.16597
"026","4am",7.899535,4.300119,60.01177,27.78857
"027","4am",9.184277,7.383796,59.5992,23.83273
"028","4am",6.963836,8.760575,51.23494,33.04065
"029","4am",7.724709,13.100021,55.77683,23.39844
"030","4am",11.768098,10.899427,54.90071,22.43177
"001","5am",10.031955,10.550061,53.96151,25.45647
"002","5am",6.053167,8.628314,55.58999,29.72853
"003","5am",8.706603,10.659306,50.40705,30.22704
"004","5am",6.945716,9.063366,46.13496,37.85596
"005","5am",8.596823,11.772623,53.06628,26.56427
"006","5am",11.231165,2.315904,64.00018,22.45275
"007","5am",8.521497,3.145442,53.75314,34.57992
"008","5am",5.986625,11.702552,50.91515,31.39567
"009","5am",9.844793,2.238592,58.13476,29.78185
"010","5am",11.513783,7.300546,61.62071,19.56496
"011","5am",20.377922,13.59923,44.78426,21.23858
"012","5am",12.796068,13.25216,48.75672,25.19505
"013","5am",15.66686,6.949333,55.28598,22.09783
"014","5am",14.32121,9.734567,52.20837,23.73585
"015","5am",13.548164,9.949821,60.99743,15.50458
"016","5am",8.400113,21.267991,50.12395,20.20795
"017","5am",9.51108,10.998047,58.81374,20.67713
"018","5am",7.497689,10.770546,67.02765,14.70412
"019","5am",9.970978,5.190215,65.21945,19.61935
"020","5am",9.721357,12.366084,47.93685,29.97571
"021","5am",11.579194,5.408699,50.52231,32.48979
"022","5am",8.334277,2.338504,62.71106,26.61615
"023","5am",7.872551,11.730319,59.90444,20.49269
"024","5am",8.663317,11.336891,53.65838,26.34141
"025","5am",7.89962,1.965246,57.28805,32.84709
"026","5am",7.849127,4.27268,60.26695,27.61125
"027","5am",9.215328,7.40876,59.4626,23.91331
"028","5am",6.891073,8.669038,51.74447,32.69542
"029","5am",7.894279,13.387587,54.80606,23.91207
"030","5am",11.737339,10.870938,55.01859,22.37314
"001","6am",9.199082,10.673933,54.37162,25.75537
"002","6am",6.190164,7.898107,55.51037,30.40135
"003","6am",8.907236,8.28542,51.88376,30.92358
"004","6am",6.126518,9.475782,44.81915,39.57854
"005","6am",8.76293,8.629704,55.52982,27.07754
"006","6am",11.460946,4.048917,61.57802,22.91212
"007","6am",8.352036,3.41826,50.65052,37.57919
"008","6am",6.108708,10.536306,51.31907,32.03591
"009","6am",9.233308,2.099547,60.73512,27.93202
"010","6am",8.627973,7.563567,63.53862,20.26984
"011","6am",19.954022,13.31634,45.93286,20.79678
"012","6am",12.960618,13.422575,47.92267,25.69413
"013","6am",15.71597,6.971116,55.14582,22.1671
"014","6am",14.461519,9.82994,51.74014,23.9684
"015","6am",14.3474,9.661862,60.93488,15.05586
"016","6am",8.399598,21.266687,50.12701,20.20671
"017","6am",8.844132,11.379362,58.38247,21.39403
"018","6am",7.643315,10.843566,66.94507,14.56805
"019","6am",10.043497,5.821573,62.129,22.00593
"020","6am",8.671046,12.383304,48.9282,30.01745
"021","6am",11.955713,1.219755,53.27827,33.54626
"022","6am",8.214949,2.305022,63.24496,26.23507
"023","6am",5.948668,12.245015,60.41447,21.39185
"024","6am",10.595305,11.655195,50.6685,27.081
"025","6am",8.040679,2.000338,56.52537,33.43362
"026","6am",7.849127,4.27268,60.26695,27.61125
"027","6am",9.320402,7.493235,59.00039,24.18597
"028","6am",7.103688,8.93651,50.25561,33.70419
"029","6am",8.334844,11.905334,54.51326,25.24656
"030","6am",7.337113,11.130061,58.6264,22.90643
"001","7am",9.879036,10.101733,52.36015,27.65909
"002","7am",1.882094,7.740849,55.08683,35.29023
"003","7am",7.349707,5.719406,54.40978,32.52111
"004","7am",4.13722,9.247617,47.98962,38.62554
"005","7am",3.95688,9.640944,53.76734,32.63484
"006","7am",8.051006,4.704044,61.01279,26.23216
"007","7am",7.096577,3.479378,51.17295,38.2511
"008","7am",4.253639,12.141298,46.68913,36.91593
"009","7am",13.320285,1.809533,60.02756,24.84263
"010","7am",7.96905,6.723287,61.52778,23.77988
"011","7am",34.436624,7.743832,42.55299,15.26656
"012","7am",7.354962,14.918202,49.901,27.82584
"013","7am",24.687085,5.702052,51.4792,18.13166
"014","7am",14.651864,11.005291,50.02172,24.32112
"015","7am",13.38449,10.462212,62.25305,13.90025
"016","7am",7.132702,16.873028,59.32593,16.66834
"017","7am",5.865621,18.169475,52.62896,23.33594
"018","7am",2.333459,16.222445,66.25222,15.19188
"019","7am",8.575897,6.545967,60.13395,24.74419
"020","7am",5.316423,7.207856,51.76923,35.70649
"021","7am",15.544744,5.541962,47.69697,31.21633
"022","7am",6.646412,2.570439,61.52718,29.25597
"023","7am",5.203869,13.607462,57.41664,23.77203
"024","7am",8.625903,9.126687,52.95724,29.29017
"025","7am",5.068245,2.13425,57.12569,35.67181
"026","7am",7.881948,4.756635,56.62272,30.7387
"027","7am",6.039872,8.318041,58.79389,26.8482
"028","7am",6.616891,9.551992,47.80562,36.02549
"029","7am",6.151624,11.076991,53.8692,28.90219
"030","7am",10.949174,9.483092,56.73296,22.83477
"001","8am",9.904622,10.665078,51.69958,27.73072
"002","8am",9.800278,5.07361,53.34914,31.77697
"003","8am",6.89575,6.594245,55.99757,30.51243
"004","8am",5.607871,8.888562,47.22587,38.2777
"005","8am",4.02238,8.350647,50.67381,36.95316
"006","8am",8.783108,7.268249,55.33112,28.61752
"007","8am",4.549414,3.734916,51.06696,40.64871
"008","8am",2.245145,11.016231,46.15302,40.58561
"009","8am",11.884411,7.097845,57.01306,24.00468
"010","8am",5.447121,5.841321,59.99753,28.71403
"011","8am",32.258365,5.660302,47.9704,14.11093
"012","8am",8.348095,3.523467,61.13701,26.99143
"013","8am",32.65191,5.214304,45.9525,16.18129
"014","8am",15.967685,11.99363,45.46939,26.5693
"015","8am",8.146527,21.765853,56.3611,13.72652
"016","8am",5.148322,11.847548,69.35604,13.64808
"017","8am",5.577939,20.528534,48.89434,24.99919
"018","8am",3.268388,13.685772,68.45531,14.59053
"019","8am",5.994531,17.501454,51.48065,25.02337
"020","8am",5.548368,4.054572,52.84301,37.55405
"021","8am",15.039975,3.399142,49.29559,32.26529
"022","8am",5.654234,5.901563,59.67966,28.76454
"023","8am",3.603345,5.884725,64.99625,25.51568
"024","8am",11.384222,6.18892,51.40574,31.02112
"025","8am",3.544511,6.71444,53.62957,36.11148
"026","8am",6.948227,2.856733,56.58126,33.61378
"027","8am",3.437738,4.842016,63.38429,28.33595
"028","8am",7.648914,6.868413,49.50263,35.98005
"029","8am",4.238683,7.608511,54.35998,33.79283
"030","8am",9.696739,12.008691,54.8681,23.42647
"001","9am",10.3352,11.128715,51.57449,26.96159
"002","9am",9.495076,4.915607,54.20705,31.38227
"003","9am",6.742342,6.447544,56.23857,30.57154
"004","9am",5.785131,9.169522,46.59396,38.45139
"005","9am",3.953483,11.376763,49.47817,35.19159
"006","9am",7.590242,4.804098,57.012,30.59366
"007","9am",4.463403,3.664304,53.5917,38.28059
"008","9am",2.241073,10.996251,46.67734,40.08534
"009","9am",11.883395,6.592564,57.19965,24.32439
"010","9am",6.906016,7.116235,57.30419,28.67356
"011","9am",31.090406,5.322225,49.06981,14.51756
"012","9am",7.013376,3.499173,60.84795,28.6395
"013","9am",36.169604,5.263362,43.39905,15.16798
"014","9am",16.777822,12.602138,44.19161,26.42843
"015","9am",8.142544,21.75521,57.48929,12.61295
"016","9am",4.886417,10.864521,69.99434,14.25472
"017","9am",4.738818,21.844714,47.85373,25.56274
"018","9am",3.363111,14.082411,68.28366,14.27082
"019","9am",6.026715,15.010419,55.10523,23.85763
"020","9am",5.302478,3.874883,56.36705,34.45559
"021","9am",15.783801,5.16224,46.08208,32.97187
"022","9am",3.596629,6.420122,60.06049,29.92276
"023","9am",4.144701,3.380917,65.82094,26.65344
"024","9am",8.118164,12.853375,51.27916,27.7493
"025","9am",3.570003,6.762729,54.94646,34.7208
"026","9am",6.882288,2.829622,58.04516,32.24293
"027","9am",3.523452,4.962743,58.96775,32.54605
"028","9am",7.780992,6.987013,48.27605,36.95595
"029","9am",4.510127,8.095757,54.32143,33.07269
"030","9am",9.125407,13.271579,56.02237,21.58064
"001","10am",10.683094,9.830064,52.43358,27.05326
"002","10am",9.659076,4.53405,57.20012,28.60675
"003","10am",6.604352,7.604757,55.91144,29.87945
"004","10am",4.647337,9.271651,46.39653,39.68448
"005","10am",5.579765,11.740866,46.58174,36.09763
"006","10am",5.967771,4.939126,54.45204,34.64106
"007","10am",4.710441,3.867113,53.02882,38.39363
"008","10am",2.256524,11.072064,44.49035,42.18107
"009","10am",12.030066,6.673933,56.6817,24.6143
"010","10am",7.436793,5.592522,58.58578,28.3849
"011","10am",30.681352,5.182695,48.78264,15.35332
"012","10am",9.20691,3.333647,61.23418,26.22526
"013","10am",36.027748,10.93149,37.9655,15.07526
"014","10am",16.336533,12.270678,45.04477,26.34802
"015","10am",8.90493,23.79215,53.26863,14.03429
"016","10am",4.86358,8.559896,73.74955,12.82698
"017","10am",4.762517,21.953959,46.76109,26.52244
"018","10am",3.463127,14.501208,66.10229,15.93338
"019","10am",6.164879,11.12348,60.33119,22.38045
"020","10am",5.181955,3.786809,55.25234,35.7789
"021","10am",14.886227,6.310399,48.11419,30.68919
"022","10am",3.901786,6.964839,57.79463,31.33874
"023","10am",4.191661,3.419223,65.57554,26.81357
"024","10am",5.584056,13.239268,54.84123,26.33544
"025","10am",5.322584,6.798432,52.43533,35.44366
"026","10am",7.207848,2.963475,56.70729,33.12139
"027","10am",3.533234,8.004008,57.3641,31.09865
"028","10am",6.981773,7.243575,48.1908,37.58385
"029","10am",2.895053,7.909183,58.32771,30.86805
"030","10am",9.788237,10.047965,57.79045,22.37334
"001","11am",10.612672,10.851908,51.6605,26.87492
"002","11am",10.135459,4.757668,52.51568,32.59119
"003","11am",6.733352,8.309773,55.84589,29.11098
"004","11am",4.552886,9.083217,48.09911,38.26479
"005","11am",5.345418,11.247756,47.93192,35.4749
"006","11am",5.7418,4.752105,59.82225,29.68385
"007","11am",6.049605,3.589842,54.08326,36.27729
"008","11am",2.29364,11.254184,46.22357,40.22861
"009","11am",12.100973,6.71327,55.75314,25.43262
"010","11am",7.103892,8.476671,56.16569,28.25375
"011","11am",31.470354,3.927398,51.14149,13.46075
"012","11am",8.568829,11.138202,58.62234,21.67063
"013","11am",34.566909,6.494525,41.87033,17.06823
"014","11am",14.614251,12.381248,47.06388,25.94062
"015","11am",9.956734,14.859628,58.00633,17.1773
"016","11am",4.562926,13.011089,69.22174,13.20425
"017","11am",5.705149,20.951997,46.78326,26.5596
"018","11am",3.597725,15.064811,66.37618,14.96129
"019","11am",3.347414,10.961688,62.39918,23.29171
"020","11am",6.104964,3.886287,53.59138,36.41737
"021","11am",16.033777,5.005213,49.84289,29.11812
"022","11am",4.788003,6.955821,54.23283,34.02335
"023","11am",4.05649,3.308961,65.42536,27.20919
"024","11am",6.836285,15.187144,51.72218,26.25439
"025","11am",5.597741,7.149884,49.59524,37.65713
"026","11am",7.015718,2.884481,56.65562,33.44418
"027","11am",3.798656,5.350366,61.25881,29.59217
"028","11am",7.827858,7.029097,48.17852,36.96452
"029","11am",4.030132,7.234159,58.5062,30.22951
"030","11am",9.652536,12.929566,54.34243,23.07546
"001","12am",10.053892,10.280532,51.51693,28.14865
"002","12am",8.224726,6.068429,52.28952,33.41733
"003","12am",6.843177,7.735629,56.41599,29.0052
"004","12am",6.150145,9.377454,45.48311,38.98929
"005","12am",3.742965,11.590246,48.09298,36.57381
"006","12am",6.566809,4.541184,59.50169,29.39032
"007","12am",5.727472,3.673763,51.49185,39.10691
"008","12am",2.134151,12.233697,47.96841,37.66374
"009","12am",11.556148,6.91818,57.56351,23.96217
"010","12am",6.959175,9.240577,58.01854,25.7817
"011","12am",30.180733,5.677864,51.01373,13.12767
"012","12am",9.310628,3.411682,61.13379,26.1439
"013","12am",34.312848,6.990156,41.62344,17.07356
"014","12am",12.911968,11.5139,50.71234,24.8618
"015","12am",9.826196,12.714182,62.51338,14.94624
"016","12am",8.988017,12.198834,65.14783,13.66532
"017","12am",6.911049,19.109385,48.46731,25.51226
"018","12am",2.659063,14.048596,65.9624,17.32994
"019","12am",3.945372,12.770684,61.66823,21.61571
"020","12am",5.235041,0,58.32817,36.43679
"021","12am",15.915002,7.614096,45.19449,31.27642
"022","12am",6.253691,2.637405,60.66095,30.44796
"023","12am",3.75174,6.127074,62.90342,27.21777
"024","12am",6.018285,14.714787,51.87853,27.3884
"025","12am",5.533487,7.067814,50.17381,37.22489
"026","12am",8.623597,5.21587,53.51899,32.64154
"027","12am",3.641391,5.213875,60.4839,30.66083
"028","12am",6.952066,6.928972,49.22748,36.89148
"029","12am",2.426024,6.627812,62.18523,28.76093
"030","12am",10.592985,11.37568,54.34193,23.6894
"001","1pm",9.291994,10.596537,51.517,28.59447
"002","1pm",10.291571,5.327953,52.73762,31.64285
"003","1pm",6.823707,8.421282,54.80577,29.94925
"004","1pm",5.157267,9.341555,48.04841,37.45277
"005","1pm",5.393528,10.442479,48.81594,35.34805
"006","1pm",5.381097,5.348783,58.35936,30.91076
"007","1pm",6.360135,3.49988,54.32444,35.81555
"008","1pm",1.144004,12.903423,47.33503,38.61754
"009","1pm",10.707795,6.813761,59.78916,22.68929
"010","1pm",7.571928,10.054207,54.32209,28.05177
"011","1pm",30.294741,3.823194,52.64572,13.23634
"012","1pm",8.546653,3.551233,61.95592,25.94619
"013","1pm",35.179282,6.883575,42.85823,15.07891
"014","1pm",12.762125,11.380281,52.88939,22.96821
"015","1pm",9.725978,14.841706,58.5754,16.85692
"016","1pm",8.676775,11.505992,66.33991,13.47732
"017","1pm",7.373865,16.933849,49.01197,26.68031
"018","1pm",2.621556,10.283959,70.27982,16.81466
"019","1pm",3.114602,13.608561,60.45766,22.81918
"020","1pm",5.986696,3.953067,52.01413,38.04611
"021","1pm",15.654088,6.869448,47.08501,30.39145
"022","1pm",5.222155,9.902939,57.92574,26.94916
"023","1pm",3.86359,6.309739,61.79746,28.02921
"024","1pm",7.809831,15.746096,47.54944,28.89463
"025","1pm",5.404229,6.474741,51.76569,36.35534
"026","1pm",7.570917,2.7431,58.69639,30.9896
"027","1pm",6.418654,7.735904,55.92661,29.91884
"028","1pm",7.190594,7.166708,46.45084,39.19186
"029","1pm",2.649774,4.399912,63.11922,29.8311
"030","1pm",9.905142,13.016973,54.39649,22.68139
"001","2pm",7.272173,11.036475,54.04573,27.64562
"002","2pm",9.175342,6.492256,55.80555,28.52685
"003","2pm",6.941154,7.214575,54.95034,30.89393
"004","2pm",5.555211,10.062366,44.98808,39.39434
"005","2pm",4.216334,12.49143,49.76997,33.52226
"006","2pm",5.614913,5.581195,56.04554,32.75835
"007","2pm",6.972151,3.475384,52.97683,36.57564
"008","2pm",2.218744,12.718616,49.11225,35.95039
"009","2pm",10.069588,7.010795,58.68347,24.23614
"010","2pm",8.649933,9.848319,53.73253,27.76922
"011","2pm",30.312569,4.568272,51.55452,13.56464
"012","2pm",7.669064,0,61.7054,30.62554
"013","2pm",32.819247,6.933839,46.69724,13.54967
"014","2pm",13.996725,12.481203,50.90359,22.61848
"015","2pm",12.736875,13.816321,56.42625,17.02056
"016","2pm",7.714471,12.965339,64.23181,15.08838
"017","2pm",7.973693,16.670965,47.32329,28.03205
"018","2pm",2.563236,10.300108,68.45831,18.67835
"019","2pm",3.447573,15.063405,55.72552,25.7635
"020","2pm",6.680786,3.769639,54.0173,35.53227
"021","2pm",11.766195,9.085219,50.23644,28.91214
"022","2pm",5.456745,10.3478,57.76637,26.42909
"023","2pm",3.911354,3.19057,66.4305,26.46757
"024","2pm",10.911453,15.612585,47.77925,25.69672
"025","2pm",4.984877,5.972321,54.33019,34.71262
"026","2pm",8.096396,2.933492,56.42637,32.54374
"027","2pm",6.399937,7.713346,57.26043,28.62629
"028","2pm",7.207515,7.183572,46.98188,38.62704
"029","2pm",2.513045,9.861953,62.88251,24.74249
"030","2pm",10.241913,8.641426,55.4033,25.71337
"001","3pm",7.225114,10.965058,54.3431,27.46673
"002","3pm",9.391155,5.876035,53.6126,31.1202
"003","3pm",6.824789,7.175393,56.13821,29.86161
"004","3pm",7.339932,9.770415,44.09103,38.79863
"005","3pm",5.458277,10.406811,49.66197,34.47294
"006","3pm",8.62177,0,61.02417,30.35406
"007","3pm",8.035472,3.56979,50.46735,37.92739
"008","3pm",2.228955,14.000393,46.92865,36.842
"009","3pm",9.471244,7.391886,57.86114,25.27573
"010","3pm",7.416846,9.826879,55.82645,26.92983
"011","3pm",26.49472,4.055855,53.87294,15.57649
"012","3pm",7.769328,2.177337,61.65192,28.40141
"013","3pm",29.304095,7.245062,48.31355,15.13729
"014","3pm",12.764326,10.232943,56.50442,20.49831
"015","3pm",12.542049,14.218103,55.80431,17.43554
"016","3pm",12.876223,11.685091,60.89392,14.54477
"017","3pm",7.468294,19.881995,47.34838,25.30133
"018","3pm",4.522841,12.778146,63.50633,19.19268
"019","3pm",5.034546,15.394563,53.55446,26.01643
"020","3pm",5.031724,3.770318,56.12023,35.07772
"021","3pm",9.640063,8.799097,54.19353,27.36731
"022","3pm",5.682056,7.169018,60.24259,26.90633
"023","3pm",3.501281,3.382748,66.55949,26.55648
"024","3pm",11.192243,15.113249,47.21505,26.47946
"025","3pm",5.427111,6.502156,49.72628,38.34445
"026","3pm",10.176431,0,56.94458,32.87899
"027","3pm",4.723628,3.500349,62.4362,29.33982
"028","3pm",7.285454,7.261253,45.95178,39.50151
"029","3pm",2.357931,11.779712,61.80727,24.05509
"030","3pm",9.677648,15.46791,50.93808,23.91637
"001","4pm",7.133222,11.283753,53.31383,28.26919
"002","4pm",10.026761,7.000388,52.99045,29.9824
"003","4pm",6.520899,7.369421,54.64052,31.46916
"004","4pm",7.058451,9.395728,45.37052,38.1753
"005","4pm",7.084437,7.645255,52.60396,32.66635
"006","4pm",8.73436,4.807187,58.79562,27.66283
"007","4pm",8.511262,3.614512,50.96521,36.90901
"008","4pm",3.171702,10.43224,49.50612,36.88994
"009","4pm",8.785283,5.573441,62.99241,22.64886
"010","4pm",11.413076,5.561813,56.58508,26.44004
"011","4pm",20.736091,4.968906,57.44833,16.84667
"012","4pm",11.388575,13.974044,48.16665,26.47073
"013","4pm",22.862229,7.201833,53.36977,16.56617
"014","4pm",12.496495,12.143102,50.18447,25.17593
"015","4pm",10.778851,13.798603,53.53708,21.88546
"016","4pm",15.408571,10.693333,60.2639,13.63419
"017","4pm",9.419481,15.652247,49.79174,25.13653
"018","4pm",8.033847,12.437274,61.17573,18.35315
"019","4pm",5.964387,20.73928,49.46352,23.83281
"020","4pm",7.927572,5.342486,52.91657,33.81337
"021","4pm",7.583044,5.795081,55.83814,30.78373
"022","4pm",7.667038,6.474288,60.48954,25.36913
"023","4pm",6.659199,0,69.57588,23.76492
"024","4pm",11.709518,16.55162,45.27516,26.4637
"025","4pm",7.305244,6.444759,47.64641,38.60358
"026","4pm",8.937677,2.883457,56.04178,32.13708
"027","4pm",5.445379,3.463874,64.09457,26.99618
"028","4pm",7.304632,7.280368,44.69275,40.72225
"029","4pm",5.254738,13.001767,58.13153,23.61197
"030","4pm",7.90964,14.689854,53.37624,24.02426
"001","5pm",8.954717,10.671088,53.35975,27.01445
"002","5pm",6.514489,5.192288,59.04401,29.24921
"003","5pm",9.476674,7.612394,51.73425,31.17668
"004","5pm",7.870645,11.141904,41.96606,39.0214
"005","5pm",8.723884,8.449177,53.40951,29.41742
"006","5pm",9.722476,7.566663,55.69342,27.01744
"007","5pm",7.238637,3.452685,52.94792,36.36076
"008","5pm",6.989357,7.490424,49.38578,36.13444
"009","5pm",9.28112,0,65.07675,25.64213
"010","5pm",11.40879,6.946,59.85991,21.78531
"011","5pm",19.112668,9.204165,53.60022,18.08295
"012","5pm",12.40388,13.297812,47.9315,26.36681
"013","5pm",13.795473,12.982283,54.72117,18.50107
"014","5pm",12.004568,8.977999,58.01473,21.0027
"015","5pm",5.350474,26.709874,48.73396,19.20569
"016","5pm",10.136149,1.500343,72.55208,15.81143
"017","5pm",8.655278,12.139448,54.61449,24.59079
"018","5pm",7.982652,9.1437,60.92815,21.9455
"019","5pm",9.480049,7.076323,58.68152,24.7621
"020","5pm",9.547307,10.772193,46.7115,32.969
"021","5pm",8.405515,7.391191,53.49829,30.705
"022","5pm",8.198285,6.242947,59.28002,26.27874
"023","5pm",10.981813,2.98229,61.13546,24.90044
"024","5pm",13.097526,8.781691,47.87422,30.24657
"025","5pm",8.234894,4.296589,50.54538,36.92313
"026","5pm",10.92073,2.561915,56.32108,30.19628
"027","5pm",5.440351,3.247716,64.18212,27.12982
"028","5pm",8.069673,10.096169,45.42873,36.40543
"029","5pm",6.164787,13.542746,57.68854,22.60392
"030","5pm",5.032789,13.952977,55.94274,25.0715
"001","6pm",9.249794,11.157138,53.47566,26.11741
"002","6pm",7.442157,8.49774,51.38432,32.67578
"003","6pm",8.636534,10.699605,51.19929,29.46457
"004","6pm",7.241473,8.828804,47.49306,36.43666
"005","6pm",9.19852,9.058673,52.54749,29.19532
"006","6pm",12.701556,7.318679,55.27478,24.70499
"007","6pm",8.857017,3.269289,52.38017,35.49352
"008","6pm",7.579973,10.998061,49.13724,32.28473
"009","6pm",7.780791,0,63.81128,28.40793
"010","6pm",11.840686,6.183333,62.94771,19.02827
"011","6pm",17.777113,14.039416,47.28483,20.89864
"012","6pm",15.17317,10.107776,48.46592,26.25313
"013","6pm",17.627506,4.660974,55.08705,22.62447
"014","6pm",11.451932,9.196439,57.07084,22.28079
"015","6pm",5.578806,23.747035,54.36443,16.30972
"016","6pm",14.22553,9.69616,61.42927,14.64904
"017","6pm",8.642329,8.29452,61.28047,21.78268
"018","6pm",9.56496,6.855969,63.86961,19.70946
"019","6pm",9.257447,5.672198,63.47523,21.59512
"020","6pm",8.582969,12.981502,47.06123,31.3743
"021","6pm",8.81325,3.298588,55.01773,32.87044
"022","6pm",12.099621,5.785836,56.80145,25.3131
"023","6pm",7.99119,8.013423,61.43449,22.5609
"024","6pm",13.084445,9.434284,50.08003,27.40124
"025","6pm",6.034346,4.068735,55.24256,34.65436
"026","6pm",9.500313,5.931706,55.86713,28.70085
"027","6pm",8.358991,6.630385,59.01198,25.99865
"028","6pm",6.820078,9.495154,49.65485,34.02991
"029","6pm",6.47067,10.627348,60.36553,22.53645
"030","6pm",12.087867,12.272185,53.41296,22.22698
"001","7pm",9.216791,10.620892,54.1381,26.02422
"002","7pm",7.718294,9.20126,51.58721,31.49324
"003","7pm",7.386476,11.806537,49.32835,31.47864
"004","7pm",6.638421,8.662381,48.70603,35.99317
"005","7pm",9.045422,8.907902,54.43162,27.61506
"006","7pm",12.029741,6.549785,58.56788,22.85259
"007","7pm",8.552544,3.156902,54.38143,33.90912
"008","7pm",7.468689,10.836594,49.31487,32.37985
"009","7pm",9.432188,0,62.03415,28.53366
"010","7pm",12.226048,7.20291,62.17527,18.39578
"011","7pm",19.510747,15.736519,42.45162,22.30111
"012","7pm",12.140312,12.854264,50.09372,24.9117
"013","7pm",16.541267,4.61914,56.82636,22.01323
"014","7pm",14.165009,8.648978,57.30749,19.87852
"015","7pm",10.06661,19.832161,56.29349,13.80774
"016","7pm",17.337027,7.56271,54.04911,21.05116
"017","7pm",9.208399,8.266865,60.02621,22.49852
"018","7pm",10.256034,8.757567,64.43968,16.54672
"019","7pm",8.397058,5.55273,64.90993,21.14028
"020","7pm",8.815505,11.09133,48.66048,31.43269
"021","7pm",12.699246,1.254961,51.22189,34.8239
"022","7pm",12.549009,5.328892,57.3024,24.8197
"023","7pm",6.229253,12.164055,60.42072,21.18597
"024","7pm",14.276473,9.261038,50.25713,26.20536
"025","7pm",7.252918,2.037422,57.81862,32.89104
"026","7pm",9.148663,6.714147,56.70354,27.43365
"027","7pm",8.464637,8.769101,57.30552,25.46074
"028","7pm",6.545341,9.112655,51.12399,33.21801
"029","7pm",6.24524,12.177848,60.21913,21.35778
"030","7pm",12.140762,10.626504,54.61506,22.61768
"001","8pm",9.335021,10.757133,53.54979,26.35805
"002","8pm",7.313842,8.719098,53.80518,30.16188
"003","8pm",8.868619,9.011119,50.51049,31.60977
"004","8pm",6.769433,8.833336,47.30386,37.09337
"005","8pm",8.650059,10.182037,55.09091,26.07699
"006","8pm",12.289955,6.127364,60.20394,21.37874
"007","8pm",8.488482,3.133256,54.72313,33.65513
"008","8pm",7.275449,10.556215,50.62627,31.54207
"009","8pm",10.177239,0,59.03522,30.78754
"010","8pm",11.78719,9.090802,61.06372,18.05829
"011","8pm",18.467899,19.221331,41.77747,20.5333
"012","8pm",12.343754,13.06967,49.93611,24.65047
"013","8pm",21.800249,4.409991,52.00154,21.78822
"014","8pm",12.64289,8.593761,58.08391,20.67944
"015","8pm",10.846768,11.503627,63.20371,14.44589
"016","8pm",13.214009,8.436798,54.86497,23.48422
"017","8pm",9.787101,10.124297,58.20791,21.88069
"018","8pm",8.277329,11.890511,63.53959,16.29257
"019","8pm",7.298334,3.411998,68.09096,21.19871
"020","8pm",9.202164,10.736588,49.58132,30.47992
"021","8pm",10.772092,9.527049,47.59019,32.11067
"022","8pm",11.296021,5.375469,57.83033,25.49817
"023","8pm",6.022511,11.760343,61.67201,20.54514
"024","8pm",13.391009,10.731572,50.64765,25.22977
"025","8pm",8.058901,2.004871,57.23075,32.70547
"026","8pm",8.891402,4.126734,59.91158,27.07029
"027","8pm",8.371162,8.672264,57.777,25.17957
"028","8pm",4.062432,9.114445,52.78526,34.03786
"029","8pm",7.066916,11.984497,59.92991,21.01868
"030","8pm",11.694394,11.897165,52.9879,23.42054
"001","9pm",9.256075,10.666161,53.94262,26.13514
"002","9pm",7.313842,8.719098,53.80518,30.16188
"003","9pm",9.680843,9.01539,49.67901,31.62475
"004","9pm",6.793364,8.864563,47.47108,36.87099
"005","9pm",7.367634,11.833812,54.74735,26.05121
"006","9pm",12.44475,3.871186,60.25323,23.43083
"007","9pm",8.433854,3.113091,55.01451,33.43854
"008","9pm",7.826477,11.540096,50.20834,30.42509
"009","9pm",10.121057,0,59.26136,30.61759
"010","9pm",11.478061,8.852387,61.54722,18.12233
"011","9pm",23.508151,12.178063,43.69893,20.61486
"012","9pm",11.506095,13.337961,49.99946,25.15649
"013","9pm",20.636732,6.601031,51.10227,21.65997
"014","9pm",6.073058,9.365165,61.75081,22.81097
"015","9pm",13.401983,11.394365,60.83331,14.37035
"016","9pm",12.985261,18.299994,48.80522,19.90953
"017","9pm",9.414283,11.94278,57.59575,21.04719
"018","9pm",8.114499,11.656603,64.25683,15.97207
"019","9pm",8.365668,3.352629,67.45186,20.82985
"020","9pm",10.054361,11.957824,48.17631,29.81151
"021","9pm",10.480134,9.268837,48.11113,32.1399
"022","9pm",9.671184,5.569931,59.48832,25.27057
"023","9pm",6.878571,11.50252,61.52419,20.09472
"024","9pm",8.540847,11.176625,54.00645,26.27608
"025","9pm",7.898124,1.964874,58.08401,32.05299
"026","9pm",8.94499,4.151606,59.42116,27.48224
"027","9pm",7.582449,8.771509,58.17831,25.46773
"028","9pm",4.70138,9.000431,52.68611,33.61208
"029","9pm",7.171298,12.161513,59.33805,21.32913
"030","9pm",11.797504,12.002062,52.57339,23.62704
"001","10pm",9.190501,10.590597,54.26891,25.94999
"002","10pm",7.252599,8.646088,55.10229,28.99902
"003","10pm",9.629105,8.967208,49.94795,31.45574
"004","10pm",6.810067,8.886358,46.85387,37.4497
"005","10pm",7.42615,11.927799,54.38794,26.25811
"006","10pm",12.464425,2.338987,62.19769,22.9989
"007","10pm",8.433854,3.113091,55.01451,33.43854
"008","10pm",7.826477,11.540096,50.20834,30.42509
"009","10pm",10.009156,2.275966,57.43581,30.27907
"010","10pm",11.593793,8.941645,61.1595,18.30506
"011","10pm",19.089585,13.194305,46.51452,21.20159
"012","10pm",13.602681,12.962469,48.79056,24.64429
"013","10pm",20.203024,6.672016,50.84341,22.28155
"014","10pm",12.697646,8.63098,57.62641,21.04497
"015","10pm",13.204815,11.226732,60.96022,14.60823
"016","10pm",13.629415,18.172602,47.93669,20.26129
"017","10pm",9.349549,11.86066,58.09111,20.69869
"018","10pm",7.043193,12.657534,62.68051,17.61876
"019","10pm",8.067848,3.233275,68.07135,20.62753
"020","10pm",10.047055,11.949135,48.55634,29.44747
"021","10pm",10.678588,9.444352,48.03363,31.84343
"022","10pm",7.892991,5.582128,61.19897,25.32591
"023","10pm",7.367425,11.340557,60.94902,20.343
"024","10pm",11.176307,10.875045,52.38157,25.56707
"025","10pm",6.134835,1.925434,59.75806,32.18167
"026","10pm",7.709001,4.196402,60.31581,27.77878
"027","10pm",8.638963,8.259917,59.11878,23.98234
"028","10pm",4.67351,8.947077,52.37379,34.00562
"029","10pm",7.356867,12.476212,58.28586,21.88106
"030","10pm",11.797414,12.00197,53.15647,23.04415
"001","11pm",9.961343,10.475802,53.89414,25.66871
"002","11pm",7.174972,8.553546,54.80056,29.47092
"003","11pm",9.728817,9.060066,50.46517,30.74594
"004","11pm",6.830116,8.91252,46.69741,37.55996
"005","11pm",7.396375,11.879975,53.91714,26.80651
"006","11pm",11.030468,2.274519,64.33001,22.365
"007","11pm",8.568493,3.162789,54.29636,33.97236
"008","11pm",7.826477,11.540096,50.20834,30.42509
"009","11pm",9.844793,2.238592,58.13476,29.78185
"010","11pm",11.593793,8.941645,61.1595,18.30506
"011","11pm",19.773202,13.666806,44.59915,21.96084
"012","11pm",13.686644,13.04248,48.47447,24.79641
"013","11pm",20.007729,6.60752,51.31859,22.06616
"014","11pm",12.644974,8.595178,57.80218,20.95767
"015","11pm",13.129412,11.162625,60.84603,14.86193
"016","11pm",13.555906,18.07459,48.21749,20.15202
"017","11pm",9.27478,11.765809,58.42625,20.53316
"018","11pm",7.043193,12.657534,62.68051,17.61876
"019","11pm",9.1962,3.268516,66.68293,20.85236
"020","11pm",9.5442,12.14073,48.16837,30.1467
"021","11pm",10.636131,9.406803,48.24024,31.71682
"022","11pm",7.861828,5.560089,61.35216,25.22592
"023","11pm",7.367425,11.340557,60.94902,20.343
"024","11pm",11.176307,10.875045,52.38157,25.56707
"025","11pm",6.116747,1.919757,59.87672,32.08678
"026","11pm",7.643891,4.160959,60.65099,27.54416
"027","11pm",8.616109,8.238066,59.22693,23.9189
"028","11pm",4.67351,8.947077,52.37379,34.00562
"029","11pm",7.419167,12.581865,57.93261,22.06636
"030","11pm",11.797414,12.00197,53.15647,23.04415
"001","12pm",9.925251,10.437847,54.0612,25.57571
"002","12pm",7.174972,8.553546,54.80056,29.47092
"003","12pm",9.728817,9.060066,50.46517,30.74594
"004","12pm",6.870413,8.965103,46.38293,37.78155
"005","12pm",7.399569,11.885105,53.89724,26.81808
"006","12pm",11.030468,2.274519,64.33001,22.365
"007","12pm",8.568493,3.162789,54.29636,33.97236
"008","12pm",7.763021,11.44653,50.61204,30.1784
"009","12pm",9.844793,2.238592,58.13476,29.78185
"010","12pm",11.518398,8.883497,61.41209,18.18602
"011","12pm",19.950414,13.789291,44.10263,22.15766
"012","12pm",12.770774,13.225965,48.85801,25.14525
"013","12pm",19.854558,6.556935,51.69127,21.89723
"014","12pm",12.559944,8.53738,58.08593,20.81674
"015","12pm",13.072222,11.114002,61.01658,14.7972
"016","12pm",13.555906,18.07459,48.21749,20.15202
"017","12pm",9.27478,11.765809,58.42625,20.53316
"018","12pm",8.434137,12.115768,62.58545,16.86464
"019","12pm",9.217035,3.275921,66.60744,20.8996
"020","12pm",10.16651,11.965295,48.15711,29.71108
"021","12pm",10.636131,9.406803,48.24024,31.71682
"022","12pm",7.861828,5.560089,61.35216,25.22592
"023","12pm",7.367425,11.340557,60.94902,20.343
"024","12pm",11.176307,10.875045,52.38157,25.56707
"025","12pm",6.116747,1.919757,59.87672,32.08678
"026","12pm",7.579208,4.125749,60.98396,27.31108
"027","12pm",8.616109,8.238066,59.22693,23.9189
"028","12pm",4.67351,8.947077,52.37379,34.00562
"029","12pm",7.419167,12.581865,57.93261,22.06636
"030","12pm",11.797414,12.00197,53.15647,23.04415
"001","1am",9.925251,10.437847,54.0612,25.57571
"002","1am",7.174972,8.553546,54.80056,29.47092
"003","1am",9.728817,9.060066,50.46517,30.74594
"004","1am",6.870413,8.965103,46.38293,37.78155
"005","1am",7.399569,11.885105,53.89724,26.81808
"006","1am",10.965497,2.261122,64.54011,22.23327
"007","1am",8.643848,3.190604,53.89442,34.27113
"008","1am",7.763021,11.44653,50.61204,30.1784
"009","1am",9.815716,2.23198,58.25842,29.69389
"010","1am",11.459976,8.838439,61.60781,18.09378
"011","1am",20.128982,13.912713,43.60232,22.35599
"012","1am",12.732778,13.186615,49.01017,25.07044
"013","1am",19.703714,6.507119,52.0583,21.73087
"014","1am",12.559944,8.53738,58.08593,20.81674
"015","1am",13.017692,11.06764,61.1792,14.73547
"016","1am",13.555906,18.07459,48.21749,20.15202
"017","1am",10.180365,11.648367,57.84307,20.3282
"018","1am",8.525736,12.247352,62.17911,17.0478
"019","1am",9.217035,3.275921,66.60744,20.8996
"020","1am",10.16651,11.965295,48.15711,29.71108
"021","1am",10.636131,9.406803,48.24024,31.71682
"022","1am",7.861828,5.560089,61.35216,25.22592
"023","1am",7.367425,11.340557,60.94902,20.343
"024","1am",11.176307,10.875045,52.38157,25.56707
"025","1am",6.116747,1.919757,59.87672,32.08678
"026","1am",7.609806,4.142405,61.23016,27.01763
"027","1am",7.551317,8.334055,59.91703,24.1976
"028","1am",4.67351,8.947077,52.37379,34.00562
"029","1am",7.389124,12.530916,57.69802,22.38194
"030","1am",12.507296,11.790228,53.06488,22.6376
"001","2am",9.925251,10.437847,54.0612,25.57571
"002","2am",7.174972,8.553546,54.80056,29.47092
"003","2am",9.728817,9.060066,50.46517,30.74594
"004","2am",6.870413,8.965103,46.38293,37.78155
"005","2am",7.399569,11.885105,53.89724,26.81808
"006","2am",10.965497,2.261122,64.54011,22.23327
"007","2am",8.643848,3.190604,53.89442,34.27113
"008","2am",7.763021,11.44653,50.61204,30.1784
"009","2am",9.815716,2.23198,58.25842,29.69389
"010","2am",11.459976,8.838439,61.60781,18.09378
"011","2am",20.128982,13.912713,43.60232,22.35599
"012","2am",12.732778,13.186615,49.01017,25.07044
"013","2am",19.703714,6.507119,52.0583,21.73087
"014","2am",12.559944,8.53738,58.08593,20.81674
"015","2am",12.960286,11.018834,60.90941,15.11147
"016","2am",13.555906,18.07459,48.21749,20.15202
"017","2am",10.180365,11.648367,57.84307,20.3282
"018","2am",8.525736,12.247352,62.17911,17.0478
"019","2am",9.217035,3.275921,66.60744,20.8996
"020","2am",10.16651,11.965295,48.15711,29.71108
"021","2am",10.538441,9.320404,48.71564,31.42551
"022","2am",7.861828,5.560089,61.35216,25.22592
"023","2am",7.367425,11.340557,60.94902,20.343
"024","2am",11.176307,10.875045,52.38157,25.56707
"025","2am",6.116747,1.919757,59.87672,32.08678
"026","2am",7.609806,4.142405,61.23016,27.01763
"027","2am",8.697043,8.315449,58.84393,24.14358
"028","2am",4.67351,8.947077,52.37379,34.00562
"029","2am",7.389124,12.530916,57.69802,22.38194
"030","2am",11.609747,11.811049,53.90163,22.67758
"001","3am",9.925251,10.437847,54.0612,25.57571
"002","3am",7.174972,8.553546,54.80056,29.47092
"003","3am",9.728817,9.060066,50.46517,30.74594
"004","3am",6.870413,8.965103,46.38293,37.78155
"005","3am",7.399569,11.885105,53.89724,26.81808
"006","3am",10.632381,5.23029,62.57947,21.55786
"007","3am",8.928728,0,55.67065,35.40062
"008","3am",7.763021,11.44653,50.61204,30.1784
"009","3am",9.815716,2.23198,58.25842,29.69389
"010","3am",11.459976,8.838439,61.60781,18.09378
"011","3am",20.128982,13.912713,43.60232,22.35599
"012","3am",12.732778,13.186615,49.01017,25.07044
"013","3am",19.703714,6.507119,52.0583,21.73087
"014","3am",12.559944,8.53738,58.08593,20.81674
"015","3am",12.960286,11.018834,60.90941,15.11147
"016","3am",13.555906,18.07459,48.21749,20.15202
"017","3am",10.180365,11.648367,57.84307,20.3282
"018","3am",8.525736,12.247352,62.17911,17.0478
"019","3am",9.237862,3.283323,66.53199,20.94683
"020","3am",10.152147,11.948391,48.23035,29.66911
"021","3am",10.538441,9.320404,48.71564,31.42551
"022","3am",7.861828,5.560089,61.35216,25.22592
"023","3am",7.367425,11.340557,60.94902,20.343
"024","3am",11.176307,10.875045,52.38157,25.56707
"025","3am",6.116747,1.919757,59.87672,32.08678
"026","3am",7.554949,4.112544,61.50964,26.82287
"027","3am",8.697043,8.315449,58.84393,24.14358
"028","3am",4.67351,8.947077,52.37379,34.00562
"029","3am",7.389124,12.530916,57.69802,22.38194
"030","3am",11.686745,11.889383,53.59589,22.82798
