"district","hour","cs1","cs2","cs3","cs4","cs5"
"001","4am",4.5736883,20.437503,31.1207,34.47799,9.390125
"002","4am",3.3012145,20.768343,33.24249,35.40746,7.280494
"003","4am",3.9890692,18.648973,42.95893,21.64577,12.757259
"004","4am",4.8359199,19.833107,39.03197,22.77579,13.523215
"005","4am",1.4055661,13.778736,38.43396,35.82499,10.556748
"006","4am",2.4173408,20.785858,40.05612,21.30148,15.439195
"007","4am",2.676956,26.201201,41.82834,21.48281,7.810699
"008","4am",1.3736631,14.162459,43.47925,28.56489,12.419733
"009","4am",3.7974525,10.568663,38.58675,25.15126,21.895874
"010","4am",0.9450186,14.590224,40.07235,36.2911,8.101305
"011","4am",4.1297394,9.455445,38.43524,24.70523,23.274344
"012","4am",0.7642546,15.80206,38.7386,30.67127,14.023815
"013","4am",4.7306445,13.010212,36.31299,32.41579,13.530363
"014","4am",6.1409787,10.027994,45.07094,10.16593,28.594162
"015","4am",3.6824057,9.677225,38.07774,28.67515,19.887481
"016","4am",1.3793031,11.763581,42.698,19.47547,24.68364
"017","4am",4.2402342,18.793496,37.10611,24.76637,15.093795
"018","4am",0,10.837294,51.63133,26.24055,11.290826
"019","4am",1.0820136,11.516118,32.60685,37.5193,17.275721
"020","4am",3.1145013,12.235614,36.02312,23.35934,25.267427
"021","4am",2.4748417,7.561152,43.33973,33.92843,12.695848
"022","4am",5.4743682,19.359257,44.80301,15.40103,14.962333
"023","4am",0.4009496,10.389843,47.34042,30.40533,11.463455
"024","4am",3.6379293,24.950665,44.8774,21.07206,5.461944
"025","4am",5.0146205,22.878714,35.62468,27.57413,8.90786
"026","4am",1.791047,23.320039,41.91292,23.614,9.361987
"027","4am",5.2876592,25.884056,34.20885,28.5875,6.031932
"028","4am",5.9853294,21.969955,37.30022,23.17206,11.572435
"029","4am",1.5889554,17.725119,43.0426,28.7636,8.879726
"030","4am",4.2717091,18.128958,42.28813,18.75978,16.551426
"001","5am",4.5719159,20.429583,31.10864,34.86351,9.026359
"002","5am",3.2916942,20.708449,33.14662,35.59374,7.259497
"003","5am",4.0062765,18.298056,43.14423,21.73914,12.812289
"004","5am",4.859197,19.447234,39.21984,22.88542,13.588308
"005","5am",1.4137894,13.859349,38.35117,35.75718,10.61851
"006","5am",2.4377438,20.117269,40.39421,21.48127,15.569506
"007","5am",2.6251293,25.693937,41.93564,22.08581,7.659482
"008","5am",1.3856309,13.414611,43.85806,28.81376,12.527938
"009","5am",3.8093763,10.287854,38.70791,25.23023,21.964626
"010","5am",1.007982,14.927225,36.71467,38.70905,8.641068
"011","5am",4.0593502,10.967799,38.1048,23.99041,22.877645
"012","5am",0.7414026,15.504101,40.39584,29.75417,13.604488
"013","5am",4.7037434,12.936228,36.67515,32.23146,13.453422
"014","5am",7.0426352,11.500367,51.39692,11.65855,18.401521
"015","5am",3.6103554,9.48788,39.87828,27.52512,19.498361
"016","5am",1.3231021,11.650872,44.3157,19.03245,23.677882
"017","5am",4.2766703,18.954988,37.42496,24.11989,15.223496
"018","5am",0,9.276998,44.4166,23.33596,22.970442
"019","5am",1.0457663,12.337565,33.65727,36.26241,16.696987
"020","5am",3.1091907,12.385261,35.9617,23.31951,25.224343
"021","5am",2.5745919,7.86591,45.72945,30.62248,13.207563
"022","5am",5.7341003,19.313918,43.14802,16.13174,15.672223
"023","5am",0.4050687,9.469245,47.82677,30.7177,11.581223
"024","5am",3.6940096,24.670807,44.69214,21.3969,5.546143
"025","5am",5.1260907,23.387286,36.41658,25.96417,9.105873
"026","5am",1.7794395,23.446822,42.01146,23.46096,9.301313
"027","5am",5.3065186,25.195575,34.755,28.68946,6.053446
"028","5am",5.9202433,22.329593,37.38349,22.92008,11.446593
"029","5am",1.6255317,18.662526,43.41634,27.21147,9.08413
"030","5am",4.259682,18.359469,42.16906,18.70696,16.504825
"001","6am",4.5826524,20.477559,31.51973,34.3725,9.047556
"002","6am",3.3689627,20.115265,32.9648,36.12107,7.429905
"003","6am",4.1060273,19.517304,43.48665,19.66886,13.221156
"004","6am",5.0310744,18.518158,39.36303,23.01879,14.068947
"005","6am",1.4430502,13.170118,39.85643,34.69212,10.838279
"006","6am",2.4915756,20.270185,40.65388,21.31804,15.266323
"007","6am",2.8397651,27.032318,43.26408,18.5781,8.285736
"008","6am",1.4153609,13.702434,44.13163,29.43199,11.318592
"009","6am",3.5595109,9.035708,36.98719,30.47102,19.946574
"010","6am",1.011211,15.291836,36.19515,38.83305,8.668749
"011","6am",3.9538578,11.088454,38.63065,23.36696,22.960078
"012","6am",0.7523033,17.295171,40.94292,27.2051,13.804512
"013","6am",4.7212371,13.378044,34.89405,32.95979,14.046873
"014","6am",7.1232995,11.632088,50.84024,11.79209,18.612287
"015","6am",3.4974068,8.208422,40.22531,29.65438,18.414484
"016","6am",1.3230135,11.56129,44.40823,19.03117,23.676297
"017","6am",4.4358527,19.660514,37.40384,24.688,13.811799
"018","6am",0,9.34393,44.01557,23.50433,23.136172
"019","6am",1.169109,13.792717,37.14594,32.80213,15.090111
"020","6am",3.0777139,11.867622,35.00036,25.41293,24.64137
"021","6am",2.6674626,8.771281,47.99221,26.88506,13.683987
"022","6am",5.6468854,19.453875,42.49174,16.97364,15.43385
"023","6am",0.4212291,9.535435,46.95667,31.0434,12.043261
"024","6am",3.7809867,24.978904,45.05449,20.50889,5.676729
"025","6am",5.2222656,23.826074,35.22364,26.45131,9.276716
"026","6am",1.7794395,23.446822,42.01146,23.46096,9.301313
"027","6am",5.3703876,27.392263,32.35041,28.76063,6.126305
"028","6am",6.1105828,22.251657,37.99238,23.65698,9.988401
"029","6am",1.7209205,17.714473,45.40362,26.46411,8.696874
"030","6am",4.1591936,17.926359,43.53333,18.26565,16.115466
"001","7am",4.939947,21.579174,28.12024,38.06977,7.290871
"002","7am",3.176348,18.221299,33.08489,38.65809,6.859372
"003","7am",4.088542,20.393855,43.60119,19.17466,12.741755
"004","7am",4.813959,19.076945,38.90736,21.37586,15.825879
"005","7am",1.704502,14.401404,38.62563,36.46919,8.799268
"006","7am",2.733245,17.20539,45.22113,20.4248,14.41543
"007","7am",2.851067,26.748208,41.78839,21.38783,7.224502
"008","7am",1.596844,15.457001,41.08673,31.0976,10.761828
"009","7am",3.266454,9.169609,36.02911,30.35419,21.180635
"010","7am",1.171791,14.206719,37.41085,38.09167,9.118977
"011","7am",3.543596,7.426804,42.1635,20.10667,26.759436
"012","7am",0,10.33873,45.57827,31.2819,12.8011
"013","7am",4.172717,11.655489,38.3824,29.94733,15.842071
"014","7am",7.244248,10.480646,50.16918,10.46486,21.641074
"015","7am",3.387446,14.358939,40.57744,26.41238,15.263791
"016","7am",1.703466,15.219563,40.06264,20.40971,22.60462
"017","7am",4.733191,24.947802,35.68948,24.3807,10.248829
"018","7am",0,14.855614,44.05396,21.7167,19.373728
"019","7am",1.288334,14.408738,36.24632,34.00557,14.051043
"020","7am",3.531306,11.000266,41.21012,25.04402,19.214283
"021","7am",2.563421,10.568104,44.61484,22.50124,19.752397
"022","7am",6.176439,21.931919,45.39159,17.51783,8.982228
"023","7am",0.463788,8.097628,44.99577,35.9072,10.535613
"024","7am",3.995358,28.605181,45.55769,16.7918,5.049975
"025","7am",5.391299,21.47323,37.59542,28.53496,7.005096
"026","7am",1.967365,22.352445,40.02927,26.20828,9.442648
"027","7am",5.832372,27.61103,31.85013,29.54063,5.165834
"028","7am",6.484257,19.662015,42.15085,21.10367,10.599211
"029","7am",1.940764,19.574566,47.52213,20.97392,9.988617
"030","7am",4.306635,19.190533,43.91209,18.45199,14.138754
"001","8am",4.9534442,20.597412,29.86958,35.91881,8.660752
"002","8am",3.3114365,18.387183,31.35165,38.14352,8.806218
"003","8am",3.8252345,19.080463,43.93845,21.4235,11.732348
"004","8am",4.6789983,18.755,38.73263,22.72726,15.106109
"005","8am",1.859531,14.501871,39.01953,36.27726,8.341807
"006","8am",2.9869852,20.355983,43.57774,21.89517,11.184121
"007","8am",3.0444186,28.153486,34.64466,22.02095,12.136493
"008","8am",1.8157527,13.067182,41.02089,32.56857,11.527601
"009","8am",3.135505,6.924957,36.95388,28.66749,24.318169
"010","8am",1.3902723,15.680646,33.69159,39.28719,9.950297
"011","8am",2.9938255,10.743767,46.71291,19.25957,20.289925
"012","8am",0,10.975255,44.12976,31.13737,13.757613
"013","8am",3.3789037,12.664935,34.7535,31.54565,17.657016
"014","8am",3.095721,8.822662,48.97523,12.64052,26.465858
"015","8am",3.3875998,14.359589,39.41381,22.5655,20.273505
"016","8am",1.9088835,12.003211,44.51409,26.72731,14.846508
"017","8am",5.0173061,25.138977,34.68138,24.70932,10.453019
"018","8am",0,14.682351,44.97857,20.04384,20.295243
"019","8am",1.2982927,17.064199,39.2047,31.51574,10.917066
"020","8am",3.8949704,11.477452,39.57461,23.12419,21.928783
"021","8am",2.5887487,10.541401,49.82402,23.75876,13.287066
"022","8am",5.952878,20.731624,43.60835,18.96419,10.742961
"023","8am",0.4927475,9.434068,45.9165,36.53252,7.624164
"024","8am",9.077841,25.075092,38.48346,21.20313,6.160475
"025","8am",3.853449,22.758175,39.70114,26.51783,7.169409
"026","8am",2.1949771,23.976499,37.17961,26.1193,10.529612
"027","8am",6.2109767,28.847388,28.1793,31.89466,4.867674
"028","8am",3.5937208,17.43943,49.02255,19.7221,10.222197
"029","8am",2.214828,21.097879,46.86226,18.56748,11.25755
"030","8am",4.5583406,20.312142,41.90918,20.84251,12.377823
"001","9am",5.181161,21.544305,29.43007,35.85677,7.98769
"002","9am",2.802348,18.015704,27.79544,37.19232,14.194194
"003","9am",3.952873,18.638288,44.06859,21.03198,12.308269
"004","9am",4.831004,19.702434,41.65469,23.10092,10.710959
"005","9am",1.827323,14.25069,36.70224,40.9195,6.300245
"006","9am",3.328156,17.877585,44.10233,21.4374,13.254535
"007","9am",2.98499,25.520306,33.3153,26.27982,11.899582
"008","9am",1.812384,13.04294,41.56675,32.07171,11.506215
"009","9am",2.890233,7.263746,40.2531,27.0168,22.576123
"010","9am",1.372465,14.773558,35.51438,38.51675,9.82285
"011","9am",3.772253,9.704146,44.888,20.73859,20.897018
"012","9am",0,10.552031,43.82586,30.89342,14.728688
"013","9am",3.474257,14.606356,35.28597,29.01863,17.614787
"014","9am",1.780643,8.573323,50.97255,11.38136,27.292127
"015","9am",3.385868,14.543915,38.36154,22.84754,20.861133
"016","9am",2.997608,11.931055,45.74231,22.12309,17.205937
"017","9am",5.288456,25.729964,32.94288,26.26909,9.76961
"018","9am",0,14.590626,45.77696,19.98372,19.648696
"019","9am",2.02622,13.532213,42.61011,34.00209,7.829371
"020","9am",3.241011,11.85116,42.96533,21.46213,20.480373
"021","9am",2.943975,13.348938,48.34391,23.86566,11.497522
"022","9am",6.326962,19.143746,45.45342,18.29508,10.78079
"023","9am",0.568593,8.111501,42.76882,39.75338,8.797704
"024","9am",7.98332,22.544612,36.74326,27.3111,5.417702
"025","9am",3.881645,23.615913,40.56003,24.9294,7.013014
"026","9am",2.983273,23.742411,35.73525,27.11226,10.426808
"027","9am",6.368027,29.597605,30.32505,28.71856,4.990757
"028","9am",3.018748,16.285919,49.37674,21.12286,10.195735
"029","9am",2.358329,20.797567,45.5379,19.85317,11.453036
"030","9am",3.637018,20.858186,39.03643,23.36529,13.103072
"001","10am",5.3659484,20.539811,29.0893,35.48551,9.519425
"002","10am",2.855926,17.957445,30.07156,36.99455,12.120518
"003","10am",3.868672,19.58304,44.19688,20.78194,11.569472
"004","10am",4.8266649,20.022579,40.81133,22.89089,11.448536
"005","10am",1.9155441,14.938699,35.59408,41.72911,5.82257
"006","10am",3.4228301,18.775413,46.50443,22.79092,8.506404
"007","10am",3.1558786,25.698321,36.10362,23.34308,11.699092
"008","10am",1.8251679,13.713597,41.8228,32.12059,10.517842
"009","10am",2.9294797,6.810083,37.59563,29.10383,23.560977
"010","10am",1.4812076,18.857222,31.62969,39.18066,8.851219
"011","10am",2.6788485,13.706678,43.04261,18.85619,21.715674
"012","10am",0,13.652687,40.17937,33.94957,12.218369
"013","10am",3.3945744,11.778996,40.94986,27.09681,16.77976
"014","10am",4.1739399,8.444456,49.51693,13.41676,24.447914
"015","10am",3.7186742,9.920716,43.15843,19.90604,23.296137
"016","10am",1.6578612,10.365286,44.48164,25.4935,18.00172
"017","10am",5.31587,25.86334,32.77324,24.17551,11.872038
"018","10am",0,15.28695,44.43569,20.03389,20.243469
"019","10am",1.3365009,16.341737,42.71175,30.2719,9.338117
"020","10am",3.6261907,12.144411,42.21542,21.22251,20.791473
"021","10am",2.7856478,12.794578,45.62778,25.67684,13.115152
"022","10am",7.0813394,20.100729,47.49524,19.37774,5.944944
"023","10am",0.5751951,8.780881,44.27821,38.69454,7.671172
"024","10am",7.6537444,23.050492,33.67538,30.19012,5.430255
"025","10am",5.6665872,23.811464,39.79721,22.69859,8.026145
"026","10am",3.1286547,24.230505,34.74945,27.76458,10.126814
"027","10am",6.3859588,28.486169,28.81516,30.84932,5.463392
"028","10am",2.0078581,18.017717,50.66762,19.38619,9.920617
"029","10am",2.3033567,20.466052,45.1698,20.87473,11.186065
"030","10am",2.4291138,19.443862,42.18154,24.03069,11.914792
"001","11am",5.3284852,21.891145,28.88621,35.14031,8.753852
"002","11am",3.4374651,18.94299,27.12218,36.13789,14.359479
"003","11am",3.7313976,18.6124,45.51389,21.53402,10.60829
"004","11am",4.7270772,18.942041,41.56043,24.92279,9.847659
"005","11am",1.8330002,14.294966,38.20016,40.84836,4.823513
"006","11am",3.2917183,17.850088,46.73753,19.38056,12.740105
"007","11am",2.558379,27.001575,34.25617,25.15955,11.024327
"008","11am",1.855894,13.356062,43.92301,30.17013,10.694906
"009","11am",3.3749868,8.418776,35.21197,28.51265,24.481618
"010","11am",1.4129488,18.507272,33.06841,39.50789,7.503476
"011","11am",3.0750557,13.7852,41.16493,18.85873,23.116085
"012","11am",0,10.969523,36.9366,31.79853,20.295355
"013","11am",3.1183602,13.407809,34.48494,31.00324,17.985653
"014","11am",3.1451151,7.156296,51.91632,13.91512,23.867151
"015","11am",4.1825062,10.111326,48.59286,23.60301,13.510294
"016","11am",1.739209,11.187161,45.49546,25.08323,16.494935
"017","11am",5.1081005,24.852478,32.3535,26.57112,11.114807
"018","11am",0,15.508767,45.02634,18.71757,20.747325
"019","11am",1.2985402,16.470791,40.75547,32.67737,8.797825
"020","11am",3.7567731,11.24281,42.06894,19.9347,22.996776
"021","11am",2.408558,11.671951,51.88791,21.3479,12.683685
"022","11am",6.9218821,21.062619,41.31593,20.50593,10.19363
"023","11am",0.5562012,9.652239,41.54792,39.63767,8.605968
"024","11am",8.3244667,24.35387,37.47308,24.47838,5.370204
"025","11am",5.9649265,24.629999,40.40401,23.17515,5.825915
"026","11am",3.0428092,23.889656,33.5714,28.86124,10.634894
"027","11am",6.8730093,28.017612,28.07081,32.94555,4.093024
"028","11am",3.6808737,16.932596,49.89817,19.87224,9.616117
"029","11am",2.1047131,20.113637,47.15736,19.92643,10.697857
"030","11am",1.9790719,21.196986,42.10402,22.21883,12.501096
"001","12am",5.0322645,20.344953,28.16242,38.44835,8.012016
"002","12am",3.1266806,17.809656,29.99701,40.37394,8.692716
"003","12am",3.794836,19.089083,46.6838,19.73135,10.700931
"004","12am",4.8826092,20.696074,37.01054,22.20184,15.208935
"005","12am",1.8903111,12.929357,40.16608,37.4661,7.548153
"006","12am",3.1439947,16.696281,41.63136,20.75766,17.770704
"007","12am",3.0321635,28.378138,36.46513,24.76065,7.363921
"008","12am",1.7240291,11.352711,44.53295,30.65479,11.735518
"009","12am",3.0469417,7.964509,40.20045,26.60864,22.179465
"010","12am",1.2533573,15.534638,37.18449,38.53578,7.491735
"011","12am",3.0044143,10.624519,33.68191,28.46699,24.222167
"012","12am",0.7251493,12.249427,48.00621,26.72468,12.294538
"013","12am",3.7408146,12.50098,32.17267,34.34939,17.236153
"014","12am",2.8676191,10.05864,49.87024,14.39578,22.807714
"015","12am",3.480872,14.898059,44.28047,25.34873,11.991867
"016","12am",0.8636674,12.933769,47.63808,22.56122,16.003267
"017","12am",5.1310665,25.896527,36.82832,24.33819,7.805894
"018","12am",0,9.866796,45.84035,21.78654,22.50632
"019","12am",1.1049713,15.659178,39.07599,32.30066,11.859204
"020","12am",3.7142753,13.972762,40.18937,22.13199,19.991595
"021","12am",2.5259276,11.318988,44.89607,24.68531,16.573699
"022","12am",6.3070561,19.073177,46.74318,17.39357,10.483015
"023","12am",0.5134898,9.898797,47.65884,33.40057,8.528298
"024","12am",8.0032677,23.804025,37.9099,25.77078,4.512029
"025","12am",5.895211,22.826213,41.4936,22.93002,6.854957
"026","12am",3.02123,25.749011,31.1175,27.13296,12.979298
"027","12am",6.7676963,25.622632,28.76766,34.46623,4.375772
"028","12am",3.5980586,16.551633,47.17538,23.27517,9.399766
"029","12am",1.9266106,24.152372,44.45377,16.88264,12.584609
"030","12am",2.0225916,20.875012,45.67476,20.30982,11.117819
"001","1pm",5.137671,21.363465,28.17967,36.65588,8.663318
"002","1pm",3.496485,19.743489,26.29219,42.96569,7.502153
"003","1pm",3.783583,18.119972,46.3943,21.09149,10.610651
"004","1pm",4.887197,17.097673,39.20918,23.58272,15.223226
"005","1pm",1.849931,16.259672,36.89125,38.9656,6.03355
"006","1pm",3.082681,16.318503,43.72427,23.29926,13.575288
"007","1pm",2.909807,32.454027,32.0686,21.88103,10.686542
"008","1pm",1.800197,11.854274,42.43401,31.65753,12.253993
"009","1pm",2.974163,8.019419,37.81278,27.01244,24.181206
"010","1pm",1.367709,12.483595,40.87324,36.16002,9.115443
"011","1pm",2.737681,7.92611,38.04749,27.5912,23.697518
"012","1pm",0,12.87619,44.45145,28.97619,13.696169
"013","1pm",4.121788,12.993934,26.89777,36.81174,19.174765
"014","1pm",2.829472,7.786092,51.83827,15.11522,22.430942
"015","1pm",4.48441,9.931494,46.82511,26.14131,12.617677
"016","1pm",1.087073,12.85848,50.09595,20.63465,15.323841
"017","1pm",5.492207,27.681024,33.8197,25.91792,7.089149
"018","1pm",0,10.569477,45.89089,23.2781,20.261538
"019","1pm",1.165399,14.460593,38.29493,36.0717,10.007376
"020","1pm",3.81594,11.841991,42.33708,20.43844,21.566545
"021","1pm",2.397596,12.06685,45.77767,29.70777,10.050113
"022","1pm",5.430403,21.234629,44.73628,18.38545,10.213237
"023","1pm",0.529148,10.887031,42.85587,37.54057,8.187381
"024","1pm",8.711582,22.332296,36.71974,26.61246,5.623922
"025","1pm",5.755054,20.265345,42.43499,24.85263,6.691982
"026","1pm",2.916461,26.427915,33.61308,27.36165,9.680887
"027","1pm",6.587062,25.889802,30.23054,32.97825,4.314341
"028","1pm",3.72508,17.424162,49.05677,19.41138,10.382608
"029","1pm",2.106163,24.861751,43.29405,19.03281,10.705227
"030","1pm",1.958502,21.686705,41.92354,20.68276,13.748488
"001","2pm",5.2293583,21.020489,29.21041,35.38956,9.150177
"002","2pm",3.0789436,18.810767,28.06872,37.82708,12.214493
"003","2pm",4.24898,18.224607,46.29964,20.09768,11.129097
"004","2pm",4.6146728,18.723379,41.58474,25.17779,9.899418
"005","2pm",1.7990403,15.097167,36.65242,40.19232,6.25905
"006","2pm",3.2181486,17.038838,44.78539,23.21043,11.747187
"007","2pm",2.9084676,32.505361,33.31229,20.7754,10.498484
"008","2pm",1.7939168,13.04805,42.98811,31.09155,11.078372
"009","2pm",3.6862943,6.982632,35.78387,27.83609,25.711107
"010","2pm",1.3560221,12.376923,39.87357,38.54276,7.850724
"011","2pm",2.5239171,6.97943,37.52748,29.53475,23.434415
"012","2pm",0,12.65319,42.26594,29.59751,15.483362
"013","2pm",3.838145,13.813265,29.2959,33.21452,19.838168
"014","2pm",3.8759736,5.432879,53.66404,10.64527,26.381835
"015","2pm",4.4756481,11.859379,47.08407,24.337,12.243907
"016","2pm",1.0127794,13.568708,50.46521,19.68526,15.268045
"017","2pm",5.3261456,28.326227,33.64561,26.09188,6.610131
"018","2pm",0,9.191841,56.50143,27.55305,6.753683
"019","2pm",1.7539302,13.08326,42.65104,31.69314,10.81863
"020","2pm",3.307239,10.267506,40.05076,24.70372,21.670773
"021","2pm",2.4295801,12.069075,45.50644,27.71089,12.284012
"022","2pm",5.6812151,21.903378,45.97525,17.12778,9.312381
"023","2pm",0.5358408,11.847894,41.07708,37.58941,8.949783
"024","2pm",8.169256,20.273383,42.39618,23.60049,5.560684
"025","2pm",5.3011643,19.551865,40.09156,28.92954,6.125869
"026","2pm",3.127019,25.724567,34.65822,27.89195,8.598244
"027","2pm",6.5671579,27.585881,28.60963,33.53381,3.703522
"028","2pm",3.7341003,16.724556,48.08363,19.4262,12.031515
"029","2pm",1.9964044,27.650927,38.37424,22.94961,9.028824
"030","2pm",2.7122011,20.128061,46.62894,17.30771,13.223082
"001","3pm",5.1947782,20.412129,29.63509,35.06939,9.688616
"002","3pm",3.1588694,18.003712,26.94992,38.4263,13.461196
"003","3pm",4.1747405,18.652289,46.34364,21.403255,9.426076
"004","3pm",4.5687158,18.945645,41.19896,24.736961,10.549722
"005","3pm",1.8727289,16.679501,35.65301,39.27934,6.51542
"006","3pm",3.3261839,16.791498,46.78066,20.073058,13.028603
"007","3pm",2.99241,27.727188,34.25583,23.652625,11.371951
"008","3pm",1.8023606,14.335523,40.88827,33.20841,9.76544
"009","3pm",3.8566716,6.676642,33.28927,30.180714,25.996707
"010","3pm",1.3359148,11.791444,41.50597,38.754742,6.611927
"011","3pm",2.638647,8.020072,39.51524,26.319392,23.506647
"012","3pm",0,12.241788,39.60967,31.491393,16.657148
"013","3pm",3.6841025,12.532527,31.90614,32.668672,19.208559
"014","3pm",3.1328946,6.350216,47.20978,9.029842,34.277272
"015","3pm",4.8593522,12.876102,42.50646,26.042556,13.71553
"016","3pm",0.98818,12.5514,49.12058,22.098327,15.241515
"017","3pm",4.9711068,26.0489,37.13966,25.670836,6.169502
"018","3pm",0,11.819463,56.80989,24.281312,7.089331
"019","3pm",1.8214306,13.586772,44.4015,32.078471,8.111825
"020","3pm",3.3078598,10.392775,39.0196,24.516733,22.763029
"021","3pm",2.2976984,10.451018,49.58001,25.771312,11.899962
"022","3pm",6.0617312,24.549787,40.42028,18.346813,10.621386
"023","3pm",0.5651698,10.881564,41.31857,39.00232,8.232375
"024","3pm",7.9487141,18.884289,41.87205,25.88438,5.410564
"025","3pm",5.7798572,20.384638,40.51216,26.133564,7.189781
"026","3pm",2.3713496,27.027164,32.7514,28.537831,9.312252
"027","3pm",5.9185016,24.348349,29.34943,36.552777,3.830945
"028","3pm",3.7756636,18.633683,48.38495,19.642426,9.563277
"029","3pm",1.8720312,29.415842,35.3962,24.736493,8.579436
"030","3pm",3.192081,17.217608,49.07627,16.545864,13.968177
"001","4pm",5.0777421,20.555801,28.62639,37.12303,8.617035
"002","4pm",2.9334521,18.842401,27.092,37.27342,13.858728
"003","4pm",4.3345862,18.460557,45.82266,20.72593,10.656269
"004","4pm",4.3864015,18.189621,42.16902,23.95846,11.296497
"005","4pm",1.7952794,16.433725,36.87671,37.89652,6.997764
"006","4pm",2.1804374,17.346574,43.74188,22.02084,14.710272
"007","4pm",3.8058105,29.556948,34.90031,20.84387,10.893055
"008","4pm",1.7359502,12.487027,43.66621,31.52419,10.586631
"009","4pm",3.8408506,7.233669,34.74914,29.22019,24.956151
"010","4pm",1.3898154,12.703623,37.68472,42.90156,5.32028
"011","4pm",3.7167556,8.391763,42.94913,21.66747,23.274876
"012","4pm",0.2653404,11.70493,38.91216,23.17116,25.946407
"013","4pm",2.7197358,16.383872,30.87767,31.61462,18.404106
"014","4pm",3.0099667,8.534541,51.72077,13.88067,22.854051
"015","4pm",4.271584,11.822253,39.67881,30.59212,13.635229
"016","4pm",1.3512649,11.970125,50.25203,19.36428,17.062302
"017","4pm",5.3210469,17.854579,41.41003,28.16952,7.244825
"018","4pm",0,12.444789,57.36836,23.68989,6.496953
"019","4pm",1.6770057,17.771593,43.2696,28.06293,9.218875
"020","4pm",3.270729,9.346119,37.6727,27.72396,21.986495
"021","4pm",2.5880923,11.959114,47.40965,23.73892,14.304224
"022","4pm",6.238589,22.225818,44.29538,17.57482,9.665392
"023","4pm",0.5798823,12.635533,40.35095,37.92226,8.511377
"024","4pm",3.1974411,18.749013,44.05364,27.47622,6.523685
"025","4pm",5.8424527,20.875006,44.48525,22.79753,5.999762
"026","4pm",2.2609006,27.486893,35.24685,27.60384,7.401514
"027","4pm",5.7886313,27.856832,24.99826,35.51535,5.84092
"028","4pm",3.7858948,16.972332,49.44001,19.55094,10.250823
"029","4pm",1.754971,28.040066,37.18162,24.42021,8.603132
"030","4pm",3.4416065,20.31143,45.9205,17.44518,12.881285
"001","5pm",4.9069253,20.716253,30.25897,35.39812,8.719733
"002","5pm",3.5145847,19.989889,30.02085,35.3584,11.11627
"003","5pm",4.5990247,18.297321,46.06758,18.11241,12.923666
"004","5pm",4.514842,19.230931,42.66614,25.03334,8.554747
"005","5pm",1.5977962,15.926577,34.7794,39.75228,7.94395
"006","5pm",2.1898246,22.052399,40.17269,23.6135,11.971588
"007","5pm",2.8979136,29.184527,36.24007,20.29158,11.385904
"008","5pm",1.7526262,14.832758,42.75038,29.31765,11.346581
"009","5pm",3.7926207,6.583034,40.06138,30.80588,18.757093
"010","5pm",1.2086132,14.712682,35.94251,41.842,6.294192
"011","5pm",3.3946706,9.180821,39.03541,21.55138,26.837724
"012","5pm",0.7251871,10.449758,45.70271,27.91526,15.207087
"013","5pm",3.6605798,15.403625,31.68263,31.55419,17.698976
"014","5pm",6.3242829,6.596713,43.24565,12.25159,31.581768
"015","5pm",4.1807851,10.131337,34.12195,29.60788,21.958055
"016","5pm",0.9513733,12.898683,43.47424,22.86694,19.80877
"017","5pm",5.1603599,19.658274,39.09869,26.61876,9.463909
"018","5pm",0,12.15429,58.49704,21.35168,7.996997
"019","5pm",1.4214243,14.073614,38.04614,34.06402,12.394806
"020","5pm",3.5932405,12.667688,43.1955,22.29876,18.244814
"021","5pm",2.3694385,8.478516,44.93167,30.04076,14.179616
"022","5pm",6.0555178,22.595656,49.65885,12.90334,8.78663
"023","5pm",0.5285752,13.472922,47.21194,30.66413,8.122436
"024","5pm",3.8182632,20.150825,48.35412,21.32734,6.349451
"025","5pm",5.8232677,22.514786,41.35008,25.97472,4.33714
"026","5pm",1.9628782,28.217833,37.94895,24.59498,7.275361
"027","5pm",6.3553639,24.712501,29.73341,34.71172,4.487002
"028","5pm",6.8855719,19.791131,40.38862,19.6675,13.267176
"029","5pm",1.6319358,25.204614,38.7856,27.87374,6.504112
"030","5pm",3.1746927,18.98768,46.85752,17.94535,13.034755
"001","6pm",4.5789433,20.460985,29.99646,35.07557,9.888045
"002","6pm",3.6349988,21.05722,34.03236,36.82287,4.452556
"003","6pm",3.9715247,17.682135,44.18636,21.02725,13.13273
"004","6pm",4.7278274,19.013939,40.70679,21.7298,13.821644
"005","6pm",1.5201591,15.851356,36.0876,35.17801,11.362868
"006","6pm",2.0338035,22.252217,40.83666,23.38576,11.491559
"007","6pm",2.7347147,28.336019,39.25569,21.94632,7.727248
"008","6pm",1.4998086,15.131853,44.41017,29.30808,9.650084
"009","6pm",4.2908275,7.843027,40.31525,25.06882,22.482079
"010","6pm",1.085454,13.357497,40.47495,38.05454,7.027559
"011","6pm",3.5511501,11.348683,38.35368,23.20727,23.539218
"012","6pm",0.7446539,15.691423,36.57528,31.9849,15.003739
"013","6pm",4.5683733,12.493463,31.35666,39.43047,12.15104
"014","6pm",6.4377256,8.223527,43.21893,10.9668,31.153011
"015","6pm",3.9162646,9.490322,34.23854,26.34859,26.006282
"016","6pm",1.0391187,11.418819,46.70612,20.25256,20.583387
"017","6pm",4.5686701,17.892672,35.63931,25.22866,16.670688
"018","6pm",0,10.899783,57.73193,21.03062,10.337664
"019","6pm",1.1437579,13.285941,36.51848,32.12516,16.926663
"020","6pm",3.2232801,11.94234,41.37609,23.00965,20.448636
"021","6pm",2.4927401,8.166712,46.05462,29.47049,13.815439
"022","6pm",5.7110827,21.030925,48.8575,12.68012,11.720368
"023","6pm",0.4691751,13.098311,42.8709,31.1104,12.451211
"024","6pm",3.8078738,19.599181,53.832,16.74406,6.016885
"025","6pm",5.5002464,21.75115,39.43705,26.6799,6.631657
"026","6pm",1.8372747,27.966278,35.06776,24.72839,10.400294
"027","6pm",5.7701868,22.389594,34.31992,31.52646,5.99384
"028","6pm",6.4605582,18.938254,38.72507,22.2547,13.621418
"029","6pm",1.5277434,25.611923,37.98562,27.77295,7.101761
"030","6pm",2.9670331,17.69318,45.23389,22.18428,11.921626
"001","7pm",4.1741885,20.384237,30.81536,34.76485,9.861364
"002","7pm",3.5187608,21.386441,36.09123,34.0496,4.953966
"003","7pm",4.0684936,17.266792,42.52426,22.83095,13.309504
"004","7pm",4.6348086,18.639845,40.29498,22.42362,14.006745
"005","7pm",1.4929951,15.568105,37.63132,34.04586,11.261719
"006","7pm",2.4530456,19.681503,43.81404,21.49191,12.559503
"007","7pm",2.6352486,27.305392,41.89599,21.1481,7.015267
"008","7pm",1.4628792,14.759266,45.26212,30.02307,8.492664
"009","7pm",3.6405735,8.886679,40.90822,25.72007,20.844456
"010","7pm",1.0027393,13.355671,39.35949,38.52201,7.760085
"011","7pm",1.5133062,10.642794,37.51734,25.09083,25.235732
"012","7pm",0.7139013,14.760933,40.42025,31.16247,12.942449
"013","7pm",4.6437771,12.442909,34.6654,34.65254,13.595383
"014","7pm",6.2458612,9.171108,45.11875,10.80636,28.657917
"015","7pm",5.713946,9.869327,34.62353,23.51194,26.28125
"016","7pm",1.4177615,14.955558,43.34423,27.56276,12.719687
"017","7pm",4.5813911,18.377468,36.0713,25.34132,15.628521
"018","7pm",0,10.477882,53.84818,24.97088,10.703064
"019","7pm",1.1099975,13.797353,31.47503,37.25269,16.364926
"020","7pm",3.1439714,11.6485,35.96328,23.58797,25.656277
"021","7pm",2.7654049,8.448883,48.04292,27.79632,12.946474
"022","7pm",5.3388566,19.294385,47.83661,12.39594,15.134215
"023","7pm",0.4197164,12.194226,47.06792,28.36265,11.955483
"024","7pm",3.7907455,22.08023,50.07153,18.75894,5.298556
"025","7pm",5.2721405,20.849088,37.13594,28.05887,8.683967
"026","7pm",1.7682132,26.91505,36.84821,25.48368,8.984846
"027","7pm",5.8474896,22.131094,33.99846,31.94882,6.074139
"028","7pm",6.1911019,19.691109,38.44895,22.61554,13.053297
"029","7pm",1.4721745,24.680335,39.6476,26.7976,7.402297
"030","7pm",4.0866777,17.068104,43.29662,21.27739,14.271208
"001","8pm",4.2305165,20.659309,30.86702,34.68022,9.562937
"002","8pm",3.3276,20.667828,33.82613,36.42757,5.750875
"003","8pm",4.0867995,18.19935,42.55879,21.49731,13.657744
"004","8pm",4.7303631,19.063417,39.56942,22.27865,14.358151
"005","8pm",1.4231586,14.795295,37.6513,34.81443,11.315813
"006","8pm",2.282019,18.042054,43.41472,21.61899,14.642222
"007","8pm",2.614373,27.897868,41.56411,20.98057,6.943079
"008","8pm",1.422919,14.084997,45.92341,28.91814,9.650532
"009","8pm",3.9460028,9.632235,37.31304,27.06928,22.039438
"010","8pm",0.9631506,12.828382,40.77324,37.33665,8.098584
"011","8pm",1.4140985,9.486464,33.23548,22.91683,32.947119
"012","8pm",0.7274854,15.405179,39.80873,29.72877,14.329829
"013","8pm",4.3940794,11.327324,35.33889,36.5233,12.416399
"014","8pm",6.0978525,8.95378,45.81435,10.85513,28.278883
"015","8pm",6.1937367,11.272866,37.06282,27.21827,18.252306
"016","8pm",1.6374798,15.588594,49.34699,21.6323,11.794639
"017","8pm",4.4098582,17.689393,37.11853,25.26439,15.517827
"018","8pm",0,10.310005,53.84888,25.17444,10.666682
"019","8pm",1.0955483,12.950106,28.80038,37.82342,19.330546
"020","8pm",3.056376,12.101929,36.06258,24.10032,24.678798
"021","8pm",2.5235918,7.710094,43.25327,34.5856,11.927448
"022","8pm",5.3106883,19.192586,47.06229,13.38007,15.054366
"023","8pm",0.4050831,12.347784,45.85499,30.41915,10.972999
"024","8pm",3.5308261,21.659315,48.49563,20.45169,5.862546
"025","8pm",5.2347022,20.701035,36.87223,28.2168,8.975232
"026","8pm",1.717741,26.146783,40.10092,23.05575,8.978809
"027","8pm",5.7790865,21.577207,34.51179,31.53938,6.592531
"028","8pm",6.0370844,21.027511,37.2071,23.37243,12.355873
"029","8pm",1.447788,24.271506,40.64733,26.35369,7.279678
"030","8pm",4.2428981,18.417925,44.53469,18.60446,14.200031
"001","9pm",4.1928963,20.475594,31.12085,34.732764,9.477898
"002","9pm",3.3276,20.667828,33.82613,36.42757,5.750875
"003","9pm",4.1248937,17.998481,42.42735,22.091751,13.357527
"004","9pm",4.7478345,19.133827,39.71557,22.360934,14.041835
"005","9pm",1.4216527,13.416463,37.61147,36.24658,11.303839
"006","9pm",2.4597538,19.447257,42.76219,23.932236,11.398564
"007","9pm",2.596586,27.708063,41.28132,20.837828,7.576199
"008","9pm",1.3815972,13.675967,44.58979,28.72988,11.622767
"009","9pm",3.9228746,9.575779,36.64386,25.981953,23.875537
"010","9pm",0.9354408,14.442352,38.47859,38.278026,7.865588
"011","9pm",3.8473765,10.809822,34.4601,23.419568,27.463133
"012","9pm",0.7353541,15.571807,40.72958,29.917041,13.046223
"013","9pm",4.4079738,11.363142,36.12173,36.392894,11.714259
"014","9pm",6.1804079,8.770862,46.43461,9.659306,28.954816
"015","9pm",3.5681826,10.573687,39.62626,28.413577,17.818296
"016","9pm",1.3878873,11.836793,43.36361,19.001341,24.410372
"017","9pm",4.2300929,16.968295,38.81408,24.305512,15.682016
"018","9pm",0,10.093121,54.25723,25.037301,10.612352
"019","9pm",1.0891809,12.874838,29.2142,37.60359,19.218195
"020","9pm",3.0176735,11.948684,35.60592,24.676826,24.750894
"021","9pm",2.4488213,7.481655,43.30315,34.204014,12.562364
"022","9pm",5.3998268,19.514729,46.27311,13.50528,15.307049
"023","9pm",0.3999107,12.190119,46.54635,30.030733,10.832888
"024","9pm",3.636912,22.310083,46.55633,21.457989,6.03869
"025","9pm",5.1250712,21.042698,35.19665,29.848315,8.787263
"026","9pm",1.7282509,26.306759,40.34627,22.584973,9.033745
"027","9pm",5.7948589,21.363173,34.60598,31.62546,6.610523
"028","9pm",6.0026533,20.907586,37.56523,23.239129,12.285405
"029","9pm",1.4701131,22.280107,41.27412,26.760071,8.215587
"030","9pm",4.2832116,17.706692,44.89392,18.781226,14.334951
"001","10pm",4.1616732,20.323119,31.63377,34.47412,9.407319
"002","10pm",3.2987217,21.545251,33.03084,35.66973,6.455458
"003","10pm",4.1008833,18.597731,41.7691,22.25251,13.279775
"004","10pm",4.7600328,19.182986,40.32759,22.41838,13.311004
"005","10pm",1.4337421,12.680176,37.9313,36.55481,11.399965
"006","10pm",2.4639478,20.333515,41.17607,23.46727,12.559196
"007","10pm",2.596586,27.708063,41.28132,20.83783,7.576199
"008","10pm",1.3815972,13.675967,44.58979,28.72988,11.622767
"009","10pm",3.8768558,9.463446,38.62883,25.67716,22.353708
"010","10pm",0.9457979,14.038802,38.36089,38.70184,7.952674
"011","10pm",3.9407939,11.072293,35.39084,23.5749,26.02117
"012","10pm",0.7320104,15.135365,41.32324,29.37724,13.432145
"013","10pm",4.4294925,12.181984,35.88471,35.73237,11.771445
"014","10pm",6.128103,8.696634,46.32088,10.14461,28.709771
"015","10pm",3.5114203,10.881258,38.77001,28.81664,18.020673
"016","10pm",1.3884965,11.841988,43.01946,18.62745,25.122612
"017","10pm",4.1989812,16.843496,39.48516,24.52542,14.946949
"018","10pm",0,11.24036,50.54376,26.8396,11.376277
"019","10pm",1.0479765,11.390312,32.08649,36.75403,18.721189
"020","10pm",3.0152358,11.688576,35.10272,24.27628,25.917189
"021","10pm",2.499603,7.636803,43.20997,33.83075,12.822873
"022","10pm",5.4123581,19.560016,45.0354,14.64965,15.342572
"023","10pm",0.3899208,11.885606,46.4503,29.56899,11.705181
"024","10pm",3.5298824,21.216051,48.31191,21.08118,5.860979
"025","10pm",5.0171868,22.890422,34.2701,29.22,8.602288
"026","10pm",1.747185,25.499399,40.78829,22.83241,9.132716
"027","10pm",5.4409568,25.341346,33.31685,29.69404,6.206807
"028","10pm",5.9664915,21.384063,37.33892,23.09913,12.211394
"029","10pm",1.509873,19.633922,42.93461,27.48381,8.437782
"030","10pm",4.2831763,17.078603,44.89355,18.78107,14.9636
"001","11pm",4.1522542,20.277123,31.56217,34.62242,9.386028
"002","11pm",3.2621432,21.306342,32.96299,35.2742,7.194326
"003","11pm",4.1471774,18.807677,41.71194,22.50371,12.829499
"004","11pm",4.7746782,19.242008,40.14399,22.48736,13.351959
"005","11pm",1.4275889,12.625757,38.46821,36.12741,11.35104
"006","11pm",2.3908652,20.558203,39.95476,21.59778,15.498398
"007","11pm",2.6404488,26.48687,41.97867,21.18983,7.70418
"008","11pm",1.3815972,13.675967,44.58979,28.72988,11.622767
"009","11pm",3.8093763,10.601848,38.39392,25.23023,21.964626
"010","11pm",0.9457979,14.038802,38.36089,38.70184,7.952674
"011","11pm",4.1166998,11.406385,36.64884,24.62722,23.200856
"012","11pm",0.7372205,15.24309,40.90562,29.58633,13.527747
"013","11pm",4.379771,12.04524,36.04315,35.33127,12.200565
"014","11pm",6.0990031,8.655337,46.10092,10.09644,29.0483
"015","11pm",3.4897493,10.341263,39.25638,29.00315,17.909457
"016","11pm",1.3799462,11.769066,42.75455,19.12853,24.967908
"017","11pm",4.1630838,17.554407,39.1476,24.31575,14.819166
"018","11pm",0,11.24036,50.54376,26.8396,11.376277
"019","11pm",1.0719828,11.651234,31.04771,37.59597,18.633104
"020","11pm",3.046552,11.809973,34.46906,24.23703,26.437386
"021","11pm",2.4887237,7.603565,43.02191,34.11874,12.767062
"022","11pm",5.3897187,19.478198,45.26532,14.58837,15.278396
"023","11pm",0.3899208,11.885606,46.4503,29.56899,11.705181
"024","11pm",3.5298824,21.216051,48.31191,21.08118,5.860979
"025","11pm",5.0016751,22.819652,34.16415,29.12966,8.884864
"026","11pm",1.7322038,26.138206,40.43855,22.63663,9.054407
"027","11pm",5.4258869,25.271158,33.50155,29.61179,6.189616
"028","11pm",5.9664915,21.384063,37.33892,23.09913,12.211394
"029","11pm",1.5232418,18.922339,43.31477,27.72716,8.512493
"030","11pm",4.2831763,17.078603,44.89355,18.78107,14.9636
"001","12pm",4.5203691,20.199246,31.44096,34.48945,9.34998
"002","12pm",3.2621432,21.306342,32.96299,35.2742,7.194326
"003","12pm",4.1471774,18.807677,41.71194,22.50371,12.829499
"004","12pm",4.8041256,19.360681,39.77484,22.62605,13.434306
"005","12pm",1.4282489,12.631593,39.06894,36.14411,10.727111
"006","12pm",2.3908652,20.558203,39.95476,21.59778,15.498398
"007","12pm",2.6404488,26.48687,41.97867,21.18983,7.70418
"008","12pm",1.3696986,13.558187,44.20577,28.48245,12.383889
"009","12pm",3.8093763,10.601848,38.39392,25.23023,21.964626
"010","12pm",0.9390484,13.938616,38.08713,38.42565,8.609558
"011","12pm",4.16279,10.810469,36.66319,24.90295,23.46061
"012","12pm",0.7397305,15.294989,40.70441,29.68706,13.573806
"013","12pm",4.3408836,11.938292,35.72313,35.90545,12.092238
"014","12pm",6.0520998,8.886599,46.2176,10.0188,28.824909
"015","12pm",3.473326,10.763211,39.07163,28.86666,17.825172
"016","12pm",1.3799462,11.769066,42.75455,19.12853,24.967908
"017","12pm",4.1630838,17.554407,39.1476,24.31575,14.819166
"018","12pm",0,10.733667,48.74522,29.65766,10.863457
"019","12pm",1.0745948,11.679623,32.38328,37.16691,17.695588
"020","12pm",3.0233286,11.719948,34.96859,24.05227,26.235858
"021","12pm",2.4887237,7.603565,43.02191,34.11874,12.767062
"022","12pm",5.3897187,19.478198,45.26532,14.58837,15.278396
"023","12pm",0.3899208,11.885606,46.4503,29.56899,11.705181
"024","12pm",3.5298824,21.216051,48.31191,21.08118,5.860979
"025","12pm",5.0016751,22.819652,34.16415,29.12966,8.884864
"026","12pm",1.7173249,25.91369,40.0912,23.30115,8.976634
"027","12pm",5.4258869,25.271158,33.50155,29.61179,6.189616
"028","12pm",5.9664915,21.384063,37.33892,23.09913,12.211394
"029","12pm",1.5232418,18.922339,43.31477,27.72716,8.512493
"030","12pm",4.2831763,17.078603,44.89355,18.78107,14.9636
"001","1am",4.5203691,20.199246,31.44096,34.48945,9.34998
"002","1am",3.2621432,21.306342,32.96299,35.2742,7.194326
"003","1am",4.1471774,18.807677,41.71194,22.50371,12.829499
"004","1am",4.8041256,19.360681,39.77484,22.62605,13.434306
"005","1am",1.4282489,12.631593,39.06894,36.14411,10.727111
"006","1am",2.3757172,20.427951,40.33519,21.46094,15.400204
"007","1am",2.6650329,26.733478,41.43846,21.38712,7.775911
"008","1am",1.3696986,13.558187,44.20577,28.48245,12.383889
"009","1am",3.7974525,10.568663,38.58675,25.15126,21.895874
"010","1am",0.9338242,14.417393,37.87525,38.21188,8.561661
"011","1am",4.2094393,10.047134,36.8379,25.18201,23.723516
"012","1am",0.7372205,15.58241,40.56629,29.58633,13.527747
"013","1am",4.3026807,11.833226,35.40874,36.46953,11.985817
"014","1am",6.0520998,8.886599,46.2176,10.0188,28.824909
"015","1am",3.4576773,10.714718,38.8956,28.7366,18.195402
"016","1am",1.3799462,11.769066,42.75455,19.12853,24.967908
"017","1am",4.1186919,18.433544,38.73016,24.05646,14.661146
"018","1am",0,10.856511,49.30309,28.85261,10.987786
"019","1am",1.0745948,11.679623,32.38328,37.16691,17.695588
"020","1am",3.0233286,11.719948,34.96859,24.05227,26.235858
"021","1am",2.4887237,7.603565,43.02191,34.11874,12.767062
"022","1am",5.3897187,19.478198,45.26532,14.58837,15.278396
"023","1am",0.3899208,11.885606,46.4503,29.56899,11.705181
"024","1am",3.5298824,21.216051,48.31191,21.08118,5.860979
"025","1am",5.0016751,22.819652,34.16415,29.12966,8.884864
"026","1am",1.7243628,26.01989,40.25551,22.98682,9.013422
"027","1am",5.4258869,25.271158,33.50155,29.61179,6.189616
"028","1am",5.9664915,21.384063,37.33892,23.09913,12.211394
"029","1am",1.5167937,18.842237,43.13141,28.0331,8.476458
"030","1am",4.2437824,16.921525,44.48065,18.60833,15.745711
"001","2am",4.5203691,20.199246,31.44096,34.48945,9.34998
"002","2am",3.2621432,21.306342,32.96299,35.2742,7.194326
"003","2am",4.1471774,18.807677,41.71194,22.50371,12.829499
"004","2am",4.8041256,19.360681,39.77484,22.62605,13.434306
"005","2am",1.4282489,12.631593,39.06894,36.14411,10.727111
"006","2am",2.3757172,20.427951,40.33519,21.46094,15.400204
"007","2am",2.6650329,26.733478,41.43846,21.38712,7.775911
"008","2am",1.3696986,13.558187,44.20577,28.48245,12.383889
"009","2am",3.7974525,10.568663,38.58675,25.15126,21.895874
"010","2am",0.9338242,14.417393,37.87525,38.21188,8.561661
"011","2am",4.2094393,10.047134,36.8379,25.18201,23.723516
"012","2am",0.7372205,15.58241,40.56629,29.58633,13.527747
"013","2am",4.3026807,11.833226,35.40874,36.46953,11.985817
"014","2am",6.0520998,8.886599,46.2176,10.0188,28.824909
"015","2am",3.4412148,10.663704,38.71041,29.0759,18.108771
"016","2am",1.3799462,11.769066,42.75455,19.12853,24.967908
"017","2am",4.1186919,18.433544,38.73016,24.05646,14.661146
"018","2am",0,10.856511,49.30309,28.85261,10.987786
