"district","hour","occ1","occ2","occ3","occ4","occ5"
"001","4am",52.97693,5.800679,7.877586,31.51432,1.8304803
"002","4am",50.01575,3.535456,2.0922223,39.39417,4.9624026
"003","4am",45.78777,7.917467,3.0790972,38.5176,4.6980663
"004","4am",41.00554,4.488528,3.0382616,44.78698,6.6806948
"005","4am",48.24888,5.797945,7.5421654,37.38012,1.0308878
"006","4am",55.85816,7.331138,2.1879624,30.23725,4.3854888
"007","4am",36.04878,7.811267,5.7849668,46.82193,3.5330576
"008","4am",49.79146,4.912153,0.9671262,42.05212,2.2771418
"009","4am",51.25689,5.875139,2.8237817,34.98104,5.063145
"010","4am",63.65434,10.55149,2.5446048,22.36539,0.8841808
"011","4am",47.12457,21.36098,4.8424453,25.08024,1.5917696
"012","4am",53.28735,12.947916,1.8239561,30.72198,1.2188018
"013","4am",52.67972,16.177339,1.4670665,26.74176,2.9341136
"014","4am",51.44317,13.605996,5.4640508,27.5109,1.9758847
"015","4am",62.23094,11.482785,2.5331378,22.35139,1.4017435
"016","4am",50.04063,8.884752,9.9644499,27.83025,3.2799157
"017","4am",49.05277,6.736992,8.0266083,30.69424,5.4893868
"018","4am",61.33829,6.915234,3.6733374,26.47359,1.5995451
"019","4am",59.90432,7.269121,2.284576,28.36227,2.1797143
"020","4am",49.38909,10.259053,1.2340637,36.24661,2.8711873
"021","4am",47.71113,9.290197,3.7341694,35.24324,4.0212652
"022","4am",53.69194,5.813469,3.9375657,32.63389,3.9231369
"023","4am",61.4774,5.073958,3.835343,28.81789,0.7954062
"024","4am",55.09568,7.612019,3.6013257,29.42678,4.2641902
"025","4am",46.09295,4.73734,3.9395794,41.38828,3.8418516
"026","4am",55.11456,1.584167,4.380829,38.28075,0.6396943
"027","4am",61.20329,5.303397,2.6970976,26.63382,4.1624012
"028","4am",42.58,4.0915,5.5076408,43.47493,4.3459289
"029","4am",54.63401,4.601547,5.6765919,32.22457,2.8632809
"030","4am",52.33928,8.073081,4.9328609,29.47066,5.1841119
"001","5am",52.99434,5.798532,7.8746694,31.50266,1.8298026
"002","5am",50.15564,3.525561,2.0863667,39.28392,4.9485142
"003","5am",45.56337,7.95024,3.0918426,38.67704,4.7175131
"004","5am",40.72636,4.509769,3.0526396,44.99892,6.7123099
"005","5am",47.95964,5.83035,7.5843191,37.58904,1.0366496
"006","5am",55.50351,7.390039,2.2055413,30.48019,4.4207233
"007","5am",37.26209,7.663068,5.6752119,45.9336,3.4660269
"008","5am",49.36695,4.953684,0.9753031,42.40766,2.2963948
"009","5am",51.10645,5.893273,2.8324972,35.08901,5.0787722
"010","5am",61.39832,11.206433,2.7025514,23.75364,0.9390629
"011","5am",47.86622,21.061364,4.7745236,24.72845,1.5694429
"012","5am",54.53335,12.602548,1.7753045,29.90251,1.1862919
"013","5am",52.91289,16.097625,1.4598375,26.60999,2.9196557
"014","5am",44.85209,15.452867,6.2057383,31.24521,2.2440903
"015","5am",62.93847,11.267678,2.4856845,21.93268,1.3754846
"016","5am",51.93795,8.547332,9.5860265,26.77334,3.1553532
"017","5am",48.63339,6.792448,8.0926801,30.94691,5.5345732
"018","5am",65.48265,6.173954,3.2795729,23.63575,1.4280814
"019","5am",61.19129,7.0358,2.2112469,27.45192,2.109751
"020","5am",49.46826,10.243004,1.2321331,36.18991,2.8666957
"021","5am",45.78746,9.631977,3.871547,36.53981,4.1692048
"022","5am",51.58103,6.07847,4.1170559,34.12148,4.1019694
"023","5am",61.09582,5.124217,3.8733333,29.10334,0.803285
"024","5am",54.43639,7.72378,3.654201,29.85883,4.3267979
"025","5am",44.92783,4.839731,4.0247279,42.28283,3.9248879
"026","5am",55.40761,1.573824,4.3522272,38.03082,0.6355178
"027","5am",61.06924,5.321721,2.7064164,26.72584,4.1767829
"028","5am",43.20056,4.047282,5.4481177,43.00508,4.2989609
"029","5am",53.62394,4.704001,5.8029809,32.94205,2.9270316
"030","5am",52.47034,8.050882,4.919297,29.38963,5.169857
"001","6am",53.39849,4.904013,7.9683795,31.87754,1.8515776
"002","6am",50.06764,3.60582,2.1338623,40.17821,4.0144776
"003","6am",44.26404,8.140001,3.1656406,39.6002,4.8301136
"004","6am",39.11824,3.552216,3.1956548,47.10711,7.0267797
"005","6am",46.93165,5.945521,7.7341378,38.33156,1.0571273
"006","6am",54.56916,7.545217,2.2518539,31.12022,4.5135509
"007","6am",32.54816,7.409414,6.1870991,50.07667,3.7786522
"008","6am",48.31335,5.056763,0.9955978,43.29011,2.3441794
"009","6am",54.26238,5.512879,2.6496677,32.82412,4.7509523
"010","6am",63.34792,8.249324,2.8019422,24.62722,0.9735985
"011","6am",48.98629,20.608869,4.6719448,24.19717,1.535724
"012","6am",53.93796,12.767579,1.7985522,30.29408,1.2018264
"013","6am",52.76122,16.149476,1.4645397,26.6957,2.9290601
"014","6am",44.26864,15.616354,6.2713931,31.57578,2.2678321
"015","6am",64.05004,10.929732,2.4111325,21.27486,1.3342303
"016","6am",51.94095,8.546799,9.5854283,26.77166,3.1551563
"017","6am",46.80473,7.03426,8.3807804,32.04862,5.7316046
"018","6am",65.24153,6.217082,3.3024823,23.80085,1.4380573
"019","6am",57.49599,6.742148,2.4888588,30.89838,2.3746205
"020","6am",50.47792,9.176327,1.2338768,36.24112,2.8707526
"021","6am",44.00811,9.948115,3.9986177,37.73911,4.3060452
"022","6am",52.28901,5.989591,4.0568564,33.62255,4.0419905
"023","6am",59.95576,4.758241,4.0460217,30.40088,0.8390986
"024","6am",54.03818,7.274073,3.7613165,30.47281,4.4536292
"025","6am",43.9237,4.927974,4.0981105,43.05377,3.9964502
"026","6am",55.40761,1.573824,4.3522272,38.03082,0.6355178
"027","6am",60.61549,5.383747,2.7379603,27.03733,4.2254641
"028","6am",41.38602,4.176578,5.6221659,44.37894,4.4362975
"029","6am",50.99674,4.970482,6.1317198,34.80821,3.092848
"030","6am",56.20653,3.323484,5.0428066,30.12752,5.2996576
"001","7am",49.90382,5.2717662,8.565931,34.26805,1.9904281
"002","7am",44.9968,1.3096896,2.564381,47.07399,4.0551322
"003","7am",45.2597,4.9599717,2.873363,41.93184,4.9751195
"004","7am",43.00452,1.5693077,3.116488,45.94011,6.3695743
"005","7am",41.27231,1.3755789,9.604982,46.43429,1.3128404
"006","7am",54.89743,1.9357331,2.627412,35.27311,5.266309
"007","7am",32.75501,6.0853624,6.302222,51.00845,3.8489612
"008","7am",43.1056,2.9939391,1.150832,50.03994,2.7096863
"009","7am",52.64745,11.4348448,2.271367,29.57369,4.0726444
"010","7am",61.25403,5.3044392,3.299019,28.99619,1.1463191
"011","7am",42.29326,35.2590592,3.399923,17.93016,1.1175952
"012","7am",56.22107,6.9735206,1.988212,33.48864,1.3285607
"013","7am",49.45615,25.2412997,1.191941,21.72675,2.3838653
"014","7am",43.80294,15.8405138,5.75264,32.29999,2.3039138
"015","7am",66.61732,10.1302566,2.272571,19.7223,1.2575556
"016","7am",61.32097,6.8341133,8.032969,21.30148,2.5104716
"017","7am",46.98856,4.9184283,8.23167,33.59425,6.2670956
"018","7am",69.52183,0.6758188,3.448386,24.85237,1.5015907
"019","7am",54.15699,4.7957357,3.484108,34.88237,2.6808003
"020","7am",46.43944,5.4197276,1.47227,43.24316,3.4254019
"021","7am",43.57437,13.7281489,3.679862,35.05484,3.9627823
"022","7am",49.23893,4.1214751,4.535086,37.58604,4.5184679
"023","7am",56.85224,3.8652615,4.504275,33.84409,0.934135
"024","7am",53.07873,4.9266702,4.082816,33.07748,4.8343042
"025","7am",43.67493,1.6754874,4.378639,46.00093,4.2700193
"026","7am",51.10462,0.8783458,4.857926,42.44975,0.7093607
"027","7am",58.91687,3.2473267,3.046783,30.08696,4.7020669
"028","7am",37.65773,4.0133389,6.024073,47.55142,4.7534318
"029","7am",47.37291,3.5187199,7.03494,39.21201,2.861422
"030","7am",53.04559,6.6177555,5.026194,30.02827,5.2821983
"001","8am",49.77218,5.285619,8.5884404,34.3581,1.9956585
"002","8am",40.32687,9.865913,2.4424017,42.97669,4.3881224
"003","8am",49.50824,4.643045,2.6897642,38.50173,4.6572244
"004","8am",43.83613,2.691164,2.9921333,44.82901,5.6515641
"005","8am",36.24293,0,10.5840424,51.72637,1.4466616
"006","8am",50.89559,2.127341,2.8874861,38.30199,5.7875938
"007","8am",31.92649,3.335387,6.757442,53.8537,4.1269781
"008","8am",36.25386,2.305961,1.3222839,57.00452,3.1133765
"009","8am",55.85943,10.001062,2.2122422,27.96063,3.9666321
"010","8am",56.44044,3.730177,4.003876,34.43427,1.3912377
"011","8am",47.35233,32.928842,3.1267233,15.76928,0.8228259
"012","8am",54.9811,6.676775,2.4520227,34.56124,1.3288576
"013","8am",45.1268,33.315876,0.2245408,19.78181,1.5509695
"014","8am",41.99691,16.591885,5.4282931,33.56972,2.4131965
"015","8am",73.4923,4.497574,2.0717231,18.60196,1.336437
"016","8am",69.45185,4.877887,6.7633201,16.5483,2.3586439
"017","8am",43.99853,4.559246,8.7749768,35.98651,6.6807367
"018","8am",69.02357,1.7068,3.3077338,24.52155,1.440344
"019","8am",54.17767,5.558701,2.1279098,35.39572,2.7399906
"020","8am",44.81285,4.703295,2.6048006,45.02132,2.857734
"021","8am",43.45978,13.241934,2.8744172,36.38049,4.0433784
"022","8am",51.77882,3.17598,4.4100847,36.24119,4.3939244
"023","8am",54.48026,2.138949,4.9154995,37.44587,1.0194183
"024","8am",48.33535,7.998058,2.9441929,35.50056,5.221837
"025","8am",42.98415,1.743704,2.8000946,48.02818,4.4438708
"026","8am",45.89708,2.905524,4.2394444,46.18036,0.7775879
"027","8am",58.28167,1.398128,3.3120656,31.89666,5.1114745
"028","8am",41.71319,4.032603,3.0123946,46.46556,4.7762487
"029","8am",42.14928,1.112392,8.2495048,45.13339,3.3554395
"030","8am",48.92941,10.222867,5.1316408,31.35579,4.3602895
"001","9am",49.79013,5.518896,8.9674848,33.63975,2.083735
"002","9am",43.20697,9.5264406,1.5673875,41.82088,3.878327
"003","9am",49.52812,4.5362689,2.6279079,38.54295,4.764753
"004","9am",41.31377,2.8044367,3.8710246,46.12133,5.889442
"005","9am",40.16702,0,10.2454149,48.18719,1.400377
"006","9am",51.13314,1.2051796,2.0595115,40.00804,5.594129
"007","9am",34.88781,3.2831228,6.6515552,51.1152,4.06231
"008","9am",36.81079,2.3016659,1.3198209,56.46015,3.107577
"009","9am",56.13629,9.2675177,2.9206166,27.99988,3.675693
"010","9am",59.46982,2.8641673,1.9733039,34.3193,1.373406
"011","9am",45.25467,31.6972576,4.9001982,16.66912,1.478748
"012","9am",56.20668,4.5548077,2.456405,35.45088,1.331233
"013","9am",45.03919,35.0515017,0.2266967,18.11675,1.565861
"014","9am",42.41546,17.3499928,6.8934903,32.11178,1.229278
"015","9am",73.46442,4.4805055,1.6930763,18.8154,1.546597
"016","9am",68.05986,4.7866112,6.7811045,18.16421,2.208214
"017","9am",44.47234,3.6246961,7.3961907,37.38344,7.123333
"018","9am",69.90402,1.7383369,3.3688517,23.52183,1.466958
"019","9am",56.32484,5.530742,2.1172068,32.88556,3.141651
"020","9am",47.17601,4.5213459,2.5040326,42.03308,3.765535
"021","9am",42.10224,14.0915117,3.1062498,36.87419,3.82581
"022","9am",52.7731,0.8433366,4.1594107,38.10206,4.122087
"023","9am",51.49345,2.4384143,5.6036987,39.30229,1.162143
"024","9am",52.44497,4.8631248,4.0301547,33.8898,4.77195
"025","9am",44.62052,1.7565727,2.8207596,46.32548,4.476667
"026","9am",46.39201,2.8771771,5.2732153,43.87847,1.579134
"027","9am",54.60346,1.4339483,4.3804779,34.33968,5.24243
"028","9am",41.55649,4.1027835,3.0648199,46.48901,4.786898
"029","9am",43.86687,1.1745514,7.5762948,44.73523,2.647051
"030","9am",50.17195,9.589878,4.813895,30.93235,4.491928
"001","10am",49.30734,5.7075934,9.274093,33.55599,2.1549807
"002","10am",46.43218,9.6915358,2.399233,37.53151,3.9455395
"003","10am",51.54645,4.4403646,2.57235,36.77682,4.6640183
"004","10am",40.57872,1.5826135,3.142912,48.7594,5.9363556
"005","10am",37.48368,1.521322,10.210995,49.33206,1.4519363
"006","10am",46.10305,1.2514623,2.138603,45.09572,5.4111667
"007","10am",37.81558,3.4483147,2.972374,51.49702,4.266707
"008","10am",35.07471,2.3357218,1.339349,58.09667,3.1535575
"009","10am",56.18597,9.3066438,2.932947,27.88323,3.6912111
"010","10am",58.82751,3.0912672,2.129767,34.46915,1.4823035
"011","10am",47.32525,31.2642215,3.106754,17.5517,0.7520783
"012","10am",57.47468,4.3757512,2.596998,34.27367,1.2788997
"013","10am",40.55176,34.4076917,5.152027,18.36426,1.5242599
"014","10am",41.70599,16.8288855,6.392401,31.76946,3.3032638
"015","10am",72.63186,4.875026,2.124558,18.68578,1.6827791
"016","10am",72.45779,3.6190985,4.695831,17.28259,1.9446856
"017","10am",43.57125,3.6642764,7.476954,38.08641,7.2011168
"018","10am",69.03626,1.7910935,3.471092,24.19008,1.5114781
"019","10am",56.02394,5.7226833,2.190683,33.24187,2.8208205
"020","10am",46.38072,4.3864217,2.429308,43.24572,3.5578335
"021","10am",43.98416,15.0629108,1.590212,35.32615,4.0365636
"022","10am",51.09513,0.9168479,3.796136,40.07151,4.1203733
"023","10am",51.72739,2.4665482,5.668353,38.96216,1.1755515
"024","10am",58.28581,1.9336861,4.102977,31.18558,4.4919473
"025","10am",42.78984,1.7660903,4.615416,46.32773,4.5009228
"026","10am",44.78287,3.017281,5.529994,45.01383,1.6560301
"027","10am",57.95677,1.4293279,3.385975,32.00239,5.2255384
"028","10am",41.27879,4.2546646,2.397562,48.19865,3.8703279
"029","10am",43.81147,1.1471533,8.507296,43.07379,3.4602947
"030","10am",50.25421,9.3722532,5.358573,31.13178,3.8831818
"001","11am",49.90158,5.669381,8.9571517,33.33133,2.140553
"002","11am",39.50926,10.171205,2.5179797,43.27765,4.523909
"003","11am",51.99898,4.530016,2.6242857,36.30286,4.5438509
"004","11am",43.00477,1.545185,3.0685826,46.5855,5.795962
"005","11am",39.83575,1.450501,10.1281267,47.20128,1.3843455
"006","11am",53.56145,1.191647,2.0363855,38.05799,5.1525318
"007","11am",35.17829,4.960953,6.5107117,49.37376,3.9762924
"008","11am",36.46719,2.35715,1.3516363,56.64154,3.1824881
"009","11am",53.43541,9.421001,2.9689862,30.43804,3.7365676
"010","11am",56.88499,2.948711,4.0692286,34.68312,1.413946
"011","11am",47.25662,32.229763,3.5158811,16.03227,0.9654687
"012","11am",61.74976,6.743523,2.0208117,28.39074,1.0951656
"013","11am",45.55196,32.808815,0.2360311,20.07114,1.3320512
"014","11am",43.62137,15.10361,6.8580703,31.9392,2.4777468
"015","11am",67.508,5.455297,2.3774427,23.03824,1.621021
"016","11am",70.78586,4.306791,5.5638405,16.99609,2.3474176
"017","11am",42.35151,4.698056,8.9769246,37.13902,6.8344876
"018","11am",68.99861,1.86219,3.6088757,23.78647,1.7438469
"019","11am",56.78593,4.286575,2.1714405,33.96001,2.7960427
"020","11am",45.35875,5.272644,2.4781937,43.26098,3.6294285
"021","11am",45.18322,14.570026,3.0469432,33.14604,4.0537725
"022","11am",48.20645,1.831257,4.5159602,41.00759,4.4387472
"023","11am",52.41282,2.364612,5.4340951,38.66151,1.1269691
"024","11am",55.99559,3.436413,4.051574,32.08075,4.4356713
"025","11am",39.811,1.859921,4.8606288,48.7284,4.7400529
"026","11am",43.94498,2.934553,5.3783728,46.13147,1.6106251
"027","11am",58.52155,1.544212,3.6581283,30.63056,5.6455493
"028","11am",40.31808,4.13719,3.0905219,47.00027,5.4539394
"029","11am",45.56975,1.050712,7.7920872,41.65711,3.9303397
"030","11am",51.20469,10.094443,5.0671748,30.07808,3.555606
"001","12am",49.38499,5.366457,8.7197908,34.50258,2.02618
"002","12am",40.9774,8.277631,2.3457968,44.18461,4.214558
"003","12am",51.43002,4.606434,2.6685552,36.67449,4.620502
"004","12am",42.49146,1.591986,3.1615236,46.78352,5.97151
"005","12am",38.79427,1.517839,9.5978862,48.64139,1.448612
"006","12am",50.79914,1.140133,3.0701111,40.06083,4.929794
"007","12am",32.75059,4.598413,6.6694644,51.90828,4.073248
"008","12am",40.53572,2.189029,0.4655289,53.85422,2.955501
"009","12am",55.22507,9.688783,2.8557546,28.37641,3.853979
"010","12am",59.7542,4.037433,3.58412,31.37887,1.245384
"011","12am",47.70243,31.904201,3.2280043,16.07782,1.087545
"012","12am",59.61571,4.619456,2.4202454,32.03295,1.311636
"013","12am",50.32553,27.649375,1.0948149,19.02842,1.901866
"014","12am",47.97856,13.313097,5.7398212,30.66974,2.29878
"015","12am",69.20331,6.007813,2.5047183,20.89814,1.386017
"016","12am",65.4015,8.727339,6.2318405,17.79057,1.848758
"017","12am",41.99056,4.693375,8.9679788,37.52041,6.827677
"018","12am",63.37848,2.708036,3.8035065,28.27208,1.837895
"019","12am",60.58537,4.754735,1.820146,30.49605,2.3437
"020","12am",45.71989,4.421159,2.4886911,43.72546,3.644802
"021","12am",44.52759,14.191206,3.1670509,34.71889,3.395269
"022","12am",48.8323,3.651795,4.0285645,39.0294,4.457937
"023","12am",53.17526,2.203441,5.0637086,38.50744,1.050155
"024","12am",55.08521,4.05875,3.9134508,32.65814,4.284454
"025","12am",39.62107,1.837987,4.8033077,49.05348,4.684154
"026","12am",45.25467,2.913757,5.3402583,44.89211,1.599211
"027","12am",56.65181,2.588439,3.5624089,31.69951,5.497827
"028","12am",40.94486,3.305672,3.0460559,47.32795,5.375469
"029","12am",48.2512,0.966482,7.1674366,39.99962,3.615265
"030","12am",50.6716,10.264119,5.1523485,30.29656,3.615372
"001","1pm",49.67503,4.435609,8.9696004,35.22743,1.6923274
"002","1pm",39.92904,10.363976,2.5657021,42.53164,4.6096491
"003","1pm",50.86996,4.59288,2.3020551,37.62819,4.6069067
"004","1pm",41.3617,2.074447,3.1490679,47.4668,5.9479832
"005","1pm",41.85828,1.485465,10.3722611,44.86628,1.4177146
"006","1pm",49.28502,1.114159,1.9039678,42.03755,5.6593001
"007","1pm",37.62656,5.312587,5.3367201,47.85156,3.8725688
"008","1pm",40.16769,1.175075,0.4917062,55.04384,3.1216929
"009","1pm",57.10713,8.865275,2.8178989,27.40681,3.8028907
"010","1pm",56.10779,4.403238,3.9088535,34.2219,1.35822
"011","1pm",47.80207,31.874677,2.8964676,16.52579,0.9009992
"012","1pm",59.18985,4.782518,2.5056776,32.16402,1.3579355
"013","1pm",51.31611,28.724386,0.2248784,17.57209,2.162536
"014","1pm",48.80079,13.153856,7.1386609,28.63541,2.2712837
"015","1pm",63.76931,8.539167,2.9375197,22.79264,1.9613668
"016","1pm",66.78289,7.839721,7.0271824,16.85116,1.4990523
"017","1pm",40.04315,5.018404,7.580158,40.05778,7.300513
"018","1pm",65.35422,2.669144,3.7488826,26.41625,1.8114997
"019","1pm",58.3145,3.83816,3.2428569,32.10093,2.5035508
"020","1pm",45.13248,5.172468,1.6055654,43.90711,4.1823793
"021","1pm",46.86128,14.012603,3.0102041,32.8888,3.2271197
"022","1pm",54.46903,2.687992,3.9043752,35.23141,3.7071983
"023","1pm",52.36302,2.279109,4.6377943,39.63386,1.0862184
"024","1pm",53.70411,4.359896,4.2038155,33.87815,3.8540277
"025","1pm",40.82271,1.789232,5.075896,47.75226,4.5598989
"026","1pm",45.09839,3.710299,5.1075955,44.04271,2.0410081
"027","1pm",56.25326,3.584195,3.4185895,31.46808,5.2758717
"028","1pm",38.36037,3.420273,3.1516568,49.50588,5.5618262
"029","1pm",51.10819,1.057339,3.9262871,39.95305,3.9551302
"030","1pm",49.48225,8.59684,7.7275729,30.63285,3.5604894
"001","2pm",52.22796,2.184656,9.3469399,34.47692,1.7635215
"002","2pm",45.40062,9.232849,2.2856807,38.9743,4.1065507
"003","2pm",50.87749,4.674678,1.7956338,37.96325,4.6889542
"004","2pm",38.59153,2.239553,4.1176109,48.62993,6.421383
"005","2pm",43.52391,1.460786,10.1999421,43.4212,1.3941615
"006","2pm",49.34642,1.164347,1.1455793,41.53039,6.8132654
"007","2pm",37.71207,5.893564,5.241354,48.03707,3.1159442
"008","2pm",39.89186,2.297269,0.4885477,54.22068,3.1016405
"009","2pm",58.69704,8.098603,3.1527728,25.54716,4.5044313
"010","2pm",56.82916,5.514408,3.7825181,32.55959,1.3143219
"011","2pm",46.78258,31.96206,3.142854,17.31404,0.7984751
"012","2pm",52.51535,5.013339,2.6266106,38.11543,1.7292695
"013","2pm",50.44153,30.25777,0.2269858,17.17777,1.8959471
"014","2pm",48.43289,14.409765,6.8868433,27.13757,3.1329284
"015","2pm",59.24436,11.687993,3.763386,23.41441,1.8898529
"016","2pm",65.76451,6.588435,7.5814666,18.6505,1.4150899
"017","2pm",40.3602,5.441733,6.518513,40.38967,7.2898834
"018","2pm",61.42875,2.626411,5.0899156,28.93756,1.9173583
"019","2pm",55.27622,4.236642,2.1461461,35.1091,3.2318921
"020","2pm",46.22712,4.685053,3.467572,41.9262,3.6940571
"021","2pm",50.07826,11.926834,1.4012766,33.23798,3.3556539
"022","2pm",55.24489,2.812015,4.7207913,33.99968,3.2226255
"023","2pm",54.5604,2.307879,4.6963391,37.33545,1.0999302
"024","2pm",58.55027,3.350671,2.9003981,31.57688,3.6217745
"025","2pm",43.91126,1.647317,4.6732956,45.16918,4.5989433
"026","2pm",42.92218,3.975316,5.4724171,45.4433,2.1867917
"027","2pm",56.92391,3.573518,2.7480867,30.94381,5.8106755
"028","2pm",38.65675,3.428406,3.5823707,48.75742,5.5750511
"029","2pm",54.37492,1.001783,7.4292301,33.44676,3.747314
"030","2pm",49.6534,8.836751,4.4235642,33.17805,3.9082281
"001","3pm",51.99872,2.1703326,9.2856573,34.79333,1.751959
"002","3pm",44.30894,9.4801449,2.3469011,40.15279,3.711225
"003","3pm",50.56755,4.5936331,2.6611396,37.57001,4.607662
"004","3pm",37.70908,4.1778936,3.2980514,48.07432,6.74066
"005","3pm",46.53829,1.503743,5.4741229,45.04869,1.435159
"006","3pm",48.3664,5.4593917,0,41.07358,5.100631
"007","3pm",33.53792,6.0585173,6.2884994,50.20524,3.909818
"008","3pm",41.69142,2.3082168,0.4908759,52.39306,3.116422
"009","3pm",55.64966,7.3740387,3.3287858,28.24478,5.402742
"010","3pm",58.45469,4.2678819,3.7741476,32.19187,1.311413
"011","3pm",48.48434,27.7927968,3.5399263,19.29524,0.887692
"012","3pm",54.13688,5.1652731,1.3721672,37.89085,1.434836
"013","3pm",52.14093,26.3971358,0.6227881,18.8672,1.971939
"014","3pm",56.23872,13.1094939,5.6327684,22.45659,2.562431
"015","3pm",57.78121,13.0092512,5.3186981,21.93508,1.95577
"016","3pm",60.69654,10.6904331,9.2598613,18.03601,1.317153
"017","3pm",42.81664,5.0848915,9.2267499,36.05987,6.811849
"018","3pm",64.06372,2.4022533,4.6555042,26.62894,2.249589
"019","3pm",55.38431,5.901105,2.1950962,33.21388,3.305606
"020","3pm",47.34128,4.6859132,1.7847861,42.49328,3.694735
"021","3pm",55.24455,9.7812925,1.3584818,30.3625,3.253173
"022","3pm",50.45756,2.8556393,5.0309498,37.5228,4.13305
"023","3pm",55.82197,1.7737046,4.9405235,36.30668,1.157121
"024","3pm",58.87202,3.91944,2.7994408,30.91339,3.495707
"025","3pm",40.28983,1.7969906,5.0979075,48.2356,4.579673
"026","3pm",40.74575,4.1359151,5.6934984,48.02333,1.401515
"027","3pm",55.98908,3.6946649,1.8168717,33.92267,4.576709
"028","3pm",38.79526,3.4658715,3.6215186,49.05368,5.063673
"029","3pm",55.84232,0.9388903,6.9628169,32.74391,3.512055
"030","3pm",51.41875,8.391292,4.200573,30.78431,5.20508
"001","4pm",51.963,2.199345,9.0943428,34.6301,2.1132128
"002","4pm",46.77955,7.855425,2.6633746,38.57202,4.1296278
"003","4pm",47.17277,5.684751,2.797409,39.60844,4.7366298
"004","4pm",38.14085,4.025293,3.1775874,48.83283,5.8234462
"005","4pm",45.0558,3.383338,5.1077441,45.11401,1.339105
"006","4pm",51.03063,4.889856,1.7641396,38.52685,3.7885291
"007","4pm",34.14514,7.435478,6.4845345,47.27412,4.6607234
"008","4pm",40.70473,3.27911,0.4674632,52.58092,2.9677818
"009","4pm",57.25927,6.708339,3.075735,27.49789,5.4587667
"010","4pm",56.24466,8.339006,3.7633087,30.34538,1.3076472
"011","4pm",51.15493,22.011264,4.6192227,20.22295,1.9916268
"012","4pm",54.29144,8.138141,2.1042687,34.00867,1.4574765
"013","4pm",55.75871,20.969563,1.1316206,20.76156,1.3785477
"014","4pm",50.95003,12.899535,4.5431714,29.18008,2.4271899
"015","4pm",55.62246,11.295084,3.8185211,27.67475,1.5891912
"016","4pm",60.24358,12.906147,9.2892644,16.24744,1.3135679
"017","4pm",38.66008,6.983868,9.7035547,37.48864,7.1638609
"018","4pm",62.03187,6.060095,4.5511439,26.65476,0.7021336
"019","4pm",58.55985,3.470845,2.7456795,32.15993,3.0636948
"020","4pm",46.60228,8.504961,1.4445756,40.11018,3.3379997
"021","4pm",51.59138,7.698738,0.9419396,35.45973,4.3082114
"022","4pm",54.40389,5.179981,3.9300352,32.60891,3.8771878
"023","4pm",55.55205,4.985313,4.9051078,33.40871,1.148826
"024","4pm",59.79222,4.367203,3.5888448,28.96151,3.290227
"025","4pm",37.37373,3.752914,5.0518286,49.28325,4.5382781
"026","4pm",43.41709,4.912948,5.3764079,44.9701,1.3234596
"027","4pm",59.25933,2.533229,2.8109912,30.30536,5.0910893
"028","4pm",37.97859,3.475092,3.6311529,49.83803,5.0771436
"029","4pm",54.34376,4.01212,6.3180887,32.13918,3.1868527
"030","4pm",52.59339,6.407521,4.6432645,32.12048,4.2353454
"001","5pm",52.46794,4.319214,8.59335,32.62269,1.9967993
"002","5pm",51.0997,3.036384,2.2398356,38.75331,4.8707738
"003","5pm",43.36256,8.72271,3.1957796,39.84285,4.8760994
"004","5pm",38.11453,4.782685,3.2373745,47.93239,5.9330158
"005","5pm",47.05196,6.522645,5.5354731,39.73019,1.1597411
"006","5pm",52.93726,5.870677,1.7537218,36.44757,2.9907701
"007","5pm",35.09367,6.241224,6.2519224,48.59494,3.8182418
"008","5pm",39.3676,5.673653,0.4534016,51.62684,2.8785086
"009","5pm",56.35742,6.143218,2.9706905,29.0178,5.5108751
"010","5pm",58.99886,10.924403,3.2465304,25.70213,1.1280808
"011","5pm",50.96401,21.029475,4.7057822,21.63854,1.6621897
"012","5pm",53.78748,10.349372,1.7910576,32.87527,1.1968184
"013","5pm",56.58591,14.100276,5.7840808,21.14728,2.3824441
"014","5pm",53.72186,12.803392,5.3651711,26.06383,2.0457493
"015","5pm",61.1936,5.617026,4.9433767,26.59293,1.6530762
"016","5pm",64.01226,9.43855,3.3952279,20.87144,2.2825222
"017","5pm",42.2778,5.27495,8.5143094,37.10688,6.8260598
"018","5pm",60.06716,6.111527,1.2554869,31.85773,0.7080926
"019","5pm",51.85173,6.857409,3.0667678,35.29809,2.9260037
"020","5pm",46.05387,10.1939,1.4366179,38.72196,3.5936577
"021","5pm",50.69193,6.561445,3.7025967,35.05676,3.987265
"022","5pm",53.24872,5.780546,3.7632083,33.49492,3.7126043
"023","5pm",52.17976,7.47045,4.9113101,34.41993,1.0185495
"024","5pm",52.16351,7.325258,3.8836557,32.80128,3.8262983
"025","5pm",38.76434,4.753274,4.5898544,47.41654,4.4759955
"026","5pm",49.31366,2.614088,4.7616902,42.13842,1.1721403
"027","5pm",57.2545,4.515156,3.2739322,29.90379,5.0526237
"028","5pm",36.76667,3.94483,6.3961853,47.84526,5.0470551
"029","5pm",57.29016,3.967613,5.8712077,29.90958,2.9614454
"030","5pm",53.53754,4.025433,3.8427209,33.14169,5.4526126
"001","6pm",53.34442,4.961531,7.957023,31.88809,1.8489387
"002","6pm",47.9137,3.868855,2.289522,41.6206,4.3073231
"003","6pm",45.9576,7.900089,3.072339,38.38222,4.6877549
"004","6pm",42.15724,4.389846,2.971464,43.94764,6.533816
"005","6pm",44.85264,6.222134,8.093965,39.72495,1.1063096
"006","6pm",51.09035,9.350807,1.564724,33.74395,4.2501673
"007","6pm",34.83673,7.97629,5.907182,47.6721,3.607698
"008","6pm",46.79086,6.512295,1.04016,43.20759,2.4491025
"009","6pm",53.50266,4.078056,2.597321,34.31776,5.5042008
"010","6pm",61.20969,11.516679,2.911106,23.35099,1.01153
"011","6pm",51.08564,18.67939,4.264798,24.56828,1.4018901
"012","6pm",52.48542,13.124202,1.772608,31.43328,1.18449
"013","6pm",50.39157,18.097673,1.438048,27.19663,2.8760767
"014","6pm",50.47527,12.23379,5.504621,29.6874,2.0989217
"015","6pm",65.0561,5.837675,4.604404,22.35749,2.1443338
"016","6pm",55.66781,13.550255,8.673272,19.7258,2.3828621
"017","6pm",47.917,5.673279,7.477475,32.93744,5.9948129
"018","6pm",61.14541,7.906761,1.148878,29.15099,0.6479652
"019","6pm",57.67346,7.166139,2.435901,30.40041,2.3240932
"020","6pm",48.42884,9.111571,1.2945,37.92693,3.2381537
"021","6pm",48.56617,6.87356,3.337502,37.06676,4.1560012
"022","6pm",52.39999,7.462062,4.039751,32.64993,3.4482711
"023","6pm",56.01371,6.726104,4.421953,31.92117,0.9170625
"024","6pm",53.33987,7.929483,3.490925,31.65528,3.5844414
"025","6pm",42.40193,4.495569,4.34101,44.52816,4.2333237
"026","6pm",53.73582,1.625367,4.494765,39.48771,0.6563313
"027","6pm",58.95484,5.70787,2.928681,27.8888,4.5198013
"028","6pm",40.18931,3.700601,6.000189,45.37532,4.734585
"029","6pm",55.76569,4.42975,5.464658,31.58352,2.7563809
"030","6pm",54.36459,7.613962,4.303172,28.82899,4.8892893
"001","7pm",53.54036,4.94359,7.92825,32.11918,1.4686168
"002","7pm",48.87452,3.761098,2.225753,40.95128,4.1873539
"003","7pm",43.40895,8.068643,3.13789,40.59675,4.7877714
"004","7pm",43.02708,4.304865,2.913941,43.34678,6.4073314
"005","7pm",46.63442,6.116614,7.956701,38.20472,1.0875479
"006","7pm",53.01674,8.218987,2.199905,32.15495,4.4094255
"007","7pm",37.53681,7.692014,5.696649,45.59541,3.479119
"008","7pm",49.218,5.535989,1.024568,41.80905,2.4123915
"009","7pm",52.09451,5.636381,2.709027,34.7027,4.8573856
"010","7pm",61.6254,11.936977,2.665693,22.84567,0.9262557
"011","7pm",48.77405,20.068452,2.606,27.07054,1.4809551
"012","7pm",55.80823,11.941204,1.721066,29.37945,1.1500488
"013","7pm",52.81303,16.899156,1.758824,25.69271,2.8362814
"014","7pm",51.71414,15.150812,4.934909,26.22372,1.9764152
"015","7pm",63.30836,10.453755,5.803313,19.15844,1.2761262
"016","7pm",48.79969,8.904028,10.791386,28.46534,3.0395607
"017","7pm",47.14629,6.265333,7.451848,33.16227,5.974267
"018","7pm",61.13857,7.063551,3.752123,26.23269,1.8130653
"019","7pm",59.28627,6.32048,2.382753,29.73712,2.273385
"020","7pm",48.45289,9.333414,1.258854,37.80585,3.1489877
"021","7pm",41.78778,10.687001,3.556472,39.51777,4.4509746
"022","7pm",52.62517,8.861216,3.721481,31.61553,3.1766007
"023","7pm",60.47863,5.05131,4.018843,29.61775,0.833462
"024","7pm",52.29932,9.268307,3.679839,31.05042,3.7021099
"025","7pm",45.33682,4.06434,4.175717,42.35099,4.0721312
"026","7pm",55.26415,1.563822,4.324567,37.78292,1.0645379
"027","7pm",58.62552,5.796937,2.974381,28.01283,4.5903294
"028","7pm",42.23379,3.538272,5.736987,43.96405,4.5269
"029","7pm",57.72538,4.273421,5.271807,30.07029,2.6591067
"030","7pm",52.91883,7.731241,5.23526,29.15007,4.9646002
"001","8pm",52.93626,5.0078695,8.0313377,32.53682,1.4877125
"002","8pm",50.54113,3.5628702,2.1084456,39.82089,3.9666607
"003","8pm",43.27183,8.1034523,3.151427,40.66487,4.8084265
"004","8pm",42.06847,4.3921613,2.9730312,44.02907,6.5372627
"005","8pm",48.24098,5.8444297,7.6026345,37.2728,1.039153
"006","8pm",56.84115,7.6761688,2.0546134,29.30986,4.1182078
"007","8pm",37.70975,7.6322961,5.6524223,45.55342,3.4521086
"008","8pm",48.45608,5.3898276,0.9975175,42.80787,2.3486994
"009","8pm",49.70328,6.1009125,2.9322956,36.00579,5.2577145
"010","8pm",63.02912,11.5003308,2.568184,22.00999,0.8923739
"011","8pm",52.67384,18.9668169,2.4629463,24.49674,1.3996597
"012","8pm",55.74527,12.1448787,1.7504214,29.18976,1.1696645
"013","8pm",54.24967,16.118192,1.3526128,25.57432,2.7052078
"014","8pm",52.05542,13.5167567,5.4282129,27.03668,1.9629252
"015","8pm",60.74065,11.2975888,6.612547,19.97008,1.3791359
"016","8pm",40.88963,12.1014492,11.4548286,31.7836,3.7704914
"017","8pm",47.70811,6.9948241,7.1090885,32.48851,5.6994715
"018","8pm",62.50254,6.8373901,3.6319869,25.27307,1.7550145
"019","8pm",59.90966,5.1855958,2.3790389,30.25587,2.2698414
"020","8pm",49.39528,9.7094578,1.2179445,36.63066,3.0466526
"021","8pm",46.39981,8.8759191,3.842971,36.74287,4.1384318
"022","8pm",53.64418,7.5482893,3.7547097,31.84786,3.2049643
"023","8pm",61.25117,4.8810715,3.8834004,29.17898,0.8053728
"024","8pm",54.75712,8.6716707,3.4429539,29.05159,4.0766683
"025","8pm",44.94016,4.9393782,4.1075943,42.00717,4.0056987
"026","8pm",56.55364,1.5188648,4.2002443,37.11392,0.6133251
"027","8pm",58.26053,5.7313951,2.9407514,28.5289,4.5384294
"028","8pm",43.82413,0.9650022,5.7381549,44.9449,4.5278212
"029","8pm",58.40515,4.2047055,5.1870371,29.58676,2.6163487
"030","8pm",51.46547,8.0198992,4.9003655,30.4643,5.1499613
"001","9pm",53.33966,4.964946,7.9624989,32.25793,1.474961
"002","9pm",50.54113,3.56287,2.1084456,39.82089,3.9666607
"003","9pm",42.40715,8.944258,3.1529742,40.68483,4.8107872
"004","9pm",42.2213,4.408117,2.9838313,43.82575,6.5610105
"005","9pm",48.29308,5.838546,7.5949812,37.23528,1.0381069
"006","9pm",53.79217,7.453526,2.2244888,32.07111,4.4587011
"007","9pm",38.12515,7.581398,5.6147279,45.24964,3.4290874
"008","9pm",49.49273,6.0198,0.9614971,41.26208,2.2638879
"009","9pm",49.99291,6.065781,2.9154103,35.79846,5.2274385
"010","9pm",63.46908,11.193131,2.4995819,21.96967,0.8685366
"011","9pm",46.17367,24.152711,4.3215614,23.93151,1.4205488
"012","9pm",55.48735,11.28781,1.7870079,30.24372,1.1941123
"013","9pm",55.52812,14.823842,1.3779347,25.51425,2.7558513
"014","9pm",55.41809,6.533359,5.9523976,29.94368,2.1524785
"015","9pm",63.06349,11.185867,4.083399,20.30175,1.3654977
"016","9pm",48.23228,12.041,9.6803504,26.85997,3.186401
"017","9pm",49.75105,6.72155,6.8313504,31.21924,5.4768043
"018","9pm",62.88532,6.698485,3.5582012,25.13863,1.7193604
"019","9pm",59.39541,6.328567,2.336186,29.71088,2.2289554
"020","9pm",49.45191,10.563749,1.1908156,35.81474,2.9787904
"021","9pm",46.96005,8.632292,3.7374887,36.64533,4.0248396
"022","9pm",55.27234,5.737241,3.8859351,31.7875,3.3169764
"023","9pm",61.11048,5.775471,3.7969774,28.52962,0.7874496
"024","9pm",54.14676,7.60999,3.6003658,30.37983,4.2630537
"025","9pm",46.06136,4.838796,4.0239496,41.15176,3.924129
"026","9pm",56.90215,1.528225,4.2261279,36.7264,0.6171047
"027","9pm",58.67719,4.892715,2.9752172,28.86326,4.5916201
"028","9pm",43.83753,1.666875,5.6638145,44.36262,4.4691613
"029","9pm",57.78281,4.267615,5.2646443,30.02943,2.6554939
"030","9pm",51.01516,8.094309,4.9458315,30.74695,5.1977431
"001","10pm",53.67466,4.9293,7.9053317,32.02634,1.4643714
"002","10pm",50.84766,3.532865,2.0906891,38.57002,4.9587663
"003","10pm",43.11687,8.894761,3.1355259,40.06868,4.7841647
"004","10pm",41.57373,4.419255,2.9913708,44.43805,6.5775889
"005","10pm",47.87493,5.885762,7.656401,37.5364,1.046502
"006","10pm",54.19841,7.465617,2.2280974,31.64194,4.4659341
"007","10pm",38.12515,7.581398,5.6147279,45.24964,3.4290874
"008","10pm",49.49273,6.0198,0.9614971,41.26208,2.2638879
"009","10pm",50.56937,5.995857,2.8818026,35.38579,5.1671787
"010","10pm",63.09384,11.308105,2.5252572,22.19534,0.8774581
"011","10pm",49.047,19.657973,4.6929272,25.05948,1.5426212
"012","10pm",54.43928,13.427733,1.7358099,29.23728,1.1599009
"013","10pm",55.02264,14.317079,1.3930675,26.4811,2.7861167
"014","10pm",51.53822,13.579362,5.4533546,27.45704,1.9720168
"015","10pm",62.70357,11.014634,4.0208903,20.91631,1.3445947
"016","10pm",47.3636,12.703163,9.6117778,27.15763,3.1638296
"017","10pm",50.31432,6.674157,6.783183,30.79016,5.4381878
"018","10pm",61.13088,5.463081,3.8746247,27.65916,1.8722596
"019","10pm",60.77855,6.095628,2.2501965,28.72871,2.1469128
"020","10pm",49.83696,10.555952,1.1899367,35.44056,2.9765919
"021","10pm",46.85947,8.797875,3.8091805,36.43144,4.1020433
"022","10pm",54.63151,5.750061,3.8946186,32.39942,3.3243884
"023","10pm",62.11578,4.704246,3.7427172,28.66106,0.7761967
"024","10pm",55.4347,7.396238,3.4992377,29.52651,4.1433119
"025","10pm",46.06611,4.739699,3.9415408,41.40888,3.8437644
"026","10pm",56.42655,1.545089,4.2727645,37.13168,0.6239146
"027","10pm",61.14199,4.600877,2.797753,27.14164,4.3177415
"028","10pm",43.56845,1.656644,5.6290494,44.70412,4.4417291
"029","10pm",56.67586,4.379514,5.4026859,30.81682,2.7251223
"030","10pm",51.62874,8.094243,4.9457917,30.13352,5.1977013
"001","11pm",53.30144,5.757176,7.8185062,31.67459,1.448288
"002","11pm",50.59001,3.494837,2.0681848,38.94157,4.9053898
"003","11pm",43.57935,8.990169,3.1691586,39.42584,4.8354813
"004","11pm",41.39694,4.432627,3.0004222,44.57252,6.5974916
"005","11pm",47.6795,5.861736,7.6251465,37.79139,1.04223
"006","11pm",55.49278,7.254636,2.1651305,30.74773,4.339725
"007","11pm",37.10098,7.706887,5.7076636,45.99862,3.4858462
"008","11pm",49.49273,6.0198,0.9614971,41.26208,2.2638879
"009","11pm",51.41509,5.893273,2.8324972,34.78036,5.0787722
"010","11pm",63.09384,11.308105,2.5252572,22.19534,0.8774581
"011","11pm",47.48984,20.383679,4.8661742,25.66074,1.5995695
"012","11pm",54.15305,13.512091,1.746715,29.42096,1.1671878
"013","11pm",55.24571,14.246073,1.3861586,26.34976,2.7722989
"014","11pm",51.30966,13.519139,5.4291695,27.77876,1.9632711
"015","11pm",62.57442,10.949205,3.9970052,21.14276,1.3366074
"016","11pm",47.65245,12.633453,9.559032,27.0086,3.1464677
"017","11pm",50.72167,6.619437,6.7275696,30.53772,5.3936016
"018","11pm",61.13088,5.463081,3.8746247,27.65916,1.8722596
"019","11pm",59.46186,7.204622,2.2643048,28.90884,2.1603736
"020","11pm",49.46366,10.053361,1.209321,36.24858,3.0250811
"021","11pm",47.07348,8.762443,3.7938399,36.28472,4.0855233
"022","11pm",54.81427,5.726898,3.8789298,32.2689,3.3109967
"023","11pm",62.11578,4.704246,3.7427172,28.66106,0.7761967
"024","11pm",55.4347,7.396238,3.4992377,29.52651,4.1433119
"025","11pm",46.22835,4.725441,3.9296841,41.28432,3.8322018
"026","11pm",56.80286,1.531745,4.2358636,36.811,0.6185263
"027","11pm",61.24712,4.58843,2.7901842,27.06821,4.3060608
"028","11pm",43.56845,1.656644,5.6290494,44.70412,4.4417291
"029","11pm",56.30406,4.417099,5.4490511,31.08129,2.7485089
"030","11pm",51.62874,8.094243,4.9457917,30.13352,5.1977013
"001","12pm",53.10577,5.736041,7.7898036,31.55831,1.8100827
"002","12pm",50.59001,3.494837,2.0681848,38.94157,4.9053898
"003","12pm",43.57935,8.990169,3.1691586,39.42584,4.8354813
"004","12pm",41.04153,4.45951,3.0186189,44.84284,6.6375033
"005","12pm",47.6565,5.864313,7.6284991,37.808,1.0426882
"006","12pm",55.49278,7.254636,2.1651305,30.74773,4.339725
"007","12pm",37.10098,7.706887,5.7076636,45.99862,3.4858462
"008","12pm",49.91024,5.970038,0.9535491,40.921,2.245174
"009","12pm",51.41509,5.893273,2.8324972,34.78036,5.0787722
"010","12pm",63.33831,11.233198,2.5085296,22.04831,0.8716457
"011","12pm",47.00457,20.572055,4.911145,25.89788,1.614352
"012","12pm",54.62484,12.577187,1.7717319,29.84233,1.1839046
"013","12pm",55.5972,14.134186,1.3752718,26.14282,2.7505255
"014","12pm",51.65954,13.421991,5.3901558,27.57915,1.9491632
"015","12pm",62.74398,10.899599,3.9788966,21.04697,1.3305519
"016","12pm",47.65245,12.633453,9.559032,27.0086,3.1464677
"017","12pm",50.72167,6.619437,6.7275696,30.53772,5.3936016
"018","12pm",62.45677,5.221287,3.7031356,26.82941,1.7893943
"019","12pm",59.36733,7.221422,2.2695849,28.97625,2.1654114
"020","12pm",49.43322,10.677984,1.1915713,35.71654,2.9806809
"021","12pm",47.07348,8.762443,3.7938399,36.28472,4.0855233
"022","12pm",54.81427,5.726898,3.8789298,32.2689,3.3109967
"023","12pm",62.11578,4.704246,3.7427172,28.66106,0.7761967
"024","12pm",55.4347,7.396238,3.4992377,29.52651,4.1433119
"025","12pm",46.22835,4.725441,3.9296841,41.28432,3.8322018
"026","12pm",56.31146,1.518494,4.1992195,37.35765,0.6131755
"027","12pm",61.24712,4.58843,2.7901842,27.06821,4.3060608
"028","12pm",43.56845,1.656644,5.6290494,44.70412,4.4417291
"029","12pm",56.30406,4.417099,5.4490511,31.08129,2.7485089
"030","12pm",51.62874,8.094243,4.9457917,30.13352,5.1977013
"001","1am",53.10577,5.736041,7.7898036,31.55831,1.8100827
"002","1am",50.59001,3.494837,2.0681848,38.94157,4.9053898
"003","1am",43.57935,8.990169,3.1691586,39.42584,4.8354813
"004","1am",41.04153,4.45951,3.0186189,44.84284,6.6375033
"005","1am",47.6565,5.864313,7.6284991,37.808,1.0426882
"006","1am",55.15769,7.210829,2.1520564,31.1659,4.3135198
"007","1am",36.52727,7.777183,5.7597246,46.41818,3.5176414
"008","1am",49.91024,5.970038,0.9535491,40.921,2.245174
"009","1am",51.25689,5.875139,2.8237817,34.98104,5.063145
"010","1am",63.52771,11.175168,2.4955706,21.93441,0.8671428
"011","1am",46.70985,20.761977,4.9564849,25.94243,1.6292558
"012","1am",54.76227,12.539093,1.7663657,29.75195,1.1803188
"013","1am",55.94322,14.024043,1.3645548,25.93909,2.7290916
"014","1am",51.65954,13.421991,5.3901558,27.57915,1.9491632
"015","1am",62.9056,10.852316,3.9616362,20.95567,1.3247799
"016","1am",47.65245,12.633453,9.559032,27.0086,3.1464677
"017","1am",51.22583,6.551716,6.6587419,30.22529,5.3384213
"018","1am",62.03499,5.279946,3.7447387,27.13083,1.8094973
"019","1am",59.36733,7.221422,2.2695849,28.97625,2.1654114
"020","1am",49.43322,10.677984,1.1915713,35.71654,2.9806809
"021","1am",47.07348,8.762443,3.7938399,36.28472,4.0855233
"022","1am",54.81427,5.726898,3.8789298,32.2689,3.3109967
"023","1am",62.11578,4.704246,3.7427172,28.66106,0.7761967
"024","1am",55.4347,7.396238,3.4992377,29.52651,4.1433119
"025","1am",46.22835,4.725441,3.9296841,41.28432,3.8322018
"026","1am",56.5439,1.524762,4.2165522,37.09908,0.6157064
"027","1am",61.9771,3.451254,2.8234394,27.39083,4.3573831
"028","1am",43.56845,1.656644,5.6290494,44.70412,4.4417291
"029","1am",56.07301,4.398973,5.4266911,31.36409,2.7372306
"030","1am",51.56079,8.909245,4.8540584,29.57461,5.1012956
"001","2am",53.10577,5.736041,7.7898036,31.55831,1.8100827
"002","2am",50.59001,3.494837,2.0681848,38.94157,4.9053898
"003","2am",43.57935,8.990169,3.1691586,39.42584,4.8354813
"004","2am",41.04153,4.45951,3.0186189,44.84284,6.6375033
"005","2am",47.6565,5.864313,7.6284991,37.808,1.0426882
"006","2am",55.15769,7.210829,2.1520564,31.1659,4.3135198
"007","2am",36.52727,7.777183,5.7597246,46.41818,3.5176414
"008","2am",49.91024,5.970038,0.9535491,40.921,2.245174
"009","2am",51.25689,5.875139,2.8237817,34.98104,5.063145
"010","2am",63.52771,11.175168,2.4955706,21.93441,0.8671428
"011","2am",46.70985,20.761977,4.9564849,25.94243,1.6292558
"012","2am",54.76227,12.539093,1.7663657,29.75195,1.1803188
"013","2am",55.94322,14.024043,1.3645548,25.93909,2.7290916
"014","2am",51.65954,13.421991,5.3901558,27.57915,1.9491632
"015","2am",62.61717,10.802558,3.9434718,21.31809,1.3187057
"016","2am",47.65245,12.633453,9.559032,27.0086,3.1464677
"017","2am",51.22583,6.551716,6.6587419,30.22529,5.3384213
"018","2am",62.03499,5.279946,3.7447387,27.13083,1.8094973
