"district","hour","cleduc1","cleduc2","cleduc3","cleduc4"
"001","4am",1.4041544,32.548,35.33475,30.7131
"002","4am",10.9799166,48.29285,24.07048,16.656746
"003","4am",4.4716185,46.68975,27.65731,21.181318
"004","4am",6.6668447,44.24494,24.69402,24.394192
"005","4am",11.4180238,37.94003,20.8824,29.759551
"006","4am",5.5337787,28.84137,25.74328,39.881577
"007","4am",5.7528341,38.71776,31.44006,24.089353
"008","4am",38.9381162,43.90158,13.70013,3.460177
"009","4am",2.3115229,47.69055,31.69256,18.305362
"010","4am",8.818515,48.58739,30.26952,12.324574
"011","4am",3.5741746,39.47189,36.37833,20.575611
"012","4am",28.2355277,51.00358,13.33486,7.42603
"013","4am",25.6730003,49.89609,16.23406,8.196849
"014","4am",7.2499856,56.78866,27.55251,8.408842
"015","4am",3.4926362,42.15462,29.48103,24.871722
"016","4am",0.8554926,30.88154,34.15495,34.108017
"017","4am",6.6802727,29.25742,31.23179,32.830521
"018","4am",17.9433415,48.7818,24.30861,8.96624
"019","4am",4.0935937,50.52217,37.60774,7.776494
"020","4am",4.9383654,45.48156,32.87877,16.701309
"021","4am",8.3600472,54.51601,24.57827,12.545675
"022","4am",11.4934997,48.33352,24.47715,15.695827
"023","4am",7.8461747,39.51177,29.42619,23.215866
"024","4am",6.2095446,46.30774,25.7612,21.721524
"025","4am",9.8749523,46.52433,23.33113,20.269591
"026","4am",5.788683,46.13542,35.01189,13.064011
"027","4am",7.3047023,37.40382,32.39912,22.892358
"028","4am",11.0682984,37.23467,24.87974,26.817292
"029","4am",13.8236805,35.54147,36.58205,14.052802
"030","4am",9.9886603,42.75535,31.45958,15.796405
"031","4am",13.6971657,54.38744,20.52774,11.387647
"001","5am",1.4103797,32.6923,35.04806,30.849266
"002","5am",11.243214,47.05292,24.64769,17.056174
"003","5am",4.4689389,46.96706,27.39538,21.168625
"004","5am",6.7327255,43.69398,24.93805,24.635252
"005","5am",11.658561,38.73929,20.03571,29.566442
"006","5am",5.5337787,28.84137,25.74328,39.881577
"007","5am",5.6399101,39.70201,31.04159,23.616496
"008","5am",38.6685264,43.85218,13.95479,3.524497
"009","5am",2.3760625,48.12952,30.67795,18.816463
"010","5am",9.8844629,48.70304,29.7594,11.653098
"011","5am",3.6867346,40.15224,34.39567,21.765355
"012","5am",28.2951405,51.81629,12.99642,6.892146
"013","5am",25.3706732,50.67599,15.62837,8.324968
"014","5am",6.7296657,55.75065,26.62839,10.891297
"015","5am",3.4549624,40.7237,31.2179,24.60344
"016","5am",0.8680788,29.86465,34.65745,34.609821
"017","5am",6.6260744,31.66051,29.14926,32.564161
"018","5am",18.5052118,49.77382,23.70142,8.019552
"019","5am",3.7365652,51.16827,37.99691,7.098257
"020","5am",4.5113573,44.20382,36.6256,14.659226
"021","5am",8.6531932,54.2694,24.68686,12.39054
"022","5am",11.5014975,47.59383,25.19793,15.706749
"023","5am",7.957009,40.06991,28.42927,23.543811
"024","5am",6.1597401,46.73838,25.55457,21.547304
"025","5am",10.587342,45.91201,22.7362,20.764444
"026","5am",6.005107,44.84711,35.59534,13.552441
"027","5am",7.3697751,36.84619,32.68774,23.096291
"028","5am",11.3413662,36.36587,24.81385,27.478905
"029","5am",13.0253554,35.63873,37.08855,14.247372
"030","5am",10.1601303,41.41733,32.35497,16.067573
"031","5am",13.6971657,54.38744,20.52774,11.387647
"001","6am",1.3911793,34.43297,34.57093,29.604922
"002","6am",11.7915172,43.92177,27.41399,16.872717
"003","6am",4.4347299,47.37234,26.86265,21.330282
"004","6am",6.9944625,43.10284,25.90752,23.995174
"005","6am",11.9487709,38.26666,18.89298,30.891585
"006","6am",5.6307883,30.38418,26.19457,37.790467
"007","6am",4.9011782,40.32291,30.83819,23.937722
"008","6am",36.6228428,45.78338,14.04619,3.547582
"009","6am",2.4164464,48.94754,31.19978,17.436239
"010","6am",10.257506,50.83151,27.4698,11.441189
"011","6am",4.1355952,40.07736,34.6678,21.119249
"012","6am",29.5052466,51.56935,12.41884,6.506568
"013","6am",24.9414034,50.39626,16.09096,8.57138
"014","6am",7.953907,52.12692,27.87445,12.044727
"015","6am",3.0520777,40.91457,31.01343,25.019925
"016","6am",0.9087305,28.5987,34.26198,36.230584
"017","6am",6.5829629,32.45223,29.20591,31.758899
"018","6am",18.5383108,50.96292,23.37521,7.123561
"019","6am",3.7107325,52.84042,36.39967,7.049183
"020","6am",4.4038413,43.95184,36.72211,14.922212
"021","6am",9.8040804,55.1012,21.90964,13.185076
"022","6am",11.7311748,46.90352,26.13367,15.231631
"023","6am",8.2241439,41.41515,29.3837,20.977003
"024","6am",6.1564101,47.17327,25.54076,21.129563
"025","6am",10.8858093,47.20632,20.55806,21.349813
"026","6am",6.2841946,44.83723,36.73273,12.145837
"027","6am",7.5485115,37.73981,32.65148,22.060201
"028","6am",11.3343422,36.34335,26.54157,25.780735
"029","6am",13.2795346,34.38277,37.8123,14.525398
"030","6am",10.3226978,41.11129,32.24135,16.324663
"031","6am",13.9279587,53.61889,20.87363,11.579525
"001","7am",1.353287,35.27132,34.12151,29.253883
"002","7am",12.16944,45.04002,28.53659,14.253953
"003","7am",4.157845,46.91074,26.24089,22.690528
"004","7am",6.738588,41.26418,32.26305,19.734176
"005","7am",12.640372,37.60384,19.88258,29.873206
"006","7am",6.805955,31.1649,27.7721,34.257046
"007","7am",5.304528,44.91207,29.73158,20.051827
"008","7am",34.561049,45.91,14.75988,4.769068
"009","7am",2.413045,49.45102,29.56699,18.568949
"010","7am",9.570188,48.42637,29.49652,12.506918
"011","7am",4.184796,41.13612,36.4371,18.241975
"012","7am",28.612171,50.30861,13.7075,7.371718
"013","7am",24.204812,45.58243,18.20097,12.011793
"014","7am",5.662049,47.7236,30.02491,16.58944
"015","7am",3.30235,47.09261,29.80034,19.804702
"016","7am",1.075132,33.80319,35.42604,29.695633
"017","7am",6.76999,38.99341,25.67745,28.559156
"018","7am",22.482661,51.88631,16.77121,8.859813
"019","7am",3.588083,51.43294,38.10364,6.875335
"020","7am",3.77284,38.30799,39.32435,18.594816
"021","7am",10.555294,60.23044,16.21321,13.001048
"022","7am",14.299681,51.7659,22.93346,11.000956
"023","7am",8.931728,45.64575,25.46459,19.957929
"024","7am",6.869759,50.77397,24.93171,17.424563
"025","7am",12.598771,46.087,20.18673,21.127502
"026","7am",7.756342,47.02379,34.96885,10.251027
"027","7am",9.234867,36.1938,31.18805,23.383279
"028","7am",11.361298,40.32453,26.58394,21.730238
"029","7am",16.050816,37.67401,29.70521,16.569966
"030","7am",10.658517,43.00051,30.98121,15.359761
"031","7am",14.212692,52.28506,21.5525,11.949751
"001","8am",4.041122,30.47901,32.09841,33.381457
"002","8am",12.649831,43.22829,29.1569,14.964982
"003","8am",4.674079,43.13541,25.74153,26.448981
"004","8am",8.559075,38.43129,32.15984,20.849798
"005","8am",14.633469,40.70133,22.00285,22.662354
"006","8am",7.211875,31.26274,28.54015,32.985239
"007","8am",4.850541,42.91221,36.24678,15.990467
"008","8am",31.695268,42.21625,16.24997,9.838509
"009","8am",2.772082,51.23828,29.7307,16.258941
"010","8am",9.523861,48.27338,28.01512,14.187634
"011","8am",4.547088,44.62495,38.31266,12.515305
"012","8am",27.007638,47.63411,16.5431,8.815153
"013","8am",21.653123,45.33999,17.10787,15.899024
"014","8am",5.194222,37.51637,29.80054,27.488867
"015","8am",2.981496,46.577,30.93769,19.503809
"016","8am",1.316506,34.02374,35.02342,29.636336
"017","8am",7.889309,41.89547,24.48156,25.733662
"018","8am",23.261582,51.12616,14.3231,11.28916
"019","8am",3.109183,45.00786,35.85283,16.030128
"020","8am",3.790419,40.50963,39.0508,16.649154
"021","8am",11.464372,60.48946,17.55639,10.489783
"022","8am",15.006019,53.08892,21.72868,10.176389
"023","8am",9.184525,49.6136,24.83441,16.367466
"024","8am",6.095078,51.20313,24.52457,18.177227
"025","8am",13.449686,49.791,16.16797,20.591344
"026","8am",8.422229,45.52607,36.93073,9.120972
"027","8am",11.39572,41.17298,26.90224,20.529064
"028","8am",9.884404,42.55961,24.9178,22.638181
"029","8am",17.45542,40.46285,28.95008,13.131648
"030","8am",11.100646,45.14739,29.62795,14.124014
"031","8am",13.535024,53.44567,20.58919,12.430117
"001","9am",5.056292,34.08487,31.69469,29.164149
"002","9am",11.963316,44.61092,26.62808,16.79768
"003","9am",4.716799,43.11431,26.2397,25.929192
"004","9am",8.423798,39.49286,32.32756,19.755777
"005","9am",13.555235,41.88598,21.73251,22.82627
"006","9am",8.112892,30.63896,28.71582,32.532334
"007","9am",7.254739,38.75723,38.29878,15.689257
"008","9am",31.602694,42.99663,16.86225,8.538422
"009","9am",3.168595,53.38492,28.23119,15.215299
"010","9am",9.631535,47.34377,27.90012,15.124572
"011","9am",4.060615,37.63065,42.51678,15.791948
"012","9am",25.134624,47.20713,17.72669,9.931557
"013","9am",22.191976,47.78293,12.89992,17.125168
"014","9am",7.099188,40.89764,27.87375,24.129427
"015","9am",2.943075,46.02146,27.73095,23.304514
"016","9am",1.365844,29.37199,39.75299,29.509175
"017","9am",12.605471,39.79385,26.26568,21.334994
"018","9am",23.492061,49.11358,15.57616,11.818202
"019","9am",4.038158,50.09614,33.27062,12.595075
"020","9am",4.671597,39.23564,38.342,17.750759
"021","9am",11.291043,60.66135,15.75003,12.29758
"022","9am",16.455215,52.59946,19.42662,11.518705
"023","9am",7.170617,50.46163,27.35192,15.015831
"024","9am",6.680804,54.02892,21.77811,17.512158
"025","9am",14.54976,50.56845,14.00387,20.877922
"026","9am",9.705637,45.57462,34.83483,9.884909
"027","9am",12.220768,47.28248,21.3893,19.107454
"028","9am",7.688028,44.4,24.39783,23.51414
"029","9am",17.388711,39.38557,26.4442,16.781518
"030","9am",10.724231,49.29718,26.58642,13.392164
"031","9am",14.09353,50.58968,22.37376,12.94303
"001","10am",7.953627,32.32908,31.29888,28.418415
"002","10am",10.16897,43.93135,29.05488,16.8448
"003","10am",4.361962,43.97146,26.77623,24.890341
"004","10am",8.4891,42.12601,28.67618,20.70871
"005","10am",13.283703,43.01259,19.94317,23.760541
"006","10am",7.781555,34.49154,26.90364,30.823265
"007","10am",6.481995,42.01519,33.27869,18.224126
"008","10am",30.644585,41.45837,17.83082,10.06623
"009","10am",3.834597,57.74347,23.82912,14.592813
"010","10am",10.687684,49.14023,23.37554,16.796546
"011","10am",3.375683,40.27738,42.52898,13.817955
"012","10am",25.244477,46.60473,18.52773,9.623064
"013","10am",20.074887,49.9377,16.74928,13.238141
"014","10am",5.956071,41.86733,27.31524,24.861356
"015","10am",5.023029,48.51367,25.49682,20.966484
"016","10am",2.954944,32.45795,35.78813,28.798968
"017","10am",11.080938,44.10679,23.16572,21.646555
"018","10am",20.589438,48.01423,19.48835,11.907982
"019","10am",4.255891,43.32755,38.85114,13.565423
"020","10am",3.593155,35.27148,41.82917,19.306191
"021","10am",12.502146,58.01771,14.90436,14.575783
"022","10am",17.043112,53.24313,20.19123,9.522524
"023","10am",6.458295,46.17535,28.79248,18.573878
"024","10am",6.955043,55.05137,23.18785,14.805745
"025","10am",12.577418,52.18509,15.30827,19.929228
"026","10am",13.688709,41.76681,31.57892,12.96556
"027","10am",13.618955,45.61038,23.2186,17.552064
"028","10am",8.691613,46.57399,22.74983,21.984572
"029","10am",16.376069,40.5073,26.4783,16.638328
"030","10am",11.030554,48.79609,27.83006,12.343296
"031","10am",13.710915,52.13457,20.75585,13.398664
"001","11am",5.284863,34.53312,31.48855,28.693467
"002","11am",11.014944,45.79101,28.11017,15.083875
"003","11am",4.663445,41.92657,27.31595,26.09404
"004","11am",9.531644,40.28771,29.11281,21.067838
"005","11am",14.640783,41.02555,17.86945,26.464213
"006","11am",7.650306,30.05164,25.82774,36.47032
"007","11am",3.461732,47.562,32.22775,16.748519
"008","11am",33.949171,42.9866,16.74772,6.316509
"009","11am",3.981236,55.56427,25.0111,15.443393
"010","11am",10.567302,47.56251,26.93877,14.931419
"011","11am",3.960575,41.64792,37.45364,16.937867
"012","11am",27.58184,46.57501,16.94405,8.899106
"013","11am",20.597287,42.96149,19.02554,17.41569
"014","11am",4.415453,38.72152,29.49648,27.366544
"015","11am",5.11089,47.11119,23.81851,23.959411
"016","11am",0,39.31817,32.38268,28.299154
"017","11am",9.432153,40.66387,27.69838,22.205602
"018","11am",20.649322,48.74967,17.20152,13.399485
"019","11am",3.398926,43.46444,39.37228,13.764347
"020","11am",4.360579,34.97198,42.71695,17.950483
"021","11am",11.508434,58.40237,17.48338,12.605813
"022","11am",14.960786,52.70911,20.8818,11.4483
"023","11am",7.630619,47.92503,32.44917,11.995177
"024","11am",7.90792,57.32049,19.99908,14.772512
"025","11am",14.939024,53.77409,14.5236,16.763294
"026","11am",9.421745,44.96336,35.35351,10.261383
"027","11am",12.577863,46.52878,21.47592,19.417438
"028","11am",10.327203,39.73613,27.36903,22.567643
"029","11am",16.513324,42.26186,27.28816,13.936656
"030","11am",11.350284,46.42792,28.06778,14.154013
"031","11am",13.042825,53.62022,20.03625,13.300699
"001","12am",2.584566,34.81086,33.04962,29.554953
"002","12am",11.70687,47.52258,26.30404,14.466509
"003","12am",4.08712,46.06498,23.34923,26.498667
"004","12am",10.148797,38.5336,27.17217,24.14543
"005","12am",13.383537,39.35773,16.87133,30.3874
"006","12am",7.11967,30.82722,23.48508,38.568031
"007","12am",3.962071,43.95044,35.45372,16.633768
"008","12am",35.544823,45.07428,16.88794,2.49295
"009","12am",2.635468,51.0056,27.92595,18.432983
"010","12am",10.714007,48.85591,28.93807,11.492017
"011","12am",5.339381,36.66141,39.74481,18.254396
"012","12am",29.105154,45.6246,17.70218,7.568068
"013","12am",25.883389,48.20161,16.83632,9.078678
"014","12am",5.893497,39.30485,28.13394,26.66771
"015","12am",3.960677,43.97222,23.1661,28.901002
"016","12am",0,34.10326,34.95553,30.941203
"017","12am",6.752172,40.78951,30.369,22.089313
"018","12am",21.97732,49.14909,18.0816,10.791997
"019","12am",3.506661,42.99102,41.23351,12.268813
"020","12am",3.934951,36.21354,39.58841,20.263099
"021","12am",10.902486,57.78404,19.37139,11.942085
"022","12am",15.047259,53.1435,19.80715,12.002092
"023","12am",10.719649,46.12282,30.35619,12.801346
"024","12am",6.874535,55.82992,20.87082,16.424729
"025","12am",13.956084,51.04074,17.68476,17.318424
"026","12am",9.133695,48.20082,35.18873,7.476755
"027","12am",11.313829,45.37018,24.07465,19.241338
"028","12am",11.272124,40.64734,26.80106,21.279479
"029","12am",16.527807,40.25247,28.41342,14.806309
"030","12am",11.069399,46.49441,28.28655,14.149645
"031","12am",13.666097,53.22964,21.34133,11.762934
"001","1pm",2.095284,30.07113,33.31072,34.522871
"002","1pm",12.472574,49.53946,22.69227,15.295695
"003","1pm",4.45917,42.42091,24.70923,28.410688
"004","1pm",9.636574,35.51947,32.63123,22.212719
"005","1pm",16.756693,41.55776,14.74265,26.942895
"006","1pm",7.592944,34.49329,25.2647,32.649062
"007","1pm",3.914735,43.83576,35.00634,17.243167
"008","1pm",35.3403,43.56453,15.64739,5.447776
"009","1pm",2.554172,49.96991,32.18882,15.287098
"010","1pm",9.556071,51.30117,26.71606,12.4267
"011","1pm",3.518026,40.18153,35.68763,20.61281
"012","1pm",29.656394,44.36771,17.98872,7.987171
"013","1pm",22.654422,49.6355,14.7588,12.951282
"014","1pm",4.541212,40.62984,28.01197,26.816978
"015","1pm",3.696057,46.26487,23.46003,26.579041
"016","1pm",0,30.32987,37.27536,32.39477
"017","1pm",7.465448,42.40292,32.25268,17.878956
"018","1pm",22.53465,45.68202,16.15023,15.633101
"019","1pm",2.755798,49.94197,34.94277,12.359457
"020","1pm",2.923769,38.97528,42.05464,16.04632
"021","1pm",11.712825,57.76023,17.69725,12.829693
"022","1pm",14.790047,50.48743,21.32247,13.400053
"023","1pm",11.158585,42.89569,30.56579,15.37993
"024","1pm",7.13747,51.68032,21.66908,19.513134
"025","1pm",14.233711,51.14318,17.0896,17.533508
"026","1pm",9.601649,47.15522,34.89784,8.34529
"027","1pm",12.683908,43.29356,23.61098,20.411554
"028","1pm",11.119525,40.07609,26.47036,22.33403
"029","1pm",14.560629,44.40564,26.46714,14.566591
"030","1pm",11.598848,48.07479,27.47566,12.850698
"031","1pm",15.077187,51.63836,22.17839,11.106059
"001","2pm",1.871517,25.7,33.66931,38.759172
"002","2pm",12.785813,45.63352,26.88342,14.697246
"003","2pm",4.648244,38.78471,26.98938,29.577665
"004","2pm",9.140203,43.04771,30.57115,17.240932
"005","2pm",16.845414,37.23246,15.98261,29.939516
"006","2pm",8.584395,40.07681,20.74639,30.592405
"007","2pm",4.04173,48.49798,35.15329,12.307005
"008","2pm",34.800289,40.55155,15.18988,9.458275
"009","2pm",2.694718,50.4497,31.00441,15.851171
"010","2pm",7.397202,51.85363,25.73948,15.009693
"011","2pm",3.642972,41.76314,38.99536,15.598526
"012","2pm",28.823864,49.32777,16.42429,5.424075
"013","2pm",23.570475,49.98072,14.66702,11.781782
"014","2pm",6.168716,41.59532,25.41566,26.820303
"015","2pm",3.630899,42.0438,26.87539,27.449913
"016","2pm",0,29.01654,38.85144,32.132018
"017","2pm",8.999257,47.74809,29.43714,13.815518
"018","2pm",22.415391,45.18633,16.64578,15.752505
"019","2pm",3.855993,42.15028,37.4324,16.561317
"020","2pm",3.19245,39.82849,39.93086,17.048205
"021","2pm",12.06073,60.13935,15.19928,12.600637
"022","2pm",13.015274,52.58347,21.55944,12.841815
"023","2pm",10.748488,44.72956,30.35119,14.170765
"024","2pm",9.18566,51.53346,19.28006,20.000823
"025","2pm",13.005222,51.23289,19.64764,16.114242
"026","2pm",10.030202,44.17415,35.08891,10.706731
"027","2pm",12.21356,45.84036,21.88285,20.063232
"028","2pm",11.450114,37.57567,25.0053,25.968924
"029","2pm",14.713458,43.55077,28.89346,12.842313
"030","2pm",10.68375,48.14619,27.99534,13.174724
"031","2pm",16.144885,49.66382,22.73171,11.459586
"001","3pm",2.116764,26.12977,32.00055,39.752911
"002","3pm",12.595105,46.3557,24.64497,16.404225
"003","3pm",4.367993,41.65845,25.27266,28.700901
"004","3pm",10.091869,41.62012,27.74905,20.538959
"005","3pm",15.584602,38.24408,16.69362,29.477704
"006","3pm",7.619053,41.83484,21.63887,28.907232
"007","3pm",3.312996,41.31399,38.73452,16.638498
"008","3pm",34.812857,40.01677,16.35627,8.814105
"009","3pm",3.239792,50.94402,31.74213,14.074053
"010","3pm",10.166783,49.45609,24.70022,15.676911
"011","3pm",4.214399,41.3994,39.11783,15.268364
"012","3pm",30.368609,49.14896,15.92655,4.555882
"013","3pm",25.017988,47.4966,17.40352,10.08189
"014","3pm",5.160079,43.54322,24.74739,26.549314
"015","3pm",3.364478,39.30569,27.63536,29.69447
"016","3pm",1.567421,26.6437,38.59823,33.190652
"017","3pm",11.184459,48.00032,26.3399,14.475323
"018","3pm",20.370725,49.72419,14.69024,15.214847
"019","3pm",4.338176,45.36683,33.11778,17.177219
"020","3pm",2.837178,42.04181,39.4176,15.703411
"021","3pm",12.501823,59.69795,16.84286,10.957366
"022","3pm",13.08372,54.82783,21.42893,10.659521
"023","3pm",8.899292,43.26288,32.23256,15.605269
"024","3pm",8.555592,52.50986,18.68075,20.253798
"025","3pm",15.212878,49.84905,18.87547,16.062597
"026","3pm",8.724973,44.323,36.27195,10.680084
"027","3pm",12.095944,48.02408,19.41207,20.467904
"028","3pm",12.410167,37.61387,25.57646,24.399502
"029","3pm",16.2923,40.39706,30.84176,12.468875
"030","3pm",10.496416,46.64852,30.36882,12.486243
"031","3pm",16.241865,47.59698,23.47196,12.689197
"001","4pm",4.11296,28.84814,30.19453,36.844368
"002","4pm",13.116896,48.55626,21.13413,17.192713
"003","4pm",3.324377,41.43496,26.94345,28.297214
"004","4pm",5.508756,40.12527,30.45722,23.908748
"005","4pm",16.620011,42.24972,15.41077,25.7195
"006","4pm",7.875128,33.90367,22.50528,35.715919
"007","4pm",2.541289,40.95083,37.96198,18.545906
"008","4pm",38.045591,39.51476,14.98769,7.451963
"009","4pm",2.71912,47.0082,33.19507,17.077609
"010","4pm",9.335881,50.96111,24.29881,15.404197
"011","4pm",4.676362,42.13519,36.51313,16.675317
"012","4pm",28.778804,52.66904,14.72856,3.823601
"013","4pm",25.86881,49.13262,15.81696,9.181611
"014","4pm",4.56572,40.03543,25.52207,29.876782
"015","4pm",4.28574,44.63332,29.39989,21.681052
"016","4pm",1.448502,28.47952,33.55336,36.518625
"017","4pm",11.2487,37.10222,31.3895,20.25958
"018","4pm",20.664771,53.41645,14.06186,11.856923
"019","4pm",5.695055,47.17257,34.39541,12.736961
"020","4pm",4.708241,40.04234,38.00726,17.242157
"021","4pm",11.239987,58.79548,17.95368,12.01085
"022","4pm",13.621775,52.25241,20.62469,13.501122
"023","4pm",9.114302,40.41723,35.06616,15.402308
"024","4pm",8.367045,52.44026,20.12193,19.070757
"025","4pm",14.750234,50.49077,19.55355,15.205445
"026","4pm",7.904298,42.47672,36.58778,13.031199
"027","4pm",9.814679,46.84657,24.42528,18.91347
"028","4pm",13.343307,39.31013,24.01988,23.326686
"029","4pm",14.041591,41.28853,31.14371,13.52617
"030","4pm",10.329656,45.26563,32.3469,12.057814
"031","4pm",15.788445,49.12603,23.75071,11.334807
"001","5pm",2.675936,32.41487,28.55866,36.350526
"002","5pm",12.221283,46.29376,25.35749,16.127461
"003","5pm",4.067662,46.33905,26.60129,22.991993
"004","5pm",5.79191,40.9615,32.8902,20.356391
"005","5pm",11.951137,40.41819,19.74539,27.885278
"006","5pm",6.299725,30.67228,27.55387,35.474131
"007","5pm",3.820253,35.87977,38.97491,21.325071
"008","5pm",38.411609,40.08833,11.55392,9.946147
"009","5pm",2.633644,53.30371,30.70299,13.359656
"010","5pm",9.9499,51.93371,25.6357,12.48069
"011","5pm",4.250431,43.35462,35.44885,16.94609
"012","5pm",28.364796,54.35163,14.14676,3.136811
"013","5pm",27.995394,49.38287,11.00768,11.614062
"014","5pm",4.488462,43.4439,26.41764,25.65
"015","5pm",4.805495,42.99461,26.32946,25.870434
"016","5pm",0,35.30368,30.30099,34.395332
"017","5pm",8.373329,36.00044,33.21665,22.409578
"018","5pm",22.246621,52.56757,16.47462,8.711188
"019","5pm",7.138935,43.40622,30.69365,18.761189
"020","5pm",3.821726,39.7513,36.22297,20.203999
"021","5pm",7.121607,59.97793,23.66854,9.231927
"022","5pm",11.485631,49.05007,25.73113,13.733171
"023","5pm",9.647368,35.99174,35.22975,19.131149
"024","5pm",7.63471,49.3139,24.2816,18.769795
"025","5pm",12.474735,46.41272,24.70689,16.405659
"026","5pm",6.673377,45.59582,37.083,10.647808
"027","5pm",8.560356,43.83775,29.20413,18.39777
"028","5pm",11.105184,38.71451,24.28232,25.897986
"029","5pm",15.821185,40.3738,30.90755,12.89746
"030","5pm",10.749287,43.52688,31.96588,13.757955
"031","5pm",14.093774,53.16959,22.05569,10.680946
"001","6pm",2.226306,29.74495,35.46582,32.562917
"002","6pm",12.485228,47.55609,23.62971,16.328978
"003","6pm",4.064902,47.44769,25.27317,23.21423
"004","6pm",4.947687,42.04665,26.93512,26.070549
"005","6pm",12.198027,39.37216,20.91668,27.513138
"006","6pm",5.7067,30.53199,28.8337,34.927607
"007","6pm",3.723015,37.83804,38.01241,20.42653
"008","6pm",39.055458,42.86731,13.63429,4.442937
"009","6pm",3.179684,45.29193,34.54422,16.984168
"010","6pm",8.778723,53.27861,26.20024,11.742426
"011","6pm",3.894069,44.47052,32.71043,18.924982
"012","6pm",30.132609,54.55869,12.18181,3.126891
"013","6pm",26.27989,47.20415,16.84841,9.667548
"014","6pm",5.631912,47.48523,23.11305,23.769809
"015","6pm",4.920469,41.41818,25.64507,28.016283
"016","6pm",0,30.95338,32.80359,36.243024
"017","6pm",7.678557,32.63023,30.83056,28.860651
"018","6pm",21.145526,49.90684,20.74335,8.204279
"019","6pm",3.440533,47.76246,37.03526,11.761745
"020","6pm",4.097285,42.47495,29.39436,24.033408
"021","6pm",8.939745,56.55514,23.90815,10.596971
"022","6pm",11.639391,48.97943,27.39806,11.983119
"023","6pm",9.821945,32.00379,37.74876,20.425503
"024","6pm",7.034202,48.88649,23.76254,20.316768
"025","6pm",10.59402,46.51003,22.04827,20.847682
"026","6pm",5.886984,46.67109,35.42985,12.012083
"027","6pm",8.014638,38.94302,31.60561,21.43673
"028","6pm",10.782756,36.63622,27.4892,25.09182
"029","6pm",14.510128,37.94913,36.73255,10.808196
"030","6pm",10.311908,41.9939,32.31683,15.377367
"031","6pm",14.589208,52.88145,21.55581,10.973532
"001","7pm",2.70493,31.97947,36.27789,29.037709
"002","7pm",10.157717,46.87143,24.4026,18.568254
"003","7pm",4.076863,47.0918,25.48462,23.346718
"004","7pm",6.006319,41.76921,25.50265,26.721825
"005","7pm",11.358116,39.41412,22.8695,26.358269
"006","7pm",6.473678,29.26014,25.44579,38.820386
"007","7pm",4.431881,37.87999,31.43475,26.253377
"008","7pm",39.349481,43.305,14.59404,2.75148
"009","7pm",4.032079,46.04893,29.46625,20.452741
"010","7pm",8.952778,51.83181,28.71694,10.498463
"011","7pm",3.510189,41.40113,35.03224,20.056439
"012","7pm",28.731132,49.86429,14.23132,7.173254
"013","7pm",24.90223,48.35851,18.01881,8.720448
"014","7pm",6.469886,53.03003,22.76528,17.73481
"015","7pm",3.500767,41.05618,32.41052,23.032538
"016","7pm",1.004443,28.95473,32.98788,37.052949
"017","7pm",7.25562,32.30501,30.71431,29.725065
"018","7pm",18.569909,48.94717,24.04621,8.436708
"019","7pm",3.682943,45.21153,38.38361,12.721924
"020","7pm",3.778592,44.28815,34.60397,17.329289
"021","7pm",8.487478,55.9762,25.34937,10.186946
"022","7pm",11.183702,47.88385,25.7993,15.133144
"023","7pm",8.045442,39.22191,29.83776,22.894891
"024","7pm",6.668151,49.29426,23.09791,20.939679
"025","7pm",10.108747,45.70403,22.54762,21.639604
"026","7pm",5.91844,45.91268,36.77965,11.38923
"027","7pm",8.095248,40.24306,31.87695,19.784736
"028","7pm",11.421,37.26405,26.33042,24.98453
"029","7pm",13.607442,37.41773,35.53167,13.443153
"030","7pm",9.627933,41.59338,31.14257,17.636115
"031","7pm",15.222468,51.74816,22.15945,10.869921
"001","8pm",2.6025412,32.71972,33.32258,31.355154
"002","8pm",10.107577,47.02618,23.70561,19.160633
"003","8pm",4.4605471,48.45513,26.23189,20.852433
"004","8pm",5.7025076,42.94641,25.45229,25.898788
"005","8pm",11.2738621,38.93258,22.6943,27.099255
"006","8pm",6.0064987,29.24447,25.35406,39.394966
"007","8pm",4.4994085,36.81844,33.63369,25.048467
"008","8pm",38.13259,46.08862,12.32764,3.451146
"009","8pm",3.9899634,46.09955,31.46406,18.446428
"010","8pm",9.2057588,50.72099,30.74249,9.330761
"011","8pm",3.4637512,40.85341,33.44941,22.233428
"012","8pm",28.5898544,50.80305,13.39876,7.208334
"013","8pm",26.082387,49.21435,17.23578,7.467475
"014","8pm",7.1180632,57.26039,23.87524,11.746302
"015","8pm",3.3762522,40.46984,31.7881,24.365803
"016","8pm",0.9403648,28.04794,32.49527,38.516426
"017","8pm",6.9722388,30.6364,31.13259,31.258772
"018","8pm",18.4304485,48.55448,23.80542,9.209646
"019","8pm",3.5828499,43.90425,39.09014,13.422763
"020","8pm",4.1690659,45.17279,32.68729,17.970851
"021","8pm",9.0218328,54.20021,24.70013,12.077832
"022","8pm",10.2238238,47.91854,26.07885,15.778791
"023","8pm",8.1654057,38.70724,30.28266,22.844699
"024","8pm",6.5850043,47.62136,23.65262,22.141014
"025","8pm",10.8117822,45.1107,22.89158,21.18594
"026","8pm",4.5444249,45.23966,37.95818,12.257732
"027","8pm",7.42707,38.46804,33.89573,20.20916
"028","8pm",11.6197534,37.39776,24.28869,26.693799
"029","8pm",13.6268192,36.66788,35.58227,14.123029
"030","8pm",9.4702535,42.62662,31.7029,16.200221
"031","8pm",14.6346414,53.61144,21.30374,10.450171
"001","9pm",1.2653859,34.17576,33.27296,31.285895
"002","9pm",10.6167528,46.09368,25.31801,17.971557
"003","9pm",5.006215,48.40685,26.07658,20.510363
"004","9pm",6.4298513,42.47395,26.86612,24.230078
"005","9pm",11.3136454,37.62708,22.23286,28.826415
"006","9pm",6.0160486,29.29097,26.05692,38.63606
"007","9pm",4.6280325,37.87096,31.07306,26.427944
"008","9pm",37.3531333,46.49009,12.73662,3.420155
"009","9pm",3.4588347,46.04304,31.42549,19.072629
"010","9pm",9.1501753,51.35624,28.76365,10.72994
"011","9pm",3.4435964,40.11854,35.0884,21.349463
"012","9pm",28.733707,50.55551,13.46618,7.244603
"013","9pm",25.8299491,49.58979,16.3333,8.246959
"014","9pm",8.117332,61.88222,19.92796,10.072484
"015","9pm",3.7728717,39.81575,31.45173,24.959648
"016","9pm",0.8923176,30.8225,31.73672,36.548462
"017","9pm",6.7431899,28.62861,32.14068,32.48752
"018","9pm",18.597159,48.99367,23.11622,9.292951
"019","9pm",4.3959762,47.50274,35.48607,12.615214
"020","9pm",4.2131461,43.74994,33.61745,18.419464
"021","9pm",8.9021507,54.16782,26.10188,10.82815
"022","9pm",10.3026753,48.46083,25.33601,15.900485
"023","9pm",7.7689829,39.96641,28.81247,23.45214
"024","9pm",6.4635117,48.14473,24.36564,21.026115
"025","9pm",10.7606495,45.37029,22.78332,21.085744
"026","9pm",4.5554314,45.10703,38.05011,12.28742
"027","9pm",7.3921059,38.28694,33.5373,20.783649
"028","9pm",11.2466265,38.27728,24.63947,25.836623
"029","9pm",13.8802786,36.46397,35.57599,14.079758
"030","9pm",9.5015766,42.76761,31.80776,15.923051
"031","9pm",14.6346414,53.61144,21.30374,10.450171
"001","10pm",1.3156591,34.05575,33.5033,31.125295
"002","10pm",11.5242591,45.74312,24.89774,17.834877
"003","10pm",4.5689051,47.10886,27.48523,20.837003
"004","10pm",6.8335832,41.26416,27.65965,24.242608
"005","10pm",11.2447274,37.90124,22.60079,28.253251
"006","10pm",6.082541,29.06208,25.79229,39.063085
"007","10pm",4.5589464,37.61765,31.34155,26.481863
"008","10pm",37.3531333,46.49009,12.73662,3.420155
"009","10pm",2.3072747,46.87825,32.54275,18.27172
"010","10pm",8.9144507,50.03321,29.1808,11.871539
"011","10pm",3.3566668,39.10579,35.41163,22.12591
"012","10pm",28.733707,50.55551,13.46618,7.244603
"013","10pm",25.6724256,49.89722,16.23369,8.196665
"014","10pm",7.6671315,58.12547,24.69355,9.513848
"015","10pm",3.6743614,40.40584,31.1908,24.729006
"016","10pm",0.8879821,30.67274,32.0684,36.370881
"017","10pm",6.6796256,28.60182,32.08078,32.637775
"018","10pm",18.8864684,48.20019,23.47583,9.437518
"019","10pm",4.7477196,51.79788,33.37904,10.075358
"020","10pm",4.4008756,42.28484,34.86291,18.45137
"021","10pm",8.6920323,53.44138,25.4858,12.38079
"022","10pm",10.4364613,49.52082,23.93576,16.106962
"023","10pm",7.9585837,41.44036,26.57657,24.024486
"024","10pm",6.4635117,48.14473,24.36564,21.026115
"025","10pm",10.5691749,46.34237,22.37791,20.710545
"026","10pm",4.5207531,44.76366,38.52171,12.193881
"027","10pm",7.3428123,38.03163,32.7609,21.864661
"028","10pm",10.8250724,38.12254,25.70462,25.347769
"029","10pm",13.7455444,36.11002,35.61936,14.525077
"030","10pm",9.7209588,42.35786,33.05434,14.866834
"031","10pm",14.4987194,53.11352,21.10588,11.281882
"001","11pm",1.3818541,34.92984,34.02744,29.660869
"002","11pm",11.7513672,46.64458,25.03434,16.569712
"003","11pm",4.5103114,47.61099,27.30892,20.56978
"004","11pm",6.8335832,41.26416,27.65965,24.242608
"005","11pm",11.0322034,37.43732,21.92523,29.605253
"006","11pm",6.0441145,28.87848,25.62935,39.448055
"007","11pm",4.5147561,38.22232,31.03775,26.225172
"008","11pm",38.0559529,45.96853,12.59373,3.381785
"009","11pm",2.2921928,47.22549,32.33003,18.152284
"010","11pm",8.9439775,49.27865,29.27745,12.499918
"011","11pm",3.3566668,39.10579,35.41163,22.12591
"012","11pm",28.733707,50.55551,13.46618,7.244603
"013","11pm",25.4887849,50.25561,16.11757,8.138033
"014","11pm",7.7942263,56.79416,25.74006,9.671555
"015","11pm",3.5235429,43.02058,29.74191,23.713974
"016","11pm",0.8766994,30.91831,32.29624,35.908755
"017","11pm",6.5294226,27.95866,32.36277,33.149149
"018","11pm",18.2902644,48.32084,24.2493,9.139597
"019","11pm",4.6689684,50.9387,33.66444,10.727894
"020","11pm",4.8355588,43.12927,32.74586,19.289316
"021","11pm",8.0356819,53.4891,25.50855,12.96667
"022","11pm",10.5274322,49.08081,24.1444,16.24736
"023","11pm",7.7972734,40.60042,27.5763,24.026009
"024","11pm",6.3135206,47.02749,24.57375,22.085241
"025","11pm",9.7620599,46.76061,22.57988,20.897458
"026","11pm",5.6675702,45.17016,37.12318,12.039092
"027","11pm",7.3428123,38.03163,32.7609,21.864661
"028","11pm",10.8250724,38.12254,25.70462,25.347769
"029","11pm",13.7455444,36.11002,35.61936,14.525077
"030","11pm",9.8410758,42.88126,32.22713,15.050536
"031","11pm",14.4987194,53.11352,21.10588,11.281882
"001","12pm",1.3666779,34.54622,33.65374,30.433365
"002","12pm",11.8054341,46.85919,25.14952,16.185857
"003","12pm",4.5278934,47.40677,27.41537,20.649965
"004","12pm",6.9978957,42.25635,25.92024,24.825518
"005","12pm",11.0322034,37.43732,21.92523,29.605253
"006","12pm",6.0441145,28.87848,25.62935,39.448055
"007","12pm",4.5580137,38.58854,31.33513,25.518308
"008","12pm",38.0559529,45.96853,12.59373,3.381785
"009","12pm",2.2921928,47.22549,32.33003,18.152284
"010","12pm",8.9439775,49.27865,29.27745,12.499918
"011","12pm",3.414004,39.77378,36.49797,20.314247
"012","12pm",28.733707,50.55551,13.46618,7.244603
"013","12pm",25.4887849,50.25561,16.11757,8.138033
"014","12pm",7.7942263,56.79416,25.74006,9.671555
"015","12pm",3.4863756,42.56678,29.42818,24.51866
"016","12pm",0.8564923,30.80077,34.19487,34.147876
"017","12pm",6.5294226,27.95866,32.36277,33.149149
"018","12pm",18.2902644,48.32084,24.2493,9.139597
"019","12pm",4.5353593,49.48102,35.56272,10.4209
"020","12pm",4.8243341,43.26128,32.66985,19.24454
"021","12pm",8.0356819,53.4891,25.50855,12.96667
"022","12pm",10.4547422,48.74192,24.66817,16.135175
"023","12pm",7.7451604,40.32906,27.392,24.53378
"024","12pm",6.3135206,47.02749,24.57375,22.085241
"025","12pm",9.7620599,46.76061,22.57988,20.897458
"026","12pm",5.6675702,45.17016,37.12318,12.039092
"027","12pm",7.2357936,37.47733,33.74088,21.545992
"028","12pm",10.7306202,37.78991,25.48034,25.999134
"029","12pm",13.86623,36.42707,35.05409,14.652607
"030","12pm",9.7503345,42.48586,31.67009,16.093714
"031","12pm",14.4987194,53.11352,21.10588,11.281882
"001","1am",1.4035745,34.32077,34.5623,29.713361
"002","1am",11.7847852,46.32438,25.10553,16.785304
"003","1am",4.5395899,47.52923,27.22787,20.703308
"004","1am",6.9348176,42.77684,25.6866,24.601744
"005","1am",11.1422551,37.312,21.64517,29.90058
"006","1am",6.0441145,28.87848,25.62935,39.448055
"007","1am",4.6278642,39.17991,31.81534,24.376893
"008","1am",37.742531,46.41352,12.49001,3.353934
"009","1am",2.2653058,47.25804,32.5373,17.939361
"010","1am",8.9439775,49.27865,29.27745,12.499918
"011","1am",3.414004,39.77378,36.49797,20.314247
"012","1am",28.8159221,50.41404,13.50471,7.265332
"013","1am",25.3460261,50.53422,16.0273,8.092453
"014","1am",7.6581173,56.33628,25.94491,10.060698
"015","1am",3.4863756,42.56678,29.42818,24.51866
"016","1am",0.8564923,30.80077,34.19487,34.147876
"017","1am",6.5416785,28.01114,32.42352,33.023667
"018","1am",18.2902644,48.32084,24.2493,9.139597
"019","1am",4.6327656,48.39602,36.32651,10.644711
"020","1am",4.8723083,43.69148,32.99472,18.441489
"021","1am",8.0356819,53.4891,25.50855,12.96667
"022","1am",10.4547422,48.74192,24.66817,16.135175
"023","1am",7.6876815,40.02977,27.18871,25.093836
"024","1am",6.3135206,47.02749,24.57375,22.085241
"025","1am",9.7620599,46.76061,22.57988,20.897458
"026","1am",5.6675702,45.17016,37.12318,12.039092
"027","1am",7.1130257,36.84147,33.16841,22.877101
"028","1am",10.7306202,37.78991,25.48034,25.999134
"029","1am",13.626895,35.79833,36.14506,14.429722
"030","1am",9.7503345,42.48586,31.67009,16.093714
"031","1am",14.3881046,53.47123,20.94486,11.19581
"001","2am",1.4437487,32.44085,35.55156,30.56384
"002","2am",11.7112668,46.65923,24.94892,16.68059
"003","2am",4.5035623,47.15202,27.01178,21.332631
"004","2am",6.9348176,42.77684,25.6866,24.601744
"005","2am",11.1422551,37.312,21.64517,29.90058
"006","2am",6.0441145,28.87848,25.62935,39.448055
"007","2am",4.6278642,39.17991,31.81534,24.376893
"008","2am",37.742531,46.41352,12.49001,3.353934
"009","2am",2.2843757,47.65587,31.96938,18.090379
"010","2am",8.9439775,49.27865,29.27745,12.499918
"011","2am",3.414004,39.77378,36.49797,20.314247
"012","2am",28.8159221,50.41404,13.50471,7.265332
"013","2am",25.3460261,50.53422,16.0273,8.092453
"014","2am",7.6581173,56.33628,25.94491,10.060698
"015","2am",3.4863756,42.56678,29.42818,24.51866
"016","2am",0.8564923,30.80077,34.19487,34.147876
"017","2am",6.4787431,28.70372,32.11158,32.705957
"018","2am",18.2902644,48.32084,24.2493,9.139597
"019","2am",4.7244651,49.35395,37.04554,8.87604
"020","2am",5.0594864,41.52829,34.26227,19.149951
"021","2am",8.0356819,53.4891,25.50855,12.96667
"022","2am",10.2841521,49.5783,24.26566,15.871897
"023","2am",7.6876815,40.02977,27.18871,25.093836
"024","2am",6.2688575,46.69481,25.10733,21.929006
"025","2am",9.7620599,46.76061,22.57988,20.897458
"026","2am",5.6675702,45.17016,37.12318,12.039092
"027","2am",7.1130257,36.84147,33.16841,22.877101
"028","2am",10.7306202,37.78991,25.48034,25.999134
"029","2am",13.626895,35.79833,36.14506,14.429722
"030","2am",9.7503345,42.48586,31.67009,16.093714
"031","2am",14.3881046,53.47123,20.94486,11.19581
"001","3am",1.4437487,32.44085,35.55156,30.56384
"002","3am",11.8109483,47.05637,24.31011,16.822569
"003","3am",4.5189868,46.97102,27.1043,21.405694
"004","3am",6.8879471,43.1636,25.51299,24.435467
"005","3am",11.1422551,37.312,21.64517,29.90058
"006","3am",6.095717,28.27127,25.84816,39.784848
"007","3am",4.6278642,39.17991,31.81534,24.376893
"008","3am",37.742531,46.41352,12.49001,3.353934
"009","3am",2.2843757,47.65587,31.96938,18.090379
"010","3am",8.818515,48.58739,30.26952,12.324574
"011","3am",3.414004,39.77378,36.49797,20.314247
"012","3am",28.8159221,50.41404,13.50471,7.265332
"013","3am",25.3460261,50.53422,16.0273,8.092453
"014","3am",7.6581173,56.33628,25.94491,10.060698
"015","3am",3.4863756,42.56678,29.42818,24.51866
"016","3am",0.8564923,30.80077,34.19487,34.147876
"017","3am",6.4787431,28.70372,32.11158,32.705957
"018","3am",18.2902644,48.32084,24.2493,9.139597
"019","3am",4.7244651,49.35395,37.04554,8.87604
"020","3am",4.9653987,42.61565,33.62512,18.793833
"021","3am",8.0356819,53.4891,25.50855,12.96667
"022","3am",10.2841521,49.5783,24.26566,15.871897
"023","3am",7.6089157,40.64421,26.91014,24.836731
"024","3am",6.3291219,46.18237,25.34869,22.139816
"025","3am",9.7620599,46.76061,22.57988,20.897458
"026","3am",5.6675702,45.17016,37.12318,12.039092
"027","3am",7.1130257,36.84147,33.16841,22.877101
"028","3am",10.7306202,37.78991,25.48034,25.999134
"029","3am",13.626895,35.79833,36.14506,14.429722
"030","3am",9.7503345,42.48586,31.67009,16.093714
"031","3am",14.3881046,53.47123,20.94486,11.19581
