"district","hour","cspmen1","cspmen2","cspmen3","cspmen4","cspmen5"
"001","4am",9.020954,17.23661,28.78321,24.084286,20.8749318
"002","4am",9.272076,30.85596,36.10155,19.222625,4.5477955
"003","4am",19.419325,16.39532,34.30999,23.309144,6.566216
"004","4am",16.836985,20.98151,27.74391,19.644594,14.7930027
"005","4am",24.482051,12.1777,21.70404,29.854125,11.7820841
"006","4am",7.663252,11.77503,26.35472,35.15395,19.0530414
"007","4am",7.456004,21.86379,33.33984,29.294315,8.0460416
"008","4am",45.577215,35.48129,15.07599,3.86551,0
"009","4am",19.773085,23.91434,31.41967,14.766171,10.126729
"010","4am",31.230098,26.76512,28.65284,11.812764,1.5391813
"011","4am",10.738417,34.74712,27.54513,21.801067,5.1682728
"012","4am",54.736999,30.74911,11.50285,3.011036,0
"013","4am",55.323687,18.05718,18.18253,4.959109,3.4774853
"014","4am",20.472178,30.5361,40.22163,4.970501,3.7995893
"015","4am",8.362497,28.18362,34.02051,20.347068,9.0863045
"016","4am",5.332356,14.22576,38.5225,26.52785,15.3915329
"017","4am",6.030138,22.88447,24.96433,29.209433,16.9116263
"018","4am",29.243861,26.02948,27.65944,16.166863,0.9003575
"019","4am",14.470433,35.09641,41.83056,5.372796,3.229796
"020","4am",7.852236,31.45979,39.29327,16.038524,5.3561825
"021","4am",15.600928,37.46383,28.20508,15.360206,3.3699493
"022","4am",7.869893,29.94735,43.13793,15.874402,3.170425
"023","4am",3.850819,27.13326,22.9114,38.18734,7.917181
"024","4am",14.389778,14.70043,43.22927,23.897727,3.7827951
"025","4am",6.600654,26.19006,42.45381,20.360981,4.3944965
"026","4am",3.939929,29.67851,39.03196,23.301631,4.0479758
"027","4am",17.536005,27.47967,26.71686,23.766375,4.5010939
"028","4am",20.700263,16.13712,36.43097,24.959321,1.7723223
"029","4am",4.115322,26.08527,43.62102,24.030342,2.1480503
"030","4am",17.658615,33.87552,32.73109,12.653573,3.0811979
"031","4am",18.999787,38.88637,11.8277,27.628567,2.6575836
"001","5am",9.057936,17.30728,29.40838,24.18302,20.0433849
"002","5am",9.484779,29.26978,36.92972,19.663597,4.6521231
"003","5am",19.872768,15.10724,34.70239,23.755153,6.5624565
"004","5am",16.994468,21.17776,27.06807,19.828339,14.9313679
"005","5am",24.974398,12.4226,20.9123,29.67168,12.0190279
"006","5am",7.663252,11.77503,26.35472,35.15395,19.0530414
"007","5am",7.706198,22.26265,33.36199,28.767747,7.9014133
"008","5am",46.346978,34.39162,15.33061,3.930795,0
"009","5am",19.356513,23.80175,31.29452,15.154306,10.392914
"010","5am",31.607531,26.29751,28.71435,11.838125,1.5424857
"011","5am",11.059585,32.281,28.88347,22.453101,5.3228475
"012","5am",54.267763,31.54421,11.09913,3.088894,0
"013","5am",55.684454,18.46602,17.97647,4.316839,3.5562197
"014","5am",20.488247,30.53264,39.79963,5.834618,3.3448733
"015","5am",8.278449,26.11774,36.46626,20.142567,8.9949815
"016","5am",5.402422,13.63739,38.49,26.87642,15.5937743
"017","5am",5.984465,25.17618,24.77524,27.280576,16.7835345
"018","5am",30.095359,25.21056,27.96685,15.800663,0.9265734
"019","5am",12.644381,38.53505,39.54846,6.316549,2.9555646
"020","5am",7.207676,36.59257,36.56126,14.721982,4.9165136
"021","5am",16.107194,36.68225,27.87259,15.858661,3.4793078
"022","5am",8.49749,29.28146,43.16449,15.884177,3.1723773
"023","5am",3.901771,27.49227,23.21455,37.369469,8.0219367
"024","5am",14.285003,15.32151,42.91451,23.723723,3.7552518
"025","5am",6.747855,25.34666,41.28284,22.130148,4.4924981
"026","5am",4.077766,28.89585,38.71996,24.116831,4.1895928
"027","5am",17.677749,27.70179,26.12451,23.958479,4.5374764
"028","5am",20.544501,15.29569,37.67028,24.676901,1.8126231
"029","5am",4.460536,24.8283,44.19081,24.344238,2.1761091
"030","5am",17.934991,33.28281,32.47719,13.175583,3.1294217
"031","5am",18.999787,38.88637,11.8277,27.628567,2.6575836
"001","6am",8.943797,17.8506,29.03781,23.87829,20.2895001
"002","6am",8.785995,28.45436,37.05445,21.805671,3.8995235
"003","6am",20.344222,16.90336,33.5107,23.217503,6.0242176
"004","6am",15.872569,21.04157,28.13911,19.660037,15.2867185
"005","6am",24.197002,12.28479,20.27614,30.375969,12.8661062
"006","6am",7.745101,14.21594,27.15073,34.389243,16.4989862
"007","6am",6.984523,24.33568,31.99306,28.953097,7.733636
"008","6am",45.236866,34.59616,15.42178,4.745193,0
"009","6am",19.024151,23.86728,31.15298,15.396543,10.5590414
"010","6am",31.508218,25.23633,29.42106,12.239589,1.5947958
"011","6am",10.207823,32.35831,29.811,22.221928,5.4009341
"012","6am",55.127052,30.24202,12.03273,2.598198,0
"013","6am",55.342115,18.52175,18.01689,4.451823,3.6674192
"014","6am",17.860552,31.53361,38.93692,8.549648,3.1192712
"015","6am",8.819983,25.05426,37.84219,19.777887,8.5056794
"016","6am",5.6767,11.65265,39.28775,26.997439,16.3854626
"017","6am",5.948099,25.95503,24.07049,27.34484,16.6815458
"018","6am",29.99543,24.74705,29.42891,14.853597,0.9750131
"019","6am",13.319895,38.69373,38.33758,6.713126,2.9356688
"020","6am",7.960462,35.89127,36.96961,14.373511,4.8051444
"021","6am",18.070306,31.73834,30.02876,17.041275,3.1213103
"022","6am",8.647306,28.09043,43.86973,16.164225,3.2283082
"023","6am",4.024207,28.35497,23.94302,38.542114,5.1356887
"024","6am",14.827514,16.09031,43.07243,22.200083,3.8096616
"025","6am",7.088852,25.39796,40.34625,22.447422,4.7195223
"026","6am",4.277212,29.80232,38.13957,24.098519,3.6823758
"027","6am",17.87942,27.72407,26.93134,22.787561,4.6776125
"028","6am",20.532773,15.28696,39.94176,22.970285,1.2682215
"029","6am",4.542565,25.58984,43.63259,24.018876,2.2161281
"030","6am",18.831055,33.66472,30.86174,13.433628,3.2088606
"031","6am",19.402694,38.81954,12.07851,26.985313,2.7139399
"001","7am",8.913196,18.92876,30.49214,24.487223,17.178679
"002","7am",9.954526,30.69112,34.79605,20.865482,3.692822
"003","7am",20.09666,20.13244,30.02062,21.702058,8.048222
"004","7am",14.156501,19.23485,33.12322,20.640793,12.844631
"005","7am",23.296897,13.12916,23.32202,29.320571,10.93135
"006","7am",11.146264,10.45616,30.85913,30.797008,16.741441
"007","7am",7.977662,22.15044,37.04916,28.576596,4.246141
"008","7am",42.606157,36.01674,15.96461,5.412488,0
"009","7am",19.460329,22.49272,33.43497,16.176809,8.435176
"010","7am",31.647041,27.62607,25.36126,13.808175,1.557451
"011","7am",10.637019,30.05744,30.69513,20.804133,7.806278
"012","7am",54.881157,28.47669,12.76558,3.87657,0
"013","7am",50.996923,19.53287,18.82433,6.347698,4.298183
"014","7am",16.64908,32.69471,33.24751,12.000986,5.40772
"015","7am",6.818961,27.1882,40.11689,18.727178,7.148768
"016","7am",7.017685,11.51381,43.28072,25.214805,12.97298
"017","7am",6.002284,29.25842,25.32312,23.021877,16.394304
"018","7am",27.57243,29.63772,25.91118,15.627362,1.251308
"019","7am",12.925805,34.75539,36.91611,11.002187,4.400512
"020","7am",6.452924,31.89699,42.66979,16.088267,2.892028
"021","7am",21.76405,24.63267,32.88777,16.956174,3.759336
"022","7am",10.861197,32.06226,39.20192,14.30785,3.566772
"023","7am",5.067092,28.31124,25.20122,36.561314,4.859128
"024","7am",17.237885,15.99569,42.10714,20.391035,4.268247
"025","7am",7.662512,27.10603,41.17308,19.320304,4.738077
"026","7am",4.425441,26.93101,39.79484,24.277656,4.571045
"027","7am",17.542151,27.8387,25.94348,24.5919,4.083763
"028","7am",21.963356,17.8114,40.72314,18.206051,1.296056
"029","7am",4.174046,28.08166,42.11885,23.736154,1.889291
"030","7am",19.533343,32.09577,32.42363,13.7665,2.180753
"031","7am",19.128717,38.41914,12.19483,26.946253,3.311056
"001","8am",7.893542,21.505405,37.79694,18.252178,14.551939
"002","8am",11.501262,30.451586,36.28992,19.306979,2.450257
"003","8am",20.144756,19.350019,27.77316,25.200588,7.531477
"004","8am",15.61917,18.724238,35.32594,20.243503,10.08715
"005","8am",26.51589,13.643091,25.36269,24.667755,9.810573
"006","8am",11.846063,9.126054,31.7006,31.2182,16.109087
"007","8am",8.520021,27.217063,38.09726,21.647795,4.517861
"008","8am",37.781201,30.043281,17.50258,14.672934,0
"009","8am",19.242823,22.278647,32.87117,15.747365,9.859999
"010","8am",30.522909,28.861937,22.79329,15.955823,1.866039
"011","8am",13.280778,30.435972,29.65756,18.338171,8.287515
"012","8am",49.76714,28.174126,12.94922,8.017473,1.092045
"013","8am",45.843742,14.878899,25.4399,7.983457,5.854001
"014","8am",13.921212,25.564303,31.86826,19.23578,9.410443
"015","8am",5.665845,25.974277,37.39176,23.447427,7.520694
"016","8am",7.503535,13.632196,46.02003,20.143084,12.701159
"017","8am",7.080094,35.464951,25.07027,19.040496,13.344189
"018","8am",27.159275,27.072526,21.06792,21.766846,2.933431
"019","8am",14.212546,31.103347,35.68047,11.386419,7.617214
"020","8am",9.596161,26.825677,44.22253,16.925998,2.429631
"021","8am",20.051193,27.315125,33.65934,15.421614,3.552727
"022","8am",10.784056,31.052895,39.2175,15.136767,3.808787
"023","8am",5.66741,29.431786,24.42927,36.315317,4.156219
"024","8am",18.269166,17.884557,42.17977,18.647715,3.018789
"025","8am",7.863798,27.221896,39.68523,19.871468,5.357609
"026","8am",4.888012,30.431126,38.48767,21.873928,4.319266
"027","8am",21.490228,28.245221,25.72279,22.217328,2.324435
"028","8am",19.597776,20.066437,39.38069,19.121357,1.833743
"029","8am",4.990921,31.108376,44.48867,17.153,2.259031
"030","8am",18.408401,36.775074,30.85719,11.135801,2.823537
"031","8am",18.888527,39.820307,13.00499,24.874971,3.411209
"001","9am",7.717292,20.54155,37.68088,21.556174,12.504112
"002","9am",11.381576,32.77205,33.10417,20.478757,2.263452
"003","9am",18.123008,22.86143,27.20144,23.780093,8.034027
"004","9am",17.879823,16.18772,34.25407,21.494128,10.184267
"005","9am",26.743333,12.9038,28.47196,22.450547,9.430366
"006","9am",11.980559,10.3544,32.78459,29.507024,15.373421
"007","9am",10.491523,29.4614,36.42684,20.294513,3.325726
"008","9am",36.310494,28.56632,20.68223,14.440963,0
"009","9am",20.747302,20.73118,30.84331,18.861417,8.816783
"010","9am",30.273513,27.94953,22.45545,16.279787,3.041724
"011","9am",13.688976,30.83488,23.5981,23.102601,8.775444
"012","9am",49.66378,28.20328,10.8807,10.085138,1.1671
"013","9am",46.949829,14.66855,26.2554,8.319378,3.806845
"014","9am",13.117969,26.04541,34.3405,18.195181,8.300943
"015","9am",7.793268,23.26649,36.90093,21.161431,10.877877
"016","9am",6.898899,11.48626,43.05038,25.432316,13.132136
"017","9am",6.688842,36.78576,26.00537,18.980715,11.539311
"018","9am",28.141028,27.12287,19.82262,21.602139,3.311347
"019","9am",12.491755,29.69731,36.815,15.046967,5.948967
"020","9am",9.352212,26.63544,43.04299,17.708479,3.260877
"021","9am",21.369127,28.9291,29.06888,17.836896,2.795992
"022","9am",12.31228,31.77628,37.05521,14.633862,4.222368
"023","9am",6.363218,29.71701,26.0809,32.15176,5.687105
"024","9am",19.909359,20.25516,39.59206,17.641178,2.602242
"025","9am",8.483312,28.61503,40.46838,16.653593,5.779685
"026","9am",5.598317,28.97091,35.62074,23.138381,6.671645
"027","9am",24.03941,28.71017,19.27094,25.199397,2.780084
"028","9am",18.989326,19.39244,40.05924,19.019951,2.539044
"029","9am",5.633403,31.63483,44.49039,17.028868,1.212517
"030","9am",18.929044,35.06531,27.98584,15.252545,2.767261
"031","9am",19.785884,38.36067,13.62283,24.977572,3.253042
"001","10am",8.803844,21.48318,36.47064,21.26592,11.97641
"002","10am",11.335937,29.23212,31.73765,25.074919,2.619371
"003","10am",19.964943,21.73734,27.9051,23.162078,7.230541
"004","10am",16.424619,17.0196,33.75452,23.977183,8.824078
"005","10am",27.401968,13.32066,27.72897,21.756632,9.791768
"006","10am",13.917482,12.64807,31.01298,26.519523,15.901941
"007","10am",11.802447,29.88341,36.00104,17.959196,4.35391
"008","10am",34.374144,28.06039,20.25325,17.312212,0
"009","10am",20.450871,23.26437,30.70232,17.849916,7.732531
"010","10am",30.756976,30.23232,20.74271,15.260018,3.007975
"011","10am",15.648123,28.34689,26.65442,20.773902,8.576669
"012","10am",47.640401,26.23575,13.33103,11.661123,1.131688
"013","10am",43.339937,17.42982,27.4977,5.396109,6.336433
"014","10am",11.249821,26.37924,35.19697,18.839205,8.334762
"015","10am",5.188121,24.27178,41.15394,17.753739,11.632418
"016","10am",8.444533,13.80759,42.75645,23.995805,10.995618
"017","10am",9.439152,36.58784,26.12875,20.602998,7.241259
"018","10am",26.584264,34.35273,20.09347,15.715474,3.25406
"019","10am",13.02196,28.83425,35.80775,14.514853,7.821195
"020","10am",7.78812,25.95048,44.53277,18.679436,3.049185
"021","10am",23.066258,31.81799,23.96503,18.21183,2.93889
"022","10am",11.530573,34.61419,36.86908,12.357705,4.628447
"023","10am",6.600003,29.20903,27.37629,31.974535,4.84014
"024","10am",20.670821,19.13551,43.66631,14.410852,2.116504
"025","10am",5.547555,32.68627,39.327,17.094528,5.344646
"026","10am",9.667907,27.14,35.37443,22.280847,5.536819
"027","10am",26.986405,28.14607,21.25271,20.889351,2.725461
"028","10am",18.271055,20.4944,41.16174,18.236863,1.835939
"029","10am",5.31552,31.75174,41.92786,19.860783,1.144096
"030","10am",20.733213,31.73584,29.24381,14.90401,3.383124
"031","10am",20.482407,36.62006,14.10239,25.427579,3.367559
"001","11am",10.536834,22.31756,35.34029,20.669179,11.136138
"002","11am",12.202352,29.899197,32.31413,22.830271,2.754053
"003","11am",20.29332,18.766044,29.12448,23.783187,8.032969
"004","11am",17.337811,17.398565,33.68312,22.91724,8.663269
"005","11am",27.814818,12.473911,26.00603,24.979191,8.72605
"006","11am",12.720766,7.909715,34.40359,28.00981,16.956118
"007","11am",6.653986,28.100354,42.19939,20.176936,2.869339
"008","11am",33.904784,31.727463,17.66567,16.702083,0
"009","11am",18.932973,21.292816,31.05281,20.056726,8.664676
"010","11am",34.113618,28.383495,22.48943,13.303996,1.709456
"011","11am",12.60743,30.534941,29.65506,19.093357,8.10921
"012","11am",48.019418,28.960634,13.07442,9.945528,0
"013","11am",42.666011,17.516407,23.69288,5.128076,10.996631
"014","11am",10.673616,25.01621,33.43302,20.243999,10.633155
"015","11am",4.775789,26.673242,32.29135,22.772858,13.486757
"016","11am",8.069054,13.048676,42.7064,21.923623,14.25225
"017","11am",8.191229,33.670668,26.82323,21.432775,9.882094
"018","11am",23.391852,32.434877,21.96569,19.428214,2.779369
"019","11am",10.103831,31.442752,38.42445,11.705567,8.323403
"020","11am",10.449509,23.936179,45.061,17.807185,2.74613
"021","11am",21.590853,29.120441,29.25593,17.318104,2.71467
"022","11am",11.554654,34.574602,37.69096,12.217234,3.962548
"023","11am",6.756791,29.22169,30.62637,31.536893,1.858252
"024","11am",19.590606,21.518894,40.97344,16.782636,1.134423
"025","11am",8.253957,32.49597,39.38698,14.848391,5.014701
"026","11am",5.441948,28.161712,37.51128,21.764165,7.120897
"027","11am",25.704986,32.475826,19.66191,19.568459,2.588822
"028","11am",19.334887,21.606188,37.21035,20.559589,1.288982
"029","11am",5.17623,29.639484,42.74751,20.093865,2.342908
"030","11am",18.46895,34.032671,29.54664,14.811379,3.140364
"031","11am",19.764807,39.082903,13.99928,23.810069,3.342937
"001","12am",11.374159,17.097817,32.359261,26.845458,12.323305
"002","12am",10.264781,33.616282,29.762466,23.997593,2.358878
"003","12am",19.706669,20.032002,29.617282,24.678823,5.965223
"004","12am",19.298115,20.92865,27.051019,20.137683,12.584533
"005","12am",26.060887,10.938566,26.073094,25.791055,11.136397
"006","12am",12.520665,8.736041,31.021471,29.790655,17.931168
"007","12am",6.756852,23.550111,42.869013,22.423549,4.400475
"008","12am",35.608374,37.246814,18.933184,8.211629,0
"009","12am",17.611346,20.632281,32.626301,23.179633,5.95044
"010","12am",32.370941,27.450702,23.653417,14.785824,1.739117
"011","12am",10.159792,29.931562,30.608261,22.28705,7.013335
"012","12am",52.519718,29.052136,9.990272,8.437874,0
"013","12am",54.645884,17.165211,18.310072,2.992213,6.886619
"014","12am",11.706099,21.602461,40.281623,17.18103,9.228788
"015","12am",6.408334,22.792686,37.441937,21.237556,12.119487
"016","12am",6.54133,13.858258,41.622961,22.449551,15.5279
"017","12am",6.061583,34.267169,27.867493,19.363753,12.440001
"018","12am",25.724274,32.822982,23.064865,15.523668,2.864211
"019","12am",12.267586,38.401503,34.34847,8.605513,6.376928
"020","12am",9.160497,24.677233,41.680312,20.790805,3.691153
"021","12am",21.558408,26.540933,30.908855,18.414624,2.57718
"022","12am",11.151898,33.244956,41.215118,10.449323,3.938704
"023","12am",6.188085,28.602717,30.732581,32.77477,1.701847
"024","12am",19.995956,18.2662,44.371868,15.272318,2.093659
"025","12am",8.076916,31.110313,38.955307,17.027551,4.829913
"026","12am",5.32484,30.594852,40.944948,19.154206,3.981155
"027","12am",23.512511,31.391953,22.911074,19.165025,3.019437
"028","12am",21.461656,21.213113,35.423167,19.899803,2.002261
"029","12am",4.871605,30.226828,40.582378,22.114163,2.205026
"030","12am",19.152855,35.739512,29.884563,13.466921,1.75615
"031","12am",19.626819,41.177371,13.513311,22.45561,3.22689
"001","1pm",12.943813,18.50339,30.22817,25.412805,12.911818
"002","1pm",10.488208,32.12663,32.51724,22.787461,2.08046
"003","1pm",17.581373,19.62472,29.48666,25.614322,7.692921
"004","1pm",17.345003,17.75966,32.75889,21.888729,10.247711
"005","1pm",23.413378,13.88943,27.18851,24.280004,11.228674
"006","1pm",11.653733,11.05536,30.49769,30.758436,16.034781
"007","1pm",7.527465,20.34426,45.97129,21.884881,4.272103
"008","1pm",36.865402,34.38709,18.67857,10.068946,0
"009","1pm",19.705245,19.00221,33.31575,20.562611,7.414189
"010","1pm",31.929637,27.58062,22.40719,16.337833,1.74472
"011","1pm",13.571753,30.26349,29.3007,22.246854,4.6172
"012","1pm",55.018771,24.14437,11.20172,8.554949,1.080189
"013","1pm",48.848418,15.63162,24.6436,5.094257,5.78211
"014","1pm",12.777183,24.20463,35.77385,18.98411,8.260222
"015","1pm",6.21537,25.5594,37.99798,21.267424,8.95982
"016","1pm",6.266955,13.50488,43.96521,21.899875,14.36308
"017","1pm",7.541822,33.33945,27.6348,18.004681,13.479241
"018","1pm",27.242195,27.1584,24.39621,14.434445,6.768756
"019","1pm",13.906897,32.17639,32.80643,16.186559,4.923724
"020","1pm",9.90942,25.87858,44.44007,17.958005,1.813924
"021","1pm",22.527018,28.20719,29.6703,16.834578,2.760915
"022","1pm",11.073421,33.0529,40.52808,10.398206,4.947396
"023","1pm",6.43282,25.41084,33.19009,30.986088,3.980158
"024","1pm",19.192399,20.40437,41.30006,16.299857,2.803311
"025","1pm",8.231539,30.33712,40.19129,16.317674,4.922375
"026","1pm",5.683815,32.33146,38.97496,20.328549,2.681212
"027","1pm",20.095685,34.80985,22.41873,20.035714,2.640014
"028","1pm",21.457193,21.96278,32.29465,21.592224,2.693161
"029","1pm",4.965129,27.21083,44.75909,20.817594,2.247357
"030","1pm",19.666974,37.26955,29.13375,11.098677,2.831049
"031","1pm",20.396633,39.88001,15.40123,20.968665,3.353457
"001","2pm",14.747532,18.39806,28.669255,23.126344,15.058812
"002","2pm",12.041525,31.91283,31.023066,21.982398,3.04018
"003","2pm",16.622573,19.94558,28.122981,27.479712,7.829152
"004","2pm",13.750359,20.83964,37.807919,19.286386,8.315697
"005","2pm",22.219849,15.1124,26.685989,23.510357,12.471409
"006","2pm",13.296543,12.68984,31.835168,26.248815,15.929632
"007","2pm",8.324501,29.51835,41.776347,16.045817,4.334989
"008","2pm",37.401483,29.70557,16.320597,16.572354,0
"009","2pm",23.001548,19.65554,29.462753,19.1512,8.728956
"010","2pm",31.080114,29.36735,22.805757,14.93597,1.810807
"011","2pm",12.5219,30.1738,30.208339,22.148426,4.947532
"012","2pm",57.663518,26.7799,6.823284,7.666771,1.066532
"013","2pm",44.15352,20.40881,22.297021,7.203751,5.936902
"014","2pm",18.571899,23.07751,34.27274,17.12837,6.949484
"015","2pm",5.70823,26.23945,33.848785,18.981908,15.221631
"016","2pm",3.716235,15.07687,42.076184,24.590873,14.539838
"017","2pm",6.574359,33.9149,25.355458,22.411852,11.743434
"018","2pm",22.101174,33.55929,23.320844,14.308838,6.709855
"019","2pm",13.321026,31.3582,32.013259,16.595821,6.711689
"020","2pm",11.083805,23.51383,45.383885,18.133994,1.884487
"021","2pm",21.530765,27.74835,29.007809,18.873593,2.839481
"022","2pm",8.36304,33.73474,43.243635,10.798583,3.86
"023","2pm",6.769078,26.38103,30.901638,31.760047,4.18821
"024","2pm",18.642569,22.13893,39.559483,18.295779,1.363241
"025","2pm",8.112966,27.9715,43.419635,16.758446,3.737451
"026","2pm",5.062975,33.79414,35.473434,20.133892,5.535559
"027","2pm",16.699459,34.4934,22.907718,23.553102,2.346317
"028","2pm",19.656234,20.9086,34.45854,21.955692,3.020937
"029","2pm",4.645158,26.06176,45.621734,20.546983,3.124366
"030","2pm",20.190681,31.39403,31.938847,13.318367,3.158072
"031","2pm",19.221272,42.26357,15.891484,19.163475,3.460204
"001","3pm",10.04144,17.996309,29.771033,26.62955,15.5616685
"002","3pm",11.57252,31.684951,31.533315,21.773199,3.4360162
"003","3pm",18.774076,18.852981,30.09836,24.834425,7.4401587
"004","3pm",16.448018,21.985654,32.702008,19.945297,8.9190236
"005","3pm",21.299586,16.499996,21.55653,29.004968,11.6389198
"006","3pm",11.126383,15.335782,33.671927,24.257267,15.6086415
"007","3pm",6.982178,28.495984,38.139478,20.483523,5.8988364
"008","3pm",37.404771,29.751254,17.595239,15.248736,0
"009","3pm",20.596514,22.559836,31.544571,17.267099,8.0319797
"010","3pm",32.914282,29.234577,21.332823,16.053852,0.4644664
"011","3pm",11.819282,30.743913,32.591894,20.151214,4.6936983
"012","3pm",59.124341,26.41305,7.408712,7.053898,0
"013","3pm",44.510336,25.159295,24.669089,2.546981,3.1142991
"014","3pm",17.304211,23.811439,33.292625,16.92651,8.665214
"015","3pm",6.039119,24.215408,32.507705,19.192285,18.0454836
"016","3pm",4.73498,8.700518,43.124097,26.582282,16.8581226
"017","3pm",7.79699,35.293638,24.47577,21.274631,11.1589707
"018","3pm",23.152442,30.380145,23.309216,16.704448,6.45375
"019","3pm",11.601011,34.062781,33.15658,15.714019,5.4656087
"020","3pm",12.926071,24.750688,44.728599,16.342514,1.2521269
"021","3pm",21.355128,30.022399,27.126496,18.517961,2.9780158
"022","3pm",6.788664,35.00355,43.221374,11.040086,3.9463264
"023","3pm",5.93174,21.924317,32.225438,35.618892,4.2996129
"024","3pm",19.847287,18.527327,39.077763,19.657373,2.8902501
"025","3pm",8.792053,27.051958,43.501646,15.687147,4.9671962
"026","3pm",6.161051,29.848314,37.935551,22.748904,3.3061809
"027","3pm",16.286057,32.575128,23.006536,26.866353,1.2659262
"028","3pm",20.773249,16.25266,39.543303,20.723091,2.707696
"029","3pm",4.618723,25.582533,46.092532,20.599626,3.1065858
"030","3pm",19.962203,30.220801,32.235084,14.498152,3.0837591
"031","3pm",19.114985,41.334853,15.986941,20.082231,3.480989
"001","4pm",10.889063,18.00147,28.174064,28.787397,14.148007
"002","4pm",12.327647,30.923054,32.034578,19.977951,4.73677
"003","4pm",16.296366,18.655483,32.211129,25.021244,7.815779
"004","4pm",11.536163,21.07518,33.900191,21.522561,11.965905
"005","4pm",26.169506,18.139355,17.989228,27.900686,9.801226
"006","4pm",11.084044,6.172731,37.182568,26.799737,18.760919
"007","4pm",7.513208,31.412744,32.165335,21.431967,7.476745
"008","4pm",40.32503,31.607342,14.189549,13.878079,0
"009","4pm",18.221558,25.734366,30.662725,16.724208,8.657142
"010","4pm",29.30316,28.575325,26.620598,14.000564,1.500353
"011","4pm",11.391902,35.504956,28.955207,17.709914,6.438021
"012","4pm",62.378475,26.901996,7.205324,3.514205,0
"013","4pm",45.759456,19.671085,21.384088,10.179892,3.005479
"014","4pm",17.206552,21.871872,33.479454,18.887356,8.554765
"015","4pm",9.331858,27.072817,33.917988,16.275643,13.401695
"016","4pm",7.76577,8.870991,39.532384,29.722546,14.10831
"017","4pm",8.113823,28.726958,23.436768,23.492216,16.230235
"018","4pm",26.384477,28.914013,26.374381,11.16086,7.166269
"019","4pm",12.798275,37.291677,31.862128,12.313446,5.734474
"020","4pm",14.525596,23.502034,42.939779,17.607707,1.424884
"021","4pm",20.653878,32.355632,28.075408,16.110953,2.80413
"022","4pm",5.640474,34.612565,45.102622,10.806142,3.838198
"023","4pm",6.328696,22.070411,37.395272,30.289886,3.915734
"024","4pm",19.155988,19.946347,39.649334,18.494519,2.753812
"025","4pm",8.491308,28.981297,43.060639,14.592765,4.873991
"026","4pm",5.441453,26.721748,41.134221,22.531079,4.1715
"027","4pm",16.748003,28.511662,25.73046,27.280204,1.72967
"028","4pm",21.765259,15.780109,39.054105,20.726301,2.674226
"029","4pm",4.010901,26.789108,42.564387,23.937843,2.697761
"030","4pm",18.076577,30.43996,33.593902,14.714251,3.17531
"031","4pm",18.581358,41.104563,15.540638,21.38963,3.383811
"001","5pm",8.853691,18.51846,29.453244,24.011466,19.16314
"002","5pm",10.55108,30.70067,36.413232,19.611377,2.723642
"003","5pm",18.688066,16.13725,31.53389,26.034073,7.606716
"004","5pm",13.826888,20.69907,31.700615,19.563719,14.209705
"005","5pm",24.019454,17.65285,19.884449,26.175327,12.26792
"006","5pm",8.771187,10.56938,35.354935,30.694177,14.610325
"007","5pm",7.135709,26.22551,35.628253,22.633738,8.376791
"008","5pm",41.610141,29.68913,15.718036,10.29133,2.691363
"009","5pm",19.918339,28.74803,31.402229,9.961732,9.969669
"010","5pm",29.582911,25.83843,27.849772,14.462473,2.266412
"011","5pm",11.908543,32.78711,26.108113,23.5822,5.614032
"012","5pm",58.841494,31.97438,6.193869,2.990258,0
"013","5pm",56.814463,15.3451,18.326837,6.044122,3.469479
"014","5pm",14.49899,24.34603,41.327527,11.681827,8.145626
"015","5pm",7.859184,31.32055,29.535861,19.181173,12.103233
"016","5pm",3.974219,16.63365,35.960999,30.074824,13.356309
"017","5pm",7.551232,27.4526,26.325182,24.73636,13.934623
"018","5pm",37.73427,22.38873,26.111486,11.251638,2.513879
"019","5pm",14.429961,33.78383,28.077435,15.970552,7.73822
"020","5pm",8.908214,30.00715,40.560238,18.94838,1.576018
"021","5pm",15.87189,37.29689,29.654091,14.817816,2.359308
"022","5pm",3.993062,35.01914,46.992976,11.175786,2.819041
"023","5pm",6.387514,25.49158,29.339004,35.408932,3.372965
"024","5pm",16.057905,15.09836,43.156033,23.232864,2.454836
"025","5pm",7.243027,25.02605,42.326772,21.565343,3.838804
"026","5pm",4.55125,27.26745,44.149658,21.058457,2.973188
"027","5pm",17.533719,30.03757,25.668161,24.111703,2.648844
"028","5pm",20.241631,16.59817,38.363638,22.247236,2.549322
"029","5pm",3.669458,29.91134,43.413885,20.537214,2.468103
"030","5pm",19.145306,30.80885,33.477861,13.342427,3.225559
"031","5pm",18.428969,41.32802,13.289237,23.967791,2.985979
"001","6pm",5.669403,17.4839,33.642141,25.588361,17.616198
"002","6pm",11.018853,32.00698,33.237696,19.369521,4.366949
"003","6pm",19.873158,16.49997,34.566314,21.987427,7.073132
"004","6pm",16.390576,20.27213,27.842519,16.287432,19.207339
"005","6pm",25.611624,15.20739,21.659729,27.102981,10.418276
"006","6pm",8.488487,11.00101,34.021548,31.523866,14.965092
"007","6pm",6.991305,26.48917,33.941564,23.551102,9.026857
"008","6pm",42.866387,31.42441,17.396073,8.313131,0
"009","6pm",21.566877,25.18839,29.97459,11.938196,11.331945
"010","6pm",32.450104,23.74275,31.183775,11.078843,1.544527
"011","6pm",10.787664,34.53652,26.043724,23.462149,5.169941
"012","6pm",55.805674,32.14266,9.414199,2.637462,0
"013","6pm",55.771646,17.90158,15.336761,6.392345,4.597665
"014","6pm",16.108997,20.93921,40.290193,14.133609,8.527986
"015","6pm",8.283197,28.0545,29.570517,19.878533,14.213255
"016","6pm",6.017809,14.27937,38.294877,23.456147,17.951796
"017","6pm",6.583349,24.93592,24.801496,29.86951,13.809723
"018","6pm",33.740329,23.67182,24.918325,15.435571,2.23396
"019","6pm",12.297446,34.54176,34.944505,14.107167,4.10912
"020","6pm",8.556968,29.69189,35.269155,22.767932,3.714057
"021","6pm",15.840153,36.16118,30.098672,15.965832,1.934165
"022","6pm",8.073555,30.77689,45.945657,12.905557,2.298345
"023","6pm",4.863299,27.15077,27.753296,32.37408,7.858554
"024","6pm",16.266988,14.79225,42.562259,23.370132,3.008371
"025","6pm",7.037917,27.56209,41.458947,19.255438,4.685612
"026","6pm",4.002614,29.92725,39.907267,22.427996,3.734878
"027","6pm",16.803984,28.79429,26.055547,24.603761,3.742416
"028","6pm",18.243528,15.95618,40.181007,23.632322,1.986967
"029","6pm",4.307735,27.43435,45.834729,20.959051,1.464141
"030","6pm",18.393302,31.7138,33.835204,13.24628,2.811417
"031","6pm",18.538632,41.65765,11.336951,25.632835,2.833937
"001","7pm",6.645764,17.68911,31.80275,24.402217,19.460164
"002","7pm",9.724493,30.8559,34.32983,20.366571,4.723206
"003","7pm",19.300699,16.97959,31.54578,24.813706,7.360226
"004","7pm",17.50592,20.54966,23.33039,19.39442,19.219608
"005","7pm",24.640162,13.96112,23.31586,27.066262,11.01659
"006","7pm",8.099123,12.44477,28.77725,33.671366,17.007488
"007","7pm",7.149999,21.80252,34.40297,27.412754,9.231757
"008","7pm",45.093096,33.10814,16.84939,4.949381,0
"009","7pm",18.298672,24.13448,31.70915,13.745398,12.112306
"010","7pm",32.17484,26.10776,28.81341,11.858046,1.045946
"011","7pm",12.065353,33.34144,28.6044,22.051159,3.937646
"012","7pm",56.012706,29.78341,11.30959,2.894286,0
"013","7pm",53.094637,18.66838,18.65894,6.128327,3.44972
"014","7pm",18.578137,21.97571,42.13692,10.020319,7.28891
"015","7pm",8.289213,27.58274,33.79076,20.080428,10.256854
"016","7pm",5.681708,14.73731,36.06737,26.07301,17.440608
"017","7pm",6.24695,24.42967,24.65125,28.673186,15.998947
"018","7pm",29.866431,28.08721,23.94373,17.183571,0.919061
"019","7pm",12.524556,31.62742,40.30848,10.636552,4.902989
"020","7pm",8.170017,34.02102,34.25168,20.031123,3.526159
"021","7pm",15.306883,37.22517,29.90629,15.155505,2.40615
"022","7pm",7.78903,30.36914,44.77338,13.930601,3.137849
"023","7pm",4.107192,26.77163,24.47971,38.004694,6.636769
"024","7pm",15.274151,16.30864,42.23826,24.181582,1.997374
"025","7pm",6.743414,26.08908,43.45178,19.226186,4.489541
"026","7pm",4.022646,29.52033,40.5974,23.139014,2.720613
"027","7pm",19.646868,26.99174,27.02738,23.439203,2.894809
"028","7pm",21.504478,14.24772,41.51419,20.719495,2.014123
"029","7pm",4.054488,26.25719,43.61346,23.958568,2.116297
"030","7pm",17.279842,32.10734,32.63632,14.773696,3.202802
"031","7pm",20.012447,39.46719,11.03425,26.727841,2.758271
"001","8pm",7.718829,18.33244,28.15533,25.743577,20.0498255
"002","8pm",9.542768,31.00278,33.73571,20.254789,5.4639537
"003","8pm",19.911603,17.13626,32.23917,23.309058,7.4039031
"004","8pm",18.770035,20.91362,24.35918,20.380648,15.5765202
"005","8pm",24.465416,14.53752,22.28894,26.87431,11.8338154
"006","8pm",7.42491,12.40389,27.47472,34.80842,17.888058
"007","8pm",7.24841,21.64516,36.43018,26.85423,7.8220195
"008","8pm",45.659478,34.79405,15.69015,3.856326,0
"009","8pm",18.118338,25.27675,32.94533,12.185036,11.4745481
"010","8pm",32.71874,26.5491,27.61003,12.0585,1.0636276
"011","8pm",11.911982,32.34029,29.87712,21.280258,4.5903533
"012","8pm",56.072771,29.91463,11.10556,2.907038,0
"013","8pm",54.011061,17.90414,19.57701,5.000959,3.5068316
"014","8pm",20.40196,23.41629,41.31406,10.276295,4.5913945
"015","8pm",9.127288,26.66959,33.92835,20.357481,9.9172908
"016","8pm",5.266109,13.65932,35.86342,28.467884,16.7432719
"017","8pm",5.323194,21.7758,26.80997,29.258733,16.8323025
"018","8pm",30.089105,26.3169,25.4475,17.233788,0.9127133
"019","8pm",12.786366,30.63375,41.43392,10.372717,4.7732418
"020","8pm",6.044106,32.00502,38.58542,19.873779,3.4916778
"021","8pm",14.976801,37.94281,28.9481,14.828688,3.3035954
"022","8pm",7.649105,29.36719,44.31644,15.585781,3.0814794
"023","8pm",4.080349,28.67352,24.31973,35.586844,7.3395568
"024","8pm",15.469995,15.06202,42.58165,24.303455,2.5828813
"025","8pm",6.614032,26.42588,43.60055,18.956133,4.4034031
"026","8pm",3.928318,28.33198,40.9594,23.232962,3.5473392
"027","8pm",20.147734,27.46114,25.54897,23.367778,3.4743694
"028","8pm",21.851966,14.08312,38.84586,22.611215,2.6078345
"029","8pm",4.059944,25.53362,44.29648,23.990807,2.1191451
"030","8pm",16.923001,33.90176,31.29409,14.695333,3.185814
"031","8pm",19.733346,39.03901,11.8277,26.742366,2.6575836
"001","9pm",6.868996,17.73114,26.98237,25.758126,22.6593636
"002","9pm",9.296323,30.20212,34.02656,21.174474,5.3005208
"003","9pm",20.231754,16.95468,32.3395,23.683835,6.7902357
"004","9pm",17.712387,22.07239,26.28415,19.232246,14.6988194
"005","9pm",24.446433,12.91989,22.40244,28.4066,11.8246335
"006","9pm",7.494554,12.52024,27.73243,34.988833,17.2639461
"007","9pm",7.435071,22.20257,34.1955,28.143411,8.023452
"008","9pm",45.759387,35.25221,15.16363,3.824777,0
"009","9pm",18.097383,24.75097,32.90722,12.783147,11.4612769
"010","9pm",32.53978,27.10088,28.3119,10.989624,1.05781
"011","9pm",11.804491,33.32848,30.46007,19.858027,4.5489309
"012","9pm",55.740976,30.06707,11.24771,2.944248,0
"013","9pm",54.827952,17.96037,18.77525,4.959012,3.4774174
"014","9pm",24.170614,26.86907,36.7822,7.093678,5.084439
"015","9pm",9.037324,25.66048,35.06839,19.620953,10.6128525
"016","9pm",5.026515,15.17286,35.84347,27.975657,15.9814958
"017","9pm",5.214983,21.33314,26.97778,31.069965,15.4041306
"018","9pm",30.803569,26.35878,25.488,16.43549,0.9141659
"019","9pm",13.78787,31.84085,39.875,9.34917,5.1471104
"020","9pm",5.688247,31.26039,40.8487,19.160115,3.0425525
"021","9pm",15.432094,37.19725,29.46282,14.645134,3.2627025
"022","9pm",7.64271,29.68616,43.99622,15.596,3.0789035
"023","9pm",3.890838,28.34257,23.83155,35.935587,7.9994581
"024","9pm",15.207127,14.80609,43.1493,24.298496,2.5389926
"025","9pm",6.585393,26.0987,43.41176,19.519815,4.3843366
"026","9pm",3.937242,28.16917,41.05245,23.28574,3.5553976
"027","9pm",19.789701,26.69619,26.08301,23.959914,3.4711782
"028","9pm",21.198913,15.59843,38.73729,21.935472,2.5298986
"029","9pm",4.131226,25.14565,44.44356,24.123215,2.1563521
"030","9pm",16.974648,34.00522,31.3896,14.434993,3.1955368
"031","9pm",19.733346,39.03901,11.8277,26.742366,2.6575836
"001","10pm",7.269118,17.40736,27.05993,24.408295,23.8553018
"002","10pm",9.230329,30.91017,33.785,20.811602,5.2628923
"003","10pm",19.720433,16.52618,33.16689,23.967867,6.6186248
"004","10pm",17.235242,21.4778,26.87484,19.269205,15.1429127
"005","10pm",24.304629,13.80358,22.2725,27.86325,11.7560436
"006","10pm",7.570595,11.63266,28.01381,35.343832,17.4391075
"007","10pm",7.334941,21.90356,34.13953,28.70657,7.9153974
"008","10pm",45.759387,35.25221,15.16363,3.824777,0
"009","10pm",19.175494,22.74625,33.2285,14.74058,10.1091782
"010","10pm",31.77855,26.46689,29.98896,10.732534,1.0330637
"011","10pm",11.461196,34.34757,29.2392,20.535393,4.4166402
"012","10pm",55.740976,30.06707,11.24771,2.944248,0
"013","10pm",54.537942,18.39431,18.67594,4.932782,3.4590238
"014","10pm",20.569038,29.66618,38.09879,6.795371,4.8706252
"015","10pm",8.766168,26.40249,34.59425,19.942673,10.2944239
"016","10pm",5.004756,15.10718,35.68831,28.287441,15.912314
"017","10pm",5.16829,24.10267,26.73624,29.369278,14.6235252
"018","10pm",29.822227,26.7326,25.84947,16.668577,0.9271306
"019","10pm",14.857393,34.78986,40.0475,6.221269,4.0839824
"020","10pm",6.869571,30.22982,41.08985,18.038974,3.771776
"021","10pm",15.09168,37.88684,28.8129,14.32208,3.8864943
"022","10pm",7.730742,30.0281,43.53307,15.593721,3.1143676
"023","10pm",3.981582,26.92298,24.86382,36.045593,8.1860253
"024","10pm",14.921635,14.52812,43.27791,24.781005,2.4913267
"025","10pm",6.477948,26.52332,42.70346,19.98247,4.3128027
"026","10pm",3.909116,28.6823,40.75919,23.119397,3.5299995
"027","10pm",19.668709,26.53297,25.92355,23.306628,4.5681415
"028","10pm",21.204353,15.94785,37.38244,23.023934,2.4414151
"029","10pm",4.093352,24.91512,45.50256,23.352388,2.136583
"030","10pm",17.33564,33.87762,32.05715,13.466103,3.2634946
"031","10pm",19.560005,38.69608,11.7238,27.385873,2.6342389
"001","11pm",7.603486,16.70757,29.03775,24.469134,22.1820543
"002","11pm",9.188845,30.57898,34.85708,20.27635,5.0987468
"003","11pm",19.481888,16.32628,34.44229,23.210981,6.5385635
"004","11pm",17.235242,21.4778,26.87484,19.269205,15.1429127
"005","11pm",23.963566,12.7291,21.95995,29.131637,12.2157462
"006","11pm",7.526667,11.56516,27.85126,35.138753,17.9181595
"007","11pm",7.368689,22.00434,32.94941,29.72575,7.951816
"008","11pm",45.291223,34.89154,16.03159,3.785646,0
"009","11pm",19.057247,22.60598,33.64025,14.649681,10.0468392
"010","11pm",31.874104,26.54647,29.2437,10.764805,1.5709213
"011","11pm",11.461196,34.34757,29.2392,20.535393,4.4166402
"012","11pm",55.740976,30.06707,11.24771,2.944248,0
"013","11pm",54.199253,18.9011,18.55996,4.902149,3.4375427
"014","11pm",21.354479,31.23475,35.57302,6.895416,4.9423331
"015","11pm",8.431355,28.87436,34.30064,18.492401,9.9012419
"016","11pm",4.948022,14.93592,36.41734,27.966777,15.7319337
"017","11pm",5.057779,23.58729,26.16455,30.879542,14.3108371
"018","11pm",28.961594,25.96113,27.17609,17.000811,0.9003747
"019","11pm",15.432192,35.02516,39.4032,6.121179,4.0182774
"020","11pm",7.494435,31.50057,38.11699,18.773143,4.1148607
"021","11pm",15.104273,37.91845,28.21632,14.871215,3.8897371
"022","11pm",7.790456,30.26005,43.0969,15.714171,3.1384236
"023","11pm",3.90439,26.40102,25.38605,36.281218,8.027321
"024","11pm",14.608012,14.92337,42.3683,24.260157,3.8401646
"025","11pm",6.531514,25.91573,43.05658,20.147707,4.3484657
"026","11pm",3.862514,29.47126,40.33452,22.843784,3.4879174
"027","11pm",19.436908,26.22028,26.79656,23.031953,4.5143047
"028","11pm",21.355163,16.06128,36.9371,23.187685,2.458779
"029","11pm",4.093352,24.91512,45.50256,23.352388,2.136583
"030","11pm",17.356326,33.79871,32.0954,13.482172,3.267389
"031","11pm",19.560005,38.69608,11.7238,27.385873,2.6342389
"001","12pm",7.52707,16.53966,28.74592,24.223217,22.9641312
"002","12pm",9.228762,30.71182,35.0085,20.364433,4.6864837
"003","12pm",19.553504,16.38629,34.2013,23.296306,6.5625996
"004","12pm",17.626676,21.96558,25.21408,19.706832,15.4868266
"005","12pm",23.963566,12.7291,21.95995,29.131637,12.2157462
"006","12pm",7.526667,11.56516,27.85126,35.138753,17.9181595
"007","12pm",7.433251,22.19713,33.2381,29.110031,8.0214871
"008","12pm",45.291223,34.89154,16.03159,3.785646,0
"009","12pm",19.057247,22.60598,33.64025,14.649681,10.0468392
"010","12pm",31.630367,27.10816,29.02007,10.682488,1.5589087
"011","12pm",11.647817,34.90685,27.62807,20.869769,4.9474946
"012","12pm",55.740976,30.06707,11.24771,2.944248,0
"013","12pm",54.199253,18.9011,18.55996,4.902149,3.4375427
"014","12pm",21.354479,31.23475,35.57302,6.895416,4.9423331
"015","12pm",8.348539,28.59075,33.96372,19.293003,9.8039878
"016","12pm",4.846019,14.62802,38.56276,26.555577,15.4076202
"017","12pm",5.057779,23.58729,26.16455,30.879542,14.3108371
"018","12pm",28.492129,26.1327,27.35569,17.113163,0.9063249
"019","12pm",15.003487,34.05216,41.08657,5.951133,3.9066498
"020","12pm",7.478411,31.43322,38.2493,18.733004,4.1060627
"021","12pm",15.037749,38.19188,28.09205,14.805717,3.8726055
"022","12pm",7.742752,30.07475,43.44535,15.617945,3.1192055
"023","12pm",3.879422,26.23219,25.22372,36.688679,7.9759889
"024","12pm",14.608012,14.92337,42.3683,24.260157,3.8401646
"025","12pm",6.531514,25.91573,43.05658,20.147707,4.3484657
"026","12pm",3.862514,29.47126,40.33452,22.843784,3.4879174
"027","12pm",19.444967,27.10669,26.35549,22.652853,4.4400004
"028","12pm",21.007626,15.79989,36.33598,24.437737,2.4187645
"029","12pm",4.127279,25.12162,45.05086,23.545941,2.1542918
"030","12pm",17.27311,33.27245,33.02298,13.417531,3.0139322
"031","12pm",19.560005,38.69608,11.7238,27.385873,2.6342389
"001","1am",6.906693,17.09534,29.71169,23.97044,22.3158398
"002","1am",9.21352,30.66109,34.95068,19.903182,5.271524
"003","1am",19.60113,16.4262,34.04104,23.353048,6.5785839
"004","1am",17.476529,21.77848,24.9993,20.390784,15.354907
"005","1am",24.192226,11.89636,22.16949,29.409612,12.332309
"006","1am",7.526667,11.56516,27.85126,35.138753,17.9181595
"007","1am",7.537282,22.10213,33.70328,28.52356,8.1337507
"008","1am",44.950808,34.62929,15.91109,4.508806,0
"009","1am",18.846226,23.46297,33.26775,14.487465,9.9355907
"010","1am",31.630367,27.10816,29.02007,10.682488,1.5589087
"011","1am",11.647817,34.90685,27.62807,20.869769,4.9474946
"012","1am",55.626033,30.14515,11.27692,2.951894,0
"013","1am",54.422121,18.80913,18.46964,4.878294,3.4208155
"014","1am",21.497744,31.24595,35.60252,6.788261,4.8655294
"015","1am",8.348539,28.59075,33.96372,19.293003,9.8039878
"016","1am",4.846019,14.62802,38.56276,26.555577,15.4076202
"017","1am",5.732046,23.4638,25.29362,30.71788,14.7926472
"018","1am",28.492129,26.1327,27.35569,17.113163,0.9063249
"019","1am",15.316103,32.67805,41.94266,6.075132,3.9880497
"020","1am",7.546856,31.72091,39.29664,17.291957,4.1436427
"021","1am",15.037749,38.19188,28.09205,14.805717,3.8726055
"022","1am",7.742752,30.07475,43.44535,15.617945,3.1192055
"023","1am",3.851867,26.04587,25.04456,37.138371,7.9193366
"024","1am",14.608012,14.92337,42.3683,24.260157,3.8401646
"025","1am",6.531514,25.91573,43.05658,20.147707,4.3484657
