"district","hour","occ1","occ2","occ3","occ4","occ5"
"001","4am",37.38159,21.439444,21.34992,13.97245,5.856597
"002","4am",37.52481,12.251258,14.650733,26.64011,8.933093
"003","4am",41.17128,9.236848,15.362719,25.89224,8.336914
"004","4am",41.45713,12.8239,7.193579,30.66411,7.86128
"005","4am",38.91559,5.850666,11.154056,33.74961,10.330083
"006","4am",51.79545,10.037964,3.631141,30.40719,4.128258
"007","4am",45.87332,10.948698,9.194966,30.81647,3.166549
"008","4am",19.94004,9.971871,22.931651,25.29126,21.865178
"009","4am",38.9176,8.258431,14.466154,29.41027,8.947549
"010","4am",34.26163,10.855582,15.540925,25.43703,13.904838
"011","4am",42.71513,11.032802,14.876284,24.37745,6.998338
"012","4am",21.75681,12.082095,27.843665,14.45082,23.866613
"013","4am",25.76526,13.680815,17.323668,14.83131,28.398949
"014","4am",46.05061,14.913197,11.860997,19.84947,7.325724
"015","4am",47.35797,6.977899,11.250692,28.62464,5.788798
"016","4am",49.26892,10.744937,5.669974,30.32098,3.995188
"017","4am",54.92146,6.832787,2.991243,32.42613,2.828373
"018","4am",48.97501,7.963317,6.300956,23.92702,12.833693
"019","4am",49.77196,3.005874,10.166288,26.16298,10.892901
"020","4am",53.87568,8.739177,7.976888,22.43764,6.970613
"021","4am",54.0693,7.362911,8.297553,21.25658,9.013652
"022","4am",49.25313,11.580757,4.864645,27.95929,6.342176
"023","4am",58.23623,6.289321,4.623297,27.03057,3.820581
"024","4am",47.3096,9.580018,12.254928,26.30069,4.554764
"025","4am",52.33822,8.82825,8.08939,24.09806,6.646076
"026","4am",56.89095,6.320113,6.153048,25.53592,5.099974
"027","4am",57.20019,9.431931,9.16529,20.85149,3.351101
"028","4am",50.35533,7.996798,7.454974,30.77723,3.415672
"029","4am",54.09561,5.583121,9.726036,28.97342,1.621816
"030","4am",48.30499,8.951256,7.677222,26.30796,8.758566
"031","4am",40.61987,5.697848,18.216237,26.82572,8.640328
"001","5am",37.15354,21.517527,21.427677,14.02333,5.877927
"002","5am",36.13462,12.523871,14.976739,27.2329,9.131871
"003","5am",41.20388,9.231729,15.354206,25.87789,8.332295
"004","5am",40.9294,12.939501,7.258425,30.94053,7.932146
"005","5am",37.64063,5.972781,11.386863,34.45403,10.545692
"006","5am",51.79545,10.037964,3.631141,30.40719,4.128258
"007","5am",46.86118,10.748875,9.027149,30.25404,3.108756
"008","5am",18.4375,10.159021,23.362027,25.76592,22.275538
"009","5am",37.30641,8.476266,14.847732,30.18603,9.183562
"010","5am",34.11648,10.87955,15.575238,25.49319,13.935539
"011","5am",41.0635,11.350898,15.305194,25.08029,7.200113
"012","5am",19.27441,12.80424,28.58446,14.83529,24.501596
"013","5am",24.92107,13.057971,17.743366,15.19063,29.086967
"014","5am",52.31458,13.181652,10.483838,17.54478,6.475148
"015","5am",47.89352,6.906909,11.136233,28.33343,5.729905
"016","5am",48.5898,10.888776,5.745876,30.72688,4.04867
"017","5am",55.26991,6.779972,2.968121,32.17549,2.80651
"018","5am",47.47975,8.196679,6.485603,24.62819,13.209779
"019","5am",54.18707,2.741653,9.272657,23.86322,9.9354
"020","5am",57.56047,8.04102,7.339628,20.64513,6.413743
"021","5am",52.54843,7.606713,8.572303,21.96044,9.312113
"022","5am",49.22167,11.587937,4.867661,27.97663,6.346108
"023","5am",57.68006,6.373077,4.684866,27.39053,3.87146
"024","5am",47.70527,9.50808,12.162903,26.10319,4.520561
"025","5am",51.22858,9.033786,8.277723,24.6591,6.800807
"026","5am",55.35496,6.545301,6.372283,26.44577,5.281688
"027","5am",56.84506,9.510192,9.241339,21.0245,3.378907
"028","5am",49.17525,8.186887,7.632183,31.50882,3.496864
"029","5am",53.49598,5.65605,9.853082,29.35189,1.643001
"030","5am",47.47139,9.095598,7.801021,26.73219,8.899801
"031","5am",40.61987,5.697848,18.216237,26.82572,8.640328
"001","6am",37.75618,20.673187,21.741718,13.97235,5.856558
"002","6am",33.25463,13.088631,15.652111,28.46096,9.54367
"003","6am",42.6469,8.515357,14.626429,25.87875,8.332571
"004","6am",39.1104,14.436202,7.424767,31.64959,7.379035
"005","6am",36.10304,6.120051,11.667629,35.30356,10.805717
"006","6am",50.76973,10.657485,3.669786,30.7308,4.172194
"007","6am",48.2993,10.457972,8.782842,29.43526,3.024622
"008","6am",19.99285,10.111644,23.253077,24.47078,22.171655
"009","6am",36.79822,7.35975,15.292668,31.0906,9.458761
"010","6am",31.81639,11.259371,16.118993,26.3832,14.422049
"011","6am",40.23046,11.511337,15.521526,25.43479,7.301883
"012","6am",16.09635,13.308327,29.709794,15.41934,25.466193
"013","6am",22.9654,12.933928,18.338344,15.70001,30.062323
"014","6am",54.40821,12.972435,9.3849,17.2415,5.992951
"015","6am",46.01146,6.775434,10.892474,30.21102,6.109613
"016","6am",46.82428,10.556387,6.043356,32.31769,4.258281
"017","6am",55.54727,6.737931,2.949717,31.97598,2.789108
"018","6am",45.14586,8.628091,6.826957,25.49405,13.905043
"019","6am",54.50627,2.722551,9.20805,23.69695,9.866176
"020","6am",58.49664,7.863644,7.177724,20.18973,6.272263
"021","6am",46.63263,8.555046,9.641016,24.69825,10.473058
"022","6am",49.03329,11.793672,4.954083,27.76018,6.458778
"023","6am",56.34321,6.574397,4.832857,28.25578,3.993757
"024","6am",48.46983,8.103878,12.344732,26.49342,4.588141
"025","6am",51.1843,6.976996,8.715396,25.96291,7.16039
"026","6am",53.67145,6.329216,6.689995,27.76431,5.545025
"027","6am",56.37328,8.914447,9.53456,21.69159,3.486117
"028","6am",48.14551,8.182001,8.68769,31.49002,3.494778
"029","6am",52.64077,5.760066,10.034282,29.89167,1.673216
"030","6am",47.19584,8.234328,8.005205,27.43188,9.132745
"031","6am",39.8501,5.280645,18.619017,27.41886,8.831375
"001","7am",42.99591,14.515309,21.895072,14.51127,6.082445
"002","7am",29.61875,16.469436,15.617096,28.7724,9.52232
"003","7am",40.98322,18.499475,11.664231,21.58993,7.263145
"004","7am",41.28461,15.080489,6.384986,30.20718,7.042739
"005","7am",35.09784,12.056285,11.368285,31.94197,9.535628
"006","7am",41.60051,5.390629,4.112321,41.87673,7.019812
"007","7am",46.06196,8.054406,10.236434,32.25755,3.389653
"008","7am",22.7265,5.82225,24.177076,24.22149,23.052682
"009","7am",34.59887,12.028918,14.92255,29.48069,8.968974
"010","7am",38.22395,6.913586,15.730696,25.74764,13.384134
"011","7am",39.31861,12.222152,15.586186,25.54075,7.332302
"012","7am",19.69023,7.057119,30.828119,15.99975,26.424781
"013","7am",28.96113,3.991337,18.792407,16.76012,31.495006
"014","7am",56.88568,21.672576,6.262683,11.17988,3.999186
"015","7am",46.1574,1.515765,12.464899,34.11662,5.745317
"016","7am",41.93335,6.482646,7.505994,38.78912,5.288888
"017","7am",51.90233,6.113866,3.393505,35.38157,3.208732
"018","7am",36.31982,6.006787,8.778405,32.22796,16.667026
"019","7am",55.70076,7.151971,6.658924,21.39349,9.094853
"020","7am",66.53015,7.675481,5.281134,15.89043,4.622807
"021","7am",40.77229,6.21474,10.45298,29.88679,12.673206
"022","7am",42.46767,12.165078,6.305098,31.68923,7.372925
"023","7am",54.03064,4.98701,5.341128,31.22744,4.413779
"024","7am",43.40962,7.749833,13.883836,29.79654,5.160176
"025","7am",46.76147,2.607786,10.546863,31.4188,8.665085
"026","7am",46.0804,5.808854,6.56859,34.62661,6.915546
"027","7am",50.36991,7.860752,10.399989,27.02593,4.343414
"028","7am",48.48256,6.307237,10.091495,31.54367,3.575036
"029","7am",44.38696,7.268462,11.661366,34.73868,1.944532
"030","7am",46.63303,5.850658,8.489698,29.34113,9.685479
"031","7am",37.81619,2.620554,19.862689,29.9303,9.770264
"001","8am",51.81143,6.8653179,19.063571,15.16402,7.095657
"002","8am",27.89901,22.4674751,14.868399,25.55211,9.213
"003","8am",40.62579,22.1014239,11.699075,19.32313,6.25058
"004","8am",42.14203,15.5712805,6.260584,29.11804,6.908061
"005","8am",28.58465,11.3141596,13.226289,36.7472,10.127696
"006","8am",35.24057,5.0314839,5.955696,46.87701,6.895249
"007","8am",50.84952,5.747681,8.982945,31.25416,3.16569
"008","8am",30.06789,5.2951026,19.158176,22.51971,22.959121
"009","8am",31.61203,14.885818,15.227857,29.97985,8.294447
"010","8am",38.66133,6.5794032,16.566627,25.21285,12.979793
"011","8am",34.65824,11.809084,18.119759,27.38495,8.027975
"012","8am",22.49481,4.5564614,30.943595,16.92487,25.080263
"013","8am",35.05152,1.8952744,17.688556,14.42725,30.937404
"014","8am",63.63845,18.7047834,4.399186,10.09118,3.166399
"015","8am",46.00855,1.073587,13.893094,31.30107,7.723694
"016","8am",30.19844,9.4143804,7.931997,47.89225,4.562924
"017","8am",42.08906,4.7480237,4.531794,45.57555,3.055575
"018","8am",34.63742,6.3936951,8.099908,32.42665,18.442327
"019","8am",56.01058,9.2407901,8.703676,18.15399,7.89097
"020","8am",65.07561,9.6734072,4.935841,14.22343,6.091706
"021","8am",42.11814,5.4586097,9.913179,30.18125,12.328821
"022","8am",36.5658,16.1613545,4.949543,34.40767,7.915633
"023","8am",53.56728,5.582722,5.152994,30.75599,4.941017
"024","8am",42.05362,6.1952932,13.85022,32.40847,5.492397
"025","8am",43.72105,3.5833438,9.769305,33.54484,9.381457
"026","8am",41.89556,4.1578746,7.946004,38.34282,7.65774
"027","8am",40.42917,8.6180503,12.839156,32.75152,5.362099
"028","8am",46.97457,8.8535116,9.138773,31.47158,3.561566
"029","8am",40.66546,2.9140545,14.457693,39.63771,2.325083
"030","8am",44.76345,5.4280734,9.642533,30.5953,9.570648
"031","8am",37.53131,0.6198367,21.564183,30.20712,10.077555
"001","9am",51.85584,5.374033,15.941214,20.12459,6.704328
"002","9am",27.53866,24.029624,14.852018,24.34434,9.23535
"003","9am",40.32599,21.248631,12.107446,20.45693,5.861008
"004","9am",40.59146,15.605107,6.074026,30.37459,7.354812
"005","9am",31.75189,10.925783,12.586415,34.78102,9.954892
"006","9am",36.66924,5.894234,5.170451,44.56976,7.696314
"007","9am",50.0253,6.939736,10.849054,29.67333,2.512586
"008","9am",29.72725,5.465695,19.498175,23.69683,21.612051
"009","9am",30.8924,16.919584,13.680747,28.70929,9.797982
"010","9am",38.16514,7.129643,15.798782,25.85142,13.055018
"011","9am",39.82665,11.868866,19.229634,22.79272,6.282135
"012","9am",22.86685,2.558875,30.322686,16.46968,27.781905
"013","9am",38.39109,1.164784,16.118979,11.24234,33.082813
"014","9am",62.62646,17.577318,4.189478,12.80541,2.801339
"015","9am",42.35599,1.049968,12.834876,34.46129,9.29788
"016","9am",29.52058,9.743513,8.383583,46.70657,5.645762
"017","9am",41.04328,4.105347,3.181042,49.36605,2.304286
"018","9am",33.95791,7.178243,7.161421,33.493,18.20943
"019","9am",54.98328,8.883889,8.098684,21.22673,6.807415
"020","9am",60.92064,7.402767,7.421005,18.08613,6.16946
"021","9am",42.11838,5.779553,10.496031,29.05835,12.547686
"022","9am",34.18928,17.846465,5.465621,33.39704,9.101597
"023","9am",54.55426,3.407363,5.791519,30.69358,5.553276
"024","9am",39.10144,6.720219,15.615434,33.42943,5.133476
"025","9am",44.05083,3.920923,10.689652,31.07333,10.265266
"026","9am",39.63152,4.78067,7.495437,40.1489,7.943474
"027","9am",36.99749,9.315612,13.125812,34.14197,6.419114
"028","9am",48.97831,8.769556,9.151795,30.84487,2.255473
"029","9am",40.25681,3.289181,12.508772,41.32085,2.624392
"030","9am",49.47481,4.029647,9.822107,26.79939,9.874045
"031","9am",35.24614,0,21.167772,33.00977,10.576316
"001","10am",46.44986,5.997019,18.459791,21.53786,7.555478
"002","10am",28.02963,25.9495,12.747447,24.93094,8.342482
"003","10am",40.31545,21.04819,11.483725,21.24249,5.910145
"004","10am",44.90319,15.076356,6.196676,27.78038,6.043392
"005","10am",29.94343,11.141279,11.361926,35.52239,12.030973
"006","10am",37.49667,4.07051,5.085056,43.89222,9.45554
"007","10am",50.02095,7.25999,12.910954,26.55194,3.256165
"008","10am",32.04487,6.315057,19.341552,23.66545,18.633072
"009","10am",31.25029,17.751767,12.267128,28.62288,10.10794
"010","10am",38.25623,7.77978,15.621411,25.40427,12.938309
"011","10am",38.28291,12.138493,18.054667,22.61715,8.906774
"012","10am",27.51104,2.475952,27.497313,16.28933,26.226359
"013","10am",35.6757,1.12508,14.33944,16.95255,31.907226
"014","10am",62.8808,16.452678,4.992944,11.96394,3.709647
"015","10am",46.88607,1.079304,13.19348,33.72781,5.113331
"016","10am",32.95715,7.725956,8.556358,44.99843,5.762113
"017","10am",44.40772,4.168388,5.053093,42.96374,3.407062
"018","10am",32.76587,5.369641,8.463561,33.61098,19.789943
"019","10am",55.03452,8.112163,8.05676,21.7793,7.017258
"020","10am",60.77188,7.657327,7.103332,19.24908,5.218374
"021","10am",43.41587,4.489659,11.050502,28.99513,12.048839
"022","10am",35.3366,18.093961,6.464368,31.67729,8.42778
"023","10am",55.24026,3.535378,6.009106,29.45334,5.761913
"024","10am",37.34892,6.983127,14.411914,35.92173,5.334307
"025","10am",43.35919,4.274823,11.654493,31.47648,9.235015
"026","10am",41.59622,4.469847,9.120987,35.1106,9.70234
"027","10am",36.52892,10.271281,12.668756,35.04368,5.487365
"028","10am",45.26917,10.115622,10.578139,31.11821,2.918859
"029","10am",39.69469,3.103579,13.135422,40.32447,3.741838
"030","10am",49.29032,4.231571,10.308039,25.4319,10.738168
"031","10am",36.54064,0,21.028408,31.4662,10.964756
"001","11am",53.26494,7.509107,15.160228,18.804736,5.260993
"002","11am",26.33958,26.549015,13.219885,24.485078,9.406438
"003","11am",38.30662,21.709442,12.019434,21.938576,6.025924
"004","11am",41.75951,14.969152,9.702649,27.269399,6.299286
"005","11am",32.46987,10.900616,8.27364,35.354198,13.001674
"006","11am",37.51385,4.368166,5.448332,44.915158,7.754499
"007","11am",51.12342,6.833023,8.991327,30.981539,2.070695
"008","11am",28.19863,6.712656,20.936058,23.161687,20.990965
"009","11am",28.47486,15.387257,13.092045,33.420299,9.625543
"010","11am",34.53485,8.038288,15.471216,26.679407,15.276235
"011","11am",37.21226,10.992755,17.978904,24.990592,8.825494
"012","11am",25.24805,2.870676,28.399769,17.722335,25.759171
"013","11am",38.1176,1.059949,17.881948,15.258498,27.682005
"014","11am",66.60265,17.241949,4.037289,8.888784,3.229332
"015","11am",38.56064,1.318736,13.632606,41.852095,4.635919
"016","11am",32.80426,8.494342,8.313529,46.090504,4.297364
"017","11am",45.41082,3.775023,4.576241,44.119033,2.118879
"018","11am",35.05956,4.5743,11.058677,33.06124,16.246225
"019","11am",55.78098,8.823429,7.729129,20.386659,7.279801
"020","11am",65.08841,8.911624,6.341636,13.593217,6.065115
"021","11am",43.13879,4.136512,13.036506,28.587089,11.101102
"022","11am",35.31355,17.60133,6.288367,32.598427,8.198323
"023","11am",48.67143,3.620192,6.153265,35.654973,5.900141
"024","11am",41.04239,6.762947,13.957501,33.071048,5.166115
"025","11am",43.77173,3.995604,9.613629,32.374303,10.244733
"026","11am",40.7478,4.643149,7.314458,39.579622,7.71497
"027","11am",39.92393,7.788691,11.659233,34.62742,6.000726
"028","11am",49.14616,7.864172,10.201878,29.264028,3.523761
"029","11am",35.9774,4.419151,14.994498,42.197542,2.411412
"030","11am",45.57938,4.165727,10.147643,30.783362,9.323884
"031","11am",38.02211,0,22.548098,28.548649,10.881142
"001","12am",51.37008,13.1797222,19.103545,11.79613,4.550522
"002","12am",27.07373,25.2814083,13.815294,24.47108,9.358487
"003","12am",38.09312,20.6280578,13.663663,21.85738,5.757777
"004","12am",41.77006,14.1502284,6.583329,30.24811,7.248272
"005","12am",29.07442,10.3991782,9.066866,38.51323,12.946306
"006","12am",38.99558,5.2743801,6.476931,42.58662,6.666495
"007","12am",53.06461,6.1694298,9.179676,29.47043,2.115857
"008","12am",28.37998,6.6772,19.85174,23.5848,21.506284
"009","12am",34.73449,12.1413428,11.678146,31.63325,9.812774
"010","12am",32.38059,7.7868787,16.607093,28.52474,14.7007
"011","12am",40.72432,12.4136417,15.606405,23.62854,7.627093
"012","12am",23.6523,6.1902112,28.080809,16.71739,25.359287
"013","12am",25.76539,7.9938676,24.985426,14.77843,26.476891
"014","12am",62.69966,17.0308415,6.104534,10.04784,4.117121
"015","12am",44.84815,0.4990914,11.236869,36.84003,6.575853
"016","12am",38.19564,7.607781,6.719165,42.80854,4.668882
"017","12am",48.20734,3.2349972,6.751131,38.92684,2.879691
"018","12am",34.17775,4.7174877,10.881625,34.74892,15.474219
"019","12am",53.62359,7.0470613,7.793892,22.0389,9.496555
"020","12am",67.26773,9.1050933,5.815647,13.30664,4.504893
"021","12am",40.87265,3.9208577,12.356857,29.42636,13.423283
"022","12am",38.0409,15.6661155,5.047008,33.09742,8.148555
"023","12am",47.54492,3.312737,6.533414,37.20988,5.399055
"024","12am",43.71934,6.9060465,12.241769,31.01034,6.12251
"025","12am",41.87883,3.9365541,8.446329,35.64496,10.093329
"026","12am",39.68861,3.7223181,10.07778,38.14921,8.362089
"027","12am",44.95759,7.5356597,10.462585,31.65932,5.38484
"028","12am",47.64646,7.7878601,9.437123,31.63899,3.489567
"029","12am",40.02107,5.1013853,14.112059,38.49599,2.269498
"030","12am",46.47641,5.3044609,9.769333,29.47351,8.976284
"031","12am",38.00046,0,22.853551,28.65823,10.487769
"001","1pm",49.95458,14.1904791,19.727638,11.143143,4.984162
"002","1pm",26.4944,24.5187107,13.769529,25.914002,9.303358
"003","1pm",41.44034,22.1955892,9.548348,21.313075,5.502648
"004","1pm",45.968,11.0136346,5.1931,31.534261,6.291008
"005","1pm",28.25324,10.620395,10.411138,39.020082,11.695148
"006","1pm",37.06959,4.7906156,6.130285,43.837195,8.172316
"007","1pm",49.89269,7.5341228,9.470739,30.815077,2.287368
"008","1pm",27.64588,3.1551022,20.264465,25.33262,23.601934
"009","1pm",35.10157,12.4872291,11.384082,31.564942,9.462175
"010","1pm",30.89943,8.0532114,18.248715,28.101721,14.696919
"011","1pm",43.31948,11.9608835,15.371897,21.37653,7.97121
"012","1pm",23.92822,5.4688419,27.763417,15.093745,27.745776
"013","1pm",27.25487,4.4333099,19.655434,15.922353,32.734034
"014","1pm",63.46894,17.0900571,6.781413,9.655298,3.004295
"015","1pm",40.79985,0.5615974,12.408675,38.830471,7.399411
"016","1pm",34.10658,9.8238225,7.772631,43.61235,4.684613
"017","1pm",39.5212,5.5501301,7.307358,44.50436,3.116949
"018","1pm",40.73646,3.5005417,9.172903,29.387368,17.202726
"019","1pm",54.05985,7.6663317,7.042525,21.676669,9.55462
"020","1pm",65.52262,9.4234541,7.117289,13.031773,4.904861
"021","1pm",36.72607,4.2092005,13.650176,31.590392,13.824166
"022","1pm",38.70123,15.0997469,4.864546,33.156491,8.177987
"023","1pm",49.84261,3.4449835,6.794232,34.303587,5.614589
"024","1pm",42.16799,5.9337832,13.903273,31.5659,6.42905
"025","1pm",44.22076,4.0169326,8.61879,34.428821,8.7147
"026","1pm",38.23296,2.1997012,11.575493,39.048406,8.943439
"027","1pm",44.54282,6.6642895,11.829122,32.691961,4.271809
"028","1pm",46.25164,7.6858227,9.313477,33.305218,3.443847
"029","1pm",43.8632,5.1993207,12.911082,35.713331,2.313068
"030","1pm",45.84525,5.5538079,10.22856,30.30727,8.065113
"031","1pm",36.42724,0,22.37427,30.281628,10.91686
"001","2pm",50.05601,10.3116513,19.778918,12.06017,7.793246
"002","2pm",27.22745,24.3862482,14.442863,27.02623,6.917208
"003","2pm",41.10622,21.1177276,11.311104,20.51107,5.953877
"004","2pm",45.88969,13.6987923,6.24676,27.89203,6.272724
"005","2pm",28.4425,9.9635115,9.279556,40.37508,11.939345
"006","2pm",35.97623,8.310699,6.723558,40.60262,8.386887
"007","2pm",50.59776,10.0116224,8.159526,28.2035,3.027593
"008","2pm",29.22755,6.5775482,19.998683,24.04334,20.152878
"009","2pm",31.18524,14.7773717,13.039374,30.29955,10.698462
"010","2pm",33.61758,5.9759952,18.049244,27.50011,14.85707
"011","2pm",43.94777,14.1128969,13.949162,21.76495,6.225216
"012","2pm",23.44023,4.6889449,27.877859,14.24284,29.750119
"013","2pm",32.04282,3.498552,14.460756,18.48628,31.511588
"014","2pm",60.37521,15.5089856,8.682812,11.1007,4.332291
"015","2pm",42.61096,0.5515873,11.892847,39.06285,5.881754
"016","2pm",36.61761,8.7695266,7.871301,43.27316,3.468393
"017","2pm",37.97318,5.5841089,7.00475,45.65782,3.78014
"018","2pm",41.27643,5.0277098,7.847623,29.02757,16.820672
"019","2pm",56.13027,7.0456889,6.570345,23.45584,6.797858
"020","2pm",61.24687,10.2488133,4.959078,18.23059,5.314646
"021","2pm",39.46072,4.3328662,12.235073,31.31151,12.659828
"022","2pm",37.23639,15.3503569,6.522074,32.94302,7.948159
"023","2pm",52.42348,3.6268403,4.070609,33.9681,5.910977
"024","2pm",40.23026,4.0413152,14.311152,35.57409,5.843178
"025","2pm",46.58582,3.9552759,9.206633,32.85839,7.393874
"026","2pm",39.24473,2.729412,10.27603,38.17891,9.570912
"027","2pm",49.9807,5.9220893,12.265957,28.84499,2.986265
"028","2pm",48.37167,9.8363893,7.084643,31.23869,3.468611
"029","2pm",43.99521,4.3230124,13.950363,35.37246,2.358952
"030","2pm",49.92529,5.5421294,9.823761,26.66067,8.048154
"031","2pm",33.23102,0,23.118212,32.37092,11.279845
"001","3pm",46.10698,13.036809,17.666682,18.28777,4.901754
"002","3pm",27.10367,21.944352,13.818958,28.82454,8.30848
"003","3pm",41.98669,21.334213,10.965786,20.03217,5.681133
"004","3pm",42.44503,14.268551,8.525096,25.58837,9.172953
"005","3pm",29.79509,10.562473,10.76504,37.70142,11.175972
"006","3pm",39.37331,5.687762,5.701997,41.58274,7.654185
"007","3pm",52.94158,8.767117,6.101083,28.63564,3.554584
"008","3pm",27.69177,7.640312,19.34866,23.51776,21.801492
"009","3pm",32.62746,14.684068,15.100952,27.05575,10.531766
"010","3pm",34.22059,5.971311,18.871718,25.79583,15.140554
"011","3pm",43.18952,13.06756,14.502457,21.15692,8.083544
"012","3pm",25.21287,5.702449,25.17453,13.85483,30.055316
"013","3pm",28.95093,3.19991,17.647421,20.1431,30.058631
"014","3pm",59.87082,15.359934,8.10296,12.86236,3.803925
"015","3pm",45.81997,1.393545,9.240211,36.93809,6.608192
"016","3pm",33.16082,10.603037,8.642073,41.64044,5.953636
"017","3pm",40.34198,4.44925,5.842651,44.85309,4.513027
"018","3pm",41.76459,7.382322,3.818187,30.55654,16.47836
"019","3pm",55.95004,7.422515,6.899829,23.75439,5.973228
"020","3pm",59.02953,9.246202,5.137494,20.85742,5.729348
"021","3pm",41.9897,4.628694,13.070427,27.4317,12.879479
"022","3pm",38.88497,15.296186,7.323905,31.93768,6.557254
"023","3pm",53.77391,3.72429,5.194863,31.23713,6.069799
"024","3pm",37.71666,5.382851,14.828479,35.96648,6.105521
"025","3pm",45.53431,6.206761,6.712204,34.13389,7.412836
"026","3pm",45.79879,2.769482,9.67627,33.69945,8.056008
"027","3pm",48.99147,6.790349,10.937998,30.46424,2.815944
"028","3pm",47.80747,9.515616,7.773215,31.09797,3.805733
"029","3pm",46.9745,2.939677,11.110884,36.62941,2.345527
"030","3pm",47.31029,4.711456,10.826507,26.93454,10.217208
"031","3pm",35.06652,0,23.120468,30.53207,11.280945
"001","4pm",45.65933,13.59933,16.183579,17.76815,6.78961
"002","4pm",28.87159,18.899744,13.681974,28.73411,9.812586
"003","4pm",44.31122,17.26887,10.942845,21.98144,5.495623
"004","4pm",47.11356,10.918037,9.727847,25.77167,6.468886
"005","4pm",29.47345,9.380632,13.265041,36.15092,11.729952
"006","4pm",38.62724,5.721689,4.884501,45.87947,4.887101
"007","4pm",52.56877,10.971221,10.021985,23.82956,2.60847
"008","4pm",27.89783,9.979859,18.10571,23.46734,20.549256
"009","4pm",31.09197,12.633424,15.751327,30.52842,9.994856
"010","4pm",32.77802,10.682799,16.718726,25.92035,13.900107
"011","4pm",40.48686,13.444193,14.960588,23.54317,7.565186
"012","4pm",26.87165,5.629602,21.54178,14.94071,31.016251
"013","4pm",25.85139,3.962846,19.273004,22.03065,28.882104
"014","4pm",59.4725,15.987439,7.226019,13.13499,4.179051
"015","4pm",47.76371,2.671107,9.856279,33.52424,6.18467
"016","4pm",34.44619,9.634532,7.161474,41.04308,7.714721
"017","4pm",38.11603,7.729288,5.633512,44.84662,3.67455
"018","4pm",42.51461,7.051112,4.977493,27.42042,18.03636
"019","4pm",53.99836,7.192107,8.135976,21.719,8.954556
"020","4pm",55.73962,10.931206,8.054324,18.72713,6.547723
"021","4pm",44.30652,4.277194,12.722936,24.64588,14.047477
"022","4pm",42.17593,14.723122,6.484918,31.15394,5.462084
"023","4pm",52.5665,4.355998,5.650205,31.90443,5.52287
"024","4pm",36.16532,7.851374,16.210062,33.96012,5.813129
"025","4pm",45.75119,6.647935,8.062684,32.31695,7.221244
"026","4pm",49.32393,5.263145,5.970451,32.35071,7.091765
"027","4pm",45.95083,8.710744,13.734016,29.08482,2.519595
"028","4pm",49.35495,6.649718,8.39399,32.02727,3.57407
"029","4pm",52.34773,2.285372,10.331399,32.99865,2.036857
"030","4pm",48.87003,6.90132,8.837136,25.30221,10.089297
"031","4pm",35.75441,0,22.450947,30.84037,10.954272
"001","5pm",49.87381,17.881551,12.651872,12.42821,7.16456
"002","5pm",33.62399,12.791401,14.282287,30.5695,8.732821
"003","5pm",38.25703,15.796864,12.592141,25.2256,8.128366
"004","5pm",41.27727,13.812926,11.209296,27.38452,6.315988
"005","5pm",37.13297,6.598754,10.403492,33.96216,11.902621
"006","5pm",37.33582,11.761142,5.668214,40.53018,4.704637
"007","5pm",52.95449,9.945373,9.371402,24.72289,3.005844
"008","5pm",28.35482,11.87923,17.163263,22.5544,20.048294
"009","5pm",30.86553,7.746633,17.313898,33.11047,10.963466
"010","5pm",31.86867,12.996437,16.045111,26.26583,12.823953
"011","5pm",40.75776,10.882867,14.303188,27.1514,6.904781
"012","5pm",23.22338,9.943719,24.497215,14.74587,27.58981
"013","5pm",28.31346,9.208835,24.710779,10.13639,27.630535
"014","5pm",57.25916,14.667424,6.026405,15.76497,6.282035
"015","5pm",48.7085,4.200735,11.929714,30.05819,5.102862
"016","5pm",38.37143,11.826255,6.803047,39.39886,3.600407
"017","5pm",43.86337,7.293939,3.151443,41.51683,4.174419
"018","5pm",38.59766,12.876959,5.744592,27.05964,15.721143
"019","5pm",52.57909,2.508125,10.508787,24.18952,10.214476
"020","5pm",58.23889,9.498029,7.961738,17.01216,7.289183
"021","5pm",50.80645,7.693312,7.7587,21.48348,12.258063
"022","5pm",43.61935,12.804158,7.117844,32.65603,3.802618
"023","5pm",54.11652,5.36831,4.860796,29.95964,5.69474
"024","5pm",39.81584,10.071649,14.17468,31.76326,4.174566
"025","5pm",49.00799,5.756968,9.514525,29.60798,6.112546
"026","5pm",53.88027,6.144277,6.050504,28.01733,5.907625
"027","5pm",53.69814,6.666332,11.173942,24.84309,3.618501
"028","5pm",49.45447,7.717391,7.604058,31.64569,3.578391
"029","5pm",51.77692,3.178914,10.225615,32.95509,1.863462
"030","5pm",45.6034,9.150085,8.264412,27.55364,9.428461
"031","5pm",40.09541,1.190137,20.397332,30.03766,8.279464
"001","6pm",51.52041,13.867409,14.376793,14.61045,5.624932
"002","6pm",32.7134,15.279057,15.139411,28.45502,8.413114
"003","6pm",39.95564,11.81182,14.711749,24.30734,9.213449
"004","6pm",39.42232,15.475187,9.86057,27.75341,7.48851
"005","6pm",38.42004,5.737271,12.09066,33.32014,10.431888
"006","6pm",43.43762,7.956967,6.0374,37.3865,5.181506
"007","6pm",49.37909,11.605195,9.289708,26.74637,2.979641
"008","6pm",22.40714,12.839499,19.265692,24.00086,21.486811
"009","6pm",36.53549,6.346409,15.435777,31.66829,10.014028
"010","6pm",31.986,9.997097,17.684619,26.54063,13.791659
"011","6pm",42.17079,12.84768,14.079587,24.14346,6.75848
"012","6pm",20.92989,11.737898,24.457136,17.10354,25.771537
"013","6pm",26.11514,12.745485,19.618095,13.33015,28.191132
"014","6pm",58.84535,12.639366,7.954507,14.74527,5.815503
"015","6pm",45.95303,6.427601,11.589255,30.49862,5.531489
"016","6pm",46.06598,10.738648,6.455274,33.42979,3.310316
"017","6pm",50.46655,7.798356,2.436999,36.07004,3.228062
"018","6pm",40.16478,12.290767,7.100116,25.98293,14.46141
"019","6pm",51.67331,2.663503,11.66789,24.41192,9.583376
"020","6pm",61.74186,7.744992,6.034094,19.38277,5.09628
"021","6pm",53.36559,7.32007,7.936387,21.11252,10.265438
"022","6pm",49.12889,10.42243,5.162026,28.86149,6.42517
"023","6pm",53.80593,5.460934,4.944663,30.95524,4.833228
"024","6pm",42.71778,9.755084,13.826576,28.56166,5.138895
"025","6pm",49.74001,9.439952,7.206206,26.50725,7.106577
"026","6pm",56.62234,6.422489,5.790819,25.98176,5.182586
"027","6pm",55.43501,7.685318,10.275937,23.27604,3.327697
"028","6pm",51.83407,7.501686,6.826185,30.35969,3.478373
"029","6pm",52.81441,5.844162,9.315706,30.32808,1.697644
"030","6pm",46.91012,9.580358,7.87926,26.6412,8.989061
"031","6pm",40.59422,4.182972,19.133651,28.18245,7.906713
"001","7pm",37.26879,20.344316,19.34627,15.21703,7.823587
"002","7pm",36.27927,12.296185,15.893074,26.43152,9.099953
"003","7pm",37.83263,12.26633,15.139308,26.99373,7.768008
"004","7pm",39.20913,18.176835,6.973697,28.27383,7.366508
"005","7pm",39.91002,5.766328,11.440128,32.70235,10.181174
"006","7pm",51.58228,8.710422,3.836904,31.50821,4.362191
"007","7pm",47.22307,11.237679,9.573325,28.89532,3.07061
"008","7pm",20.63014,10.605722,22.280672,24.79126,21.692209
"009","7pm",35.44989,7.12647,14.169527,34.09516,9.15895
"010","7pm",31.53371,9.514552,18.384902,26.22905,14.337787
"011","7pm",44.38351,9.682982,14.527264,24.43287,6.973374
"012","7pm",23.33703,10.369061,28.002035,14.75955,23.532333
"013","7pm",27.74337,14.127463,15.267471,14.70486,28.156829
"014","7pm",49.97054,14.439654,9.773892,19.29036,6.525558
"015","7pm",42.60023,7.258224,12.720313,30.87627,6.544959
"016","7pm",48.66955,10.813623,6.086868,30.39081,4.039149
"017","7pm",52.28818,7.390951,2.991256,34.2702,3.05942
"018","7pm",45.17153,9.269129,6.432684,26.02466,13.101994
"019","7pm",53.31244,2.796605,9.226147,24.53027,10.134538
"020","7pm",56.57317,11.455908,7.715792,18.58044,5.674693
"021","7pm",54.77187,6.582526,8.020576,21.3939,9.23113
"022","7pm",51.13157,10.052624,4.81432,28.37638,5.625107
"023","7pm",58.11371,2.501354,4.933197,30.37507,4.076674
"024","7pm",45.5505,10.620293,12.959325,26.05332,4.816565
"025","7pm",51.2621,9.027579,8.272036,24.64216,6.796134
"026","7pm",56.43367,6.455216,5.820327,26.08179,5.208995
"027","7pm",53.86107,9.754843,10.217171,21.98404,4.182883
"028","7pm",48.70359,7.301324,8.196247,32.27111,3.527729
"029","7pm",55.58839,5.50059,8.768046,28.54513,1.597842
"030","7pm",50.05889,8.98375,7.388587,25.1395,8.429276
"031","7pm",40.05681,5.923092,17.640897,27.39731,8.981893
"001","8pm",35.56332,22.84441,20.294284,14.01919,7.278791
"002","8pm",36.53269,12.379382,14.832213,27.21197,9.043748
"003","8pm",38.68303,10.105528,15.785377,27.58784,7.83823
"004","8pm",36.84676,15.21351,7.278895,32.56973,8.091102
"005","8pm",39.98704,5.777456,11.269226,32.76545,10.200822
"006","8pm",53.86003,9.72683,3.518591,28.89425,4.000299
"007","8pm",46.5675,11.343278,11.252064,27.73769,3.099464
"008","8pm",20.7131,10.586271,22.708521,24.33969,21.652425
"009","8pm",36.88103,8.173577,13.700246,32.38954,8.855615
"010","8pm",31.84931,10.573887,16.303776,26.68564,14.587379
"011","8pm",46.11274,9.563576,13.106324,24.32998,6.887382
"012","8pm",22.86998,10.417098,27.760391,14.82792,24.124611
"013","8pm",25.99533,14.377488,16.006936,14.96511,28.655142
"014","8pm",45.22813,14.291548,11.442361,21.79517,7.242789
"015","8pm",43.70173,7.01469,12.29351,30.66471,6.325357
"016","8pm",46.3156,11.70766,5.632639,31.99095,4.353148
"017","8pm",52.19095,6.41301,2.902041,35.52583,2.968172
"018","8pm",47.13893,9.204704,6.387974,24.25746,13.010929
"019","8pm",54.89122,2.731708,8.516682,23.96103,9.89936
"020","8pm",55.69758,13.610758,6.17508,18.95044,5.566136
"021","8pm",55.44024,6.908058,8.310886,20.31268,9.028135
"022","8pm",49.40124,10.479195,5.490737,28.5437,6.085119
"023","8pm",56.29839,4.575817,4.900737,30.1752,4.049851
"024","8pm",48.03112,8.311102,12.199902,26.54957,4.908307
"025","8pm",52.91396,8.846914,7.429993,24.149,6.660126
"026","8pm",57.02025,6.301157,6.134593,25.45933,5.084678
"027","8pm",56.87376,8.996099,9.422467,20.27409,4.433583
"028","8pm",47.25949,7.423892,8.91682,32.81285,3.586949
"029","8pm",55.52863,5.507992,8.779844,28.58354,1.599992
"030","8pm",51.01384,7.925613,7.348277,25.32898,8.383288
"031","8pm",39.69666,5.697848,19.139449,26.82572,8.640328
"001","9pm",36.23383,23.243477,20.086254,14.00541,6.431028
"002","9pm",36.52758,13.374027,14.355958,26.98908,8.753358
"003","9pm",38.40624,10.004245,15.49401,28.08091,8.014588
"004","9pm",39.73421,13.465513,7.553492,30.99218,8.254601
"005","9pm",39.8612,6.201458,11.005625,32.7391,10.192617
"006","9pm",53.61124,9.028581,3.551481,29.771,4.037692
"007","9pm",47.11849,12.298003,9.168748,28.25724,3.15752
"008","9pm",22.01992,9.855453,22.663932,23.85078,21.60991
"009","9pm",37.45249,8.164092,13.684348,31.85373,8.845338
"010","9pm",32.23311,10.514339,16.21196,26.53536,14.505228
"011","9pm",44.55634,9.814681,14.233636,24.56826,6.827074
"012","9pm",22.69734,9.691255,28.134266,15.02762,24.449519
"013","9pm",26.43798,14.248648,16.084012,14.831,28.398357
"014","9pm",39.87134,16.681896,12.713789,22.68539,8.047578
"015","9pm",44.61217,6.944625,12.170719,30.01031,6.262177
"016","9pm",48.80516,11.164729,5.371431,30.50741,4.151275
"017","9pm",53.56462,5.170772,3.569769,34.78829,2.90655
"018","9pm",46.38346,9.890257,6.398205,24.29631,13.031767
"019","9pm",50.87925,2.954643,9.211729,26.24713,10.707248
"020","9pm",56.78667,11.347111,7.195448,18.89813,5.772643
"021","9pm",56.00257,6.820881,8.206005,20.05634,8.914203
"022","9pm",48.87499,11.244216,5.486116,27.67554,6.719138
"023","9pm",58.34121,4.361922,4.671654,28.76467,3.860542
"024","9pm",47.18256,8.165161,11.985675,27.84448,4.822119
"025","9pm",52.45314,8.806965,8.069886,24.03996,6.630052
"026","9pm",56.92087,6.315726,6.148777,25.51819,5.096434
"027","9pm",57.26514,8.637081,9.413533,20.25487,4.42938
"028","9pm",48.14145,7.193669,8.640299,32.54887,3.475714
"029","9pm",54.74782,5.604699,8.933997,29.0854,1.628084
"030","9pm",50.86006,7.950494,7.371346,25.40849,8.409606
"031","9pm",39.69666,5.697848,19.139449,26.82572,8.640328
"001","10pm",39.12024,22.517902,20.09111,12.8744,5.396348
"002","10pm",36.06361,13.280673,14.25575,27.70771,8.692257
"003","10pm",39.88188,9.757511,15.111881,26.77583,8.472898
"004","10pm",40.12323,13.116093,7.357485,31.36279,8.040401
"005","10pm",40.22273,6.164177,10.939464,32.54229,10.131343
"006","10pm",53.14222,9.119867,3.587389,30.07201,4.078516
"007","10pm",46.49992,12.129835,9.043371,29.21253,3.114343
"008","10pm",22.01992,9.855453,22.663932,23.85078,21.60991
"009","10pm",38.90798,8.244069,13.818403,30.09756,8.931989
"010","10pm",33.86426,10.261259,15.821738,25.89666,14.156087
"011","10pm",44.71135,10.413439,14.498989,23.77076,6.605463
"012","10pm",22.16566,11.806723,27.475225,14.6756,23.876793
"013","10pm",26.28863,14.168156,16.558061,14.74722,28.237932
"014","10pm",43.02739,15.295646,12.195895,21.76131,7.719761
"015","10pm",44.5811,7.319096,11.800816,30.22714,6.071852
"016","10pm",49.03102,11.115471,5.347733,30.37281,4.13296
"017","10pm",55.44162,5.1235,3.537133,33.01777,2.879978
"018","10pm",45.61817,10.031423,6.489528,24.6431,13.217774
"019","10pm",46.19203,3.194224,9.958672,29.07962,11.575457
"020","10pm",57.58689,10.031083,7.004132,19.25733,6.120569
"021","10pm",56.28257,6.667552,8.02154,20.31452,8.713818
"022","10pm",48.28212,11.374608,5.549735,27.99648,6.797055
"023","10pm",57.36321,4.464324,4.781328,29.43997,3.951174
"024","10pm",46.26776,9.945701,11.753291,27.30462,4.728625
"025","10pm",53.26159,8.657218,7.932671,23.6312,6.517319
"026","10pm",57.23405,6.269812,6.104076,25.33268,5.059384
"027","10pm",56.6077,8.537923,9.305461,21.17038,4.378528
"028","10pm",49.66117,6.982857,8.387094,31.59502,3.373858
"029","10pm",55.16269,5.553316,8.852092,28.81875,1.613158
"030","10pm",49.9076,8.124522,7.532696,25.8415,8.593683
"031","10pm",40.24829,5.645726,18.964367,26.58032,8.56129
"001","11pm",37.34085,22.934966,20.595665,13.47882,5.649694
"002","11pm",36.5342,12.405415,14.700315,27.39675,8.963325
"003","11pm",40.02023,9.903966,15.79866,25.92854,8.348605
"004","11pm",40.12323,13.116093,7.357485,31.36279,8.040401
"005","11pm",40.35243,5.654697,10.780449,33.22835,9.984075
"006","11pm",52.83493,9.067133,3.566646,30.47636,4.054933
"007","11pm",46.71717,10.8185,9.085622,30.24982,3.128893
"008","11pm",21.7706,9.743865,22.407321,24.71298,21.365233
"009","11pm",38.66724,8.19306,14.351644,29.91133,8.876723
"010","11pm",33.65963,10.293008,15.870691,25.97678,14.199887
"011","11pm",44.71135,10.413439,14.498989,23.77076,6.605463
"012","11pm",22.16566,11.806723,27.475225,14.6756,23.876793
"013","11pm",26.11435,14.074227,17.111247,14.64945,28.050726
"014","11pm",42.94783,15.51368,11.637186,22.07151,7.829803
"015","11pm",47.42128,7.036071,11.344485,28.36111,5.837057
"016","11pm",49.61976,10.987079,5.285962,30.02198,4.085221
"017","11pm",55.44025,5.011688,3.459941,33.27099,2.817128
"018","11pm",47.19738,9.740118,6.301077,23.92748,12.833939
"019","11pm",47.0963,3.140543,9.791312,28.59092,11.380926
"020","11pm",53.83624,10.918143,7.623516,20.96028,6.661818
"021","11pm",56.87786,6.673221,8.028361,19.69933,8.721227
"022","11pm",48.65761,11.463067,4.815208,28.2142,6.849915
"023","11pm",58.19517,4.377213,4.688031,28.86551,3.874075
"024","11pm",47.4333,9.729964,11.498344,26.71234,4.626054
"025","11pm",52.85868,8.731847,8.001055,23.83491,6.573502
"026","11pm",57.75278,6.193762,6.030037,25.02541,4.998016
"027","11pm",55.92297,9.644269,9.1929,20.9143,4.325565
"028","11pm",50.02995,6.292131,8.449375,31.82964,3.398911
"029","11pm",55.16269,5.553316,8.852092,28.81875,1.613158
"030","11pm",48.81035,9.170222,7.541949,25.87324,8.604239
"031","11pm",40.24829,5.645726,18.964367,26.58032,8.56129
"001","12pm",37.89661,22.731544,20.412991,13.35927,5.599583
"002","12pm",36.26327,12.458372,14.763069,27.5137,9.001588
"003","12pm",39.80564,9.939398,15.855181,26.02131,8.378473
"004","12pm",38.81439,13.402798,7.518312,32.04835,8.216155
"005","12pm",40.35243,5.654697,10.780449,33.22835,9.984075
"006","12pm",52.83493,9.067133,3.566646,30.47636,4.054933
"007","12pm",47.13287,10.914765,9.166468,29.62917,3.156734
"008","12pm",21.7706,9.743865,22.407321,24.71298,21.365233
"009","12pm",38.66724,8.19306,14.351644,29.91133,8.876723
"010","12pm",33.39484,10.998717,15.745839,25.77243,14.088179
"011","12pm",43.39774,10.577312,14.727156,24.58838,6.709411
"012","12pm",22.16566,11.806723,27.475225,14.6756,23.876793
"013","12pm",26.11435,14.074227,17.111247,14.64945,28.050726
"014","12pm",42.94783,15.51368,11.637186,22.07151,7.829803
"015","12pm",47.44692,6.966108,11.231681,28.57627,5.779016
"016","12pm",49.71595,10.756376,5.17497,30.35326,3.999441
"017","12pm",55.44025,5.011688,3.459941,33.27099,2.817128
"018","12pm",47.51125,9.139871,6.342981,24.08661,12.919288
"019","12pm",48.62957,3.049523,9.507538,27.76229,11.051082
"020","12pm",53.93221,10.895447,7.607668,20.91671,6.647969
"021","12pm",56.6226,7.092069,7.99233,19.61092,8.682087
"022","12pm",49.50986,11.392397,4.785522,27.50454,6.807686
"023","12pm",57.82064,4.349042,4.657859,29.32332,3.849142
"024","12pm",47.4333,9.729964,11.498344,26.71234,4.626054
"025","12pm",52.85868,8.731847,8.001055,23.83491,6.573502
"026","12pm",57.75278,6.193762,6.030037,25.02541,4.998016
"027","12pm",56.33079,9.817903,9.037663,20.56113,4.25252
"028","12pm",50.02944,7.034269,8.305909,31.28919,3.3412
"029","12pm",54.79106,5.599344,8.925461,29.05761,1.626528
"030","12pm",49.6825,8.750142,7.504734,25.50085,8.561782
"031","12pm",40.24829,5.645726,18.964367,26.58032,8.56129
"001","1am",36.83012,22.635237,21.01586,13.75382,5.764959
"002","1am",36.36672,12.438152,14.739107,27.46904,8.986978
"003","1am",39.89999,9.962957,15.655734,26.08298,8.398332
"004","1am",39.31618,13.292879,7.456653,31.78552,8.148773
"005","1am",39.76266,5.710607,10.88704,33.5569,10.082792
"006","1am",52.83493,9.067133,3.566646,30.47636,4.054933
"007","1am",46.38128,11.069935,9.296783,30.05039,3.201612
"008","1am",22.42079,9.662881,22.221087,24.50758,21.18766
"009","1am",39.34864,8.102035,14.192198,29.57902,8.778103
"010","1am",33.39484,10.998717,15.745839,25.77243,14.088179
"011","1am",43.39774,10.577312,14.727156,24.58838,6.709411
"012","1am",22.22481,11.838232,27.281674,14.71477,23.940515
"013","1am",26.49804,14.00114,17.022389,14.57338,27.905059
"014","1am",42.78235,15.280144,12.486311,21.73925,7.711937
"015","1am",47.44692,6.966108,11.231681,28.57627,5.779016
"016","1am",49.71595,10.756376,5.17497,30.35326,3.999441
"017","1am",54.9632,5.700027,3.441456,33.09324,2.802077
"018","1am",47.51125,9.139871,6.342981,24.08661,12.919288
"019","1am",47.51187,3.115873,9.714399,28.36633,11.291527
"020","1am",53.52239,10.992374,7.675346,21.10278,6.70711
"021","1am",56.6226,7.092069,7.99233,19.61092,8.682087
"022","1am",49.50986,11.392397,4.785522,27.50454,6.807686
"023","1am",58.12214,4.317954,4.624564,29.11371,3.821628
"024","1am",47.4333,9.729964,11.498344,26.71234,4.626054
"025","1am",52.85868,8.731847,8.001055,23.83491,6.573502
"026","1am",57.75278,6.193762,6.030037,25.02541,4.998016
"027","1am",57.01903,9.663169,8.895226,20.23708,4.185499
"028","1am",50.02944,7.034269,8.305909,31.28919,3.3412
"029","1am",55.5284,5.508021,8.77989,28.58369,1.6
"030","1am",49.6825,8.750142,7.504734,25.50085,8.561782
"031","1am",40.69734,5.603297,18.821848,26.38057,8.49695
"001","2am",35.94151,21.924604,21.845017,14.29646,5.992409
"002","2am",36.73526,12.366115,14.653745,27.30995,8.934929
"003","2am",40.45493,9.62901,15.586729,25.96802,8.361315
"004","2am",39.09284,13.785433,7.414294,31.60495,8.102483
"005","2am",39.76266,5.710607,10.88704,33.5569,10.082792
"006","2am",52.83493,9.067133,3.566646,30.47636,4.054933
