"district","hour","age1","age2","age3","age4"
"001","4am",12.414583,12.837702,44.22857,30.51914
"002","4am",10.027003,12.374273,52.07404,25.52468
"003","4am",8.472066,5.92854,37.75672,47.84268
"004","4am",12.818999,13.718936,33.46631,39.99576
"005","4am",10.744947,19.862881,43.75727,25.6349
"006","4am",10.678175,12.649133,47.03024,29.64245
"007","4am",12.206911,11.768515,47.29139,28.73318
"008","4am",10.153161,9.286089,47.7275,32.83325
"009","4am",14.361678,15.172455,42.75511,27.71076
"010","4am",7.780665,12.912963,40.98783,38.31854
"011","4am",7.130516,12.540416,34.9938,45.33527
"012","4am",10.39274,12.582964,41.02213,36.00217
"013","4am",16.758612,6.384179,44.72756,32.12965
"014","4am",11.161021,11.555375,57.55215,19.73146
"015","4am",9.206236,15.593819,47.55799,27.64195
"016","4am",9.710669,6.680131,48.88547,34.72373
"017","4am",8.35676,12.386099,49.92684,29.3303
"018","4am",10.529237,8.30373,47.2439,33.92313
"019","4am",11.614582,12.901453,45.26134,30.22263
"020","4am",14.175396,10.733018,50.23814,24.85345
"021","4am",5.191174,5.412666,45.27852,44.11764
"022","4am",23.865624,6.471497,33.28044,36.38244
"023","4am",18.618994,14.185212,45.02593,22.16987
"024","4am",5.546098,11.006628,45.12898,38.31829
"025","4am",14.063387,9.587269,45.20683,31.14251
"026","4am",11.973888,9.812758,49.42405,28.78931
"027","4am",15.633675,10.252185,51.28455,22.82959
"028","4am",9.065323,3.991683,37.74009,49.2029
"029","4am",9.380715,11.301157,48.6046,30.71353
"030","4am",9.609726,9.677251,55.33991,25.37311
"031","4am",14.724197,13.821199,49.64741,21.8072
"032","4am",9.684867,8.260302,54.83395,27.22088
"033","4am",12.386241,7.603817,46.44829,33.56165
"034","4am",13.61135,5.613984,46.71106,34.06361
"035","4am",10.348978,10.346615,63.56412,15.74028
"036","4am",12.911814,12.08657,50.33304,24.66858
"037","4am",8.744765,12.708903,44.52148,34.02485
"038","4am",9.618589,6.897521,47.79429,35.6896
"039","4am",11.659392,6.181305,40.58514,41.57416
"040","4am",14.880793,4.740318,53.53607,26.84282
"041","4am",12.53561,8.077438,55.60648,23.78048
"042","4am",15.333001,9.009033,55.23446,20.4235
"043","4am",8.54318,8.345301,63.12678,19.98474
"044","4am",12.267614,5.665026,55.29189,26.77548
"045","4am",9.112358,7.251134,65.51056,18.12594
"046","4am",7.005434,8.80689,57.79364,26.39404
"047","4am",8.539728,10.404548,46.7757,34.28003
"048","4am",8.406717,13.268694,40.80515,37.51944
"049","4am",4.273456,6.073458,41.18252,48.47056
"050","4am",11.848929,10.611913,46.63322,30.90594
"051","4am",7.037278,9.128165,44.05947,39.77508
"052","4am",5.321475,8.727724,63.57995,22.37085
"053","4am",9.868407,9.969381,61.3127,18.84951
"054","4am",9.281961,12.978644,46.54863,31.19077
"055","4am",13.582127,12.368957,54.89338,19.15554
"056","4am",12.767426,6.705994,51.68606,28.84052
"057","4am",14.491615,10.800817,48.97776,25.72981
"058","4am",7.359153,13.668697,52.54993,26.42222
"059","4am",10.37716,6.75671,40.34157,42.52456
"060","4am",15.636315,7.103172,48.5074,28.75311
"061","4am",4.132317,11.607227,50.88441,33.37605
"062","4am",12.248921,7.441633,59.52056,20.78889
"063","4am",6.13862,12.557434,56.15818,25.14577
"064","4am",12.660457,6.768774,46.91081,33.65996
"065","4am",6.979818,4.134852,46.29162,42.59371
"066","4am",9.658967,11.222324,33.45947,45.65924
"067","4am",4.391425,2.841963,35.64926,57.11735
"068","4am",6.368812,8.073957,46.71162,38.84562
"069","4am",0,0,24.69985,75.30015
"070","4am",NA,NA,NA,NA
"071","4am",0,0,100,0
"072","4am",NA,NA,NA,NA
"073","4am",NA,NA,NA,NA
"074","4am",7.807205,3.505623,68.06605,20.62112
"075","4am",9.701048,6.043187,65.58362,18.67215
"076","4am",18.729835,7.955827,59.5618,13.75253
"077","4am",20.734775,2.594839,63.03133,13.63906
"078","4am",14.978524,13.390319,45.56943,26.06173
"079","4am",8.802804,8.330532,40.25816,42.6085
"080","4am",0,40.09268,0,59.90732
"081","4am",0,100,0,0
"082","4am",8.423688,2.490056,60.06812,29.01814
"083","4am",11.003261,12.568089,43.44737,32.98128
"084","4am",3.612393,11.989485,58.17284,26.22528
"085","4am",8.728386,16.083105,46.69701,28.49149
"086","4am",8.193665,11.706221,53.5299,26.57021
"087","4am",11.62171,18.801571,51.02107,18.55565
"088","4am",12.412316,7.731991,57.02984,22.82585
"089","4am",12.650924,13.419445,55.85718,18.07245
"090","4am",12.768247,6.813485,53.62082,26.79745
"091","4am",14.762316,8.621778,52.96084,23.65507
"092","4am",6.846637,7.784,47.9596,37.40977
"093","4am",7.130743,7.522981,58.81546,26.53082
"094","4am",7.949369,7.324454,50.72341,34.00277
"095","4am",7.458037,12.07054,41.42446,39.04696
"096","4am",15.294816,14.208009,37.81665,32.68053
"097","4am",4.966922,5.059429,46.79864,43.17501
"098","4am",4.662059,6.853819,46.88708,41.59704
"099","4am",2.523734,6.239178,42.71686,48.52023
"100","4am",2.385621,7.052685,35.76516,54.79653
"101","4am",NA,NA,NA,NA
"102","4am",NA,NA,NA,NA
"103","4am",0,0,100,0
"104","4am",8.198205,8.242713,46.23435,37.32473
"001","5am",12.692582,13.125176,42.97969,31.20256
"002","5am",9.740885,12.928593,52.53418,24.79634
"003","5am",8.398078,5.876766,38.3003,47.42486
"004","5am",12.656165,13.54467,34.31145,39.48771
"005","5am",11.348997,19.863005,43.15294,25.63506
"006","5am",10.563713,13.532017,46.57956,29.32471
"007","5am",12.091805,11.657542,47.78841,28.46224
"008","5am",10.212632,9.34048,47.42133,33.02556
"009","5am",14.381052,15.192923,42.67788,27.74814
"010","5am",7.838254,13.00854,40.55104,38.60216
"011","5am",7.240979,11.560933,35.1605,46.03758
"012","5am",10.471375,12.678171,40.57588,36.27457
"013","5am",17.053841,5.753158,44.49733,32.69567
"014","5am",9.616046,10.82841,61.06542,18.49012
"015","5am",9.26271,15.689475,47.2363,27.81152
"016","5am",9.61516,6.614429,49.3882,34.38221
"017","5am",9.107617,12.393335,49.15161,29.34743
"018","5am",10.478963,8.264082,47.4958,33.76116
"019","5am",11.65451,12.945806,45.07316,30.32653
"020","5am",14.129903,10.698573,50.39784,24.77368
"021","5am",5.225058,5.447996,44.92134,44.4056
"022","5am",23.606421,8.629727,31.77656,35.98729
"023","5am",19.449545,11.414172,45.97747,23.15882
"024","5am",5.673516,10.291797,44.83605,39.19863
"025","5am",13.810443,9.764144,44.70835,31.71706
"026","5am",12.040875,9.867655,49.1411,28.95037
"027","5am",15.779583,10.066654,51.73732,22.41645
"028","5am",9.125496,4.018178,37.32683,49.52949
"029","5am",9.380715,11.301157,48.6046,30.71353
"030","5am",9.620828,9.688432,55.28831,25.40243
"031","5am",14.221089,14.00008,49.68939,22.08944
"032","5am",9.684867,8.260302,54.83395,27.22088
"033","5am",12.577824,7.147491,46.19392,34.08077
"034","5am",12.873757,5.661917,47.10988,34.35445
"035","5am",10.808896,10.188226,63.50355,15.49933
"036","5am",13.393912,12.037645,49.99972,24.56872
"037","5am",9.133995,11.695093,43.63162,35.5393
"038","5am",8.552547,6.80959,49.40324,35.23462
"039","5am",11.659392,6.181305,40.58514,41.57416
"040","5am",14.981428,4.772375,53.22184,27.02436
"041","5am",12.695338,8.18036,55.04081,24.08349
"042","5am",15.433622,9.068153,54.94069,20.55753
"043","5am",8.717632,7.746129,63.14341,20.39283
"044","5am",11.525775,5.712927,55.75942,27.00188
"045","5am",9.112358,7.251134,65.51056,18.12594
"046","5am",7.0934,8.917476,57.26366,26.72546
"047","5am",8.627957,10.512043,46.22581,34.63419
"048","5am",8.334459,13.154646,41.31395,37.19695
"049","5am",4.250235,6.040456,41.50212,48.20718
"050","5am",12.021302,10.038912,46.58424,31.35554
"051","5am",6.993555,9.071451,44.40704,39.52796
"052","5am",5.234118,10.020877,62.74139,22.00361
"053","5am",10.491999,10.599353,58.86802,20.04062
"054","5am",9.342185,13.062852,46.20183,31.39314
"055","5am",13.456445,12.498778,55.68915,18.35563
"056","5am",12.767426,6.705994,51.68606,28.84052
"057","5am",14.914506,10.360904,48.98892,25.73567
"058","5am",7.349669,13.651082,52.61108,26.38817
"059","5am",10.470798,6.817678,39.80325,42.90827
"060","5am",15.802707,6.660593,48.47761,29.05909
"061","5am",4.142555,11.635983,50.76272,33.45874
"062","5am",11.354415,6.230058,63.1448,19.27073
"063","5am",6.372204,11.994361,55.53083,26.10261
"064","5am",12.808918,6.848148,46.28826,34.05467
"065","5am",7.096937,4.204233,45.39041,43.30842
"066","5am",9.566831,10.941953,34.26752,45.2237
"067","5am",4.348246,2.81402,36.28199,56.55575
"068","5am",6.773881,7.976388,46.87354,38.37619
"069","5am",0,0,24.69985,75.30015
"070","5am",NA,NA,NA,NA
"071","5am",0,0,100,0
"072","5am",NA,NA,NA,NA
"073","5am",NA,NA,NA,NA
"074","5am",7.926273,3.559088,67.57903,20.93561
"075","5am",9.670643,6.337659,65.37807,18.61362
"076","5am",18.847245,8.0057,59.30831,13.83874
"077","5am",20.986859,2.626386,62.58188,13.80487
"078","5am",15.019164,13.426649,45.42175,26.13244
"079","5am",8.383678,9.896417,38.89962,42.82028
"080","5am",0,40.09268,0,59.90732
"081","5am",0,100,0,0
"082","5am",7.491427,2.54589,60.29387,29.66881
"083","5am",11.094045,12.130104,43.52245,33.2534
"084","5am",3.637969,12.074372,57.8767,26.41096
"085","5am",8.362533,15.85132,46.59187,29.19428
"086","5am",8.343586,11.302927,53.29711,27.05637
"087","5am",11.320486,19.467951,51.13686,18.07471
"088","5am",12.609545,7.854851,56.34705,23.18855
"089","5am",12.098101,14.663211,55.95597,17.28272
"090","5am",11.836399,6.527303,54.94718,26.68912
"091","5am",14.033955,8.845061,52.85331,24.26767
"092","5am",6.960952,7.31451,47.69016,38.03438
"093","5am",7.402182,7.809351,57.24773,27.54074
"094","5am",8.003134,7.373992,50.39013,34.23274
"095","5am",7.514136,12.161335,40.98386,39.34067
"096","5am",15.422772,13.834181,37.78912,32.95393
"097","5am",5.661275,5.525898,46.95924,41.85359
"098","5am",4.604699,6.769492,47.54056,41.08525
"099","5am",2.518087,6.225218,42.84503,48.41167
"100","5am",2.375811,7.023682,36.02931,54.5712
"101","5am",NA,NA,NA,NA
"102","5am",NA,NA,NA,NA
"103","5am",0,0,100,0
"104","5am",8.262021,8.306876,45.81583,37.61527
"001","6am",15.308355,11.465968,41.74377,31.48191
"002","6am",10.278987,12.921577,53.56633,23.23311
"003","6am",7.806342,5.94228,38.29782,47.95355
"004","6am",13.639324,13.118686,33.74772,39.49427
"005","6am",10.405173,18.802306,44.96517,25.82735
"006","6am",10.128238,12.447144,48.15337,29.27125
"007","6am",11.559581,11.737386,48.04586,28.65718
"008","6am",9.765207,8.872866,47.8619,33.50002
"009","6am",13.863661,14.897819,42.05294,29.18558
"010","6am",9.552791,12.988931,38.9143,38.54398
"011","6am",8.01046,11.136375,35.06534,45.78782
"012","6am",9.867993,12.942436,40.09142,37.09815
"013","6am",17.427774,5.453486,43.37539,33.74335
"014","6am",8.586787,10.800152,61.09615,19.51691
"015","6am",8.565625,17.564783,47.65978,26.20982
"016","6am",9.437943,6.492518,50.32103,33.74851
"017","6am",9.018932,11.732234,50.18717,29.06166
"018","6am",10.743156,8.37737,46.26714,34.61233
"019","6am",11.65451,12.945806,45.07316,30.32653
"020","6am",14.753844,8.399257,49.94925,26.89765
"021","6am",3.737529,5.618506,44.84857,45.7954
"022","6am",22.626483,8.859581,32.85197,35.66197
"023","6am",19.728397,11.60293,42.85758,25.81109
"024","6am",6.449024,10.553033,43.24364,39.7543
"025","6am",14.297134,9.047328,43.82074,32.8348
"026","6am",12.739288,9.351698,47.87132,30.0377
"027","6am",13.849564,10.932852,53.2711,21.94649
"028","6am",8.435184,4.080101,37.19195,50.29277
"029","6am",9.803552,10.48633,47.61217,32.09794
"030","6am",10.327307,8.896197,55.37744,25.39906
"031","6am",14.029596,12.584512,50.25207,23.13382
"032","6am",9.319236,7.93306,54.61827,28.12943
"033","6am",12.439268,7.382373,44.97763,35.20073
"034","6am",12.564263,5.30185,45.20496,36.92893
"035","6am",9.530254,10.634414,65.54912,14.28621
"036","6am",14.393547,11.604732,50.07407,23.92765
"037","6am",9.185007,10.461154,44.61606,35.73778
"038","6am",7.213988,8.093281,47.99591,36.69682
"039","6am",10.395018,9.086497,39.44283,41.07566
"040","6am",14.282102,4.752277,54.05507,26.91055
"041","6am",13.792852,8.515727,52.62059,25.07083
"042","6am",15.065397,9.87861,52.66115,22.39484
"043","6am",7.979075,6.462635,62.00962,23.54867
"044","6am",10.56719,6.020813,55.84605,27.56595
"045","6am",7.775195,8.309209,65.19669,18.71891
"046","6am",7.589122,9.065894,56.17472,27.17027
"047","6am",8.998007,10.9629,43.91945,36.11964
"048","6am",7.524611,12.822477,41.88963,37.76328
"049","6am",4.06295,6.294891,38.73151,50.91065
"050","6am",12.777039,10.037468,45.14367,32.04182
"051","6am",7.292153,8.62221,42.86998,41.21565
"052","6am",4.09345,10.12092,63.56234,22.22329
"053","6am",8.678298,8.589068,61.13318,21.59946
"054","6am",8.681229,12.33909,48.05641,30.92327
"055","6am",12.029447,12.05379,56.87173,19.04503
"056","6am",12.07765,7.318577,52.86919,27.73458
"057","6am",15.178941,9.695352,48.93374,26.19197
"058","6am",7.111804,13.428999,51.94298,27.51622
"059","6am",8.845235,7.009801,40.02753,44.11743
"060","6am",14.110426,6.715212,49.67086,29.5035
"061","6am",3.280677,11.451958,50.98585,34.28152
"062","6am",11.143523,6.114344,63.82933,18.9128
"063","6am",6.353397,10.715014,54.96148,27.97011
"064","6am",12.324596,7.34596,43.79924,36.5302
"065","6am",7.10748,4.210479,45.30929,43.37276
"066","6am",9.607756,10.654458,34.32063,45.41716
"067","6am",4.348246,2.81402,36.28199,56.55575
"068","6am",6.831645,6.062527,48.40239,38.70344
"069","6am",0,0,24.69985,75.30015
"070","6am",NA,NA,NA,NA
"071","6am",0,0,100,0
"072","6am",0,0,100,0
"073","6am",NA,NA,NA,NA
"074","6am",8.265444,3.711383,66.19171,21.83146
"075","6am",8.873244,6.032427,66.16088,18.93345
"076","6am",18.120249,8.9697,59.27838,13.63168
"077","6am",18.953048,2.023698,64.95345,14.0698
"078","6am",14.316459,15.659259,44.55012,25.47416
"079","6am",8.352447,9.859551,39.12723,42.66077
"080","6am",0,26.286291,0,73.71371
"081","6am",0,100,0,0
"082","6am",5.423049,2.135901,60.01589,32.42516
"083","6am",9.598491,12.173287,43.86082,34.3674
"084","6am",2.988478,12.442591,57.35254,27.21639
"085","6am",8.39242,13.528406,48.78056,29.29862
"086","6am",8.676677,11.112022,53.20041,27.01089
"087","6am",10.598578,18.153104,51.34169,19.90663
"088","6am",12.491042,8.267588,55.90582,23.33555
"089","6am",11.66983,14.147065,57.51219,16.67091
"090","6am",12.689904,6.461966,54.42616,26.42197
"091","6am",12.60305,8.005878,54.27157,25.1195
"092","6am",7.179221,6.440119,47.15367,39.22699
"093","6am",7.459812,7.870151,56.91488,27.75516
"094","6am",6.975643,7.734558,50.19611,35.09369
"095","6am",7.573306,12.257099,40.51914,39.65046
"096","6am",14.677937,13.623554,39.03959,32.65892
"097","6am",5.695579,5.559382,46.63784,42.1072
"098","6am",4.488781,7.16626,48.29398,40.05098
"099","6am",2.534999,6.267029,42.9874,48.21058
"100","6am",2.287882,6.763735,38.39688,52.55151
"101","6am",NA,NA,NA,NA
"102","6am",0,0,100,0
"103","6am",0,0,100,0
"104","6am",8.46238,7.892799,45.11736,38.52747
"001","7am",13.212116,12.661724,46.48499,27.64117
"002","7am",11.043351,14.554345,54.28403,20.11827
"003","7am",7.481763,6.569551,35.96588,49.9828
"004","7am",12.022164,11.911471,37.30689,38.75948
"005","7am",12.461635,16.006426,42.20259,29.32935
"006","7am",15.574772,10.632216,46.51032,27.28269
"007","7am",28.109702,8.041913,42.65783,21.19056
"008","7am",7.9123,8.928609,46.2434,36.9157
"009","7am",27.983646,11.175037,36.38281,24.45851
"010","7am",19.743067,11.322667,33.91564,35.01863
"011","7am",7.843391,11.013432,32.69299,48.45018
"012","7am",8.056642,13.068634,39.79637,39.07836
"013","7am",15.228837,8.09539,39.70937,36.9664
"014","7am",10.77927,10.084832,58.44886,20.68704
"015","7am",17.978088,17.846847,41.76897,22.40609
"016","7am",7.314405,3.849302,52.38184,36.45445
"017","7am",5.898164,12.964107,51.22499,29.91274
"018","7am",10.86294,7.773902,41.46315,39.9
"019","7am",8.895119,13.897919,38.20615,39.00081
"020","7am",19.78339,10.14727,44.53215,25.5372
"021","7am",11.428021,4.026666,41.50195,43.04336
"022","7am",18.656073,8.929406,34.06507,38.34945
"023","7am",11.549796,16.71131,44.76747,26.97142
"024","7am",11.606322,8.068505,43.78268,36.54249
"025","7am",9.596683,9.131862,43.05364,38.21781
"026","7am",5.993879,11.036414,44.71254,38.25717
"027","7am",9.689688,10.216835,52.859,27.23448
"028","7am",6.459479,3.034816,36.48661,54.01909
"029","7am",7.615975,9.721586,46.09956,36.56288
"030","7am",12.897667,10.884293,54.06862,22.14942
"031","7am",11.597708,10.583262,58.69291,19.12612
"032","7am",6.872074,9.135572,50.70637,33.28598
"033","7am",11.445749,5.899629,41.55908,41.09554
"034","7am",7.561653,5.140777,40.16211,47.13546
"035","7am",16.002752,11.220446,61.43548,11.34132
"036","7am",12.696319,12.496101,48.2394,26.56818
"037","7am",9.573682,7.298494,43.59692,39.5309
"038","7am",8.246172,8.234107,48.74313,34.77659
"039","7am",7.058916,9.214007,41.60606,42.12102
"040","7am",8.631885,5.712463,54.2857,31.36995
"041","7am",13.240118,2.467615,53.57907,30.7132
"042","7am",10.965089,9.890978,58.1685,20.97543
"043","7am",5.114646,4.798698,61.42045,28.66621
"044","7am",7.084501,7.418424,52.79488,32.7022
"045","7am",4.856199,7.045142,67.91993,20.17873
"046","7am",7.464472,11.03387,51.56641,29.93525
"047","7am",20.784831,9.345704,37.44913,32.42034
"048","7am",6.534854,9.381817,46.442,37.64132
"049","7am",2.042533,5.104445,38.08297,54.77005
"050","7am",7.693078,10.190269,44.92863,37.18802
"051","7am",5.963758,9.047065,43.71244,41.27674
"052","7am",3.728076,8.472531,62.66103,25.13836
"053","7am",4.673486,10.19167,60.45405,24.68079
"054","7am",7.173488,11.352812,47.88915,33.58455
"055","7am",7.887857,12.402777,60.79373,18.91564
"056","7am",11.282501,4.806971,54.15134,29.75918
"057","7am",10.313577,7.581168,49.46948,32.63577
"058","7am",5.805627,10.021697,55.60257,28.5701
"059","7am",8.973637,7.513651,38.77652,44.7362
"060","7am",17.653144,6.891493,46.31511,29.14026
"061","7am",7.934212,11.250583,44.49029,36.32491
"062","7am",11.709068,9.619883,62.51971,16.15133
"063","7am",5.490321,10.570234,51.13206,32.80739
"064","7am",2.824366,5.384044,60.77502,31.01657
"065","7am",5.442138,5.155657,39.18242,50.21979
"066","7am",15.854826,8.099906,35.72297,40.32229
"067","7am",6.364082,1.235517,37.50543,54.89497
"068","7am",9.654883,7.576802,49.46096,33.30735
"069","7am",0,0,24.69985,75.30015
"070","7am",50.78711,0,49.21289,0
"071","7am",0,0,100,0
"072","7am",0,70.737151,29.26285,0
"073","7am",69.501049,0,30.49895,0
"074","7am",5.333066,4.578483,63.15645,26.932
"075","7am",5.660662,5.261154,64.76246,24.31573
"076","7am",18.01409,11.987682,59.36682,10.63141
"077","7am",18.026793,5.766078,61.45582,14.75131
"078","7am",12.812066,12.862524,43.45683,30.86858
"079","7am",8.421809,9.058802,36.81639,45.703
"080","7am",0,18.048182,31.33994,50.61187
"081","7am",0,12.444384,87.55562,0
"082","7am",5.784079,2.278095,57.35401,34.58381
"083","7am",6.811492,11.832712,42.41456,38.94124
"084","7am",8.50141,9.834616,52.18308,29.48089
"085","7am",15.962981,10.794333,46.72665,26.51604
"086","7am",4.096842,21.702161,44.86286,29.33814
"087","7am",21.757344,16.582725,42.24902,19.41091
"088","7am",8.238688,6.866091,57.3238,27.57142
"089","7am",13.282533,13.579032,56.09668,17.04176
"090","7am",5.412397,10.567904,57.66391,26.35579
"091","7am",8.019857,7.669739,52.9944,31.316
"092","7am",5.418558,6.01661,49.17774,39.38709
"093","7am",5.572697,10.981708,52.65587,30.78972
"094","7am",6.630252,5.965388,47.7045,39.69986
"095","7am",7.259869,10.730813,38.7027,43.30661
"096","7am",12.142426,13.910405,41.96167,31.9855
"097","7am",8.181103,7.051316,46.2026,38.56498
"098","7am",16.171962,7.252756,42.0608,34.51448
"099","7am",5.357613,7.06673,39.96355,47.61211
"100","7am",3.135812,5.821533,43.85847,47.18418
"101","7am",0,0,100,0
"102","7am",0,0,100,0
"103","7am",0,0,100,0
"104","7am",6.731616,8.839596,44.01227,40.41652
"001","8am",14.7988687,13.762221,45.70075,25.738161
"002","8am",11.4208974,14.4989,57.08097,16.999235
"003","8am",5.8982361,8.174091,45.5445,40.383178
"004","8am",9.3790097,13.885773,42.72028,34.014937
"005","8am",12.2955957,12.377,47.49096,27.836446
"006","8am",16.6426052,10.263031,44.53638,28.557984
"007","8am",27.8667286,9.473345,40.77105,21.888874
"008","8am",5.672695,6.958021,49.60563,37.763652
"009","8am",32.1293374,12.4028,34.09932,21.368539
"010","8am",22.1534818,10.233479,35.11396,32.499079
"011","8am",9.7993352,11.750831,28.95765,49.49218
"012","8am",8.14442,11.898122,37.20872,42.748743
"013","8am",12.2864874,10.112926,42.06138,35.539203
"014","8am",9.5127341,9.044495,59.76525,21.677516
"015","8am",20.7512416,18.467961,40.12075,20.66005
"016","8am",15.3534685,3.479705,43.5905,37.576323
"017","8am",3.7979419,11.251689,52.36792,32.582452
"018","8am",9.0720637,6.235067,40.26068,44.432191
"019","8am",8.4823293,12.685709,29.98954,48.84242
"020","8am",22.4105421,6.786165,43.62145,27.181838
"021","8am",14.6226214,5.870911,41.98789,37.518575
"022","8am",14.1763418,7.193488,42.98536,35.644812
"023","8am",10.7349604,16.32618,48.46622,24.472645
"024","8am",17.0876665,8.529263,38.42986,35.953212
"025","8am",7.9734169,11.454771,37.46423,43.107582
"026","8am",7.3718061,7.273461,42.16601,43.188723
"027","8am",5.3218381,13.110514,53.3781,28.18955
"028","8am",4.9110812,1.830333,33.50413,59.75446
"029","8am",10.488732,3.886522,43.96013,41.664618
"030","8am",13.7028153,9.289256,54.58117,22.426762
"031","8am",12.7187144,12.08382,58.43745,16.760013
"032","8am",5.7880214,6.556412,49.30074,38.354825
"033","8am",10.0417838,8.035488,41.31741,40.605317
"034","8am",7.3982509,3.436403,35.75337,53.411981
"035","8am",15.89878,12.621282,62.36864,9.111301
"036","8am",13.0603254,9.564464,49.59058,27.784629
"037","8am",10.8372409,7.680495,39.83919,41.643074
"038","8am",5.7024402,8.704615,50.69142,34.901527
"039","8am",7.1945813,8.98269,42.55716,41.26557
"040","8am",7.3655436,8.181699,54.58316,29.869597
"041","8am",13.4370819,6.911823,50.51103,29.140065
"042","8am",9.8865363,6.507298,63.2084,20.397764
"043","8am",5.647308,6.444355,58.95748,28.950859
"044","8am",7.1799375,4.865829,51.29523,36.659001
"045","8am",3.352027,10.519711,67.14392,18.984343
"046","8am",7.8110938,11.116233,44.87652,36.196157
"047","8am",24.6986911,7.793736,36.02752,31.480056
"048","8am",9.5729699,9.479416,46.83388,34.113734
"049","8am",2.2986766,2.983188,40.39035,54.327788
"050","8am",7.8201043,8.683226,39.87902,43.617647
"051","8am",6.9977912,9.353999,41.11444,42.533769
"052","8am",2.1609896,7.773366,60.45957,29.606078
"053","8am",6.7272004,8.81657,57.85295,26.603277
"054","8am",8.8640539,9.568705,47.90945,33.65779
"055","8am",7.7751722,10.349962,63.21325,18.66162
"056","8am",10.3485785,4.197677,53.03919,32.414555
"057","8am",11.3459729,5.908177,45.03717,37.708675
"058","8am",5.4820596,11.363981,56.59197,26.561986
"059","8am",10.7410924,9.962189,39.70306,39.593662
"060","8am",16.7456252,6.696735,43.25179,33.305851
"061","8am",10.0619204,10.114127,45.12573,34.698217
"062","8am",11.4538707,8.033956,65.84145,14.67072
"063","8am",4.3669488,8.604023,46.37282,40.656209
"064","8am",0.8031029,4.341279,55.62155,39.234071
"065","8am",6.4752741,5.4055,35.12923,52.989992
"066","8am",15.5203134,7.139175,37.6962,39.644311
"067","8am",8.7878267,1.032518,44.60395,45.575709
"068","8am",8.9459784,7.718527,48.77663,34.558864
"069","8am",28.094555,16.536748,13.67599,41.692712
"070","8am",41.7052674,0,58.29473,0
"071","8am",0,0,100,0
"072","8am",0,70.737151,29.26285,0
"073","8am",69.5010491,0,30.49895,0
"074","8am",4.7690405,4.721452,57.59115,32.918353
"075","8am",5.9124145,5.400976,62.09886,26.587745
"076","8am",13.6566878,17.013606,62.13328,7.196421
"077","8am",18.0943508,11.575733,58.36769,11.962226
"078","8am",10.741331,13.002133,45.1281,31.128438
"079","8am",4.5136416,7.539051,36.11138,51.835932
"080","8am",0,24.789998,28.76174,46.448257
"081","8am",0,5.437947,94.56205,0
"082","8am",5.4348561,2.430279,56.08807,36.046791
"083","8am",4.673278,12.296682,41.51112,41.518922
"084","8am",10.1218718,12.469152,47.97729,29.431684
"085","8am",17.6256413,10.291727,45.19294,26.889687
"086","8am",4.8445785,21.788047,48.69292,24.674458
"087","8am",23.2273099,13.493202,45.47632,17.803164
"088","8am",7.7027424,7.219899,55.37324,29.704121
"089","8am",14.638313,14.669667,57.37825,13.31377
"090","8am",4.0296056,8.378713,60.42758,27.164104
"091","8am",7.0460898,14.460464,49.68961,28.803841
"092","8am",7.4497171,3.73772,51.63896,37.173606
"093","8am",4.4743682,12.467797,49.0083,34.049533
"094","8am",5.1735906,5.955598,47.58901,41.2818
"095","8am",6.9348564,6.941079,36.25881,49.865253
"096","8am",8.6305321,12.080011,47.46694,31.822519
"097","8am",7.7832549,8.700881,45.37712,38.13874
"098","8am",19.4866316,8.436274,42.3444,29.732694
"099","8am",5.3606449,9.872666,37.44983,47.316855
"100","8am",4.2338211,6.64356,50.30731,38.815313
"101","8am",0,0,100,0
"102","8am",0,38.560023,61.43998,0
"103","8am",0,0,100,0
"104","8am",6.6400213,7.108958,41.81954,44.431482
"001","9am",15.0940833,15.862356,47.20825,21.835315
"002","9am",10.3645369,13.531617,55.93155,20.172292
"003","9am",4.7460552,8.399949,47.57133,39.282667
"004","9am",8.0279001,12.567672,45.97261,33.431821
"005","9am",11.4923887,10.452797,48.66515,29.389666
"006","9am",19.1657152,9.827348,42.76704,28.239897
"007","9am",28.621531,9.764094,41.47028,20.144099
"008","9am",4.1291066,6.474033,49.49064,39.906225
"009","9am",34.1116041,11.991129,31.42057,22.4767
"010","9am",22.8780207,8.431981,34.57425,34.115753
"011","9am",11.1439903,11.47558,29.45173,47.928704
"012","9am",8.1448949,12.21266,38.49724,41.145202
"013","9am",13.217023,10.184108,42.67905,33.919824
"014","9am",8.6566085,8.522738,58.54391,24.276743
"015","9am",20.8296961,17.476698,38.4768,23.21681
"016","9am",15.2117246,4.507124,44.06324,36.217911
"017","9am",4.47238,10.219491,48.66215,36.645981
"018","9am",8.7906355,7.555538,42.26194,41.391884
"019","9am",9.3402518,13.071766,30.64894,46.939037
"020","9am",24.5525387,7.59815,41.85604,25.993275
"021","9am",17.8823135,5.730015,37.88516,38.502513
"022","9am",12.5119608,7.529742,41.47748,38.480816
"023","9am",10.5582848,16.549893,49.68162,23.210206
"024","9am",16.9306869,7.671618,41.81043,33.587266
"025","9am",8.4871327,10.1915,42.03938,39.281988
"026","9am",5.9215637,9.461086,44.2654,40.351947
"027","9am",7.190403,11.440324,52.82143,28.547839
"028","9am",3.1795978,2.664726,33.08515,61.070521
"029","9am",7.8842877,3.106915,44.64762,44.361175
"030","9am",14.8691861,12.967054,52.9533,19.21046
"031","9am",12.1633469,12.29824,59.96301,15.5754
"032","9am",6.6836793,4.413376,49.44447,39.458478
"033","9am",8.137197,9.07986,41.09856,41.68438
"034","9am",5.2746794,3.904725,31.44653,59.374069
"035","9am",15.7389671,12.783744,60.18489,11.2924
"036","9am",14.4649144,12.906104,47.4093,25.219683
"037","9am",8.0845582,6.462805,41.40481,44.047828
"038","9am",7.4877033,8.973718,50.00244,33.536138
"039","9am",7.0694668,10.942235,43.42851,38.559789
"040","9am",7.4606293,6.977441,56.88689,28.675042
"041","9am",11.2020842,8.839705,50.76029,29.197921
"042","9am",5.6449484,6.970416,65.54824,21.836394
"043","9am",6.0254032,6.245553,60.8961,26.832945
"044","9am",4.1917761,2.734051,46.68741,46.386766
"045","9am",2.6218712,7.949878,70.33236,19.095892
"046","9am",9.9870906,9.984113,45.06131,34.967481
"047","9am",25.0613203,7.794671,37.06194,30.082067
"048","9am",8.4260323,10.45746,47.82736,33.289148
"049","9am",2.9511433,3.146675,38.07658,55.825602
"050","9am",6.9651323,8.202374,38.47123,46.361263
"051","9am",7.0696385,10.030992,43.25103,39.648337
"052","9am",2.2904014,8.415464,56.20155,33.092584
"053","9am",7.705954,7.494375,57.3707,27.428972
"054","9am",7.4642813,9.631563,46.69514,36.209013
"055","9am",7.7056739,10.119986,64.41595,17.758386
"056","9am",11.261574,4.147702,53.16256,31.428165
"057","9am",9.5175882,5.780412,51.33034,33.37166
"058","9am",5.6120925,12.967083,53.97203,27.448792
"059","9am",11.1852775,9.476233,42.01694,37.321548
"060","9am",18.2587861,3.261279,46.00349,32.476445
"061","9am",11.8835458,10.875388,46.22438,31.016683
"062","9am",9.5913337,8.030904,58.17251,24.20525
"063","9am",5.4607762,8.907744,47.96088,37.670598
"064","9am",0.9791287,7.193571,56.51309,35.314215
"065","9am",6.7977131,7.594641,32.95608,52.651564
"066","9am",16.2392092,7.26411,37.57717,38.919511
"067","9am",8.1015884,1.047069,49.70849,41.142853
"068","9am",7.3571108,7.121903,49.59468,35.926302
"069","9am",28.094555,16.536748,13.67599,41.692712
"070","9am",31.2700084,0,43.70855,25.021441
"071","9am",0,0,64.55694,35.443063
"072","9am",0,69.23945,30.76055,0
"073","9am",30.9313362,0,69.06866,0
"074","9am",4.3204335,3.297206,57.13622,35.246137
"075","9am",4.9317986,4.964968,65.4091,24.694132
"076","9am",12.5885621,18.59883,62.63765,6.174956
"077","9am",14.9285014,13.646612,57.53279,13.892096
"078","9am",12.6470426,12.46795,43.66383,31.221177
"079","9am",4.6210024,8.585923,35.49432,51.298753
"080","9am",17.3468709,20.489709,23.77248,38.390938
"081","9am",0,3.365567,96.63443,0
"082","9am",7.1435054,2.542191,55.60967,34.70463
"083","9am",3.793766,13.053019,41.27,41.883216
"084","9am",16.8016662,9.009449,41.61059,32.578291
"085","9am",17.4674139,9.064403,47.47795,25.990235
"086","9am",8.1126286,16.028596,52.86552,22.993254
"087","9am",22.6876724,14.317174,46.56902,16.426137
"088","9am",7.8822049,7.170211,54.67325,30.274338
"089","9am",13.9587672,14.305671,57.72207,14.013496
"090","9am",4.2577869,9.314281,58.67343,27.754503
"091","9am",7.2483736,13.403088,50.07005,29.278492
"092","9am",5.9988023,4.739292,54.90867,34.35324
"093","9am",4.5490098,11.5011,48.82043,35.129458
"094","9am",5.7794111,6.130779,48.0923,39.997506
"095","9am",5.5886895,5.595835,37.1461,51.669371
"096","9am",7.8799124,12.872045,51.19149,28.05655
"097","9am",6.6183196,9.129691,44.84063,39.411356
"098","9am",19.3940538,7.297754,43.6574,29.650794
"099","9am",4.5181751,12.979573,35.79403,46.708223
"100","9am",7.7251785,6.888777,48.0213,37.364744
"101","9am",0,27.054986,72.94501,0
"102","9am",11.9549529,17.935815,37.1229,32.986333
"103","9am",0,0,100,0
"104","9am",6.3098825,7.785351,39.2315,46.673265
"001","10am",12.860849,16.6011482,44.72288,25.815122
"002","10am",8.27597,13.0473117,54.60234,24.07438
"003","10am",4.809479,8.4173458,45.22587,41.5473
"004","10am",8.078136,12.9789794,45.37764,33.565242
"005","10am",9.593378,8.7177194,56.41485,25.274053
"006","10am",18.525642,10.1821047,39.97412,31.318129
"007","10am",27.310118,8.9492626,42.64946,21.091164
"008","10am",4.221416,5.746483,51.95685,38.075248
"009","10am",38.264291,10.7966583,29.34133,21.597721
"010","10am",21.624177,7.6040298,34.25685,36.514943
"011","10am",11.99994,9.7073364,33.1123,45.180425
"012","10am",9.01024,11.4073556,37.65755,41.924854
"013","10am",13.612941,11.1601941,40.27332,34.953549
"014","10am",9.449189,13.8544571,56.70558,19.990774
"015","10am",21.933871,17.6020697,40.89873,19.565331
"016","10am",14.915449,4.3912252,43.25433,37.438996
"017","10am",4.833154,15.5631942,44.99585,34.607798
"018","10am",8.295926,7.2865405,38.53432,45.883217
"019","10am",9.614579,10.6080609,35.2837,44.493662
"020","10am",27.435239,8.3348773,40.42891,23.800972
"021","10am",21.40083,6.0930163,36.85814,35.648011
"022","10am",14.232268,8.8073705,40.80595,36.154415
"023","10am",10.988578,14.1950304,51.04885,23.767543
"024","10am",17.592667,9.0261273,38.41744,34.963765
"025","10am",8.665146,10.4052607,39.87844,41.051149
"026","10am",5.27313,5.9958472,44.07625,44.654775
"027","10am",6.778055,11.8663128,57.0294,24.326227
"028","10am",4.075288,1.7234906,30.32815,63.873068
"029","10am",10.164523,2.1418631,46.39655,41.297068
"030","10am",15.807543,12.9228498,48.90604,22.363566
"031","10am",14.809528,10.949182,59.63332,14.607969
"032","10am",4.151033,2.8103348,60.37941,32.659226
"033","10am",8.56812,8.8041869,45.38458,37.24311
"034","10am",5.422407,2.4298391,37.46117,54.686587
"035","10am",13.455015,13.8263835,59.59867,13.11993
"036","10am",15.341155,11.6783959,51.65202,21.328434
"037","10am",7.053426,6.1024035,41.79849,45.045681
"038","10am",6.816646,8.550552,52.25112,32.381684
"039","10am",6.757495,10.4196407,43.40726,39.415601
"040","10am",9.888599,7.4241746,53.67161,29.015612
"041","10am",10.815726,8.9058936,44.9883,35.290079
"042","10am",4.539121,9.0880023,65.72695,20.645931
"043","10am",5.848301,6.1003273,60.54822,27.50315
"044","10am",2.743676,1.7635999,45.94466,49.548066
"045","10am",2.743809,9.3654021,67.90678,19.984005
"046","10am",8.968699,10.1227529,44.11663,36.791921
"047","10am",26.866564,7.8035925,33.32318,32.006661
"048","10am",7.86513,10.4813923,47.81379,33.83969
"049","10am",2.877189,3.1067131,38.10841,55.907683
"050","10am",7.199335,7.7388368,39.5273,45.53453
"051","10am",7.411566,9.7944546,41.01321,41.780772
"052","10am",1.215686,6.7661645,58.70776,33.310387
"053","10am",8.873911,6.9892034,57.8759,26.260982
"054","10am",8.001258,10.3244532,47.57181,34.102478
"055","10am",8.2681,11.2894252,63.77421,16.668265
"056","10am",12.00774,3.5747676,50.40962,34.007872
"057","10am",7.183596,4.253342,54.13448,34.428583
"058","10am",5.623579,13.9377747,55.86069,24.577959
"059","10am",10.947186,9.2745211,42.18148,37.596813
"060","10am",16.718806,3.1539405,45.39301,34.734239
"061","10am",12.088843,9.3203462,45.69405,32.896762
"062","10am",9.654819,7.9028795,59.47507,22.967234
"063","10am",5.928569,10.1341654,49.6976,34.23967
"064","10am",5.02336,7.1217129,53.98228,33.87265
"065","10am",6.355614,6.7274113,35.37053,51.546446
"066","10am",16.737034,6.6046205,38.24329,38.415059
"067","10am",7.375403,0.5054348,50.22973,41.889434
"068","10am",5.513525,7.2486772,51.53164,35.706162
"069","10am",28.080671,16.5285752,41.72153,13.669227
"070","10am",23.279609,13.971748,44.12091,18.627733
"071","10am",0,0,54.55589,45.444111
"072","10am",0,69.2394499,30.76055,0
"073","10am",30.931336,0,69.06866,0
"074","10am",4.420598,3.3736477,58.43907,33.766688
"075","10am",4.896075,4.929004,65.05914,25.115781
"076","10am",13.908889,17.9460324,62.43416,5.710914
"077","10am",14.947081,15.6882671,55.50359,13.861062
"078","10am",12.919613,11.8054915,42.46854,32.806351
"079","10am",4.465781,9.3779232,39.47754,46.678761
"080","10am",17.346871,20.4897091,23.77248,38.390938
"081","10am",0,0,100,0
"082","10am",7.616038,2.7103532,52.67332,37.000292
"083","10am",3.850974,11.7903897,42.15322,42.205418
"084","10am",18.112935,9.7125822,42.3255,29.848988
"085","10am",18.587459,8.5285792,48.28054,24.603418
"086","10am",8.869916,14.014927,46.80296,30.312194
"087","10am",22.208565,13.1546724,45.93009,18.706672
"088","10am",8.652711,7.3711869,54.30978,29.66632
"089","10am",12.202564,15.8486538,57.49594,14.452841
"090","10am",3.919518,9.6592017,56.69562,29.72566
"091","10am",7.21564,14.3893583,45.59757,32.797432
"092","10am",6.422502,5.1049673,51.66478,36.807748
"093","10am",4.578442,13.4815267,53.05723,28.882797
"094","10am",5.976856,6.3402275,48.97428,38.708639
"095","10am",6.618638,5.3980122,36.73661,51.246742
"096","10am",7.238101,11.3166246,52.25854,29.186731
"097","10am",6.722468,9.0931533,44.98027,39.204112
"098","10am",19.084138,7.2227591,43.47784,30.215263
"099","10am",5.029986,12.858847,39.20508,42.906091
"100","10am",6.189842,8.6989981,49.96649,35.144669
"101","10am",0,27.0549862,72.94501,0
"102","10am",0,20.3711799,42.16353,37.46529
"103","10am",0,0,100,0
"104","10am",7.309861,10.05506,37.93551,44.699568
"001","11am",12.023032,13.665441,47.61865,26.692881
"002","11am",9.601852,14.569912,55.88708,19.941151
"003","11am",5.59832,7.223671,45.87043,41.307575
"004","11am",7.124884,12.360001,45.30805,35.207063
"005","11am",8.843608,11.644987,53.28677,26.224639
"006","11am",17.71795,8.700151,44.97866,28.603241
"007","11am",28.303735,10.277405,41.48811,19.930754
"008","11am",4.638492,7.207857,50.09479,38.05886
"009","11am",35.723257,10.061902,32.61471,21.60013
"010","11am",24.265922,6.653429,34.26945,34.811197
"011","11am",11.667345,11.589249,28.65932,48.08409
"012","11am",8.760796,11.192634,42.02539,38.021178
"013","11am",11.322151,9.73217,43.62338,35.322296
"014","11am",9.201018,13.14401,58.22629,19.428686
"015","11am",22.741528,17.455154,35.70195,24.101366
"016","11am",15.089192,4.442377,39.33429,41.134144
"017","11am",5.713593,14.532985,46.18145,33.571968
"018","11am",8.22647,9.426398,37.82964,44.517488
"019","11am",7.467039,10.575829,36.35972,45.597417
"020","11am",26.513573,8.166102,39.87491,25.445416
"021","11am",22.05193,5.948368,38.89433,33.105377
"022","11am",13.819575,9.24923,38.8844,38.046795
"023","11am",10.281918,14.807464,51.13397,23.776646
"024","11am",16.192849,7.340001,39.76837,36.698779
"025","11am",7.33993,10.955948,43.27444,38.429682
"026","11am",5.292832,6.782455,46.60092,41.323794
"027","11am",6.864505,10.484376,58.97624,23.67488
"028","11am",3.419564,1.858468,32.40703,62.314939
"029","11am",10.123579,3.462508,45.7568,40.657113
"030","11am",15.467424,11.229323,54.04399,19.259264
"031","11am",13.83465,10.491376,60.53604,15.137933
"032","11am",5.057838,2.666516,55.59802,36.677624
"033","11am",8.912863,10.114054,48.04378,32.929305
"034","11am",5.422914,1.584393,35.97119,57.021507
"035","11am",14.949955,14.459918,56.68874,13.901382
"036","11am",14.261184,8.734077,46.04788,30.956856
"037","11am",8.077637,8.187701,44.89514,38.839524
"038","11am",6.906845,16.813506,48.87042,27.409225
"039","11am",6.01991,10.325193,42.05579,41.599111
"040","11am",8.545862,8.071659,52.05188,31.330595
"041","11am",10.410073,9.861007,46.70057,33.02835
"042","11am",5.599335,9.343237,62.27122,22.786208
"043","11am",5.270858,5.498,58.52832,30.702826
"044","11am",3.895011,3.471291,49.36737,43.266331
"045","11am",2.754373,8.35164,68.07575,20.81824
"046","11am",7.104385,11.467527,41.04331,40.384779
"047","11am",26.894555,6.954166,34.50531,31.645971
"048","11am",8.76197,9.689604,46.81858,34.72985
"049","11am",3.040533,3.361956,40.45841,53.139102
"050","11am",6.687572,7.188723,36.58264,49.541067
"051","11am",4.93408,10.733409,39.38807,44.944445
"052","11am",1.252199,2.232353,62.78446,33.730987
"053","11am",7.937664,6.251803,60.51497,25.295562
"054","11am",7.792938,4.413634,51.10334,36.690085
"055","11am",8.620984,11.426363,63.66803,16.284623
"056","11am",11.128587,2.555583,52.50834,33.807489
"057","11am",7.067036,4.317803,44.48477,44.130396
"058","11am",5.42954,12.822139,58.91432,22.834005
"059","11am",13.286621,7.263439,40.19941,39.250527
"060","11am",15.042555,7.364104,44.14285,33.45049
"061","11am",11.111714,9.298372,44.91306,34.676857
"062","11am",12.3233,8.265214,62.07369,17.337793
"063","11am",5.749649,11.71274,45.9991,36.538513
"064","11am",4.994097,7.080227,55.50056,32.425114
"065","11am",5.803621,7.402787,38.14041,48.653184
"066","11am",15.872644,7.118976,36.41799,40.59039
"067","11am",8.270409,7.379329,45.68246,38.667807
"068","11am",6.181845,7.796894,51.4167,34.604556
"069","11am",32.188341,18.946393,33.19649,15.668776
"070","11am",26.328791,15.801779,36.80182,21.067609
"071","11am",0,0,54.55589,45.444111
"072","11am",0,69.23945,30.76055,0
"073","11am",0,0,100,0
"074","11am",3.01757,3.356693,59.71958,33.906153
"075","11am",4.719258,4.466055,64.19839,26.616292
"076","11am",14.363062,17.560924,61.78661,6.289406
"077","11am",14.639274,16.106375,52.54892,16.705431
"078","11am",13.230492,11.305365,43.06525,32.398896
"079","11am",5.033894,10.427214,42.01003,42.528865
"080","11am",17.346871,20.489709,23.77248,38.390938
"081","11am",0,0,100,0
"082","11am",7.515101,2.674432,53.30055,36.50992
"083","11am",3.810148,11.103752,43.32812,41.75798
"084","11am",17.047118,11.89897,41.34066,29.713253
"085","11am",18.183496,7.928308,49.86462,24.023579
"086","11am",8.692673,13.303468,43.94342,34.060436
"087","11am",23.121086,13.040129,47.4154,16.423382
"088","11am",8.567837,7.77375,54.30692,29.351495
"089","11am",12.44349,17.479313,58.70134,11.375858
"090","11am",4.241581,10.162062,56.96415,28.632204
"091","11am",7.306366,13.962475,46.65495,32.076212
"092","11am",6.207552,5.534612,53.25191,35.005923
"093","11am",3.542095,9.85492,47.15696,39.446029
"094","11am",6.061059,3.631813,47.90797,42.399162
"095","11am",7.333377,6.115829,37.13748,49.413317
"096","11am",8.612026,12.205495,49.32831,29.854168
"097","11am",7.268243,10.531336,43.57276,38.627666
"098","11am",19.588801,7.569391,42.45339,30.38842
"099","11am",4.307461,14.389098,35.00664,46.296799
"100","11am",5.976452,7.784017,53.35853,32.880999
"101","11am",0,51.512709,48.48729,0
"102","11am",0,18.483411,38.25629,43.260296
"103","11am",0,0,100,0
"104","11am",7.081755,7.658056,39.90622,45.353965
"001","12am",11.480324,15.211222,49.51742,23.791038
"002","12am",11.764363,15.877513,56.14667,16.211456
"003","12am",5.237052,6.577303,45.16238,43.023262
