"district","hour","cleduc1","cleduc2","cleduc3","cleduc4"
"001","4am",15.45501,41.81119,13.51217,29.22163
"002","4am",6.27115,31.57757,22.115588,40.035691
"003","4am",19.067496,34.79493,18.914044,27.22353
"004","4am",9.88763,35.84275,24.872165,29.397454
"005","4am",12.555111,32.58408,20.417395,34.443419
"006","4am",11.340924,30.9477,32.533719,25.177659
"007","4am",11.299175,41.33151,19.397891,27.971421
"008","4am",10.595893,35.45288,18.466038,35.48519
"009","4am",21.43733,41.97636,22.729219,13.85709
"010","4am",10.682066,24.26883,25.272432,39.776672
"011","4am",7.858855,40.13939,18.559513,33.442238
"012","4am",13.549233,41.30004,17.915427,27.235304
"013","4am",11.518945,48.64212,15.640535,24.198396
"014","4am",13.092837,64.27664,8.848109,13.782412
"015","4am",16.047235,33.2834,18.273486,32.395874
"016","4am",7.965244,28.78575,18.44934,44.799664
"017","4am",18.995523,35.98115,18.835994,26.187336
"018","4am",12.930322,44.11847,13.740245,29.21096
"019","4am",21.592063,23.51279,15.817346,39.077801
"020","4am",16.206479,38.5085,27.994042,17.290976
"021","4am",13.901939,24.35092,17.93048,43.816665
"022","4am",9.375418,45.04996,29.17432,16.400299
"023","4am",24.799712,51.01531,20.842188,3.34279
"024","4am",13.179106,19.92822,19.079459,47.813212
"025","4am",10.527495,22.79094,31.145219,35.536347
"026","4am",17.658475,34.96126,15.884616,31.49565
"027","4am",8.570732,34.85735,19.020898,37.551023
"028","4am",9.486461,32.89297,23.439888,34.180685
"029","4am",4.754104,26.60546,34.677734,33.962701
"030","4am",23.633159,41.07265,16.67031,18.623886
"031","4am",21.244015,59.48576,11.897814,7.372408
"032","4am",22.194311,26.49664,24.985828,26.323216
"033","4am",20.797876,41.93464,25.017535,12.249954
"034","4am",18.651994,32.32143,27.996609,21.029968
"035","4am",8.724731,23.21735,42.106793,25.951131
"036","4am",14.769027,43.98528,18.183653,23.062038
"037","4am",17.44004,32.36202,25.194143,25.003794
"038","4am",8.648054,35.70832,31.881988,23.761636
"039","4am",8.602983,39.13678,10.727976,41.532264
"040","4am",17.043466,32.58241,24.279742,26.094385
"041","4am",12.824931,50.51549,24.507035,12.152542
"042","4am",20.979868,57.47867,12.309947,9.23151
"043","4am",12.631845,56.58096,17.753203,13.033989
"044","4am",8.403371,49.88822,22.325553,19.38286
"045","4am",6.499065,38.25083,21.435099,33.815001
"046","4am",10.586135,33.71461,29.277882,26.421374
"047","4am",8.360231,43.26436,23.213279,25.162134
"048","4am",16.397557,40.69387,21.172993,21.73558
"049","4am",18.934534,46.56935,11.898436,22.597677
"050","4am",30.867538,43.78507,17.394356,7.953034
"051","4am",19.504923,40.36952,21.131531,18.99403
"052","4am",21.041827,36.01888,22.281166,20.658122
"053","4am",5.966126,50.06196,32.760044,11.211866
"054","4am",13.464464,51.13698,21.24075,14.157807
"055","4am",11.646971,43.7367,25.962448,18.653885
"056","4am",15.103155,23.61106,15.407185,45.878604
"057","4am",14.022594,37.08552,10.541044,38.350846
"058","4am",6.008,30.92685,23.750739,39.314414
"059","4am",15.255197,55.03195,14.099527,15.613325
"060","4am",32.838945,39.4793,16.813016,10.868738
"061","4am",10.172831,37.13564,21.403293,31.288237
"062","4am",9.780133,36.89598,19.746531,33.577354
"063","4am",3.645217,40.24842,25.207995,30.89837
"064","4am",7.354632,23.95975,32.868365,35.817251
"065","4am",16.036028,32.08536,31.033003,20.845611
"066","4am",7.084811,36.63064,20.954191,35.330353
"067","4am",2.808967,28.04137,19.926223,49.223437
"068","4am",10.21918,43.30575,15.053463,31.421606
"069","4am",0,100,0,0
"070","4am",NA,NA,NA,NA
"071","4am",0,50,50,0
"072","4am",NA,NA,NA,NA
"073","4am",NA,NA,NA,NA
"074","4am",9.268662,28.04555,16.572608,46.113175
"075","4am",3.155774,19.72349,33.221378,43.899361
"076","4am",3.221058,13.53295,30.299281,52.946706
"077","4am",6.788423,18.96843,25.103731,49.139414
"078","4am",15.745865,37.52887,23.691414,23.033849
"079","4am",11.500725,38.87595,29.191071,20.432257
"080","4am",0,10.68147,10.681468,78.637064
"081","4am",0,100,0,0
"082","4am",18.141413,53.29683,22.392772,6.168987
"083","4am",4.861644,40.32454,27.111437,27.702382
"084","4am",13.27587,30.46326,28.939362,27.321511
"085","4am",13.195185,37.68286,20.599383,28.522575
"086","4am",7.066552,42.01534,27.985408,22.932696
"087","4am",15.595975,55.36002,16.258474,12.785529
"088","4am",4.373679,34.70722,27.648311,33.270789
"089","4am",6.027825,53.17834,25.355653,15.438178
"090","4am",11.179142,40.21709,23.46868,25.135093
"091","4am",16.305721,43.04644,15.685503,24.962341
"092","4am",12.846094,30.20415,28.791433,28.158323
"093","4am",6.999965,56.7761,21.201289,15.022651
"094","4am",12.960239,57.74327,18.463142,10.833348
"095","4am",6.682947,31.10936,32.05329,30.154398
"096","4am",19.884144,46.6275,15.156992,18.331363
"097","4am",16.000011,45.80826,22.287835,15.903895
"098","4am",13.332545,36.69088,24.289982,25.686592
"099","4am",13.672071,18.97827,23.1425,44.207158
"100","4am",10.359921,40.33796,24.454363,24.847754
"101","4am",NA,NA,NA,NA
"102","4am",NA,NA,NA,NA
"103","4am",NA,NA,NA,NA
"104","4am",3.799998,40.97337,26.108313,29.118319
"001","5am",15.818822,40.44142,13.83025,29.909508
"002","5am",6.958073,32.45398,21.05576,39.532187
"003","5am",18.980014,34.63529,18.82727,27.557432
"004","5am",9.697438,35.90871,25.56187,28.831983
"005","5am",12.492723,31.94845,20.31594,35.242889
"006","5am",12.645334,30.46524,32.96089,23.928537
"007","5am",11.047715,42.63717,18.9662,27.348923
"008","5am",10.677294,34.95701,18.6079,35.757799
"009","5am",21.209333,42.59347,22.48748,13.709712
"010","5am",10.797587,24.53129,24.46429,40.206838
"011","5am",8.008521,40.90382,18.91296,32.174696
"012","5am",13.549233,41.30004,17.91543,27.235304
"013","5am",10.731352,49.4114,15.27616,24.581092
"014","5am",12.232215,59.26057,15.63075,12.876463
"015","5am",16.1872,33.57371,17.56066,32.678434
"016","5am",7.965244,28.78575,18.44934,44.799664
"017","5am",17.779113,37.15722,18.85287,26.210796
"018","5am",12.845739,44.48402,13.65036,29.019878
"019","5am",21.689646,23.16711,15.88883,39.254409
"020","5am",16.646626,38.2346,27.3582,17.760576
"021","5am",14.035389,23.62473,18.1026,44.237278
"022","5am",9.069473,43.57986,28.22228,19.128382
"023","5am",23.756248,51.68096,21.16778,3.395011
"024","5am",12.440457,19.46265,18.32026,49.776632
"025","5am",10.812158,22.6562,30.7854,35.746244
"026","5am",17.805863,34.41841,16.0172,31.75853
"027","5am",8.570732,34.85735,19.0209,37.551023
"028","5am",9.486461,32.89297,23.43989,34.180685
"029","5am",4.754104,26.60546,34.67773,33.962701
"030","5am",24.389729,40.56491,16.55278,18.492582
"031","5am",21.046043,59.28706,13.32231,6.344589
"032","5am",22.194311,26.49664,24.98583,26.323216
"033","5am",21.293815,42.25861,23.90551,12.542063
"034","5am",18.651994,32.32143,27.99661,21.029968
"035","5am",8.57209,23.29647,43.39943,24.732012
"036","5am",14.662544,43.85061,18.59108,22.895764
"037","5am",18.364821,30.94971,26.5301,24.155376
"038","5am",8.442354,34.85898,33.50222,23.196449
"039","5am",8.602983,39.13678,10.72798,41.532264
"040","5am",17.222181,34.28009,23.54366,24.954066
"041","5am",12.288598,51.5128,24.99087,11.207729
"042","5am",20.979868,57.47867,12.30995,9.23151
"043","5am",12.766673,56.11752,17.94269,13.173109
"044","5am",8.502978,50.47956,21.40486,19.612611
"045","5am",6.499065,38.25083,21.4351,33.815001
"046","5am",10.774177,33.62068,28.71444,26.890699
"047","5am",8.476649,42.4743,23.53653,25.512524
"048","5am",16.175647,41.49647,20.88646,21.441429
"049","5am",18.797293,46.95663,11.81219,22.433885
"050","5am",31.495716,43.65859,16.73081,8.114884
"051","5am",19.33386,40.01546,21.82323,18.827447
"052","5am",20.58361,38.32964,21.79596,19.290792
"053","5am",6.400146,53.0373,29.74985,10.812697
"054","5am",13.464464,51.13698,21.24075,14.157807
"055","5am",11.247108,45.08545,25.65398,18.013462
"056","5am",15.103155,23.61106,15.40718,45.878604
"057","5am",14.02739,37.064,10.54465,38.363963
"058","5am",5.976475,31.28929,23.62611,39.10812
"059","5am",15.487253,54.34792,14.314,15.850828
"060","5am",33.388718,38.32585,17.23473,11.050697
"061","5am",10.196624,37.89361,20.54835,31.361415
"062","5am",9.014682,39.61815,20.41777,30.949394
"063","5am",3.821302,41.27288,22.51488,32.390938
"064","5am",7.41182,24.14606,33.12394,35.31818
"065","5am",16.407319,31.33236,31.75153,20.508788
"066","5am",6.984243,36.46748,21.71943,34.828843
"067","5am",2.783219,27.78434,20.66018,48.772252
"068","5am",10.097699,44.12975,14.72448,31.048079
"069","5am",0,100,0,0
"070","5am",NA,NA,NA,NA
"071","5am",0,50,50,0
"072","5am",NA,NA,NA,NA
"073","5am",NA,NA,NA,NA
"074","5am",9.464962,27.86699,16.9236,45.744454
"075","5am",3.142621,19.64128,33.49972,43.716384
"076","5am",3.249187,12.77785,30.56388,53.409083
"077","5am",6.906125,18.53554,24.56691,49.991426
"078","5am",15.890173,37.87282,22.99206,23.24495
"079","5am",13.26082,36.71826,29.44263,20.578299
"080","5am",0,10.68147,10.68147,78.637064
"081","5am",0,100,0,0
"082","5am",18.399012,52.63367,22.71074,6.256584
"083","5am",4.924564,40.4019,26.61263,28.060912
"084","5am",13.405598,32.31435,28.23935,26.040708
"085","5am",12.787663,37.3061,20.43748,29.46876
"086","5am",7.120107,41.5759,28.1975,23.106496
"087","5am",15.149654,56.63751,15.79319,12.419636
"088","5am",4.464822,34.03196,28.62324,32.879974
"089","5am",5.728461,54.02173,25.57834,14.671462
"090","5am",11.906324,40.27827,23.0498,24.765613
"091","5am",16.910317,40.93467,16.2671,25.887914
"092","5am",13.029636,29.20693,29.2028,28.560641
"093","5am",7.176572,55.68557,21.73619,15.401669
"094","5am",12.205323,58.24409,18.62328,10.927308
"095","5am",5.638658,31.4575,32.41199,30.491849
"096","5am",20.114194,47.16696,14.76039,17.95846
"097","5am",16.180014,46.38884,21.34035,16.090799
"098","5am",13.075049,35.98226,25.7522,25.190498
"099","5am",13.423008,20.45424,22.72091,43.401839
"100","5am",9.563349,41.41481,24.31534,24.706497
"101","5am",NA,NA,NA,NA
"102","5am",NA,NA,NA,NA
"103","5am",NA,NA,NA,NA
"104","5am",3.799998,40.97337,26.10831,29.118319
"001","6am",15.799184,43.18927,13.813077,27.19847
"002","6am",6.483481,32.79989,22.549803,38.166829
"003","6am",19.277345,35.17787,20.181349,25.363437
"004","6am",10.147604,32.93352,26.748485,30.170396
"005","6am",12.337001,33.33991,20.947836,33.375254
"006","6am",12.373305,30.74409,29.953312,26.929295
"007","6am",11.210805,43.97278,18.254496,26.561919
"008","6am",10.018196,35.34201,18.488168,36.151623
"009","6am",22.396632,40.27561,22.850571,14.477182
"010","6am",10.810137,27.42599,21.510306,40.253571
"011","6am",6.953194,43.06773,19.222932,30.756143
"012","6am",13.810431,41.23028,17.19895,27.760338
"013","6am",11.085024,47.81673,15.558408,25.539837
"014","6am",13.631167,56.31863,16.476783,13.573418
"015","6am",14.487547,33.13279,17.84526,34.534404
"016","6am",7.990166,28.87582,17.698457,45.435561
"017","6am",17.290272,38.54019,18.572829,25.596712
"018","6am",13.138972,45.36953,13.961964,27.529533
"019","6am",21.689646,23.16711,15.88883,39.254409
"020","6am",17.789981,39.87875,26.253233,16.078039
"021","6am",14.337726,22.95739,17.514686,45.190198
"022","6am",8.813247,40.72305,31.004522,19.459183
"023","6am",25.572637,53.41781,17.124262,3.88529
"024","6am",12.836655,18.75456,18.671945,49.736843
"025","6am",11.395538,21.57406,32.446454,34.583944
"026","6am",18.523334,34.93698,13.779605,32.760078
"027","6am",8.614535,32.23784,19.70862,39.439002
"028","6am",9.486461,32.89297,23.439888,34.180685
"029","6am",5.00624,26.92473,34.063456,34.005574
"030","6am",24.429032,41.12629,16.336955,18.107724
"031","6am",20.983794,57.59316,14.762249,6.660795
"032","6am",22.015612,25.52619,25.976021,26.482176
"033","6am",21.252898,41.60751,24.922681,12.21691
"034","6am",20.309453,33.01045,26.421206,20.258886
"035","6am",11.170179,27.53075,39.750894,21.548175
"036","6am",13.951645,41.7271,22.535571,21.785685
"037","6am",20.381893,31.13611,24.599746,23.882249
"038","6am",8.881493,35.95708,31.740834,23.420596
"039","6am",8.621176,39.31909,10.622,41.437737
"040","6am",18.70539,35.22378,22.938747,23.132087
"041","6am",11.664528,53.14087,24.653299,10.541304
"042","6am",21.605447,57.60381,12.056861,8.733883
"043","6am",15.226621,57.77794,17.076729,9.918714
"044","6am",8.858931,52.78496,20.392371,17.963738
"045","6am",6.653752,37.81316,21.945283,33.587807
"046","6am",11.070201,34.54442,26.755846,27.629529
"047","6am",8.843713,40.89978,23.639216,26.61729
"048","6am",16.217092,40.51952,20.939971,22.323416
"049","6am",17.891518,48.67125,10.975932,22.461297
"050","6am",31.603197,41.89822,17.843844,8.654736
"051","6am",19.518976,40.15965,21.846042,18.475334
"052","6am",20.775445,38.23057,20.873956,20.120027
"053","6am",6.526498,52.18923,29.019328,12.264947
"054","6am",13.009672,48.96646,25.154583,12.869287
"055","6am",11.435956,47.48028,22.242865,18.840898
"056","6am",12.694412,23.3911,17.873122,46.041365
"057","6am",14.44392,37.28587,9.979059,38.291146
"058","6am",6.070879,31.09049,23.999311,38.839322
"059","6am",15.574548,54.0906,14.394684,15.940172
"060","6am",31.357061,38.63426,18.727122,11.281558
"061","6am",9.474311,38.71003,21.14044,30.675216
"062","6am",8.637994,37.59984,24.106023,29.656138
"063","6am",4.02815,42.21646,19.611123,34.144269
"064","6am",7.836627,22.24591,35.022434,34.895033
"065","6am",16.322835,31.68595,31.588033,20.403184
"066","6am",6.976245,35.06941,21.429276,36.52507
"067","6am",2.783219,27.78434,20.660184,48.772252
"068","6am",10.017495,45.83226,14.607522,29.542723
"069","6am",0,100,0,0
"070","6am",NA,NA,NA,NA
"071","6am",0,50,50,0
"072","6am",NA,NA,NA,NA
"073","6am",NA,NA,NA,NA
"074","6am",9.87511,26.95088,17.656952,45.517055
"075","6am",3.214608,19.34211,33.47457,43.968707
"076","6am",3.191675,14.66061,30.022884,52.124835
"077","6am",6.954142,19.65645,24.828497,48.56091
"078","6am",16.064193,37.55783,22.878463,23.499516
"079","6am",13.189898,37.0567,29.28516,20.468242
"080","6am",0,13.14315,13.143145,73.713709
"081","6am",0,100,0,0
"082","6am",18.818204,50.90046,23.567289,6.714048
"083","6am",4.994534,40.97593,25.175422,28.85411
"084","6am",13.968687,32.6476,26.249194,27.134523
"085","6am",12.652552,35.63316,22.556884,29.1574
"086","6am",7.479108,40.45799,29.213,22.849899
"087","6am",16.964192,53.24303,16.764446,13.028329
"088","6am",4.502335,34.32054,29.317192,31.859931
"089","6am",5.553509,54.2088,26.891908,13.345779
"090","6am",11.63436,42.4995,22.523294,23.342844
"091","6am",17.505087,41.26638,15.080893,26.147644
"092","6am",13.438659,31.3781,26.551465,28.631776
"093","6am",7.257397,55.18648,21.980992,15.575128
"094","6am",12.708339,58.43824,17.475768,11.377654
"095","6am",5.70497,31.82745,32.793162,29.674419
"096","6am",19.734618,46.4113,14.481844,19.372241
"097","6am",16.008497,45.34773,22.723543,15.920228
"098","6am",12.980206,35.72125,27.410117,23.888421
"099","6am",13.562358,19.21959,24.992445,42.225608
"100","6am",9.544714,42.42246,24.443759,23.589066
"101","6am",NA,NA,NA,NA
"102","6am",0,0,100,0
"103","6am",NA,NA,NA,NA
"104","6am",3.906146,40.69226,26.837615,28.563982
"001","7am",12.054793,41.17274,16.121767,30.6507
"002","7am",6.11362,29.696599,25.963998,38.225783
"003","7am",20.608539,35.29766,20.492865,23.600936
"004","7am",11.500987,35.346203,24.814268,28.338543
"005","7am",13.956637,33.91638,19.410513,32.71647
"006","7am",12.290899,29.136002,26.609136,31.963962
"007","7am",10.423983,45.436675,19.34194,24.797402
"008","7am",11.499806,37.002611,18.517754,32.979829
"009","7am",19.70776,40.041505,18.985109,21.265626
"010","7am",12.133205,28.946259,23.374778,35.545759
"011","7am",5.632697,46.32785,18.526749,29.512704
"012","7am",14.664201,43.075482,17.591154,24.669164
"013","7am",12.472568,48.898031,17.007786,21.621615
"014","7am",14.247352,57.87811,17.02771,10.846828
"015","7am",13.382072,30.963957,15.04044,40.613531
"016","7am",9.862844,24.490344,22.963952,42.68286
"017","7am",17.874498,38.281638,22.851719,20.992145
"018","7am",15.561984,45.499441,10.93366,28.004915
"019","7am",26.892864,20.69093,11.733693,40.682512
"020","7am",17.647119,40.866233,25.991885,15.494763
"021","7am",14.920544,23.299281,17.770609,44.009566
"022","7am",8.678591,39.948188,26.999475,24.373746
"023","7am",22.666095,56.145581,16.706094,4.482231
"024","7am",12.834661,20.720109,17.543596,48.901634
"025","7am",12.664433,26.240562,34.705167,26.389838
"026","7am",23.279326,37.091539,11.175496,28.453639
"027","7am",9.328972,31.038043,19.997179,39.635805
"028","7am",9.278106,33.072042,26.790348,30.859504
"029","7am",5.493687,26.125515,32.694708,35.68609
"030","7am",20.150338,40.350849,19.72169,19.777123
"031","7am",16.506989,54.972185,15.768623,12.752203
"032","7am",23.904117,27.549706,27.626436,20.919741
"033","7am",23.160451,44.277273,24.742108,7.820168
"034","7am",24.574586,35.160456,18.69905,21.565908
"035","7am",12.233532,30.615143,34.692441,22.458884
"036","7am",16.662468,42.404048,20.945078,19.988406
"037","7am",18.379641,33.063363,29.21373,19.343266
"038","7am",8.569277,37.960889,30.583113,22.886721
"039","7am",9.516738,39.939611,13.657838,36.885814
"040","7am",23.301334,40.684175,18.525999,17.488493
"041","7am",13.333736,56.348351,21.663155,8.654759
"042","7am",21.681407,63.214506,10.315053,4.789034
"043","7am",16.337621,54.652238,18.113879,10.896261
"044","7am",10.19967,53.32891,19.119019,17.352401
"045","7am",9.490322,36.585604,23.272335,30.651739
"046","7am",13.338692,40.220149,14.956618,31.484541
"047","7am",9.903366,41.956309,24.409659,23.730667
"048","7am",15.144875,32.90117,23.489738,28.464218
"049","7am",17.873739,50.680569,12.072863,19.37283
"050","7am",32.814721,39.605796,16.955475,10.624009
"051","7am",21.275639,41.265772,19.47019,17.988399
"052","7am",24.214067,41.348048,18.439732,15.998153
"053","7am",7.86877,55.760517,25.837896,10.532818
"054","7am",12.604817,51.074346,23.610925,12.709912
"055","7am",10.865466,47.994195,25.191372,15.948967
"056","7am",12.934028,26.657352,17.23719,43.17143
"057","7am",17.956234,40.611001,10.377726,31.055039
"058","7am",7.982865,31.584493,25.133496,35.299146
"059","7am",16.183971,54.055118,14.564496,15.196415
"060","7am",31.978986,39.576138,16.806374,11.638503
"061","7am",10.748147,43.890549,18.749213,26.612092
"062","7am",5.638013,35.149237,29.294301,29.918449
"063","7am",4.774647,41.661401,21.74848,31.815473
"064","7am",9.286919,29.259882,21.701052,39.752147
"065","7am",15.317026,32.133139,29.835829,22.714006
"066","7am",8.615095,32.113136,22.862118,36.409651
"067","7am",8.389647,36.757196,15.770829,39.082328
"068","7am",5.797083,50.292719,14.790992,29.119207
"069","7am",0,100,0,0
"070","7am",0,37.050217,0,62.949783
"071","7am",0,50,50,0
"072","7am",NA,NA,NA,NA
"073","7am",0,100,0,0
"074","7am",12.187209,29.334076,12.187209,46.291506
"075","7am",4.666999,21.692306,40.574484,33.066212
"076","7am",2.577067,15.786452,25.797541,55.838941
"077","7am",7.450443,18.044802,22.667805,51.83695
"078","7am",19.529354,40.447793,22.502798,17.520056
"079","7am",13.877629,37.149225,30.12391,18.849236
"080","7am",0,9.024091,9.024091,81.951818
"081","7am",49.143695,50.856305,0,0
"082","7am",20.19904,51.011732,23.43956,5.349668
"083","7am",4.488124,44.06199,24.592164,26.857722
"084","7am",16.84034,35.235213,21.017649,26.906798
"085","7am",11.845077,36.500406,22.495117,29.1594
"086","7am",7.635223,40.793446,31.743598,19.827733
"087","7am",16.473636,51.054097,14.527651,17.944617
"088","7am",6.868901,31.068274,29.99971,32.063116
"089","7am",5.9171,54.158141,23.471786,16.452973
"090","7am",14.368424,37.407057,25.221486,23.003032
"091","7am",22.779034,43.635705,9.842578,23.742683
"092","7am",13.610752,36.49685,26.120991,23.771407
"093","7am",8.114512,59.482202,18.811652,13.591634
"094","7am",15.103915,57.939477,17.158043,9.798565
"095","7am",7.364634,29.73098,32.16044,30.743946
"096","7am",17.303907,47.878875,17.128861,17.688358
"097","7am",16.4197,43.669624,21.94923,17.961446
"098","7am",11.429397,37.113767,24.938954,26.517882
"099","7am",12.371431,26.2635,19.316343,42.048726
"100","7am",9.590155,41.677592,24.479047,24.253205
"101","7am",0,0,63.989919,36.010081
"102","7am",0,0,100,0
"103","7am",0,0,100,0
"104","7am",3.88047,42.788989,25.222093,28.108448
"001","8am",8.362623,38.829828,18.953954,33.8535943
"002","8am",4.47165,33.175675,27.983918,34.3687576
"003","8am",18.349813,29.013618,22.020591,30.6159779
"004","8am",10.930875,34.180461,27.351373,27.5372904
"005","8am",15.59817,34.283837,17.203611,32.9143818
"006","8am",11.569996,33.358397,25.88894,29.1826671
"007","8am",10.565077,37.357525,17.53205,34.5453484
"008","8am",11.402607,41.097053,17.656517,29.8438234
"009","8am",20.066596,32.161465,23.19193,24.5800087
"010","8am",12.601337,30.156617,26.694888,30.547158
"011","8am",7.183983,48.048822,15.809903,28.9572925
"012","8am",15.828511,47.530115,17.895374,18.7459996
"013","8am",12.015695,49.513169,19.773344,18.6977924
"014","8am",16.959152,50.46149,16.418294,16.1610639
"015","8am",12.271277,32.630317,16.790084,38.3083218
"016","8am",10.054299,25.784818,20.943847,43.2170363
"017","8am",18.385273,34.792514,25.903876,20.9183364
"018","8am",18.010353,49.447787,10.422307,22.1195535
"019","8am",30.003826,15.479826,16.041844,38.4745041
"020","8am",14.771392,44.439502,18.073802,22.7153044
"021","8am",6.901315,27.060282,25.052935,40.9854668
"022","8am",9.498502,37.041503,28.271225,25.1887704
"023","8am",20.173739,51.515376,19.689702,8.6211832
"024","8am",13.775577,25.476959,17.75597,42.9914931
"025","8am",14.216501,33.152454,33.766474,18.8645715
"026","8am",26.099923,35.039533,8.723203,30.1373411
"027","8am",9.145364,29.727585,23.66802,37.4590305
"028","8am",10.214434,38.948612,18.492284,32.3446703
"029","8am",7.695884,29.228058,31.633957,31.442101
"030","8am",19.673125,39.589918,16.279884,24.4570717
"031","8am",15.33275,43.807785,18.239234,22.6202308
"032","8am",27.180868,31.996229,20.509868,20.3130354
"033","8am",25.48845,45.739527,20.845263,7.9267595
"034","8am",26.888783,41.992589,9.748379,21.3702488
"035","8am",9.321276,30.85886,31.091834,28.7280304
"036","8am",17.985388,44.894541,21.322898,15.7971725
"037","8am",19.106604,33.445026,29.052548,18.395823
"038","8am",8.972814,34.115455,26.805499,30.1062319
"039","8am",9.770115,43.194336,10.807058,36.2284908
"040","8am",23.002701,39.951386,20.420927,16.6249856
"041","8am",12.73427,50.006592,24.163242,13.0958963
"042","8am",24.008594,64.77346,10.248035,0.9699099
"043","8am",16.364177,54.456244,18.302613,10.8769668
"044","8am",12.309167,56.188289,18.731428,12.7711156
"045","8am",9.970612,32.951185,26.756865,30.3213383
"046","8am",16.853903,51.988261,14.30103,16.856806
"047","8am",10.025181,44.543909,23.587718,21.8431928
"048","8am",14.140148,33.202409,20.801164,31.8562801
"049","8am",18.111829,46.955339,12.712674,22.2201578
"050","8am",39.107982,38.454687,10.546316,11.8910145
"051","8am",22.41817,45.94449,16.127786,15.509555
"052","8am",27.538597,36.997571,18.613021,16.8508115
"053","8am",8.11176,60.009639,19.7895,12.0891008
"054","8am",12.635878,52.409061,23.697907,11.257155
"055","8am",11.154397,50.853283,23.152348,14.8399712
"056","8am",14.694237,29.212326,14.448334,41.6451019
"057","8am",23.080408,43.175265,9.274191,24.4701353
"058","8am",5.248909,30.506013,22.622118,41.6229597
"059","8am",18.435656,48.834424,18.015917,14.7140022
"060","8am",31.677982,43.457871,12.110168,12.7539786
"061","8am",7.606177,43.827444,19.780955,28.7854247
"062","8am",5.809628,34.455775,27.978407,31.7561902
"063","8am",5.92782,48.815214,18.850502,26.4064641
"064","8am",12.077227,35.12439,30.946225,21.8521589
"065","8am",14.646467,40.220594,28.83496,16.2979792
"066","8am",9.956996,32.764414,24.817466,32.4611241
"067","8am",15.964727,35.685814,11.600743,36.7487148
"068","8am",6.331753,52.83121,14.951328,25.885709
"069","8am",0,72.234531,27.765469,0
"070","8am",0,0,0,100
"071","8am",0,50,50,0
"072","8am",NA,NA,NA,NA
"073","8am",0,100,0,0
"074","8am",14.715475,32.265577,10.736334,42.2826141
"075","8am",5.459603,25.305016,37.542514,31.6928677
"076","8am",1.154779,10.284879,24.391922,64.1684211
"077","8am",6.695566,18.454585,27.027466,47.8223832
"078","8am",20.456446,41.233105,21.477752,16.832697
"079","8am",14.458655,39.288822,24.785829,21.4666935
"080","8am",0,8.281719,8.281719,83.4365627
"081","8am",30.771984,69.228016,0,0
"082","8am",21.067648,52.084657,21.267978,5.5797171
"083","8am",4.743899,45.596111,23.429833,26.2301572
"084","8am",23.224039,31.379293,27.229734,18.1669342
"085","8am",13.828518,36.897494,24.279328,24.9946592
"086","8am",7.995716,46.178031,24.428209,21.3980438
"087","8am",14.11866,42.93896,20.43817,22.5042103
"088","8am",5.750272,41.038495,24.419912,28.7913207
"089","8am",5.413985,51.829415,24.547739,18.2088608
"090","8am",15.154082,37.481856,26.261038,21.1030236
"091","8am",32.258201,38.36384,11.712069,17.6658904
"092","8am",14.783051,34.385196,23.397528,27.4342247
"093","8am",8.996987,58.753204,15.339192,16.9106165
"094","8am",13.955013,56.53761,18.563189,10.9441874
"095","8am",6.300598,38.091768,35.696366,19.9112674
"096","8am",13.737943,46.937497,22.104268,17.2202915
"097","8am",16.615336,40.911496,20.055746,22.4174215
"098","8am",8.369046,31.919165,29.084758,30.6270306
"099","8am",15.500721,26.996928,18.816409,38.6859414
"100","8am",6.937967,46.874705,22.365027,23.8223012
"101","8am",0,0,43.941856,56.0581442
"102","8am",0,0,100,0
"103","8am",0,0,100,0
"104","8am",4.166196,43.768648,24.130323,27.934833
"001","9am",9.6461735,34.923705,25.486888,29.943233
"002","9am",4.6637396,29.6667,30.199789,35.469771
"003","9am",14.9411896,32.544081,21.100009,31.414721
"004","9am",9.6126412,31.001544,27.670519,31.715297
"005","9am",14.8049759,35.832464,17.313742,32.048817
"006","9am",9.8676832,33.01899,29.058133,28.055194
"007","9am",9.5333737,35.064134,20.987813,34.414679
"008","9am",11.8748736,43.924646,15.588234,28.612247
"009","9am",20.1950828,30.669341,26.823923,22.311653
"010","9am",10.7842849,35.228362,23.736151,30.251202
"011","9am",8.1468937,48.978331,15.494133,27.380643
"012","9am",16.6511712,50.588679,15.556257,17.203893
"013","9am",11.8030666,48.458357,20.741565,18.997011
"014","9am",16.9794597,48.086945,19.072148,15.861447
"015","9am",11.9108621,32.849224,18.365768,36.874146
"016","9am",14.0443323,28.624198,15.980963,41.350506
"017","9am",16.4057984,38.317434,26.766134,18.510633
"018","9am",17.0428457,48.440312,9.984172,24.532671
"019","9am",31.0833456,18.242835,14.787914,35.885905
"020","9am",18.2112744,38.811261,18.024253,24.953211
"021","9am",8.843848,29.236557,21.131587,40.788008
"022","9am",8.9506573,34.478644,26.941023,29.629675
"023","9am",20.506007,47.883376,19.534683,12.075934
"024","9am",12.5584071,27.428419,16.43076,43.582414
"025","9am",15.2630837,35.134213,33.204145,16.398558
"026","9am",26.5473478,30.718001,9.640386,33.094265
"027","9am",10.9363152,27.755124,22.358752,38.949809
"028","9am",11.9388913,42.103409,17.837146,28.120554
"029","9am",9.6807334,29.08634,31.398867,29.83406
"030","9am",15.2062498,38.148794,21.045175,25.599781
"031","9am",15.8592373,35.553463,22.317431,26.269869
"032","9am",31.1380341,39.67297,14.494196,14.6948
"033","9am",28.4942946,46.591947,17.878377,7.035381
"034","9am",29.1859052,43.257334,6.220347,21.336414
"035","9am",8.241365,30.94266,34.00691,26.809064
"036","9am",18.2157071,40.014481,23.729276,18.040536
"037","9am",21.0089844,32.620593,30.166562,16.20386
"038","9am",8.295168,34.429718,26.870052,30.405062
"039","9am",9.1646318,39.51485,14.340068,36.98045
"040","9am",21.6497888,39.360564,22.444945,16.544702
"041","9am",14.2939982,43.917969,25.56366,16.224373
"042","9am",24.6939208,64.856081,9.027061,1.422937
"043","9am",13.665599,59.580205,15.042209,11.711987
"044","9am",11.1118955,59.982777,15.259386,13.645941
"045","9am",11.6277815,30.303538,22.8008,35.267881
"046","9am",14.5755469,49.250141,13.406558,22.767755
"047","9am",10.9924538,40.770034,21.337474,26.900039
"048","9am",15.8447474,33.263259,19.228118,31.663876
"049","9am",18.5883741,52.938022,12.202765,16.270839
"050","9am",41.2179886,39.650429,9.500931,9.630652
"051","9am",21.2760921,43.901125,16.80336,18.019423
"052","9am",30.558345,33.614633,17.419915,18.407108
"053","9am",8.1943667,61.218459,19.788096,10.799079
"054","9am",16.0186349,50.614285,21.987189,11.37989
"055","9am",11.0413845,50.968722,21.698188,16.291705
"056","9am",14.3665217,29.817809,14.817208,40.998461
"057","9am",23.5515847,40.299862,10.205056,25.943497
"058","9am",7.07147,26.786063,22.296837,43.84563
"059","9am",15.7396542,50.694119,19.768948,13.797279
"060","9am",29.8874919,50.785315,9.201204,10.125989
"061","9am",3.8902513,47.32971,19.659615,29.120424
"062","9am",6.9225848,40.82081,22.442539,29.814066
"063","9am",7.3931344,48.914106,16.89592,26.796839
"064","9am",14.4212616,34.454704,30.481937,20.642098
"065","9am",17.3506821,35.811394,31.050364,15.78756
"066","9am",10.1731066,34.402747,23.730085,31.694062
"067","9am",15.1598096,29.63667,9.390258,45.813263
"068","9am",6.3542313,48.28821,18.738354,26.619205
"069","9am",0,72.234531,27.765469,0
"070","9am",0,34.732896,0,65.267104
"071","9am",0,20.510011,20.510011,58.979979
"072","9am",0,100,0,0
"073","9am",0,100,0,0
"074","9am",16.6445515,34.711638,9.426693,39.217117
"075","9am",3.81686,29.556529,35.236059,31.390552
"076","9am",0.9852637,9.577222,22.054101,67.383413
"077","9am",5.4082101,20.272457,26.314683,48.00465
"078","9am",17.3294821,38.920211,20.926366,22.823941
"079","9am",18.7995732,37.606501,25.286665,18.307261
"080","9am",0,8.281719,8.281719,83.436563
"081","9am",30.7719844,69.228016,0,0
"082","9am",22.6759259,51.378951,19.939458,6.005666
"083","9am",3.9674699,43.807246,23.281128,28.944156
"084","9am",25.737027,28.310079,33.296914,12.65598
"085","9am",14.1085668,37.136903,23.832313,24.922217
"086","9am",7.2230945,47.782041,27.389183,17.605681
"087","9am",12.8312635,43.535931,21.780475,21.85233
"088","9am",4.9048407,38.136369,27.755319,29.203472
"089","9am",5.0972157,48.744975,25.200501,20.957309
"090","9am",15.6185031,41.805558,25.629898,16.946041
"091","9am",28.7297717,39.826406,12.469265,18.974557
"092","9am",15.9827464,30.15657,24.583448,29.277235
"093","9am",7.4900973,59.992869,15.357757,17.159276
"094","9am",15.4254782,59.465757,15.206032,9.902733
"095","9am",6.9862907,40.194374,30.741131,22.078205
"096","9am",13.5478011,44.896948,23.078845,18.476406
"097","9am",17.5430711,39.314594,18.479699,24.662636
"098","9am",8.0312822,32.360852,26.767875,32.839991
"099","9am",13.6809237,26.046902,21.344584,38.92759
"100","9am",7.3347618,43.964108,29.59091,19.11022
"101","9am",0,33.737996,29.116754,37.14525
"102","9am",0,47.170208,52.829792,0
"103","9am",0,30.157548,69.842452,0
"104","9am",4.5698879,45.738345,22.448991,27.242776
"001","10am",10.0632659,40.611763,23.309007,26.015964
"002","10am",7.1894967,30.964984,30.246145,31.599375
"003","10am",15.579416,30.483013,19.833346,34.104225
"004","10am",11.4473861,27.654166,27.967119,32.931329
"005","10am",10.045924,36.341154,15.414535,38.198387
"006","10am",7.6289846,35.355741,29.621909,27.393365
"007","10am",9.7748764,36.4188,21.337697,32.468627
"008","10am",11.4731832,44.142342,17.300405,27.084071
"009","10am",21.5362966,32.715445,20.303936,25.444323
"010","10am",10.7297424,37.115483,24.018026,28.136749
"011","10am",8.8615539,48.891665,15.585054,26.661727
"012","10am",16.0693721,50.503376,15.491375,17.935876
"013","10am",15.6059327,49.370743,19.996502,15.026822
"014","10am",11.8454131,49.484136,20.257012,18.413438
"015","10am",11.2991394,35.475229,16.180596,37.045036
"016","10am",13.5459194,30.737444,13.501095,42.215541
"017","10am",18.6559979,38.364277,24.774664,18.205061
"018","10am",17.574543,49.797785,10.810688,21.816984
"019","10am",29.4611565,19.688968,13.919671,36.930205
"020","10am",18.712755,39.492455,17.648381,24.146409
"021","10am",11.1421972,27.540705,22.49279,38.824308
"022","10am",7.2317635,37.900016,25.439996,29.428224
"023","10am",19.615905,48.538346,20.019834,11.825915
"024","10am",12.3551867,28.817691,17.494468,41.332655
"025","10am",18.5125997,28.627144,32.496805,20.363451
"026","10am",30.2197293,36.741196,4.555811,28.483264
"027","10am",14.1700815,23.871254,22.942116,39.016549
"028","10am",11.7991745,42.43684,17.594764,28.169222
"029","10am",8.4133471,28.186157,32.577877,30.822619
"030","10am",17.7069131,37.057243,19.465125,25.770719
"031","10am",15.1206334,36.894303,23.008545,24.976518
"032","10am",21.5554998,36.963216,20.593441,20.887843
"033","10am",34.593083,39.829344,20.523133,5.054439
"034","10am",27.9550301,42.161715,3.896074,25.987181
"035","10am",8.4434475,30.876267,34.124316,26.55597
"036","10am",15.5257632,38.872053,25.273071,20.329113
"037","10am",20.4280147,36.975291,24.982601,17.614093
"038","10am",8.8754334,34.564386,32.206629,24.353552
"039","10am",9.5647412,41.165535,14.401164,34.86856
"040","10am",19.8558108,43.595524,20.443086,16.10558
"041","10am",14.2632449,44.321729,22.507407,18.907619
"042","10am",24.3157147,57.691281,12.046342,5.946663
"043","10am",10.9580002,60.555364,15.270359,13.216276
"044","10am",11.8234661,65.996998,14.467556,7.71198
"045","10am",12.1981716,30.582943,21.511697,35.707189
"046","10am",14.649427,51.079984,10.028022,24.242567
"047","10am",12.5292813,43.736748,17.464939,26.269032
"048","10am",13.1637841,30.078191,22.622994,34.135031
"049","10am",21.4673489,48.30424,14.376773,15.851638
"050","10am",44.9811068,34.066827,9.743266,11.2088
"051","10am",22.8004458,39.819185,18.921639,18.45873
"052","10am",30.1900598,35.754709,15.174066,18.881165
"053","10am",7.9512564,64.67777,18.875242,8.495731
"054","10am",13.5862468,52.803157,23.385915,10.224682
"055","10am",10.7542148,50.614667,22.729356,15.901763
"056","10am",15.4439953,31.112115,15.185545,38.258345
"057","10am",24.0978973,37.047989,13.361047,25.493067
"058","10am",7.8542639,24.530019,21.617874,45.997843
"059","10am",14.9031017,52.525412,18.662377,13.909109
"060","10am",33.5630012,46.382919,9.036578,11.017502
"061","10am",8.7687849,43.790753,19.114988,28.325474
"062","10am",8.2442086,36.955506,27.41608,27.384205
"063","10am",6.6823929,59.47446,6.436605,27.406542
"064","10am",16.1947641,38.426291,26.352855,19.02609
"065","10am",16.9100179,37.241463,27.449088,18.39943
"066","10am",10.7098777,32.169669,24.503322,32.617132
"067","10am",8.6954893,29.330587,19.037118,42.936806
"068","10am",4.8186225,49.286713,23.17047,22.724194
"069","10am",0,56.155401,43.844599,0
"070","10am",0,66.579549,0,33.420451
"071","10am",0,51.459269,20.69378,27.846951
"072","10am",0,100,0,0
"073","10am",0,100,0,0
"074","10am",16.9718734,37.225349,9.612073,36.190705
"075","10am",3.8377786,29.718516,30.1693,36.274405
"076","10am",0.9656258,10.097041,23.8245,65.112833
"077","10am",5.5384796,18.916377,26.05196,49.493183
"078","10am",17.8794423,34.437438,21.684701,25.998419
"079","10am",15.0631765,41.300496,22.591825,21.044503
"080","10am",0,8.281719,8.281719,83.436563
"081","10am",17.2690588,34.477412,48.253529,0
"082","10am",23.1071593,51.477906,18.978294,6.436641
"083","10am",5.0972991,42.797379,22.203866,29.901456
"084","10am",22.3192512,34.989939,31.171052,11.519758
"085","10am",14.6993067,38.626017,23.10485,23.569827
"086","10am",13.4702905,38.817451,25.723899,21.98836
"087","10am",10.5584113,43.811394,24.873302,20.756892
"088","10am",3.6567789,35.772801,28.220861,32.349559
"089","10am",8.1636815,47.313255,26.72059,17.802473
"090","10am",14.5304594,39.941607,26.456521,19.071412
"091","10am",31.6686425,40.583652,10.601893,17.145812
"092","10am",14.3432991,35.114978,24.42031,26.121413
"093","10am",14.6759854,50.139842,20.006379,15.177793
"094","10am",15.1000569,56.411709,18.464507,10.023727
"095","10am",6.3532152,40.78179,27.955467,24.909528
"096","10am",11.1058826,47.25766,22.70678,18.929677
"097","10am",16.895949,45.348646,13.811801,23.943605
"098","10am",9.2859538,30.234806,30.162567,30.316672
"099","10am",18.3494128,31.690768,18.027244,31.932576
"100","10am",5.3795307,40.741372,30.382897,23.4962
"101","10am",0,33.737996,29.116754,37.14525
"102","10am",0,47.170208,52.829792,0
"103","10am",NA,NA,NA,NA
"104","10am",4.1345965,44.648101,23.902033,27.315269
"001","11am",9.434194,38.347605,22.741408,29.476793
"002","11am",4.791611,31.31343,32.393953,31.501006
"003","11am",15.503468,29.831187,22.605306,32.060039
"004","11am",10.874646,30.825154,26.522575,31.777625
"005","11am",10.917583,35.224245,16.668825,37.189347
"006","11am",6.889289,33.314079,30.551713,29.244918
"007","11am",11.856657,36.774421,18.728416,32.640507
"008","11am",11.781736,43.558425,16.706472,27.953368
"009","11am",21.854984,30.612913,25.457253,22.07485
"010","11am",12.396741,32.118946,28.833097,26.651216
"011","11am",10.08313,51.273447,13.140062,25.503361
"012","11am",15.139515,48.531618,17.259679,19.069188
"013","11am",14.328908,48.264447,19.949351,17.457295
"014","11am",11.781187,50.866183,20.096726,17.255903
"015","11am",12.467989,32.774539,15.109603,39.647868
"016","11am",10.746105,32.387161,17.189843,39.676891
"017","11am",14.441692,41.910303,21.474426,22.173579
"018","11am",15.912785,48.11937,10.782644,25.185202
"019","11am",36.168752,17.006903,15.199627,31.624718
"020","11am",16.345725,44.54067,18.134899,20.978707
"021","11am",12.11556,29.928364,16.359513,41.596563
"022","11am",8.603122,41.498481,23.085547,26.812849
"023","11am",21.768997,47.624528,20.371257,10.235218
"024","11am",16.011828,25.313093,17.220548,41.454531
"025","11am",15.486282,29.877846,33.102797,21.533075
"026","11am",30.799265,37.750255,7.817616,23.632863
"027","11am",12.811604,25.241964,22.651615,39.294817
"028","11am",12.957955,40.281588,15.09311,31.667347
"029","11am",9.013758,27.746577,33.346857,29.892808
"030","11am",17.406842,31.394858,22.379755,28.818544
"031","11am",13.260101,35.768435,25.456388,25.515076
"032","11am",26.374221,35.646662,19.682716,18.296401
"033","11am",29.126231,38.490545,27.44227,4.940954
"034","11am",30.57957,42.567456,8.465676,18.387298
"035","11am",9.539976,30.558782,31.855696,28.045547
"036","11am",19.309383,41.407978,25.479905,13.802734
"037","11am",18.607529,33.652899,27.871713,19.867859
"038","11am",8.18344,35.916337,25.928221,29.972002
"039","11am",9.289037,41.038066,13.050945,36.621952
"040","11am",19.351736,41.965831,21.018637,17.663796
"041","11am",10.794883,44.93944,23.552221,20.713455
"042","11am",24.611311,65.343557,8.677323,1.367808
"043","11am",15.529814,59.006231,13.650041,11.813914
"044","11am",9.459244,71.202235,8.799537,10.538985
"045","11am",12.264785,35.27031,16.147798,36.317107
"046","11am",16.802251,52.971284,9.525215,20.70125
"047","11am",9.82042,47.226496,20.280506,22.672578
"048","11am",13.47925,33.820109,22.066702,30.633939
"049","11am",19.440939,45.094076,13.990143,21.474843
"050","11am",41.423063,36.988232,10.242545,11.346159
"051","11am",20.06365,47.31116,18.292209,14.33298
"052","11am",32.428595,36.0568,14.173945,17.340661
"053","11am",6.934089,65.067697,19.947581,8.050632
"054","11am",15.012488,51.76958,21.040143,12.177789
"055","11am",10.686258,48.448374,24.905319,15.96005
"056","11am",14.382487,30.530726,13.251058,41.835728
"057","11am",22.865378,42.855873,13.918995,20.359754
"058","11am",6.75427,27.441745,21.563712,44.240273
"059","11am",16.048631,50.683284,18.696308,14.571777
"060","11am",36.03795,42.303529,10.590134,11.068387
"061","11am",10.56808,42.339606,17.51073,29.581584
"062","11am",7.930442,30.538292,35.638787,25.892479
"063","11am",6.470971,54.159954,12.020309,27.348766
"064","11am",16.921207,39.551437,22.278491,21.248865
"065","11am",15.892467,40.693809,25.337888,18.075835
"066","11am",9.405806,36.474349,24.088969,30.030876
"067","11am",9.117532,35.875917,25.403818,29.602733
"068","11am",6.518307,48.484789,19.72185,25.275053
"069","11am",0,30.390874,69.609126,0
"070","11am",0,57.090159,0,42.909841
"071","11am",0,51.459269,20.69378,27.846951
"072","11am",0,100,0,0
"073","11am",0,100,0,0
"074","11am",16.973966,34.013191,10.998687,38.014156
"075","11am",3.476434,27.677691,36.30298,32.542895
"076","11am",1.548012,10.949669,22.262868,65.239451
"077","11am",5.734056,19.09654,25.80971,49.359694
"078","11am",17.586862,37.085612,19.53859,25.788936
"079","11am",13.288266,43.408872,23.731309,19.571553
"080","11am",0,8.281719,8.281719,83.436563
"081","11am",17.269059,34.477412,48.253529,0
"082","11am",23.896951,53.04795,18.661067,4.394033
"083","11am",5.072725,42.987806,23.324176,28.615293
