"district","hour","cs1","cs2","cs3","cs4","cs5"
"001","4am",5.775129,17.792571,32.74763,29.702287,13.982381
"002","4am",8.082557,12.656261,30.95903,31.793885,16.508265
"003","4am",12.609611,7.173731,38.08981,29.198135,12.928717
"004","4am",6.916394,14.647689,27.21038,34.988137,16.237397
"005","4am",5.075922,17.161133,31.18309,29.92782,16.65203
"006","4am",6.167433,11.696749,33.54888,32.964923,15.622012
"007","4am",9.533656,13.135998,31.42229,28.438852,17.469206
"008","4am",11.375649,9.764578,28.41919,31.431445,19.009141
"009","4am",10.667216,22.300704,30.21465,22.328051,14.489381
"010","4am",8.104954,5.561929,33.79198,30.377165,22.16397
"011","4am",5.239565,11.939119,26.57092,28.868116,27.382281
"012","4am",8.542877,16.933269,33.50042,31.329797,9.693636
"013","4am",6.018482,19.078907,30.14128,31.389305,13.372027
"014","4am",9.927387,24.738082,34.23747,27.180852,3.916205
"015","4am",4.535745,17.322713,28.8572,38.288114,10.996232
"016","4am",7.424222,8.383404,22.31747,37.41302,24.461883
"017","4am",4.567018,16.764619,31.65665,28.101025,18.910684
"018","4am",6.673006,9.296342,29.98711,30.369139,23.674404
"019","4am",6.487173,8.681722,26.69751,42.144191,15.989409
"020","4am",8.422045,28.24082,34.23689,19.612072,9.488171
"021","4am",10.065624,12.506255,23.62473,29.380312,24.423078
"022","4am",7.998495,21.511557,38.37725,23.669134,8.443567
"023","4am",13.591147,25.070039,46.3869,8.831055,6.120862
"024","4am",10.003928,4.03962,24.44621,36.211969,25.298271
"025","4am",7.719369,12.229662,29.4063,25.76592,24.878747
"026","4am",3.50983,14.997905,26.23009,36.353751,18.908426
"027","4am",6.753567,11.509875,26.52471,29.885942,25.325908
"028","4am",8.568165,3.808404,34.48122,30.660763,22.481448
"029","4am",4.287327,11.225347,28.67128,28.779966,27.036083
"030","4am",11.390857,21.556673,30.89758,23.552781,12.602108
"031","4am",11.15332,36.614109,28.20416,16.451963,7.576449
"032","4am",1.939013,11.108178,43.24799,27.139724,16.565099
"033","4am",15.194974,11.702659,30.35432,29.950831,12.797212
"034","4am",2.665489,9.537894,39.53575,30.246402,18.014466
"035","4am",5.405083,9.350758,34.05529,27.548071,23.640795
"036","4am",8.049272,14.890315,38.8123,23.227468,15.020646
"037","4am",5.599236,13.315716,37.10499,26.534324,17.445734
"038","4am",3.871341,17.950422,36.81227,20.142666,21.223302
"039","4am",6.654951,9.812582,38.06333,32.648057,12.82108
"040","4am",3.941112,12.87132,43.86158,23.681541,15.644447
"041","4am",8.812403,17.554803,40.83414,23.120307,9.678342
"042","4am",13.648815,13.352669,46.05802,17.571336,9.369156
"043","4am",5.71993,14.361384,42.26481,25.505695,12.148182
"044","4am",9.747078,12.296677,27.61331,30.780037,19.5629
"045","4am",8.134155,8.589673,25.12686,40.983188,17.166128
"046","4am",8.597858,10.691334,25.33743,38.317941,17.055441
"047","4am",4.441562,9.960895,36.8388,31.91092,16.84782
"048","4am",8.317005,11.341475,32.58085,28.850724,18.90995
"049","4am",9.531487,16.679534,32.09325,23.750482,17.945248
"050","4am",5.243185,21.6142,47.95958,18.372104,6.810933
"051","4am",4.660051,11.356744,37.84564,25.525898,20.611666
"052","4am",6.011482,10.995581,43.62613,29.282011,10.084797
"053","4am",4.949711,24.143739,38.40554,19.66088,12.840132
"054","4am",7.007235,25.479761,26.41518,30.630566,10.467255
"055","4am",11.33569,25.698575,22.2357,29.161298,11.568738
"056","4am",2.20128,5.264195,21.58443,39.132768,31.817324
"057","4am",12.875116,5.474644,28.65236,35.703946,17.29393
"058","4am",7.288814,10.614193,19.42174,38.785966,23.889288
"059","4am",11.469902,12.208798,39.73571,27.111638,9.473955
"060","4am",8.739674,11.662549,47.56663,18.558198,13.472949
"061","4am",7.624255,13.107799,36.23703,20.223899,22.807014
"062","4am",5.011375,15.101246,31.39132,21.643336,26.852723
"063","4am",1.3162,14.906652,44.15635,17.752449,21.868345
"064","4am",2.530904,11.731264,26.23656,29.696623,29.804646
"065","4am",5.81973,13.162389,34.87513,27.370484,18.772262
"066","4am",8.375602,12.821283,31.96058,21.250775,25.591759
"067","4am",5.89321,3.577375,23.05372,29.920829,37.554863
"068","4am",5.506861,12.457025,39.20104,21.259121,21.575958
"069","4am",0,0,75.30015,24.699851,0
"070","4am",NA,NA,NA,NA,NA
"071","4am",0,0,0,100,0
"072","4am",NA,NA,NA,NA,NA
"073","4am",NA,NA,NA,NA,NA
"074","4am",4.213879,10.674772,17.63288,36.889045,30.589425
"075","4am",6.118516,4.569589,22.78182,34.6661,31.863974
"076","4am",4.921224,5.21045,26.30294,25.63627,37.929115
"077","4am",7.262399,5.743671,24.34229,25.170335,37.481305
"078","4am",6.482242,20.859668,23.24643,29.737504,19.674157
"079","4am",7.517075,18.676867,27.79176,24.060474,21.953826
"080","4am",0,10.681468,10.68147,18.729745,59.90732
"081","4am",0,100,0,0,0
"082","4am",6.045362,16.503152,34.26637,34.345406,8.839707
"083","4am",5.161267,12.238615,32.21018,35.827899,14.56204
"084","4am",6.182394,17.706037,26.48947,35.067898,14.554199
"085","4am",5.809952,18.449521,31.21035,25.593187,18.93699
"086","4am",8.651603,12.83828,22.281,40.068712,16.160409
"087","4am",7.063898,27.717392,33.03001,24.224861,7.963841
"088","4am",3.365527,15.418246,31.13523,25.702987,24.378007
"089","4am",4.382005,22.506628,35.96008,24.572154,12.579136
"090","4am",5.444505,10.983722,41.15188,24.036153,18.383744
"091","4am",5.584276,14.214967,35.50768,23.978501,20.714581
"092","4am",6.3542,10.800284,33.28126,30.639508,18.92475
"093","4am",5.410081,12.634361,39.33497,32.380388,10.240196
"094","4am",6.584128,16.20359,34.58802,32.045493,10.578768
"095","4am",6.043056,13.184283,28.26301,37.720417,14.789237
"096","4am",10.05003,16.089395,47.99533,18.706025,7.159224
"097","4am",2.648935,13.533002,38.08121,25.686105,20.050748
"098","4am",7.273095,6.397494,40.47951,29.557936,16.291963
"099","4am",3.762295,2.031069,36.51331,22.117553,35.575777
"100","4am",7.615415,7.601528,37.49517,23.917725,23.370159
"101","4am",NA,NA,NA,NA,NA
"102","4am",NA,NA,NA,NA,NA
"103","4am",0,0,0,100,0
"104","4am",8.295471,8.445801,36.23802,26.419962,20.600743
"001","5am",5.920035,17.38995,32.68345,29.673349,14.33322
"002","5am",7.831079,12.401244,31.10137,31.794088,16.872218
"003","5am",12.491528,7.106553,38.33241,29.261867,12.807646
"004","5am",6.816297,14.435703,27.38494,35.360658,16.002405
"005","5am",5.109246,17.561749,30.77231,29.795344,16.761351
"006","5am",6.097922,11.564918,34.91714,32.593384,14.826633
"007","5am",9.433185,12.997564,32.64582,27.638329,17.285105
"008","5am",11.44688,9.199549,28.59714,31.628259,19.128171
"009","5am",10.682937,22.186195,30.25918,22.360957,14.510735
"010","5am",8.168146,5.605294,33.27578,30.614007,22.336776
"011","5am",5.325125,11.515454,26.38618,28.943811,27.829425
"012","5am",8.612255,16.258667,33.77249,31.584232,9.77236
"013","5am",6.132556,19.440529,29.40804,31.393392,13.625481
"014","5am",9.18319,29.704221,32.34669,25.143267,3.622631
"015","5am",4.565559,17.436575,29.04687,37.882482,11.06851
"016","5am",7.347639,8.296927,23.11879,37.027094,24.209552
"017","5am",4.569945,17.59363,30.79459,28.119035,18.922804
"018","5am",6.637676,9.776571,29.82834,30.20835,23.549061
"019","5am",6.510989,8.346462,26.79552,42.298917,16.048111
"020","5am",8.391236,27.251644,35.21201,19.691643,9.453462
"021","5am",10.135377,11.899943,23.78845,29.583911,24.592324
"022","5am",7.897606,21.240221,36.56641,25.958702,8.337065
"023","5am",14.293852,22.560885,47.42029,9.287648,6.43733
"024","5am",10.243072,4.136187,23.43639,36.913844,25.27051
"025","5am",7.880853,10.974573,30.02146,26.304928,24.818183
"026","5am",3.532274,15.093812,26.39782,36.586222,18.389872
"027","5am",6.623391,11.288021,26.01344,29.766637,26.308509
"028","5am",8.628286,3.133456,34.72316,30.8759,22.639193
"029","5am",4.287327,11.225347,28.67128,28.779966,27.036083
"030","5am",11.405051,22.335596,30.93608,22.70546,12.617811
"031","5am",11.316738,35.211291,29.53051,16.254003,7.68746
"032","5am",1.939013,11.108178,43.24799,27.139724,16.565099
"033","5am",15.448047,11.897567,29.81238,30.449664,12.392344
"034","5am",2.690575,9.627659,39.90784,29.589923,18.184007
"035","5am",5.316169,11.588094,33.91062,25.933214,23.251903
"036","5am",8.013916,14.888944,39.01703,23.125442,14.954668
"037","5am",5.865651,13.309009,36.44113,26.108398,18.275813
"038","5am",3.819257,17.368915,38.00239,19.871671,20.937769
"039","5am",6.654951,9.812582,38.06333,32.648057,12.82108
"040","5am",3.971036,12.969047,45.17647,23.144021,14.739425
"041","5am",8.930643,17.253767,41.38203,22.625359,9.8082
"042","5am",13.748961,12.716907,46.39597,17.700263,9.437901
"043","5am",5.843648,13.941158,41.74689,26.057364,12.410938
"044","5am",9.836677,11.490476,27.86714,31.062978,19.742729
"045","5am",8.134155,8.589673,25.12686,40.983188,17.166128
"046","5am",8.710275,10.32117,25.66871,38.021402,17.278441
"047","5am",4.490332,10.070271,36.14526,32.261317,17.032818
"048","5am",8.240983,11.237807,33.19709,28.587013,18.737103
"049","5am",9.47779,16.006772,33.05461,23.61668,17.844151
"050","5am",5.327335,21.158625,47.92683,18.666965,6.920245
"051","5am",4.630212,11.284025,37.60331,26.002766,20.479686
"052","5am",5.909004,10.808138,44.37408,28.064626,10.84415
"053","5am",5.292032,21.86229,39.97532,20.228542,12.641815
"054","5am",7.055336,24.96822,26.59651,30.840828,10.539107
"055","5am",10.820152,28.002014,21.02744,29.107793,11.042601
"056","5am",2.20128,5.264195,21.58443,39.132768,31.817324
"057","5am",12.878339,5.476014,29.12042,35.226969,17.298258
"058","5am",7.279076,11.152777,19.39579,38.314982,23.857372
"059","5am",11.581566,12.327655,40.12255,27.375579,8.592652
"060","5am",8.844703,12.519949,46.83584,18.164646,13.634861
"061","5am",7.643717,13.141258,36.15684,20.192952,22.865232
"062","5am",4.612132,22.262531,26.79244,21.619455,24.713439
"063","5am",1.368725,14.365536,44.15546,18.460894,21.649389
"064","5am",2.564464,11.140767,26.58447,30.090406,29.619898
"065","5am",5.924843,13.40012,34.33813,27.225587,19.111315
"066","5am",8.290303,13.188866,31.36127,21.034354,26.125206
"067","5am",5.833825,3.541326,22.82141,29.923871,37.879566
"068","5am",5.437077,12.299167,40.01429,21.045735,21.203729
"069","5am",0,0,75.30015,24.699851,0
"070","5am",NA,NA,NA,NA,NA
"071","5am",0,0,0,100,0
"072","5am",NA,NA,NA,NA,NA
"073","5am",NA,NA,NA,NA,NA
"074","5am",4.282008,10.257607,17.91796,36.458429,31.083991
"075","5am",6.097553,4.553933,22.70377,34.889943,31.754804
"076","5am",4.956779,4.525615,26.49297,25.821487,38.203146
"077","5am",7.371548,5.829994,24.70814,24.888309,37.202012
"078","5am",6.501703,20.922294,22.80957,30.033206,19.733224
"079","5am",7.556165,18.289718,27.75925,25.40632,20.988546
"080","5am",0,10.681468,10.68147,18.729745,59.90732
"081","5am",0,100,0,0,0
"082","5am",6.115753,16.69531,33.50099,34.745314,8.942634
"083","5am",5.207499,11.327128,32.62407,36.148825,14.692478
"084","5am",6.227133,18.984566,25.95334,35.321668,13.513293
"085","5am",5.957444,17.624214,32.00266,24.997958,19.417726
"086","5am",8.817947,12.436261,22.70939,39.565279,16.471123
"087","5am",6.869052,28.59761,32.00473,24.784434,7.744172
"088","5am",3.423558,16.01404,30.51492,25.249131,24.798348
"089","5am",4.176735,21.980694,37.95173,23.900963,11.98988
"090","5am",5.366529,12.5521,40.5625,23.398419,18.120452
"091","5am",5.741252,13.408982,36.50581,23.047074,21.296878
"092","5am",6.4675,9.209786,33.87469,31.185833,19.262192
"093","5am",5.629441,9.588061,40.4338,33.693301,10.655401
"094","5am",6.63029,16.317193,34.83052,31.569063,10.652936
"095","5am",6.091007,13.288899,27.69378,38.019726,14.906588
"096","5am",10.139995,16.233422,48.42496,18.43093,6.770688
"097","5am",2.565928,13.590266,37.75003,26.035204,20.058573
"098","5am",7.179884,6.315504,41.24232,29.179125,16.083168
"099","5am",3.75366,3.23983,35.44561,22.066785,35.494118
"100","5am",7.583931,7.033631,38.29006,23.818842,23.27354
"101","5am",NA,NA,NA,NA,NA
"102","5am",NA,NA,NA,NA,NA
"103","5am",0,0,0,100,0
"104","5am",8.3635,8.515063,35.71513,26.636625,20.769684
"001","6am",5.979487,17.564589,29.98271,31.99605,14.477162
"002","6am",7.295813,11.553601,32.01304,33.418567,15.718978
"003","6am",12.640972,7.877712,39.01287,29.430064,11.038382
"004","6am",7.153642,12.147815,26.79347,37.11069,16.794379
"005","6am",5.130584,17.9283,31.21827,28.891492,16.831352
"006","6am",5.962441,11.36107,34.75588,31.840395,16.080214
"007","6am",9.505449,12.592478,32.97062,27.652011,17.279439
"008","6am",11.54943,8.650185,29.22917,31.91161,18.659609
"009","6am",11.249106,19.245761,31.86284,22.362526,15.279768
"010","6am",8.155178,6.448416,32.52969,30.565401,22.301312
"011","6am",5.408218,11.015526,28.3598,28.562917,26.653544
"012","6am",8.743409,15.440041,33.6464,31.279932,10.890215
"013","6am",6.332716,18.243243,29.54184,32.333069,13.54913
"014","6am",9.630294,26.564081,33.32344,26.68318,3.799006
"015","6am",4.252176,16.623303,30.07088,38.755163,10.298474
"016","6am",7.205735,8.623529,22.6723,37.367745,24.130694
"017","6am",4.521179,16.703749,31.71769,28.336505,18.720876
"018","6am",6.823751,10.050639,28.84255,30.949484,23.333576
"019","6am",6.510989,8.346462,26.79552,42.298917,16.048111
"020","6am",9.221228,26.670629,36.98729,17.410109,9.710746
"021","6am",10.292048,12.083891,23.45445,29.197144,24.972469
"022","6am",7.778105,17.63356,36.32046,29.051529,9.216342
"023","6am",15.861564,18.718723,50.01253,8.263823,7.143359
"024","6am",10.394243,4.320769,23.90235,36.498633,24.884002
"025","6am",8.197264,11.137118,30.58805,24.396678,25.680891
"026","6am",3.768426,15.202162,26.22603,35.184046,19.619333
"027","6am",6.475693,10.886678,26.26871,31.942348,24.426574
"028","6am",8.768968,3.184546,35.28932,29.748845,23.008321
"029","6am",4.498872,11.779228,30.08598,25.812135,27.823788
"030","6am",11.355231,23.988061,29.73726,20.388381,14.531064
"031","6am",11.138782,32.471419,31.11998,17.469324,7.800491
"032","6am",2.007584,10.041216,43.28294,28.156196,16.512064
"033","6am",15.90133,12.24667,30.03412,29.061918,12.755965
"034","6am",2.873866,9.278275,41.76739,27.66296,18.417512
"035","6am",4.849226,16.082982,30.86318,25.211817,22.99279
"036","6am",7.787514,15.591025,38.25117,23.838113,14.532182
"037","6am",5.900683,14.925997,35.16813,26.264327,17.740862
"038","6am",3.957152,16.278838,37.63421,21.121668,21.008128
"039","6am",6.567146,10.982784,38.44208,31.356072,12.651919
"040","6am",3.924253,13.521657,44.64425,23.344058,14.565781
"041","6am",9.317014,17.461234,40.89367,22.84988,9.478204
"042","6am",14.844379,11.516431,47.1848,17.264638,9.189754
"043","6am",6.756741,12.801558,44.07811,26.186734,10.176855
"044","6am",10.239034,12.69114,27.31081,30.273119,19.485897
"045","6am",8.348358,8.116164,25.43297,40.484333,17.618178
"046","6am",8.86133,11.287198,25.14901,37.124381,17.578086
"047","6am",4.69557,8.639966,36.62276,32.230376,17.811331
"048","6am",8.374543,9.764257,32.80719,30.629462,18.424553
"049","6am",9.892337,14.301982,34.50037,23.888897,17.41641
"050","6am",5.699234,19.658951,48.84029,18.398184,7.403345
"051","6am",4.834219,10.054644,37.59386,27.148447,20.368832
"052","6am",5.897206,10.786559,43.9323,28.561436,10.822499
"053","6am",5.631038,18.473605,41.50564,21.648058,12.741661
"054","6am",6.85907,27.563592,25.30506,30.065832,10.206449
"055","6am",11.029253,27.924713,20.70195,29.088079,11.256
"056","6am",1.541335,6.013418,23.7089,37.325934,31.410415
"057","6am",13.129583,4.807878,29.3907,35.036111,17.635732
"058","6am",7.602151,10.81131,19.01391,37.600566,24.972065
"059","6am",11.69166,11.362883,39.76652,28.5046,8.674334
"060","6am",8.92074,10.911856,48.09452,18.320805,13.752078
"061","6am",7.818296,13.985099,37.24,18.678744,22.277862
"062","6am",4.518838,22.782233,27.14434,21.968356,23.586232
"063","6am",1.464468,13.695897,43.41587,18.259998,23.163767
"064","6am",2.733124,10.199547,24.30881,32.069389,30.689133
"065","6am",5.934318,13.42155,34.79745,26.704805,19.141878
"066","6am",8.328177,13.249119,30.48526,22.906383,25.031065
"067","6am",5.833825,3.541326,22.82141,29.923871,37.879566
"068","6am",5.485717,12.266328,40.75185,20.815986,20.680115
"069","6am",0,0,75.30015,24.699851,0
"070","6am",NA,NA,NA,NA,NA
"071","6am",0,0,0,100,0
"072","6am",0,0,100,0,0
"073","6am",NA,NA,NA,NA,NA
"074","6am",4.476755,9.09958,18.73288,35.193093,32.497696
"075","6am",6.332373,4.104178,21.63869,35.572189,32.352566
"076","6am",4.871492,5.595007,26.89098,26.192562,36.449961
"077","6am",7.432855,5.72908,25.20415,25.87758,35.75633
"078","6am",6.552271,19.441386,24.05615,30.495672,19.454523
"079","6am",7.526721,18.608118,27.65108,25.307319,20.90676
"080","6am",0,13.143145,13.14315,0,73.713709
"081","6am",0,100,0,0,0
"082","6am",6.602053,16.102681,35.40092,33.004562,8.889784
"083","6am",5.289898,11.50636,33.41376,35.902292,13.88769
"084","6am",6.421363,19.208601,26.04541,34.389843,13.934784
"085","6am",5.979359,15.839221,32.8474,24.502167,20.831858
"086","6am",9.188612,11.474913,22.98785,40.370343,15.97828
"087","6am",7.53249,24.121958,32.67522,27.178202,8.492132
"088","6am",3.388672,15.85301,32.27362,23.543375,24.941328
"089","6am",4.018639,22.098868,38.81286,23.533591,11.536043
"090","6am",5.306701,13.608367,39.4088,24.220096,17.45603
"091","6am",5.83839,15.38863,34.58757,22.528201,21.657205
"092","6am",6.684536,9.97736,33.7062,30.904562,18.727343
"093","6am",5.676149,9.667615,39.93957,33.972859,10.74381
"094","6am",6.865802,16.639547,35.03845,30.424863,11.031336
"095","6am",6.141625,13.399334,27.92392,37.504654,15.030466
"096","6am",10.195933,16.073532,47.80031,19.048771,6.881458
"097","6am",2.581849,13.262769,38.57365,25.3987,20.183034
"098","6am",6.991811,6.740252,41.71911,29.615551,14.933274
"099","6am",3.239594,3.262156,36.08062,22.21885,35.19878
"100","6am",7.301799,6.771971,37.11264,26.405858,22.407734
"101","6am",NA,NA,NA,NA,NA
"102","6am",0,100,0,0,0
"103","6am",0,0,0,100,0
"104","6am",8.577452,7.856217,35.78835,26.47698,21.301005
"001","7am",4.997317,14.01042,34.889209,29.51236,16.590698
"002","7am",6.436332,9.563407,33.097883,29.73089,21.171485
"003","7am",12.996456,9.260569,36.671599,27.53909,13.532286
"004","7am",7.233065,9.402959,28.242634,36.53921,18.582131
"005","7am",5.540981,19.556461,28.821204,28.40295,17.678402
"006","7am",6.026418,12.212314,33.989437,27.13595,20.635877
"007","7am",8.233585,13.166634,37.782263,25.63615,15.181367
"008","7am",13.230039,6.004387,32.100653,34.66663,13.998287
"009","7am",9.188146,23.280719,31.308696,18.32954,17.892899
"010","7am",8.137782,5.657891,34.643011,31.27742,20.283899
"011","7am",5.781638,11.914751,27.923422,27.89711,26.483083
"012","7am",9.057009,15.17126,33.185684,31.51315,11.0729
"013","7am",6.722194,20.489586,30.459491,34.62812,7.700612
"014","7am",10.41761,28.767861,32.001944,23.43916,5.373423
"015","7am",4.04628,12.198437,29.422859,41.06753,13.264896
"016","7am",7.477392,7.460801,24.784771,38.07527,22.201766
"017","7am",4.606516,16.824993,37.674742,22.76483,18.12892
"018","7am",10.251059,9.199536,28.053541,28.6579,23.837966
"019","7am",8.077415,10.412652,21.74375,43.27803,16.488151
"020","7am",9.416606,26.289308,38.452013,16.61771,9.224362
"021","7am",9.905354,12.42965,22.520712,30.34628,24.798003
"022","7am",8.120553,14.229591,33.830278,31.56231,12.257274
"023","7am",15.488092,14.36337,51.252416,10.87067,8.025452
"024","7am",10.432453,4.817877,25.504873,31.71999,27.524811
"025","7am",8.953231,12.10761,27.877406,26.25028,24.811476
"026","7am",4.590905,15.962921,26.992827,36.6175,15.83585
"027","7am",6.509312,11.208468,28.148222,32.14324,21.990761
"028","7am",9.582999,3.48017,35.003544,32.54541,19.387874
"029","7am",4.903094,11.053946,34.540873,20.38378,29.118312
"030","7am",10.513712,21.267873,35.370532,17.98051,14.867375
"031","7am",9.572954,24.22327,34.303848,21.18382,10.716106
"032","7am",2.241206,9.990962,41.965652,32.22108,13.581104
"033","7am",18.204311,10.052722,25.86659,32.72275,13.153631
"034","7am",3.439464,10.076119,39.351896,28.99194,18.140585
"035","7am",5.072774,16.293523,33.452501,24.85011,20.331087
"036","7am",8.57303,20.782498,33.643263,25.97203,11.029173
"037","7am",6.36689,13.271968,37.078042,25.21579,18.06731
"038","7am",3.715512,20.416178,34.416891,23.65855,17.792868
"039","7am",6.43978,11.001876,41.872338,29.30557,11.380438
"040","7am",4.450094,19.113985,39.196106,23.90664,13.333174
"041","7am",10.573795,18.346545,37.212824,25.21772,8.649112
"042","7am",14.611268,14.633018,43.060953,20.53255,7.162209
"043","7am",6.411303,11.864749,43.434535,27.51444,10.774971
"044","7am",11.803482,11.580677,28.36885,28.80915,19.437844
"045","7am",9.474489,8.32548,24.762874,39.61904,17.818117
"046","7am",9.737293,12.307919,27.013551,34.51621,16.425028
"047","7am",4.873551,11.247824,35.284906,31.43342,17.160297
"048","7am",8.844718,7.652268,30.298805,32.31385,20.89036
"049","7am",10.409431,15.285408,32.200129,27.30407,14.80096
"050","7am",6.112974,16.22573,49.790843,18.72961,9.140848
"051","7am",5.080371,9.919133,38.663563,26.68205,19.654888
"052","7am",6.734519,11.846445,43.460347,26.30302,11.655668
"053","7am",6.262505,18.899282,44.248475,21.85279,8.736953
"054","7am",6.558477,27.478471,27.167864,29.06046,9.734726
"055","7am",10.528644,26.678378,21.538336,29.35845,11.896188
"056","7am",1.788054,6.798404,25.527273,36.40491,29.481363
"057","7am",16.796088,4.921124,30.853971,34.10781,13.321007
"058","7am",7.77725,8.711902,21.760377,39.3289,22.421571
"059","7am",11.511736,11.765222,40.958008,29.87137,5.893669
"060","7am",9.392624,12.173059,46.206723,18.64939,13.578206
"061","7am",8.651078,17.213806,32.106416,20.07678,21.951923
"062","7am",3.327511,25.341853,25.725903,23.6304,21.974337
"063","7am",1.891579,12.606242,45.779463,18.44391,21.278808
"064","7am",2.158052,12.942046,25.398206,28.46687,31.034828
"065","7am",5.943651,11.67456,37.780083,28.05894,16.542765
"066","7am",8.030561,11.503675,31.82317,22.66754,25.975052
"067","7am",4.922618,13.874316,20.583624,30.2556,30.363847
"068","7am",4.85134,20.020409,33.605775,23.86337,17.659108
"069","7am",0,0,75.300149,24.69985,0
"070","7am",0,73.530354,0,0,26.469646
"071","7am",0,0,0,100,0
"072","7am",0,26.605949,29.262849,44.1312,0
"073","7am",0,0,0,100,0
"074","7am",3.622551,10.824936,18.910534,35.81346,30.828524
"075","7am",7.450954,7.33135,25.35156,36.29078,23.57536
"076","7am",3.925566,5.493261,27.202228,25.73309,37.645851
"077","7am",7.702354,6.582001,22.168931,23.06519,40.481523
"078","7am",7.839692,19.035791,25.599159,26.98118,20.544176
"079","7am",8.048151,16.318368,28.497218,25.51777,21.618493
"080","7am",0,9.024091,9.024091,0,81.951818
"081","7am",0,100,0,0,0
"082","7am",7.053705,15.861333,35.374148,34.55385,7.156968
"083","7am",5.075123,12.348627,32.088883,37.06808,13.419289
"084","7am",7.689834,20.377046,27.045925,29.43782,15.449373
"085","7am",5.989841,13.867653,36.875444,23.31715,19.949912
"086","7am",8.319921,9.171571,29.667593,40.51874,12.322173
"087","7am",7.967116,23.057585,36.339488,24.13383,8.501981
"088","7am",3.906146,14.185075,28.29656,26.88472,26.727502
"089","7am",4.193027,23.104904,39.148474,20.23916,13.314431
"090","7am",5.214657,15.043526,41.49699,21.9788,16.266024
"091","7am",6.993211,14.449814,36.208233,22.46851,19.880231
"092","7am",6.791269,11.878215,33.568475,31.93121,15.830833
"093","7am",6.502311,9.304289,41.246847,33.52455,9.422006
"094","7am",7.780589,15.041414,34.572932,31.95298,10.652089
"095","7am",6.639014,13.133918,26.989417,38.81509,14.422562
"096","7am",9.58392,15.244438,46.695751,19.49556,8.980333
"097","7am",2.154759,12.952507,40.05505,24.58852,20.249163
"098","7am",7.030509,8.47406,39.524988,29.09911,15.871329
"099","7am",3.041094,5.307998,36.408948,23.82847,31.413492
"100","7am",6.427174,7.327006,39.470531,25.99696,20.778326
"101","7am",0,0,63.989919,36.01008,0
"102","7am",0,57.596696,0,42.4033,0
"103","7am",0,0,24.521555,75.47844,0
"104","7am",8.253071,8.983116,34.917796,26.43023,21.415789
"001","8am",3.835036,12.762622,37.61948,30.546858,15.236004
"002","8am",4.878486,7.43858,39.625273,27.727177,20.330485
"003","8am",10.660921,7.083931,36.515828,26.952438,18.786882
"004","8am",6.925163,10.793918,28.040221,33.099599,21.1411
"005","8am",5.455584,19.038679,28.509214,27.195046,19.801478
"006","8am",6.188458,12.927897,30.990752,31.429239,18.463654
"007","8am",7.778226,10.24673,37.675998,25.665064,18.633982
"008","8am",13.176076,6.37741,31.19715,34.745155,14.50421
"009","8am",11.454299,21.37062,30.194657,16.757291,20.223133
"010","8am",7.778109,8.245595,34.536006,29.305795,20.134494
"011","8am",5.612805,13.902045,26.733729,31.810757,21.940664
"012","8am",9.024387,17.223442,36.151739,26.457754,11.142678
"013","8am",5.880343,21.386669,32.334129,31.624507,8.774352
"014","8am",9.741041,28.223794,32.165102,23.485542,6.384521
"015","8am",3.451332,11.799511,28.54655,42.890387,13.31222
"016","8am",8.989768,8.215945,20.785877,41.050163,20.958247
"017","8am",5.162456,14.97598,38.06484,23.804526,17.992199
"018","8am",10.342089,10.952581,27.338651,34.644312,16.722367
"019","8am",9.11419,10.419282,16.483911,43.965592,20.017026
"020","8am",10.15307,23.105962,34.258726,23.471733,9.010509
"021","8am",9.25368,8.677204,25.464214,32.69715,23.907751
"022","8am",7.04799,13.101362,35.001771,32.147555,12.701322
"023","8am",14.85371,12.145235,51.072765,14.414535,7.513755
"024","8am",9.903299,5.27503,28.924568,30.15061,25.746493
"025","8am",9.472927,15.745135,28.840984,25.862044,20.078909
"026","8am",5.830929,17.397956,26.859349,36.281809,13.629957
"027","8am",6.442094,10.350694,23.702295,39.107874,20.397043
"028","8am",11.595487,3.26447,30.204867,36.876138,18.059038
"029","8am",5.899548,11.696215,32.554225,24.804528,25.045485
"030","8am",8.934952,20.73534,30.826399,25.017324,14.485985
"031","8am",9.074784,20.416021,35.539798,21.969429,12.999968
"032","8am",2.537458,11.057887,41.151827,29.432213,15.820615
"033","8am",18.673121,11.724661,27.096877,29.549049,12.956292
"034","8am",3.999079,9.570063,41.218162,28.9548,16.257896
"035","8am",3.933803,16.720421,37.96733,22.907176,18.471271
"036","8am",8.906963,23.079862,34.43473,25.21028,8.368165
"037","8am",5.659843,12.98605,36.993864,27.02485,17.335393
"038","8am",3.958509,16.157282,33.081362,24.063944,22.738902
"039","8am",5.798412,13.737727,39.527727,27.89606,13.040074
"040","8am",4.876355,20.063996,39.443516,21.603453,14.01268
"041","8am",10.379147,14.691474,41.241325,25.63015,8.057903
"042","8am",14.847564,15.794772,38.212964,15.723239,15.421461
"043","8am",7.446942,12.034558,45.333809,26.451825,8.732866
"044","8am",13.992886,11.410688,26.691578,30.488291,17.416558
"045","8am",8.86518,8.433002,22.690614,39.384198,20.627007
"046","8am",9.949405,14.462756,30.623102,37.263076,7.70166
"047","8am",7.207833,9.802736,38.60971,28.176419,16.203302
"048","8am",7.562231,10.381384,26.795047,33.818543,21.442795
"049","8am",10.271357,11.507714,34.782361,27.150457,16.28811
"050","8am",7.981927,20.267185,42.97429,19.205101,9.571497
"051","8am",6.821085,12.351328,37.953205,25.487084,17.387299
"052","8am",6.30403,11.334656,43.683194,27.511803,11.166318
"053","8am",6.980566,18.451278,45.297976,23.293174,5.977007
"054","8am",6.813543,28.481379,27.103221,26.683486,10.91837
"055","8am",10.502741,28.361592,22.657808,27.913796,10.564063
"056","8am",2.177306,8.119088,25.566153,38.153771,25.983683
"057","8am",17.243709,9.125495,31.253837,34.336031,8.040928
"058","8am",7.918593,8.147355,18.452572,38.658988,26.822492
"059","8am",9.910905,13.107117,38.768536,29.899203,8.314239
"060","8am",9.638079,11.110868,45.238775,21.680276,12.332
"061","8am",9.887522,14.222182,30.825781,23.62583,21.438685
"062","8am",7.491805,25.174616,20.143309,27.010899,20.179371
"063","8am",1.039707,13.567387,48.736502,19.65979,16.996614
"064","8am",2.153542,15.87976,27.42415,26.097823,28.444724
"065","8am",5.826751,12.000729,40.155508,27.972757,14.044254
"066","8am",8.056258,12.545834,32.788265,24.182612,22.427032
"067","8am",3.85312,11.544814,37.023695,27.540491,20.037881
"068","8am",4.442174,22.323557,34.585886,25.133505,13.514878
"069","8am",0,28.605482,41.692712,29.701807,0
"070","8am",0,68.645594,0,0,31.354406
"071","8am",0,0,0,100,0
"072","8am",0,26.605949,29.262849,44.131202,0
"073","8am",0,0,0,100,0
"074","8am",4.412643,12.012833,21.248072,35.793318,26.533133
"075","8am",8.577429,6.717784,24.112355,36.767896,23.824537
"076","8am",2.279356,4.296077,20.476487,24.976061,47.972019
"077","8am",6.71624,7.404767,27.097424,20.448266,38.333303
"078","8am",7.164775,17.935115,29.884407,27.324618,17.691086
"079","8am",8.715237,15.672706,27.839186,26.119963,21.652909
"080","8am",0,8.281719,8.281719,8.226561,75.210002
"081","8am",0,43.697999,26.088893,30.213108,0
"082","8am",7.482151,16.82476,34.797669,34.169503,6.725917
"083","8am",5.471974,12.766991,32.92978,36.15952,12.671736
"084","8am",9.424324,23.684163,25.963728,30.800164,10.127621
"085","8am",6.186517,14.03229,37.854061,24.319374,17.607758
"086","8am",7.697258,11.286976,29.330933,41.090419,10.594414
"087","8am",7.50687,19.531759,38.923128,23.866193,10.17205
"088","8am",4.134726,16.884688,33.929471,22.791636,22.259479
"089","8am",4.091573,22.095223,40.016784,23.585925,10.210495
"090","8am",5.283533,12.948822,39.818312,26.164357,15.784976
"091","8am",6.984057,11.717972,41.06858,23.53389,16.695501
"092","8am",5.824336,12.81925,33.193734,33.527092,14.635589
"093","8am",7.171916,9.214085,42.163849,32.081266,9.368884
"094","8am",6.595227,14.282933,34.456119,31.249877,13.415843
"095","8am",8.154014,15.013638,28.679677,38.420994,9.731677
"096","8am",10.142442,14.031881,43.845131,19.237862,12.742684
"097","8am",2.494476,14.245074,36.69384,25.901763,20.664847
"098","8am",6.753382,11.581782,38.534427,25.212537,17.917872
"099","8am",4.645614,5.637249,36.296594,25.43836,27.982183
"100","8am",5.253117,7.041131,43.497883,25.920041,18.287829
"101","8am",0,0,43.941856,24.72811,31.330034
"102","8am",0,61.439977,0,38.560023,0
"103","8am",0,0,24.521555,75.478445,0
"104","8am",8.084593,9.60088,35.964465,24.401583,21.948479
"001","9am",5.320031,17.20495,36.07605,27.117866,14.281102
"002","9am",4.582675,7.257459,38.137887,28.505779,21.5162
"003","9am",10.571823,6.438741,36.374724,27.405554,19.209159
"004","9am",5.233892,9.675901,26.134792,33.47114,25.484275
"005","9am",5.54455,17.746736,29.497492,25.262796,21.948427
"006","9am",6.481396,13.623466,32.050881,29.252205,18.592053
"007","9am",6.772879,9.256269,35.087786,30.908111,17.974955
"008","9am",14.068794,8.515072,30.911649,32.989809,13.514676
"009","9am",11.233498,19.074048,30.972636,20.509279,18.210538
"010","9am",8.770304,7.422115,35.758403,27.156411,20.892768
"011","9am",5.195921,13.663495,25.817918,31.529529,23.793137
"012","9am",8.220724,16.837396,36.953947,27.366004,10.621928
"013","9am",8.389017,19.482159,32.238686,31.352138,8.538001
"014","9am",9.286641,26.871224,32.234472,24.977298,6.630365
"015","9am",3.234613,12.168679,28.943055,41.817343,13.83631
"016","9am",9.698606,9.625739,22.005862,36.809701,21.860093
"017","9am",6.369433,12.351334,38.880485,24.058269,18.34048
"018","9am",9.831054,9.420108,30.5662,33.639513,16.543124
"019","9am",9.839944,13.11751,15.367538,42.253982,19.421026
"020","9am",10.3089,24.330355,30.216385,24.834245,10.310115
"021","9am",9.391107,9.36223,27.928708,29.829631,23.488324
"022","9am",5.212319,11.102356,36.597787,34.776258,12.311279
"023","9am",14.735674,12.453534,47.640095,17.110714,8.059984
"024","9am",10.556042,3.8414,30.401811,27.495819,27.704928
"025","9am",7.71303,15.982368,33.694906,28.878966,13.730729
"026","9am",6.66215,17.477886,27.672507,35.383328,12.804128
"027","9am",6.460995,12.452962,23.685534,36.76923,20.63128
"028","9am",12.884945,4.426818,31.034791,34.359718,17.293728
"029","9am",7.41013,11.50039,30.817971,25.821925,24.449584
"030","9am",9.772863,15.87232,32.094224,27.052143,15.20845
"031","9am",9.766138,19.020754,33.474616,23.181516,14.556976
"032","9am",2.934302,8.485442,40.716799,33.786671,14.076785
"033","9am",19.315654,11.295815,26.318014,29.955581,13.114936
"034","9am",4.479412,10.719531,40.479065,27.076299,17.245692
"035","9am",3.219718,15.164327,37.527944,23.832348,20.255662
"036","9am",9.468899,22.282654,34.28472,24.272904,9.690823
"037","9am",6.234968,14.32215,37.19938,26.915618,15.327885
"038","9am",6.304162,16.939999,29.52266,24.17333,23.059848
"039","9am",5.032491,14.812308,40.611407,28.498536,11.045258
"040","9am",4.941328,18.700432,38.794209,24.257243,13.306788
"041","9am",8.438357,18.03429,40.210168,22.931694,10.38549
"042","9am",13.994003,16.176747,38.020289,15.084985,16.723976
"043","9am",6.284336,14.533421,46.729992,25.52163,6.93062
"044","9am",8.732077,14.614052,28.46239,30.79202,17.399462
"045","9am",7.444192,8.799155,23.675821,33.624538,26.456294
"046","9am",10.564425,12.687875,31.446519,38.51239,6.78879
"047","9am",5.160806,9.570697,38.722426,27.133959,19.412112
"048","9am",7.056834,9.533441,29.855483,35.127609,18.426632
"049","9am",10.748152,12.583077,34.860512,26.9571,14.85116
"050","9am",9.882549,21.752493,39.84301,19.321388,9.20056
"051","9am",6.893586,11.821135,37.618931,22.670956,20.995392
"052","9am",5.574121,12.544917,46.660338,24.489661,10.730962
"053","9am",7.223049,17.655438,44.260391,25.55184,5.309283
"054","9am",9.544931,28.715232,27.812871,25.993066,7.9339
"055","9am",9.895473,28.475253,23.008963,26.556326,12.063985
"056","9am",2.152207,8.987483,23.674155,39.224925,25.96123
"057","9am",19.504275,9.759941,28.986018,32.197785,9.551981
"058","9am",6.987961,8.72464,19.977771,35.783403,28.526224
"059","9am",9.248398,11.762707,41.349778,29.71951,7.919607
"060","9am",8.959218,17.363185,42.191208,19.785,11.70139
"061","9am",9.058669,14.069196,33.464367,22.704906,20.702862
"062","9am",7.619208,18.531836,29.682034,26.29154,17.875381
"063","9am",1.772296,14.635326,54.168601,17.399325,12.024452
"064","9am",3.398903,18.095311,24.014404,32.236415,22.254968
"065","9am",6.684203,13.217203,37.791051,28.921906,13.385637
"066","9am",8.294245,12.696673,33.71016,25.981312,19.317611
"067","9am",3.898084,11.679539,30.196537,25.801253,28.424587
"068","9am",3.843677,19.929731,31.903331,25.392013,18.931248
"069","9am",0,28.605482,41.692712,29.701807,0
"070","9am",0,51.469477,0,12.510721,36.019802
"071","9am",0,0,0,100,0
"072","9am",0,22.84957,30.76055,46.38988,0
"073","9am",0,0,0,100,0
"074","9am",4.8587,13.227164,23.088093,34.552827,24.273216
"075","9am",7.814362,7.983087,25.147247,34.274832,24.780471
"076","9am",2.482663,3.708429,16.686449,23.704098,53.41836
"077","9am",5.663405,8.366926,26.558388,19.030061,40.38122
"078","9am",7.123744,15.462081,30.569522,27.654413,19.190239
"079","9am",8.105875,17.915533,25.402448,27.796706,20.779438
"080","9am",0,8.281719,8.281719,8.226561,75.210002
"081","9am",0,27.044869,27.539301,45.415831,0
"082","9am",6.928002,19.108789,33.305625,34.872283,5.785301
"083","9am",5.745284,10.671863,34.875667,35.402532,13.304653
"084","9am",8.537162,30.25037,23.322673,28.262858,9.626937
"085","9am",6.061509,15.913432,38.924527,23.556424,15.544107
"086","9am",7.036847,10.48462,38.210674,35.987434,8.280425
"087","9am",7.502053,19.690939,40.130777,21.749666,10.926565
"088","9am",3.990227,16.356657,32.292281,26.086089,21.274746
"089","9am",3.879741,21.895024,39.815304,23.568311,10.841621
"090","9am",4.148789,12.207904,41.842235,26.182412,15.618659
"091","9am",7.189624,12.895444,41.05997,21.668049,17.186913
"092","9am",6.222789,11.960854,32.327428,33.059032,16.429896
"093","9am",7.126768,12.907126,39.838921,31.723439,8.403745
"094","9am",8.059362,16.22864,35.903459,27.33665,12.47189
"095","9am",7.582697,16.572497,30.604,35.828193,9.412613
"096","9am",8.407453,10.412586,43.110374,24.253787,13.8158
"097","9am",3.028191,11.421126,37.905291,27.525922,20.119471
"098","9am",6.504661,10.683653,35.57484,28.112403,19.124443
"099","9am",2.978297,4.76421,36.886872,26.134736,29.235886
"100","9am",6.738679,6.972377,40.621635,26.3988,19.268509
"101","9am",0,27.054986,45.849406,11.95229,15.143318
"102","9am",0,73.519485,0,17.935815,8.5447
"103","9am",0,0,22.173742,77.826258,0
"104","9am",8.196676,10.997451,34.62295,24.980606,21.202317
"001","10am",4.029711,18.202607,38.946723,28.150021,10.670939
"002","10am",6.342576,7.8104,37.231646,27.556236,21.059142
"003","10am",10.835691,6.355266,34.533054,27.890965,20.385024
"004","10am",5.454683,9.458383,25.87906,35.86167,23.346204
"005","10am",5.574722,16.190583,28.002884,30.55986,19.671951
"006","10am",4.976047,12.752592,31.241392,31.520918,19.50905
"007","10am",8.57728,9.910911,34.289245,29.259317,17.963246
"008","10am",10.501351,13.95772,29.38541,32.247756,13.907763
"009","10am",14.060382,17.39215,30.976393,16.75254,20.818535
"010","10am",7.743433,7.224975,35.286237,27.813095,21.93226
"011","10am",2.801961,12.901698,27.859049,31.597421,24.839871
"012","10am",9.27469,18.182874,35.992605,24.094238,12.455594
"013","10am",8.893676,22.514572,33.117943,26.949328,8.524483
"014","10am",10.371465,24.156317,29.07383,28.878846,7.519542
"015","10am",3.487778,12.222132,28.861753,40.769706,14.658632
"016","10am",8.684649,8.702843,23.877353,40.380639,18.354516
"017","10am",6.489573,8.527798,39.535803,28.491372,16.955454
"018","10am",11.207495,11.671342,27.979837,29.460887,19.68044
"019","10am",8.910169,12.924685,15.319988,45.537433,17.307724
"020","10am",10.927264,26.914933,30.813903,22.606815,8.737085
"021","10am",9.441435,10.592332,28.801255,27.360854,23.804125
"022","10am",7.022415,11.386765,33.646833,33.829313,14.114674
"023","10am",14.717241,11.923025,46.624708,17.090675,9.644353
"024","10am",9.239748,4.29146,33.867081,27.750929,24.850782
"025","10am",10.062039,13.202586,34.516983,27.357519,14.860874
"026","10am",8.617005,14.364645,30.693089,34.466667,11.858593
"027","10am",7.441113,13.285337,24.776941,35.717815,18.778794
"028","10am",9.635102,6.590521,30.010615,34.384267,19.379495
"029","10am",8.371369,10.719824,30.152731,31.017316,19.73876
"030","10am",9.172901,17.297485,31.846207,27.502011,14.181396
"031","10am",9.049374,19.790708,32.579091,24.086435,14.494392
"032","10am",2.976256,10.657065,40.596715,29.694117,16.075847
"033","10am",17.616826,11.977198,28.921775,27.101713,14.382486
"034","10am",4.607024,9.930454,38.919535,30.183208,16.359779
"035","10am",3.803026,15.08015,38.192504,22.727405,20.196916
"036","10am",9.365949,22.931257,33.539187,24.285545,9.878061
"037","10am",7.552278,12.419638,36.472676,28.428849,15.126558
"038","10am",4.234757,16.472517,35.852729,24.62164,18.818356
"039","10am",3.808512,15.47628,39.731057,30.356129,10.628023
"040","10am",7.285603,18.987025,37.615671,21.92377,14.18793
"041","10am",10.407713,15.556259,38.345396,25.858273,9.832359
"042","10am",10.19245,19.490223,36.546523,17.209985,16.560818
"043","10am",7.142818,12.629972,45.333535,27.016287,7.877389
"044","10am",13.809051,14.492694,30.950196,25.579308,15.168752
"045","10am",7.833423,9.982881,24.795957,31.494939,25.8928
"046","10am",7.302309,15.112979,30.484933,38.043497,9.056283
"047","10am",7.894575,8.971024,35.73955,27.920373,19.474478
"048","10am",6.979073,10.081936,26.723595,37.311282,18.904114
"049","10am",11.113807,11.737783,34.257531,28.296485,14.594394
"050","10am",8.887443,22.836619,38.997385,19.760921,9.517633
"051","10am",5.602691,11.491285,39.548764,23.869997,19.487263
"052","10am",4.690775,12.531476,45.530886,26.116019,11.130844
"053","10am",7.315473,19.463417,42.908018,24.161375,6.151717
"054","10am",7.371173,30.8558,26.691602,27.265135,7.816291
"055","10am",9.951063,28.943726,21.667438,28.386738,11.051035
"056","10am",2.634562,9.281982,23.902318,39.417206,24.763933
"057","10am",16.442427,9.544391,30.354667,34.238709,9.419806
"058","10am",7.31865,8.267716,20.946367,32.23704,31.230226
"059","10am",9.034483,11.490636,40.32602,30.003912,9.144948
"060","10am",10.209207,18.292698,40.724919,17.410375,13.362801
"061","10am",10.803686,13.827619,33.967718,22.12638,19.274597
"062","10am",5.920999,20.107624,25.511317,25.106829,23.353231
"063","10am",2.840648,19.680041,48.052487,18.985603,10.44122
"064","10am",2.282765,20.823178,33.740634,23.555524,19.597898
"065","10am",4.626234,11.872713,43.323542,24.371648,15.805863
"066","10am",8.514808,10.908195,31.813933,25.774904,22.98816
"067","10am",3.110097,11.290616,24.19704,31.348128,30.05412
"068","10am",4.182146,19.26266,30.105894,28.96649,17.48281
"069","10am",0,28.591345,13.669227,57.739428,0
"070","10am",0,38.317524,13.971748,20.895036,26.815692
"071","10am",10.416146,0,34.395662,55.188192,0
"072","10am",0,22.84957,30.76055,46.38988,0
