"district","hour","cspmen1","cspmen2","cspmen3","cspmen4","cspmen5"
"001","4am",10.349321,21.684087,34.28991,24.483698,9.1929863
"002","4am",13.047461,14.05143,36.01592,26.556698,10.3284888
"003","4am",22.514254,6.335476,47.15758,17.891778,6.1009147
"004","4am",13.039804,17.695333,31.42243,26.323763,11.5186746
"005","4am",9.360471,21.571885,34.96636,25.567325,8.5339541
"006","4am",16.115871,13.806884,36.03693,27.140222,6.9000939
"007","4am",14.102943,18.820265,29.78402,27.634103,9.6586645
"008","4am",22.646958,10.914725,29.6947,25.526119,11.217499
"009","4am",17.745154,29.687134,26.30082,18.013896,8.2529955
"010","4am",15.107745,8.612995,36.76612,26.735285,12.7778584
"011","4am",10.325268,17.52783,25.89274,28.914445,17.3397151
"012","4am",14.77924,24.804173,32.86454,21.606762,5.9452891
"013","4am",9.8943,27.409256,34.62749,22.37914,5.6898139
"014","4am",16.804726,33.349346,32.60088,17.245053,0
"015","4am",7.250274,20.162241,31.85722,33.93351,6.7967535
"016","4am",13.135378,11.508721,23.30858,40.39363,11.6536884
"017","4am",8.568961,23.047181,34.4743,21.890663,12.0188909
"018","4am",11.587591,11.606845,36.58693,25.297705,14.9209249
"019","4am",11.01821,11.237817,41.94297,32.083351,3.7176568
"020","4am",20.712986,39.706486,24.86431,10.463403,4.2528126
"021","4am",19.386803,14.68038,28.87185,21.585399,15.4755697
"022","4am",14.368524,25.912155,39.61168,15.4494,4.6582367
"023","4am",32.895709,25.463004,36.3188,1.104967,4.2175186
"024","4am",18.054463,6.769473,39.68779,26.871367,8.6169064
"025","4am",13.922067,15.575329,30.41806,23.664804,16.4197386
"026","4am",4.280965,22.548266,26.129,35.164499,11.8772661
"027","4am",14.296521,18.630856,30.65755,22.544779,13.8702919
"028","4am",14.043357,4.922829,41.1551,28.981853,10.8968608
"029","4am",7.421883,14.584462,35.4943,24.717784,17.7815742
"030","4am",21.401679,27.905511,32.31578,14.180419,4.1966118
"031","4am",28.986833,34.091116,23.0573,12.560156,1.3045938
"032","4am",3.833466,18.031114,45.17935,22.73604,10.2200304
"033","4am",22.148718,17.713844,30.64689,24.096657,5.3938892
"034","4am",3.867252,17.511268,50.70058,21.427507,6.493391
"035","4am",13.366165,12.35809,47.13662,13.573818,13.5653113
"036","4am",18.213084,32.262693,33.46578,11.538448,4.5199979
"037","4am",9.906723,20.913153,40.27487,18.682363,10.2228903
"038","4am",7.320801,21.941906,39.039,18.827274,12.8710176
"039","4am",10.609425,13.093792,35.57808,32.527458,8.1912459
"040","4am",6.193552,20.168053,43.76963,25.664298,4.2044701
"041","4am",15.360849,25.252265,38.03659,15.670094,5.6802027
"042","4am",28.90457,17.867284,42.03734,10.53885,0.6519596
"043","4am",10.367009,20.556335,50.6531,16.146403,2.2771525
"044","4am",19.286885,26.131085,31.00279,15.446949,8.1322865
"045","4am",17.013206,19.513526,26.96794,29.642847,6.8624864
"046","4am",21.115727,16.134858,29.52065,26.343891,6.8848722
"047","4am",9.386101,17.73565,44.59689,20.754342,7.5270159
"048","4am",16.049203,18.672062,36.10548,20.166003,9.0072473
"049","4am",14.881759,19.802897,34.99639,18.980311,11.3386423
"050","4am",7.829829,33.973628,40.94735,14.603903,2.6452879
"051","4am",9.181908,15.883707,46.12066,21.757675,7.0560479
"052","4am",12.897788,19.863666,47.59114,18.241074,1.4063334
"053","4am",8.555948,43.2794,29.15635,13.554867,5.4534337
"054","4am",14.042517,37.841637,23.81959,22.007846,2.2884058
"055","4am",27.59348,32.529025,19.58788,15.697143,4.5924693
"056","4am",2.614718,7.490923,31.93022,39.616675,18.3474599
"057","4am",23.681667,6.904901,35.8964,27.176488,6.3405473
"058","4am",11.740829,14.849423,21.01922,35.871163,16.5193691
"059","4am",22.311793,14.75483,44.50234,14.853958,3.577078
"060","4am",19.205095,16.21082,44.75316,13.611579,6.2193481
"061","4am",14.139683,19.387446,38.13169,15.808317,12.5328615
"062","4am",10.39007,26.969533,29.98516,18.01376,14.6414775
"063","4am",4.520004,28.601385,44.1155,13.368638,9.3944785
"064","4am",5.203847,15.171428,32.18327,24.635489,22.8059636
"065","4am",9.2716,20.595593,37.07189,22.109251,10.9516643
"066","4am",15.287846,16.076219,40.09278,17.047339,11.4958122
"067","4am",9.83585,4.182633,35.38576,32.032028,18.5637262
"068","4am",7.458638,16.424631,46.29428,16.302627,13.5198208
"069","4am",0,0,100,0,0
"070","4am",NA,NA,NA,NA,NA
"071","4am",0,0,0,100,0
"072","4am",NA,NA,NA,NA,NA
"073","4am",NA,NA,NA,NA,NA
"074","4am",9.758342,18.16048,21.60648,32.716999,17.7576975
"075","4am",11.837374,5.523743,31.09231,33.301577,18.2449984
"076","4am",6.756257,12.320041,32.21939,25.639134,23.0651803
"077","4am",15.895151,5.79481,34.73551,20.932848,22.6416828
"078","4am",16.215737,26.422387,21.35443,27.381026,8.6264205
"079","4am",16.269582,23.814334,22.60938,26.649799,10.6569041
"080","4am",0,21.362936,0,18.729745,59.9073196
"081","4am",100,0,0,0,0
"082","4am",7.846764,26.239775,37.96848,25.109137,2.8358478
"083","4am",8.23481,19.311311,37.27448,27.877442,7.3019608
"084","4am",10.638963,26.100078,33.52494,22.231254,7.5047669
"085","4am",15.919768,18.575506,32.90528,19.611702,12.9877395
"086","4am",16.809596,17.421708,26.2244,31.316275,8.2280215
"087","4am",12.914502,37.70191,33.70801,12.803406,2.872176
"088","4am",8.73903,28.710562,25.76339,21.533512,15.2535101
"089","4am",9.799299,29.252305,39.29345,19.109307,2.5456417
"090","4am",9.574745,19.612967,47.26258,14.538006,9.0117006
"091","4am",14.057336,16.56348,37.8829,18.335516,13.1607638
"092","4am",9.145142,16.50156,40.02059,22.696367,11.6363399
"093","4am",8.990084,22.509769,38.9148,26.815637,2.7697138
"094","4am",8.972203,26.881427,32.74573,24.300587,7.1000485
"095","4am",10.013235,18.331175,36.34798,26.596213,8.7113941
"096","4am",16.553712,35.548466,36.00944,9.488481,2.3998994
"097","4am",7.691555,26.163168,36.43339,17.854332,11.8575565
"098","4am",12.043683,6.518824,41.53561,29.122177,10.7797049
"099","4am",7.403692,3.056106,43.59708,24.438508,21.5046093
"100","4am",14.128649,13.001776,35.32575,20.695774,16.8480486
"101","4am",NA,NA,NA,NA,NA
"102","4am",NA,NA,NA,NA,NA
"103","4am",100,0,0,0,0
"104","4am",13.290163,12.733035,41.56518,19.456387,12.9552325
"001","5am",10.586784,21.405202,33.55862,25.045472,9.403918
"002","5am",12.665029,14.811822,35.787,26.710395,10.025752
"003","5am",22.313831,6.279077,47.30748,18.053012,6.046604
"004","5am",12.867617,17.461672,31.52607,26.778066,11.366574
"005","5am",9.36053,21.519327,34.3908,26.195333,8.534008
"006","5am",15.941498,14.685536,36.2955,26.846566,6.230897
"007","5am",13.968313,18.640602,30.45433,27.3703,9.56646
"008","5am",22.779607,10.392927,29.86863,25.675633,11.283203
"009","5am",16.862854,30.496533,26.3373,18.038877,8.264441
"010","5am",15.22208,8.678178,36.28756,26.937618,12.874562
"011","5am",8.989112,18.333194,25.70698,29.362375,17.608334
"012","5am",14.892783,24.226472,33.11702,21.772759,5.990965
"013","5am",10.068603,27.148625,34.76851,22.22421,5.790049
"014","5am",15.741174,36.92061,31.18458,16.153633,0
"015","5am",7.294749,20.285921,32.05264,33.528243,6.838446
"016","5am",13.006186,11.395528,24.06287,39.996343,11.53907
"017","5am",7.740794,23.833956,34.49517,21.903913,12.026166
"018","5am",11.531531,12.034484,36.40993,25.175317,14.848739
"019","5am",11.056219,10.931617,42.08765,32.194028,3.730481
"020","5am",20.645961,38.794388,25.75721,10.563394,4.239051
"021","5am",19.513345,14.123477,29.0603,21.726292,15.576583
"022","5am",14.202622,25.612969,37.93982,17.640135,4.604452
"023","5am",35.897683,22.401038,36.14137,1.154257,4.405652
"024","5am",18.472523,6.926223,38.44987,27.334947,8.816435
"025","5am",14.184158,14.508842,30.9907,24.110309,16.20599
"026","5am",4.305463,22.677298,26.27853,35.365727,11.372986
"027","5am",14.037801,18.722525,31.4836,22.136792,13.619285
"028","5am",14.136573,4.291736,41.42827,29.174225,10.969191
"029","5am",7.421883,14.584462,35.4943,24.717784,17.781574
"030","5am",21.426566,27.843576,32.98372,13.544644,4.201492
"031","5am",28.974202,32.125635,24.85597,12.722717,1.321479
"032","5am",3.833466,18.031114,45.17935,22.73604,10.22003
"033","5am",22.052828,17.453501,31.12092,24.46937,4.903381
"034","5am",3.900271,16.806972,51.13347,21.610457,6.548832
"035","5am",13.549668,14.409989,45.79503,12.889288,13.356029
"036","5am",18.139359,32.536889,33.33031,11.491742,4.501701
"037","5am",10.35076,19.65682,41.38213,17.929194,10.681098
"038","5am",7.226885,21.336212,40.14526,18.585745,12.7059
"039","5am",10.609425,13.093792,35.57808,32.527458,8.191246
"040","5am",6.235438,20.304445,44.94019,24.287028,4.232904
"041","5am",15.04701,25.574029,38.52125,15.105129,5.75258
"042","5am",29.094253,17.328298,42.3132,10.60801,0.656238
"043","5am",9.888709,20.976097,50.33543,16.476114,2.323652
"044","5am",19.449969,25.506471,31.26494,15.577564,8.201051
"045","5am",17.013206,19.513526,26.96794,29.642847,6.862486
"046","5am",21.380873,15.847716,29.89134,25.908748,6.971324
"047","5am",9.483074,17.918887,44.02449,20.968767,7.604782
"048","5am",15.911256,18.51157,36.65468,19.992671,8.929828
"049","5am",14.800895,20.238671,34.80623,18.877176,11.277031
"050","5am",7.944569,33.738774,40.81469,14.817912,2.684052
"051","5am",9.12486,15.78502,46.45542,21.622493,7.012208
"052","5am",12.686059,19.537585,48.24631,17.250006,2.280039
"053","5am",9.096605,42.404058,29.01361,13.687692,5.79804
"054","5am",14.863081,37.438341,23.24469,22.150638,2.303253
"055","5am",26.441217,34.670536,18.8598,15.627749,4.400695
"056","5am",2.614718,7.490923,31.93022,39.616675,18.34746
"057","5am",23.687063,6.906475,36.32416,26.740306,6.341992
"058","5am",12.132864,15.281226,20.99213,35.095702,16.49808
"059","5am",22.513121,14.887969,44.9039,14.987991,2.707017
"060","5am",19.409463,17.018436,43.53015,13.756425,6.28553
"061","5am",14.174714,19.435478,37.41001,16.415889,12.563911
"062","5am",9.631311,31.999112,28.09906,16.698262,13.572249
"063","5am",4.691998,28.606531,43.07218,13.877336,9.751954
"064","5am",5.26487,14.689574,32.04779,24.924375,23.073396
"065","5am",9.427174,19.857099,37.69394,21.886355,11.135429
"066","5am",15.140616,16.820957,39.43409,16.883164,11.721175
"067","5am",9.739139,4.827592,35.335,31.717073,18.381198
"068","5am",7.368505,16.634591,46.53484,16.10562,13.356442
"069","5am",0,0,100,0,0
"070","5am",NA,NA,NA,NA,NA
"071","5am",61.816161,0,0,38.183839,0
"072","5am",NA,NA,NA,NA,NA
"073","5am",NA,NA,NA,NA,NA
"074","5am",9.907167,17.881136,21.936,32.247174,18.028521
"075","5am",11.800274,5.819843,30.99486,33.197206,18.187816
"076","5am",6.79861,11.770406,32.42136,25.799856,23.209768
"077","5am",15.522758,5.871769,34.45225,21.210849,22.942378
"078","5am",16.259996,26.494504,21.13978,27.45576,8.649965
"079","5am",16.350449,23.469822,22.68759,26.782261,10.709874
"080","5am",0,21.362936,0,18.729745,59.90732
"081","5am",100,0,0,0,0
"082","5am",8.022711,26.828146,36.57755,25.672156,2.899436
"083","5am",8.302753,18.530097,37.69749,28.10745,7.362207
"084","5am",10.714288,27.410395,33.05021,22.388653,6.436455
"085","5am",16.312453,17.195549,33.71694,19.466955,13.308101
"086","5am",17.117165,16.516872,26.70423,31.283158,8.378572
"087","5am",12.579769,38.270234,32.72701,13.625253,2.797732
"088","5am",8.877891,29.231112,25.3461,21.049014,15.495885
"089","5am",9.371087,28.98709,40.48552,18.721904,2.434402
"090","5am",9.53604,19.937921,47.07153,14.479238,8.975272
"091","5am",13.310718,16.992434,38.86398,17.331273,13.501596
"092","5am",9.297834,15.107432,40.68879,23.075315,11.830626
"093","5am",9.3323,19.560026,40.39613,27.836401,2.875146
"094","5am",9.032885,27.063237,32.29087,24.464941,7.148069
"095","5am",10.089148,18.470149,35.86542,26.797845,8.777437
"096","5am",16.692199,35.845863,35.96679,9.567862,1.927285
"097","5am",8.302517,25.208927,35.9376,18.434999,12.115961
"098","5am",11.895502,6.438619,42.25493,28.76387,10.647076
"099","5am",7.386971,4.243174,42.5305,24.383313,21.45604
"100","5am",14.070549,12.414704,36.12531,20.610668,16.778766
"101","5am",NA,NA,NA,NA,NA
"102","5am",NA,NA,NA,NA,NA
"103","5am",100,0,0,0,0
"104","5am",13.393616,12.832151,41.11032,19.607839,13.056078
"001","6am",12.204781,23.249192,29.78055,25.275276,9.490203
"002","6am",11.846275,14.393861,36.6032,27.779042,9.3776194
"003","6am",22.567451,7.002315,45.53073,18.784169,6.1153302
"004","6am",12.517241,16.448156,31.17493,27.98204,11.8776289
"005","6am",9.061866,21.958537,34.92832,25.452242,8.5990386
"006","6am",16.492579,14.955432,36.60866,25.39664,6.5466854
"007","6am",13.608365,18.769862,31.17657,26.314695,10.1305077
"008","6am",21.918583,10.542237,30.65118,26.044503,10.8434995
"009","6am",16.443454,27.497642,27.74186,19.000891,9.3161482
"010","6am",15.19862,9.962351,35.08821,26.896102,12.8547194
"011","6am",8.284244,18.604362,27.56776,29.20112,16.3425151
"012","6am",15.236224,22.165776,33.27025,23.198631,6.1291215
"013","6am",10.391238,26.121133,35.11531,22.880761,5.4915589
"014","6am",15.502777,34.785751,32.35074,17.360727,0
"015","6am",7.234463,21.862636,31.18196,33.845149,5.8757917
"016","6am",12.766469,11.650105,23.61937,40.266712,11.6973422
"017","6am",7.510146,22.930065,35.33021,22.32469,11.9048877
"018","6am",11.826208,11.543812,37.17955,25.020446,14.4299816
"019","6am",11.056219,10.931617,42.08765,32.194028,3.7304815
"020","6am",22.431976,37.247823,27.0847,8.629741,4.6057575
"021","6am",18.473007,14.56551,29.29856,21.598831,16.064094
"022","6am",14.530411,22.535374,37.54266,19.95155,5.4399995
"023","6am",31.433079,23.465363,38.9049,1.286448,4.9102124
"024","6am",18.856085,7.025191,37.54926,27.627055,8.9424119
"025","6am",13.78377,16.328038,30.77806,22.862625,16.2475061
"026","6am",4.56125,23.224118,24.90629,35.259682,12.0486557
"027","6am",13.077361,19.504463,32.02157,23.737355,11.6592537
"028","6am",14.354425,4.357874,42.06671,28.082764,11.1382316
"029","6am",7.756426,15.241859,36.26905,22.149586,18.5830817
"030","6am",21.027658,28.778221,32.05392,12.09455,6.0456493
"031","6am",25.953882,33.10118,26.31012,13.94273,0.6920876
"032","6am",3.961415,17.255174,45.2768,23.548413,9.9581974
"033","6am",22.777531,17.47517,29.96119,24.721596,5.0645169
"034","6am",3.408189,16.658801,52.77332,20.120098,7.0395937
"035","6am",13.826741,18.428292,40.62816,13.124758,13.992047
"036","6am",17.666052,34.96172,31.7961,11.19189,4.3842391
"037","6am",10.408974,21.215224,39.6046,18.03003,10.7411702
"038","6am",6.539733,18.893982,42.17255,19.872665,12.5210671
"039","6am",11.138038,14.129585,35.29907,31.3414,8.0919097
"040","6am",7.411787,20.852048,43.33634,24.184746,4.2150776
"041","6am",15.20854,25.056286,38.02237,15.724388,5.9884161
"042","6am",29.349129,18.461506,39.91839,11.55609,0.7148886
"043","6am",9.277105,22.549294,49.72688,16.505974,1.9407433
"044","6am",20.498182,24.402097,32.36367,15.8753,6.8607473
"045","6am",18.566748,16.740477,27.75472,29.851073,7.0869818
"046","6am",21.736724,16.866804,29.46285,24.846271,7.0873511
"047","6am",9.889799,16.913361,43.69285,21.573039,7.9309479
"048","6am",14.684315,17.595851,37.24617,21.407877,9.065786
"049","6am",15.058024,18.775156,35.32424,19.672318,11.1702612
"050","6am",7.172935,34.449216,39.76702,15.756724,2.8541049
"051","6am",9.514458,14.160103,47.44997,21.563863,7.3116032
"052","6am",11.963979,19.732638,48.52949,17.471087,2.3028016
"053","6am",10.410501,39.536428,28.47375,15.330291,6.2490335
"054","6am",14.001512,40.028707,23.20505,21.179994,1.5847415
"055","6am",26.505524,33.817412,18.84081,16.270283,4.5659763
"056","6am",1.963709,7.918961,34.41893,38.445292,17.2531035
"057","6am",23.836359,6.324628,36.96819,26.416383,6.4544359
"058","6am",12.65152,14.483938,21.33745,34.270001,17.2570894
"059","6am",21.674824,14.28613,45.84539,15.410354,2.7833006
"060","6am",19.7063,16.303686,44.40459,13.966807,5.6186141
"061","6am",15.048215,19.97185,38.16587,15.369186,11.4448847
"062","6am",11.512875,30.235011,27.82192,17.110028,13.3201648
"063","6am",5.027685,27.866935,41.78554,14.870186,10.4496547
"064","6am",5.647589,12.144319,31.50342,26.736202,23.9684659
"065","6am",9.441178,19.886598,38.66875,20.851503,11.1519711
"066","6am",15.206009,16.893607,38.76588,17.996673,11.1378269
"067","6am",9.739139,4.827592,35.335,31.717073,18.3811985
"068","6am",7.836534,17.320189,45.93364,15.439299,13.4703386
"069","6am",0,0,100,0,0
"070","6am",NA,NA,NA,NA,NA
"071","6am",61.816161,0,0,38.183839,0
"072","6am",0,0,100,0,0
"073","6am",NA,NA,NA,NA,NA
"074","6am",8.984166,17.884624,22.29454,32.036691,18.7999742
"075","6am",12.36894,5.523127,30.08724,34.110751,17.9099452
"076","6am",5.743882,12.591985,32.67877,26.122881,22.8624796
"077","6am",15.088544,5.861404,35.53995,21.656299,21.8538069
"078","6am",15.973325,25.429826,21.33382,27.027252,10.2357748
"079","6am",16.28954,23.754913,22.60308,26.682491,10.669977
"080","6am",0,26.286291,0,0,73.7137091
"081","6am",100,0,0,0,0
"082","6am",8.768054,25.478778,37.79018,25.538876,2.4241111
"083","6am",8.580899,17.206754,38.3215,28.282001,7.6088441
"084","6am",10.681121,29.460928,32.14203,21.083185,6.6327411
"085","6am",16.370753,15.709342,33.66436,19.595379,14.6601697
"086","6am",17.800512,15.124629,27.77031,31.717106,7.5874404
"087","6am",12.196383,35.911188,33.80493,15.006209,3.0812892
"088","6am",8.794458,28.958385,25.68078,20.851198,15.7151758
"089","6am",9.039352,29.414988,41.3961,17.801332,2.3482241
"090","6am",9.440586,20.182536,46.60035,15.306289,8.4702395
"091","6am",13.777939,18.458696,35.92661,17.861241,13.9755173
"092","6am",9.589379,16.009573,40.74502,22.558183,11.0978423
"093","6am",8.6264,19.712312,40.71063,28.053123,2.8975304
"094","6am",10.309716,27.677138,30.35871,24.156844,7.4975882
"095","6am",10.169225,18.616745,36.15008,26.216845,8.8471033
"096","6am",16.851492,35.397674,35.57206,10.280833,1.897942
"097","6am",8.352826,23.417646,36.73093,19.309219,12.1893774
"098","6am",11.596048,6.843717,42.68765,29.193744,9.6788368
"099","6am",6.374618,4.271943,43.2033,24.54863,21.6015102
"100","6am",13.549796,14.427386,35.03406,20.830972,16.1577809
"101","6am",NA,NA,NA,NA,NA
"102","6am",0,100,0,0,0
"103","6am",100,0,0,0,0
"104","6am",13.718419,12.312276,41.31056,19.286048,13.372695
"001","7am",12.479135,22.157561,31.65185,22.875048,10.836408
"002","7am",12.77092,14.798217,37.19988,24.276304,10.95468
"003","7am",22.992746,8.707145,41.52276,19.610977,7.16637
"004","7am",11.759721,15.557857,31.19161,27.266642,14.224173
"005","7am",10.443102,23.137204,33.30926,25.233517,7.876914
"006","7am",13.778119,18.393474,34.6915,20.136111,13.000801
"007","7am",12.586795,15.315443,36.644,26.585993,8.86777
"008","7am",23.036937,9.142015,34.43178,24.323325,9.06594
"009","7am",18.066971,25.040555,27.39994,21.025862,8.466676
"010","7am",17.287247,8.07732,38.07609,24.278841,12.280502
"011","7am",9.192045,20.306777,29.01181,26.138315,15.351048
"012","7am",13.60848,22.365567,35.11346,25.081225,3.831269
"013","7am",15.459538,27.177735,30.23749,24.603219,2.522014
"014","7am",18.203915,34.672272,30.1919,14.858346,2.073566
"015","7am",6.541565,21.937682,29.07673,34.967063,7.476957
"016","7am",10.442176,11.025325,26.16008,41.367096,11.005323
"017","7am",7.012413,23.571029,39.28155,18.555592,11.579417
"018","7am",15.217057,12.058382,35.51082,22.496824,14.716922
"019","7am",13.479199,13.282134,38.19952,31.125052,3.914097
"020","7am",22.493248,35.129228,28.91933,9.535194,3.922998
"021","7am",17.083813,14.249475,27.13661,24.912397,16.617707
"022","7am",14.899462,17.374771,37.53713,23.906263,6.282372
"023","7am",26.295519,24.614322,39.02237,5.980796,4.086998
"024","7am",18.132463,9.053985,40.36051,23.538481,8.914563
"025","7am",17.28641,18.986955,28.06724,21.071364,14.588032
"026","7am",5.922487,24.402938,27.76792,32.206007,9.700649
"027","7am",10.281926,16.789743,36.60185,27.217651,9.108834
"028","7am",15.257438,4.092042,40.30439,31.14474,9.201387
"029","7am",8.668343,14.435513,39.76668,18.768977,18.360487
"030","7am",17.529681,28.539722,34.207,13.935695,5.787899
"031","7am",19.023738,31.596157,31.81162,14.398883,3.169598
"032","7am",4.561896,17.890911,42.64969,28.165626,6.731877
"033","7am",24.407447,13.447418,27.78656,27.708261,6.650313
"034","7am",4.350154,17.918954,48.49016,21.256667,7.984069
"035","7am",16.195081,19.625385,37.22297,12.766622,14.189943
"036","7am",15.340038,37.036875,30.83002,13.146727,3.646336
"037","7am",12.267901,19.610233,40.81455,16.489955,10.817358
"038","7am",11.809966,22.804145,34.2768,21.336973,9.772112
"039","7am",12.705997,12.742897,37.76562,28.070177,8.715306
"040","7am",8.916707,26.812812,37.03932,22.160236,5.070924
"041","7am",16.810184,27.228519,34.48325,16.210642,5.267403
"042","7am",28.462286,18.192072,38.2089,11.560071,3.576672
"043","7am",11.1768,21.707019,48.32826,15.112152,3.675767
"044","7am",25.289062,20.58148,33.38123,15.264635,5.483589
"045","7am",17.537337,18.68819,26.60042,30.624482,6.549568
"046","7am",24.910883,17.012781,29.53674,20.374429,8.16517
"047","7am",11.037982,15.032215,45.26785,20.10463,8.557325
"048","7am",15.016967,15.180358,36.52422,21.381561,11.896892
"049","7am",14.829136,22.590497,32.57792,22.363697,7.638754
"050","7am",8.086031,31.155813,41.2546,15.515784,3.987775
"051","7am",9.852841,12.776033,50.46132,20.551119,6.358685
"052","7am",12.896656,17.075626,48.23245,18.468534,3.326731
"053","7am",12.086215,35.596828,33.08268,16.892348,2.341928
"054","7am",14.219459,41.425424,23.27431,18.616778,2.464034
"055","7am",22.898775,30.98779,21.77109,18.925431,5.416913
"056","7am",2.620527,8.497038,33.50442,36.146024,19.231995
"057","7am",27.05487,5.864931,37.30191,24.360522,5.417769
"058","7am",14.332875,12.635226,26.69745,32.457978,13.876467
"059","7am",18.607608,18.682062,42.93714,17.038085,2.735109
"060","7am",22.735825,17.820757,40.15685,14.303531,4.983035
"061","7am",16.51746,22.845438,33.50608,16.628017,10.503009
"062","7am",10.446977,29.286732,29.36348,21.827506,9.075301
"063","7am",7.802898,25.346416,40.70536,17.076017,9.06931
"064","7am",5.630764,16.303855,31.5844,30.860407,15.620572
"065","7am",10.767639,19.024574,38.05788,22.765835,9.384073
"066","7am",13.037946,15.032075,40.09326,20.259328,11.577394
"067","7am",16.634887,10.53099,32.55827,25.820285,14.455564
"068","7am",10.120536,22.627588,40.54524,15.592268,11.114367
"069","7am",0,0,100,0,0
"070","7am",0,73.530354,26.46965,0,0
"071","7am",61.816161,0,0,38.183839,0
"072","7am",0,26.605949,29.26285,44.131202,0
"073","7am",69.501049,0,0,30.498951,0
"074","7am",7.784585,18.937566,21.29123,33.533419,18.453196
"075","7am",12.500015,10.049284,34.1048,31.921678,11.424219
"076","7am",7.59708,10.714583,30.99877,25.611646,25.077923
"077","7am",13.44895,5.158906,35.71361,21.827489,23.851046
"078","7am",17.432623,26.244272,21.84887,21.916069,12.558164
"079","7am",17.683007,21.197733,23.89961,26.351849,10.867801
"080","7am",0,18.048182,0,31.339945,50.611874
"081","7am",61.588079,38.411921,0,0,0
"082","7am",9.351773,25.178557,36.33465,26.549531,2.585492
"083","7am",9.191461,18.831659,32.10265,31.286968,8.587265
"084","7am",15.089255,27.521281,29.15689,23.273929,4.958647
"085","7am",11.34489,15.679659,40.81256,18.940203,13.222691
"086","7am",14.24957,13.340784,35.72285,31.976544,4.710256
"087","7am",10.496846,30.979729,40.49171,14.488604,3.543106
"088","7am",9.445807,23.617659,21.17593,29.087977,16.672626
"089","7am",10.993405,27.331291,40.96785,13.349129,7.358325
"090","7am",9.912522,23.470715,45.15991,14.803394,6.653454
"091","7am",13.169493,19.300903,38.91552,15.973175,12.640906
"092","7am",10.862168,19.31871,39.83533,20.431353,9.552437
"093","7am",10.174445,18.042027,41.3959,26.970119,3.417505
"094","7am",11.662904,26.844529,30.66248,23.349508,7.480583
"095","7am",10.707021,19.762051,33.86057,28.657998,7.012359
"096","7am",14.076808,36.612831,38.1123,9.411073,1.78699
"097","7am",8.664312,21.470788,39.22939,18.247768,12.387737
"098","7am",12.239192,10.323024,42.38904,25.172237,9.876504
"099","7am",6.145055,8.883909,38.76131,27.75729,18.452434
"100","7am",12.850742,14.497695,36.57124,19.907001,16.173318
"101","7am",36.010081,0,63.98992,0,0
"102","7am",0,100,0,0,0
"103","7am",75.478445,0,24.52156,0,0
"104","7am",12.501745,13.11597,39.83968,19.978089,14.564516
"001","8am",12.024746,22.02773,35.2354,19.648537,11.063587
"002","8am",9.531345,17.923128,43.02179,17.59605,11.927683
"003","8am",21.053398,8.238948,43.00912,20.258033,7.440505
"004","8am",11.347599,16.123356,29.28599,28.509959,14.733099
"005","8am",10.104544,23.614031,32.21842,24.8995,9.163504
"006","8am",13.430191,21.01761,32.3096,22.215927,11.026676
"007","8am",14.266302,10.27315,38.75366,25.698677,11.008207
"008","8am",21.22811,11.508677,34.45125,24.102967,8.709001
"009","8am",18.865275,20.860142,29.1599,20.681949,10.432733
"010","8am",17.692916,10.588918,35.34281,22.840983,13.534375
"011","8am",8.951834,23.305802,29.25585,25.424157,13.062352
"012","8am",13.098595,26.904569,33.63461,22.141062,4.221161
"013","8am",13.79852,26.27483,29.28044,27.141813,3.504401
"014","8am",15.608156,33.419919,29.67686,19.132033,2.163036
"015","8am",7.808731,21.074015,30.11961,33.786977,7.210664
"016","8am",11.10161,11.366807,28.06388,41.404664,8.063035
"017","8am",7.52181,22.571342,39.62999,17.533647,12.743212
"018","8am",15.581222,14.399701,35.93951,25.312648,8.766918
"019","8am",12.094493,16.994082,33.26867,33.143118,4.499642
"020","8am",19.284445,30.014608,29.90419,14.97863,5.818127
"021","8am",15.071056,11.327259,35.06558,25.339213,13.196896
"022","8am",13.450781,15.312706,37.78873,27.683998,5.763788
"023","8am",25.724422,21.631168,42.25324,7.109482,3.281692
"024","8am",16.681449,7.419616,43.17795,22.543739,10.177245
"025","8am",16.392816,20.503968,29.167,21.502831,12.43338
"026","8am",8.390604,24.780958,27.58433,30.566113,8.677998
"027","8am",11.154077,15.385661,33.74588,30.702404,9.011978
"028","8am",19.490685,3.168216,36.22258,31.987114,9.131407
"029","8am",13.006926,17.02398,37.24887,17.871363,14.848859
"030","8am",14.27522,28.806725,33.48143,16.748792,6.687835
"031","8am",17.167113,24.93639,36.16758,17.79713,3.931791
"032","8am",4.134509,21.133749,39.8978,24.355346,10.478594
"033","8am",22.57687,14.076679,27.70557,28.745489,6.895391
"034","8am",5.03639,17.94161,48.2132,19.565248,9.243554
"035","8am",14.006988,22.398621,38.14646,12.730053,12.717881
"036","8am",17.492527,37.473719,29.40314,13.150683,2.479926
"037","8am",11.106538,20.489275,37.59406,20.006476,10.803656
"038","8am",10.026722,19.576331,37.38543,20.236169,12.775349
"039","8am",11.521217,15.811439,35.35032,27.581251,9.735774
"040","8am",9.092569,30.011024,39.21031,18.004042,3.682052
"041","8am",15.471001,24.564486,41.48568,14.269786,4.209047
"042","8am",26.312713,19.362562,32.65137,13.261649,8.411706
"043","8am",12.687331,22.014227,47.93944,13.829122,3.529877
"044","8am",29.171093,18.313616,30.77047,19.677542,2.06728
"045","8am",19.8364,17.350364,23.04129,30.189578,9.58237
"046","8am",19.406278,21.634405,29.64011,25.263296,4.055909
"047","8am",15.101875,14.115006,44.38665,18.322708,8.07376
"048","8am",15.234665,18.162586,32.77169,21.21426,12.616795
"049","8am",14.585287,18.230848,36.80668,21.206998,9.170183
"050","8am",12.799437,32.162688,35.4074,14.420843,5.209632
"051","8am",11.715204,16.205273,44.95702,21.204992,5.917509
"052","8am",8.309856,16.802568,49.43793,21.763578,3.686065
"053","8am",13.428725,35.939667,32.16511,17.29764,1.168862
"054","8am",13.838183,42.811935,23.98937,16.803756,2.556758
"055","8am",22.086623,33.02109,21.87116,19.019905,4.001222
"056","8am",3.05262,10.389651,35.27442,34.484253,16.799052
"057","8am",29.214785,9.88428,36.22258,21.52031,3.158041
"058","8am",13.916454,12.940387,24.16748,34.442838,14.532844
"059","8am",18.129434,20.993821,38.53957,18.827412,3.509763
"060","8am",23.655023,15.368934,39.77755,15.174528,6.023968
"061","8am",19.904772,20.339483,31.97714,18.571018,9.207584
"062","8am",13.769543,31.328899,22.47129,23.389299,9.040967
"063","8am",5.014608,22.642273,47.11857,18.68859,6.53596
"064","8am",4.450197,19.231369,37.83521,23.752033,14.731191
"065","8am",11.25343,19.086354,39.92606,23.706163,6.027991
"066","8am",12.178894,15.787766,38.23333,23.005984,10.794029
"067","8am",17.96691,9.672869,39.76659,21.331988,11.261641
"068","8am",9.382315,27.251886,40.66313,15.141008,7.561663
"069","8am",12.068734,16.536748,71.39452,0,0
"070","8am",0,68.645594,31.35441,0,0
"071","8am",61.816161,0,0,38.183839,0
"072","8am",0,26.605949,29.26285,44.131202,0
"073","8am",69.501049,0,0,30.498951,0
"074","8am",7.765474,21.123765,22.77803,33.89417,14.43856
"075","8am",15.305366,9.718904,34.54971,26.326236,14.099782
"076","8am",5.882313,8.778828,27.61213,28.924062,28.802672
"077","8am",11.693517,6.996528,38.40092,17.773217,25.135822
"078","8am",17.101836,24.453149,27.81036,20.553055,10.081599
"079","8am",17.240019,24.967578,23.08599,25.837616,8.868798
"080","8am",0,16.563437,0,36.988306,46.448257
"081","8am",26.912758,16.785241,56.302,0,0
"082","8am",9.976501,26.133426,35.97464,26.004557,1.910881
"083","8am",10.170012,18.97976,30.88808,31.305284,8.656864
"084","8am",16.169146,30.76353,25.02303,25.050516,2.993777
"085","8am",12.738745,14.981918,42.75433,17.7693,11.755712
"086","8am",16.321249,16.639539,32.6613,30.183952,4.193957
"087","8am",9.912223,26.956944,42.52481,17.310927,3.295098
"088","8am",9.177625,27.983148,27.24664,22.046604,13.545987
"089","8am",8.804542,27.856073,43.52684,13.250673,6.561867
"090","8am",9.76789,24.867105,43.11098,17.447414,4.806609
"091","8am",11.721245,22.472207,37.42345,18.251299,10.131799
"092","8am",10.817592,22.485776,38.92516,19.312688,8.458787
"093","8am",11.251648,16.69683,40.10587,28.166324,3.779327
"094","8am",10.793544,25.33616,30.99355,25.465794,7.410949
"095","8am",11.090583,23.886399,30.89963,27.691472,6.431911
"096","8am",15.298261,28.933165,41.50352,10.6205,3.644558
"097","8am",9.907511,20.232523,36.66012,21.716631,11.483216
"098","8am",14.089087,14.818736,38.78117,22.330032,9.980979
"099","8am",7.161208,10.442462,38.60223,28.658065,15.136031
"100","8am",12.082937,13.115475,39.51699,21.097118,14.187477
"101","8am",24.72811,0,43.94186,0,31.330034
"102","8am",0,61.439977,0,38.560023,0
"103","8am",75.478445,0,24.52156,0,0
"104","8am",12.092856,14.459781,42.11189,16.990642,14.344833
"001","9am",12.658913,27.260264,31.31269,20.092022,8.6761084
"002","9am",8.861306,18.075724,41.29173,19.605043,12.1661985
"003","9am",19.266583,8.754294,42.99708,22.377628,6.6044115
"004","9am",10.404588,16.099351,26.55237,29.057669,17.886025
"005","9am",10.109737,22.99143,31.85618,23.078457,11.9641927
"006","9am",13.687872,21.266281,32.16684,21.626682,11.2523241
"007","9am",12.903443,9.14765,38.87827,28.961729,10.1089104
"008","9am",22.123918,13.587496,35.50608,20.877229,7.9052811
"009","9am",20.08144,20.170313,30.56743,20.316112,8.8647005
"010","9am",18.285256,11.559689,35.86216,20.864063,13.4288305
"011","9am",10.530136,21.177847,30.79099,25.286576,12.2144529
"012","9am",12.254514,26.911706,34.03913,23.170803,3.6238489
"013","9am",17.047254,22.420329,30.57079,26.278495,3.6831279
"014","9am",14.535889,33.920237,28.21272,19.606493,3.7246638
"015","9am",8.602437,20.378456,32.45801,31.374402,7.186697
"016","9am",13.441162,14.007388,29.47612,34.196458,8.8788702
"017","9am",11.152077,20.890759,37.92189,18.469832,11.5654413
"018","9am",14.326735,13.19146,38.78842,25.257151,8.4362386
"019","9am",13.657791,19.615629,31.50819,30.982133,4.2362507
"020","9am",19.356799,28.615591,27.42679,17.060397,7.5404243
"021","9am",15.955583,11.511079,34.31242,25.344681,12.8762352
"022","9am",11.681476,13.315587,39.27657,29.680723,6.0456409
"023","9am",25.433516,21.128198,40.96398,8.604681,3.8696222
"024","9am",17.783502,5.828782,40.12081,24.123049,12.1438587
"025","9am",15.958869,20.261515,31.47578,22.889033,9.4147999
"026","9am",10.440834,20.897146,28.01382,33.011283,7.6369142
"027","9am",10.115629,21.329824,30.09502,26.34157,12.1179552
"028","9am",20.383164,4.296265,36.89547,29.079077,9.3460242
"029","9am",14.116969,17.703756,36.29865,15.453275,16.4273471
"030","9am",13.649153,24.089456,34.55975,20.424994,7.2766474
"031","9am",17.543627,22.672873,35.41535,18.139154,6.2289964
"032","9am",3.95889,15.709372,43.2712,29.166718,7.8938173
"033","9am",22.122524,16.283422,26.52344,29.674352,5.396265
"034","9am",5.722763,18.571959,46.5535,20.420125,8.731655
"035","9am",13.279155,21.422186,39.51602,13.416734,12.3659093
"036","9am",18.980387,36.120756,31.93487,11.785473,1.1785153
"037","9am",9.69526,22.585465,36.69239,20.681116,10.3457653
"038","9am",15.633746,16.80514,33.86912,20.563623,13.1283691
"039","9am",9.507969,17.465107,37.15088,26.853288,9.0227547
"040","9am",9.20995,27.760288,38.5782,21.586806,2.8647588
"041","9am",16.073009,26.520555,39.76679,12.198432,5.4412145
"042","9am",23.516372,21.46204,33.40469,12.958851,8.6580427
"043","9am",11.903369,24.035378,45.05094,15.585002,3.4253103
"044","9am",22.237773,21.576654,36.25208,17.448818,2.4846762
"045","9am",14.230294,17.918431,25.21788,32.075181,10.558209
"046","9am",20.25952,20.572772,30.20542,25.053201,3.9090824
"047","9am",12.744423,13.155428,47.0148,16.790139,10.2952093
"048","9am",14.502753,17.038919,32.81481,24.340061,11.3034572
"049","9am",15.760504,20.983134,34.81297,20.601293,7.8421021
"050","9am",13.936445,32.392296,34.64273,14.413322,4.6152098
"051","9am",12.348163,15.22002,46.63137,18.77529,7.0251515
"052","9am",7.708426,15.774264,53.23616,19.374342,3.9068067
"053","9am",13.867904,35.020196,33.05527,17.652701,0.4039253
"054","9am",15.076741,44.23998,21.97151,16.914142,1.797626
"055","9am",19.72228,34.370062,23.3412,18.165189,4.4012742
"056","9am",3.016278,11.135802,33.41018,36.62655,15.8111911
"057","9am",30.558685,10.080233,35.83978,19.055942,4.4653605
"058","9am",13.901946,11.417819,26.2613,33.04104,15.3778958
"059","9am",17.973343,20.894514,39.47126,18.682113,2.9787735
"060","9am",28.968163,16.352871,35.92141,12.712824,6.0447352
"061","9am",20.157296,20.477108,31.69974,19.22745,8.4384026
"062","9am",14.279259,28.10889,28.83401,21.807321,6.9705151
"063","9am",5.61753,23.702696,50.34211,16.260487,4.077173
"064","9am",6.186749,22.159839,33.44072,26.20281,12.0098776
"065","9am",12.899493,21.510267,35.10668,25.014487,5.4690682
"066","9am",11.768052,15.892263,39.5131,23.620735,9.205852
"067","9am",18.220124,9.809192,32.54194,19.614263,19.8144839
"068","9am",8.173324,25.336619,38.89802,16.560714,11.031325
"069","9am",12.068734,16.536748,71.39452,0,0
"070","9am",0,51.469477,23.50908,25.021441,0
"071","9am",39.90662,0,0,60.09338,0
"072","9am",0,22.84957,30.76055,46.38988,0
"073","9am",30.931336,0,0,69.068664,0
"074","9am",9.5856,24.405547,23.99627,28.62463,13.3879558
"075","9am",15.104052,11.459123,32.88405,26.652431,13.9003454
"076","9am",6.007844,7.883387,24.45107,28.576827,33.080874
"077","9am",10.035605,8.046872,40.79123,17.711235,23.4150572
"078","9am",17.004029,22.627216,29.10971,20.92508,10.3339657
"079","9am",15.312885,28.189162,22.93676,25.053282,8.507908
"080","9am",0,13.690199,17.34687,30.571992,38.3909378
"081","9am",16.656415,10.388454,46.23832,26.716816,0
"082","9am",8.66321,30.253604,34.57003,25.743662,0.7694923
"083","9am",10.795542,17.420336,32.72039,29.874411,9.189325
"084","9am",15.047148,36.364803,21.80742,22.411968,4.3686608
"085","9am",12.4937,16.336169,42.40073,17.314501,11.4548975
"086","9am",14.233244,20.88578,38.5604,23.292905,3.0276669
"087","9am",9.975069,27.025921,41.96497,18.015164,3.0188765
"088","9am",8.625614,26.617891,28.67514,22.911128,13.1702242
"089","9am",8.395814,24.800134,43.7043,14.954664,8.1450916
"090","9am",8.170113,25.23113,44.92416,18.793444,2.8811556
"091","9am",12.057746,23.743992,37.08415,16.691446,10.422669
"092","9am",10.693676,21.446543,37.04666,20.978948,9.8341679
"093","9am",10.717562,19.760138,40.69853,25.639861,3.1839123
"094","9am",13.120093,27.22176,30.6513,22.027066,6.9797844
"095","9am",8.593317,26.725088,29.46101,29.067928,6.1526591
"096","9am",15.004825,24.141482,42.67071,14.238483,3.9445004
"097","9am",10.765987,17.214955,37.00758,23.345156,11.6663177
"098","9am",13.381983,15.816881,39.95456,20.631423,10.2151542
"099","9am",5.470987,8.22981,40.92922,28.470351,16.8996375
"100","9am",12.664085,13.869451,40.34743,20.39791,12.7211198
"101","9am",11.95229,51.665172,21.23922,0,15.1433179
"102","9am",0,73.519485,0,17.935815,8.5446997
"103","9am",68.25177,0,22.17374,9.574487,0
"104","9am",11.714108,15.075,38.82979,18.651762,15.7293358
"001","10am",10.60618,27.482603,35.26392,19.457633,7.1896658
"002","10am",11.662717,18.261309,38.44311,20.852024,10.7808372
"003","10am",20.314086,8.554489,41.17053,22.168411,7.7924862
"004","10am",8.173687,14.566005,30.0037,31.118851,16.1377549
"005","10am",9.278915,22.278406,35.35534,23.305969,9.7813733
"006","10am",10.06015,21.727142,30.92479,25.567299,11.7206189
"007","10am",15.859972,9.75776,37.27772,27.0696,10.0349488
"008","10am",18.32699,19.088134,35.89427,19.146963,7.5436398
"009","10am",23.060475,19.474672,27.5394,19.823294,10.102156
"010","10am",17.33395,11.349664,35.77441,22.444779,13.0972016
"011","10am",9.210393,22.750416,29.94938,24.241894,13.8479133
"012","10am",14.054403,26.433972,33.25753,21.757334,4.4967613
"013","10am",17.484317,26.739043,31.42223,21.400599,2.9538074
"014","10am",17.090865,28.445527,30.17816,19.358323,4.9271212
"015","10am",9.453177,20.183751,30.8696,32.015129,7.4783445
"016","10am",13.453553,12.071719,31.58587,35.60611,7.2827532
"017","10am",9.686823,15.409162,41.6435,21.601961,11.65855
"018","10am",16.288061,14.673515,34.69237,22.68731,11.6587449
"019","10am",11.620238,19.987372,29.96764,35.923978,2.5007691
"020","10am",21.244906,28.586217,27.20931,16.943239,6.0163229
"021","10am",18.13573,10.819614,33.0358,25.09616,12.9126978
"022","10am",15.321701,13.011784,35.32746,28.405101,7.9339585
"023","10am",23.207193,23.205357,40.26801,9.025087,4.2943534
"024","10am",16.122413,6.589453,41.77814,24.17063,11.3393625
"025","10am",19.408373,18.666292,30.89705,19.845301,11.1829892
"026","10am",10.503712,20.586271,30.3596,30.021413,8.5290035
"027","10am",11.218823,21.906321,28.44792,27.228667,11.1982713
"028","10am",16.057387,7.300751,35.74072,29.291034,11.6101059
"029","10am",15.796318,16.918671,33.39754,20.057543,13.8299251
"030","10am",11.227285,26.062543,36.3259,20.094678,6.2895888
"031","10am",16.51955,26.540692,33.15076,18.179878,5.6091177
"032","10am",6.577818,18.75343,35.08474,29.209152,10.3748584
"033","10am",22.061692,16.438756,32.95741,22.010391,6.5317526
"034","10am",5.883039,18.016148,40.89837,26.226244,8.9762014
"035","10am",12.69152,20.510071,39.45845,15.537815,11.8021489
"036","10am",18.315307,35.414111,34.30167,10.035184,1.9337327
"037","10am",11.504085,19.687496,37.80171,21.618219,9.3884879
"038","10am",11.749601,20.35137,40.16221,17.906813,9.8300037
"039","10am",7.787756,18.231314,37.61935,27.608534,8.7530446
"040","10am",11.74992,27.22371,38.81859,19.159605,3.0481763
"041","10am",17.753571,22.678358,40.41731,14.198376,4.952384
"042","10am",23.102162,20.36749,36.10182,11.853166,8.5753609
"043","10am",12.577381,18.819671,47.41133,17.270329,3.9212867
"044","10am",17.483408,24.323334,36.47417,17.876405,3.8426841
"045","10am",14.928525,17.414594,25.65215,30.955477,11.0492507
"046","10am",17.267992,21.840347,29.26668,27.661615,3.963364
"047","10am",16.036809,11.889618,44.28062,15.388267,12.4046835
"048","10am",14.340715,15.971468,31.26471,27.173732,11.2493741
"049","10am",15.146078,20.887331,33.47779,21.667833,8.8209693
"050","10am",12.362485,34.54719,31.47798,15.759544,5.8527988
"051","10am",10.234804,16.198677,47.59749,19.944737,6.0242968
"052","10am",8.182868,14.744062,53.52437,19.401432,4.1472652
"053","10am",12.950357,35.906918,32.7127,17.964878,0.4651465
"054","10am",12.599789,46.54889,20.604,18.130937,2.1163789
"055","10am",21.052471,34.653176,21.90889,17.616493,4.7689688
"056","10am",3.714102,11.542566,34.52905,34.892952,15.3213288
"057","10am",28.385058,11.037668,36.44898,19.546304,4.5819896
"058","10am",14.816815,10.709473,25.57419,32.272712,16.626812
"059","10am",17.978105,19.585752,39.86509,19.790042,2.7810078
"060","10am",28.913173,18.343031,33.18245,12.472311,7.0890369
"061","10am",21.900474,19.197878,32.82514,16.913169,9.1633377
"062","10am",12.686814,28.756701,25.02944,22.288841,11.2382059
"063","10am",9.66497,30.387381,39.40488,15.181891,5.3608762
"064","10am",5.053583,24.820663,38.32631,18.737703,13.0617399
"065","10am",10.653192,19.657586,40.68016,24.595666,4.4133918
"066","10am",12.508185,12.324008,40.35703,25.62383,9.186944
