"district","hour","educmen1","educmen2","educmen3","educmen4"
"001","4am",20.717235,37.44415,16.170616,25.667999
"002","4am",6.96249,33.70778,24.911405,34.418322
"003","4am",26.108909,34.32391,22.040699,17.526478
"004","4am",10.018672,35.89303,28.460801,25.627494
"005","4am",18.396482,29.58463,21.685577,30.333307
"006","4am",13.032167,36.4895,33.674006,16.804322
"007","4am",12.536264,47.17198,18.013023,22.278738
"008","4am",13.81012,40.10681,20.630662,25.452405
"009","4am",23.935388,45.61644,24.261098,6.187073
"010","4am",12.714927,27.98452,24.06836,35.232198
"011","4am",10.249239,42.6054,19.210981,27.934375
"012","4am",13.333156,42.54654,20.963019,23.157289
"013","4am",16.365072,49.24659,21.71276,12.675582
"014","4am",15.234276,68.39524,6.621299,9.749183
"015","4am",16.193699,36.06028,20.019317,27.726708
"016","4am",7.49248,35.30981,17.306911,39.890802
"017","4am",19.253799,37.85498,19.120725,23.770493
"018","4am",15.219921,43.81897,15.509487,25.451621
"019","4am",28.618551,24.41559,16.666568,30.299288
"020","4am",23.271832,39.66137,21.244661,15.822142
"021","4am",15.982583,21.50286,24.058185,38.456371
"022","4am",9.54066,51.83059,27.424244,11.204507
"023","4am",34.998866,52.9571,10.556985,1.487052
"024","4am",21.443004,21.84782,23.800534,32.908641
"025","4am",11.726186,23.15016,29.475103,35.648547
"026","4am",18.388421,37.02876,16.402846,28.179969
"027","4am",7.811843,42.83258,22.480106,26.875473
"028","4am",10.755353,33.20269,27.535157,28.506798
"029","4am",5.54728,32.16671,35.293218,26.992795
"030","4am",30.98004,38.48666,17.527517,13.005783
"031","4am",35.371294,49.00377,10.778464,4.846467
"032","4am",24.068235,28.26709,26.257011,21.407667
"033","4am",25.861258,40.30598,25.192565,8.640201
"034","4am",14.980612,44.25051,28.164721,12.604156
"035","4am",8.67919,27.05465,45.37212,18.894042
"036","4am",18.201768,52.63305,20.682016,8.483163
"037","4am",18.588652,34.95683,33.147196,13.307326
"038","4am",11.150712,35.25198,30.230221,23.367092
"039","4am",7.761153,43.31886,13.034179,35.885808
"040","4am",18.712139,36.07072,26.615741,18.601398
"041","4am",16.834404,55.21583,25.060006,2.889758
"042","4am",26.370138,58.62603,11.111109,3.892719
"043","4am",16.423946,56.38832,18.620784,8.56695
"044","4am",20.837188,44.30417,22.687974,12.170664
"045","4am",6.449335,51.77445,21.992944,19.783273
"046","4am",13.813468,27.81837,39.860078,18.508086
"047","4am",11.617008,48.03556,18.784324,21.563103
"048","4am",14.559836,41.68407,21.712291,22.043804
"049","4am",23.751184,42.8312,13.190486,20.22713
"050","4am",32.683974,46.18412,15.384613,5.747289
"051","4am",19.506119,43.60354,22.991388,13.898948
"052","4am",24.958233,38.42549,28.124907,8.49137
"053","4am",6.062763,50.96919,35.411246,7.556805
"054","4am",16.862073,57.97443,16.584529,8.578964
"055","4am",11.54305,55.25987,21.061037,12.136043
"056","4am",15.818224,20.34437,16.518403,47.319003
"057","4am",13.486442,44.07294,11.983055,30.457565
"058","4am",5.676143,41.44088,24.594749,28.288225
"059","4am",17.159068,53.86778,16.549171,12.42398
"060","4am",38.96393,34.31336,17.540444,9.182263
"061","4am",12.173212,40.00523,20.306154,27.515403
"062","4am",11.021325,39.72236,24.420368,24.835944
"063","4am",4.267966,49.46809,19.985457,26.27849
"064","4am",10.986196,22.52203,37.56363,28.928143
"065","4am",18.642817,37.75895,27.259778,16.338452
"066","4am",10.134827,37.58,25.998375,26.2868
"067","4am",4.06691,36.34402,18.77404,40.815027
"068","4am",10.187318,47.60507,16.903462,25.30415
"069","4am",0,100,0,0
"070","4am",NA,NA,NA,NA
"071","4am",0,100,0,0
"072","4am",NA,NA,NA,NA
"073","4am",NA,NA,NA,NA
"074","4am",9.436919,30.83411,19.020458,40.708517
"075","4am",4.67257,25.33708,37.786288,32.204061
"076","4am",4.271804,17.62533,34.250017,43.85285
"077","4am",9.518972,22.30615,25.238447,42.936434
"078","4am",21.020919,41.32999,25.368702,12.280386
"079","4am",15.197589,36.68583,35.047458,13.069125
"080","4am",0,21.36294,0,78.637064
"081","4am",0,100,0,0
"082","4am",16.812852,60.40159,17.346094,5.439465
"083","4am",7.035161,49.7565,27.0285,16.179835
"084","4am",14.605928,33.55392,28.843111,22.997039
"085","4am",17.568436,33.69577,24.014797,24.720993
"086","4am",6.096562,51.56439,25.76882,16.570224
"087","4am",21.089149,56.93516,15.626872,6.348821
"088","4am",5.696787,36.99849,30.960521,26.3442
"089","4am",6.534432,60.02016,24.80779,8.637622
"090","4am",13.408661,40.64037,29.21059,16.740379
"091","4am",15.690627,49.76372,18.301643,16.244011
"092","4am",13.819841,31.9437,37.311443,16.925012
"093","4am",9.753732,59.49538,21.158286,9.592597
"094","4am",19.066274,59.60319,14.357053,6.973488
"095","4am",10.129589,32.95367,39.577055,17.339685
"096","4am",37.230386,43.32283,14.018563,5.42822
"097","4am",22.168399,44.22124,20.648762,12.961595
"098","4am",14.318953,39.43267,22.239523,24.008851
"099","4am",13.04162,22.41003,24.626479,39.92187
"100","4am",11.817647,37.55998,24.864385,25.757984
"101","4am",NA,NA,NA,NA
"102","4am",NA,NA,NA,NA
"103","4am",0,100,0,0
"104","4am",5.743712,43.41588,29.649956,21.190457
"001","5am",21.119802,36.22859,16.48484,26.166768
"002","5am",8.53426,34.65078,23.8555,32.959457
"003","5am",25.835457,33.96442,21.80986,18.390265
"004","5am",9.863624,35.94532,28.96017,25.230884
"005","5am",17.255827,30.72489,21.68575,30.333541
"006","5am",14.104838,36.79627,33.2334,15.865486
"007","5am",12.395617,48.29782,17.81093,21.495626
"008","5am",13.902858,39.70462,20.7692,25.623322
"009","5am",23.711125,46.12599,24.03378,6.129103
"010","5am",12.838705,28.25694,23.32917,35.575181
"011","5am",11.588519,42.41111,19.41403,26.586342
"012","5am",13.333156,42.54654,20.96302,23.157289
"013","5am",15.768333,49.38684,22.00098,12.843842
"014","5am",14.587993,63.89099,12.18542,9.335595
"015","5am",16.30813,36.31509,19.45414,27.922635
"016","5am",7.41026,34.92233,18.21435,39.453055
"017","5am",18.239451,38.83728,19.13501,23.788254
"018","5am",15.137192,44.12435,15.42518,25.313277
"019","5am",28.722576,24.14085,16.72715,30.409421
"020","5am",23.454137,39.01174,21.58803,15.946088
"021","5am",16.10668,20.89337,24.24499,38.754966
"022","5am",9.419502,51.17239,25.74021,13.667899
"023","5am",34.328484,53.48482,10.68203,1.504667
"024","5am",20.257737,23.09996,23.23591,33.406391
"025","5am",11.991557,23.04553,29.13616,35.826756
"026","5am",18.511919,36.60585,16.51301,28.369227
"027","5am",7.776051,43.0945,22.37711,26.752337
"028","5am",10.837131,33.45515,27.74452,27.963202
"029","5am",5.54728,32.16671,35.29322,26.992795
"030","5am",31.57069,38.07642,17.42395,12.928936
"031","5am",34.886391,49.4014,10.83867,4.87354
"032","5am",24.068235,28.26709,26.25701,21.407667
"033","5am",25.813319,40.41701,24.96292,8.806749
"034","5am",15.133775,43.68052,28.45268,12.733022
"035","5am",8.942169,26.62556,45.69612,18.736145
"036","5am",18.230441,53.27876,19.99427,8.496526
"037","5am",19.418669,33.88342,34.62728,12.070632
"038","5am",10.929767,34.55348,31.61267,22.904087
"039","5am",7.761153,43.31886,13.03418,35.885808
"040","5am",18.862593,37.40053,26.07011,17.666767
"041","5am",16.495968,55.14578,25.42626,2.931992
"042","5am",26.370138,58.62603,11.11111,3.892719
"043","5am",16.682698,56.42238,18.91415,7.980779
"044","5am",21.029022,44.71205,21.97621,12.282712
"045","5am",6.449335,51.77445,21.99294,19.783273
"046","5am",14.010031,27.65922,39.55929,18.771453
"047","5am",11.752282,47.43046,19.00306,21.814196
"048","5am",14.404884,42.30469,21.48122,21.809206
"049","5am",23.600598,43.19366,13.10686,20.098887
"050","5am",32.399769,46.12149,15.63712,5.841618
"051","5am",19.363364,43.28443,23.55498,13.797228
"052","5am",24.4898,39.58116,27.59704,8.331998
"053","5am",6.381523,53.16725,33.37508,7.076142
"054","5am",17.658887,57.17762,16.58453,8.578964
"055","5am",11.150655,55.5663,21.26099,12.022048
"056","5am",15.818224,20.34437,16.5184,47.319003
"057","5am",13.489871,44.05872,11.9861,30.465308
"058","5am",5.695954,42.02678,23.89031,28.386959
"059","5am",17.364442,53.31563,16.74725,12.57268
"060","5am",40.217798,33.37197,17.11126,9.298975
"061","5am",12.206807,40.65137,19.55048,27.591338
"062","5am",10.293009,41.97594,24.53633,23.194724
"063","5am",4.427204,48.73784,19.57602,27.258941
"064","5am",11.056102,22.66534,37.80265,28.475909
"065","5am",19.003989,37.23882,27.78789,15.969303
"066","5am",10.016608,37.43485,26.56837,25.980174
"067","5am",4.053283,36.55731,18.71113,40.678269
"068","5am",10.026803,48.43062,16.63712,24.905448
"069","5am",0,100,0,0
"070","5am",NA,NA,NA,NA
"071","5am",61.816161,38.18384,0,0
"072","5am",NA,NA,NA,NA
"073","5am",NA,NA,NA,NA
"074","5am",9.603923,30.73425,19.35706,40.30477
"075","5am",4.656423,25.5951,37.65571,32.092773
"076","5am",4.301625,17.05027,34.48912,44.158986
"077","5am",9.653282,22.00096,24.8035,43.542255
"078","5am",21.126083,41.78182,24.75027,12.341822
"079","5am",16.631698,34.9412,35.28299,13.144111
"080","5am",0,21.36294,0,78.637064
"081","5am",0,100,0,0
"082","5am",17.225471,59.42977,17.7718,5.572959
"083","5am",7.102704,49.90445,26.65768,16.335174
"084","5am",14.727302,35.15377,28.24702,21.871907
"085","5am",17.342535,33.25763,23.97296,25.426868
"086","5am",6.218376,51.27091,25.6094,16.90131
"087","5am",20.748683,57.6304,15.37459,6.246324
"088","5am",5.796671,36.47052,31.83887,25.893934
"089","5am",6.230011,60.63497,24.8998,8.235218
"090","5am",14.031838,39.45495,29.84629,16.666918
"091","5am",16.14394,48.31236,18.83039,16.713312
"092","5am",13.986639,31.1223,37.76177,17.129287
"093","5am",10.05075,58.26195,21.80259,9.884708
"094","5am",18.443302,60.06197,14.46756,7.027165
"095","5am",9.29726,33.25887,39.9436,17.500275
"096","5am",37.580746,43.26529,14.15049,5.003477
"097","5am",22.098387,44.77304,19.90133,13.227244
"098","5am",14.069086,38.74457,23.59645,23.589896
"099","5am",12.838721,23.61716,24.24334,39.300774
"100","5am",11.107565,38.52396,24.73968,25.628796
"101","5am",NA,NA,NA,NA
"102","5am",NA,NA,NA,NA
"103","5am",0,100,0,0
"104","5am",5.743712,43.41588,29.64996,21.190457
"001","6am",20.404716,38.68504,16.4131,24.497143
"002","6am",7.935969,34.48083,26.93436,30.648847
"003","6am",26.167171,34.40051,20.80593,18.626386
"004","6am",10.174887,32.86048,29.87406,27.090569
"005","6am",17.249028,32.40074,21.98589,28.364348
"006","6am",13.710244,37.54976,31.61338,17.126614
"007","6am",12.53317,48.60644,18.00858,20.851811
"008","6am",12.767126,40.76602,20.4206,26.046247
"009","6am",25.271642,41.82636,25.61553,7.286463
"010","6am",13.418181,30.47044,20.60669,35.504685
"011","6am",10.540345,44.38972,19.72989,25.340048
"012","6am",13.665127,42.88471,19.7163,23.733863
"013","6am",16.323195,48.19842,22.71411,12.764269
"014","6am",15.948254,62.41278,12.83356,8.8054
"015","6am",16.777325,33.57015,20.31161,29.340917
"016","6am",7.345682,33.93622,18.05562,40.662479
"017","6am",17.825011,39.97272,18.89736,23.304901
"018","6am",15.423212,44.85053,14.82567,24.900595
"019","6am",28.722576,24.14085,16.72715,30.409421
"020","6am",25.103873,40.32451,19.61914,14.952484
"021","6am",14.734167,20.70965,24.34975,40.206438
"022","6am",9.317046,48.8315,28.28149,13.569967
"023","6am",34.367408,53.90781,9.79562,1.929158
"024","6am",19.96205,22.78091,22.99318,34.263856
"025","6am",11.780905,24.06356,30.20768,33.947861
"026","6am",18.858329,36.28294,14.16075,30.697979
"027","6am",7.794147,41.92117,23.20305,27.081638
"028","6am",10.837131,33.45515,27.74452,27.963202
"029","6am",5.82299,32.85559,35.00271,26.318708
"030","6am",30.534831,40.16956,16.64131,12.654302
"031","6am",34.419727,47.7748,13.38848,4.416995
"032","6am",24.18284,26.92456,27.33586,21.556733
"033","6am",26.114534,39.41491,25.30019,9.170362
"034","6am",16.512229,43.44606,27.26444,12.777271
"035","6am",11.06046,31.74301,40.71272,16.483812
"036","6am",19.152753,51.24267,21.43307,8.171503
"037","6am",21.279496,33.48339,33.18572,12.051395
"038","6am",12.136704,35.1273,30.34485,22.391141
"039","6am",7.726898,43.20752,12.67329,36.392286
"040","6am",20.276188,37.88626,25.18384,16.653709
"041","6am",16.159458,56.44318,25.19138,2.205979
"042","6am",27.66797,56.94199,11.15201,4.23803
"043","6am",17.836872,59.27292,17.89419,4.99602
"044","6am",21.86537,45.02583,21.95523,11.153576
"045","6am",6.691305,51.65205,22.81809,18.838555
"046","6am",14.316719,28.2647,38.23621,19.182371
"047","6am",11.844732,47.34544,19.15641,21.653425
"048","6am",14.580947,40.97126,21.00073,23.44707
"049","6am",22.746362,44.48415,12.53363,20.235865
"050","6am",32.386362,45.63963,15.71469,6.259314
"051","6am",18.357418,43.55457,23.65379,14.434223
"052","6am",24.531349,38.86773,27.69927,8.901653
"053","6am",4.792414,53.83781,34.37633,6.993438
"054","6am",17.370573,54.58933,20.29837,7.741733
"055","6am",10.472784,56.24632,20.3457,12.935197
"056","6am",14.034974,19.19606,18.9505,47.818467
"057","6am",13.827264,44.51055,11.33162,30.330564
"058","6am",5.858117,41.13111,23.75819,29.252581
"059","6am",17.54318,53.41888,16.33585,12.702095
"060","6am",38.227519,33.8353,19.32478,8.612402
"061","6am",12.387666,41.782,19.45398,26.376345
"062","6am",9.954285,40.30885,27.30543,22.431429
"063","6am",4.781476,48.69498,17.88021,28.643334
"064","6am",11.770951,19.68181,40.24684,28.300403
"065","6am",18.804798,37.89665,27.49663,15.80192
"066","6am",10.00718,37.02334,25.58682,27.382658
"067","6am",4.053283,36.55731,18.71113,40.678269
"068","6am",11.738233,47.30669,18.36282,22.592265
"069","6am",0,100,0,0
"070","6am",NA,NA,NA,NA
"071","6am",61.816161,38.18384,0,0
"072","6am",NA,NA,NA,NA
"073","6am",NA,NA,NA,NA
"074","6am",10.016193,30.27975,19.51477,40.18929
"075","6am",4.839996,25.34198,38.47255,31.345473
"076","6am",4.230067,18.45433,33.8912,43.424399
"077","6am",8.917926,23.87732,24.21103,42.993732
"078","6am",19.976476,43.70773,23.68251,12.633285
"079","6am",16.560219,35.2208,35.13136,13.087621
"080","6am",0,26.28629,0,73.713709
"081","6am",0,100,0,0
"082","6am",18.041452,57.11025,18.7472,6.101103
"083","6am",6.243756,49.67583,27.10494,16.975469
"084","6am",14.616226,36.44661,26.60873,22.328439
"085","6am",17.299905,32.06617,25.26956,25.364366
"086","6am",6.490465,50.725,26.37742,16.407119
"087","6am",22.156588,54.69292,16.26443,6.886058
"088","6am",5.837593,36.73022,32.44466,24.987525
"089","6am",5.995437,63.3154,23.49751,7.191655
"090","6am",13.879494,40.776,28.85854,16.485966
"091","6am",16.565358,47.00612,19.78157,16.646952
"092","6am",14.483238,33.29111,34.48818,17.737468
"093","6am",10.143646,57.87618,22.00411,9.976069
"094","6am",19.424685,59.65596,13.51826,7.401086
"095","6am",9.387564,33.58191,40.33157,16.698954
"096","6am",37.215324,42.37805,14.01289,6.393736
"097","6am",22.4597,43.18238,20.9144,13.443512
"098","6am",13.863166,38.99062,24.90543,22.240785
"099","6am",12.952377,22.59233,26.19384,38.261451
"100","6am",10.752383,41.25431,24.09902,23.894286
"101","6am",NA,NA,NA,NA
"102","6am",0,0,100,0
"103","6am",0,100,0,0
"104","6am",5.891686,42.47485,31.03221,20.601257
"001","7am",15.835691,38.67007,20.36927,25.12497
"002","7am",13.644992,26.66571,31.460343,28.228953
"003","7am",26.944577,36.20981,19.41686,17.428754
"004","7am",10.652592,37.31731,27.533266,24.496833
"005","7am",18.505727,34.26095,21.2698,25.963526
"006","7am",13.134884,34.49901,30.225506,22.140602
"007","7am",10.521776,42.53177,21.512232,25.434224
"008","7am",14.160558,43.05843,19.092292,23.68872
"009","7am",19.639087,38.35891,22.569337,19.432668
"010","7am",16.208607,36.79141,19.569645,27.430342
"011","7am",10.224942,49.99259,16.623179,23.159292
"012","7am",14.64489,44.92156,20.049859,20.383688
"013","7am",20.277319,47.41097,19.754336,12.557373
"014","7am",18.068827,59.38455,14.428129,8.118497
"015","7am",14.512892,32.33418,20.781069,32.371857
"016","7am",9.934501,29.57422,22.679654,37.811624
"017","7am",18.76109,39.37771,21.452219,20.40898
"018","7am",20.04393,46.42571,11.18363,22.346732
"019","7am",32.381305,25.02843,15.261008,27.329258
"020","7am",25.422991,42.54124,18.148392,13.88738
"021","7am",13.912945,22.24724,23.157173,40.682637
"022","7am",11.224015,45.26283,25.13887,18.374282
"023","7am",28.917092,54.49117,12.372896,4.218846
"024","7am",19.146716,25.84307,24.433628,30.57659
"025","7am",14.398186,28.57252,29.422322,27.606975
"026","7am",22.079546,38.29059,12.351607,27.27826
"027","7am",8.912696,43.02583,20.38549,27.675983
"028","7am",10.005185,35.57314,28.695089,25.726586
"029","7am",6.519596,31.62648,34.568989,27.284936
"030","7am",23.844432,44.24982,18.22751,13.678235
"031","7am",23.12504,51.97643,14.456695,10.44184
"032","7am",26.528698,29.2582,28.834003,15.3791
"033","7am",30.149599,37.28052,24.746529,7.823348
"034","7am",20.32088,45.6236,19.720174,14.33534
"035","7am",14.650015,31.95402,35.848057,17.547908
"036","7am",20.160434,51.84024,18.892475,9.106855
"037","7am",20.62088,36.14603,34.981241,8.251853
"038","7am",12.387108,40.73122,24.528064,22.353611
"039","7am",8.838394,44.04276,14.464318,32.654526
"040","7am",27.236896,40.45052,22.445596,9.866993
"041","7am",20.29953,55.44144,18.577416,5.681612
"042","7am",28.328793,59.98081,7.048418,4.641979
"043","7am",17.424574,58.87094,18.487086,5.217403
"044","7am",24.875793,46.72119,18.15556,10.247454
"045","7am",9.313959,51.35592,20.213651,19.116468
"046","7am",16.359163,32.492,28.003894,23.144939
"047","7am",10.568825,48.79347,20.590365,20.047342
"048","7am",15.219565,35.45201,24.380041,24.948379
"049","7am",24.091096,46.17659,13.903562,15.828749
"050","7am",35.364167,43.95982,13.676533,6.999478
"051","7am",19.842801,45.22787,21.838253,13.091072
"052","7am",28.516634,38.18916,24.339639,8.954568
"053","7am",7.049937,57.63929,28.193573,7.117204
"054","7am",16.777089,56.56248,19.885358,6.775077
"055","7am",11.508351,54.0007,20.759681,13.731272
"056","7am",14.798109,22.72196,15.399929,47.080003
"057","7am",18.434425,43.8236,11.471568,26.270411
"058","7am",8.34281,39.97882,26.1554,25.522971
"059","7am",18.543261,55.29935,14.3263,11.831087
"060","7am",38.357004,36.93346,17.020608,7.688929
"061","7am",13.936939,46.94715,18.055002,21.060912
"062","7am",7.351084,40.31821,33.070768,19.259935
"063","7am",5.536925,48.43864,19.590085,26.434353
"064","7am",12.126361,26.43769,31.639245,29.796707
"065","7am",19.503049,34.39339,28.391176,17.712386
"066","7am",10.366257,34.71891,26.212477,28.70236
"067","7am",8.245204,46.73657,13.270569,31.747659
"068","7am",7.674497,50.76086,17.384889,24.179759
"069","7am",0,100,0,0
"070","7am",0,42.04883,35.207928,22.743244
"071","7am",61.816161,38.18384,0,0
"072","7am",NA,NA,NA,NA
"073","7am",0,100,0,0
"074","7am",11.43435,31.55012,16.537899,40.477633
"075","7am",5.692021,28.84298,42.446056,23.018947
"076","7am",3.310862,19.57236,35.368372,41.748401
"077","7am",9.806021,19.58655,24.370836,46.236588
"078","7am",23.050322,45.0012,18.145544,13.802934
"079","7am",17.510658,36.28551,34.534474,11.669357
"080","7am",0,18.04818,0,81.951818
"081","7am",49.143695,50.8563,0,0
"082","7am",19.198519,55.98266,19.195252,5.623568
"083","7am",6.755612,54.06283,22.908025,16.273529
"084","7am",16.651039,36.49258,25.3181,21.538276
"085","7am",12.804593,31.17372,28.746415,27.275276
"086","7am",9.29532,51.04916,25.46795,14.187575
"087","7am",19.667949,49.4137,16.88635,14.032001
"088","7am",8.508283,33.20948,31.45861,26.823631
"089","7am",5.469658,62.55172,20.900633,11.077988
"090","7am",17.681572,37.80768,29.324514,15.186236
"091","7am",21.058231,51.15997,15.466105,12.315689
"092","7am",14.25657,39.52256,30.516167,15.704703
"093","7am",10.741532,57.42566,21.064455,10.768353
"094","7am",21.597586,58.66131,11.829033,7.912075
"095","7am",10.260449,34.29128,38.218685,17.229582
"096","7am",35.964683,42.671,18.003926,3.360392
"097","7am",22.068512,41.51449,21.364496,15.052505
"098","7am",12.923029,37.66613,29.981659,19.42918
"099","7am",13.999232,28.44605,21.808833,35.74588
"100","7am",10.303364,41.03876,23.762928,24.894945
"101","7am",0,63.98992,0,36.010081
"102","7am",0,42.4033,57.596696,0
"103","7am",0,75.47844,24.521555,0
"104","7am",6.952977,45.48837,27.865324,19.693331
"001","8am",12.328596,36.42143,22.206747,29.043226
"002","8am",10.204033,34.56855,29.672727,25.554692
"003","8am",22.957378,34.33199,23.462855,19.247775
"004","8am",11.023681,38.25098,28.193457,22.531884
"005","8am",18.034923,34.48249,19.206739,28.275852
"006","8am",13.603175,37.91785,26.08519,22.393786
"007","8am",11.342636,34.17999,24.759403,29.717966
"008","8am",12.564749,47.95133,19.759245,19.724678
"009","8am",18.2805,32.94409,25.614957,23.16045
"010","8am",16.607522,34.97349,21.153067,27.265922
"011","8am",11.554904,54.35416,14.450067,19.640866
"012","8am",15.592094,48.46423,18.392121,17.551558
"013","8am",18.397019,48.1587,19.075009,14.369268
"014","8am",20.297601,53.50929,13.206507,12.986603
"015","8am",14.446105,32.88227,22.589364,30.08226
"016","8am",10.339619,31.90086,24.749832,33.009694
"017","8am",20.850096,36.83622,22.168366,20.145313
"018","8am",24.80092,49.12136,9.49598,16.581741
"019","8am",34.58604,18.87505,20.817338,25.721577
"020","8am",17.311699,45.45343,17.402001,19.832871
"021","8am",7.374784,27.20068,27.63685,37.78769
"022","8am",13.422567,39.27435,26.769233,20.533849
"023","8am",26.885527,50.42775,16.035281,6.651439
"024","8am",21.14659,26.86658,21.047856,30.938973
"025","8am",16.057542,34.84231,28.931881,20.168268
"026","8am",25.396087,36.84315,7.466592,30.294169
"027","8am",7.773156,42.53464,22.948158,26.744044
"028","8am",11.078285,40.33291,22.118822,26.469988
"029","8am",10.768737,32.35159,32.06748,24.812196
"030","8am",20.053385,45.71355,17.445843,16.78722
"031","8am",19.719623,44.05385,20.436713,15.78981
"032","8am",30.028468,31.63505,24.305413,14.03107
"033","8am",31.545813,39.19614,21.457137,7.800907
"034","8am",22.567402,51.31514,10.517502,15.599953
"035","8am",11.581454,36.44704,33.487665,18.483845
"036","8am",21.94988,53.25075,16.094919,8.704456
"037","8am",22.958641,34.7186,32.194245,10.128511
"038","8am",13.156761,34.63597,27.751302,24.455966
"039","8am",8.933028,44.098,13.308194,33.660782
"040","8am",26.925172,40.57083,22.154262,10.349736
"041","8am",18.656903,50.64791,22.932505,7.762678
"042","8am",29.921449,58.52849,7.676163,3.873897
"043","8am",18.304866,57.97511,16.322115,7.397905
"044","8am",29.03319,46.6559,17.639217,6.671696
"045","8am",10.271244,46.73404,21.780358,21.214361
"046","8am",18.082434,44.70264,28.518777,8.696152
"047","8am",10.295563,49.13927,17.771986,22.793182
"048","8am",15.924785,36.40431,22.266146,25.40476
"049","8am",25.209393,42.48604,13.972731,18.331835
"050","8am",42.671821,40.49608,10.301469,6.530633
"051","8am",20.87272,49.78925,16.671724,12.666303
"052","8am",30.817092,34.68791,24.549867,9.945127
"053","8am",6.108405,60.44675,25.450534,7.994314
"054","8am",16.510718,58.47203,19.96497,5.052286
"055","8am",11.759002,56.63239,18.772678,12.835935
"056","8am",16.519197,23.62315,13.569732,46.287919
"057","8am",21.63895,49.92045,7.918598,20.521999
"058","8am",6.869297,37.81366,23.922146,31.394897
"059","8am",23.892738,47.32784,18.666162,10.113263
"060","8am",35.431064,41.8419,15.399267,7.327767
"061","8am",11.502474,48.83279,16.797429,22.867311
"062","8am",8.328053,38.04706,33.792748,19.832137
"063","8am",6.870751,53.91157,18.822818,20.394858
"064","8am",15.160797,32.66579,37.53243,14.640986
"065","8am",18.194994,43.5372,26.281177,11.986634
"066","8am",11.851064,32.31489,29.950442,25.883599
"067","8am",19.308525,39.4876,9.223426,31.980448
"068","8am",8.932711,51.49686,17.372359,22.198074
"069","8am",14.459937,85.54006,0,0
"070","8am",0,31.35441,41.705267,26.940326
"071","8am",61.816161,38.18384,0,0
"072","8am",NA,NA,NA,NA
"073","8am",0,100,0,0
"074","8am",14.396834,33.75332,16.974329,34.875517
"075","8am",6.643489,31.43867,41.505352,20.412487
"076","8am",1.827583,15.53842,33.419971,49.214024
"077","8am",9.435311,19.09928,31.415694,40.049718
"078","8am",24.756143,43.33163,19.907078,12.005148
"079","8am",17.94301,40.33917,26.166528,15.551288
"080","8am",0,24.79,0,75.210002
"081","8am",21.474812,78.52519,0,0
"082","8am",20.610271,55.48325,17.869389,6.037094
"083","8am",7.253957,53.52487,20.79858,18.422597
"084","8am",21.922633,32.83829,28.653759,16.585313
"085","8am",13.746772,34.33575,28.889668,23.027809
"086","8am",8.576849,53.41142,20.390243,17.621485
"087","8am",16.714243,42.32088,23.489025,17.475854
"088","8am",8.506371,40.43467,24.845904,26.213051
"089","8am",4.817765,65.74273,17.600678,11.838829
"090","8am",19.024095,37.81178,27.263337,15.900791
"091","8am",28.696658,45.39557,15.282819,10.624948
"092","8am",23.515549,34.35674,28.229574,13.898139
"093","8am",12.373461,56.82672,19.631894,11.167921
"094","8am",19.933917,56.59454,11.767788,11.703759
"095","8am",9.153791,47.083,32.929493,10.833717
"096","8am",25.831614,43.45952,24.792001,5.91687
"097","8am",20.797921,42.26654,21.352431,15.58311
"098","8am",9.439289,36.81476,35.117658,18.628296
"099","8am",14.367811,30.00749,21.131165,34.493536
"100","8am",9.36285,45.5531,24.15275,20.931303
"101","8am",0,43.94186,0,56.058144
"102","8am",0,0,100,0
"103","8am",0,75.47844,24.521555,0
"104","8am",6.880116,47.5566,29.295322,16.267965
"001","9am",12.66788,36.99819,24.750959,25.58297
"002","9am",10.588093,32.04402,31.580884,25.786999
"003","9am",20.296754,38.46631,22.391181,18.845757
"004","9am",9.967202,36.92145,28.452828,24.658523
"005","9am",19.17877,35.63836,18.681965,26.500903
"006","9am",11.684007,38.51693,28.182499,21.616561
"007","9am",10.103916,34.08722,25.048817,30.760047
"008","9am",12.956447,49.05225,18.690909,19.300397
"009","9am",20.267166,32.1486,25.908131,21.676099
"010","9am",15.184837,38.3835,18.967289,27.464375
"011","9am",15.395799,53.8921,13.444387,17.26771
"012","9am",16.185278,50.82415,16.034559,16.95601
"013","9am",20.036134,45.01597,20.009174,14.938721
"014","9am",19.928927,52.58056,15.939819,11.550697
"015","9am",12.691448,35.29987,23.527912,28.480769
"016","9am",12.678841,35.27616,23.718202,28.326799
"017","9am",20.303608,38.70446,25.598948,15.392983
"018","9am",22.253162,50.08943,11.778603,15.878809
"019","9am",36.228514,21.91644,19.249851,22.605193
"020","9am",20.30393,37.22829,19.768082,22.6997
"021","9am",9.005339,29.60701,24.252521,37.135133
"022","9am",11.486786,39.87314,24.778776,23.8613
"023","9am",27.53529,46.40663,17.704022,8.35406
"024","9am",18.189567,28.16259,20.424103,33.223742
"025","9am",17.492014,35.29622,29.595674,17.616096
"026","9am",27.217687,31.05693,9.466488,32.258894
"027","9am",9.418948,42.62611,18.723972,29.230967
"028","9am",13.956503,41.88231,20.634729,23.52646
"029","9am",13.720852,33.15016,27.460084,25.668902
"030","9am",15.850489,44.62704,22.576537,16.945937
"031","9am",18.45247,38.06445,24.511493,18.971583
"032","9am",32.321236,39.6545,16.03547,11.988791
"033","9am",34.161634,41.48321,17.267249,7.087909
"034","9am",24.833941,52.31239,8.25736,14.596311
"035","9am",11.456953,35.08072,35.953441,17.508885
"036","9am",24.277588,48.61298,17.799817,9.309611
"037","9am",22.862036,34.36721,32.774942,9.995816
"038","9am",11.593112,37.84172,24.879926,25.685238
"039","9am",10.901481,40.72331,14.285066,34.090146
"040","9am",24.960206,38.82135,25.836208,10.382238
"041","9am",19.058039,45.80678,24.487043,10.648137
"042","9am",31.515118,55.26421,6.929537,6.291136
"043","9am",16.674111,61.16368,15.164521,6.997689
"044","9am",21.35933,53.37977,17.304141,7.956758
"045","9am",11.866548,39.15607,24.100959,24.876424
"046","9am",15.428733,44.02096,26.298636,14.251676
"047","9am",10.992807,45.24882,16.536729,27.221648
"048","9am",16.208851,36.41268,21.771462,25.607012
"049","9am",27.080278,46.54946,13.33485,13.035417
"050","9am",43.490278,41.16441,9.787999,5.557315
"051","9am",21.220955,45.9989,18.923156,13.85699
"052","9am",33.726258,32.64381,22.534169,11.095762
"053","9am",7.323427,60.90773,24.639923,7.128917
"054","9am",19.464441,56.82382,18.623223,5.088513
"055","9am",11.576983,55.97366,20.323366,12.125993
"056","9am",16.328922,24.35705,14.362996,44.95103
"057","9am",19.981052,50.84937,8.409449,20.760132
"058","9am",9.973309,31.50466,25.412967,33.109059
"059","9am",23.490529,47.18465,19.59834,9.726482
"060","9am",37.019912,46.69171,9.048503,7.23988
"061","9am",8.451584,51.35365,16.643706,23.551057
"062","9am",7.991834,46.06283,28.207044,17.738291
"063","9am",8.533823,52.62131,19.671847,19.173018
"064","9am",18.067844,31.43742,33.271008,17.223732
"065","9am",22.141357,40.51612,27.129536,10.212984
"066","9am",12.021729,32.64717,29.092956,26.238143
"067","9am",18.575771,33.09708,7.513879,40.813266
"068","9am",8.489224,48.52879,21.082641,21.899347
"069","9am",14.459937,85.54006,0,0
"070","9am",0,48.53052,31.270008,20.199468
"071","9am",39.90662,24.65032,0,35.443063
"072","9am",0,100,0,0
"073","9am",0,100,0,0
"074","9am",15.852058,37.968,13.649873,32.530069
"075","9am",5.750444,31.12637,39.454132,23.669058
"076","9am",1.570481,15.21273,32.290452,50.926333
"077","9am",7.185644,21.68217,31.603666,39.528525
"078","9am",24.723535,43.84439,18.824335,12.607742
"079","9am",22.389792,36.94064,23.826468,16.843099
"080","9am",0,20.48971,17.346871,62.16342
"081","9am",14.999734,85.00027,0,0
"082","9am",21.659856,54.82903,17.166581,6.344535
"083","9am",6.055382,53.16874,21.013166,19.762714
"084","9am",23.821384,37.53955,27.088457,11.550611
"085","9am",15.338785,34.40255,28.091763,22.1669
"086","9am",5.710953,63.71635,15.868248,14.70445
"087","9am",16.251815,41.89994,23.970128,17.878117
"088","9am",6.244502,41.12063,27.023176,25.611687
"089","9am",6.34055,60.68855,20.596153,12.374748
"090","9am",20.217549,42.35986,24.150871,13.271717
"091","9am",25.844258,46.04281,17.45934,10.653593
"092","9am",23.815964,31.34511,27.331505,17.507421
"093","9am",10.9317,54.76559,27.91223,6.390479
"094","9am",18.535691,60.11587,10.221965,11.126475
"095","9am",11.800304,48.29029,28.260724,11.648686
"096","9am",24.826529,41.95231,26.462559,6.758598
"097","9am",21.719866,39.54661,22.555416,16.178112
"098","9am",10.391105,38.32765,34.67596,16.605283
"099","9am",13.002401,29.86042,22.532038,34.605144
"100","9am",10.529084,43.00196,29.587687,16.881266
"101","9am",0,45.84941,27.054986,27.095607
"102","9am",0,53.48599,46.514015,0
"103","9am",0,77.82626,22.173742,0
"104","9am",6.407356,48.98178,26.876453,17.734412
"001","10am",12.527228,42.97335,22.242246,22.257172
"002","10am",13.12901,32.83994,32.312955,21.718094
"003","10am",20.334791,37.01477,20.694884,21.955556
"004","10am",11.499681,35.9014,25.675232,26.92369
"005","10am",14.761462,36.81785,15.215043,33.205644
"006","10am",10.042526,41.58272,26.32916,22.045596
"007","10am",11.248776,34.85131,24.077188,29.822729
"008","10am",13.716009,48.92114,19.268184,18.094664
"009","10am",22.948493,31.7807,21.582282,23.688522
"010","10am",15.263063,39.22789,19.341723,26.167326
"011","10am",16.174439,54.64575,11.613641,17.566168
"012","10am",16.161703,48.41001,17.084347,18.343945
"013","10am",21.054875,47.34915,19.456212,12.139759
"014","10am",16.015417,50.92407,20.242737,12.817773
"015","10am",13.113232,36.05303,23.468338,27.365405
"016","10am",13.875899,37.22732,21.069503,27.827274
"017","10am",21.60386,38.84747,22.194173,17.3545
"018","10am",21.14037,53.69876,14.943067,10.217807
"019","10am",31.137163,25.73174,18.539449,24.591648
"020","10am",22.193125,37.28731,18.64403,21.875534
"021","10am",9.058077,29.09448,25.292489,36.554955
"022","10am",10.397134,41.622,23.233569,24.747301
"023","10am",25.319933,47.67951,19.055089,7.94547
"024","10am",18.23487,28.61574,23.392731,29.756654
"025","10am",21.127771,29.87522,27.990161,21.006848
"026","10am",30.470068,35.2534,6.719803,27.556725
"027","10am",12.766061,38.39297,19.391947,29.449023
"028","10am",13.945385,45.12427,18.387829,22.542516
"029","10am",12.454557,30.43789,28.826185,28.281363
"030","10am",16.789678,45.19242,22.527797,15.490106
"031","10am",18.458654,40.4363,23.3058,17.799247
"032","10am",26.60586,35.03977,21.926369,16.428002
"033","10am",39.72419,38.18443,16.585828,5.505554
"034","10am",23.473871,49.79736,7.972158,18.756614
"035","10am",11.853413,35.74825,35.04343,17.354912
"036","10am",21.889551,51.11882,15.075174,11.916458
"037","10am",24.31433,37.02848,29.078988,9.578199
"038","10am",11.060206,37.07862,28.751984,23.10919
"039","10am",11.439319,41.02947,15.412077,32.119133
"040","10am",23.68074,42.32908,24.388199,9.601977
"041","10am",21.533293,45.73867,20.972163,11.755869
"042","10am",28.74881,52.14932,9.417478,9.684393
"043","10am",13.04094,63.63608,15.136516,8.186462
"044","10am",23.220873,54.62219,18.120492,4.036443
"045","10am",12.371044,38.52525,25.467734,23.635974
"046","10am",15.490881,45.45405,23.665677,15.389392
"047","10am",11.582963,46.74309,12.712222,28.961726
"048","10am",15.152529,32.77346,25.915312,26.158703
"049","10am",30.902096,41.32814,15.492772,12.276994
"050","10am",48.294401,34.46958,11.411491,5.824532
"051","10am",22.885201,42.96824,20.244451,13.902111
"052","10am",33.386111,33.4402,21.41572,11.757965
"053","10am",7.178023,62.71074,23.854831,6.256409
"054","10am",17.693798,57.77223,19.81559,4.718379
"055","10am",11.204927,54.99609,20.695076,13.103903
"056","10am",17.509539,25.93578,14.567051,41.98763
"057","10am",21.579857,47.04994,10.64592,20.724285
"058","10am",10.184352,28.9016,26.269175,34.64487
"059","10am",22.747969,48.72899,18.780822,9.742221
"060","10am",39.714466,42.4871,9.798914,7.999517
"061","10am",13.142856,46.26509,16.631542,23.960516
"062","10am",9.029519,42.76762,32.539486,15.663372
"063","10am",9.282582,60.92153,9.667152,20.128732
"064","10am",18.617599,36.11826,26.13758,19.126559
"065","10am",21.223599,42.01197,25.763118,11.001312
"066","10am",12.516016,31.30966,29.074185,27.10014
"067","10am",12.757043,32.32774,17.317643,37.597572
"068","10am",6.980673,49.47467,24.409261,19.1354
"069","10am",14.451376,67.22985,18.318769,0
"070","10am",0,61.68248,23.279609,15.037915
"071","10am",22.023742,42.94829,15.46758,19.560386
"072","10am",0,100,0,0
"073","10am",0,100,0,0
"074","10am",16.235692,40.46898,14.354776,28.940553
"075","10am",6.525522,31.27806,36.24014,25.956275
"076","10am",1.533751,16.44544,32.299531,49.721275
"077","10am",6.4613,21.1704,30.412107,41.956195
"078","10am",24.415413,40.34183,19.64457,15.598184
"079","10am",19.458321,39.06761,25.823857,15.650209
"080","10am",0,20.48971,17.346871,62.16342
"081","10am",10.860382,58.79333,30.346284,0
"082","10am",21.150685,55.71099,16.326393,6.811933
"083","10am",7.920794,52.46651,19.496561,20.11614
"084","10am",20.859233,44.00325,23.76978,11.367739
"085","10am",14.201203,36.46333,26.827133,22.508336
"086","10am",11.305189,51.25526,18.900856,18.53869
"087","10am",13.288817,44.23652,25.730509,16.744151
"088","10am",5.503941,39.85367,27.20261,27.439779
"089","10am",8.699285,57.92678,21.599942,11.773995
"090","10am",18.453199,40.17414,27.840133,13.532531
"091","10am",29.399186,44.60209,16.214521,9.784204
"092","10am",22.03015,35.76553,26.326526,15.877797
"093","10am",17.614159,46.75904,30.779292,4.847506
"094","10am",18.072937,57.40064,13.446236,11.08019
"095","10am",12.491086,46.99742,28.163902,12.347596
"096","10am",23.388701,43.54732,27.270626,5.793355
"097","10am",21.881311,43.33517,18.814793,15.968724
"098","10am",12.29336,36.3042,36.736977,14.66546
"099","10am",16.129584,36.84404,19.515181,27.511197
"100","10am",8.131096,40.27123,29.5269,22.070772
"101","10am",0,45.84941,27.054986,27.095607
"102","10am",0,47.17021,52.829792,0
"103","10am",0,100,0,0
"104","10am",6.6143,46.91196,28.097195,18.376546
"001","11am",11.394515,40.41929,23.454563,24.731636
"002","11am",11.189369,34.20559,33.061698,21.543338
"003","11am",20.725938,35.34271,22.14553,21.785826
"004","11am",10.871467,36.9493,26.522817,25.656413
"005","11am",15.679484,35.80219,18.089964,30.428362
"006","11am",8.626803,38.49706,29.568951,23.307184
"007","11am",12.7077,33.84979,23.564078,29.878436
"008","11am",11.845544,49.75024,19.751939,18.65228
"009","11am",22.104243,29.68133,25.741195,22.473227
"010","11am",16.877348,35.64003,21.541383,25.941242
"011","11am",17.374389,54.14889,9.553792,18.922929
"012","11am",16.260443,46.95594,18.454401,18.329219
"013","11am",19.508606,45.31833,19.756422,15.416646
"014","11am",15.974411,52.73497,18.219958,13.070657
"015","11am",14.720354,34.27741,20.724305,30.277931
"016","11am",10.581965,39.53533,24.88078,25.00193
"017","11am",18.703595,40.70927,21.985677,18.601461
"018","11am",18.971481,50.90667,12.9113,17.210549
"019","11am",39.298939,23.15178,19.418483,18.1308
"020","11am",19.405202,41.5527,19.540277,19.501817
"021","11am",9.182941,29.64626,22.312542,38.85826
"022","11am",11.132457,43.56874,22.382828,22.915975
"023","11am",27.808342,46.74862,18.19017,7.252873
"024","11am",21.608389,27.47829,20.917629,29.995692
"025","11am",17.984915,32.93018,26.708795,22.376106
"026","11am",30.620463,36.96489,9.644267,22.770383
"027","11am",11.627515,38.37485,20.333657,29.663975
"028","11am",15.589127,40.51738,17.887712,26.005785
"029","11am",10.944874,32.81116,31.081013,25.162955
"030","11am",16.578975,40.18907,23.522331,19.709622
"031","11am",15.736672,39.38414,26.550955,18.328232
"032","11am",29.874067,33.4934,22.570923,14.061612
"033","11am",37.572445,35.06861,21.770259,5.588688
"034","11am",25.677147,50.75313,11.809636,11.760084
"035","11am",13.794877,34.2305,32.901143,19.073485
"036","11am",25.505369,53.75911,13.070731,7.664787
"037","11am",20.168662,35.39752,32.567664,11.866151
"038","11am",11.425327,36.66712,29.291153,22.6164
"039","11am",11.38148,42.35714,11.96137,34.30001
"040","11am",23.331134,40.94685,22.394964,13.327052
"041","11am",16.970124,47.43168,22.364279,13.233916
"042","11am",30.89364,56.11289,6.810449,6.183019
"043","11am",17.386579,61.87124,13.461591,7.280592
"044","11am",21.699926,59.13231,12.754173,6.413594
"045","11am",12.427003,42.44383,20.152811,24.976359
"046","11am",18.519323,47.57555,20.445443,13.459687
"047","11am",10.237551,50.20362,15.898518,23.660308
"048","11am",15.282706,36.9828,22.680602,25.053895
"049","11am",27.722672,37.68342,16.959806,17.634107
"050","11am",44.866697,37.93567,10.894163,6.303471
"051","11am",21.151317,48.40033,20.299569,10.148787
"052","11am",37.422847,32.70393,19.689882,10.183342
"053","11am",7.388122,63.18903,23.298251,6.124596
"054","11am",19.497479,52.6355,21.900788,5.966236
"055","11am",10.94009,53.29747,22.622696,13.139741
"056","11am",16.462184,26.51415,12.443932,44.579736
"057","11am",21.795236,53.56778,9.7496,14.887386
"058","11am",8.216412,32.32619,27.107419,32.34998
"059","11am",26.211472,46.36537,16.995367,10.42779
"060","11am",37.931634,41.77627,13.230222,7.061869
"061","11am",15.579991,45.73306,16.129497,22.557457
"062","11am",9.349679,36.12713,39.655851,14.867339
"063","11am",7.460467,57.71483,13.826558,20.998151
"064","11am",20.223502,35.76738,26.158807,17.850314
"065","11am",18.850156,44.51036,23.468921,13.170566
"066","11am",11.4196,35.71258,28.267215,24.600605
"067","11am",13.421631,35.53368,26.106271,24.938422
"068","11am",8.450521,48.03598,23.023183,20.490317
"069","11am",17.059481,61.31568,21.62484,0
"070","11am",0,56.66362,26.328791,17.007593
"071","11am",22.023742,42.94829,15.46758,19.560386
"072","11am",0,100,0,0
"073","11am",0,100,0,0
"074","11am",16.59404,38.52183,17.118256,27.765874
"075","11am",5.384199,31.10527,40.523542,22.986992
"076","11am",2.022677,17.35606,31.276785,49.344478
"077","11am",7.564826,21.42816,30.742338,40.264675
"078","11am",23.927378,43.35903,17.092957,15.620635
"079","11am",14.184528,46.03729,25.115429,14.662757
"080","11am",0,20.48971,17.346871,62.16342
"081","11am",10.860382,58.79333,30.346284,0
"082","11am",21.875879,55.3268,16.085777,6.71154
"083","11am",7.821405,53.19717,20.852777,18.128651
"084","11am",21.453207,41.615,25.5136,11.418196
"085","11am",13.480865,37.17185,27.224602,22.122683
"086","11am",7.252375,49.63469,24.304315,18.80862
"087","11am",16.154511,44.89469,21.891296,17.059505
"088","11am",8.543685,40.88904,25.151389,25.415891
"089","11am",5.280963,57.85132,24.064926,12.802788
"090","11am",19.132467,40.37516,24.840795,15.651574
"091","11am",28.353637,46.288,15.76194,9.596425
"092","11am",19.803208,36.75634,28.739116,14.701336
"093","11am",13.415815,57.02917,20.518637,9.036378
"094","11am",21.046015,56.7709,11.375477,10.807609
"095","11am",10.411261,45.53423,34.478912,9.575601
"096","11am",24.82989,43.69985,25.531908,5.938352
"097","11am",19.840384,43.62661,20.206414,16.326595
"098","11am",13.543024,38.86846,33.72407,13.864449
