"district","hour","mode1","mode2","mode3"
"001","4am",10.2720186,24.47292,65.255064
"002","4am",14.1244252,30.43748,55.4381
"003","4am",10.8173567,30.18055,59.002093
"004","4am",12.8377142,24.73084,62.431442
"005","4am",13.9522037,29.58101,56.466788
"006","4am",15.3476654,32.61159,52.040741
"007","4am",12.4137324,25.06477,62.521494
"008","4am",16.1165828,28.61027,55.273143
"009","4am",11.0686049,36.87752,52.053872
"010","4am",26.4159062,44.82681,28.757283
"011","4am",9.6856062,63.93571,26.378682
"012","4am",14.3162456,27.37524,58.308513
"013","4am",14.4153104,56.76611,28.818577
"014","4am",17.933442,39.65719,42.40937
"015","4am",13.7584315,54.90406,31.337504
"016","4am",11.4572461,66.29128,22.251471
"017","4am",26.6273737,21.62713,51.745493
"018","4am",17.0656484,44.21086,38.723496
"019","4am",11.7799318,74.53715,13.682918
"020","4am",11.7270406,52.39492,35.878039
"021","4am",16.0466107,50.43532,33.518074
"022","4am",20.4915507,37.93158,41.576865
"023","4am",20.5154086,39.03589,40.448702
"024","4am",17.789666,59.43351,22.776826
"025","4am",17.7273999,51.80129,30.47131
"026","4am",19.892819,42.88101,37.226172
"027","4am",12.4407769,79.27888,8.280342
"028","4am",13.7380314,63.92941,22.332556
"029","4am",7.1652789,73.66301,19.171713
"030","4am",17.3802607,45.61074,37.009004
"031","4am",20.3201665,42.53114,37.148693
"032","4am",15.8843784,64.11698,19.998646
"033","4am",29.9129704,48.41286,21.674171
"034","4am",14.1231568,60.02005,25.856792
"035","4am",4.1814982,86.78685,9.031648
"036","4am",9.6826922,77.87177,12.445542
"037","4am",7.3347188,64.85647,27.80881
"038","4am",7.5602755,66.54754,25.892181
"039","4am",8.587436,56.25951,35.153051
"040","4am",9.5289263,60.9878,29.483271
"041","4am",12.6732533,66.18379,21.142956
"042","4am",15.7700214,74.64906,9.58092
"043","4am",4.5345444,81.69678,13.768675
"044","4am",6.8575806,90.1957,2.94672
"045","4am",1.7074506,85.93792,12.354626
"046","4am",1.9029185,81.93012,16.166964
"047","4am",7.2973932,68.28751,24.415092
"048","4am",6.7204349,58.8232,34.456362
"049","4am",7.9092046,50.13901,41.951785
"050","4am",16.8002625,43.52676,39.672978
"051","4am",4.9483639,61.55364,33.497993
"052","4am",0.4284902,67.63968,31.931831
"053","4am",12.9666838,72.94753,14.085784
"054","4am",5.5648957,84.60102,9.834085
"055","4am",8.1264255,67.92607,23.947502
"056","4am",4.4938349,74.45609,21.050071
"057","4am",10.8070867,78.24245,10.950463
"058","4am",1.5339141,85.14581,13.32028
"059","4am",4.460206,46.17441,49.365382
"060","4am",16.6846216,59.96906,23.346321
"061","4am",11.8542972,75.50142,12.644278
"062","4am",9.9194244,90.08058,0
"063","4am",7.7035177,80.47672,11.819761
"064","4am",6.4927782,77.18282,16.324402
"065","4am",7.3953448,58.63566,33.968996
"066","4am",6.7885688,50.7697,42.441729
"067","4am",2.5053249,83.97212,13.522555
"068","4am",5.4798797,36.08068,58.439444
"069","4am",NA,NA,NA
"070","4am",NA,NA,NA
"071","4am",NA,NA,NA
"072","4am",NA,NA,NA
"073","4am",NA,NA,NA
"074","4am",1.2265628,88.84095,9.932487
"075","4am",6.9405583,87.35686,5.70258
"076","4am",8.5284911,75.20946,16.262049
"077","4am",6.5135809,87.84746,5.638957
"078","4am",5.8180919,73.86779,20.314119
"079","4am",6.1851414,65.19257,28.622288
"080","4am",0,100,0
"081","4am",NA,NA,NA
"082","4am",2.3589328,91.45535,6.185719
"083","4am",4.2432598,76.3223,19.434441
"084","4am",5.4013513,89.76538,4.833268
"085","4am",7.1749091,65.31611,27.508986
"086","4am",2.3264487,93.15683,4.516725
"087","4am",3.8127197,84.99927,11.18801
"088","4am",2.3945925,91.47777,6.127636
"089","4am",8.927577,79.7353,11.337119
"090","4am",7.3287393,79.62625,13.045015
"091","4am",3.5258527,88.05174,8.422411
"092","4am",3.0730759,83.96143,12.965497
"093","4am",5.5322231,71.46201,23.005767
"094","4am",5.7418821,67.44247,26.815648
"095","4am",4.709848,63.12784,32.162313
"096","4am",14.7508106,61.46899,23.780199
"097","4am",3.7536268,61.37798,34.868396
"098","4am",11.0822311,38.88813,50.029635
"099","4am",4.0462031,60.4009,35.552893
"100","4am",2.4968414,29.76905,67.734109
"101","4am",NA,NA,NA
"102","4am",NA,NA,NA
"103","4am",NA,NA,NA
"104","4am",3.4373083,74.26392,22.298769
"001","5am",10.5400656,23.38506,66.074871
"002","5am",15.1188765,31.25939,53.621736
"003","5am",10.693623,30.97918,58.327201
"004","5am",13.2424441,25.282,61.475551
"005","5am",13.9523024,29.28033,56.767365
"006","5am",15.6548065,32.95112,51.394078
"007","5am",12.804587,25.92453,61.270888
"008","5am",16.2261613,28.12489,55.648951
"009","5am",11.0864915,36.77552,52.13799
"010","5am",25.7591371,45.22691,29.013953
"011","5am",9.1869965,63.96788,26.845122
"012","5am",14.449369,26.69992,58.85071
"013","5am",14.7140957,56.42181,28.864096
"014","5am",15.9736971,45.38258,38.643726
"015","5am",13.8579881,54.57775,31.564264
"016","5am",11.3216904,66.69011,21.988204
"017","5am",25.7161932,21.64173,52.642078
"018","5am",16.9751737,44.50663,38.518201
"019","5am",11.8270237,74.43536,13.737618
"020","5am",11.680585,52.5835,35.735911
"021","5am",16.1599674,50.08518,33.754853
"022","5am",20.2357101,38.70652,41.057771
"023","5am",20.4522293,38.14394,41.403834
"024","5am",18.3043817,58.25978,23.435838
"025","5am",17.5120262,52.31638,30.171591
"026","5am",20.0248426,43.1656,36.809558
"027","5am",12.1750589,79.72146,8.103486
"028","5am",13.854173,63.62447,22.521356
"029","5am",7.1652789,73.66301,19.171713
"030","5am",17.405533,44.65406,37.940409
"031","5am",19.9516626,43.01179,37.036547
"032","5am",15.8843784,63.3081,20.80752
"033","5am",30.2589891,47.81612,21.924887
"034","5am",14.2697178,59.60517,26.125117
"035","5am",4.1045502,87.03,8.865448
"036","5am",8.732511,78.88115,12.386341
"037","5am",7.7447805,64.87562,27.379602
"038","5am",7.4533182,67.0208,25.525877
"039","5am",8.587436,56.25951,35.153051
"040","5am",9.6032497,60.68352,29.713234
"041","5am",12.8441588,65.72776,21.42808
"042","5am",15.8952868,74.44769,9.657024
"043","5am",4.6450738,81.25064,14.104286
"044","5am",6.9212236,90.10471,2.974068
"045","5am",1.7074506,85.93792,12.354626
"046","5am",1.930428,81.66889,16.400682
"047","5am",7.3865454,67.90008,24.713371
"048","5am",6.6539493,59.23057,34.115484
"049","5am",7.8590935,50.45492,41.685988
"050","5am",17.0773248,42.59543,40.327246
"051","5am",4.9119263,61.83674,33.251329
"052","5am",0.4198248,68.2941,31.286071
"053","5am",13.8902033,71.02079,15.089009
"054","5am",5.6143025,84.4643,9.921395
"055","5am",7.703798,69.59413,22.702074
"056","5am",4.4938349,74.45609,21.050071
"057","5am",10.8098998,78.23679,10.953313
"058","5am",1.5316674,85.16756,13.30077
"059","5am",4.5080589,43.86087,51.631073
"060","5am",16.8854317,59.48726,23.627309
"061","5am",11.8885198,75.4307,12.680781
"062","5am",8.9588132,91.04119,0
"063","5am",6.8563399,81.53962,11.604036
"064","5am",6.5744619,76.89576,16.529774
"065","5am",7.5350663,57.85416,34.610778
"066","5am",6.715549,51.87004,41.414414
"067","5am",2.4750458,84.16583,13.359123
"068","5am",5.3945515,37.07598,57.529472
"069","5am",NA,NA,NA
"070","5am",NA,NA,NA
"071","5am",0,100,0
"072","5am",NA,NA,NA
"073","5am",NA,NA,NA
"074","5am",1.2507128,88.62124,10.128049
"075","5am",6.9157363,87.40208,5.682185
"076","5am",8.5862549,75.04155,16.372192
"077","5am",6.6034119,87.67986,5.716726
"078","5am",5.8372044,73.78194,20.380851
"079","5am",6.2197213,64.99797,28.78231
"080","5am",0,100,0
"081","5am",NA,NA,NA
"082","5am",2.4509938,91.12188,6.427127
"083","5am",4.2372485,76.35584,19.406909
"084","5am",5.4446973,88.4075,6.147798
"085","5am",6.6553966,64.96343,28.381177
"086","5am",2.3818615,92.99383,4.624307
"087","5am",3.6915816,84.89705,11.411365
"088","5am",2.4412512,91.31172,6.247033
"089","5am",8.4655794,81.63063,9.903786
"090","5am",7.2932134,80.78055,11.926232
"091","5am",3.6377323,89.48487,6.877401
"092","5am",3.1321613,84.88543,11.982406
"093","5am",5.7708348,70.23113,23.998035
"094","5am",5.7885592,67.1778,27.033639
"095","5am",4.7539466,62.7826,32.463451
"096","5am",14.9070207,61.06095,24.03203
"097","5am",3.6139421,63.54355,32.842511
"098","5am",10.913392,39.81918,49.267427
"099","5am",4.0355451,59.4105,36.553956
"100","5am",1.8716857,30.71437,67.413944
"101","5am",NA,NA,NA
"102","5am",NA,NA,NA
"103","5am",NA,NA,NA
"104","5am",3.4694264,74.02345,22.507128
"001","6am",11.111212,26.30494,62.583844
"002","6am",14.65032,34.91149,50.438194
"003","6am",10.753442,32.92657,56.319993
"004","6am",12.954681,22.44671,64.59861
"005","6am",13.658216,28.49629,57.845489
"006","6am",15.793768,33.77745,50.42878
"007","6am",12.910431,27.24476,59.844806
"008","6am",14.414644,28.595,56.990356
"009","6am",9.5355,36.36738,54.097119
"010","6am",25.637855,45.5995,28.76265
"011","6am",10.384489,62.53767,27.077842
"012","6am",14.854647,27.50411,57.641239
"013","6am",15.059197,55.39973,29.541069
"014","6am",17.623647,44.58276,37.793593
"015","6am",12.79958,57.69978,29.500638
"016","6am",11.071607,67.42588,21.50251
"017","6am",26.296722,22.97511,50.728167
"018","6am",16.574851,44.77331,38.651837
"019","6am",11.827024,74.43536,13.737618
"020","6am",9.953173,51.80893,38.237892
"021","6am",14.188896,50.90994,34.901163
"022","6am",21.978959,37.85655,40.164495
"023","6am",19.114783,35.62121,45.264008
"024","6am",18.632365,58.55392,22.813712
"025","6am",16.42315,52.44278,31.134072
"026","6am",20.167153,39.58004,40.252803
"027","6am",12.575231,80.3033,7.12147
"028","6am",13.218993,63.81574,22.965264
"029","6am",6.576742,75.41195,18.01131
"030","6am",14.714264,48.63789,36.647848
"031","6am",17.210105,46.17584,36.614051
"032","6am",16.53229,62.65333,20.814375
"033","6am",30.060305,45.82642,24.11327
"034","6am",13.882101,59.04686,27.071036
"035","6am",5.590789,87.55133,6.857877
"036","6am",10.044142,77.94758,12.008275
"037","6am",7.799186,62.56129,29.639521
"038","6am",7.798138,64.37901,27.82285
"039","6am",8.464198,56.88723,34.648571
"040","6am",9.556635,61.60768,28.835685
"041","6am",12.644457,64.99549,22.36005
"042","6am",15.138661,74.54021,10.321126
"043","6am",5.158022,80.35393,14.488047
"044","6am",5.58975,91.25933,3.150917
"045","6am",1.773306,84.49776,13.728938
"046","6am",1.967511,81.31676,16.715733
"047","6am",6.981786,68.3736,24.644611
"048","6am",6.770822,57.6884,35.540781
"049","6am",7.564673,49.80081,42.634515
"050","6am",19.038593,40.22664,40.734769
"051","6am",4.414916,60.63775,34.947335
"052","6am",0,68.32825,31.671746
"053","6am",12.899849,69.93952,17.160632
"054","6am",4.630203,85.65049,9.719311
"055","6am",4.319549,74.03036,21.650091
"056","6am",3.99155,73.76032,22.248133
"057","6am",10.995327,77.86347,11.1412
"058","6am",1.606519,84.44272,13.950766
"059","6am",4.659916,43.73023,51.609855
"060","6am",16.313335,62.4698,21.216863
"061","6am",11.886074,75.98352,12.130405
"062","6am",8.757455,91.24255,0
"063","6am",6.010503,80.72896,13.260532
"064","6am",6.326604,75.84762,17.825776
"065","6am",7.547672,57.78365,34.668681
"066","6am",6.747961,51.96901,41.283026
"067","6am",2.475046,84.16583,13.359123
"068","6am",5.317834,37.97083,56.711334
"069","6am",NA,NA,NA
"070","6am",NA,NA,NA
"071","6am",0,100,0
"072","6am",0,100,0
"073","6am",NA,NA,NA
"074","6am",1.320677,87.98472,10.694606
"075","6am",7.247794,88.18165,4.570552
"076","6am",8.412218,75.54744,16.04034
"077","6am",5.931492,88.96978,5.098727
"078","6am",3.470792,76.47052,20.05869
"079","6am",6.193672,65.14456,28.661763
"080","6am",0,100,0
"081","6am",NA,NA,NA
"082","6am",0,92.45685,7.543153
"083","6am",4.412722,76.57831,19.008969
"084","6am",3.340562,90.29827,6.361172
"085","6am",6.686002,64.80231,28.51169
"086","6am",2.507153,92.62529,4.867555
"087","6am",1.279795,85.85789,12.862317
"088","6am",2.413177,91.41163,6.175193
"089","6am",7.883633,83.1392,8.977171
"090","6am",6.473505,81.74313,11.78336
"091","6am",1.419849,91.40461,7.175541
"092","6am",3.245798,85.24462,11.509583
"093","6am",4.938725,70.85132,24.209955
"094","6am",6.072231,67.15041,26.77736
"095","6am",4.800633,62.4171,32.782263
"096","6am",13.977881,61.66242,24.359695
"097","6am",3.423818,63.49139,33.084796
"098","6am",10.57523,41.68394,47.740829
"099","6am",4.067491,60.19256,35.739945
"100","6am",1.7925,32.77732,65.430176
"101","6am",NA,NA,NA
"102","6am",0,100,0
"103","6am",NA,NA,NA
"104","6am",3.570915,72.5211,23.907983
"001","7am",18.6120886,30.03166,51.356256
"002","7am",18.9813589,35.10295,45.9156955
"003","7am",12.5048635,32.76941,54.7257254
"004","7am",13.7842351,22.88089,63.3348784
"005","7am",12.9603127,24.33371,62.7059774
"006","7am",19.2056073,31.44301,49.3513859
"007","7am",23.4112442,32.62486,43.9638973
"008","7am",16.3748021,25.91299,57.7122071
"009","7am",15.5030129,40.71744,43.7795453
"010","7am",29.1466593,44.88523,25.9681063
"011","7am",12.8684341,59.35952,27.7720505
"012","7am",11.1424131,32.46116,56.3964258
"013","7am",18.6258313,50.68016,30.6940124
"014","7am",21.4225596,42.21551,36.361928
"015","7am",19.0594783,54.20194,26.7385841
"016","7am",11.2965294,65.50305,23.2004179
"017","7am",20.0888028,26.74786,53.1633383
"018","7am",12.5276062,46.53757,40.9348194
"019","7am",11.8505893,71.71472,16.4346939
"020","7am",12.3676036,53.9994,33.632999
"021","7am",13.4230237,54.212,32.3649743
"022","7am",22.4892556,36.29604,41.2147085
"023","7am",10.126976,43.11765,46.7553702
"024","7am",19.0524683,59.07389,21.8736462
"025","7am",15.1198247,51.31414,33.5660356
"026","7am",18.6918032,38.90113,42.4070708
"027","7am",11.3504778,80.98006,7.6694612
"028","7am",14.0741162,62.65651,23.2693772
"029","7am",6.3394727,75.32174,18.3387897
"030","7am",12.7532093,56.35578,30.891014
"031","7am",14.3065021,54.68282,31.0106822
"032","7am",13.6018372,62.88775,23.5104164
"033","7am",26.932175,44.86237,28.2054501
"034","7am",14.0963042,49.0757,36.8279955
"035","7am",14.9659518,79.05464,5.9794109
"036","7am",5.0409527,82.24069,12.7183547
"037","7am",5.6516567,64.51028,29.838062
"038","7am",7.6423886,65.11624,27.2413711
"039","7am",6.0788121,61.88524,32.035951
"040","7am",10.9909521,54.03849,34.9705533
"041","7am",9.2932236,64.9354,25.7713807
"042","7am",17.0258959,71.67743,11.2966784
"043","7am",3.1722537,79.38658,17.4411636
"044","7am",6.7614905,89.42709,3.8114216
"045","7am",1.2119303,83.69313,15.0949425
"046","7am",1.625188,80.05354,18.3212745
"047","7am",13.9305284,60.70527,25.3642048
"048","7am",7.9508932,55.71225,36.3368556
"049","7am",7.3402209,46.56556,46.0942167
"050","7am",16.3707232,39.31098,44.318297
"051","7am",5.2510137,58.18362,36.5653623
"052","7am",0,64.56606,35.4339389
"053","7am",9.0686474,69.76079,21.1705615
"054","7am",2.9978154,86.10808,10.8941007
"055","7am",2.5972647,79.67833,17.7244055
"056","7am",2.5702758,75.76386,21.665869
"057","7am",6.0953726,78.69144,15.2131916
"058","7am",0.7696895,85.43503,13.7952758
"059","7am",8.2519118,46.40399,45.344094
"060","7am",16.528888,59.64155,23.8295643
"061","7am",15.0350671,73.83771,11.1272237
"062","7am",7.7388715,91.73726,0.5238671
"063","7am",6.1871385,81.46944,12.3434215
"064","7am",3.2888078,82.80515,13.9060455
"065","7am",5.9055378,54.90195,39.1925083
"066","7am",8.1723426,55.05489,36.7727699
"067","7am",1.2827549,87.63337,11.0838772
"068","7am",5.762816,48.58228,45.6549006
"069","7am",NA,NA,NA
"070","7am",0,100,0
"071","7am",0,100,0
"072","7am",0,100,0
"073","7am",0,100,0
"074","7am",0,89.11588,10.884117
"075","7am",2.6146588,89.52778,7.8575581
"076","7am",7.8594466,80.29284,11.8477167
"077","7am",1.9043124,91.79975,6.2959338
"078","7am",1.4800921,75.18775,23.3321604
"079","7am",8.0970143,60.63292,31.2700659
"080","7am",0,100,0
"081","7am",0,100,0
"082","7am",0,91.46062,8.5393812
"083","7am",1.3659079,77.9477,20.6863971
"084","7am",10.0335008,85.55914,4.4073617
"085","7am",11.6471193,60.98303,27.3698486
"086","7am",0.9060671,94.21967,4.8742679
"087","7am",15.3123314,74.18373,10.5039396
"088","7am",1.2642941,94.53364,4.2020694
"089","7am",11.9483711,80.94073,7.1108991
"090","7am",5.1104936,79.58513,15.3043737
"091","7am",0,89.14675,10.8532536
"092","7am",1.6923304,87.05163,11.2560389
"093","7am",5.615063,67.96651,26.4184272
"094","7am",6.4081053,64.43142,29.1604756
"095","7am",5.3054977,66.11852,28.5759787
"096","7am",11.3848113,63.49178,25.1234115
"097","7am",5.0017668,64.35962,30.6386094
"098","7am",17.0685656,40.46756,42.463877
"099","7am",3.8706364,62.96639,33.1629785
"100","7am",1.6001653,43.00938,55.3904581
"101","7am",0,100,0
"102","7am",0,100,0
"103","7am",0,100,0
"104","7am",1.1352356,75.03951,23.825252
"001","8am",23.985164,32.83076,43.1840725
"002","8am",24.6044217,40.08124,35.3143393
"003","8am",15.1203368,40.06077,44.8188923
"004","8am",10.5442823,28.32267,61.133046
"005","8am",12.0694562,32.34433,55.5862141
"006","8am",16.1903299,36.72794,47.0817336
"007","8am",25.8863662,30.94781,43.1658269
"008","8am",12.7456481,30.10799,57.1463652
"009","8am",18.2177504,39.02902,42.7532286
"010","8am",29.6263465,40.58986,29.7837888
"011","8am",14.9370184,55.64006,29.4229241
"012","8am",13.5291084,29.88495,56.5859396
"013","8am",21.1365029,46.77247,32.0910249
"014","8am",20.4432143,47.04525,32.5115407
"015","8am",15.784889,57.536,26.679107
"016","8am",13.4484274,64.25628,22.2952969
"017","8am",17.7025018,29.79205,52.5054479
"018","8am",12.4000279,46.4232,41.1767679
"019","8am",14.9621196,69.2886,15.7492802
"020","8am",17.2925525,51.22558,31.4818647
"021","8am",13.5213083,54.97577,31.5029263
"022","8am",22.1219071,46.53658,31.3415163
"023","8am",10.0064936,46.635,43.3585089
"024","8am",22.8561872,52.21682,24.926997
"025","8am",11.5919053,51.19296,37.215135
"026","8am",25.4138851,35.60848,38.9776378
"027","8am",9.9320629,85.39823,4.6697041
"028","8am",12.3933053,55.47174,32.1349547
"029","8am",6.8131937,70.03015,23.1566526
"030","8am",15.4925753,55.7663,28.7411288
"031","8am",11.7160124,59.62836,28.6556284
"032","8am",13.4154938,61.08094,25.5035696
"033","8am",23.9811994,42.35423,33.6645734
"034","8am",14.2929148,46.34986,39.3572273
"035","8am",13.3627553,80.7758,5.8614477
"036","8am",4.9310592,83.85948,11.2094575
"037","8am",2.8090231,65.30174,31.8892332
"038","8am",8.1088584,67.70795,24.1831882
"039","8am",8.1765282,58.13279,33.6906842
"040","8am",7.3149049,61.30872,31.3763735
"041","8am",9.8111114,65.56535,24.6235411
"042","8am",16.9553493,70.99254,12.0521102
"043","8am",3.2520369,77.55935,19.1886157
"044","8am",6.8002947,88.54819,4.6515111
"045","8am",2.945762,80.4893,16.5649392
"046","8am",3.8633166,74.44439,21.6922955
"047","8am",16.1190654,55.60574,28.2751903
"048","8am",7.7333926,57.91369,34.3529144
"049","8am",5.6411674,48.13127,46.2275588
"050","8am",15.347545,40.67496,43.977496
"051","8am",5.4890801,52.99628,41.514643
"052","8am",0,63.73565,36.2643502
"053","8am",10.1010206,63.32577,26.5732128
"054","8am",2.3096948,86.21152,11.478784
"055","8am",2.7270604,83.65298,13.6199606
"056","8am",1.6437962,73.09155,25.264652
"057","8am",6.4491214,79.96913,13.5817439
"058","8am",0.6907531,86.26193,13.0473135
"059","8am",10.2713636,48.80585,40.9227888
"060","8am",14.4523732,58.97471,26.5729147
"061","8am",15.2369255,73.46151,11.30156
"062","8am",7.7504819,91.81014,0.4393809
"063","8am",1.144247,85.43031,13.4254422
"064","8am",3.7038098,77.91889,18.3772992
"065","8am",5.7899996,55.74967,38.4603313
"066","8am",9.0054949,56.93642,34.0580846
"067","8am",1.0395175,79.78766,19.172826
"068","8am",5.6469752,49.84832,44.5047087
"069","8am",27.4851077,72.51489,0
"070","8am",0,100,0
"071","8am",0,100,0
"072","8am",0,100,0
"073","8am",0,100,0
"074","8am",0,83.75558,16.2444223
"075","8am",2.875716,90.1606,6.9636858
"076","8am",7.0160155,83.34132,9.6426613
"077","8am",1.5950439,91.34119,7.0637659
"078","8am",2.6666358,73.24096,24.0924054
"079","8am",8.2039935,60.14482,31.6511867
"080","8am",0,100,0
"081","8am",0,100,0
"082","8am",0,92.04853,7.9514714
"083","8am",1.4797244,78.98042,19.5398543
"084","8am",10.3518629,85.10093,4.547207
"085","8am",12.8405826,60.1834,26.976021
"086","8am",0.9347289,94.03681,5.0284563
"087","8am",14.8840586,74.14968,10.9662618
"088","8am",2.2604768,93.51083,4.2286963
"089","8am",15.0348713,78.46993,6.4951946
"090","8am",1.2898474,77.99953,20.7106234
"091","8am",0,81.04639,18.9536123
"092","8am",1.5488411,87.23009,11.2210662
"093","8am",4.8701798,67.73382,27.3960006
"094","8am",4.2960744,68.3819,27.3220304
"095","8am",5.6375635,59.15727,35.205168
"096","8am",10.2121089,66.29924,23.4886464
"097","8am",6.5723458,64.52757,28.9000855
"098","8am",15.7309557,48.42907,35.8399736
"099","8am",5.2789771,60.49831,34.2227148
"100","8am",5.6129249,49.06584,45.3212379
"101","8am",0,100,0
"102","8am",0,100,0
"103","8am",0,100,0
"104","8am",2.1043799,71.84893,26.0466943
"001","9am",32.9801289,33.41203,33.607838
"002","9am",25.9077698,39.98758,34.104645
"003","9am",15.021813,41.819,43.159191
"004","9am",9.8313445,31.20243,58.966227
"005","9am",13.6971069,31.88985,54.413045
"006","9am",17.7226387,34.9632,47.314161
"007","9am",25.1381235,32.60841,42.253468
"008","9am",14.3526016,26.77695,58.870449
"009","9am",19.320715,39.1264,41.552882
"010","9am",29.4866615,35.5194,34.993938
"011","9am",14.8618832,54.09521,31.042911
"012","9am",16.1497369,32.52319,51.327074
"013","9am",22.1726987,43.75197,34.075333
"014","9am",17.1768337,47.83488,34.988291
"015","9am",14.2497115,59.53047,26.219821
"016","9am",14.0660641,59.09079,26.84315
"017","9am",15.4049532,29.54034,55.054707
"018","9am",10.977086,46.1454,42.877511
"019","9am",14.4265782,72.11445,13.458971
"020","9am",17.3426612,50.61835,32.038991
"021","9am",12.1879434,53.51309,34.298963
"022","9am",16.4702769,47.77444,35.755285
"023","9am",8.0652007,48.58572,43.349084
"024","9am",21.1986746,54.51164,24.289681
"025","9am",12.0024038,46.99058,41.007016
"026","9am",19.7044085,38.84595,41.449637
"027","9am",9.5667925,84.01062,6.422586
"028","9am",11.3251254,57.33301,31.341867
"029","9am",7.7220354,76.87605,15.401917
"030","9am",17.8004736,57.09072,25.108811
"031","9am",14.905284,59.54473,25.549986
"032","9am",9.7115364,64.17302,26.115445
"033","9am",23.8431727,43.00255,33.154279
"034","9am",15.2028642,44.77602,40.021115
"035","9am",12.7618343,81.1702,6.067963
"036","9am",5.9103466,84.7376,9.352049
"037","9am",0.8927873,63.9134,35.193814
"038","9am",9.043737,68.80421,22.152056
"039","9am",9.2507348,58.38792,32.361342
"040","9am",9.3788643,64.28274,26.3384
"041","9am",7.3632406,71.61034,21.02642
"042","9am",13.8696166,72.76779,13.362589
"043","9am",3.5374274,74.00214,22.460431
"044","9am",1.0943673,91.07609,7.829548
"045","9am",3.1283171,84.09408,12.777599
"046","9am",3.6894138,72.02568,24.284905
"047","9am",16.4538058,51.81441,31.731788
"048","9am",9.7432955,58.95973,31.296972
"049","9am",5.4321042,48.18841,46.379485
"050","9am",6.286479,45.03069,48.682834
"051","9am",7.4956059,51.71241,40.791988
"052","9am",0,58.91424,41.085759
"053","9am",9.5711494,61.80491,28.623941
"054","9am",2.3313948,86.08198,11.586629
"055","9am",1.4739038,84.41867,14.107424
"056","9am",1.6209429,71.36771,27.011347
"057","9am",8.3710204,78.41941,13.209565
"058","9am",1.1567802,85.65011,13.193112
"059","9am",10.4039216,45.24668,44.349402
"060","9am",14.5132295,57.4727,28.014072
"061","9am",11.7379256,74.85087,13.411201
"062","9am",5.4860308,92.85656,1.657409
"063","9am",1.4962622,81.20482,17.298921
"064","9am",5.4805031,73.8721,20.647399
"065","9am",5.1012861,54.43038,40.468336
"066","9am",9.9607511,55.90025,34.139001
"067","9am",1.0534741,84.23123,14.715299
"068","9am",4.8294267,51.55672,43.613857
"069","9am",27.4851077,72.51489,0
"070","9am",0,100,0
"071","9am",20.0124004,79.9876,0
"072","9am",0,100,0
"073","9am",0,100,0
"074","9am",0,79.32291,20.677093
"075","9am",2.3219791,89.55395,8.124073
"076","9am",8.1641463,83.77379,8.062062
"077","9am",1.5450468,91.54638,6.908569
"078","9am",2.9165277,71.70088,25.38259
"079","9am",5.7379867,57.17314,37.088877
"080","9am",20.0983791,79.90162,0
"081","9am",0,100,0
"082","9am",0,88.47575,11.524251
"083","9am",0.1031042,79.47283,20.424063
"084","9am",8.8758822,85.87026,5.253858
"085","9am",12.9331953,61.01978,26.047027
"086","9am",0.774812,94.26768,4.957512
"087","9am",14.9986448,73.95067,11.050687
"088","9am",0.7982969,94.64489,4.556809
"089","9am",13.9769898,79.91839,6.104618
"090","9am",1.3791854,77.00498,21.615839
"091","9am",0,80.32688,19.673117
"092","9am",1.3753487,89.00081,9.623841
"093","9am",2.7051613,69.269,28.025838
"094","9am",3.4822613,69.27352,27.244224
"095","9am",3.3230951,52.50966,44.167241
"096","9am",9.0333261,69.35061,21.616064
"097","9am",6.5032692,63.50089,29.995839
"098","9am",11.3845122,52.95663,35.658861
"099","9am",6.273719,56.32234,37.403942
"100","9am",8.0470452,48.31006,43.642898
"101","9am",0,100,0
"102","9am",0,100,0
"103","9am",0,100,0
"104","9am",1.9768266,75.02043,23.002744
"001","10am",29.5717032,32.75694,37.671355
"002","10am",26.9952725,36.82235,36.182376
"003","10am",12.7998922,40.47539,46.724718
"004","10am",12.3041868,36.16665,51.529166
"005","10am",10.7581189,37.75256,51.489317
"006","10am",20.2494515,31.08726,48.663291
"007","10am",24.3691588,32.63181,42.999036
"008","10am",12.7392198,29.16779,58.09299
"009","10am",19.3782562,43.1987,37.423046
"010","10am",29.8875173,33.17789,36.934592
"011","10am",12.6557724,54.17137,33.172861
"012","10am",14.5013339,28.24417,57.254495
"013","10am",20.0908286,43.29372,36.615456
"014","10am",17.6295284,53.70256,28.667907
"015","10am",12.7253096,60.47504,26.799649
"016","10am",15.1831918,58.57376,26.243048
"017","10am",14.366948,31.26241,54.370645
"018","10am",8.8260496,41.78264,49.391311
"019","10am",14.9935879,69.39542,15.610989
"020","10am",20.7921245,47.94761,31.260269
"021","10am",15.5442019,49.76215,34.693649
"022","10am",18.2036837,42.94926,38.84706
"023","10am",7.9582702,48.97454,43.067185
"024","10am",20.6496869,53.63223,25.718084
"025","10am",12.452511,49.35473,38.192757
"026","10am",24.7191837,28.39997,46.880848
"027","10am",12.6856071,79.758,7.556392
"028","10am",6.9967418,60.67776,32.325495
"029","10am",6.8215953,75.46442,17.713987
"030","10am",17.0236496,52.92231,30.054039
"031","10am",13.453736,59.23906,27.307199
"032","10am",11.1013807,60.76917,28.129454
"033","10am",14.0683161,47.41382,38.517862
"034","10am",14.589711,48.17351,37.236775
"035","10am",11.5072498,83.2783,5.214454
"036","10am",3.2296706,84.5801,12.190225
"037","10am",1.4294053,59.94384,38.626757
"038","10am",8.4352672,72.88369,18.681044
"039","10am",7.6885278,57.43364,34.877828
"040","10am",5.521422,65.79682,28.68176
"041","10am",6.7088493,73.1433,20.14785
"042","10am",10.3936496,76.40354,13.202814
"043","10am",4.2404489,70.73882,25.020732
"044","10am",1.2641308,88.07977,10.656094
"045","10am",3.3041601,82.28824,14.407598
"046","10am",4.6523304,71.5651,23.782573
"047","10am",19.4727802,52.41828,28.108943
"048","10am",6.327836,58.65237,35.01979
"049","10am",1.19109,47.61454,51.194366
"050","10am",9.5477781,42.98687,47.46535
"051","10am",5.6842849,50.11523,44.200488
"052","10am",0,58.8081,41.191897
"053","10am",6.9541108,57.40611,35.639777
"054","10am",2.5789282,85.8318,11.589269
"055","10am",1.4568063,83.87876,14.664435
"056","10am",1.730448,66.25287,32.016681
"057","10am",4.2440747,85.4546,10.301321
"058","10am",1.2177017,82.8497,15.932596
"059","10am",9.7131425,44.83105,45.455806
"060","10am",15.2502807,58.67183,26.077885
"061","10am",11.3032571,73.36635,15.330396
"062","10am",6.798943,91.72394,1.477115
"063","10am",4.0864405,80.06381,15.849754
"064","10am",8.7930032,72.05999,19.147005
"065","10am",2.8434448,61.88134,35.27522
"066","10am",10.3001663,54.55281,35.14702
"067","10am",1.0710746,90.90191,8.02702
"068","10am",4.4680092,53.51675,42.015237
"069","10am",18.5541036,81.4459,0
"070","10am",0,100,0
"071","10am",9.6323769,90.36762,0
"072","10am",0,100,0
"073","10am",0,100,0
"074","10am",0,81.78649,18.213513
"075","10am",3.1012308,91.27921,5.619554
"076","10am",8.4696988,83.44293,8.087375
"077","10am",1.6275983,91.75391,6.618492
"078","10am",2.6987233,73.61266,23.688614
"079","10am",4.6132258,56.58037,38.8064
"080","10am",20.0983791,79.90162,0
"081","10am",0,80.02809,19.971909
"082","10am",0,89.81337,10.186627
"083","10am",0.1051019,81.93067,17.964231
"084","10am",8.6588672,85.60758,5.733549
"085","10am",12.884714,59.38721,27.728079
"086","10am",0.6531573,95.16772,4.179123
"087","10am",15.6751005,74.15271,10.172194
"088","10am",1.7692899,93.8659,4.364805
"089","10am",11.7576147,82.07404,6.168341
"090","10am",1.2474966,80.18608,18.566424
"091","10am",0,83.0217,16.978298
"092","10am",2.0278722,86.34434,11.627786
"093","10am",8.3086334,62.81362,28.877743
"094","10am",2.6192113,61.60567,35.775118
"095","10am",1.5805003,56.66844,41.75106
"096","10am",9.4868306,68.62086,21.892311
"097","10am",5.5294621,62.99442,31.47612
"098","10am",11.2889115,51.5569,37.154185
"099","10am",8.5024754,50.221,41.276521
"100","10am",7.9323018,48.04258,44.025116
"101","10am",0,100,0
"102","10am",0,100,0
"103","10am",NA,NA,NA
"104","10am",2.2623156,75.93405,21.80363
"001","11am",26.4065479,31.13103,42.4624255
"002","11am",25.6191243,37.47887,36.9020053
"003","11am",13.5679832,38.45466,47.9773544
"004","11am",12.2077354,31.92993,55.8623394
"005","11am",10.1432874,40.21322,49.6434956
"006","11am",18.6945474,33.90323,47.402226
"007","11am",24.2950696,30.53886,45.1660713
"008","11am",14.4730005,26.76609,58.7609053
"009","11am",22.3710512,41.24639,36.3825547
"010","11am",28.9254088,37.43451,33.6400775
"011","11am",12.4627145,54.53449,33.0027949
"012","11am",14.2773866,25.50316,60.2194496
"013","11am",14.8126625,42.51097,42.6763673
"014","11am",14.0324488,53.08624,32.8813123
"015","11am",14.3029953,58.65685,27.0401522
"016","11am",12.6436493,58.34117,29.0151791
"017","11am",14.826102,29.28981,55.8840928
"018","11am",8.2886058,45.15922,46.5521721
"019","11am",16.406486,68.02599,15.5675277
"020","11am",19.4522524,49.81449,30.7332594
"021","11am",18.1921678,48.42958,33.3782525
"022","11am",14.9810463,46.42087,38.5980848
"023","11am",7.4754633,48.16805,44.3564899
"024","11am",20.3266426,52.60242,27.0709372
"025","11am",12.7481216,45.50647,41.7454057
"026","11am",26.1837409,28.03742,45.7788401
"027","11am",13.9096764,78.4202,7.670124
"028","11am",7.5260858,63.47384,29.0000723
"029","11am",9.0035857,71.59788,19.3985316
"030","11am",14.0814305,55.60184,30.3167279
"031","11am",11.5875879,60.9584,27.4540151
"032","11am",17.4024139,55.05507,27.5425164
"033","11am",13.1036563,54.31765,32.5786893
"034","11am",14.526911,47.88502,37.5880721
"035","11am",12.4302312,81.2902,6.2795652
"036","11am",5.8270803,78.30969,15.8632272
"037","11am",2.0882477,62.60514,35.306612
"038","11am",5.7781328,74.64295,19.5789183
"039","11am",7.7945887,57.70848,34.4969313
"040","11am",7.0237369,70.72936,22.2469019
"041","11am",7.6331671,67.85425,24.5125819
"042","11am",11.2608719,75.26149,13.477634
"043","11am",3.686176,73.97305,22.3407737
"044","11am",1.2647469,92.21623,6.5190189
"045","11am",3.3195468,82.20576,14.4746909
"046","11am",4.1550495,70.97183,24.873116
"047","11am",19.5124884,51.02442,29.4630927
"048","11am",7.7305543,54.45989,37.8095574
"049","11am",2.3585249,51.18731,46.4541684
"050","11am",10.2037894,44.65501,45.1412005
"051","11am",5.7170484,45.93338,48.3495756
"052","11am",2.2638142,54.85412,42.8820634
"053","11am",7.0936516,62.69453,30.2118186
"054","11am",1.4753807,86.57669,11.9479302
"055","11am",1.4196692,86.28524,12.2950911
"056","11am",2.735599,69.66236,27.6020389
"057","11am",4.9735373,84.03511,10.9913574
"058","11am",1.8603802,84.45559,13.6840275
"059","11am",8.3394482,42.38125,49.2793029
"060","11am",12.6623551,57.7026,29.6350445
"061","11am",11.7435047,74.45474,13.8017554
"062","11am",6.5838886,92.44803,0.9680834
"063","11am",3.9382638,77.47753,18.5842035
"064","11am",8.7372637,74.88724,16.3754956
"065","11am",3.2385821,60.37193,36.3894881
"066","11am",11.9385105,55.73756,32.323929
"067","11am",1.17063,91.85213,6.977245
"068","11am",4.2502808,53.54707,42.2026471
"069","11am",21.7725015,78.2275,0
"070","11am",0,78.93239,21.0676085
"071","11am",0,77.3596,22.6404003
"072","11am",0,100,0
"073","11am",0,100,0
"074","11am",0,81.93058,18.0694218
"075","11am",2.2007001,92.42571,5.3735925
"076","11am",8.6671661,82.67148,8.6613545
"077","11am",2.5345351,85.1396,12.325862
"078","11am",2.7797297,71.93558,25.2846917
"079","11am",5.440158,51.68581,42.8740309
"080","11am",20.0983791,79.90162,0
"081","11am",0,80.02809,19.9719088
"082","11am",0,93.80875,6.1912453
"083","11am",0.1036746,79.35744,20.5388827
"084","11am",8.8809733,85.23841,5.880619
"085","11am",12.0774363,60.9495,26.9730635
"086","11am",0.6824693,94.95086,4.3666715
"087","11am",16.530671,72.08293,11.3864004
"088","11am",1.9395318,94.4352,3.6252658
"089","11am",10.6667266,83.43912,5.8941505
"090","11am",1.3727699,78.19637,20.4308594
"091","11am",0,80.96715,19.0328465
"092","11am",1.948968,87.27574,10.7752932
"093","11am",7.503254,71.43597,21.0607785
"094","11am",5.5105084,58.96471,35.5247769
"095","11am",5.9247179,56.56657,37.5087083
"096","11am",11.2995689,67.32277,21.377662
"097","11am",5.583173,59.16911,35.2477202
"098","11am",12.6340492,47.06806,40.2978877
"099","11am",6.427111,61.68441,31.8884763
"100","11am",5.954954,50.84789,43.1971523
"101","11am",0,100,0
"102","11am",0,100,0
"103","11am",0,100,0
"104","11am",2.1767125,77.00114,20.8221441
"001","12am",19.8124481,28.90176,51.285792
"002","12am",19.4139555,33.66588,46.92016
"003","12am",13.9938994,31.97126,54.034845
"004","12am",13.9632156,31.18892,54.847864
"005","12am",8.6770872,31.63964,59.68327
"006","12am",21.0692122,27.25646,51.674326
"007","12am",20.3073867,25.83928,53.853334
"008","12am",7.208145,23.90132,68.890535
"009","12am",20.5794722,38.75824,40.662291
"010","12am",27.6578191,35.23117,37.11101
"011","12am",14.054077,51.65083,34.295093
"012","12am",14.9979944,23.43384,61.568165
"013","12am",11.8033537,40.18435,48.012293
"014","12am",16.5571304,47.84577,35.597103
"015","12am",20.5286224,47.41298,32.058395
"016","12am",10.2681185,60.40904,29.322843
"017","12am",14.701212,26.19732,59.10147
"018","12am",6.1730603,44.80461,49.022333
"019","12am",13.9368169,68.58454,17.478643
"020","12am",16.4704236,49.86285,33.666724
"021","12am",18.2911588,48.76984,32.938999
"022","12am",13.7189745,45.16871,41.112315
"023","12am",9.0057715,47.91577,43.078462
"024","12am",22.432797,51.03774,26.529463
"025","12am",13.9329018,42.92545,43.141651
"026","12am",22.8761727,36.17332,40.950503
"027","12am",13.310099,81.18458,5.505326
"028","12am",10.7751329,66.92698,22.297884
"029","12am",8.9032002,75.25822,15.838575
"030","12am",12.094983,48.6136,39.29142
"031","12am",12.9667664,51.67448,35.358754
"032","12am",17.7015978,54.47752,27.820882
"033","12am",19.7101183,52.31349,27.976395
"034","12am",14.2491433,53.94063,31.810229
"035","12am",11.1302937,79.49012,9.379587
"036","12am",3.364787,80.2864,16.348811
"037","12am",6.1537609,60.03751,33.808732
"038","12am",4.8752755,72.47851,22.646218
"039","12am",8.927742,55.54301,35.529249
"040","12am",10.2328506,64.71251,25.054637
"041","12am",8.9889033,67.49447,23.516631
"042","12am",13.9844369,67.09834,18.917225
"043","12am",4.4625589,74.33826,21.199177
"044","12am",3.3913356,91.67349,4.935176
"045","12am",3.1174229,81.58831,15.294263
"046","12am",3.324676,76.45272,20.222605
"047","12am",17.5421252,50.23247,32.2254
"048","12am",7.7467998,53.2246,39.028603
"049","12am",2.5780992,49.68877,47.733127
"050","12am",8.4565303,41.19138,50.352092
"051","12am",5.4213446,51.74309,42.835569
"052","12am",2.0889287,58.34176,39.569314
"053","12am",7.1672332,63.50649,29.326274
"054","12am",1.3968149,87.2915,11.311688
"055","12am",1.0082578,83.53592,15.455819
"056","12am",2.9869578,66.31552,30.697522
"057","12am",4.9044207,84.76082,10.334758
"058","12am",1.8932506,77.64319,20.463561
"059","12am",5.841069,35.96732,58.19161
"060","12am",15.4048345,57.40613,27.189035
"061","12am",14.4933482,69.46972,16.036936
"062","12am",7.2972,91.06492,1.637885
"063","12am",3.1719838,79.5546,17.273412
"064","12am",9.7365414,75.12349,15.139964
"065","12am",3.2753551,57.87568,38.848964
"066","12am",10.6185369,52.275,37.106467
"067","12am",6.1694883,87.89321,5.937304
"068","12am",6.6113248,47.08118,46.307494
"069","12am",26.7409882,45.66548,27.59353
"070","12am",0,81.70859,18.291411
"071","12am",0,85.60544,14.394562
"072","12am",0,100,0
"073","12am",0,100,0
"074","12am",0,86.79018,13.209818
"075","12am",1.3957768,91.99303,6.611191
"076","12am",8.7780454,76.20616,15.015797
"077","12am",1.2152005,84.82901,13.955793
"078","12am",2.4590506,71.27389,26.267055
"079","12am",5.0500819,54.33281,40.61711
"080","12am",21.8171393,29.89862,48.284238
"081","12am",0,71.51152,28.488476
"082","12am",0,95.05613,4.943872
"083","12am",0.101405,79.20653,20.692069
"084","12am",8.4504879,84.22519,7.32432
"085","12am",12.8399002,59.04065,28.119454
"086","12am",0.7560838,88.60046,10.643457
"087","12am",15.3941077,72.65056,11.955337
"088","12am",2.8927922,91.16741,5.939801
"089","12am",12.1094643,77.14439,10.74615
"090","12am",1.503713,73.50069,24.995594
"091","12am",0,79.15079,20.84921
"092","12am",1.7814474,88.00969,10.208864
"093","12am",7.110088,67.63403,25.255878
"094","12am",6.4453273,58.41399,35.140681
"095","12am",6.9088625,56.50672,36.584421
"096","12am",12.0398459,64.5346,23.425551
"097","12am",6.9009016,58.73509,34.364008
"098","12am",12.5789283,44.8972,42.523871
"099","12am",4.0590087,61.01763,34.923366
"100","12am",6.2948568,44.45063,49.254513
"101","12am",0,100,0
"102","12am",0,100,0
"103","12am",0,100,0
"104","12am",1.885886,77.03148,21.082637
"001","1pm",20.16024,29.5728,50.266958
"002","1pm",22.459175,24.89495,52.645872
"003","1pm",12.236384,31.24081,56.522809
"004","1pm",11.472326,33.90755,54.620127
"005","1pm",10.047416,34.05374,55.898847
"006","1pm",23.642253,27.66686,48.690887
"007","1pm",18.555891,28.47573,52.968383
"008","1pm",6.804436,26.19001,67.005551
"009","1pm",21.408966,35.54042,43.050611
"010","1pm",28.56004,37.62385,33.816108
"011","1pm",19.971507,52.37498,27.653514
"012","1pm",12.105978,22.78827,65.105747
"013","1pm",15.383076,37.20266,47.41426
"014","1pm",18.471073,42.66088,38.868046
"015","1pm",21.532112,49.19379,29.274096
"016","1pm",10.519382,58.57415,30.906471
"017","1pm",18.075191,28.18869,53.736118
"018","1pm",11.720992,42.05759,46.221421
"019","1pm",14.458153,68.1898,17.352047
"020","1pm",14.36285,56.16545,29.471696
"021","1pm",18.486421,48.58006,32.933515
"022","1pm",15.753377,41.24611,43.000514
"023","1pm",9.243643,49.56969,41.186664
"024","1pm",18.46946,53.91148,27.619061
"025","1pm",13.659297,40.88088,45.459824
"026","1pm",21.116135,36.60841,42.275457
"027","1pm",13.54993,80.41245,6.037625
"028","1pm",8.749931,63.0597,28.190369
"029","1pm",14.231343,73.94751,11.82115
"030","1pm",10.914232,54.3514,34.734368
"031","1pm",11.436118,53.62996,34.933924
"032","1pm",20.337307,48.21897,31.443718
"033","1pm",20.83132,41.51312,37.65556
"034","1pm",16.069387,58.23273,25.697879
"035","1pm",9.708424,77.83573,12.455848
"036","1pm",3.199005,83.77614,13.024856
"037","1pm",5.720257,62.68926,31.590488
"038","1pm",5.105935,72.53174,22.362329
"039","1pm",7.51365,55.52517,36.961176
"040","1pm",11.5697,65.23996,23.190345
"041","1pm",7.196278,66.6022,26.20152
"042","1pm",14.708409,69.49248,15.799111
"043","1pm",4.575762,75.01755,20.406686
"044","1pm",5.940844,91.84507,2.214089
"045","1pm",3.246897,81.7196,15.033505
"046","1pm",2.245795,73.59722,24.156987
"047","1pm",16.014669,49.81483,34.170498
"048","1pm",8.191738,54.99048,36.81778
"049","1pm",2.203148,52.38241,45.414441
"050","1pm",11.00601,41.53499,47.459003
"051","1pm",7.184804,49.34012,43.475076
"052","1pm",2.005099,60.28167,37.713233
"053","1pm",5.37678,68.15869,26.464533
"054","1pm",1.333199,87.87028,10.796517
"055","1pm",2.149647,83.25709,14.593265
"056","1pm",2.908956,70.29375,26.797297
"057","1pm",5.238765,82.83037,11.930866
"058","1pm",2.13183,76.50338,21.364789
"059","1pm",10.682003,36.39186,52.926133
"060","1pm",12.690742,60.23545,27.073811
"061","1pm",13.791457,70.99168,15.216859
"062","1pm",8.938482,90.10107,0.960448
"063","1pm",3.892688,79.33911,16.768199
"064","1pm",8.911375,74.07369,17.014936
"065","1pm",2.540958,55.31165,42.147394
"066","1pm",10.108785,55.30176,34.589452
"067","1pm",5.552756,88.38555,6.061696
"068","1pm",7.491982,46.14267,46.365347
"069","1pm",26.740988,45.66548,27.59353
"070","1pm",0,81.70859,18.291411
"071","1pm",0,85.60544,14.394562
"072","1pm",0,100,0
"073","1pm",0,100,0
"074","1pm",1.679346,84.73806,13.582595
