"district","hour","occ1","occ2","occ3","occ4","occ5"
"001","4am",45.05318,10.772652,7.9808824,31.47637,4.716913
"002","4am",43.17986,8.8237464,7.8006981,30.79521,9.40049
"003","4am",32.54607,6.982459,5.5182376,44.72645,10.226781
"004","4am",36.67725,12.4397982,2.4939124,42.87671,5.512332
"005","4am",48.24504,7.6062848,5.975221,32.37953,5.793924
"006","4am",43.06881,5.0056083,5.5534427,38.64938,7.722758
"007","4am",41.30065,10.840745,8.183787,30.68495,8.989862
"008","4am",39.9556,6.4867572,3.4066488,36.84038,13.310608
"009","4am",41.28443,8.5073339,6.1723475,34.59977,9.436122
"010","4am",45.71378,5.0924218,1.5417021,40.60298,7.049124
"011","4am",36.49183,5.0635298,2.8751878,49.73559,5.833861
"012","4am",42.03328,6.8205688,1.9287606,41.4937,7.723693
"013","4am",43.01405,7.017778,3.6279775,38.89895,7.441252
"014","4am",48.0488,6.5603475,10.0616439,23.93528,11.393923
"015","4am",52.02453,6.7460547,7.4813338,30.39775,3.350327
"016","4am",45.34408,4.7907365,5.6780667,37.67512,6.511994
"017","4am",47.45616,9.1652274,2.0923749,37.6748,3.611437
"018","4am",43.09255,10.3191416,4.1771386,37.61305,4.79812
"019","4am",53.34604,5.9965775,4.5544082,32.83603,3.266937
"020","4am",43.83016,12.5280822,10.2927295,29.28581,4.063216
"021","4am",26.42603,5.8493519,9.1387367,49.04005,9.545833
"022","4am",36.18345,14.1615608,3.7731805,39.46588,6.415922
"023","4am",35.77205,13.436442,4.6113552,26.02539,20.154761
"024","4am",42.70156,3.8512821,2.0491141,41.43241,9.965632
"025","4am",47.60601,10.7463672,4.6009793,31.14231,5.904333
"026","4am",47.40583,12.584769,4.8416382,32.62273,2.545029
"027","4am",55.08157,6.2259423,8.4996936,26.32149,3.871304
"028","4am",33.44177,5.4035442,4.1759126,46.45203,10.526734
"029","4am",49.89582,8.3404305,3.6347757,34.96097,3.168012
"030","4am",50.74484,7.4324791,1.2087865,31.59797,9.015926
"031","4am",42.82195,11.6307531,5.1705519,26.17658,14.200165
"032","4am",48.70464,5.5083996,2.2763575,37.83595,5.674658
"033","4am",38.45943,7.1814186,5.6724634,34.74745,13.939239
"034","4am",40.59322,9.2678694,1.3654714,43.44613,5.327315
"035","4am",61.36131,7.351123,3.3027107,25.84124,2.143615
"036","4am",48.87939,7.9902121,2.3269188,33.73156,7.071923
"037","4am",46.14792,6.3051366,4.7496927,38.79523,4.002012
"038","4am",43.55431,5.3458453,2.0316039,44.10078,4.967462
"039","4am",38.92332,9.3361616,3.6087897,42.02147,6.110254
"040","4am",53.18582,10.8561093,1.7941937,28.11209,6.051792
"041","4am",54.88553,4.9702601,5.5351679,27.82568,6.78336
"042","4am",42.04527,10.6192729,9.5325865,27.784,10.018867
"043","4am",58.29639,5.7052497,2.3575737,29.19923,4.441557
"044","4am",46.16398,8.305469,0.8763475,37.17355,7.480655
"045","4am",52.39938,5.5499159,3.4432863,31.59325,7.014174
"046","4am",51.01478,3.9138486,4.4747844,34.54269,6.053897
"047","4am",39.95609,5.9509584,4.6590679,46.46965,2.964231
"048","4am",37.48216,6.1808112,4.8965743,43.41128,8.029168
"049","4am",30.15154,3.627577,3.781824,58.5092,3.929852
"050","4am",51.26116,9.2778558,2.7628524,30.72108,5.977054
"051","4am",43.68922,3.029714,6.4106652,40.89282,5.97758
"052","4am",53.93432,3.8506704,5.7385823,28.3998,8.076622
"053","4am",55.69359,8.3664569,3.9904301,24.63648,7.313044
"054","4am",44.06263,5.5469132,5.155922,42.21162,3.022918
"055","4am",52.58591,8.7739779,3.5097154,27.19193,7.938473
"056","4am",45.0903,10.9476251,2.0440847,33.28845,8.629535
"057","4am",49.74263,9.5964402,4.3218611,30.77028,5.568783
"058","4am",51.50818,3.5670798,3.8769789,37.50492,3.542843
"059","4am",34.34258,7.4556189,1.4885354,46.36987,10.343395
"060","4am",42.47037,11.5914863,1.9561299,35.70543,8.276587
"061","4am",48.26469,2.9375694,3.6261173,39.78888,5.38274
"062","4am",54.00323,9.1064948,1.8597092,30.41128,4.619285
"063","4am",55.71061,4.5073074,2.7091788,35.16287,1.910037
"064","4am",44.01578,11.4910289,2.8966157,38.47327,3.123306
"065","4am",36.02967,7.1411725,3.0927458,49.06966,4.666745
"066","4am",32.16972,6.549033,5.8874558,49.17337,6.220422
"067","4am",32.319,2.464035,1.0919848,58.73655,5.388422
"068","4am",39.43769,4.9248417,5.612796,44.37017,5.654496
"069","4am",0,0,0,100,0
"070","4am",NA,NA,NA,NA,NA
"071","4am",50,0,0,50,0
"072","4am",NA,NA,NA,NA,NA
"073","4am",NA,NA,NA,NA,NA
"074","4am",52.09222,5.6163555,3.6806561,30.20628,8.404481
"075","4am",59.41359,8.549901,1.8891209,24.89763,5.249765
"076","4am",58.50358,13.1519094,3.9623214,18.11325,6.268942
"077","4am",52.67787,18.8783994,1.3286464,17.81236,9.30273
"078","4am",50.05417,9.6030707,6.599881,30.01681,3.726068
"079","4am",41.22877,4.4452466,5.6720052,43.55621,5.097771
"080","4am",40.09268,0,0,59.90732,0
"081","4am",100,0,0,0,0
"082","4am",39.29924,4.8883914,3.1034267,40.36173,12.347212
"083","4am",48.47629,7.9363776,0,37.63117,5.956167
"084","4am",54.13197,2.2025834,4.4051668,30.97582,8.284462
"085","4am",46.11187,2.782148,6.2338771,37.06439,7.80772
"086","4am",44.62327,4.7481674,11.0649686,28.62206,10.941536
"087","4am",53.03931,6.1936699,4.8750493,24.9845,10.907467
"088","4am",45.7434,7.7232271,4.3403333,34.2869,7.906135
"089","4am",53.25516,7.0219806,5.1414608,25.37481,9.206587
"090","4am",46.52936,11.2404811,3.2105041,35.76473,3.254921
"091","4am",55.44517,7.742824,3.373185,27.52232,5.916501
"092","4am",37.19367,6.2570262,3.0600258,46.78463,6.704648
"093","4am",48.63297,5.8934367,4.4556692,31.73024,9.287682
"094","4am",41.1787,3.5081691,3.5690585,42.70375,9.040329
"095","4am",38.65243,5.2446176,3.9361897,43.52002,8.64675
"096","4am",40.13284,6.6510891,6.4531452,37.44839,9.314536
"097","4am",41.46812,2.4028862,4.4604715,47.68309,3.985436
"098","4am",40.51418,4.0767856,3.5370108,42.75759,9.114433
"099","4am",28.80605,2.5474763,4.4502837,56.55851,7.637684
"100","4am",24.8359,0.5387711,3.4389085,62.00497,9.181457
"101","4am",NA,NA,NA,NA,NA
"102","4am",NA,NA,NA,NA,NA
"103","4am",100,0,0,0,0
"104","4am",45.13884,5.0405705,2.8679359,42.08699,4.86567
"001","5am",43.79243,11.0198286,8.1640024,32.19859,4.825142
"002","5am",44.85497,8.5636147,7.5707268,29.88734,9.123355
"003","5am",33.15072,6.9198685,5.4687724,44.32553,10.135109
"004","5am",37.48506,12.2811026,2.4620973,42.32973,5.44201
"005","5am",47.61548,8.235549,5.9752599,32.37974,5.793962
"006","5am",43.68635,4.9513122,5.4932043,38.23015,7.638989
"007","5am",41.86542,10.7364424,8.1050478,30.38972,8.903367
"008","5am",39.60029,6.5251431,3.4268079,37.05839,13.389375
"009","5am",41.20467,8.5188895,6.1807314,34.64677,9.448939
"010","5am",45.30694,5.1305861,1.5532561,40.90727,7.101953
"011","5am",35.50611,5.1421218,2.9198141,50.50754,5.92441
"012","5am",41.59209,6.8724808,1.9434406,41.80951,7.782478
"013","5am",41.99783,7.1429246,3.6926745,39.59262,7.57395
"014","5am",52.47717,5.2079279,9.37981,22.31329,10.621806
"015","5am",51.72526,6.7881366,7.5280023,30.58737,3.371226
"016","5am",45.89213,4.7426988,5.6211315,37.29735,6.446696
"017","5am",47.42429,9.1707859,2.0936439,37.69765,3.613627
"018","5am",43.37673,10.2676092,4.1562785,37.42522,4.774159
"019","5am",53.18566,6.0171926,4.5700654,32.94892,3.278168
"020","5am",44.01361,12.4871649,10.2591129,29.19016,4.049946
"021","5am",25.93922,5.8880546,9.1992039,49.36453,9.608994
"022","5am",36.88215,14.0065117,3.7318695,39.03379,6.345676
"023","5am",32.83878,14.0500814,4.8219547,27.21396,21.075225
"024","5am",41.36896,3.9408521,2.0967707,42.39601,10.197405
"025","5am",46.62479,10.9476221,4.6871451,31.72553,6.014908
"026","5am",47.10827,12.6559701,4.8690308,32.8073,2.559428
"027","5am",55.89445,6.113273,8.3458767,25.84516,3.801246
"028","5am",32.99687,5.4396639,4.2038262,46.76254,10.597099
"029","5am",49.89582,8.3404305,3.6347757,34.96097,3.168012
"030","5am",50.6867,7.4412518,1.2102132,31.63527,9.026568
"031","5am",42.07459,11.7827767,5.2381353,26.51872,14.385773
"032","5am",48.70464,5.5083996,2.2763575,37.83595,5.674658
"033","5am",37.48563,7.2950552,5.7622227,35.29728,14.159809
"034","5am",40.08227,9.3475809,1.3772156,43.8198,5.373134
"035","5am",61.97778,7.2338374,3.2500166,25.42895,2.109414
"036","5am",49.08931,7.9574019,2.3173638,33.59304,7.042884
"037","5am",43.69957,6.5917963,4.9656349,40.55904,4.183961
"038","5am",44.27843,5.2772651,2.0055411,43.53502,4.903736
"039","5am",38.92332,9.3361616,3.6087897,42.02147,6.110254
"040","5am",52.86922,10.9295266,1.8063274,28.3022,6.092719
"041","5am",54.31068,5.0335912,5.6056971,28.18024,6.869794
"042","5am",41.66035,10.6898037,9.5958998,27.96854,10.08541
"043","5am",57.4088,5.8266767,2.4077508,29.82069,4.536088
"044","5am",45.68802,8.3788972,0.8840953,37.5022,7.546791
"045","5am",52.39938,5.5499159,3.4432863,31.59325,7.014174
"046","5am",50.39968,3.9629941,4.5309735,34.97643,6.129915
"047","5am",39.32486,6.0135193,4.7080474,46.95818,2.995394
"048","5am",38.03401,6.1262532,4.8533522,43.02809,7.958295
"049","5am",30.53754,3.6075304,3.760925,58.18587,3.908135
"050","5am",50.54788,9.413634,2.8032858,31.17067,6.064526
"051","5am",44.04406,3.0106224,6.3702687,40.63514,5.939913
"052","5am",53.79056,3.7860259,5.6422438,28.84014,7.941033
"053","5am",52.80251,8.9123843,4.2508133,26.24406,7.790235
"054","5am",43.69292,5.5835751,5.1899996,42.49061,3.042898
"055","5am",54.61833,8.3978779,3.3592701,26.02634,7.598187
"056","5am",45.0903,10.9476251,2.0440847,33.28845,8.629535
"057","5am",49.73036,9.5987826,4.322916,30.7778,5.570142
"058","5am",51.57116,3.562447,3.8719436,37.4562,3.538241
"059","5am",34.66144,7.5248411,1.5023558,45.87194,10.439429
"060","5am",41.84394,11.7177043,1.9774299,36.09422,8.366709
"061","5am",48.13645,2.944851,3.6351057,39.88751,5.396083
"062","5am",57.40215,8.433573,1.7222865,28.16405,4.277944
"063","5am",54.01405,4.6799659,2.8129575,36.50983,1.983204
"064","5am",43.3559,11.626472,2.9307577,38.92675,3.16012
"065","5am",34.93104,7.2638161,3.1458611,49.91239,4.746893
"066","5am",32.83206,6.4850834,5.8299663,48.6932,6.159681
"067","5am",32.9883,2.4396681,1.0811861,58.15571,5.335136
"068","5am",40.2048,4.8624615,5.541702,43.80816,5.582873
"069","5am",0,0,0,100,0
"070","5am",NA,NA,NA,NA,NA
"071","5am",80.90808,0,0,19.09192,0
"072","5am",NA,NA,NA,NA,NA
"073","5am",NA,NA,NA,NA,NA
"074","5am",51.35749,5.7024899,3.737104,30.66954,8.533375
"075","5am",59.54079,8.5231045,1.8832002,24.81959,5.233312
"076","5am",58.24345,13.234354,3.9871598,18.2268,6.30824
"077","5am",52.10255,19.1079137,1.3447995,18.02891,9.415828
"078","5am",49.91865,9.6291255,6.6177876,30.09826,3.736178
"079","5am",40.93333,4.4675926,5.700518,43.77517,5.123397
"080","5am",40.09268,0,0,59.90732,0
"081","5am",100,0,0,0,0
"082","5am",39.05095,3.8416622,3.1754358,41.29825,12.633705
"083","5am",48.04511,8.0027931,0,37.94608,6.006011
"084","5am",53.79874,2.2185852,4.4371705,31.20086,8.344648
"085","5am",44.77487,2.8511749,6.3885438,37.98398,8.001435
"086","5am",43.61003,4.8350458,11.267427,29.14576,11.141736
"087","5am",54.25649,6.0331353,4.7486922,24.33692,10.624755
"088","5am",44.88128,7.8459474,4.4093002,34.83171,8.031761
"089","5am",55.29783,6.7151324,4.916788,24.26597,8.804275
"090","5am",47.62574,10.3148093,3.197526,35.62016,3.241763
"091","5am",54.28061,7.9452027,3.4613519,28.24169,6.071144
"092","5am",36.14503,6.3614963,3.1111174,47.56576,6.816592
"093","5am",46.67764,6.1177763,4.6252788,32.93808,9.641227
"094","5am",40.78087,3.5318963,3.5931974,42.99257,9.101472
"095","5am",38.9477,5.2846821,3.966259,43.08855,8.712804
"096","5am",39.61937,6.7081341,6.5084925,37.76958,9.394425
"097","5am",42.64026,2.3293432,4.3239537,46.84298,3.863457
"098","5am",41.25137,4.0262637,3.493178,42.22771,9.001481
"099","5am",28.96684,2.5417227,4.4402326,56.43077,7.620434
"100","5am",25.14669,0.5365434,3.4246891,61.74858,9.143493
"101","5am",NA,NA,NA,NA,NA
"102","5am",NA,NA,NA,NA,NA
"103","5am",100,0,0,0,0
"104","5am",44.71179,5.0798071,2.8902603,42.4146,4.903545
"001","6am",43.53456,11.1209406,7.9810531,32.49403,4.869415
"002","6am",48.43926,8.0070008,7.0786481,27.94473,8.530359
"003","6am",31.8559,6.9990735,5.5313681,44.83288,10.780782
"004","6am",36.47976,12.8137465,2.568881,42.45958,5.678036
"005","6am",47.58555,7.9203849,6.0219669,32.63285,5.839252
"006","6am",44.40296,5.5881756,5.3336837,37.91746,6.757725
"007","6am",41.4591,10.8114823,8.1616962,30.60212,8.965595
"008","6am",39.32384,6.0195172,3.4765533,37.59635,13.583742
"009","6am",38.4738,8.6265121,6.5032201,36.45451,9.941951
"010","6am",45.15746,5.1227558,1.7838364,40.84484,7.091114
"011","6am",35.48284,5.2183271,2.9630852,50.32354,6.012209
"012","6am",41.10419,6.1832469,1.9878313,42.76449,7.96024
"013","6am",40.2904,7.1999901,3.8125005,40.87739,7.819722
"014","6am",50.58466,4.5583977,9.9432939,23.65374,11.259902
"015","6am",55.284,5.6567232,7.0875503,28.79775,3.173981
"016","6am",46.90847,4.6536133,5.5155458,36.59676,6.325603
"017","6am",47.95553,9.078123,2.0724895,37.31675,3.577114
"018","6am",41.88191,10.5386684,4.266002,38.41322,4.900194
"019","6am",53.18566,6.0171926,4.5700654,32.94892,3.278168
"020","6am",39.12134,13.5783339,11.1555875,31.7409,4.403843
"021","6am",25.26293,4.4005657,9.4911831,50.93134,9.913979
"022","6am",38.66524,13.4686706,2.9001334,38.6781,6.287853
"023","6am",26.94291,13.7015225,5.3888859,30.41359,23.5531
"024","6am",40.52746,3.9974136,2.1268649,43.0045,10.343764
"025","6am",44.71437,11.3394637,4.8549093,32.86106,6.230196
"026","6am",44.60259,13.3988547,5.1548349,34.13406,2.709662
"027","6am",56.36235,5.9851089,8.1709063,25.76008,3.721553
"028","6am",32.67212,5.5240914,4.2690727,46.77314,10.761574
"029","6am",48.12179,8.7195048,3.7999771,36.04673,3.311998
"030","6am",50.48635,7.0382511,1.2100494,32.24001,9.025346
"031","6am",42.59935,11.002493,4.5743728,27.54151,14.282274
"032","6am",46.96958,5.6947207,2.3533551,39.11574,5.866603
"033","6am",36.57042,6.9754643,5.95609,35.86182,14.636209
"034","6am",36.84092,8.7693042,1.4812384,47.12956,5.778974
"035","6am",65.97003,6.1962577,2.9857719,22.91004,1.937907
"036","6am",49.0683,7.7468555,3.6241105,32.7042,6.856535
"037","6am",43.37836,6.629404,4.993965,40.79044,4.207831
"038","6am",42.66643,4.7821258,2.089316,45.35356,5.108573
"039","6am",39.66401,9.2229409,3.5650255,41.51187,6.036154
"040","6am",53.70394,10.2472644,1.7987203,28.18301,6.06706
"041","6am",52.43757,5.2399513,5.8355116,29.33553,7.151432
"042","6am",38.14816,9.8871534,10.4648383,30.50118,10.998675
"043","6am",52.20517,5.9936911,2.798665,33.72992,5.272552
"044","6am",45.20992,7.1964135,0.9340351,38.68655,7.973086
"045","6am",51.56156,4.9392766,3.5618916,32.68149,7.25578
"046","6am",49.57416,4.0289519,4.6063844,35.55856,6.231938
"047","6am",36.6749,6.2761573,4.9136695,49.00906,3.126216
"048","6am",37.06473,6.2220805,4.9292688,43.70114,8.082779
"049","6am",26.87495,3.7621808,3.9221512,61.36504,4.075672
"050","6am",48.71233,10.0092033,2.9806404,31.84962,6.448209
"051","6am",41.61949,3.1410723,6.6462916,42.39586,6.197289
"052","6am",54.53889,2.6044643,5.6998622,29.13465,8.022127
"053","6am",50.91692,7.7150634,4.5931107,28.35737,8.417544
"054","6am",46.43664,4.3096344,5.1108904,41.14632,2.996516
"055","6am",55.93071,6.7186361,2.428495,27.03075,7.891417
"056","6am",46.14051,10.1426982,2.1625286,33.12286,8.431409
"057","6am",48.77434,9.781331,4.4051286,31.36312,5.676074
"058","6am",49.48411,3.7159714,4.0388059,39.07039,3.690723
"059","6am",34.74318,5.7653715,1.5459533,47.20311,10.742375
"060","6am",41.71459,11.1200731,2.0083859,36.65926,8.497687
"061","6am",47.09907,2.7786215,3.7245449,40.86892,5.528849
"062","6am",58.20256,8.2751064,1.6899248,27.63485,4.197562
"063","6am",51.17849,4.5390843,3.015654,39.14066,2.12611
"064","6am",41.3504,11.0530396,3.1449817,41.7721,2.679474
"065","6am",34.8321,7.274861,3.1506445,49.98829,4.75411
"066","6am",32.5379,6.513485,5.8554988,48.90646,6.186657
"067","6am",32.9883,2.4396681,1.0811861,58.15571,5.335136
"068","6am",39.67012,4.9059409,5.591255,44.19989,5.632795
"069","6am",0,0,0,100,0
"070","6am",NA,NA,NA,NA,NA
"071","6am",80.90808,0,0,19.09192,0
"072","6am",100,0,0,0,0
"073","6am",NA,NA,NA,NA,NA
"074","6am",49.2639,5.9479274,3.8979504,31.98957,8.900655
"075","6am",59.43164,7.6704041,1.9739533,25.43849,5.485509
"076","6am",58.86825,13.0363282,3.9274999,17.95407,6.213849
"077","6am",52.42243,18.2355309,1.3706075,18.3749,9.596527
"078","6am",51.13129,8.836879,6.7277254,29.50586,3.798245
"079","6am",41.15585,4.4507614,5.6790419,43.61025,5.104095
"080","6am",26.28629,0,0,73.71371,0
"081","6am",100,0,0,0,0
"082","6am",35.54339,2.6144071,3.4817019,44.5083,13.852207
"083","6am",48.17368,6.3800701,0,39.23606,6.210186
"084","6am",52.35183,2.2880657,4.5761314,32.17799,8.605982
"085","6am",44.57634,2.8614247,6.4115101,38.12053,8.030199
"086","6am",42.48446,5.0280692,11.7172423,29.18369,11.586534
"087","6am",50.64041,5.6244687,5.2299847,26.80354,11.701602
"088","6am",45.03436,7.7722122,4.3678621,34.86929,7.95628
"089","6am",56.88028,6.4774176,4.7427344,23.40696,8.492605
"090","6am",48.15,10.2115597,3.1655193,35.26361,3.209314
"091","6am",54.60238,6.2847935,3.5840153,29.24252,6.286293
"092","6am",34.14278,6.5609686,3.2086702,49.05724,7.030335
"093","6am",46.26249,6.1654067,4.6612892,33.19452,9.716289
"094","6am",40.82639,2.2857749,3.0594838,44.28184,9.546507
"095","6am",38.4594,5.3269492,3.9979813,43.43318,8.782489
"096","6am",40.13779,6.6034682,6.4069416,37.39211,9.459691
"097","6am",42.2927,2.3434577,4.3501545,47.12682,3.886867
"098","6am",42.74072,3.9241929,3.4046216,41.15718,8.773282
"099","6am",29.54768,2.5589553,4.470337,56.28214,7.140881
"100","6am",27.9317,0.5165806,3.2972692,59.45115,8.803298
"101","6am",NA,NA,NA,NA,NA
"102","6am",100,0,0,0,0
"103","6am",100,0,0,0,0
"104","6am",43.37102,5.2029952,2.9603507,43.44318,5.022459
"001","7am",50.65655,8.7649429,6.6957963,28.99005,4.892667
"002","7am",54.14952,9.709213,5.1536439,23.63064,7.356987
"003","7am",29.95206,6.3392078,5.731902,46.8052,11.171628
"004","7am",38.55779,11.1641137,2.6168413,41.81122,5.850035
"005","7am",40.54447,9.7289969,6.5286527,36.9684,6.22948
"006","7am",42.30173,12.5238659,4.9674315,33.66616,6.540815
"007","7am",37.71273,27.4322924,6.4121473,22.43863,6.0042
"008","7am",32.73621,3.6285407,4.5727384,43.08043,15.982087
"009","7am",34.05161,23.53148,5.7264521,29.93035,6.760111
"010","7am",39.20081,15.9392347,1.5770545,37.01379,6.269113
"011","7am",32.69485,4.8459723,2.681329,53.32436,6.453494
"012","7am",41.17574,3.0071946,2.1293303,45.16087,8.526871
"013","7am",37.04985,5.3940803,3.5727349,44.73729,9.246045
"014","7am",47.0216,6.6793436,10.5913793,25.19545,10.512223
"015","7am",51.31551,15.3707236,6.0449913,24.56168,2.707097
"016","7am",42.74051,4.6688904,6.8343418,39.87618,5.880074
"017","7am",49.53312,5.836605,2.1886004,38.66415,3.777522
"018","7am",36.15996,9.6302625,4.634953,41.44415,8.13068
"019","7am",45.8883,2.4884803,5.8772383,41.53016,4.215821
"020","7am",35.36794,19.7677608,10.5810599,30.1062,4.177039
"021","7am",20.9298,12.755983,8.3099318,48.69398,9.310308
"022","7am",37.64141,10.8542714,3.1205684,41.61797,6.765784
"023","7am",33.28903,5.8707611,5.735313,31.19986,23.905039
"024","7am",38.76911,9.9202951,2.0030798,39.56577,9.741749
"025","7am",42.18061,6.7313943,5.5810701,38.34486,7.162061
"026","7am",38.42896,7.5895507,6.7214625,43.72686,3.533167
"027","7am",51.73862,3.5768034,8.061707,31.40014,5.222729
"028","7am",29.19252,3.9621986,4.7458382,50.13602,11.963415
"029","7am",44.63937,6.3829289,4.2508959,41.0218,3.705012
"030","7am",53.00684,10.2041224,1.0803571,27.65067,8.058015
"031","7am",51.14512,9.0997348,4.876474,22.36115,12.517526
"032","7am",42.49333,2.6832091,2.7156079,45.3382,6.769651
"033","7am",29.00748,5.1096743,6.9813485,41.74586,17.15563
"034","7am",28.40075,2.6566349,1.8947676,59.65551,7.392336
"035","7am",64.22181,12.7818981,3.1606427,18.26003,1.575618
"036","7am",45.82064,5.3767146,4.0984629,36.95021,7.753973
"037","7am",38.17851,6.8259805,5.3870185,45.06948,4.539012
"038","7am",46.22518,3.8886213,2.7589371,42.28767,4.839593
"039","7am",43.58997,5.0210408,3.6568129,41.54061,6.191565
"040","7am",52.85391,4.7824248,2.16394,32.90078,7.298941
"041","7am",47.81763,2.0747902,6.8438783,34.87652,8.387188
"042","7am",40.13204,6.2744859,11.3680204,31.11757,11.107889
"043","7am",45.27746,1.8670749,3.519682,43.59227,5.743513
"044","7am",38.24659,4.4238328,1.1251043,46.60039,9.604086
"045","7am",48.80952,3.1140372,4.1511672,35.4691,8.456168
"046","7am",45.80212,3.5879725,5.0849946,38.64547,6.879445
"047","7am",30.76,17.8202069,4.4750683,44.09756,2.847166
"048","7am",36.27037,5.425077,5.2266278,44.50756,8.570374
"049","7am",24.24757,1.2709087,4.2208683,65.87457,4.386082
"050","7am",47.7518,4.5042276,3.3943353,37.00645,7.343181
"051","7am",39.74911,3.2973374,6.9788874,43.46725,6.507415
"052","7am",49.14542,2.0017876,5.6107833,33.99331,9.248693
"053","7am",52.16349,3.5290121,4.0697682,30.40951,9.828221
"054","7am",43.0251,3.1654329,5.5271963,45.83303,2.449239
"055","7am",59.8989,2.8354287,2.4115443,27.01779,7.836335
"056","7am",44.25118,9.1921517,2.3227764,35.57733,8.656557
"057","7am",44.77316,4.111945,5.6451735,37.5043,7.965427
"058","7am",46.86538,2.2787797,4.215449,42.78824,3.852142
"059","7am",34.19326,5.9524161,1.5184027,47.07345,11.262479
"060","7am",40.67905,13.4375206,2.0623871,35.67754,8.143502
"061","7am",40.44994,7.1930412,3.9343787,43.28462,5.138017
"062","7am",62.57,8.8326249,1.3356398,24.19748,3.064254
"063","7am",43.10544,4.7251997,3.5415903,45.96687,2.660898
"064","7am",56.02642,2.8378253,2.7090616,35.50562,2.921074
"065","7am",29.66149,5.0565341,3.6065215,56.23346,5.441998
"066","7am",32.13706,13.8613814,5.1977369,43.31212,5.491696
"067","7am",44.94058,0.9164661,0.9257033,48.64935,4.567902
"068","7am",46.88034,5.4212219,4.8889875,37.88414,4.92531
"069","7am",0,0,0,100,0
"070","7am",100,0,0,0,0
"071","7am",80.90808,0,0,19.09192,0
"072","7am",100,0,0,0,0
"073","7am",30.49895,69.5010491,0,0,0
"074","7am",47.23134,2.449063,4.8152026,37.85005,7.65434
"075","7am",55.64048,2.9173614,1.3244134,32.86734,7.250404
"076","7am",62.25475,15.8335008,3.0630763,14.00247,4.846211
"077","7am",51.96219,17.2745216,1.4369961,19.26493,10.061357
"078","7am",46.63364,5.6499917,7.1518868,35.86108,4.70341
"079","7am",38.31111,2.9828798,6.1708257,46.98909,5.546091
"080","7am",49.38813,0,0,50.61187,0
"081","7am",100,0,0,0,0
"082","7am",32.73058,2.7955574,2.8962732,46.76557,14.812016
"083","7am",48.44196,2.2470563,0,43.88041,5.430577
"084","7am",40.80043,7.8748665,5.7834987,35.77125,9.769952
"085","7am",40.7395,12.2906252,5.7993575,33.90702,7.263499
"086","7am",44.06916,1.5001316,11.6895425,30.98482,11.756347
"087","7am",40.13455,18.3472581,5.0875674,25.72236,10.708269
"088","7am",40.79867,3.6593498,5.5083921,42.72296,7.31063
"089","7am",56.41836,8.3731497,3.954873,22.57209,8.681524
"090","7am",53.77593,3.8576048,3.3307387,35.6589,3.376819
"091","7am",50.14675,2.4267635,4.4787262,36.5426,6.405158
"092","7am",36.61366,4.6484505,3.3266272,48.12248,7.288784
"093","7am",43.34531,3.3881987,5.4977779,37.2052,10.56351
"094","7am",33.99106,2.4568893,2.6585293,50.094,10.799521
"095","7am",33.33765,4.3339999,4.3729639,48.34916,9.606225
"096","7am",44.45029,4.1249361,6.3125491,36.00063,9.111599
"097","7am",45.06582,4.3443075,3.8006741,42.74691,4.042285
"098","7am",36.77277,16.2718965,2.9836016,36.28337,7.688367
"099","7am",31.38597,3.6663953,3.2311217,55.0933,6.623217
"100","7am",33.98749,1.1013868,2.8834148,54.32935,7.698358
"101","7am",36.01008,0,63.9899191,0,0
"102","7am",100,0,0,0,0
"103","7am",100,0,0,0,0
"104","7am",43.56986,2.9191697,3.1559204,45.65698,4.698071
"001","8am",56.20364,6.574312,4.922359,26.786677,5.513017
"002","8am",62.19543,8.525674,4.778841,18.942778,5.557275
"003","8am",44.26263,4.3955243,3.902063,38.299684,9.140095
"004","8am",43.54407,9.3628339,2.555682,38.824097,5.713312
"005","8am",46.63947,8.3960389,6.993122,33.548619,4.422753
"006","8am",41.12872,12.8610193,4.278651,34.296706,7.434899
"007","8am",38.86118,27.3302787,5.051397,23.056234,5.700912
"008","8am",37.07495,0.596911,3.913881,44.22606,14.1882
"009","8am",30.33708,29.3569644,5.957633,26.825662,7.522662
"010","8am",36.44358,21.4590591,1.523508,34.263759,6.310098
"011","8am",29.38795,6.5339162,2.226314,55.567565,6.284251
"012","8am",35.48682,5.6537805,2.420673,48.217846,8.220882
"013","8am",36.65334,7.6254418,4.308079,42.409301,9.00384
"014","8am",44.58218,5.918302,9.535269,30.034052,9.930194
"015","8am",50.61908,18.0325676,6.056306,22.686786,2.605265
"016","8am",37.80167,7.0022404,6.745131,41.388535,7.06242
"017","8am",47.86453,2.3447457,2.268943,43.038152,4.48363
"018","8am",29.92041,7.5112146,5.462702,47.666674,9.438999
"019","8am",36.51221,0,6.139482,52.980591,4.367718
"020","8am",33.80201,21.5943754,9.232037,31.473591,3.897982
"021","8am",27.54676,15.4263175,6.499051,41.547085,8.980788
"022","8am",44.75557,8.5084409,2.776134,38.706466,5.253387
"023","8am",39.19652,5.3444018,4.404915,28.028436,23.02573
"024","8am",34.88764,14.9688862,2.785509,38.569427,8.788536
"025","8am",37.34061,5.7191585,6.738842,42.640345,7.561049
"026","8am",30.53897,7.1578417,7.374103,50.272457,4.656629
"027","8am",53.77096,2.4537308,7.031152,32.360207,4.383947
"028","8am",21.72493,2.9772249,5.811492,55.975864,13.510489
"029","8am",32.99881,9.0761703,4.977715,48.608809,4.338495
"030","8am",52.28602,11.1297772,2.218679,26.867316,7.498204
"031","8am",54.16629,10.5298916,4.374394,19.700701,11.228727
"032","8am",39.8585,0.9304628,3.855314,48.467198,6.888525
"033","8am",25.01657,6.6209434,7.124713,42.815596,18.422179
"034","8am",19.31888,3.0806328,1.464781,68.736225,7.399478
"035","8am",67.97088,11.6466069,5.190131,13.698395,1.493991
"036","8am",46.17156,3.5793243,4.528283,37.522486,8.198345
"037","8am",36.59324,5.3822038,5.42913,48.652544,3.942881
"038","8am",49.98444,1.5435204,1.268243,42.679397,4.524403
"039","8am",43.79972,4.4939904,3.036545,42.392395,6.277348
"040","8am",53.94181,3.0715627,2.413823,32.431011,8.141794
"041","8am",48.44073,2.7706775,6.747768,33.771418,8.269405
"042","8am",42.65515,4.5758944,11.987321,29.337417,11.444219
"043","8am",44.64664,2.3336228,3.549771,42.782366,6.6876
"044","8am",30.71104,3.978433,1.356932,52.370585,11.583012
"045","8am",50.58642,2.5225157,3.863237,35.158184,7.869638
"046","8am",39.51889,2.471216,5.178363,45.826309,7.00522
"047","8am",27.92014,21.5425821,4.47609,41.600085,4.461098
"048","8am",41.8839,7.1711073,4.599038,39.70259,6.643365
"049","8am",23.95824,1.5998189,5.242164,64.869808,4.329971
"050","8am",39.35385,3.6087019,4.484074,42.852695,9.700682
"051","8am",40.26985,3.4239241,7.246811,42.755507,6.303908
"052","8am",46.60649,1.1121741,6.234596,39.061487,6.98525
"053","8am",48.25408,3.8356355,4.423376,32.68641,10.800498
"054","8am",42.05772,3.2862934,5.738232,46.375,2.542754
"055","8am",59.49977,3.4997517,3.75191,25.505878,7.742694
"056","8am",37.55904,9.701207,2.886094,39.622074,10.231582
"057","8am",36.30396,4.3391231,6.5958,45.544008,7.217107
"058","8am",51.82797,2.3201097,3.280491,38.976514,3.594912
"059","8am",37.31023,8.257934,1.269714,42.489944,10.672175
"060","8am",35.08544,13.0921627,2.505908,40.466433,8.850052
"061","8am",40.5803,9.0887238,2.027318,41.6047,6.69896
"062","8am",58.52952,10.0793319,1.166989,23.555954,6.668208
"063","8am",33.3692,2.7028341,5.185104,56.698394,2.044468
"064","8am",46.35462,0.8081483,3.571509,46.042942,3.222783
"065","8am",25.23082,5.296771,4.765461,59.390744,5.3162
"066","8am",33.72204,14.8773614,4.686772,41.274023,5.439808
"067","8am",56.47109,0.4856158,0.772982,38.69882,3.571488
"068","8am",44.37746,4.9788769,4.49007,41.091959,5.061632
"069","8am",44.6313,0,0,55.368697,0
"070","8am",100,0,0,0,0
"071","8am",80.90808,0,0,19.09192,0
"072","8am",100,0,0,0,0
"073","8am",30.49895,69.5010491,0,0,0
"074","8am",38.59822,2.1157963,3.853921,46.061324,9.370734
"075","8am",49.41782,3.4584182,2.728598,36.89342,7.501745
"076","8am",74.019,11.568252,2.088007,9.494368,2.830375
"077","8am",60.01341,14.3280222,2.507817,16.038169,7.112584
"078","8am",47.15116,5.4128349,6.530033,36.162967,4.743005
"079","8am",33.55076,0,6.895008,53.357274,6.196957
"080","8am",53.55174,0,0,46.448257,0
"081","8am",69.78689,0,0,30.213108,0
"082","8am",32.10359,2.2227395,3.098197,49.141681,13.433789
"083","8am",45.3811,1.3147259,0,46.428694,6.875482
"084","8am",40.99832,8.0962512,7.378504,34.985876,8.541046
"085","8am",37.80222,13.8365347,6.790383,34.245407,7.325452
"086","8am",49.66217,2.1873571,12.527874,24.969445,10.653154
"087","8am",43.14919,18.1676026,4.955455,23.236432,10.491317
"088","8am",37.79974,2.7835125,4.994536,45.030275,9.391938
"089","8am",57.62339,10.8373951,4.129281,19.639865,7.770065
"090","8am",55.42001,0,3.510139,36.968302,4.101552
"091","8am",51.26441,2.423626,4.472936,33.993591,7.845442
"092","8am",42.9522,1.5976082,3.267722,46.451179,5.731286
"093","8am",34.63774,3.1347282,6.079846,41.144241,15.003448
"094","8am",35.05889,1.4190948,3.373792,50.517428,9.630794
"095","8am",26.02418,2.07439,4.48005,55.373626,12.047751
"096","8am",44.41649,4.7683554,6.55688,34.712252,9.546022
"097","8am",44.63804,4.173636,4.124173,43.379194,3.684953
"098","8am",40.15232,18.3240546,2.830747,31.757111,6.935764
"099","8am",30.77508,5.2833781,3.232591,54.419407,6.289543
"100","8am",42.39635,2.3960175,2.32386,45.555499,7.328276
"101","8am",56.05814,0,43.941856,0,0
"102","8am",100,0,0,0,0
"103","8am",100,0,0,0,0
"104","8am",39.41926,2.4267809,3.38435,50.051249,4.718364
"001","9am",59.76061,6.6286137,6.4823258,22.12192,5.006532
"002","9am",60.04503,6.2731893,5.4549427,23.063811,5.163027
"003","9am",48.06957,2.7672169,3.8240445,36.355598,8.983571
"004","9am",45.64143,7.5994329,2.3146587,40.12556,4.31892
"005","9am",45.93106,8.1146706,5.8695236,35.529781,4.554964
"006","9am",39.47807,14.8124982,3.6898146,34.568904,7.450715
"007","9am",42.86271,27.2418499,3.9375787,21.292436,4.665424
"008","9am",31.7395,0.5942914,4.081742,47.51414,16.070322
"009","9am",29.85641,31.3351252,5.7663521,25.872198,7.16992
"010","9am",35.89103,21.9940875,0.9417112,34.735803,6.437372
"011","9am",26.13437,10.0385932,2.4405233,55.57515,5.811359
"012","9am",36.67495,5.8273527,3.7321735,46.394634,7.370894
"013","9am",36.3117,8.995954,5.0797488,40.448532,9.164067
"014","9am",46.24284,5.9617678,7.2246859,29.671837,10.898865
"015","9am",47.44738,17.3666163,5.4802657,26.761872,2.94387
"016","9am",36.71142,6.1819791,7.4713993,41.066494,8.568709
"017","9am",44.61912,2.2601268,1.4728938,45.954842,5.693017
"018","9am",34.28261,7.0635574,4.8540965,46.165311,7.634424
"019","9am",38.35263,0,6.6253433,50.308661,4.713367
"020","9am",32.733,24.7595065,8.1472453,29.982644,4.377602
"021","9am",23.74372,18.707161,6.341134,42.445416,8.762568
"022","9am",42.36774,7.3653464,2.8841159,42.682223,4.700576
"023","9am",39.65245,5.2540851,5.4309909,25.789331,23.873145
"024","9am",38.16513,14.8909807,2.5705035,35.266089,9.107298
"025","9am",37.10843,6.0958021,5.653498,43.215424,7.926847
"026","9am",31.81822,5.7370314,7.8659475,49.091084,5.487718
"027","9am",53.48977,2.4740303,7.0893199,33.256479,3.690403
"028","9am",22.05419,2.9785391,4.9527452,55.186638,14.827892
"029","9am",31.04696,7.5024118,4.299153,51.414992,5.736486
"030","9am",56.31621,11.630381,2.212203,23.35427,6.486938
"031","9am",56.47161,10.0194071,3.759064,17.838706,11.911214
"032","9am",39.56338,1.0774286,2.8527516,52.41434,4.092099
"033","9am",28.04582,5.1448248,7.8099678,39.181004,19.818378
"034","9am",19.06319,1.6451138,2.4676707,69.336138,7.487888
"035","9am",64.06455,12.3437174,4.9496051,17.019007,1.623121
"036","9am",50.21804,3.3197302,5.2779672,33.405424,7.77884
"037","9am",35.47393,3.6569687,5.0384024,51.125598,4.705104
"038","9am",50.18091,3.7973081,1.2382471,38.09326,6.69027
"039","9am",46.39969,4.8149138,3.6422548,39.63535,5.507787
"040","9am",54.92738,3.1112151,2.4449846,31.269523,8.246901
"041","9am",49.9238,2.4026671,7.2980343,32.130495,8.245001
"042","9am",44.41779,2.1676578,12.7223532,29.819773,10.872429
"043","9am",46.2777,2.496808,3.7979989,41.978251,5.449237
"044","9am",30.41304,0,0,60.453033,9.133922
"045","9am",50.49098,1.6797199,4.0051549,36.567007,7.257143
"046","9am",40.27847,4.1108161,6.7510092,41.330199,7.529507
"047","9am",24.86479,21.5819967,4.702452,43.352088,5.498672
"048","9am",42.14434,5.645036,3.7664,41.617847,6.826374
"049","9am",26.01307,2.2376275,2.5389012,64.795776,4.41463
"050","9am",37.75057,2.3811011,3.61386,45.674802,10.579671
"051","9am",43.56024,3.4596527,5.6874373,40.922978,6.36969
"052","9am",42.63088,1.1676181,5.3777838,43.490241,7.333478
"053","9am",47.48783,4.073955,3.7826821,33.309655,11.345875
"054","9am",40.70246,3.3081991,5.7764819,45.017363,5.1955
"055","9am",61.25121,3.3009576,3.5387925,24.606145,7.302891
"056","9am",39.46318,9.7344511,2.8511744,37.843411,10.107788
"057","9am",39.10078,2.9397885,7.6325909,41.799843,8.527002
"058","9am",52.48449,2.2697802,3.7110111,38.655047,2.879667
"059","9am",37.69971,8.3767562,2.8354353,40.745007,10.343094
"060","9am",35.54857,15.0510086,2.2758014,38.651612,8.473011
"061","9am",39.33073,10.9046466,2.6013555,41.3874,5.775872
"062","9am",51.12281,7.5559574,3.6078786,30.192826,7.520526
"063","9am",37.00428,3.345636,5.3174678,51.354267,2.978348
"064","9am",47.54754,0.9866385,6.1515201,40.612738,4.701564
"065","9am",25.5329,5.4030583,4.1563971,58.82347,6.084171
"066","9am",32.72818,15.6702984,4.9204537,41.08829,5.59278
"067","9am",48.66337,0.2462441,0.7839213,46.684432,3.622032
"068","9am",46.29006,3.8110643,3.0082779,42.478688,4.411913
"069","9am",44.6313,0,0,55.368697,0
"070","9am",74.97856,0,0,25.021441,0
"071","9am",52.23178,0,0,47.768222,0
"072","9am",100,0,0,0,0
"073","9am",69.06866,30.9313362,0,0,0
"074","9am",37.63355,1.369632,4.2797475,46.310949,10.406122
"075","9am",52.55162,1.997377,3.2627824,34.075151,8.113066
"076","9am",74.08261,11.4792498,2.5371176,8.767161,3.133866
"077","9am",60.87709,12.0112438,3.5866422,17.877607,5.647412
"078","9am",48.34081,5.433024,5.1603237,36.327969,4.737876
"079","9am",33.82531,0,6.9790293,52.849228,6.346432
"080","9am",44.26219,17.3468709,0,38.390938,0
"081","9am",69.90821,0,0,30.091794,0
"082","9am",33.25205,2.2859858,3.1863534,48.369047,12.906568
"083","9am",45.94956,0.2213236,0,46.505465,7.323651
"084","9am",41.69019,7.7236562,6.1998725,36.649839,7.736444
"085","9am",38.49812,13.8237517,7.119014,33.336671,7.222447
"086","9am",47.51307,5.8060964,10.2901753,26.599104,9.791553
"087","9am",43.55494,17.5958851,3.8096941,23.810148,11.22933
"088","9am",38.3107,3.3344919,4.7382505,44.019758,9.596802
"089","9am",56.42746,10.3342971,5.9093328,20.556096,6.772816
"090","9am",56.45397,0,3.7089052,36.93725,2.899877
"091","9am",50.77666,2.4794502,5.0382005,33.679536,8.026149
"092","9am",45.74101,0.81039,3.3151176,43.961124,6.17236
"093","9am",36.8929,2.9711344,4.6260311,40.301943,15.207995
"094","9am",33.01579,1.4608367,3.4730307,50.45944,11.590907
"095","9am",23.76563,2.389738,5.1611059,56.615692,12.067838
"096","9am",47.20437,5.3140903,6.7689755,30.958076,9.754483
"097","9am",43.40175,4.3696115,3.7196669,44.386646,4.122321
"098","9am",41.88595,17.4424831,2.3000493,31.620767,6.750747
"099","9am",34.5173,4.4193525,3.7736166,53.261704,4.028029
"100","9am",44.57238,3.1081316,3.8491723,42.465207,6.005113
"101","9am",78.76078,0,21.2392203,0,0
"102","9am",67.01367,0,0,32.986333,0
"103","9am",100,0,0,0,0
"104","9am",36.63505,2.5942355,1.9142477,53.884854,4.971614
"001","10am",52.43368,5.8680678,8.4562953,28.583476,4.65848
"002","10am",54.73078,4.9390523,5.7135512,27.577009,7.03961
"003","10am",48.93786,3.1048661,2.7255808,35.572699,9.658999
"004","10am",43.49471,7.6895131,3.9549854,40.742151,4.118638
"005","10am",49.14042,6.2181661,5.3778573,35.203562,4.059992
"006","10am",36.22176,14.8093976,5.4795586,38.340841,5.148442
"007","10am",43.18745,24.9000834,3.3874842,22.803459,5.721525
"008","10am",32.30693,0,6.6962183,48.677362,12.319489
"009","10am",28.82176,34.2540973,6.5577051,22.721409,7.64503
"010","10am",31.74087,20.9064017,0.9260569,40.096309,6.330362
"011","10am",28.4477,10.8613181,5.5104409,50.08363,5.096912
"012","10am",31.58235,7.6403448,3.0761139,48.751722,8.949475
"013","10am",34.77371,9.4967579,4.5292609,41.547794,9.652477
"014","10am",48.08171,5.2005029,10.9780554,24.053117,11.686614
"015","10am",50.59753,18.0746193,5.1898228,22.557412,3.580612
"016","10am",32.65221,6.9283538,5.4746594,45.12748,9.817294
"017","10am",45.94092,2.4223125,3.9583778,41.98268,5.695712
"018","10am",34.70232,7.3373337,1.3804626,47.895233,8.684654
"019","10am",36.39013,0,6.8199327,51.938141,4.8518
"020","10am",34.35326,27.5513543,7.5263647,26.132321,4.436704
"021","10am",24.01326,22.3253553,6.396289,38.730132,8.534965
"022","10am",42.44753,8.7010387,2.2699847,41.51808,5.063368
"023","10am",40.07971,6.1914523,4.2260765,26.332646,23.17012
"024","10am",39.66731,16.2620575,2.4584275,34.710631,6.901578
"025","10am",37.05286,6.135468,5.6902858,43.53323,7.58816
"026","10am",31.46606,5.0540379,3.835951,52.30641,7.337544
"027","10am",56.46393,2.6073505,6.2394959,30.79995,3.889271
"028","10am",21.57593,2.9706008,1.9727521,61.843612,11.637106
"029","10am",30.74473,8.4069682,6.1779776,48.242201,6.428127
"030","10am",51.03521,13.2679013,0.6692096,27.047091,7.980583
"031","10am",55.70576,11.7695847,4.7897577,16.721458,11.013439
"032","10am",43.58519,0,2.9259313,46.960542,6.528334
"033","10am",30.66567,5.4262517,6.6677112,39.057072,18.183295
"034","10am",23.9382,1.7144,2.5716,63.972552,7.803251
"035","10am",62.53803,10.6416367,3.6356705,20.954234,2.230427
"036","10am",51.22545,3.5233747,5.6017371,29.904726,9.744714
"037","10am",35.44262,3.7719457,5.0917448,50.323437,5.370255
"038","10am",51.41708,3.1802589,2.7760728,38.038816,4.587768
"039","10am",47.84301,4.4486022,2.535958,40.814166,4.358267
"040","10am",54.63482,3.3104121,3.3440451,29.93581,8.774913
"041","10am",43.75244,2.3778115,8.0913727,36.305901,9.47248
"042","10am",51.35991,2.1466383,8.425367,28.533549,9.534534
"043","10am",43.68688,1.7735303,4.3761097,43.884794,6.278691
"044","10am",24.3625,0,0,62.302721,13.334782
"045","10am",51.60907,1.7923619,4.2737405,35.543073,6.781756
"046","10am",40.31563,4.167899,6.0153633,43.242991,6.258119
"047","10am",24.42954,23.6410451,4.7597352,42.425887,4.743794
"048","10am",44.51694,4.3436061,2.6262831,41.670801,6.842369
"049","10am",24.06835,2.1601828,2.2183089,66.618623,4.934534
"050","10am",38.047,2.4622433,3.7370117,46.13432,9.61943
"051","10am",42.34921,3.6298516,6.5225753,42.420626,5.077735
"052","10am",43.81612,1.2263725,1.2263725,45.811599,7.919532
"053","10am",45.70043,4.7254504,4.1870617,35.020208,10.366847
"054","10am",42.04253,3.5499467,6.1985999,45.462165,2.746754
"055","10am",62.19636,3.8731185,3.5379326,23.091476,7.301116
"056","10am",36.67774,10.3906419,2.020112,39.826823,11.084684
"057","10am",41.80165,0.9898293,7.965239,42.556578,6.686704
"058","10am",53.72797,2.3643696,4.7234354,35.077874,4.106348
"059","10am",37.96328,8.1934831,2.7733995,40.953035,10.1168
"060","10am",34.15965,13.59599,2.7264819,40.729723,8.788151
"061","10am",38.31161,11.1576523,2.0178073,41.782507,6.730425
"062","10am",47.39829,7.5581583,2.5067626,36.533395,6.00339
"063","10am",44.35507,4.0071684,4.0218342,43.663544,3.952382
"064","10am",51.39576,0.976708,5.7051568,39.106898,2.815476
"065","10am",26.31587,5.0432563,2.3213166,62.198845,4.120716
"066","10am",31.44348,16.1633968,5.075286,41.670984,5.646856
"067","10am",54.30567,0.2487661,0.5054348,41.281005,3.659128
"068","10am",44.67405,2.6681819,4.3150897,43.526748,4.815935
"069","10am",86.33077,0,0,13.669227,0
"070","10am",81.37227,0,0,18.627733,0
"071","10am",47.75386,0,0,41.829997,10.416146
"072","10am",100,0,0,0,0
"073","10am",69.06866,30.9313362,0,0,0
"074","10am",36.16423,1.4017038,4.0661168,46.392496,11.975457
"075","10am",53.24192,1.9829088,3.2391481,33.481729,8.054298
"076","10am",74.41425,12.5568995,2.2263141,7.686492,3.116046
"077","10am",64.72528,11.8901738,1.3496385,16.645261,5.389645
"078","10am",45.88502,5.5506698,6.6642181,37.059627,4.840469
"079","10am",36.6877,0,6.8209017,50.361043,6.130353
"080","10am",44.26219,17.3468709,0,38.390938,0
"081","10am",77.50516,0,0,22.494843,0
"082","10am",32.59898,2.4414132,3.4029981,49.715115,11.841492
"083","10am",47.37182,0.2246964,0,44.968231,7.435256
"084","10am",41.78589,8.2284848,6.6051044,35.138417,8.242108
"085","10am",39.71812,14.7151367,7.0164004,31.468767,7.081577
