"district","hour","resarea1","resarea2","resarea3"
"001","4am",0,0.77328307,99.2267169
"002","4am",0,1.65567976,98.3443202
"003","4am",1.2702012,1.25619644,97.4736024
"004","4am",0,1.64907501,98.350925
"005","4am",0.9800228,0.08880509,98.9311721
"006","4am",0,1.1415972,98.8584028
"007","4am",7.1602683,0.65465677,92.1850749
"008","4am",0,0.35201924,99.6479808
"009","4am",0,0,100
"010","4am",0,2.02385715,97.9761429
"011","4am",0,0.87797606,99.1220239
"012","4am",0,0,100
"013","4am",0,0.70849573,99.2915043
"014","4am",0,0,100
"015","4am",0,1.36417626,98.6358237
"016","4am",0,0,100
"017","4am",0,0,100
"018","4am",0,0,100
"019","4am",0,0,100
"020","4am",0,0,100
"021","4am",0,0,100
"022","4am",0,0,100
"023","4am",0,0,100
"024","4am",0,0,100
"025","4am",0,0.61143323,99.3885668
"026","4am",0,0,100
"027","4am",0,0.29838299,99.701617
"028","4am",0,0,100
"029","4am",0,0,100
"030","4am",0,2.7646753,97.2353247
"031","4am",2.2488554,4.89155291,92.8595916
"032","4am",0,0,100
"033","4am",0,0.56519526,99.4348047
"034","4am",0,0,100
"035","4am",1.2518991,3.57491808,95.1731828
"036","4am",0,100,0
"037","4am",2.0377247,97.96227533,0
"038","4am",0,100,0
"039","4am",0,100,0
"040","4am",0,100,0
"041","4am",0,100,0
"042","4am",3.8910643,94.88589177,1.2230439
"043","4am",99.5359653,0.4640347,0
"044","4am",0,100,0
"045","4am",0,99.16926631,0.8307337
"046","4am",0,100,0
"047","4am",0,99.26724163,0.7327584
"048","4am",0,99.27545978,0.7245402
"049","4am",0,100,0
"050","4am",0,100,0
"051","4am",0,100,0
"052","4am",0,100,0
"053","4am",99.1292741,0,0.8707259
"054","4am",100,0,0
"055","4am",97.6361843,2.07812424,0.2856915
"056","4am",0,100,0
"057","4am",0,99.11545344,0.8845466
"058","4am",0,99.46989919,0.5301008
"059","4am",0,99.24411372,0.7558863
"060","4am",0,99.26663224,0.7333678
"061","4am",0,99.59498985,0.4050102
"062","4am",0,97.29837976,2.7016202
"063","4am",0,100,0
"064","4am",0,100,0
"065","4am",0,100,0
"066","4am",0,100,0
"067","4am",0,100,0
"068","4am",0,100,0
"069","4am",0,50.60029767,49.3997023
"070","4am",NA,NA,NA
"071","4am",0,0,100
"072","4am",NA,NA,NA
"073","4am",NA,NA,NA
"074","4am",0,98.74662985,1.2533701
"075","4am",0,100,0
"076","4am",0,100,0
"077","4am",0,100,0
"078","4am",0,100,0
"079","4am",0,100,0
"080","4am",0,81.27025532,18.7297447
"081","4am",0,100,0
"082","4am",100,0,0
"083","4am",0,100,0
"084","4am",0,100,0
"085","4am",0.2690969,99.73090314,0
"086","4am",0,100,0
"087","4am",0,100,0
"088","4am",0,100,0
"089","4am",0,100,0
"090","4am",0,100,0
"091","4am",0,100,0
"092","4am",0,100,0
"093","4am",0,100,0
"094","4am",0,100,0
"095","4am",0,100,0
"096","4am",0.1893767,99.63405914,0.1765642
"097","4am",0,100,0
"098","4am",0,100,0
"099","4am",0,100,0
"100","4am",0,100,0
"101","4am",NA,NA,NA
"102","4am",NA,NA,NA
"103","4am",0,100,0
"104","4am",0,100,0
"001","5am",0,0,100
"002","5am",0,2.3159675,97.6840325
"003","5am",1.8179967,1.2452259,96.9367774
"004","5am",0,1.6281276,98.3718724
"005","5am",0.9800289,0.7069033,98.3130678
"006","5am",0,1.1293601,98.8706399
"007","5am",7.0927495,1.0898475,91.8174029
"008","5am",0,0.3540811,99.6459189
"009","5am",0,0,100
"010","5am",0,2.038837,97.961163
"011","5am",0,0.8915773,99.1084227
"012","5am",0,0,100
"013","5am",0,0.720977,99.279023
"014","5am",7.3246005,0,92.6753995
"015","5am",0,1.3725444,98.6274556
"016","5am",0,0.9835406,99.0164594
"017","5am",0,0,100
"018","5am",0,0,100
"019","5am",0,0,100
"020","5am",0,0,100
"021","5am",0,0,100
"022","5am",0,2.2285161,97.7714839
"023","5am",0.9146808,0,99.0853192
"024","5am",0,0.8103036,99.1896964
"025","5am",0,0.6227135,99.3772865
"026","5am",0,0,100
"027","5am",1.3808484,0.2929832,98.3261684
"028","5am",0,0,100
"029","5am",0,0,100
"030","5am",0.6262781,2.7678694,96.6058524
"031","5am",1.8901672,5.8035978,92.3062349
"032","5am",0,0,100
"033","5am",0,0,100
"034","5am",0,0,100
"035","5am",1.2327347,4.1385349,94.6287304
"036","5am",0,99.5370689,0.4629311
"037","5am",2.1284239,97.8715761,0
"038","5am",1.5969999,97.7817541,0.621246
"039","5am",0,100,0
"040","5am",0,99.1254444,0.8745556
"041","5am",0,100,0
"042","5am",3.9165989,94.852331,1.23107
"043","5am",99.5264897,0.4735103,0
"044","5am",0,100,0
"045","5am",0,99.1692663,0.8307337
"046","5am",0,100,0
"047","5am",0,99.2596711,0.7403289
"048","5am",0,99.2816874,0.7183126
"049","5am",0,100,0
"050","5am",0,100,0
"051","5am",0,100,0
"052","5am",0,100,0
"053","5am",99.4713423,0,0.5286577
"054","5am",100,0,0
"055","5am",93.1290802,4.8774935,1.9934264
"056","5am",0,100,0
"057","5am",0,99.5576259,0.4423741
"058","5am",0,99.4705824,0.5294176
"059","5am",0,99.2372931,0.7627069
"060","5am",0,99.2588282,0.7411718
"061","5am",0,99.5939864,0.4060136
"062","5am",0,97.4956719,2.5043281
"063","5am",0,100,0
"064","5am",0,100,0
"065","5am",0,100,0
"066","5am",0,100,0
"067","5am",0,100,0
"068","5am",0,100,0
"069","5am",0,50.6002977,49.3997023
"070","5am",NA,NA,NA
"071","5am",0,61.8161606,38.1838394
"072","5am",NA,NA,NA
"073","5am",NA,NA,NA
"074","5am",0,98.7275147,1.2724853
"075","5am",0,100,0
"076","5am",0,100,0
"077","5am",0,100,0
"078","5am",0,99.813455,0.186545
"079","5am",0,100,0
"080","5am",0,81.2702553,18.7297447
"081","5am",0,100,0
"082","5am",100,0,0
"083","5am",0,100,0
"084","5am",0,100,0
"085","5am",0.2757345,99.7242655,0
"086","5am",0,100,0
"087","5am",0,98.8462998,1.1537002
"088","5am",0,100,0
"089","5am",0,100,0
"090","5am",0,100,0
"091","5am",0,100,0
"092","5am",0,100,0
"093","5am",0,100,0
"094","5am",0,100,0
"095","5am",0,100,0
"096","5am",0.190961,99.6309977,0.1780413
"097","5am",0,100,0
"098","5am",0,100,0
"099","5am",0,100,0
"100","5am",0,100,0
"101","5am",NA,NA,NA
"102","5am",NA,NA,NA
"103","5am",0,100,0
"104","5am",0,100,0
"001","6am",0,1.0181875,98.9818125
"002","6am",0,4.087961,95.912039
"003","6am",1.8382638,2.1512128,96.0105234
"004","6am",0,0,100
"005","6am",1.3294088,1.6972244,96.9733668
"006","6am",0,2.6812398,97.3187602
"007","6am",7.1413281,1.9732667,90.8854051
"008","6am",0,0.359168,99.640832
"009","6am",0,0.5934698,99.4065302
"010","6am",0,0,100
"011","6am",0,2.4049711,97.5950289
"012","6am",0.9094769,0.5774542,98.5130689
"013","6am",0,0.7440797,99.2559203
"014","6am",7.731349,0.5062938,91.7623572
"015","6am",4.2057303,2.2676366,93.5266332
"016","6am",1.0696819,2.8841738,96.0461443
"017","6am",0,0,100
"018","6am",0,0,100
"019","6am",0,0,100
"020","6am",0,0,100
"021","6am",0,0,100
"022","6am",0,3.2681297,96.7318703
"023","6am",1.0194351,0,98.9805649
"024","6am",0,0.9404518,99.0595482
"025","6am",0,1.3843661,98.6156339
"026","6am",0,0,100
"027","6am",1.351899,1.4852245,97.1628764
"028","6am",0,0,100
"029","6am",0,0,100
"030","6am",1.8327647,3.63104,94.5361953
"031","6am",1.8767008,10.0051619,88.1181372
"032","6am",0,0,100
"033","6am",0,0,100
"034","6am",0,0,100
"035","6am",1.4536839,9.0661472,89.4801689
"036","6am",1.3491203,97.1317579,1.5191218
"037","6am",2.1403107,97.8596893,0
"038","6am",1.6632737,97.6896992,0.6470271
"039","6am",0,97.0144699,2.9855301
"040","6am",0,97.9265183,2.0734817
"041","6am",0,100,0
"042","6am",2.7506568,95.9082476,1.3410956
"043","6am",98.6438891,0.7133251,0.6427858
"044","6am",0,98.5285303,1.4714697
"045","6am",0.9969828,96.9799299,2.0230873
"046","6am",0,100,0
"047","6am",0,99.2279187,0.7720813
"048","6am",0,98.7613034,1.2386966
"049","6am",0.6740217,99.3259783,0
"050","6am",0,100,0
"051","6am",0,100,0
"052","6am",0.8975956,99.1024044,0
"053","6am",97.8010474,0,2.1989526
"054","6am",98.5776392,0,1.4223608
"055","6am",88.2204683,8.1886406,3.5908912
"056","6am",0.4482005,99.5517995,0
"057","6am",0,99.0969324,0.9030676
"058","6am",0,100,0
"059","6am",0,98.3956514,1.6043486
"060","6am",0,99.2474932,0.7525068
"061","6am",1.2537929,97.8052766,0.9409305
"062","6am",0,94.7598239,5.2401761
"063","6am",0,100,0
"064","6am",0,100,0
"065","6am",0,100,0
"066","6am",0,100,0
"067","6am",0,100,0
"068","6am",0,100,0
"069","6am",0,50.6002977,49.3997023
"070","6am",NA,NA,NA
"071","6am",0,61.8161606,38.1838394
"072","6am",0,0,100
"073","6am",NA,NA,NA
"074","6am",0,98.6730641,1.3269359
"075","6am",0,100,0
"076","6am",0,100,0
"077","6am",0,100,0
"078","6am",0,100,0
"079","6am",0,100,0
"080","6am",0,100,0
"081","6am",0,100,0
"082","6am",100,0,0
"083","6am",0,100,0
"084","6am",0,100,0
"085","6am",0.27672,99.72328,0
"086","6am",0.4457033,99.5542967,0
"087","6am",0,98.7293692,1.2706308
"088","6am",0,100,0
"089","6am",0,99.1142965,0.8857035
"090","6am",0.1967325,99.8032675,0
"091","6am",0,100,0
"092","6am",0,100,0
"093","6am",0,100,0
"094","6am",0,99.541955,0.458045
"095","6am",0,100,0
"096","6am",0.1880536,99.6366158,0.1753306
"097","6am",0,100,0
"098","6am",0,99.4328186,0.5671814
"099","6am",0,100,0
"100","6am",0,99.3634448,0.6365552
"101","6am",NA,NA,NA
"102","6am",0,100,0
"103","6am",0,100,0
"104","6am",0,100,0
"001","7am",0,7.9062028,92.0937972
"002","7am",1.0871555,13.425148,85.4876966
"003","7am",0,3.2405399,96.7594601
"004","7am",4.2398147,0.5916548,95.1685305
"005","7am",2.4196279,2.4199114,95.1604607
"006","7am",2.38615,5.285007,92.3288429
"007","7am",10.1008986,6.6419895,83.2571119
"008","7am",0,0.4218131,99.5781869
"009","7am",1.7275681,3.2019828,95.0704491
"010","7am",3.096843,6.88467,90.018487
"011","7am",0,4.4916093,95.5083907
"012","7am",0.9737992,1.9237232,97.1024776
"013","7am",1.1985957,3.0103697,95.7910346
"014","7am",9.3810597,0.5366484,90.0822919
"015","7am",10.1519723,6.3984671,83.4495606
"016","7am",1.2213753,3.9396778,94.8389469
"017","7am",1.1635676,2.1378152,96.6986172
"018","7am",1.0301297,4.1318822,94.8379881
"019","7am",0,1.7279568,98.2720432
"020","7am",0,3.7847673,96.2152327
"021","7am",0,5.4408244,94.5591756
"022","7am",0,8.0354494,91.9645506
"023","7am",3.0806422,3.5045059,93.4148519
"024","7am",0,4.4475574,95.5524426
"025","7am",0,3.1331124,96.8668876
"026","7am",0,0,100
"027","7am",1.6776384,4.054067,94.2682946
"028","7am",0,0,100
"029","7am",0,0.8083322,99.1916678
"030","7am",2.1089754,10.1676389,87.7233857
"031","7am",3.8294628,21.6449022,74.5256351
"032","7am",1.0334731,0,98.9665269
"033","7am",0,1.7057617,98.2942383
"034","7am",0,0,100
"035","7am",3.3786881,18.7647545,77.8565574
"036","7am",3.9649497,92.3010135,3.7340368
"037","7am",2.3049359,96.0444484,1.6506157
"038","7am",7.5523398,87.6926691,4.7549911
"039","7am",4.2218393,87.1211314,8.6570293
"040","7am",0,95.0477755,4.9522245
"041","7am",1.3625044,92.1088462,6.5286494
"042","7am",4.710618,90.5763546,4.7130274
"043","7am",93.8094226,3.0175106,3.1730668
"044","7am",1.3897071,95.6368334,2.9734595
"045","7am",0,97.6616667,2.3383333
"046","7am",0,97.2454596,2.7545404
"047","7am",0,96.7543716,3.2456284
"048","7am",0.7455272,96.7108353,2.5436375
"049","7am",0.7272582,98.1065248,1.166217
"050","7am",0,99.5840216,0.4159784
"051","7am",0.7741119,97.2829164,1.9429716
"052","7am",1.868743,98.131257,0
"053","7am",94.9095229,1.9151091,3.1753681
"054","7am",98.4552294,0,1.5447706
"055","7am",79.1752317,13.0088144,7.815954
"056","7am",0.6077578,99.0164797,0.3757625
"057","7am",1.2573444,97.6154081,1.1272475
"058","7am",0.8938118,95.8907912,3.2153971
"059","7am",0,96.0389551,3.9610449
"060","7am",0,97.719595,2.280405
"061","7am",1.3243883,95.5753594,3.1002523
"062","7am",0,95.4810422,4.5189578
"063","7am",0,100,0
"064","7am",0,96.1015014,3.8984986
"065","7am",0,100,0
"066","7am",0,100,0
"067","7am",0,96.1953004,3.8046996
"068","7am",0,98.6215071,1.3784929
"069","7am",0,50.6002977,49.3997023
"070","7am",15.5791819,26.4696462,57.9511719
"071","7am",0,61.8161606,38.1838394
"072","7am",0,70.7371512,29.2628488
"073","7am",0,100,0
"074","7am",0,100,0
"075","7am",0.1592469,99.3188386,0.5219145
"076","7am",0.5287854,94.529583,4.9416316
"077","7am",0,98.8339516,1.1660484
"078","7am",0,99.5306832,0.4693168
"079","7am",0,98.8519319,1.1480681
"080","7am",0,100,0
"081","7am",0,100,0
"082","7am",100,0,0
"083","7am",0.4142003,99.5857997,0
"084","7am",1.1419553,98.8580447,0
"085","7am",0.4071932,99.2076534,0.3851534
"086","7am",0,100,0
"087","7am",0.5015989,96.0429501,3.4554511
"088","7am",0,99.2244123,0.7755877
"089","7am",0,99.094594,0.905406
"090","7am",0.2070006,98.1903433,1.6026561
"091","7am",0,98.5032627,1.4967373
"092","7am",0,100,0
"093","7am",0,99.3421943,0.6578057
"094","7am",0,99.4818349,0.5181651
"095","7am",0,100,0
"096","7am",0.3378338,98.3754717,1.2866945
"097","7am",0,99.7178748,0.2821252
"098","7am",0,99.2207215,0.7792785
"099","7am",0,99.5127421,0.4872579
"100","7am",0,98.9390993,1.0609007
"101","7am",0,100,0
"102","7am",0,100,0
"103","7am",0,100,0
"104","7am",0,98.888431,1.111569
"001","8am",0,14.011348,85.988652
"002","8am",3.666611,20.1409758,76.1924133
"003","8am",2.0159273,6.134634,91.8494387
"004","8am",5.8087881,0.9570438,93.2341681
"005","8am",4.1192999,4.9154169,90.9652832
"006","8am",3.8596824,6.7843406,89.355977
"007","8am",4.4190067,8.9256982,86.655295
"008","8am",2.8686502,0.666564,96.4647857
"009","8am",1.8448817,4.4047971,93.7503212
"010","8am",2.9928054,10.7243244,86.2828703
"011","8am",1.1690844,5.7847283,93.0461873
"012","8am",4.3477935,2.18501,93.4671965
"013","8am",2.1075662,6.4455595,91.4468743
"014","8am",9.782579,2.4717499,87.7456711
"015","8am",10.3827602,13.7986934,75.8185464
"016","8am",1.8531553,4.8744353,93.2724093
"017","8am",0,6.5391767,93.4608233
"018","8am",1.2036327,5.8563163,92.940051
"019","8am",1.4709951,5.4902476,93.0387572
"020","8am",0,8.7126235,91.2873765
"021","8am",0,13.1096222,86.8903778
"022","8am",1.2415274,10.4751687,88.2833039
"023","8am",4.2672119,6.1972009,89.5355872
"024","8am",0,8.500677,91.499323
"025","8am",1.2443094,3.8804764,94.8752142
"026","8am",0,1.7859372,98.2140628
"027","8am",2.1723056,11.9575256,85.8701687
"028","8am",0,3.416595,96.583405
"029","8am",0,7.2383518,92.7616482
"030","8am",3.0894527,16.5220831,80.3884642
"031","8am",5.0177846,30.4328851,64.5493302
"032","8am",1.1186142,4.4357612,94.4456246
"033","8am",1.226126,2.8714271,95.902447
"034","8am",0,0,100
"035","8am",4.4608897,25.5046326,70.0344778
"036","8am",4.7904463,89.6773049,5.5322488
"037","8am",4.7664906,87.1711455,8.0623639
"038","8am",4.6589555,83.7229506,11.6180939
"039","8am",5.0106618,82.7747139,12.2146244
"040","8am",0,93.2591639,6.7408361
"041","8am",6.8048208,81.8244735,11.3707057
"042","8am",11.2531784,79.4715164,9.2753052
"043","8am",89.5523431,3.5091494,6.9385075
"044","8am",0.7014013,95.7565167,3.542082
"045","8am",7.9891762,88.1451389,3.8656849
"046","8am",0.8919666,92.8688673,6.2391662
"047","8am",0,95.0556211,4.9443789
"048","8am",0.6545273,92.4626848,6.8827879
"049","8am",0.7152992,97.1194939,2.1652069
"050","8am",0,97.9817129,2.0182871
"051","8am",0.8033573,97.180267,2.0163757
"052","8am",2.0705935,97.9294065,0
"053","8am",93.388941,2.7585118,3.8525472
"054","8am",92.4568024,2.0035175,5.5396801
"055","8am",71.7075793,16.7887073,11.5037134
"056","8am",0.6619872,98.2122261,1.1257867
"057","8am",0.7167608,94.8400026,4.4432366
"058","8am",0.8335723,92.17492,6.9915078
"059","8am",0.3121082,93.3837042,6.3041876
"060","8am",0.2868792,96.9563495,2.7567713
"061","8am",1.3861949,94.6157458,3.9980593
"062","8am",0,94.406434,5.593566
"063","8am",0,100,0
"064","8am",0,92.8570404,7.1429596
"065","8am",0,100,0
"066","8am",0,100,0
"067","8am",0,96.8204249,3.1795751
"068","8am",0,97.7307816,2.2692184
"069","8am",0,56.6222073,43.3777927
"070","8am",0,31.3544062,68.6455938
"071","8am",0,61.8161606,38.1838394
"072","8am",0,70.7371512,29.2628488
"073","8am",0,100,0
"074","8am",0,100,0
"075","8am",0.1779211,97.3626273,2.4594516
"076","8am",0.4555252,91.7820998,7.762375
"077","8am",0.3625357,97.6852276,1.9522367
"078","8am",0.5314465,97.2289698,2.2395837
"079","8am",0,98.2068745,1.7931255
"080","8am",0,100,0
"081","8am",0,100,0
"082","8am",100,0,0
"083","8am",0.4019741,99.5980259,0
"084","8am",1.1730802,97.4381708,1.3887489
"085","8am",0.5959111,99.0135892,0.3904997
"086","8am",0.4868977,99.5131023,0
"087","8am",0.4736623,96.2633384,3.2629993
"088","8am",0.4035747,98.7679882,0.8284371
"089","8am",0,99.2288586,0.7711414
"090","8am",0.189389,98.1216325,1.6889785
"091","8am",0,97.9302948,2.0697052
"092","8am",0.1134343,99.8865657,0
"093","8am",0,99.2725503,0.7274497
"094","8am",0,99.4948989,0.5051011
"095","8am",0,100,0
"096","8am",0.4104934,96.5036215,3.085885
"097","8am",0,98.9521629,1.0478371
"098","8am",0.2426828,98.8827612,0.874556
"099","8am",0,99.5125225,0.4874775
"100","8am",0,97.4377582,2.5622418
"101","8am",0,100,0
"102","8am",0,100,0
"103","8am",0,100,0
"104","8am",0.5567337,98.2512405,1.1920258
"001","9am",0,16.474968,83.525032
"002","9am",2.9000802,21.837413,75.2625069
"003","9am",2.0958396,7.367743,90.5364175
"004","9am",6.189901,3.233972,90.5761267
"005","9am",4.1120849,8.61194,87.2759753
"006","9am",4.6591297,10.527253,84.8136176
"007","9am",3.5247521,11.360331,85.1149166
"008","9am",2.4977395,0.84102,96.6612405
"009","9am",1.7588517,7.30673,90.9344181
"010","9am",3.1417472,11.116957,85.7412962
"011","9am",1.2812911,8.084189,90.6345201
"012","9am",4.5142688,6.330852,89.1548797
"013","9am",1.5725737,6.266005,92.161421
"014","9am",12.68688,3.096664,84.216456
"015","9am",10.4315103,16.702328,72.8661616
"016","9am",3.4358912,5.790878,90.773231
"017","9am",0,8.944665,91.0553355
"018","9am",1.2820846,6.238027,92.4798883
"019","9am",2.8478935,5.92473,91.2273765
"020","9am",0,9.909818,90.0901824
"021","9am",1.1866813,12.207987,86.6053318
"022","9am",2.2012293,11.155409,86.6433618
"023","9am",4.1969823,7.83988,87.9631378
"024","9am",0,11.947772,88.0522279
"025","9am",1.3244785,5.677068,92.9984532
"026","9am",0,2.537085,97.4629145
"027","9am",5.8931979,13.469178,80.6376241
"028","9am",0,4.664517,95.3354834
"029","9am",0,9.361142,90.6388581
"030","9am",3.0805418,21.558648,75.3608105
"031","9am",3.8880378,33.215635,62.8963273
"032","9am",1.2917123,5.122166,93.5861218
"033","9am",0,4.177927,95.8220726
"034","9am",0,0,100
"035","9am",6.8653496,27.106264,66.0283864
"036","9am",5.6145289,88.392994,5.9924773
"037","9am",4.4515541,86.53272,9.0157255
"038","9am",5.8797551,82.010432,12.1098133
"039","9am",5.569007,80.018488,14.4125054
"040","9am",0,93.172143,6.8278571
"041","9am",8.4490783,67.202107,24.348815
"042","9am",11.5827272,76.257922,12.1593512
"043","9am",89.375898,3.221052,7.4030503
"044","9am",0.8430185,91.65341,7.5035718
"045","9am",5.2883856,90.103537,4.6080777
"046","9am",0.8596768,93.964004,5.1763189
"047","9am",0,93.49089,6.5091104
"048","9am",0.6106217,92.929911,6.4594671
"049","9am",0.7544996,94.137166,5.1083347
"050","9am",0,97.806304,2.1936963
"051","9am",0.8116055,96.304109,2.8842857
"052","9am",2.194592,97.805408,0
"053","9am",92.3517581,3.600852,4.0473901
"054","9am",90.8185997,2.497652,6.6837484
"055","9am",67.4985617,18.448617,14.0528215
"056","9am",0.654106,97.75526,1.5906337
"057","9am",0.8149641,93.210995,5.9740407
"058","9am",1.8009211,89.587751,8.6113274
"059","9am",0.4282597,94.125008,5.4467326
"060","9am",0.305406,95.085714,4.6088801
"061","9am",1.3864782,94.126154,4.4873681
"062","9am",0,95.700446,4.2995544
"063","9am",0,100,0
"064","9am",0,87.023362,12.9766382
"065","9am",0,100,0
"066","9am",0,99.343888,0.6561122
"067","9am",0,96.775614,3.2243859
"068","9am",0,97.370956,2.6290441
"069","9am",0,56.622207,43.3777927
"070","9am",0,48.530523,51.4694768
"071","9am",0,39.90662,60.0933801
"072","9am",0,46.38988,53.6101197
"073","9am",0,100,0
"074","9am",0,100,0
"075","9am",0.2127532,96.351785,3.4354613
"076","9am",0.8056654,91.940628,7.2537064
"077","9am",1.5271886,96.108547,2.3642648
"078","9am",0.5284299,96.80982,2.6617498
"079","9am",0,98.164224,1.8357765
"080","9am",0,82.653129,17.3468709
"081","9am",0,73.283184,26.7168157
"082","9am",100,0,0
"083","9am",0.7271756,99.272824,0
"084","9am",1.1206665,97.552635,1.326699
"085","9am",0.5844481,99.415552,0
"086","9am",0.4226389,99.577361,0
"087","9am",0.6768982,96.039414,3.2836876
"088","9am",0.7147302,98.519399,0.7658707
"089","9am",0,99.264657,0.7353432
"090","9am",0.2001134,98.068593,1.7312936
"091","9am",0,97.870876,2.1291236
"092","9am",0.1150795,99.099123,0.7857977
"093","9am",0,99.143184,0.8568161
"094","9am",0,99.480042,0.5199584
"095","9am",0,100,0
"096","9am",0.578134,95.869694,3.5521715
"097","9am",0,98.902961,1.0970389
"098","9am",0.2362437,98.41116,1.3525963
"099","9am",0,99.431762,0.5682379
"100","9am",0,95.634344,4.3656556
"101","9am",0,100,0
"102","9am",8.5446997,58.468968,32.9863326
"103","9am",0,90.425513,9.5744874
"104","9am",0.5290532,97.741868,1.7290788
"001","10am",2.3852782,13.737406,83.8773156
"002","10am",4.4396459,21.678534,73.88182
"003","10am",1.8375509,8.165749,89.9967001
"004","10am",6.3309708,5.626901,88.0421277
"005","10am",4.3680667,7.498418,88.1335157
"006","10am",5.2833548,12.725972,81.9906731
"007","10am",2.7466124,11.91786,85.3355278
"008","10am",2.2066768,2.268343,95.5249804
"009","10am",1.874715,7.477631,90.6476543
"010","10am",3.0676469,10.854756,86.0775974
"011","10am",2.3801735,9.756723,87.8631034
"012","10am",4.4589581,4.623209,90.9178331
"013","10am",1.6704682,6.152546,92.1769863
"014","10am",11.1676407,6.014192,82.8181674
"015","10am",11.0799349,20.673595,68.2464699
"016","10am",4.3925646,6.719904,88.8875318
"017","10am",0,6.492102,93.507898
"018","10am",1.4576017,7.959754,90.5826448
"019","10am",2.9315375,9.497765,87.5706978
"020","10am",0,12.806538,87.1934622
"021","10am",1.2618586,14.722966,84.0151759
"022","10am",1.3990035,12.159573,86.4414231
"023","10am",6.2930298,9.428298,84.2786725
"024","10am",0,14.28865,85.7113502
"025","10am",1.3522587,5.796142,92.8515996
"026","10am",0,3.057177,96.9428229
"027","10am",6.1126357,11.71436,82.1730044
"028","10am",0,4.652207,95.3477928
"029","10am",1.0823128,10.474739,88.4429478
"030","10am",4.3172377,21.132178,74.5505839
"031","10am",3.9841819,31.850361,64.1654569
"032","10am",1.3241584,5.250828,93.4250141
"033","10am",0,5.002697,94.9973029
"034","10am",0,0,100
"035","10am",6.3561907,28.575616,65.0681931
"036","10am",4.6944807,89.040701,6.2648183
"037","10am",3.4132841,86.566277,10.0204385
"038","10am",7.9374788,75.320407,16.7421146
"039","10am",5.0328006,78.955974,16.0112252
"040","10am",0,92.734986,7.2650137
"041","10am",13.0396164,65.537461,21.4229221
"042","10am",17.8842452,69.547883,12.5678714
"043","10am",87.3593321,4.165674,8.4749934
"044","10am",0.9503336,90.212403,8.8372631
"045","10am",5.534338,89.643272,4.8223904
"046","10am",0.8716143,93.880188,5.2481975
"047","10am",0,93.48344,6.5165603
"048","10am",0.6120192,92.36648,7.021501
"049","10am",0.7449177,96.155996,3.099086
"050","10am",0,97.732541,2.2674595
"051","10am",0.8508594,96.125355,3.0237861
"052","10am",2.329666,97.670334,0
"053","10am",91.5429501,3.796215,4.6608351
"054","10am",90.1580941,2.677332,7.164574
"055","10am",67.225436,18.593244,14.1813203
"056","10am",0.6974456,97.520059,1.7824957
"057","10am",0.8528963,92.228118,6.918986
"058","10am",1.8841674,90.626922,7.4889109
"059","10am",0.2847845,94.098255,5.6169609
"060","10am",0.2942265,95.265603,4.4401704
"061","10am",1.4104306,94.140432,4.4491377
"062","10am",0,95.127483,4.8725167
"063","10am",0,100,0
"064","10am",0,87.152987,12.8470128
"065","10am",0,100,0
"066","10am",0,99.323774,0.6762258
"067","10am",0,96.72901,3.2709905
"068","10am",0,97.182195,2.8178054
"069","10am",0,28.591345,71.4086552
"070","10am",11.58117,36.129558,52.2892716
"071","10am",0,40.951825,59.0481752
"072","10am",0,46.38988,53.6101197
"073","10am",0,100,0
"074","10am",0,100,0
"075","10am",0.2112121,94.572083,5.216705
"076","10am",1.0899259,91.833006,7.0770678
"077","10am",1.6002953,95.268673,3.1310312
"078","10am",0.5398186,96.741065,2.719116
"079","10am",0,98.225888,1.7741119
"080","10am",0,82.653129,17.3468709
"081","10am",0,80.028091,19.9719088
"082","10am",100,0,0
"083","10am",0.7381411,99.261859,0
"084","10am",1.2081277,94.558253,4.2336189
"085","10am",0.621924,99.378076,0
"086","10am",0.3695429,99.630457,0
"087","10am",0.7018422,95.893465,3.404693
"088","10am",0.6909419,98.568678,0.7403803
"089","10am",0,99.321475,0.6785246
"090","10am",0.184215,98.222038,1.5937475
"091","10am",0,97.880491,2.1195086
"092","10am",0,99.1892,0.8107999
"093","10am",0,99.13764,0.8623597
"094","10am",0,99.462278,0.537722
"095","10am",0,100,0
"096","10am",0.4134167,96.065439,3.5211446
"097","10am",0,98.885698,1.1143022
"098","10am",0,98.619868,1.3801319
"099","10am",0,99.367393,0.6326069
"100","10am",0,96.075638,3.9243619
"101","10am",0,100,0
"102","10am",9.704918,52.829792,37.4652904
"103","10am",0,100,0
"104","10am",0.5389185,97.424368,2.0367134
"001","11am",3.3834708,19.552723,77.0638057
"002","11am",5.592472,21.898952,72.5085759
"003","11am",2.0360562,8.483748,89.4801962
"004","11am",6.3214643,5.900199,87.7783362
"005","11am",3.5997759,7.629385,88.7708388
"006","11am",5.1400798,12.093114,82.7668065
"007","11am",2.8401875,11.754288,85.4055244
"008","11am",3.6942299,4.663298,91.6424725
"009","11am",1.7471331,9.345305,88.9075616
"010","11am",3.1996759,12.811546,83.9887778
"011","11am",1.2549155,9.281769,89.4633157
"012","11am",4.357707,3.367784,92.2745088
"013","11am",1.6516377,6.61314,91.7352221
"014","11am",11.7036115,7.559068,80.737321
"015","11am",10.6411332,16.790064,72.568803
"016","11am",3.3865328,7.623118,88.9903487
"017","11am",0,6.438167,93.5618334
"018","11am",1.3390397,8.09316,90.5678002
"019","11am",2.8108387,5.847642,91.3415198
"020","11am",1.353793,12.161152,86.4850554
"021","11am",0,14.391437,85.6085632
"022","11am",1.2815434,11.138658,87.5797983
"023","11am",4.6982392,8.925563,86.3761981
"024","11am",0,11.225136,88.7748636
"025","11am",2.5481187,4.423649,93.0282324
"026","11am",0,2.126455,97.8735445
"027","11am",3.5963387,10.092131,86.3115302
"028","11am",0,5.016551,94.9834491
"029","11am",0,10.432546,89.5674541
"030","11am",4.3383089,21.579003,74.0826881
"031","11am",3.8739651,32.917847,63.208188
"032","11am",1.2798091,5.074965,93.6452264
"033","11am",0,7.559592,92.4404084
"034","11am",0,0,100
"035","11am",6.5318265,27.183925,66.284248
"036","11am",4.8883297,89.649675,5.4619955
"037","11am",3.908919,88.012727,8.0783536
"038","11am",6.460966,76.400886,17.1381475
"039","11am",4.9871815,78.015035,16.9977831
"040","11am",0,92.705754,7.2942464
"041","11am",8.727649,71.93387,19.338481
"042","11am",9.8883199,77.054974,13.0567065
"043","11am",87.312629,5.049172,7.6381994
"044","11am",2.1009516,91.4194,6.4796487
"045","11am",4.0681834,91.660609,4.2712077
"046","11am",0.9448286,92.682909,6.3722625
"047","11am",0,94.355078,5.6449222
"048","11am",0.6175273,91.814873,7.5675996
"049","11am",0.7773532,95.394279,3.8283682
"050","11am",0,97.893722,2.1062775
"051","11am",0.8930495,95.933229,3.1737216
"052","11am",2.3996376,97.600362,0
"053","11am",89.9545293,5.022871,5.0225996
"054","11am",90.537538,2.927266,6.5351957
"055","11am",66.9114046,19.078708,14.0098873
"056","11am",0.6463817,96.598893,2.7547254
"057","11am",3.1091141,90.492868,6.3980183
"058","11am",1.7337738,89.795923,8.4703033
"059","11am",0.2871556,94.049118,5.663726
"060","11am",0.2971792,95.218091,4.4847296
"061","11am",1.4513185,94.332991,4.2156903
"062","11am",0,94.99519,5.0048098
"063","11am",0,100,0
"064","11am",0,87.227825,12.7721748
"065","11am",0,100,0
"066","11am",0,99.358698,0.6413019
"067","11am",0,96.469236,3.5307645
"068","11am",0.2981056,96.284605,3.4172893
"069","11am",0,32.773718,67.2262825
"070","11am",0,40.861837,59.1381628
"071","11am",0,40.951825,59.0481752
"072","11am",0,46.38988,53.6101197
"073","11am",0,100,0
"074","11am",0,100,0
"075","11am",0.5873987,94.152548,5.2600536
"076","11am",1.1146391,91.647827,7.2375343
"077","11am",1.6429448,95.813586,2.5434688
"078","11am",0.5528081,97.259255,2.1879367
"079","11am",0,98.052102,1.9478982
"080","11am",0,82.653129,17.3468709
"081","11am",0,80.028091,19.9719088
"082","11am",100,0,0
"083","11am",0.7205761,99.279424,0
"084","11am",1.2345185,95.900864,2.8646172
"085","11am",0.9159364,99.084064,0
"086","11am",0.3826944,99.617306,0
"087","11am",0.7071284,95.862535,3.4303365
"088","11am",0.7424162,98.462046,0.7955377
"089","11am",0,97.228321,2.7716794
"090","11am",0.4289775,97.313488,2.257535
"091","11am",0,97.853842,2.1461581
"092","11am",0,99.216336,0.7836639
"093","11am",0,97.639424,2.3605757
"094","11am",0,99.454702,0.5452975
"095","11am",0,98.428592,1.5714077
"096","11am",0.406938,96.448231,3.1448309
"097","11am",0,98.628871,1.3711292
"098","11am",0,98.923244,1.0767558
"099","11am",0,99.458263,0.5417371
"100","11am",0.1150701,95.729091,4.155839
"101","11am",0,100,0
"102","11am",8.8055766,57.20099,33.9934333
"103","11am",0,87.697613,12.302387
"104","11am",0.5221014,97.446091,2.0318077
"001","12am",4.6149051,16.749482,78.6356129
"002","12am",3.6904998,25.8401812,70.4693191
"003","12am",2.0887675,7.8574362,90.0537963
"004","12am",3.9670521,8.9739455,87.0590024
"005","12am",4.3294775,7.8605354,87.809987
"006","12am",7.6453489,10.7555111,81.59914
"007","12am",4.962711,11.2978777,83.7394113
"008","12am",0.7607853,2.2955653,96.9436494
"009","12am",1.9338576,9.8514679,88.2146745
"010","12am",3.2591345,10.8772697,85.8635958
"011","12am",1.3654912,6.2199186,92.4145902
"012","12am",4.1159646,2.6163151,93.2677203
"013","12am",2.8381073,6.0954789,91.0664139
"014","12am",10.3034065,4.2149849,85.4816086
"015","12am",10.0487599,12.0365465,77.9146935
"016","12am",2.70023,6.7809803,90.5187896
"017","12am",1.2003414,4.4799634,94.3196952
"018","12am",0,8.1346225,91.8653775
"019","12am",2.3860683,3.9106352,93.7032965
"020","12am",1.4978487,10.5128419,87.9893094
"021","12am",0,13.3839539,86.6160461
"022","12am",1.1987849,14.3373411,84.463874
"023","12am",4.158557,7.6368498,88.2045931
"024","12am",1.2298979,12.6912188,86.0788833
"025","12am",2.4805682,5.255897,92.2635348
"026","12am",0,1.8273501,98.1726499
"027","12am",1.7088861,8.1230576,90.1680563
"028","12am",0,1.8784638,98.1215362
"029","12am",0,9.9764585,90.0235415
"030","12am",2.2286976,17.4231931,80.3481093
"031","12am",4.0416778,28.8559635,67.1023587
"032","12am",0,0.9920379,99.0079621
"033","12am",0,7.7079648,92.2920352
"034","12am",0,0,100
"035","12am",7.9937506,26.8894355,65.1168139
"036","12am",2.8419333,92.1074665,5.0506003
"037","12am",2.5567414,92.2261084,5.2171503
"038","12am",6.1812552,80.4415411,13.3772037
"039","12am",4.6824049,78.9969703,16.3206247
"040","12am",0,94.5893566,5.4106434
"041","12am",8.1636427,76.3571982,15.4791591
"042","12am",10.4504937,79.4305483,10.118958
"043","12am",85.8274158,3.8256825,10.3469018
"044","12am",0,92.7544204,7.2455796
"045","12am",4.4737076,92.2323308,3.2939616
"046","12am",0.7899792,94.6769066,4.5331143
"047","12am",0.9435867,94.1133551,4.9430583
"048","12am",0.674375,89.7937364,9.5318886
"049","12am",0.7588561,95.4290466,3.8120973
"050","12am",0,98.2946818,1.7053182
"051","12am",0.8052594,96.3330075,2.8617331
"052","12am",2.2610721,96.0692862,1.6696417
"053","12am",90.9841427,3.9485908,5.0672665
"054","12am",91.9194839,2.2805119,5.8000042
"055","12am",69.1647776,15.7447162,15.0905062
"056","12am",0.6971825,95.9936604,3.3091571
"057","12am",2.8319525,90.976443,6.1916045
"058","12am",1.8271201,90.4344236,7.7384563
"059","12am",0.3417814,92.7780391,6.8801795
"060","12am",0.2595771,95.3867423,4.3536806
"061","12am",1.3898197,95.0627968,3.5473835
"062","12am",0,93.196252,6.803748
"063","12am",0,100,0
"064","12am",0,88.6416589,11.3583411
"065","12am",0,100,0
"066","12am",0,99.3295195,0.6704805
"067","12am",0,92.0460733,7.9539267
"068","12am",0.8194037,95.7288302,3.4517661
"069","12am",0,47.7316479,52.2683521
"070","12am",0,35.4772428,64.5227572
"071","12am",0,44.6691865,55.3308135
"072","12am",0,58.1065118,41.8934882
"073","12am",0,100,0
"074","12am",0,100,0
"075","12am",0.5222131,96.7735971,2.7041898
"076","12am",0.8091336,91.9087024,7.282164
"077","12am",1.4812688,93.4046308,5.1141003
"078","12am",0.5251796,97.1622107,2.3126097
"079","12am",0,98.1904542,1.8095458
"080","12am",0,81.3875754,18.6124246
"081","12am",0,80.0280912,19.9719088
"082","12am",93.321049,6.678951,0
"083","12am",0.2965927,99.7034073,0
"084","12am",1.7747828,95.4797078,2.7455094
"085","12am",0.7300358,99.2699642,0
"086","12am",0.4147146,99.5852854,0
"087","12am",1.4527804,96.2126562,2.3345634
"088","12am",0.1662046,99.0929017,0.7408937
"089","12am",0,98.4209261,1.5790739
"090","12am",0.214646,97.3546209,2.4307332
"091","12am",0,97.8888064,2.1111936
"092","12am",0,98.9752328,1.0247672
"093","12am",0,97.7434303,2.2565697
"094","12am",0,99.4610074,0.5389926
"095","12am",0,99.6028877,0.3971123
"096","12am",0.4080694,97.2725496,2.319381
"097","12am",0,98.6286992,1.3713008
"098","12am",0,98.8793171,1.1206829
"099","12am",0,99.4793321,0.5206679
"100","12am",0.7325764,94.3541691,4.9132545
"101","12am",0,85.5867746,14.4132254
"102","12am",8.8055766,57.2009901,33.9934333
"103","12am",0,89.5538536,10.4461464
"104","12am",0,97.9212918,2.0787082
"001","1pm",3.5468966,14.211635,82.241468
"002","1pm",3.9015299,24.895518,71.2029525
"003","1pm",1.1759384,7.963543,90.8605186
"004","1pm",5.5531604,8.931318,85.5155219
"005","1pm",4.4928928,9.724469,85.7826378
"006","1pm",4.3447349,11.144366,84.5108989
"007","1pm",4.8172642,12.160963,83.0217731
"008","1pm",2.042209,2.616378,95.3414125
"009","1pm",1.9035689,8.478555,89.617876
"010","1pm",3.3079994,9.997304,86.6946962
"011","1pm",1.4310591,6.518585,92.0503559
"012","1pm",5.8505621,2.083379,92.0660589
"013","1pm",2.6289874,2.739884,94.631129
"014","1pm",6.0454806,5.29488,88.6596393
"015","1pm",9.2383511,12.093082,78.6685668
"016","1pm",2.7531351,8.62098,88.6258852
"017","1pm",3.4651194,5.991907,90.542974
"018","1pm",0,6.842557,93.157443
"019","1pm",2.5504314,4.472247,92.9773221
"020","1pm",1.3399107,13.230856,85.4292336
"021","1pm",0,16.378811,83.6211895
"022","1pm",1.2272222,15.963088,82.8096901
"023","1pm",5.5531069,8.871038,85.5758553
"024","1pm",1.4450018,14.148528,84.4064703
"025","1pm",2.5292655,4.310855,93.159879
"026","1pm",0,1.908449,98.0915514
"027","1pm",2.1083127,12.557867,85.3338201
"028","1pm",0,3.451756,96.5482441
"029","1pm",0,9.816011,90.1839888
"030","1pm",3.2090963,17.229474,79.5614296
"031","1pm",5.3707568,30.03664,64.5926028
"032","1pm",0,1.103416,98.8965841
"033","1pm",1.1919768,5.800378,93.0076449
"034","1pm",0,0,100
"035","1pm",7.5624756,28.72547,63.7120548
"036","1pm",2.806601,91.39422,5.7991786
"037","1pm",2.4169011,88.53162,9.0514788
"038","1pm",5.460351,80.526604,14.0130449
"039","1pm",5.1758412,78.413932,16.4102265
"040","1pm",0,94.575111,5.4248893
"041","1pm",11.476836,72.638066,15.8850976
"042","1pm",6.7029535,84.726622,8.570424
"043","1pm",85.1550843,5.057457,9.787459
"044","1pm",0,91.595,8.4050001
"045","1pm",4.6279027,91.052303,4.3197939
"046","1pm",0.9419348,93.652988,5.4050768
"047","1pm",0,94.976724,5.023276
"048","1pm",3.5664583,90.035625,6.397917
"049","1pm",1.1008954,95.963876,2.9352284
"050","1pm",0,98.290482,1.7095176
"051","1pm",0.8385984,95.181524,3.979878
"052","1pm",2.1925533,96.896779,0.9106681
"053","1pm",89.74215,5.086754,5.1710961
"054","1pm",91.8813833,1.299494,6.819123
"055","1pm",69.677268,15.952778,14.3699543
"056","1pm",0.6815508,96.413842,2.9046076
"057","1pm",2.9888819,89.958074,7.053044
"058","1pm",0.7932187,91.409149,7.7976327
"059","1pm",0,93.281781,6.7182187
"060","1pm",0.2827939,96.369854,3.3473521
"061","1pm",1.4132525,94.979554,3.6071936
"062","1pm",0,93.52459,6.4754101
"063","1pm",1.5620072,97.902179,0.5358137
"064","1pm",0,89.540381,10.4596189
"065","1pm",0,100,0
"066","1pm",0,99.3395,0.6604998
"067","1pm",0,92.219528,7.7804717
"068","1pm",0.845026,95.269223,3.8857507
"069","1pm",0,47.731648,52.2683521
"070","1pm",0,35.477243,64.5227572
"071","1pm",0,44.669186,55.3308135
"072","1pm",0,58.106512,41.8934882
"073","1pm",0,100,0
"074","1pm",0,100,0
"075","1pm",0.4849675,97.003713,2.5113196
"076","1pm",0.8182064,92.020075,7.1617182
"077","1pm",1.5205019,94.441074,4.038424
"078","1pm",0.5558687,96.996383,2.447748
"079","1pm",0,98.175182,1.8248177
"080","1pm",0,82.653129,17.3468709
"081","1pm",0,69.824458,30.1755425
"082","1pm",100,0,0
"083","1pm",0.5540022,99.445998,0
"084","1pm",1.0477681,96.520956,2.4312754
"085","1pm",0.4171514,99.582849,0
"086","1pm",2.323159,97.676841,0
"087","1pm",0.9295531,96.789054,2.2813932
"088","1pm",0.4014374,98.76696,0.831603
"089","1pm",0,98.281222,1.7187785
"090","1pm",0.1951041,97.595463,2.2094328
"091","1pm",0,97.766836,2.2331644
"092","1pm",0,98.990848,1.0091518
"093","1pm",0,97.79334,2.2066596
"094","1pm",0,98.939263,1.0607371
"095","1pm",0,99.623734,0.3762665
"096","1pm",0.2293417,97.42992,2.340738
"097","1pm",0,98.67357,1.3264304
"098","1pm",0,98.886855,1.1131445
"099","1pm",0,98.679817,1.3201829
"100","1pm",1.1194024,94.118154,4.7624436
"101","1pm",0,85.586775,14.4132254
"102","1pm",8.8055766,57.20099,33.9934333
"103","1pm",0,100,0
"104","1pm",0,98.211401,1.7885993
"001","2pm",3.5436949,12.653082,83.8032228
"002","2pm",4.3652223,21.076895,74.5578824
"003","2pm",1.1309049,9.779254,89.089841
"004","2pm",8.4878001,9.425479,82.0867206
"005","2pm",4.4140489,12.175144,83.4108067
"006","2pm",4.865771,11.947328,83.1869012
"007","2pm",3.0726373,9.324542,87.6028205
"008","2pm",3.6742632,2.856309,93.4694276
"009","2pm",1.9667674,9.809143,88.2240899
"010","2pm",3.0688272,10.44742,86.4837533
"011","2pm",1.3022246,7.261934,91.4358416
"012","2pm",6.5029615,1.528591,91.9684479
"013","2pm",3.8234323,5.101545,91.0750229
"014","2pm",8.6345708,8.880916,82.4845135
"015","2pm",9.5730328,11.730586,78.6963808
"016","2pm",2.7553306,9.71826,87.5264092
"017","2pm",3.637723,5.022487,91.3397903
"018","2pm",0,7.573492,92.4265075
"019","2pm",2.6971845,4.729582,92.5732335
"020","2pm",1.3970844,14.429381,84.1735348
"021","2pm",0,16.396481,83.6035185
"022","2pm",1.3255309,12.613857,86.0606116
"023","2pm",8.1352355,7.68887,84.1758943
"024","2pm",3.3612922,13.703462,82.9352458
"025","2pm",2.3912308,6.730648,90.8781215
"026","2pm",0,0,100
"027","2pm",0.4878316,14.217774,85.2943941
"028","2pm",0,3.812693,96.1873065
"029","2pm",0.6843269,10.679993,88.6356801
"030","2pm",3.3415629,20.923781,75.7346556
"031","2pm",4.4631226,31.582014,63.9548629
"032","2pm",0,1.356579,98.6434207
"033","2pm",1.2516056,6.625705,92.1226896
"034","2pm",0,0,100
"035","2pm",7.4498813,29.609025,62.9410937
"036","2pm",5.8659955,86.461244,7.6727603
"037","2pm",2.3849467,87.61874,9.9963131
"038","2pm",6.7164778,77.516321,15.7672014
"039","2pm",4.4714992,77.817759,17.7107419
"040","2pm",0,90.084513,9.9154865
"041","2pm",8.3519727,66.594255,25.0537726
"042","2pm",6.1637057,83.525663,10.310631
"043","2pm",81.2265678,4.731989,14.0414432
"044","2pm",0,93.725788,6.2742124
"045","2pm",5.2537164,90.239653,4.5066304
"046","2pm",1.5444212,91.799483,6.6560954
"047","2pm",0,94.933858,5.0661424
"048","2pm",0.5873135,94.232901,5.1797856
"049","2pm",0.7946216,94.766806,4.4385722
"050","2pm",0.4468692,97.659836,1.8932944
"051","2pm",0.8780835,95.478014,3.6439024
"052","2pm",2.285972,96.764559,0.9494692
"053","2pm",87.7191618,6.847855,5.4329829
"054","2pm",91.4592299,1.367065,7.1737051
"055","2pm",68.4990976,16.390643,15.1102598
"056","2pm",0.7064132,95.553018,3.7405689
"057","2pm",3.1757529,90.468636,6.3556111
"058","2pm",0.7816642,92.198972,7.0193634
"059","2pm",0,95.415879,4.5841211
"060","2pm",0.3086998,95.51123,4.18007
"061","2pm",1.89561,93.367342,4.7370481
"062","2pm",0,93.844536,6.1554639
"063","2pm",1.5046319,97.138707,1.3566613
"064","2pm",3.1842684,86.365865,10.449867
"065","2pm",0,98.854628,1.1453718
"066","2pm",0,98.517775,1.4822249
"067","2pm",0,97.204937,2.7950626
"068","2pm",1.0540105,95.431163,3.5148265
"069","2pm",0,34.551565,65.4484351
"070","2pm",0,35.477243,64.5227572
"071","2pm",0,50.394882,49.6051178
"072","2pm",0,46.38988,53.6101197
"073","2pm",0,100,0
"074","2pm",0,97.079658,2.9203421
"075","2pm",0.5089364,95.140792,4.3502711
"076","2pm",0.8302009,91.037493,8.1323058
"077","2pm",1.4871893,95.63318,2.879631
"078","2pm",0.5504653,97.378588,2.0709463
"079","2pm",0,98.006912,1.9930882
"080","2pm",0,82.653129,17.3468709
"081","2pm",0,69.824458,30.1755425
"082","2pm",100,0,0
"083","2pm",0.3110381,99.186634,0.5023276
"084","2pm",0,97.597222,2.4027778
"085","2pm",0.4130622,99.586938,0
"086","2pm",1.4325427,98.567457,0
"087","2pm",1.2243459,97.621487,1.1541675
"088","2pm",0.7901465,98.361499,0.8483546
"089","2pm",0,98.155783,1.8442167
"090","2pm",0.1805184,98.303762,1.5157192
"091","2pm",0,97.732,2.2679996
